-12399.2 155121.0
-12153.2 155104.0
-12706.4 155048.0
-13485.7 153981.0
-13486.8 155101.0
-11337.2 155259.0
-9048.47 161237.0
-6606.12 160939.0
-6161.95 161355.0
-6381.25 161055.0
-8107.82 161070.0
-10429.9 161538.0
-11287.1 156333.0
-13387.7 155115.0
-13515.7 155126.0
-13830.8 155233.0
-13494.6 153610.0
-13039.3 152801.0
-15495.0 152503.0
-15611.9 147707.0
-15615.2 149375.0
-15606.3 151506.0
-15565.1 156791.0
-15459.4 159930.0
-15274.6 161798.0
-15145.4 161896.0
-12966.9 161656.0
-10683.8 161462.0
-10738.3 159144.0
-10775.0 157003.0
-10802.9 156281.0
-9538.27 154654.0
-8457.36 154567.0
-8438.44 153376.0
-8195.76 153164.0
-8455.13 152134.0
-9025.09 151348.0
-10317.5 150381.0
-10091.5 149805.0
-10948.7 150410.0
-11545.4 150415.0
-11543.1 150419.0
-11290.4 150417.0
-10839.6 150417.0
-10395.4 149382.0
-10476.7 148304.0
-10454.4 144778.0
-10688.2 137337.0
-10732.7 135309.0
-7927.48 135048.0
-3462.45 132503.0
-3628.32 131684.0
-4724.82 132486.0
-4690.31 131615.0
-4710.35 131185.0
-3827.58 130190.0
-3902.17 123184.0
-4261.73 121276.0
-4065.81 119165.0
-4032.41 114677.0
-4050.22 114405.0
-4827.23 115251.0
-4168.22 115817.0
-4078.05 119294.0
-4347.44 123611.0
-1740.34 127383.0
1208.51 128877.0
3925.82 137226.0
2917.27 136402.0
1404.43 133098.0
795.516 133160.0
1391.08 133107.0
2232.65 133933.0
3115.41 134857.0
4029.35 134456.0
4146.23 134610.0
4342.15 134855.0
4408.95 138243.0
4522.49 138457.0
5016.75 138484.0
5025.66 138488.0
5027.88 138497.0
5853.87 138512.0
5930.68 140147.0
5728.08 141053.0
5567.78 142315.0
4384.46 146913.0
4392.25 148315.0
4376.66 150954.0
4896.53 151953.0
5901.74 150969.0
6057.59 150969.0
7505.85 150807.0
7569.31 150083.0
7534.8 149442.0
7055.01 147587.0
5899.51 149328.0
5765.93 148709.0
3205.58 149391.0
3007.43 149411.0
3699.84 149404.0
6398.23 149359.0
9153.38 149219.0
10445.8 149181.0
10974.6 150876.0
9205.7 150724.0
7555.95 149680.0
7498.06 147730.0
4459.04 147073.0
2544.35 146968.0
1420.02 146946.0
-1405.27 146975.0
-1590.06 145425.0
-651.638 145359.0
-135.115 144154.0
-300.981 144328.0
-347.735 144154.0
-936.615 143740.0
-621.581 140124.0
-149.587 138915.0
-600.431 140136.0
-798.579 139842.0
-1801.57 138261.0
-1349.61 135899.0
-2861.33 135921.0
-4340.77 135950.0
-4748.19 140501.0
-5524.09 139612.0
-5497.37 139623.0
-4709.23 140320.0
-4321.84 139185.0
-3877.68 139062.0
-8057.72 139343.0
-10329.8 139428.0
-13699.4 139483.0
-14300.5 139563.0
-14527.6 139692.0
-14925.0 139977.0
-15216.7 140182.0
-15310.2 140260.0
-15399.2 140331.0
-15525.0 140414.0
-15639.7 143564.0
-16030.4 143983.0
-16068.3 143805.0
-15633.0 144248.0
-14916.1 145621.0
-13848.6 145813.0
-12301.2 143773.0
-11575.4 143520.0
-11190.3 144346.0
-15297.9 145243.0
-15601.8 143203.0
-15728.7 140977.0
-16587.0 137638.0
-16730.6 135042.0
-14661.2 138096.0
-11033.3 139492.0
-11242.6 140274.0
-11019.9 140294.0
-10481.1 144811.0
-5686.62 149328.0
-3707.36 149135.0
-3638.34 149900.0
-4368.6 149751.0
-4381.95 149952.0
-3784.17 150348.0
-3599.38 152630.0
-640.506 152639.0
40.7697 151664.0
34.0905 152532.0
16.2794 151595.0
-565.922 151548.0
-1033.46 152269.0
-1032.35 152267.0
-1047.93 152363.0
-1026.78 152585.0
-3.75808 152692.0
4717.3 160992.0
5553.31 162693.0
5613.42 163136.0
5505.44 160026.0
4444.57 158844.0
3962.56 152650.0
1266.4 150223.0
285.673 149647.0
-995.615 149143.0
-716.203 148476.0
1759.54 139134.0
4247.53 134641.0
7038.31 129487.0
9715.55 121258.0
12204.7 111627.0
12744.6 106973.0
18431.9 106032.0
18715.7 106139.0
18722.4 106167.0
18750.2 106208.0
18743.6 106216.0
18780.3 106150.0
18785.9 106161.0
19415.9 106038.0
23895.4 108485.0
24004.5 108429.0
23269.8 107381.0
20217.4 106018.0
15665.6 105894.0
12480.7 108149.0
11770.5 116705.0
15260.4 118735.0
15712.3 119706.0
15883.8 114514.0
15483.0 115187.0
15508.6 115091.0
15937.2 118876.0
15644.4 121318.0
15381.7 121260.0
15169.1 121534.0
14481.1 123135.0
13703.0 124580.0
14771.7 129387.0
10845.4 130228.0
6581.9 130798.0
5723.63 132432.0
4395.59 134850.0
4387.8 135658.0
4406.72 136789.0
4312.1 138635.0
4312.1 138630.0
3606.33 139033.0
821.119 140772.0
-390.037 141923.0
-659.43 142195.0
-1723.64 141665.0
-2902.52 141289.0
-3624.98 141320.0
-4599.03 141329.0
-5318.15 140247.0
-5351.55 140233.0
-4712.57 142509.0
-4757.1 143052.0
-4629.08 143711.0
-3318.85 143555.0
-2853.54 143522.0
-2409.37 143508.0
-935.502 145352.0
-386.697 143366.0
-569.261 143123.0
-872.05 141224.0
-86.1345 140004.0
506.085 139497.0
748.762 138860.0
471.576 136691.0
-538.092 135135.0
799.969 132935.0
1387.74 133485.0
2139.14 134064.0
3110.96 136618.0
2398.52 137907.0
542.821 141142.0
117.58 141857.0
-420.093 141912.0
-78.3421 139931.0
-207.473 140173.0
-1012.31 140567.0
204.409 139474.0
712.026 139753.0
512.764 141153.0
484.934 141189.0
310.163 141707.0
-365.546 139964.0
54.1281 139750.0
589.575 139621.0
203.296 141565.0
1222.98 142803.0
1273.08 145185.0
2225.97 149359.0
3523.96 149168.0
3805.59 149362.0
3066.43 152283.0
3072.0 152525.0
1991.09 151483.0
1646.0 149460.0
1877.54 149226.0
1309.81 147567.0
920.194 148115.0
-1014.54 148545.0
-1168.16 147100.0
-1473.18 148073.0
-5199.04 152746.0
-6050.63 153915.0
-8402.81 154558.0
-9339.01 154583.0
-10374.3 154698.0
-11501.9 159062.0
-11505.3 159058.0
-11514.2 158365.0
-11528.7 156934.0
-14004.4 155950.0
-14390.7 156232.0
-13575.8 155970.0
-14343.9 154547.0
-14118.0 152884.0
-13506.8 153997.0
-14350.6 153872.0
-13219.6 152775.0
-14143.6 152764.0
-15483.8 152490.0
-17313.9 152828.0
-17498.7 152810.0
-19498.0 152795.0
-20547.8 151274.0
-19643.9 149097.0
-19468.0 149095.0
-16569.2 147296.0
-16521.3 147240.0
-15796.7 144969.0
-15639.7 142153.0
-15729.9 142148.0
-15722.1 140828.0
-15960.3 138328.0
-15474.9 136787.0
-16529.1 135407.0
-19512.5 140367.0
-19489.1 148086.0
-19485.8 148173.0
-19616.0 154010.0
-17272.8 155262.0
-18191.1 157526.0
-18195.6 157528.0
-18448.3 157020.0
-18173.3 156822.0
-16621.5 156791.0
-16391.1 156560.0
-17034.5 156453.0
-15010.7 155195.0
-14059.0 155188.0
-14180.3 155106.0
-14132.4 152877.0
-14043.4 153908.0
-14343.9 153251.0
-11872.6 152897.0
-10905.3 152931.0
-10443.3 149295.0
-9686.33 144372.0
-9512.67 144299.0
-7968.67 143317.0
-7947.52 143537.0
-8121.18 142952.0
-6911.13 144697.0
-6301.1 145459.0
-6018.35 146991.0
-3688.43 147465.0
-3624.98 151080.0
-4366.37 150486.0
-4758.21 150404.0
-5931.52 152824.0
-7901.88 152893.0
-8900.41 152886.0
-10505.6 152668.0
-10440.0 154609.0
-12869.0 155046.0
-13585.8 154741.0
-13770.6 155090.0
-18458.3 155153.0
-23228.3 155104.0
-24000.9 155088.0
-24509.6 155237.0
-24551.9 154478.0
-21924.8 152893.0
-19898.8 152819.0
-19655.0 152842.0
-19302.1 152850.0
-19308.8 152855.0
-19301.0 152864.0
-19306.6 152859.0
-18551.8 152481.0
-18384.8 148741.0
-18031.9 148395.0
-16742.9 149208.0
-16667.2 149219.0
-15715.4 149186.0
-14162.5 148237.0
-13888.6 148248.0
-12705.3 146027.0
-7886.29 142008.0
-7808.37 140131.0
-5856.94 134941.0
-4692.54 130393.0
-4069.15 130181.0
-3598.26 124756.0
-2251.3 123186.0
-1829.4 123531.0
-178.53 126982.0
2298.33 127122.0
2661.23 126757.0
6331.43 126993.0
9204.59 123317.0
9380.47 122569.0
11758.3 117157.0
12361.6 109756.0
12380.5 109567.0
15307.1 105940.0
18722.4 106130.0
18773.6 106172.0
18758.0 106239.0
19324.6 106052.0
20057.1 106065.0
24411.9 105442.0
24272.8 105419.0
24384.1 106179.0
24386.3 106272.0
20037.1 106023.0
19005.2 106003.0
15430.7 105905.0
15286.0 110698.0
14637.0 112435.0
15230.3 114597.0
13452.5 124286.0
10166.4 126813.0
5485.41 132575.0
570.65 141431.0
-1047.93 143464.0
-1871.7 145207.0
-1833.85 145278.0
-1832.74 145287.0
-654.977 145347.0
-623.808 144688.0
-632.713 145254.0
9.60025 146906.0
1230.78 147830.0
1254.15 149346.0
1237.45 150488.0
1195.15 152481.0
1474.56 152732.0
2700.19 152648.0
2775.89 152421.0
1414.45 152581.0
-3637.23 149384.0
-3679.53 147158.0
-3727.4 144851.0
-3746.32 143696.0
-6671.8 143611.0
-8819.15 141585.0
-9910.08 140614.0
-12372.5 138922.0
-12307.9 137522.0
-12302.3 137522.0
-12309.0 137526.0
-11666.7 137515.0
-10686.0 137453.0
-8997.26 135576.0
-8963.86 137310.0
-8946.05 139258.0
-8773.51 142763.0
-8766.83 142921.0
-8743.45 143270.0
-8725.64 143600.0
-8643.26 143749.0
-7871.82 143807.0
-6387.93 143664.0
-4984.19 143640.0
-2338.13 143475.0
-1922.91 145354.0
-1246.08 145583.0
-728.448 147131.0
-529.186 148533.0
-28.2484 149413.0
35.2037 147264.0
1001.46 147013.0
1346.55 147044.0
4337.7 147028.0
5441.99 146679.0
6158.89 146276.0
10326.7 145252.0
10917.8 144450.0
11033.6 144194.0
10947.9 138677.0
13286.7 138370.0
13296.7 134403.0
12488.5 129843.0
10871.0 130230.0
-34.9275 141055.0
966.948 142389.0
1947.67 141467.0
2054.54 144261.0
1853.05 144717.0
-568.148 144664.0
-742.92 144853.0
-716.203 146485.0
-456.828 148903.0
-530.299 149308.0
-1409.72 148471.0
-1740.34 145655.0
-1585.61 145461.0
-1590.06 145461.0
-1603.42 145443.0
-1611.21 145445.0
-1244.97 145877.0
-715.09 146721.0
-722.882 146935.0
-460.168 149297.0
-439.017 149435.0
-984.483 149137.0
-1666.87 148974.0
-1789.32 143936.0
-1971.89 142705.0
-1969.66 142709.0
-3768.58 143442.0
-3104.01 142475.0
-2203.43 141307.0
-780.768 140095.0
-820.843 141215.0
-2479.5 140690.0
-2915.88 140677.0
-3484.72 141318.0
-4476.58 141362.0
-4698.1 140906.0
-3930.0 140084.0
-266.472 139514.0
-461.281 140254.0
-702.844 140018.0
-255.34 139561.0
-184.096 140113.0
-286.51 140343.0
-1921.79 138996.0
-980.03 135591.0
-3687.32 134122.0
-3749.66 130295.0
-3612.74 126599.0
-4365.26 127189.0
-3698.45 131424.0
-3816.45 131597.0
-5074.36 131435.0
-4730.38 131101.0
-4740.4 132432.0
-10831.8 132508.0
-10918.6 128912.0
-10935.3 128278.0
-10617.0 125526.0
-9221.01 123398.0
-8131.19 134144.0
-5003.12 139272.0
-4596.8 140734.0
-3849.85 141342.0
-2124.39 141295.0
-356.641 140463.0
-2028.66 141494.0
-1873.93 145771.0
-1242.74 145457.0
-1240.52 145737.0
-1517.7 146908.0
-1763.72 146697.0
-1800.45 146412.0
-4051.33 143564.0
-8328.23 143640.0
-9671.86 144272.0
-10547.9 139399.0
-15718.7 140494.0
-16489.1 139537.0
-15311.3 140331.0
-14161.4 139617.0
-11302.7 139461.0
-10790.6 140140.0
-10560.2 142905.0
-10608.1 140585.0
-8635.47 135447.0
-9462.58 133712.0
-9026.2 134596.0
-2771.16 143077.0
-1763.72 141957.0
-1660.19 142386.0
-568.148 140928.0
-206.36 138174.0
-1604.53 140307.0
-600.431 140285.0
-548.11 140819.0
-939.955 141171.0
962.495 142315.0
98.6558 141068.0
88.6371 141064.0
99.769 141053.0
1270.85 144477.0
466.01 149275.0
267.861 149685.0
69.7128 150980.0
-1044.6 149115.0
-1060.18 148540.0
-1789.32 146009.0
-1469.84 145412.0
-476.866 145361.0
2441.93 144989.0
1330.96 144404.0
2579.97 137646.0
2755.85 135338.0
2592.21 135620.0
5191.52 141857.0
5014.52 141491.0
4434.55 139171.0
3311.34 137450.0
3250.11 137453.0
2999.64 138181.0
4410.06 144145.0
6187.83 146238.0
7450.2 145528.0
7011.6 147805.0
5788.2 149302.0
4257.55 134623.0
8248.36 126323.0
11498.9 118174.0
12361.6 109841.0
15756.9 105927.0
18781.4 106134.0
18809.2 106134.0
19167.7 106036.0
23175.2 106533.0
24026.8 108427.0
24059.1 108465.0
24960.8 106577.0
24248.3 104716.0
23787.4 103287.0
21374.0 103273.0
17501.2 105958.0
12437.3 108574.0
12081.1 112931.0
11698.1 117424.0
9543.0 121846.0
8740.39 124809.0
7423.48 128703.0
4795.23 133579.0
3833.42 135322.0
2454.18 135761.0
1397.75 132958.0
852.289 132145.0
1388.85 133207.0
2483.12 134238.0
3156.6 136564.0
1768.45 139078.0
494.953 141177.0
504.972 141177.0
303.484 141485.0
1251.93 150286.0
1248.59 155429.0
1200.72 159886.0
-3081.74 163900.0
-3874.34 164002.0
-4405.33 164771.0
-4578.99 164802.0
-4778.25 164132.0
-4563.4 164011.0
-4572.31 164014.0
-4595.69 164029.0
-5142.27 162252.0
-9921.21 166556.0
-10143.9 166578.0
-8774.62 165654.0
-7960.88 165536.0
-7851.78 166467.0
-7034.7 165102.0
-7626.92 163985.0
-8399.47 164011.0
-9199.86 164345.0
-13874.2 165594.0
-17313.9 161961.0
-18574.1 161832.0
-18741.1 161273.0
-19026.0 160071.0
-19277.6 159022.0
-18446.1 156956.0
-18449.4 156947.0
-16196.3 156764.0
-15527.3 157181.0
-15537.3 156063.0
-15535.1 153908.0
-14728.0 152850.0
-14145.8 152866.0
-13985.5 152877.0
-13944.3 152882.0
-13504.6 153521.0
-13501.2 153924.0
-14277.1 154852.0
-14047.8 152862.0
-13505.7 153133.0
-14329.5 154705.0
-14022.2 152857.0
-10499.0 153191.0
-10346.5 155342.0
-9731.97 155342.0
-8775.73 154596.0
-8516.36 154576.0
-8468.49 152481.0
-8298.17 151272.0
-8239.17 151263.0
-7606.88 149827.0
-7820.61 147367.0
-8242.51 145811.0
-8222.48 146423.0
-9072.96 147278.0
-10152.8 147291.0
-10492.3 144893.0
-10561.3 145145.0
-10550.2 145826.0
-10533.5 147089.0
-10807.3 149230.0
-11707.9 149299.0
-12729.8 149359.0
-14185.9 149233.0
-15361.4 149152.0
-17984.1 149092.0
-19622.7 151633.0
-20537.8 152813.0
-22195.3 152810.0
-23869.5 153407.0
-23895.1 153661.0
-22321.1 153630.0
-18152.2 155179.0
-15483.8 155168.0
-11985.1 157020.0
-12330.2 157849.0
-12548.4 158675.0
-13751.7 158715.0
-13777.3 158944.0
-13561.4 161159.0
-19342.2 162219.0
-20611.2 162415.0
-20550.0 163323.0
-20551.1 163328.0
-20557.8 163337.0
-20649.1 160734.0
-20640.2 158815.0
-20640.2 156166.0
-20633.5 153739.0
-19704.0 152857.0
-19549.2 152842.0
-18890.2 152848.0
-17548.8 152844.0
-16461.2 152866.0
-11690.1 152915.0
-10724.9 152915.0
-8428.42 152939.0
-3589.36 152706.0
-2874.69 152675.0
-483.545 152641.0
3115.41 151559.0
3079.79 152033.0
2357.33 152565.0
-719.542 152599.0
-1276.14 152746.0
-990.049 152897.0
-988.936 152868.0
-986.709 152853.0
-1624.57 152608.0
-2702.14 152634.0
-3600.49 151274.0
-3997.9 150591.0
-4162.65 151060.0
-4165.99 151058.0
-4635.76 145808.0
-4641.33 143448.0
-4718.14 140901.0
-4367.48 137760.0
-4773.8 136337.0
-4770.46 136010.0
-5364.9 133296.0
-4789.38 133960.0
-4778.25 135943.0
-3598.26 139579.0
-3586.02 139806.0
-4605.71 141351.0
-3803.09 143326.0
-3794.19 143428.0
-2148.88 143477.0
2020.03 140719.0
2121.33 140525.0
4195.21 141587.0
4840.87 140245.0
4754.04 140124.0
5514.35 137426.0
4441.23 137633.0
4205.23 138633.0
3503.92 138775.0
3409.3 138595.0
4423.42 136540.0
4238.63 134647.0
4726.21 133761.0
6496.19 130455.0
9436.13 122373.0
11358.6 118417.0
12225.8 111469.0
16009.6 105934.0
18778.1 106150.0
18799.2 106277.0
21490.9 106065.0
24386.3 106326.0
24307.3 105889.0
24312.9 105929.0
25661.0 106154.0
25134.4 106437.0
24383.0 108788.0
24385.2 108786.0
24404.2 106884.0
24307.3 105909.0
24384.1 106234.0
24386.3 106250.0
24386.3 106277.0
20280.9 106032.0
15508.6 105885.0
12177.9 111765.0
12007.6 113777.0
11142.7 118740.0
8887.33 124377.0
8611.26 125194.0
6048.68 131548.0
-702.844 143460.0
-1839.42 143339.0
-1645.72 152125.0
-1118.07 161064.0
-2259.09 160946.0
-5653.22 162370.0
-5302.57 164134.0
-5062.12 164123.0
-4054.67 162464.0
-607.11 160073.0
-506.922 158381.0
-1875.04 152601.0
-2646.48 149916.0
-2662.07 148972.0
-2401.58 145361.0
-2627.56 145595.0
-6001.65 145383.0
-6086.26 143357.0
-5587.54 143090.0
-4734.84 143068.0
-6086.26 143593.0
-8619.89 145546.0
-9128.62 146797.0
-9092.99 145488.0
-9420.27 148874.0
-9627.33 151330.0
-9690.78 152585.0
-9672.97 156041.0
-9635.12 158882.0
-9625.1 159095.0
-9590.59 160979.0
-9825.48 162239.0
-9905.63 162649.0
-9587.25 162230.0
-9523.8 163873.0
-9517.12 165316.0
-8735.66 165501.0
-8197.99 165721.0
-8195.76 165597.0
-7032.47 164995.0
-5731.15 164112.0
-2196.75 161878.0
-2070.96 161547.0
-1201.56 159848.0
-1077.99 158501.0
-692.826 157980.0
-1033.46 152668.0
-1389.69 151895.0
-1516.59 151178.0
-1102.48 148146.0
-1153.69 147543.0
1207.4 147026.0
1294.23 144161.0
837.817 142066.0
4393.36 136600.0
5398.58 132975.0
6247.94 131421.0
5230.48 134396.0
5193.75 134910.0
4182.97 134614.0
3344.73 133528.0
2591.1 132521.0
2592.21 132521.0
2582.19 132517.0
2803.72 134656.0
3355.86 134603.0
2749.17 133795.0
1417.79 133897.0
1417.79 133479.0
1458.98 132038.0
1384.4 132454.0
-1886.17 134636.0
-7575.71 134961.0
-7979.8 135222.0
-9421.39 137804.0
-9966.85 139374.0
-10947.6 139394.0
-11200.3 139392.0
-12420.3 138751.0
-12412.5 138753.0
-12414.8 138773.0
-12420.3 138777.0
-12412.5 138795.0
-10428.8 139463.0
-8908.2 139436.0
943.571 137079.0
-1350.72 134672.0
-6246.56 134792.0
-6338.95 136101.0
-7624.69 137406.0
-7889.63 142950.0
-7398.71 143081.0
-7781.65 143094.0
-8713.4 143827.0
-8690.02 143909.0
-9569.44 147298.0
-10778.4 147732.0
-10735.0 147336.0
-10895.3 145474.0
-10785.1 146926.0
-10848.5 146182.0
-10627.0 139857.0
-12154.3 135175.0
-11813.6 135603.0
-10760.6 136208.0
-10104.9 136373.0
-9413.59 136932.0
-9418.05 137809.0
-8948.28 138332.0
-10684.9 137840.0
-10738.3 135460.0
-10876.3 130386.0
-10817.3 127216.0
-10888.6 126579.0
-12099.7 123582.0
-13808.5 121296.0
-13870.8 121147.0
-12919.0 123262.0
-12586.2 125134.0
-12268.9 125397.0
-11296.0 127334.0
-12123.1 130716.0
-12424.8 131896.0
-11970.6 133801.0
-10752.8 135286.0
-9906.74 135177.0
-9001.71 136282.0
-8995.03 134959.0
-8685.57 134607.0
-9036.22 134552.0
-6782.0 134968.0
-5058.78 134863.0
1836.35 138243.0
6007.49 131671.0
7303.25 129324.0
15048.9 121503.0
15876.0 114699.0
15888.2 114637.0
15153.5 114601.0
15323.8 111097.0
15221.4 109879.0
18640.0 106041.0
18769.2 106112.0
18797.0 106132.0
21163.6 106085.0
24241.6 105426.0
23137.3 105785.0
23127.3 106326.0
24013.4 108414.0
25130.0 107946.0
25121.1 107681.0
25117.7 107715.0
24445.3 107980.0
24017.9 108427.0
24409.7 107363.0
24385.2 106225.0
23722.9 106145.0
23404.5 106081.0
12306.0 110264.0
10675.1 119392.0
8784.92 124667.0
8674.71 124996.0
5350.71 131631.0
3149.92 131424.0
3185.55 131482.0
3196.68 131479.0
3184.43 131524.0
3075.34 135006.0
3251.22 135246.0
518.33 141189.0
1230.78 147296.0
1179.57 155970.0
-3506.98 156012.0
-3668.4 156043.0
-6405.74 157546.0
-5744.5 157566.0
-5678.83 157541.0
-3289.91 158053.0
-1792.66 158697.0
-2511.79 155173.0
-3043.89 154404.0
-2615.31 153416.0
-2006.4 153311.0
607.386 153639.0
1233.0 153572.0
1186.25 159156.0
1185.13 159685.0
1171.78 160520.0
1958.8 161246.0
1956.58 161324.0
1873.09 161651.0
1263.06 155947.0
-1716.97 150566.0
-1713.63 149740.0
-719.542 149364.0
-1838.3 144949.0
-1789.32 144642.0
-145.134 142333.0
976.967 142413.0
1151.74 142680.0
949.137 152648.0
-4780.48 152757.0
-4856.17 152761.0
-8267.0 152891.0
-14036.7 152795.0
-14379.6 152770.0
-15511.7 152476.0
-15551.8 148353.0
-16604.8 145517.0
-16464.6 145465.0
-15617.4 147307.0
-12240.0 148244.0
-11985.1 148246.0
-12639.6 148235.0
-9193.18 147333.0
-6714.1 147111.0
-6268.82 144579.0
-6277.72 143898.0
-4776.02 143669.0
-4636.88 143718.0
-3888.81 143598.0
-3862.09 143598.0
570.65 141903.0
1251.93 146919.0
1860.84 147398.0
1512.41 146977.0
1306.47 145403.0
-1204.9 145341.0
-2070.96 143455.0
-2733.31 143462.0
-7835.08 143629.0
-10875.2 145497.0
-11210.3 144657.0
-12638.5 143132.0
-14044.5 142694.0
-14112.4 141727.0
-12407.0 139519.0
-8203.55 139414.0
-7664.77 137386.0
-8614.32 130081.0
-8403.93 129567.0
-8332.68 130834.0
-8993.92 131893.0
-9483.73 131065.0
-9432.52 131099.0
-10873.0 132094.0
-10821.8 134721.0
-11024.4 135131.0
-11808.1 135333.0
-10805.1 138731.0
-10769.5 140872.0
-11789.2 147284.0
-12893.4 148220.0
-13267.5 148213.0
-13798.5 147111.0
-13830.8 147097.0
-13835.2 147104.0
-13828.5 147077.0
-13821.8 147091.0
-13877.5 147204.0
-15595.2 149110.0
-17477.6 152806.0
-18685.4 152815.0
-21151.1 152819.0
-23544.5 152830.0
-27426.2 152826.0
-29326.4 152545.0
-29324.2 151971.0
-27971.7 152857.0
-26645.9 153556.0
-26648.1 153810.0
-26624.7 156631.0
-26589.1 153614.0
-25763.1 153656.0
-21934.8 153356.0
-21728.9 152882.0
-21190.1 152864.0
-18902.5 152862.0
-18551.8 149936.0
-18102.1 149139.0
-15601.8 154888.0
-15650.8 158018.0
-15525.0 157909.0
-11217.0 155021.0
-7124.87 154500.0
-4337.43 154318.0
-4300.69 152577.0
-2615.31 150887.0
-709.524 149290.0
-492.451 149351.0
1595.9 149326.0
6886.92 149342.0
7083.95 149339.0
7468.01 147367.0
7530.35 149411.0
9487.34 145261.0
7250.93 136228.0
7108.44 135868.0
10530.4 126566.0
15459.6 117569.0
15426.2 117135.0
15126.8 114358.0
15186.9 109140.0
15302.7 109102.0
18781.4 106150.0
18791.4 106152.0
19277.9 106043.0
23776.3 108027.0
23911.0 108458.0
24219.4 105486.0
24327.3 105911.0
24385.2 106243.0
24383.0 106288.0
23423.4 106083.0
18002.2 105974.0
15442.9 108340.0
15178.0 114332.0
15225.9 114561.0
12421.7 125281.0
4093.91 135095.0
3806.71 135611.0
-1885.06 144918.0
-492.451 145347.0
-215.265 145350.0
2016.69 143760.0
2090.16 144479.0
2082.37 144646.0
2102.41 144800.0
1316.49 143649.0
1316.49 143638.0
236.692 142104.0
-1442.01 136892.0
-1281.71 136424.0
-3520.34 134683.0
-4803.85 139080.0
-4794.95 139310.0
-3580.45 141340.0
-1685.8 142389.0
-1558.89 142366.0
-1287.27 144123.0
-5281.42 143595.0
-5466.21 143595.0
-10379.8 144686.0
-10495.6 148086.0
-10491.2 148155.0
-10441.1 152407.0
-13768.4 155126.0
-14026.7 155139.0
-14552.1 155224.0
-13476.8 154496.0
-13474.5 154471.0
-12379.1 151377.0
-11945.0 151394.0
-10700.4 150413.0
-10565.8 150413.0
-9154.22 147507.0
-8671.09 145477.0
-7830.63 144058.0
-7763.84 139390.0
-7741.58 138878.0
-7621.35 134349.0
-3888.81 143591.0
-3794.19 143589.0
-1870.59 145058.0
-730.674 154957.0
-679.467 157944.0
-1092.46 158220.0
-551.45 157976.0
1127.25 158005.0
656.366 159608.0
660.819 158831.0
-1085.78 158002.0
-1096.92 158071.0
-469.074 159407.0
-3177.48 162838.0
-3171.91 163067.0
-7053.62 165187.0
-7109.28 164123.0
-7110.39 164127.0
-2693.24 163847.0
1253.04 157615.0
1253.04 157276.0
837.817 152557.0
-685.033 151555.0
-1054.61 152329.0
-1332.91 150473.0
-1320.67 150470.0
-1182.63 149123.0
-1033.46 149119.0
-1772.62 146136.0
-2724.41 146454.0
-2719.95 146625.0
-4403.1 149063.0
-6266.59 149344.0
-8291.49 147233.0
-10510.1 146180.0
-10519.0 145906.0
-12081.9 139428.0
-16629.3 136656.0
-18182.2 131809.0
-18598.6 132432.0
-18599.7 132766.0
-17339.5 132982.0
-16121.7 135224.0
-11510.9 135235.0
-3902.17 134792.0
-573.714 140859.0
-1324.01 141226.0
-2831.27 141293.0
-3581.57 139249.0
-3651.7 137758.0
-3635.0 138878.0
-4371.93 139241.0
