-1064.63 143767.0
-1045.71 143722.0
-519.167 144123.0
-333.264 144127.0
-313.226 144317.0
-598.204 145323.0
-1118.07 145325.0
-1548.87 145336.0
-1546.65 145356.0
-1897.3 145341.0
-1899.53 145396.0
-1869.47 145445.0
-1554.44 145470.0
-1538.85 145434.0
1199.61 145359.0
1211.85 145356.0
1305.36 145292.0
1317.6 145174.0
2922.83 142513.0
2371.8 142887.0
2362.89 142903.0
2368.46 142907.0
2502.04 142814.0
2499.82 142852.0
2502.04 142892.0
2536.55 142870.0
2416.33 142930.0
2407.42 142954.0
2399.63 143037.0
2385.16 143152.0
2657.89 144346.0
2655.66 144406.0
1312.04 144706.0
1305.36 144350.0
1299.79 143564.0
939.118 143731.0
850.062 143898.0
1244.13 144377.0
1253.04 145178.0
1260.83 145189.0
1261.94 148525.0
1253.04 148614.0
1255.27 148874.0
1241.91 152539.0
2327.27 152492.0
2485.35 152514.0
2837.12 152726.0
2850.47 152739.0
2928.4 152737.0
3065.32 152788.0
3065.32 153256.0
3054.19 153995.0
3061.98 154057.0
3054.19 154142.0
3065.32 154224.0
3069.77 154275.0
3073.11 154391.0
3837.88 154376.0
3849.01 154380.0
3857.92 154380.0
3922.48 154418.0
4130.65 154852.0
3626.37 154398.0
3195.56 154235.0
3148.81 154380.0
3103.17 154373.0
3058.64 153984.0
3053.08 153984.0
3047.51 153890.0
3082.02 152971.0
3041.94 153037.0
2964.02 152966.0
2922.83 153073.0
2930.62 152821.0
3026.36 152581.0
2920.6 152632.0
9.60025 149705.0
-2.64489 149664.0
-32.7012 149426.0
-413.414 149388.0
-431.225 149408.0
-36.0407 149486.0
-1.53169 149453.0
30.751 148765.0
20.7322 148542.0
8.48706 147229.0
-1.53169 147015.0
-715.09 146973.0
-719.542 146514.0
-628.26 145579.0
-648.298 145497.0
-647.185 145470.0
-639.392 145437.0
-644.958 145352.0
-652.751 145345.0
-676.128 145334.0
-1576.7 145368.0
-1889.51 145341.0
-1899.53 145414.0
-1866.13 145448.0
-1644.61 145457.0
-1541.08 145897.0
-1543.31 145931.0
-1521.04 146666.0
-1552.21 146739.0
-1557.78 146425.0
-1565.57 146236.0
-1571.14 146158.0
-1524.38 146717.0
-1521.04 146739.0
-1524.38 146906.0
-1535.51 146950.0
-1560.0 146971.0
-1610.1 146988.0
-2384.88 147048.0
-4521.1 147093.0
-4916.29 147082.0
-4955.25 147089.0
-5851.37 147077.0
-5869.18 147073.0
-6146.37 147077.0
-10265.2 147307.0
-10274.1 147405.0
-10418.8 147382.0
-10513.4 147411.0
-10546.8 149108.0
-10552.4 149226.0
-10624.8 149244.0
-10772.8 149259.0
-10855.2 149282.0
-10850.7 149397.0
-10797.3 149575.0
-10788.4 149627.0
-10783.9 148565.0
-10789.5 148502.0
-10789.5 148398.0
-10783.9 148369.0
-10780.6 147846.0
-10791.7 147616.0
-10786.2 147507.0
-10655.9 147282.0
-10510.1 146403.0
-10721.6 136796.0
-10704.9 135206.0
-10800.6 133815.0
-10849.6 131582.0
-10839.6 130542.0
-8357.17 130046.0
-8406.15 129240.0
-8741.22 129233.0
-8737.89 129182.0
-8485.19 129195.0
-8433.98 129173.0
-8439.55 128992.0
-8422.85 129004.0
-8381.66 130028.0
-8267.0 131844.0
-8253.65 131882.0
-7398.71 131864.0
-7087.02 131878.0
-6931.17 137286.0
-6926.72 137370.0
-6917.81 137397.0
-6249.89 137508.0
-6252.12 137887.0
-6229.86 137900.0
-6219.84 138161.0
-6190.9 138087.0
-6174.2 139163.0
-6218.73 139245.0
-6322.25 139367.0
-6377.91 139385.0
-6392.38 139347.0
-6381.25 139325.0
-6303.33 139318.0
-5888.11 139241.0
-5373.81 139307.0
-5364.9 140316.0
-5337.07 140316.0
-5322.6 140138.0
-5359.34 139574.0
-5342.64 139492.0
-5331.51 139278.0
-5177.89 139234.0
5468.71 132633.0
12648.8 125087.0
15036.6 121547.0
15621.0 119686.0
15878.2 114777.0
15861.5 114361.0
15858.2 114316.0
15830.3 114260.0
15705.6 114182.0
15254.8 114305.0
15303.8 114911.0
15254.8 114911.0
15170.2 114962.0
15240.3 115625.0
15243.7 115959.0
15271.5 116224.0
15282.6 116398.0
15392.8 117794.0
15405.1 118012.0
15424.0 118691.0
15335.0 118740.0
14535.7 118531.0
12403.9 118030.0
12401.7 118027.0
11839.5 117711.0
11669.2 117656.0
11134.9 118747.0
10843.2 119199.0
9271.38 122959.0
9215.72 123184.0
5847.19 131533.0
4233.06 134598.0
4227.5 134605.0
4199.67 134627.0
2600.0 132544.0
2463.08 132332.0
2458.63 132294.0
2402.97 132279.0
2154.73 132666.0
2040.07 132855.0
2004.45 132884.0
1401.09 132929.0
1403.32 133741.0
1427.81 134376.0
1453.41 134547.0
1501.28 135300.0
1497.94 135329.0
1483.47 135355.0
1859.73 136696.0
1917.62 136765.0
2438.59 137464.0
2425.23 137486.0
2082.37 137998.0
2099.07 138143.0
1804.07 138606.0
1807.41 141071.0
1820.77 141059.0
1303.13 141990.0
1139.49 142275.0
1091.63 142364.0
1086.06 142353.0
1082.72 142342.0
1071.59 142458.0
1250.81 143337.0
1275.3 143615.0
1303.13 143611.0
1364.36 143578.0
1373.26 143582.0
1473.45 143419.0
2018.92 143137.0
2045.63 143878.0
2102.41 144522.0
2101.29 144633.0
2085.71 144640.0
2087.94 144657.0
1336.53 144740.0
1330.96 144717.0
1333.19 144702.0
1317.6 144684.0
607.386 144762.0
601.82 144424.0
532.802 143771.0
48.5621 143900.0
-7.09767 143938.0
-18.2296 144121.0
-73.8894 144134.0
-358.867 144145.0
-364.433 144179.0
-327.698 144306.0
-322.132 144383.0
-447.923 144606.0
-622.694 145330.0
-1165.93 145314.0
-1622.34 145359.0
-1877.27 145334.0
-1900.64 145368.0
-1905.09 145414.0
-1878.38 145448.0
-1643.49 145508.0
-1588.95 145437.0
-1561.12 145448.0
-1557.78 145470.0
-1522.16 146561.0
-1515.48 146614.0
-1529.95 146621.0
-1522.16 146621.0
-1513.25 146588.0
-1533.29 145425.0
-1348.5 145403.0
-1248.31 145414.0
-1238.29 145597.0
-1231.61 146358.0
-1010.09 146409.0
-742.92 146405.0
11.8266 146381.0
11.8266 146826.0
-706.184 146988.0
-711.75 146950.0
-717.316 146421.0
-631.6 145797.0
-639.392 145512.0
-639.392 145341.0
-648.298 145319.0
-925.483 145325.0
-959.993 145336.0
-1193.76 145336.0
-1201.56 145347.0
-1749.25 145347.0
-1856.11 145274.0
-1899.53 145323.0
-1900.64 145368.0
-1878.38 145414.0
-1665.76 145448.0
-1654.63 145459.0
-1622.34 145430.0
-1565.57 145412.0
-1546.65 145430.0
-1548.87 145535.0
-1538.85 145586.0
-1568.91 145693.0
-1522.16 146732.0
-1532.17 146906.0
-1527.72 146928.0
-1533.29 146982.0
-1565.57 146993.0
-1830.51 146917.0
-1850.55 146948.0
-1802.68 147984.0
-1802.68 148028.0
-1800.45 148113.0
-1799.34 148206.0
-1789.32 148395.0
-1783.76 148569.0
-1749.25 148985.0
-1802.68 149030.0
-1765.95 149437.0
-1769.29 149567.0
-1754.81 149709.0
-1735.89 150936.0
-1730.32 151100.0
-1732.55 151145.0
-1649.06 152928.0
-1669.1 152917.0
-1678.0 152670.0
-1657.97 152637.0
-739.58 152677.0
-720.656 152715.0
-715.09 152884.0
-722.882 152926.0
-692.826 153155.0
-672.788 153162.0
-648.298 153144.0
-659.43 153178.0
-700.618 153371.0
-720.656 153383.0
-793.013 153405.0
-791.9 153434.0
-800.806 153483.0
-764.07 153434.0
-754.051 153438.0
-734.014 153360.0
-731.788 153338.0
-736.24 153260.0
-726.222 153207.0
-725.108 153073.0
-720.656 152951.0
-742.92 152784.0
-750.712 152759.0
-739.58 152688.0
-227.51 152717.0
-188.548 152739.0
-177.416 152699.0
36.3169 152703.0
905.722 152732.0
1116.12 152728.0
1336.53 152592.0
1323.17 151835.0
1299.79 150996.0
1277.53 146049.0
1286.43 144412.0
1289.77 144372.0
1125.02 142418.0
949.137 142431.0
821.119 142847.0
757.667 142932.0
729.837 142976.0
732.064 143021.0
715.366 143054.0
694.215 143130.0
676.404 143143.0
612.952 143215.0
598.48 143259.0
596.254 143299.0
587.348 143370.0
588.462 143578.0
587.348 143575.0
579.556 143626.0
581.782 143722.0
587.348 144633.0
587.348 145207.0
581.782 146516.0
579.556 146536.0
592.914 146617.0
604.046 146726.0
604.046 146748.0
599.594 146784.0
668.612 147040.0
581.782 146933.0
551.726 148741.0
549.5 148758.0
540.594 148899.0
559.519 149126.0
562.858 149099.0
551.726 149359.0
310.163 149404.0
306.823 149455.0
496.066 149449.0
499.406 149442.0
526.123 149426.0
531.689 149397.0
559.519 149337.0
1180.68 149344.0
1283.1 149297.0
1300.91 149166.0
1280.87 147690.0
1286.43 147652.0
1294.23 147505.0
1300.91 147434.0
1299.79 147416.0
1300.91 147256.0
1299.79 147033.0
1275.3 146984.0
894.59 146995.0
893.477 146999.0
861.194 147015.0
832.251 146999.0
799.969 146984.0
774.365 146993.0
618.518 146988.0
278.993 146999.0
-1.53169 146988.0
-689.486 146995.0
-1485.42 147015.0
-1593.4 147015.0
-1611.21 147017.0
-1632.36 147033.0
-1683.57 147017.0
-1747.02 146939.0
-1847.21 146937.0
-2355.94 147028.0
-2629.78 147017.0
-4006.81 147084.0
-4446.52 147089.0
-4777.14 147089.0
-5791.26 147077.0
-7774.97 147173.0
-8106.7 147204.0
-8248.08 147222.0
-8574.25 147238.0
-8902.64 147267.0
-8924.9 147267.0
-9196.52 147284.0
-9411.37 147293.0
-10305.3 147307.0
-10522.3 147356.0
-10494.5 148331.0
-10499.0 148402.0
-10463.3 150232.0
-10450.0 150323.0
-10452.2 150332.0
-10686.0 150406.0
-10680.4 150435.0
-10688.2 150457.0
-11145.7 150413.0
-11665.6 150413.0
-12703.1 150435.0
-12776.6 150439.0
-12862.3 150462.0
-12871.2 150510.0
-12876.7 152031.0
-13248.6 152087.0
-13402.2 152071.0
-13610.3 152069.0
-13810.7 152053.0
-13800.7 152058.0
-13196.2 152076.0
-12921.3 152042.0
-12876.7 152042.0
-2049.81 142093.0
-12845.6 152116.0
-12787.7 152258.0
-12402.5 151385.0
-11707.9 151368.0
-11699.0 151401.0
-11710.1 151975.0
-11763.5 152265.0
-11780.2 152376.0
-11818.1 152594.0
-11852.6 152833.0
-12492.7 152788.0
-12876.7 151503.0
-12867.8 150473.0
-12856.7 149426.0
-12953.6 147485.0
-13029.3 146414.0
-13077.1 146416.0
-13841.9 146710.0
-13951.0 144310.0
-14033.4 143141.0
-14320.6 139675.0
-14735.8 137666.0
-14846.0 136558.0
-14841.5 136551.0
-14873.8 135551.0
-13942.1 136424.0
-13905.3 136469.0
-13910.9 137482.0
-13914.2 137520.0
-13263.0 137493.0
-13020.3 137486.0
-11776.9 137471.0
-11712.3 137486.0
-11385.1 137488.0
-11367.3 137515.0
-10797.3 137493.0
-10782.8 139724.0
-10816.2 139724.0
-10834.0 139686.0
-9695.23 139474.0
-8962.75 139448.0
-8932.69 139445.0
-8918.22 137475.0
-8891.51 137453.0
-7947.52 137444.0
-7728.22 137453.0
-7806.14 139407.0
-7827.29 139468.0
-7949.74 139463.0
-7966.44 139436.0
-7960.88 139414.0
-5673.26 139269.0
-5384.94 139289.0
-5372.7 139608.0
-5351.55 140258.0
-5351.55 140298.0
-5305.91 140465.0
-5220.19 140481.0
-5190.13 140683.0
-4984.19 140683.0
-4964.15 140692.0
-4967.49 141367.0
-4750.42 141344.0
-4738.18 141327.0
-4738.18 141360.0
-3597.15 141349.0
-2142.21 141300.0
-1671.32 141240.0
-1621.23 140881.0
-1499.89 140587.0
-1457.59 140527.0
-1216.03 140788.0
-1212.69 140817.0
-1179.29 141006.0
-1181.52 141033.0
-1173.73 141111.0
-1164.82 141106.0
-1153.69 141117.0
-1173.73 141574.0
-1159.25 143037.0
-1095.8 143553.0
-1065.75 143582.0
-826.409 143887.0
-346.622 144216.0
-447.923 144722.0
-455.715 144778.0
-536.978 144835.0
-552.563 145408.0
-1199.33 145330.0
-1922.91 145296.0
-1914.0 145368.0
-1934.04 145379.0
-1782.64 145425.0
-691.713 145341.0
-620.468 145325.0
-613.789 145312.0
-592.638 145325.0
-397.829 145036.0
-420.093 144951.0
-491.337 144889.0
-472.413 144822.0
-294.302 144343.0
-335.49 144194.0
-364.433 144161.0
-661.656 144067.0
-680.581 144094.0
-672.788 144116.0
-352.188 144199.0
-313.226 144368.0
-446.81 144568.0
-457.942 144499.0
-463.508 144383.0
-469.074 144401.0
-475.753 144412.0
-520.281 144457.0
-548.11 144479.0
-589.299 145169.0
-1226.05 145363.0
-1705.83 145363.0
-1747.02 145301.0
-1928.47 143431.0
-1984.13 143393.0
-2038.68 141371.0
-2078.75 141351.0
-2501.77 141271.0
-2635.35 141260.0
-2646.48 141255.0
-2784.52 141249.0
-2793.42 141162.0
-2824.59 139278.0
-2860.22 137292.0
-2893.61 136095.0
-2912.54 134861.0
-2941.48 134665.0
-3717.38 134728.0
-5439.49 134792.0
-5453.96 134759.0
-5467.32 133913.0
-5461.75 133886.0
-5465.09 133670.0
-5481.79 133637.0
-5490.7 133548.0
-5506.28 133485.0
-5517.41 132662.0
-5209.06 132621.0
-5197.93 132539.0
-5216.85 132495.0
-5298.11 132501.0
-5322.6 132517.0
-5334.85 132523.0
-5339.3 132517.0
-5339.3 132546.0
-5351.55 132510.0
-5364.9 132499.0
-5357.11 132521.0
-5342.64 132512.0
-5303.68 132521.0
-5300.34 132506.0
-5307.02 132421.0
-5303.68 132256.0
-5212.4 132239.0
-5192.36 132223.0
-5170.1 132167.0
-5177.89 132109.0
-5166.76 132109.0
-5150.06 132105.0
-5105.53 132078.0
-5061.0 132112.0
-5075.47 132094.0
-5095.51 132087.0
-5155.62 132045.0
-5161.19 132067.0
-5162.3 132198.0
-5166.76 132205.0
-5167.87 132105.0
-5156.74 131960.0
-5142.27 131931.0
-5094.4 131949.0
-4995.32 132379.0
-5022.04 132521.0
-4980.85 132546.0
-4752.65 132550.0
-4750.42 133091.0
-4769.35 133370.0
-5546.36 131715.0
-5551.92 131136.0
-5038.74 131099.0
-4863.97 131052.0
-4750.42 131025.0
-4739.29 131052.0
-4744.86 131248.0
-4741.52 131553.0
-4804.97 132127.0
-4789.38 135082.0
-4894.02 134899.0
-4843.93 134877.0
-3196.4 134814.0
-2999.37 134792.0
-2924.78 134794.0
-2908.08 135834.0
-2860.22 137633.0
-2840.18 138851.0
-2852.42 139022.0
-3201.97 139051.0
-3229.8 138980.0
-3402.34 138969.0
-3407.91 138840.0
-3397.89 138844.0
-3400.12 138935.0
-3370.06 138951.0
-3216.44 138947.0
-3183.04 139151.0
-1607.87 139129.0
-1594.51 139942.0
-1521.04 140436.0
-1182.63 140895.0
-1182.63 142030.0
-1179.29 142257.0
-1170.39 142462.0
-1047.93 143604.0
-809.711 143905.0
-795.24 143934.0
-1276.14 144867.0
-1293.95 145425.0
-1379.67 145514.0
-1650.17 145559.0
-1960.75 145481.0
-1950.74 145497.0
-1708.06 151537.0
-1669.1 151875.0
-1615.66 154246.0
-1602.31 154313.0
-1666.87 155059.0
-1994.15 155052.0
-2422.73 155077.0
-2626.45 155126.0
-3386.76 155166.0
-3397.89 155164.0
-3422.38 155144.0
-3481.38 155144.0
-3480.27 154747.0
-3570.43 152917.0
-3574.89 152439.0
-3581.57 152436.0
-3589.36 152410.0
-3592.7 152216.0
-3592.7 152076.0
-3626.09 151147.0
-3609.4 151125.0
-3377.85 151034.0
-2684.33 151069.0
-2092.11 150985.0
-1738.12 151118.0
-1674.66 152661.0
-1157.03 152637.0
3256.79 152699.0
4227.5 152888.0
4466.83 153211.0
5145.88 152759.0
6396.0 152793.0
6473.92 152939.0
6752.22 152915.0
6763.35 152859.0
6766.69 152492.0
6787.84 152494.0
6813.45 152494.0
6865.77 152483.0
7102.88 152465.0
7093.97 152154.0
6761.13 152160.0
6737.75 152899.0
6748.88 152877.0
6748.88 152639.0
6396.0 152626.0
4043.82 152643.0
3126.55 152628.0
1854.16 152594.0
1241.91 152610.0
1266.4 157998.0
1422.24 158009.0
1436.72 157991.0
1929.86 157982.0
1932.09 157947.0
1915.39 157942.0
1261.94 157924.0
1303.13 153861.0
1312.04 153623.0
1303.13 153227.0
1316.49 153089.0
1328.74 151575.0
1295.34 150335.0
1294.23 143626.0
1108.32 142451.0
631.876 141471.0
2246.01 138521.0
2312.8 138499.0
2362.89 138561.0
2364.01 138662.0
2316.14 138735.0
2246.01 138713.0
2145.82 138533.0
2798.15 137237.0
3596.31 135796.0
6231.25 130885.0
6298.04 130774.0
6312.51 130725.0
6273.55 130629.0
6282.45 130653.0
6303.6 130684.0
6334.77 130725.0
6353.7 130707.0
11689.2 117473.0
10690.7 119359.0
10188.7 119889.0
9557.47 121625.0
9470.64 121581.0
9481.78 121570.0
9498.47 121574.0
9520.74 121585.0
9588.64 121625.0
9381.59 122516.0
7010.48 129500.0
6980.43 129549.0
6412.7 130542.0
5004.51 132072.0
4581.49 131900.0
4203.01 134636.0
3648.63 133915.0
2040.07 132846.0
2032.28 132833.0
1403.32 134454.0
1244.13 134581.0
848.949 135683.0
1456.75 135306.0
1863.07 135734.0
2069.01 135344.0
2073.46 135340.0
2390.72 134788.0
2397.4 134750.0
2421.89 134714.0
2425.23 134705.0
2416.33 134710.0
2375.14 134781.0
2369.57 134788.0
3181.09 135807.0
-637.166 140231.0
164.334 141284.0
206.636 141371.0
304.597 141507.0
868.987 142262.0
1077.15 142406.0
1946.56 140821.0
3125.43 138684.0
3210.04 138535.0
3247.88 138472.0
3857.92 138668.0
3865.71 138666.0
4375.55 138679.0
4436.78 139659.0
4417.85 139659.0
4372.21 139668.0
4411.17 139675.0
4423.42 139670.0
4411.17 138624.0
4406.72 138613.0
4394.47 138599.0
3548.45 138635.0
3382.58 138595.0
3303.54 138544.0
3232.3 138501.0
2831.55 139223.0
2742.49 139379.0
1753.98 141173.0
1475.68 141656.0
1294.23 141941.0
1356.57 142202.0
1200.72 142435.0
771.026 142865.0
615.178 143143.0
265.635 143820.0
17.3926 143883.0
11.8266 143932.0
14.053 144087.0
-19.3428 144116.0
-355.528 144123.0
-335.49 144301.0
-329.924 144328.0
-439.017 144539.0
-636.053 145292.0
-1115.84 145301.0
-1511.02 145352.0
-1533.29 145363.0
-1682.46 145356.0
-1893.96 145379.0
-1872.81 145414.0
-1652.4 145434.0
-1632.36 145414.0
-1541.08 145430.0
-1538.85 146283.0
-1598.97 146995.0
-1722.53 146966.0
-1769.29 146910.0
-2613.09 147004.0
-3675.07 146999.0
-3720.72 145991.0
-3834.26 145975.0
-3925.54 145915.0
-3908.85 146069.0
-3731.85 146002.0
-3725.17 145986.0
-1955.19 145390.0
-1895.08 145463.0
-1760.38 150439.0
-1750.36 150896.0
-1747.02 150951.0
-1669.1 151909.0
-1639.04 152265.0
-614.902 153723.0
1147.29 153512.0
1116.12 153483.0
1110.55 153396.0
1097.19 153082.0
1091.63 153073.0
843.383 152982.0
863.421 152761.0
865.647 152715.0
877.892 152706.0
915.741 152688.0
1089.4 152744.0
1099.42 152728.0
1094.97 152643.0
1080.49 152632.0
865.647 152592.0
626.31 152599.0
596.254 152610.0
30.751 152599.0
15.1662 152470.0
26.2982 152465.0
17.3926 151608.0
11.8266 149782.0
8.48706 149522.0
17.3926 149477.0
-38.2671 149415.0
-158.492 149375.0
-377.792 149342.0
-444.583 149315.0
-461.281 149032.0
-470.187 148525.0
-492.451 148507.0
-670.562 148507.0
-709.524 148487.0
-713.976 147060.0
-719.542 146358.0
-719.542 146365.0
-620.468 145296.0
-388.924 144922.0
-439.017 144900.0
-522.507 144657.0
-505.809 144706.0
-522.507 144673.0
-639.392 144684.0
-1060.18 145091.0
-1148.12 145307.0
-1177.07 145307.0
-1743.68 145330.0
-1888.4 143560.0
-4524.44 143593.0
-6815.4 143626.0
-7928.59 143655.0
-8006.52 143642.0
-8261.44 143642.0
-8496.32 143664.0
-9428.07 144154.0
-9459.24 144172.0
-9463.69 144188.0
-9472.59 144194.0
-9856.65 144595.0
-10465.6 144751.0
-10566.9 145000.0
-10555.7 145670.0
-10338.7 145969.0
-10513.4 146514.0
-10544.6 149010.0
-10543.5 149086.0
-10537.9 149137.0
-10535.7 149188.0
-10558.0 149233.0
-10602.5 149233.0
-10849.6 149248.0
-11723.5 149319.0
-11723.5 149299.0
-11713.5 149344.0
-11546.5 149377.0
-11537.6 149653.0
-11398.4 149649.0
-10830.7 149331.0
-10825.1 149342.0
-10825.1 149426.0
-10816.2 149475.0
-10821.8 149511.0
-10814.0 149575.0
-10805.1 149687.0
-10825.1 149587.0
-10827.4 149587.0
-10821.8 149453.0
-10745.0 149342.0
-10743.9 149353.0
-10752.8 149342.0
-10732.7 149143.0
-10745.0 149108.0
-10782.8 148643.0
-10783.9 148607.0
-10780.6 148458.0
-10775.0 148413.0
-10786.2 148257.0
-10780.6 147485.0
-10772.8 147429.0
-9030.66 147284.0
-10276.3 147338.0
-10441.1 147289.0
-10524.6 147407.0
-10457.8 149778.0
-10452.2 150268.0
-10457.8 150279.0
-10448.9 151123.0
-10443.3 151270.0
-10438.8 151980.0
-10443.3 152093.0
-10482.3 152403.0
-10541.3 152906.0
-10795.1 152877.0
-11732.4 152904.0
-11735.7 152877.0
-11774.7 152873.0
-15643.0 152788.0
-15611.9 152817.0
-15634.1 152821.0
-15665.3 152821.0
-15834.5 152837.0
-9398.01 145508.0
-15879.0 152850.0
-15909.1 152855.0
-15926.9 152804.0
-17079.1 152826.0
-17251.6 152855.0
-17278.3 153516.0
-18291.3 154451.0
-16016.0 137811.0
-16018.2 137771.0
-16012.6 137660.0
-13215.2 137488.0
-12860.0 137504.0
-12845.6 137499.0
-12834.4 137488.0
-12503.8 137508.0
-12498.3 137515.0
-12498.3 137611.0
-12502.7 137698.0
-12492.7 137533.0
-12470.4 137493.0
-11028.8 137482.0
-10888.6 137486.0
-9442.54 137475.0
-8962.75 137566.0
-8929.35 139245.0
-8808.02 141494.0
-8815.81 141538.0
-8823.6 141616.0
-8806.9 141629.0
-8000.95 141596.0
-7995.38 141600.0
-7878.5 141551.0
-7326.35 140516.0
-7215.03 140514.0
-6194.23 140465.0
-6163.07 141162.0
-6158.61 141177.0
-6119.65 143041.0
-6124.1 143304.0
-6116.31 143437.0
-6116.31 143471.0
-6121.88 143578.0
-6153.05 143598.0
-6158.61 143560.0
-6240.99 143555.0
-6247.67 143575.0
-6238.76 143615.0
-6214.27 143638.0
-4708.12 143704.0
-4685.86 144016.0
-4652.46 145063.0
-4652.46 145185.0
-4644.67 145390.0
-4626.86 145445.0
-4248.37 145452.0
-2754.46 145403.0
-2732.2 146358.0
-2726.63 147171.0
-2689.9 148202.0
-2679.88 148017.0
-2144.43 147968.0
-2123.28 147952.0
-2084.32 147939.0
-2077.64 147979.0
-2072.07 147968.0
-2077.64 148264.0
-2053.15 148375.0
-2033.11 148424.0
-1991.92 148547.0
-2000.83 148542.0
-2017.53 148380.0
-2011.96 148821.0
-2017.53 148847.0
-2008.62 148919.0
-2006.4 148907.0
-2535.16 149043.0
-2689.9 149052.0
-3191.95 149021.0
-3191.95 149003.0
-3208.65 149010.0
-3631.66 149081.0
-3672.85 147901.0
-3661.72 147785.0
-3678.41 147623.0
-3680.64 147589.0
-3672.85 147583.0
-3686.21 147456.0
-3683.98 147374.0
-3683.98 147260.0
-3698.45 147095.0
-3704.02 145775.0
-3720.72 145481.0
-3739.64 144546.0
-3750.77 143649.0
-3765.24 143181.0
-3681.75 143119.0
-3502.53 143003.0
-3502.53 142495.0
-3539.27 141396.0
-3578.23 139423.0
-3622.75 137916.0
-3663.94 136130.0
-3672.85 133378.0
-2908.08 133392.0
-2957.06 133378.0
-3105.12 133267.0
-3108.46 133303.0
-3101.78 133412.0
-3019.4 133456.0
-2997.14 133447.0
-2990.46 133459.0
-2997.14 133552.0
-2918.1 133663.0
-2965.97 133679.0
-3157.44 133697.0
-3169.68 133801.0
-3174.14 133975.0
-3213.1 134676.0
-3218.66 134681.0
-3240.93 134681.0
-3249.83 134705.0
-3268.76 134710.0
-3552.62 134692.0
-3553.74 134688.0
-4515.54 134765.0
-8123.4 134959.0
-8952.73 135021.0
-9001.71 135144.0
-8947.17 136858.0
-8913.77 137419.0
-8006.52 137430.0
-6962.34 137366.0
-6279.95 137422.0
-5468.43 137393.0
-5415.0 137410.0
-5398.3 138354.0
-5394.96 138401.0
-5390.51 138855.0
-5401.64 138878.0
-5394.96 138895.0
-5389.4 139158.0
-5693.3 139200.0
-6389.04 139214.0
-6391.27 139180.0
-6370.12 139158.0
-6224.29 139163.0
-6208.71 139341.0
-6361.21 139396.0
-6380.14 139390.0
-6391.27 139356.0
-6386.82 139334.0
-6055.09 139445.0
-6057.31 139407.0
-5678.83 139267.0
-5389.4 139252.0
-5378.26 139359.0
-5379.38 139396.0
-5364.9 139635.0
-5908.14 139670.0
-5943.77 140075.0
-6016.12 140075.0
-6062.88 140091.0
-6149.71 140091.0
-6166.41 140049.0
-6246.56 137560.0
-6208.71 136262.0
-6255.46 134788.0
-6307.78 134781.0
-6383.48 134817.0
-6470.31 134877.0
-10745.0 135048.0
-10797.3 133837.0
-10845.2 132172.0
-10844.1 132132.0
-10866.3 132016.0
-11050.0 132009.0
-11270.4 132016.0
-11279.3 131738.0
-11268.2 131221.0
-11209.2 131199.0
-11194.7 130918.0
-11183.6 131199.0
-11259.3 131219.0
-11261.5 131319.0
-11257.0 131631.0
-11262.6 131655.0
-11268.2 131666.0
-11278.2 131704.0
-11273.7 132016.0
-11262.6 132049.0
-10880.8 132083.0
-10883.0 132154.0
-10845.2 133724.0
-11751.3 133768.0
-12166.5 133808.0
-12389.2 133826.0
-12901.2 133826.0
-12923.5 133830.0
-14256.0 133919.0
-14307.2 133886.0
-14418.5 133541.0
-14495.3 132855.0
-14567.7 132802.0
-14877.2 132791.0
-15005.2 132443.0
-15014.1 132432.0
-15030.8 132339.0
-15040.8 132272.0
-15077.5 132245.0
-15806.7 132517.0
-16131.7 132768.0
-16572.6 132833.0
-16632.7 132833.0
-16677.2 132844.0
-16672.7 133096.0
-16658.3 133111.0
-16663.8 132851.0
-16290.9 132806.0
-15915.8 132724.0
-15053.0 132272.0
-14949.5 133890.0
-14925.0 133993.0
-14852.7 133993.0
-13064.9 133897.0
-13029.3 135217.0
-13010.3 136373.0
-12984.7 137381.0
-12990.3 137526.0
-12971.4 137533.0
-11730.2 137504.0
-10830.7 137493.0
-10168.3 137477.0
-8991.69 137497.0
-8949.39 137776.0
-8927.13 139218.0
-8923.79 139236.0
-8873.7 139269.0
-8771.28 139468.0
-5752.3 139256.0
-5417.22 139289.0
-5307.02 140465.0
-5186.79 140605.0
-5151.17 140605.0
-5156.74 140661.0
-5049.87 140692.0
-4995.32 140699.0
-4988.64 140710.0
-5028.72 141808.0
-5042.08 141812.0
-5240.23 141794.0
-5253.59 141745.0
-6121.88 141783.0
-6157.5 141244.0
-6325.59 143021.0
-6335.61 143070.0
-6645.08 143063.0
-6636.17 143088.0
-6625.04 143092.0
-6419.1 143054.0
-6338.95 143041.0
-6160.84 143030.0
-5923.73 143103.0
-5587.54 143097.0
-5027.61 143052.0
-5000.89 143085.0
-4730.38 143037.0
-4713.69 143032.0
-4699.21 143099.0
-4708.12 143453.0
-7621.35 143631.0
-8181.29 143620.0
-9505.99 144139.0
-9595.05 143820.0
-9595.05 143842.0
-9558.31 143945.0
-9541.61 143965.0
-10188.4 143266.0
-10204.0 143103.0
-10240.7 142930.0
-10372.1 142910.0
-10382.1 142903.0
-10472.2 142865.0
-10560.2 142999.0
-10663.7 145452.0
-10821.8 145490.0
-10905.3 145474.0
-10939.8 145111.0
-10944.2 145114.0
-10938.7 145345.0
-10910.8 145479.0
-10914.2 145624.0
-10871.9 145868.0
-10866.3 145837.0
-10880.8 145624.0
-10853.0 145612.0
-10409.9 145559.0
-10411.0 145590.0
-10455.5 145657.0
-10474.5 145668.0
-10494.5 145635.0
-10463.3 144989.0
-10204.0 144657.0
-8796.88 143756.0
-8695.58 143916.0
-8698.92 143787.0
-8746.79 143809.0
-8749.02 143252.0
-8780.19 142231.0
-8916.0 139635.0
-7822.84 139508.0
-7856.23 140138.0
-7875.16 140343.0
-7939.72 140414.0
-7905.22 141489.0
-7816.16 140536.0
-7187.2 140481.0
-7121.53 140492.0
-6277.72 140432.0
-6230.97 140454.0
-5209.06 140536.0
-5095.51 140650.0
-4986.42 141033.0
-4973.06 141367.0
-4777.14 141329.0
-4741.52 141362.0
-4738.18 141382.0
-4705.89 142836.0
-4702.55 142843.0
-4715.91 143687.0
-4680.29 143709.0
-1927.36 143667.0
-1875.04 144884.0
-1799.34 145423.0
-1276.14 145381.0
-34.9275 145356.0
1247.47 145336.0
1244.13 149037.0
1241.91 149099.0
1280.87 149282.0
1286.43 148977.0
1330.96 147182.0
1316.49 147066.0
1199.61 146948.0
1205.17 146859.0
53.0149 147004.0
-23.7956 146993.0
-681.694 147004.0
-1730.32 146995.0
-1788.21 146933.0
-1869.47 146973.0
-1883.94 147037.0
-1856.11 147104.0
-1771.51 147111.0
-1524.38 147040.0
-1515.48 147282.0
-1524.38 147300.0
-1537.74 147296.0
-1560.0 147293.0
-1607.87 147340.0
-1655.74 147289.0
-1683.57 147300.0
-1696.93 147311.0
-1719.19 147300.0
-1705.83 147278.0
-1688.02 147282.0
-1661.31 146955.0
-1646.83 146955.0
-1582.27 146944.0
-1568.91 146984.0
-1549.99 147238.0
-1568.91 147289.0
-1560.0 147311.0
-1527.72 147307.0
-1521.04 147318.0
-1394.14 148536.0
-1262.78 148518.0
-1092.46 148525.0
-1064.63 149066.0
-967.785 149143.0
-420.093 149353.0
-41.6067 149420.0
833.364 150043.0
821.119 150457.0
802.195 151230.0
863.421 151492.0
860.081 151508.0
863.421 151497.0
855.628 151481.0
860.081 151408.0
915.741 151702.0
826.685 152606.0
162.108 152606.0
34.0905 152592.0
26.2982 152528.0
30.751 152403.0
4.03428 152272.0
2.92109 151590.0
22.9586 150588.0
17.3926 149555.0
39.6565 148558.0
36.3169 147233.0
37.4301 147189.0
28.5246 147026.0
19.619 147006.0
36.3169 145412.0
39.6565 145403.0
20.7322 143943.0
8.48706 143943.0
-182.982 143653.0
-185.209 143642.0
-578.167 143032.0
-121.757 142324.0
644.121 141095.0
824.459 140870.0
2945.1 136963.0
2989.62 136869.0
3008.55 136820.0
3047.51 136763.0
3089.81 136687.0
3097.6 136676.0
3108.73 136624.0
2569.95 135930.0
2518.74 135816.0
2675.7 135433.0
3014.11 134988.0
3014.11 134973.0
2290.54 133908.0
2010.01 133314.0
2002.22 133044.0
2007.79 133525.0
2586.65 134347.0
3014.11 134950.0
2948.43 135088.0
2505.38 135796.0
2503.16 135830.0
2514.29 135868.0
3446.03 137141.0
3295.75 137466.0
2954.0 138116.0
2992.96 138172.0
3214.49 138435.0
3240.09 138468.0
3631.94 138766.0
3535.09 139492.0
3526.18 139519.0
3621.92 138944.0
3605.22 138717.0
3251.22 138479.0
3373.68 138250.0
3373.68 138232.0
3554.01 137900.0
3737.69 137571.0
3754.39 137520.0
3738.8 137471.0
1472.34 134509.0
1431.15 134405.0
1533.56 132428.0
1420.02 132421.0
1406.66 132390.0
1427.81 132067.0
1497.94 132031.0
1904.26 131900.0
3131.0 131798.0
3165.51 131764.0
5165.92 131221.0
5364.07 130785.0
6290.25 130673.0
6304.72 130736.0
4217.48 134621.0
4191.87 134625.0
2416.33 132334.0
2362.89 132312.0
1974.39 132940.0
2007.79 133490.0
2195.92 133924.0
2099.07 134064.0
2104.63 134091.0
2096.84 134120.0
2040.07 134242.0
2052.31 134231.0
2824.87 132862.0
3610.79 133886.0
4164.04 134603.0
4221.93 134650.0
4856.45 133512.0
6303.6 130769.0
6314.74 130736.0
6292.47 130662.0
6282.45 130647.0
6304.72 130698.0
6325.87 130736.0
6340.34 130729.0
8099.19 126744.0
8099.19 126750.0
8853.93 124486.0
11817.3 116291.0
11959.7 114873.0
12065.5 114844.0
11989.8 114746.0
12000.9 113987.0
11377.5 114265.0
11646.9 114160.0
11733.8 114120.0
11698.1 114145.0
11481.1 114227.0
11485.5 114216.0
11776.1 114494.0
11453.2 114323.0
-10196.2 139423.0
-15316.9 140220.0
-15380.3 140254.0
-15658.6 140432.0
-16257.5 141022.0
-17654.6 141589.0
-17704.7 141585.0
-18414.9 142551.0
-18797.8 143054.0
-18554.0 142420.0
-17952.9 141616.0
-17949.6 141638.0
-17307.3 141516.0
-16847.5 141344.0
-13997.7 139664.0
-13827.4 139601.0
-10196.2 139490.0
-9658.5 139470.0
-9597.27 139463.0
-8962.75 139481.0
-6203.14 139434.0
-6116.31 140487.0
-6114.08 140498.0
-6119.65 140610.0
-6071.78 143175.0
-6069.56 143675.0
-5292.55 143620.0
-5283.64 143642.0
-5272.51 143876.0
-5290.32 143898.0
-5262.49 145359.0
-5250.25 145392.0
-4760.44 145414.0
-4750.42 145423.0
-4098.09 145501.0
-4093.64 145445.0
-22817.6 150802.0
-3171.91 145414.0
-3086.19 145347.0
-2824.59 145379.0
-2830.16 145396.0
-2807.9 145347.0
-1925.13 145445.0
-1906.21 145470.0
-1660.19 145468.0
-1630.14 145425.0
-1594.51 145423.0
-1546.65 145530.0
-1546.65 145535.0
-1538.85 145490.0
-1544.42 145352.0
-676.128 145363.0
-661.656 145352.0
-617.128 145301.0
-550.337 144929.0
-546.997 144891.0
-407.848 144535.0
-305.434 144399.0
-307.66 144361.0
-336.603 144127.0
-341.056 144123.0
-536.978 143700.0
-536.978 143600.0
-553.676 143600.0
-591.525 143077.0
-575.94 143014.0
-175.19 142402.0
-144.021 142335.0
-136.228 142186.0
-869.824 141249.0
-661.656 141066.0
-667.222 141048.0
-585.959 140899.0
-598.204 140899.0
-592.638 140895.0
-435.678 140625.0
-405.621 140621.0
-425.659 140603.0
-386.697 140436.0
-1688.02 139167.0
-3164.12 139029.0
-3201.97 139045.0
-3155.21 139118.0
-2339.24 139047.0
-1622.34 139129.0
-1613.44 139178.0
-1626.8 139615.0
-1630.14 140216.0
-1615.66 140314.0
-1607.87 140403.0
-1552.21 140420.0
-1507.68 140427.0
-1393.03 140592.0
-1242.74 140848.0
-1195.99 140906.0
-1227.16 141155.0
-1242.74 141189.0
-1216.03 141200.0
-1220.48 141251.0
-1259.44 141382.0
-1198.22 141723.0
-1182.63 141801.0
-1232.73 142362.0
-1095.8 143555.0
-1029.01 143611.0
-826.409 143894.0
-496.903 144127.0
-366.66 144112.0
-308.773 144339.0
-441.244 144550.0
-455.715 144557.0
-447.923 144550.0
-461.281 144624.0
-464.621 144633.0
-564.808 144666.0
-602.657 144684.0
-609.336 144702.0
-598.204 144795.0
-572.601 144784.0
-611.563 145552.0
-1221.59 145336.0
-1610.1 145359.0
-1872.81 145307.0
-1889.51 145270.0
-1906.21 145341.0
-1891.74 145412.0
-1646.83 145512.0
-1585.61 145441.0
-1561.12 145441.0
-1548.87 145448.0
-1549.99 145425.0
-1552.21 145470.0
-1455.36 145559.0
-1443.12 145575.0
-1546.65 146258.0
-1537.74 146314.0
-1513.25 146503.0
-1470.95 146592.0
-1465.38 146539.0
-1498.78 146436.0
-1537.74 146481.0
-1533.29 146447.0
-1548.87 146409.0
-1561.12 146113.0
-1546.65 146127.0
-1585.61 146472.0
-1566.68 146594.0
-1549.99 146654.0
-1521.04 146648.0
-1548.87 147037.0
-1616.78 147033.0
-1633.48 147071.0
-1635.7 147040.0
-1726.98 146999.0
-1819.38 146906.0
-1839.42 146906.0
-1895.08 146977.0
-2701.03 147095.0
-2689.9 147104.0
-2440.54 147048.0
-2440.54 147062.0
-2418.28 147073.0
-2411.6 147084.0
-2414.94 147129.0
-2411.6 147211.0
-2414.94 147218.0
-2406.03 147117.0
-2355.94 146966.0
-2066.51 146982.0
-2025.32 149041.0
-2512.9 149066.0
-2573.01 149054.0
-1886.17 148936.0
-1877.27 149108.0
-1856.11 150032.0
-1861.68 149927.0
-1849.44 149894.0
-1832.74 149834.0
-1783.76 149689.0
-1281.71 149092.0
-1257.22 149108.0
-1229.39 149099.0
-1071.31 149248.0
-1088.01 149170.0
-40.4935 149386.0
-23.7956 149382.0
0.694696 149344.0
-2.64489 148540.0
31.8642 148525.0
45.2225 148529.0
123.146 148562.0
147.636 148484.0
181.032 148542.0
73.0524 148487.0
-561.469 145381.0
-614.902 145341.0
-1666.87 145408.0
-1908.43 145385.0
-1866.13 145412.0
-1722.53 145425.0
-1797.12 145385.0
-1774.85 145390.0
-1657.97 145526.0
-1561.12 145441.0
-1582.27 145445.0
-1204.9 145363.0
-780.768 145336.0
-764.07 145341.0
-177.416 145314.0
-10.4373 145390.0
1208.51 145303.0
1221.87 145307.0
1294.23 147583.0
1236.34 149244.0
1314.26 149293.0
1503.51 149310.0
1822.99 149310.0
3082.02 149397.0
6481.72 149355.0
7067.26 149270.0
7043.88 149052.0
7041.65 149066.0
7043.88 149275.0
7024.95 149286.0
3841.22 149299.0
3846.78 148997.0
3846.78 148251.0
3142.13 148164.0
3132.11 147968.0
3145.47 147728.0
3153.26 147705.0
3139.9 147630.0
2552.14 147656.0
2522.08 147656.0
2424.12 147690.0
2115.77 147850.0
2056.77 147872.0
1926.52 147930.0
1328.74 148097.0
1317.6 148050.0
1319.83 147734.0
1323.17 147690.0
1325.4 147178.0
1361.02 147238.0
1322.06 147073.0
1249.7 147095.0
958.042 147011.0
900.156 147017.0
685.31 146995.0
638.555 146995.0
640.782 147026.0
557.292 146984.0
529.462 147060.0
164.334 147011.0
-708.41 146999.0
-711.75 146792.0
-717.316 145548.0
-661.656 145434.0
-663.883 145408.0
-687.26 145336.0
-828.636 145336.0
-978.917 145296.0
-631.6 144706.0
-631.6 144724.0
-636.053 144735.0
-631.6 145330.0
-1084.67 145347.0
-1115.84 145359.0
-1187.08 145363.0
-1546.65 145374.0
-1560.0 145463.0
-1741.46 145474.0
-1771.51 145000.0
-1836.08 144867.0
-1279.48 144145.0
-1999.72 145401.0
-1566.68 145414.0
-1560.0 145425.0
-1541.08 146628.0
-1538.85 146648.0
-1552.21 145753.0
-1561.12 145726.0
-1552.21 145481.0
-1554.44 145448.0
-1563.34 145441.0
-1535.51 145412.0
-1440.89 145392.0
-1203.78 146369.0
-1042.37 146394.0
-1026.78 146416.0
-870.937 146403.0
-856.465 146398.0
-756.278 146387.0
-185.209 146403.0
14.053 146392.0
11.8266 146926.0
22.9586 148435.0
67.4864 149388.0
-12.6636 149564.0
-23.7956 149578.0
-52.7387 149578.0
-386.697 149526.0
-388.924 149531.0
-436.791 149366.0
-23.7956 149382.0
11.8266 149375.0
14.053 147084.0
-12.6636 147006.0
-734.014 146955.0
-769.636 146104.0
-720.656 145546.0
-706.184 145468.0
-882.069 145352.0
-876.503 145345.0
-1164.82 145312.0
-1621.23 145359.0
-1832.74 145296.0
-1847.21 145290.0
-1858.34 145292.0
-1878.38 145325.0
-1867.25 145425.0
-1649.06 145441.0
-1588.95 145401.0
-1571.14 145392.0
-1533.29 145523.0
-1598.97 145730.0
-1544.42 145713.0
-1543.31 145441.0
-1518.82 145445.0
-1243.86 145463.0
-1221.59 146387.0
-1064.63 146376.0
-1043.48 146369.0
-936.615 146392.0
-739.58 146387.0
-730.674 146383.0
-190.775 146394.0
-706.184 146398.0
-715.09 146354.0
-642.732 145470.0
-661.656 145312.0
-912.125 145323.0
-1741.46 145336.0
-1769.29 145207.0
-2292.49 145292.0
-2331.45 145370.0
-1908.43 145381.0
-1644.61 145414.0
-1610.1 145381.0
-1555.55 145381.0
-1527.72 146487.0
-1516.59 146815.0
-1505.46 146873.0
-1518.82 146999.0
-1587.83 146966.0
-1797.12 146928.0
-1858.34 146971.0
-1875.04 147044.0
-1437.55 154525.0
-708.41 155077.0
-747.372 160841.0
-945.521 161041.0
-1254.99 161121.0
-1240.52 161449.0
-1277.25 162072.0
-1828.28 162106.0
-1847.21 162132.0
-1843.87 162206.0
-1833.85 162221.0
-1838.3 162139.0
-1844.98 162054.0
-1841.64 162023.0
-1880.6 161745.0
-1910.66 161731.0
-1906.21 161567.0
-2006.4 161542.0
-2036.45 161544.0
-2112.15 161522.0
-2637.58 161576.0
-3191.95 160988.0
-3146.31 160796.0
-2996.03 160776.0
-8183.51 161059.0
-8220.25 160952.0
-8387.23 160977.0
-8457.36 161019.0
-8529.72 162635.0
-8682.23 163279.0
-8930.47 163693.0
-9119.71 163715.0
-9409.14 163697.0
-9498.2 163686.0
-9542.73 162290.0
-9587.25 159579.0
-9631.78 158310.0
-9611.74 156922.0
-9281.12 156936.0
-7360.86 156878.0
-6179.76 156684.0
-3498.08 156061.0
-3481.38 155943.0
-3513.66 155210.0
-3591.59 155237.0
-3580.45 152788.0
-3594.92 151659.0
-3628.32 151185.0
-3641.68 151185.0
-3652.81 151163.0
-3652.81 149244.0
-3680.64 147184.0
-3731.85 145581.0
324431.0 145581.0
-3708.47 145434.0
-2924.78 145412.0
-2420.5 145392.0
-931.049 145356.0
1244.13 145356.0
1260.83 146870.0
1312.04 147004.0
3098.72 147011.0
3106.51 147006.0
5725.86 146492.0
7811.98 145356.0
7820.89 145396.0
7837.59 145880.0
7995.66 145882.0
7501.4 145880.0
7484.7 145559.0
7466.89 145508.0
7440.18 145501.0
5455.35 146625.0
4466.83 146950.0
2156.95 138457.0
3103.17 136691.0
3610.79 135772.0
4742.91 133730.0
6306.94 130774.0
6301.38 130691.0
6286.91 130658.0
6298.04 130664.0
6304.72 130702.0
6334.77 130725.0
11858.4 115768.0
11945.3 114868.0
12009.8 114857.0
4191.87 134636.0
2335.06 132345.0
2040.07 132840.0
1414.45 132869.0
1389.96 134503.0
749.875 134817.0
215.541 137186.0
15.1662 137611.0
-667.222 139114.0
-647.185 139207.0
317.955 139318.0
270.088 139412.0
117.58 139637.0
117.58 139704.0
-214.152 140176.0
-313.226 140409.0
-834.201 141184.0
-850.899 141238.0
-1177.07 140933.0
-1187.08 140944.0
-1190.42 140982.0
-1182.63 141115.0
-1192.65 141215.0
-1198.22 141206.0
-1214.91 141215.0
-1190.42 141449.0
-1187.08 141507.0
-1114.73 143364.0
-1086.9 143464.0
-841.994 143865.0
-613.789 144744.0
-626.034 145307.0
-770.749 145312.0
-923.257 145330.0
-943.295 145336.0
-976.69 145312.0
-1446.46 145345.0
-3709.58 145396.0
-3719.6 145385.0
-3728.51 144873.0
-3728.51 144524.0
-3725.17 144499.0
-3742.98 144328.0
-3759.68 144283.0
-3747.43 143589.0
-2801.22 143542.0
-2784.52 143537.0
-2774.5 143586.0
-2739.99 144310.0
-2734.43 144528.0
-2401.58 144562.0
-1867.25 144599.0
-1899.53 145307.0
-1906.21 145347.0
-1897.3 145403.0
-1828.28 145423.0
-1637.93 145403.0
-1611.21 145381.0
-1557.78 145403.0
-1560.0 145445.0
-1563.34 145445.0
-1571.14 145463.0
-1524.38 146605.0
-1513.25 146944.0
-1507.68 146955.0
-1516.59 146739.0
-1572.25 145909.0
-1565.57 145657.0
-1554.44 145626.0
-1253.88 145423.0
-1240.52 145960.0
-1240.52 146009.0
-1210.46 146358.0
-1125.86 146369.0
-1054.61 146369.0
-1031.24 146392.0
-1025.67 146403.0
-1008.97 146416.0
9.60025 146365.0
17.3926 146839.0
-697.279 146962.0
-697.279 146732.0
-624.921 145648.0
-664.996 145519.0
-1140.33 145392.0
-1238.29 145330.0
-1234.95 145336.0
-1490.99 145368.0
-1728.1 145352.0
-1749.25 145314.0
-1804.91 144288.0
-1867.25 143611.0
-2256.86 143419.0
-8578.7 143671.0
-10511.2 144851.0
-10465.6 149052.0
-10474.5 154692.0
-13221.8 155137.0
-14328.4 155092.0
-14337.3 155063.0
-14342.8 154462.0
-14346.2 152873.0
-14292.7 152038.0
-13027.0 152091.0
-12990.3 152098.0
-12881.2 152053.0
-12815.5 152249.0
-12795.5 152247.0
-12782.1 152214.0
-12773.2 152176.0
-12786.6 152138.0
-12789.9 152120.0
-12765.4 151401.0
-12563.9 151397.0
-12408.1 151397.0
-12046.3 151401.0
-11871.5 151397.0
-11818.1 151408.0
-11754.6 151385.0
-11735.7 151408.0
-11713.5 151385.0
-11695.6 151357.0
-11729.0 150517.0
-11752.4 149638.0
-11751.3 149444.0
-11824.8 148313.0
-11827.0 147834.0
-11834.8 147345.0
-11847.0 147278.0
-12331.3 147262.0
-13836.3 147249.0
-13849.7 147200.0
-13886.4 146817.0
-13864.1 145931.0
-13894.2 145815.0
-15592.9 144688.0
-15645.3 142540.0
-15637.5 142536.0
-15664.2 141879.0
-15684.2 141874.0
-15910.2 139136.0
-15943.6 138844.0
-16018.2 137720.0
-16066.0 136235.0
-16081.6 135963.0
-16068.3 135945.0
-16077.2 135600.0
-15898.0 135578.0
-15810.0 135563.0
-15776.6 135534.0
-14925.0 135549.0
-14884.9 135928.0
-14866.0 135972.0
-14846.0 136486.0
-14773.6 137526.0
-14765.8 137555.0
-14756.9 137575.0
-11535.3 137482.0
-10864.1 137448.0
-9976.87 137415.0
-9453.67 137455.0
-9433.63 137430.0
-9396.9 137453.0
-9091.88 137453.0
-8954.96 137577.0
-8936.03 138967.0
-8936.03 139102.0
-8968.32 138991.0
-8929.35 139490.0
-8606.53 139289.0
-7936.38 136308.0
2296.1 132399.0
2023.37 132866.0
1998.88 132984.0
1392.19 132911.0
1412.23 133441.0
1411.11 133470.0
1414.45 134438.0
759.894 134739.0
192.164 137221.0
-670.562 139158.0
-653.864 139218.0
-630.487 139218.0
120.92 139085.0
232.239 139180.0
256.73 139192.0
303.484 139325.0
248.937 139423.0
30.751 139726.0
30.751 139686.0
-86.1345 139913.0
-155.153 140020.0
-175.19 140082.0
-188.548 140071.0
-268.698 140249.0
-825.296 141111.0
-1112.5 141010.0
-1136.99 140982.0
-1165.93 140955.0
-1184.86 140906.0
-1193.76 140904.0
-1198.22 140944.0
-1192.65 141033.0
-1192.65 141082.0
-1184.86 141160.0
-1168.16 141251.0
-1143.67 141233.0
-1138.1 142297.0
-1115.84 143419.0
-1134.76 143455.0
-1090.24 143564.0
-997.841 143649.0
-1494.33 144562.0
-1824.94 144546.0
-2138.87 143442.0
-3669.51 143508.0
-3758.56 143520.0
-3754.11 144450.0
-3747.43 144640.0
-3750.77 144644.0
-3747.43 145085.0
-3739.64 145185.0
-3722.94 145292.0
-3730.73 145374.0
-3951.15 145396.0
-4029.07 145390.0
-4034.64 145385.0
-4023.5 145403.0
-2862.44 145408.0
-2852.42 145401.0
-1637.93 145519.0
-1583.38 145408.0
-1566.68 145425.0
-1552.21 145437.0
-1549.99 145463.0
-1535.51 146260.0
-1524.38 146287.0
-1552.21 146928.0
-1544.42 146926.0
-1537.74 146937.0
-1529.95 146962.0
-1513.25 146973.0
-1527.72 146637.0
-1538.85 146666.0
-1538.85 146643.0
-1571.14 146603.0
-1435.33 146243.0
-1535.51 145942.0
-1585.61 145746.0
-1591.17 145708.0
-1576.7 145535.0
-1563.34 145497.0
-711.75 145363.0
22.9586 145370.0
34.0905 146926.0
41.8829 149255.0
58.5808 149415.0
95.3163 149411.0
540.594 149805.0
941.344 149967.0
876.779 150762.0
752.101 152004.0
655.253 152648.0
722.045 152681.0
744.309 152670.0
153.202 152581.0
137.618 152561.0
42.9961 152537.0
67.4864 152131.0
0.694696 150680.0
4.03428 150566.0
9.60025 149593.0
9.60025 148948.0
15.1662 148941.0
9.60025 148830.0
14.053 148709.0
20.7322 147095.0
15.1662 147089.0
17.3926 147028.0
-650.524 147028.0
-1377.44 146973.0
-1420.86 146950.0
-1632.36 146966.0
-1741.46 146837.0
-2172.26 143455.0
-9313.41 144083.0
-10569.1 144956.0
-10650.4 145497.0
-14985.1 145541.0
-16739.5 144254.0
-16736.2 144250.0
-16750.7 144239.0
-17949.6 143620.0
-18420.5 143386.0
-18419.3 143275.0
-18437.2 141946.0
-18431.6 141790.0
-18463.9 141255.0
-18514.0 140576.0
-18508.4 140472.0
-18515.1 140376.0
-18520.6 140392.0
-18503.9 140636.0
-18487.2 140770.0
-18458.3 140815.0
-18138.8 140777.0
-18108.8 140988.0
-18068.7 141171.0
-18052.0 141115.0
-18007.5 141262.0
-18001.9 141211.0
-18013.0 141672.0
-17986.3 141727.0
-16788.5 141327.0
-15901.3 140754.0
-15892.4 140717.0
-14578.8 139848.0
-14556.6 139804.0
-14448.6 139748.0
-14261.6 139641.0
-13995.5 139590.0
-13986.6 139597.0
-13973.2 139601.0
-13939.8 139601.0
-13928.7 139615.0
-13897.5 139615.0
-8982.79 139456.0
-8812.47 139474.0
-8808.02 139497.0
-8804.68 139534.0
-8791.32 139503.0
-5378.26 139289.0
-5376.04 139419.0
-5370.47 139503.0
-5372.7 139512.0
-5361.57 140098.0
-5353.77 140171.0
-5322.6 140376.0
-4980.85 140692.0
-4975.29 141273.0
-4978.63 141289.0
-4958.59 141351.0
-4856.17 141360.0
-4735.95 141378.0
-4713.69 141362.0
-4081.39 141367.0
-2089.89 141300.0
-1688.02 141262.0
-1672.44 141251.0
-1466.5 140503.0
-1440.89 140536.0
-1383.01 140625.0
-1376.33 140625.0
-1229.39 140806.0
-1220.48 140837.0
-1182.63 140948.0
-1177.07 140993.0
-1173.73 141100.0
-1126.97 141206.0
-1114.73 141222.0
-970.011 141155.0
-1088.01 142251.0
-1034.58 143598.0
-1014.54 143638.0
-1112.5 143798.0
-1154.8 143831.0
-1460.93 144510.0
-3630.55 143504.0
-3528.13 143549.0
-2771.16 143600.0
-2771.16 143687.0
-2776.73 143693.0
-2748.9 144522.0
-2732.2 145323.0
-2737.76 145385.0
-2726.63 145408.0
-1650.17 145468.0
-1544.42 145425.0
-1537.74 145664.0
-1577.82 145764.0
-1522.16 146982.0
-1529.95 146988.0
-1650.17 146995.0
-1680.23 146993.0
-1778.19 146915.0
-1877.27 146966.0
-1897.3 147028.0
-1761.49 150023.0
-1760.38 150201.0
-1752.59 150268.0
-1747.02 150384.0
-1743.68 150557.0
-1747.02 150588.0
-1747.02 151056.0
-2600.84 151036.0
-2584.14 151141.0
-2606.41 151103.0
-3253.17 151107.0
-3258.74 151129.0
-3513.66 151096.0
-3531.47 151011.0
-3513.66 151074.0
-3603.83 152187.0
-3854.3 152214.0
-3864.32 152214.0
-3871.0 152436.0
-3859.87 152532.0
-3823.13 152494.0
-3848.73 152383.0
-3858.75 152225.0
-3648.36 152258.0
-3626.09 152136.0
-3598.26 152120.0
-3637.23 149934.0
-3650.58 149277.0
-3642.79 149241.0
-3667.28 148636.0
-3661.72 148596.0
-3687.32 147138.0
-3683.98 147149.0
-3697.34 146565.0
-3683.98 146536.0
-3697.34 146470.0
-3698.45 146438.0
-3711.81 146291.0
-3709.58 146247.0
-3709.58 145993.0
-3714.04 145837.0
-11244.8 145742.0
-3711.81 145742.0
-3739.64 144929.0
-3737.41 144729.0
-3756.34 144577.0
-3741.87 143152.0
-3469.13 142881.0
-3508.1 142921.0
-3485.83 142587.0
-3505.87 142565.0
-3514.77 141830.0
-3564.87 140347.0
-3602.72 139724.0
-3598.26 139508.0
-3583.79 139223.0
-3620.53 137760.0
-3676.19 136106.0
-3687.32 133492.0
-3680.64 133467.0
-3692.89 130885.0
-3828.7 130595.0
-3825.36 130562.0
-3823.13 123796.0
-3837.6 123752.0
-3886.58 123516.0
-3898.83 123507.0
-3730.73 119265.0
-3745.21 119118.0
-3731.85 118929.0
-3734.07 118769.0
-3714.04 118083.0
-3714.04 117952.0
-3711.81 117927.0
-3715.15 117918.0
-3730.73 117889.0
-3747.43 117863.0
-3753.0 117867.0
-3728.51 117907.0
-3697.34 118506.0
-3739.64 118535.0
-3756.34 118535.0
-3761.9 118580.0
-3702.9 118562.0
-3709.58 119058.0
-3736.3 119325.0
-3887.7 119343.0
-3923.32 119419.0
-709.524 146984.0
-719.542 146436.0
-637.166 145423.0
-656.09 145352.0
-906.559 145336.0
-1902.87 145345.0
-1914.0 145403.0
-1883.94 145445.0
-1626.8 145441.0
-1571.14 145412.0
-1549.99 145425.0
-1543.31 145503.0
-1526.61 146298.0
-1516.59 146336.0
-1543.31 146628.0
-1541.08 146091.0
-1543.31 145448.0
-1537.74 145437.0
-1266.12 145403.0
-1248.31 145423.0
-1207.12 146387.0
-1062.41 146403.0
-1053.5 146416.0
-1054.61 146447.0
-1004.52 146443.0
-981.143 146447.0
-509.149 146394.0
17.3926 146383.0
-13.7768 146984.0
-711.75 146993.0
-719.542 146966.0
-641.619 145479.0
-648.298 145319.0
-678.354 145307.0
-908.786 145325.0
-1218.25 145325.0
-1899.53 145347.0
-1902.87 145408.0
-1871.7 145448.0
-1726.98 145441.0
-1604.53 145392.0
-1557.78 145414.0
-1538.85 146594.0
-1527.72 146594.0
-1557.78 145425.0
-683.92 145374.0
-47.1727 145359.0
1191.81 145307.0
1308.7 145241.0
1316.49 143667.0
1342.09 143553.0
1377.72 143497.0
1984.41 143092.0
2936.19 142453.0
2922.83 142340.0
2909.47 142335.0
2915.04 142342.0
2913.93 142473.0
2024.48 143103.0
2084.6 144640.0
1770.67 144713.0
1330.96 144702.0
1312.04 143600.0
1322.06 143566.0
1217.42 143555.0
53.0149 143900.0
4.03428 143916.0
11.8266 144038.0
9.60025 144098.0
-40.4935 144121.0
-338.83 144127.0
-346.622 144150.0
-313.226 144383.0
-592.638 144751.0
-622.694 145345.0
-661.656 145325.0
-1895.08 145325.0
-1908.43 145370.0
-1893.96 145437.0
-1644.61 145434.0
-1605.65 145401.0
-1554.44 145445.0
-1546.65 145486.0
-1535.51 145730.0
-1544.42 145759.0
-1544.42 145815.0
-1535.51 145835.0
-1513.25 146403.0
-1515.48 146421.0
-1521.04 146654.0
-1541.08 146617.0
-14112.4 146614.0
-1541.08 145668.0
-1532.17 145570.0
-1555.55 145445.0
-1560.0 145434.0
-1552.21 145419.0
-1259.44 145401.0
-1251.65 145419.0
-1210.46 146358.0
-1051.27 146447.0
-1047.93 146458.0
-1026.78 146472.0
-764.07 146394.0
-734.014 146414.0
-21.5692 146372.0
-32.7012 146347.0
-4.87128 146349.0
2.92109 146383.0
-711.75 146982.0
-722.882 146710.0
-720.656 146659.0
-719.542 146447.0
-720.656 146443.0
-631.6 145481.0
-644.958 145319.0
-865.371 145319.0
-876.503 145325.0
-1587.83 145345.0
-1711.4 145390.0
-1888.4 145325.0
-1905.09 145368.0
-1897.3 145412.0
-1856.11 145445.0
-1566.68 145408.0
-1552.21 145430.0
-1538.85 145657.0
-1541.08 145670.0
-1524.38 146421.0
-1529.95 146973.0
-1716.97 146971.0
-1847.21 146939.0
-1880.6 147015.0
-1855.0 147111.0
-1832.74 147345.0
-1802.68 148954.0
-1785.98 149059.0
-1800.45 149204.0
-1716.97 149204.0
-1145.9 149092.0
-1138.1 149041.0
-1082.44 149070.0
-1070.2 149460.0
-886.522 149520.0
-703.958 149531.0
-725.108 149912.0
-745.146 149954.0
-1059.07 149994.0
-1053.5 150517.0
-953.313 151045.0
-1082.44 151029.0
-1120.29 151000.0
-1494.33 151023.0
-1683.57 151025.0
-1699.15 150168.0
-1669.1 149108.0
-1538.85 149059.0
-1388.57 149088.0
-1393.03 149355.0
-1383.01 149504.0
-1359.63 149520.0
-1214.91 149511.0
-539.205 149504.0
-486.885 149538.0
-474.64 149533.0
-29.3616 149415.0
25.185 149355.0
42.9961 149143.0
53.0149 149092.0
34.0905 148264.0
26.2982 147184.0
20.7322 147060.0
30.751 147037.0
69.7128 147017.0
852.289 147004.0
2425.23 147015.0
3103.17 147017.0
5041.24 146904.0
5151.45 148224.0
5282.8 148228.0
5503.22 148240.0
5635.69 148217.0
5783.74 148157.0
5780.4 147512.0
5785.97 146592.0
5775.95 146447.0
5739.21 146438.0
4459.04 146948.0
4453.47 145804.0
4015.99 141137.0
2143.59 138484.0
4141.78 134821.0
4147.35 134806.0
4772.96 133657.0
6310.28 130769.0
6298.04 130669.0
6275.77 130631.0
6275.77 130651.0
6306.94 130702.0
6331.43 130731.0
7420.14 128743.0
9221.29 123193.0
10734.1 119321.0
11717.1 117406.0
12064.4 114799.0
12073.3 114766.0
12070.0 114755.0
12070.0 114746.0
12047.7 114732.0
12037.7 114728.0
11978.7 114690.0
12043.2 114790.0
11967.5 113964.0
11544.5 113788.0
11452.1 114316.0
11525.6 114256.0
11494.4 114272.0
11516.7 114238.0
11500.0 114256.0
11511.1 114243.0
11469.9 114289.0
11488.9 114267.0
11466.6 114294.0
11492.2 114256.0
11485.5 114278.0
11458.8 114833.0
11458.8 114862.0
11441.0 115189.0
11444.3 115095.0
11438.8 115129.0
11313.0 114688.0
11318.5 114583.0
11346.4 114390.0
11341.9 114899.0
11385.3 114855.0
11353.1 114283.0
11358.6 114276.0
11351.9 114267.0
11374.2 114298.0
11402.0 114327.0
11461.0 114405.0
11463.3 114398.0
11468.8 114412.0
11463.3 114405.0
11464.4 114401.0
11438.8 114361.0
11444.3 114356.0
11424.3 114345.0
11355.3 114238.0
11358.6 114238.0
11360.8 114231.0
11347.5 114249.0
11102.6 117340.0
10996.8 118495.0
11030.2 118664.0
11023.6 118662.0
11152.7 117482.0
11310.8 116013.0
11372.0 115391.0
11413.2 114646.0
11383.1 114461.0
11399.8 114405.0
11431.0 114398.0
11442.1 114423.0
11357.5 114401.0
11318.5 114434.0
10846.6 114790.0
11480.0 115240.0
11511.1 115300.0
11464.4 114267.0
11452.1 114276.0
11433.2 114300.0
-10491.2 139525.0
-10605.8 139623.0
-10632.5 139592.0
-10788.4 133781.0
-10791.7 133701.0
-10836.3 132087.0
-10871.9 130598.0
-10891.9 129422.0
-10593.6 129449.0
-10576.9 129440.0
-10683.8 129433.0
-10738.3 129467.0
-10878.6 129473.0
-10899.7 129444.0
-10925.3 128950.0
-10933.1 128872.0
-10949.8 128892.0
-10950.9 128910.0
-10938.7 129204.0
-10928.7 129785.0
-10919.7 129890.0
-12227.8 132094.0
-12246.7 133797.0
-12242.2 133826.0
-12235.5 133848.0
-12179.9 135355.0
-11815.9 135329.0
-11785.8 135318.0
-11779.1 135306.0
-11051.1 135266.0
-10799.5 135311.0
-10821.8 137938.0
-9125.28 137455.0
-9035.11 137466.0
-9018.41 137466.0
-8952.73 137560.0
-8924.9 139234.0
-8891.51 139258.0
-8918.22 139452.0
-8845.87 139459.0
-8083.33 139303.0
-7977.57 139289.0
-5384.94 139269.0
-5367.13 139363.0
-5351.55 140394.0
-5328.17 140403.0
-5325.94 140447.0
-4977.51 140710.0
-4988.64 141028.0
-4973.06 141218.0
-4980.85 141262.0
-4973.06 141393.0
-4771.57 141389.0
-4724.82 141349.0
-4694.76 141333.0
-4062.47 141349.0
-4076.94 141393.0
-4101.43 141407.0
-4090.3 141407.0
-4071.37 141411.0
-4059.13 141407.0
-4056.9 141385.0
-3550.4 141378.0
-3533.7 141734.0
-2893.61 141750.0
-2896.95 141801.0
-2963.74 141861.0
-2969.31 141839.0
-2958.18 141850.0
-2918.1 141828.0
-2902.52 141861.0
-2895.84 141830.0
-2826.82 141905.0
-2773.39 143299.0
-2698.8 143415.0
-1960.75 143560.0
-1877.27 144288.0
-1900.64 145419.0
-1861.68 145441.0
-700.618 145363.0
-678.354 145359.0
-397.829 144985.0
-388.924 144896.0
-447.923 144862.0
-502.469 144800.0
-485.771 144766.0
-548.11 144702.0
-561.469 144700.0
-578.167 144706.0
-591.525 144644.0
-609.336 144677.0
-613.789 144706.0
-550.337 144822.0
-461.281 144766.0
-388.924 144644.0
-269.812 144461.0
-357.754 143760.0
-536.978 143493.0
-530.299 143477.0
-466.847 143370.0
590.688 141908.0
1011.48 142219.0
1097.19 142447.0
1735.05 141211.0
2685.72 139459.0
3249.0 138484.0
3503.92 138651.0
4383.34 138657.0
4416.74 138646.0
4420.08 137709.0
4427.87 137693.0
4425.64 136691.0
4388.91 135148.0
4338.82 134783.0
4328.8 134781.0
5883.93 131867.0
5856.1 131731.0
5731.42 131666.0
5143.66 131537.0
2950.66 128859.0
2644.53 124395.0
3776.65 104246.0
19604.1 71168.6
33187.3 69603.5
42012.7 56251.8
42432.3 56145.0
42427.9 56151.6
42911.0 55991.3
42919.9 56122.7
42844.2 56225.1
42789.7 56200.6
42794.1 52772.0
43220.5 50066.9
43990.8 49913.3
43988.6 49891.0
44931.5 50652.5
45382.3 50258.4
45491.4 50612.4
45402.3 50300.7
45399.0 50258.4
45382.3 50200.5
45371.2 50189.4
45133.0 49528.1
44620.9 49757.4
44595.3 49312.2
44584.2 49343.3
44598.6 49298.8
44609.8 49276.5
44615.3 48955.9
44973.8 45994.8
45035.0 45743.3
45265.4 44981.8
45322.2 44803.7
45318.9 44814.9
45446.9 44300.6
45439.1 44347.3
45443.5 44334.0
45508.1 43913.2
42578.2 33397.9
43331.8 26413.7
43307.3 26347.0
40986.3 24554.7
40548.8 23975.9
40613.4 23508.3
41398.2 22303.8
41049.8 21279.7
41409.3 20277.8
41016.4 19149.0
40704.7 17853.3
40671.3 15938.6
41450.5 11163.0
41486.1 11160.8
41491.7 11138.5
41481.7 11094.0
41465.0 11149.6
41456.1 11163.0
41492.8 11118.5
41497.3 11116.2
41511.7 11096.2
41481.7 11134.0
41383.7 10650.9
41355.9 10666.5
41322.5 11675.0
40907.3 14255.4
40991.9 15259.5
40662.4 16049.9
40782.6 17067.4
40704.7 17383.5
40773.7 17617.3
40802.6 19133.5
40847.2 19189.1
41064.2 19193.6
41341.4 20222.2
41413.8 20302.3
41417.1 20473.7
41383.7 20228.8
41191.1 19912.7
41035.3 19153.5
40779.3 19031.0
40762.6 17441.4
40695.8 17294.5
40740.3 16132.3
40656.8 15983.1
40757.0 15615.8
41033.1 15085.9
40946.2 14645.1
40880.6 14611.7
40886.1 14384.6
40785.9 14357.8
40780.4 14257.7
40777.0 14277.7
40790.4 14355.6
40799.3 14377.9
40860.5 14395.7
40873.9 14389.0
40899.5 14400.1
40916.2 14518.1
40880.6 14618.3
40888.3 14625.0
40897.2 14629.5
40893.9 14389.0
40784.8 14344.5
40788.2 14328.9
40741.4 14050.6
40749.2 14043.9
40758.1 14017.2
40847.2 13999.4
40860.5 13899.2
40863.9 13912.6
40962.9 15442.1
40951.8 15435.4
40843.8 15513.3
40660.1 15992.0
40682.4 16081.1
40771.5 16415.0
40729.2 17445.9
40774.8 17572.8
40791.5 19022.1
40773.7 19037.7
40777.0 19033.3
40790.4 18953.1
40760.3 17430.3
40690.2 17296.7
40732.5 16110.0
40654.6 15992.0
40738.1 15631.3
41035.3 15085.9
41208.9 12002.3
41264.6 11902.1
41263.5 11895.5
41325.8 10187.8
41261.3 10058.7
41269.1 10069.8
41303.6 11817.5
41403.8 11835.3
41391.5 11935.5
41358.1 12053.5
41319.2 12062.4
41328.1 12080.3
41352.5 12075.8
41355.9 12046.9
41378.1 12024.6
41402.6 11850.9
41398.2 11839.8
41296.9 11802.0
41442.7 11171.9
41476.1 11163.0
41486.1 11151.8
41487.2 11138.5
41483.9 11167.4
41439.4 11189.7
40944.0 14373.4
41019.7 15226.1
40674.6 16049.9
40788.2 17051.8
40741.4 17138.6
40812.6 19198.0
40875.0 19233.6
41047.5 19164.6
41202.3 19823.6
41311.4 20233.3
41378.1 20930.2
41303.6 21820.7
41433.8 22640.0
40562.2 23880.1
40607.8 24136.2
41047.5 24715.0
41060.9 25256.0
43328.5 26418.2
43908.4 40359.9
44374.9 42853.4
44376.0 45636.4
44142.2 46751.8
43265.0 48744.4
43181.5 50058.0
43150.4 50078.0
40328.4 51436.1
38261.2 53397.6
31287.0 58985.8
23040.5 60889.4
22901.3 61599.6
22094.3 64244.6
21329.5 68436.9
21329.5 68434.6
22227.9 80659.7
22153.3 81648.3
21387.4 84994.5
20931.0 95140.2
15251.5 102311.0
13216.5 105682.0
13022.8 105811.0
12203.5 111540.0
11700.4 117377.0
10804.3 119243.0
8168.21 126450.0
8165.98 126461.0
7056.12 129415.0
7052.78 129440.0
4244.19 134570.0
4216.36 134654.0
4347.72 134859.0
4383.34 134973.0
4394.47 136584.0
4420.08 138312.0
4431.21 138312.0
4434.55 138254.0
4444.57 137711.0
4425.64 137686.0
4422.3 137255.0
4436.78 134959.0
4423.42 134977.0
4366.65 134843.0
4233.06 134643.0
4790.77 133626.0
4781.87 133634.0
8085.83 126768.0
9234.65 123159.0
11669.2 117700.0
12789.1 106795.0
18065.6 98234.9
20848.6 95353.9
21407.4 84422.3
21435.3 83380.4
21435.3 83387.1
20897.6 72586.8
21407.4 67922.6
23118.4 61112.0
30360.9 59090.5
37315.0 54326.0
41859.0 50351.9
42708.4 50189.4
43151.5 50089.2
43168.2 50051.3
44242.4 41023.3
43367.4 27480.2
43331.8 26418.2
43312.9 26362.5
41010.8 25115.8
40997.4 24532.4
40556.6 23931.3
40657.9 23439.3
41441.6 22548.7
41088.7 21235.2
41409.3 20268.9
41389.3 20224.4
41196.7 19888.2
41040.9 19155.7
40763.7 17445.9
40693.5 17301.1
40754.8 16143.4
40663.5 15972.0
41450.5 11171.9
41487.2 11149.6
41487.2 11138.5
41495.0 11138.5
41480.6 11174.1
41447.2 11185.2
41361.5 11572.6
40799.3 13433.9
40662.4 16065.5
40785.9 17029.5
40784.8 17595.0
40801.5 19155.7
40862.7 19209.2
41058.7 19186.9
41397.1 20736.5
41372.6 22818.1
40556.6 24029.3
41052.0 25238.2
43329.6 26413.7
44347.0 42214.4
44125.5 46783.0
43059.1 50102.5
40334.0 51449.5
40335.1 51454.0
32537.2 58560.6
28290.3 59152.8
23068.3 60844.9
23007.1 61087.5
21335.1 68425.7
20848.6 73343.8
21390.7 84961.1
21393.0 84965.6
20644.9 95658.9
14397.6 103734.0
13006.2 105994.0
12377.2 109407.0
10834.3 119230.0
9353.76 122616.0
9243.55 123070.0
8106.98 126650.0
8106.98 126657.0
7038.31 129467.0
6354.81 130662.0
4798.56 133597.0
4256.44 134565.0
4244.19 134754.0
4388.91 135033.0
4400.04 136596.0
4397.81 136596.0
4414.51 137442.0
4425.64 137433.0
4427.87 137419.0
4425.64 137410.0
4416.74 136647.0
4412.29 136562.0
4400.04 135004.0
4395.59 134973.0
4355.51 134817.0
4239.74 134676.0
4228.61 134647.0
7991.21 127067.0
10340.0 119699.0
11614.7 117845.0
11620.2 117818.0
11970.9 114289.0
12340.5 109837.0
12482.9 108222.0
13041.8 106196.0
13292.2 105851.0
14407.7 103792.0
21075.7 103347.0
21270.5 103302.0
21273.8 103311.0
21301.7 103280.0
21310.6 103235.0
21184.8 101586.0
21371.8 101570.0
22428.2 101666.0
22429.3 101641.0
22423.8 101563.0
22412.6 101525.0
22411.5 101510.0
22418.2 101519.0
22401.5 101641.0
22407.1 102939.0
22429.3 102957.0
22453.8 102961.0
22498.4 102961.0
22529.5 103013.0
22496.1 102913.0
22540.7 102977.0
22434.9 102968.0
22423.8 102990.0
22403.7 103224.0
22406.0 103340.0
22414.9 103347.0
22429.3 103329.0
22821.2 103280.0
22982.6 103280.0
22990.4 103266.0
23847.6 103311.0
23867.6 103329.0
23878.7 103329.0
23887.6 103302.0
24401.9 103458.0
24533.3 103841.0
24577.8 103814.0
25414.9 102739.0
27344.1 102746.0
27418.7 102634.0
30466.6 90867.7
30852.9 87784.2
32331.2 85462.1
34220.3 84544.8
36318.7 77663.0
37596.6 77513.8
38391.4 77386.9
38817.8 70438.4
38222.2 68234.3
41289.1 60259.3
42650.5 56692.7
42667.2 56579.1
42789.7 52794.2
44398.2 45850.1
44422.7 45881.3
44459.5 45954.8
44450.6 46017.1
44481.7 46010.4
44472.8 45972.6
44380.4 45814.5
44386.0 45709.9
42572.6 36303.4
43334.0 26436.0
43315.1 26351.4
41019.7 25131.3
41001.9 24521.3
40573.3 23918.0
40674.6 23430.4
41441.6 22582.1
41259.0 21682.7
41411.5 20177.6
41208.9 19872.6
41029.7 19109.0
40804.9 19144.6
40704.7 17817.7
40763.7 16159.0
40691.3 15816.1
40952.9 14384.6
40813.8 13356.0
41442.7 11171.9
41448.3 11185.2
41481.7 11167.4
41480.6 11096.2
41478.3 11078.4
