-4650.23 164621.0
-4649.12 164561.0
-4688.08 164532.0
-4713.69 164539.0
-4749.31 164543.0
-4761.55 164537.0
-4772.69 164528.0
-4763.78 164466.0
-4763.78 164472.0
-4782.7 164265.0
-4780.48 164250.0
-4791.61 164232.0
-4791.61 164192.0
-4754.87 164183.0
-4666.93 164194.0
-4654.69 164192.0
-4633.54 164192.0
-4619.06 164172.0
-4611.27 164183.0
-4526.67 164183.0
-4513.31 164192.0
-4476.58 164209.0
-4471.01 164216.0
-4426.48 164198.0
-4405.33 164105.0
-4329.63 164116.0
-4290.67 164187.0
-4281.77 164149.0
-4123.69 164127.0
-4123.69 164098.0
-4099.2 164127.0
-4068.03 164143.0
-3591.59 164160.0
-3581.57 164147.0
-3344.46 164127.0
-3325.53 164116.0
-3227.57 164091.0
-3130.72 164116.0
-3101.78 164094.0
-3013.84 164005.0
-2559.65 163913.0
-2390.45 163920.0
-2345.92 163909.0
-2045.36 163864.0
-2039.79 163809.0
-1410.84 163731.0
-578.167 163737.0
-569.261 163758.0
-569.261 164744.0
-366.66 169112.0
-375.565 169152.0
-374.452 169168.0
-324.358 169482.0
-314.339 169479.0
-313.226 169448.0
-372.226 167865.0
-344.396 167255.0
-358.867 166915.0
-388.924 166681.0
-411.187 166625.0
-420.093 166618.0
-572.601 166598.0
-600.431 166596.0
-1006.75 166587.0
-1086.9 166581.0
-1142.56 166574.0
-1168.16 166569.0
-1433.1 166496.0
-1752.59 166358.0
-1777.08 166313.0
-1839.42 166262.0
-1855.0 166229.0
-1858.34 166069.0
-1856.11 165841.0
-1863.91 165772.0
-1893.96 165757.0
-2414.94 165746.0
-2426.07 165761.0
-2431.64 165779.0
-2437.2 166380.0
-2442.77 166391.0
-2429.41 166418.0
-2428.3 166396.0
-2429.41 166376.0
-2417.16 164915.0
-2422.73 164917.0
-2411.6 164566.0
-2418.28 164521.0
-2434.98 164521.0
-2429.41 164376.0
-2420.5 164314.0
-2431.64 164181.0
-2440.54 164243.0
-2442.77 163998.0
-2431.64 163965.0
-2420.5 163960.0
-2106.58 163913.0
-2067.62 163847.0
-1669.1 163769.0
-1598.97 163737.0
-1580.04 163726.0
-1387.46 163702.0
-1383.01 163637.0
-1409.72 163624.0
-1819.38 163668.0
-2017.53 163671.0
-2023.09 163642.0
-2078.75 163101.0
-2184.51 162640.0
-2186.73 162199.0
-2136.64 162134.0
-2114.38 162134.0
-1878.38 162117.0
-1861.68 162155.0
-1841.64 162161.0
-1838.3 162190.0
-1833.85 162502.0
-1843.87 162562.0
-1824.94 162644.0
-1808.25 162640.0
-1800.45 162618.0
-1800.45 162602.0
-1810.47 162589.0
-1816.04 162555.0
-1861.68 162077.0
-2138.87 162110.0
-16849.7 162110.0
-2481.73 162132.0
-2595.28 162139.0
-2849.08 162168.0
-2986.01 162350.0
-3194.17 162277.0
-3207.53 162246.0
-3647.25 160926.0
-4616.84 160721.0
-11262.6 161086.0
-11283.8 154765.0
-11255.9 154736.0
-11233.7 154741.0
-11201.4 154781.0
-11195.8 154952.0
-11218.1 154977.0
-11251.5 154986.0
-13357.6 155141.0
-13365.4 155144.0
-13421.1 155141.0
-13487.9 155148.0
-13522.4 155130.0
-13669.3 155137.0
-13689.4 155148.0
-13706.1 155153.0
-13717.2 155153.0
-13752.8 155159.0
-13752.8 155121.0
-13988.8 155121.0
-14053.4 155119.0
-14129.1 155119.0
-14139.1 155121.0
-14148.0 155126.0
-14168.1 155130.0
-14209.2 155119.0
-14264.9 155110.0
-14311.7 155099.0
-14329.5 155097.0
-14337.3 155081.0
-14335.0 155052.0
-14331.7 155032.0
-14354.0 152817.0
-14335.0 152817.0
-14148.0 152848.0
-13060.4 152906.0
-13048.2 152922.0
-12797.7 152895.0
-11888.2 152911.0
-8524.15 152939.0
-6581.63 152888.0
-6127.44 152866.0
-4878.44 152810.0
-4871.76 152844.0
-4852.84 153518.0
-4860.63 153550.0
-4855.06 153567.0
-4855.06 153605.0
-4850.61 153672.0
-4856.17 153828.0
-4863.97 153875.0
-4839.48 154264.0
-4799.4 154340.0
-4766.01 154347.0
-4476.58 154351.0
-4454.31 154364.0
-4287.33 154335.0
-4277.31 154362.0
-4226.11 155938.0
-4227.22 155967.0
-4203.84 156072.0
-4154.86 156105.0
-3535.93 156101.0
-2724.41 156012.0
-2570.79 155990.0
-2540.73 155972.0
-2550.75 156045.0
-2531.82 156039.0
182.145 155967.0
234.466 155921.0
989.212 156068.0
1028.17 156068.0
1061.57 156072.0
1094.97 156043.0
1122.8 156034.0
1136.15 156027.0
2813.74 156005.0
2837.12 156032.0
2847.13 156016.0
2861.61 156016.0
2878.3 156021.0
4310.99 156034.0
5029.0 156039.0
5154.79 155994.0
5138.09 155999.0
4650.51 155994.0
4533.62 155976.0
4483.53 155979.0
4467.95 155983.0
4456.81 155979.0
4455.7 155967.0
4605.98 155010.0
4523.61 154870.0
4557.0 154068.0
4477.96 154013.0
4503.57 153819.0
4518.04 153790.0
4525.83 153723.0
4529.17 153585.0
4750.7 153115.0
4800.79 153000.0
4807.47 152683.0
4728.43 152559.0
4681.68 152543.0
4584.83 152472.0
4575.93 152454.0
4561.45 152405.0
4536.96 152298.0
4505.79 152198.0
4484.64 152171.0
4456.81 152147.0
4453.47 152120.0
4433.44 151815.0
1742.84 147004.0
1456.75 146848.0
1397.75 146993.0
1330.96 146995.0
1250.81 147055.0
1227.44 148139.0
1219.64 148146.0
1163.98 148153.0
587.348 148195.0
560.632 148269.0
557.292 148409.0
542.821 148420.0
543.934 148435.0
542.821 148473.0
512.764 148525.0
203.296 148513.0
203.296 148484.0
209.975 148447.0
219.994 148409.0
232.239 148346.0
270.088 147964.0
221.107 148102.0
236.692 148242.0
232.239 148313.0
206.636 148458.0
193.277 148473.0
137.618 148480.0
104.222 148509.0
42.9961 148513.0
6.26067 148507.0
4.03428 148480.0
11.8266 148420.0
17.3926 147830.0
4.03428 147696.0
-8.21086 147694.0
-4.87128 147712.0
4.03428 148498.0
17.3926 148520.0
36.3169 148529.0
53.0149 148520.0
150.976 148509.0
206.636 148496.0
418.143 148520.0
509.425 148518.0
520.557 148507.0
573.99 147790.0
573.99 147095.0
585.122 147033.0
599.594 147026.0
1851.94 147033.0
1867.52 147044.0
1863.07 147077.0
1861.96 147095.0
1865.3 147117.0
1867.52 147200.0
1865.3 147227.0
1874.2 147556.0
1870.86 147723.0
1856.39 147917.0
1870.86 149074.0
1889.79 149331.0
1915.39 149342.0
2115.77 149353.0
4381.12 149453.0
4384.46 149520.0
4369.98 152570.0
4310.99 152866.0
4323.23 152951.0
4356.63 153022.0
4406.72 153073.0
4477.96 153089.0
4539.19 153060.0
4998.94 152748.0
11581.3 152450.0
17500.1 152550.0
17739.5 152781.0
18368.4 153285.0
18755.8 153193.0
18793.7 153182.0
19178.8 153040.0
20620.4 153115.0
20758.4 153249.0
20862.0 153474.0
20986.6 153879.0
21457.5 155311.0
21559.9 155571.0
21682.4 155743.0
22283.5 156105.0
23457.9 156784.0
23675.0 156967.0
23680.6 156989.0
23676.1 157007.0
23461.3 158543.0
23353.3 158681.0
23297.6 159000.0
23296.5 159029.0
23294.3 159044.0
23297.6 159060.0
23307.7 159071.0
23765.2 159360.0
23973.3 159539.0
23992.3 159550.0
23997.8 159530.0
24138.1 158321.0
24209.3 157849.0
24232.7 157860.0
25036.4 159156.0
25108.8 159227.0
25136.6 159218.0
26236.5 158292.0
28423.9 156684.0
28406.1 156635.0
26803.1 153930.0
26472.5 153396.0
25481.7 152325.0
25446.1 152258.0
25465.0 152225.0
25991.6 151637.0
26171.9 151564.0
26175.2 151568.0
26194.2 151559.0
26914.4 151069.0
27029.1 150969.0
27073.6 150934.0
27941.9 150524.0
28785.7 150388.0
31120.1 151040.0
31819.1 151218.0
31832.5 151256.0
31996.1 152514.0
31919.3 153029.0
31780.2 153730.0
31395.0 157724.0
31479.6 157942.0
32183.2 159461.0
32714.2 163958.0
32720.8 164005.0
32743.1 164058.0
35895.7 167498.0
36828.5 170325.0
36838.5 170377.0
36861.9 170559.0
36828.5 171105.0
36789.6 171307.0
36477.9 173008.0
36448.9 173522.0
36955.4 176582.0
37578.8 179360.0
39316.5 183174.0
40022.3 184240.0
40066.8 184285.0
40317.3 184369.0
41522.9 184730.0
42437.9 184975.0
42702.9 185200.0
43890.6 186834.0
44069.9 187170.0
45035.0 189305.0
45057.3 189305.0
45081.7 189301.0
46695.9 189842.0
46701.4 189829.0
46704.8 189780.0
46729.3 189780.0
46691.4 189857.0
46061.4 189768.0
46055.8 189795.0
46075.8 190521.0
46072.5 190543.0
47628.7 193464.0
47639.9 193453.0
47643.2 193397.0
47642.1 192848.0
47745.6 192852.0
47759.0 192819.0
47803.5 192496.0
47732.3 192478.0
47721.1 192451.0
47714.5 192425.0
47712.2 192391.0
47706.7 192358.0
47692.2 192358.0
47662.1 192344.0
47671.0 192335.0
47697.8 192355.0
47704.4 192369.0
47726.7 192485.0
47740.1 192496.0
47797.9 192507.0
47801.3 192534.0
47736.7 192868.0
47623.2 192885.0
47620.9 192901.0
47632.1 193393.0
47632.1 193446.0
47625.4 193446.0
47614.3 193426.0
47096.6 192122.0
47055.4 192033.0
43941.8 186892.0
42480.2 184975.0
39933.2 184151.0
39244.2 182982.0
38723.2 181771.0
38714.3 181771.0
37387.3 178608.0
37317.2 178209.0
36471.2 173166.0
36869.7 170432.0
36493.5 169290.0
36489.0 169270.0
35836.7 167389.0
32793.2 164080.0
28732.3 161961.0
27724.8 161420.0
25780.1 160307.0
25145.5 159311.0
23865.4 157212.0
23505.8 156646.0
23491.3 156651.0
23446.8 156718.0
23444.6 156744.0
22973.7 156473.0
22554.0 156239.0
21680.2 155698.0
21535.5 155493.0
21153.6 154362.0
20786.3 153285.0
20637.1 153100.0
19217.8 152982.0
19139.9 152955.0
17958.8 152784.0
17900.9 152632.0
17386.6 152387.0
17201.8 152370.0
17197.3 152354.0
17208.5 152225.0
17194.0 152216.0
16771.0 152127.0
16752.1 152102.0
16726.4 151898.0
16762.1 151715.0
16750.9 151679.0
16689.7 151630.0
16657.4 151635.0
16145.4 151768.0
15674.5 151690.0
15665.6 151682.0
15665.6 151653.0
15739.0 150800.0
15632.2 148988.0
15574.3 147382.0
15515.3 145301.0
15609.9 145245.0
15721.2 145163.0
15766.9 145091.0
16064.1 144936.0
16067.4 144911.0
16047.4 144746.0
16067.4 144729.0
16099.7 144695.0
16103.1 144673.0
16080.8 144473.0
16071.9 144466.0
16060.8 144490.0
16086.4 144729.0
16055.2 144751.0
16044.1 144757.0
16044.1 144784.0
16064.1 144896.0
16069.7 144918.0
16061.9 144936.0
15743.5 145118.0
15711.2 145169.0
15507.5 145319.0
15498.6 145356.0
15485.2 145548.0
15671.1 149898.0
15650.0 149916.0
15264.8 150072.0
15225.9 150067.0
14865.2 150034.0
14850.7 149998.0
14826.2 149063.0
14815.1 148992.0
14798.4 148959.0
14770.6 148943.0
12726.7 149070.0
8188.24 149159.0
7868.76 149204.0
7609.38 149326.0
7544.82 149331.0
7529.23 149342.0
7606.04 150691.0
7584.89 150769.0
6993.79 150856.0
6935.9 150858.0
6418.26 150896.0
6098.78 150913.0
6053.14 150913.0
6015.29 150929.0
5947.38 150945.0
5865.01 150925.0
5863.89 150985.0
5850.53 150967.0
5836.06 150951.0
5806.01 150947.0
5780.4 150922.0
5622.33 150918.0
5513.24 150911.0
5475.39 150896.0
5299.5 150913.0
5268.33 150913.0
4481.3 150991.0
4470.17 150985.0
4395.59 150989.0
4369.98 151023.0
4367.76 151080.0
4394.47 151223.0
4403.38 151259.0
4505.79 152038.0
4807.47 152027.0
4811.92 152091.0
4809.7 152131.0
4811.92 152176.0
4839.75 152394.0
4854.22 152398.0
4907.66 152427.0
4963.32 152405.0
4973.34 152209.0
5023.43 152194.0
5029.0 152198.0
5021.2 152198.0
5007.85 152225.0
4990.03 152227.0
4971.11 152216.0
4868.7 152503.0
4826.39 152416.0
4824.17 152383.0
4826.39 152343.0
4815.26 152225.0
4809.7 152069.0
4793.0 152053.0
4467.95 152020.0
4434.55 151181.0
4306.53 150996.0
3596.31 151063.0
3178.87 151029.0
3162.17 151014.0
3139.9 151014.0
2213.73 150851.0
1305.36 150210.0
1299.79 150199.0
1288.66 149308.0
1295.34 145359.0
1280.87 145334.0
679.744 145307.0
665.272 145312.0
648.574 145314.0
612.952 145314.0
592.914 145319.0
95.3163 145319.0
-542.544 145334.0
-1136.99 145341.0
-1743.68 145323.0
-1754.81 145312.0
-1765.95 145267.0
-1793.78 144945.0
-1819.38 144858.0
-1813.81 143731.0
-1875.04 143593.0
-1966.32 143508.0
-2217.9 143426.0
-6669.57 143604.0
-8240.29 143631.0
-8267.0 143633.0
-8882.6 143727.0
-9114.15 143865.0
-9670.74 144277.0
-9786.51 144332.0
-10162.8 144535.0
-10368.7 144635.0
-10404.3 144628.0
-10426.6 144595.0
-10438.8 144533.0
-10524.6 143021.0
-10544.6 143030.0
-10494.5 143500.0
-10488.9 143571.0
-10487.8 143609.0
-10500.1 144644.0
-10505.6 144673.0
-10513.4 144680.0
-10541.3 144673.0
-10589.1 144666.0
-10580.2 144666.0
-10527.9 144673.0
-10513.4 144706.0
-10594.7 144951.0
-10599.1 145196.0
-10576.9 145630.0
-10591.4 145659.0
-10615.8 145653.0
-10660.4 145586.0
-10647.0 145541.0
-10578.0 145526.0
-10633.7 145445.0
-10519.0 145503.0
-10493.4 145514.0
-10483.4 145514.0
-10433.3 145575.0
-10471.1 145648.0
-10487.8 145657.0
-10507.9 145641.0
-10499.0 145263.0
-10485.6 145051.0
-10415.5 144855.0
-10324.2 144735.0
-8776.85 143720.0
-8255.87 143664.0
-7953.08 143704.0
-7941.95 143682.0
-7947.52 143578.0
-7964.21 143566.0
-8034.35 143571.0
-8069.97 143566.0
-8278.14 143598.0
-8385.0 143609.0
-8696.7 143631.0
-8707.83 143622.0
-8713.4 143593.0
-8726.75 143186.0
-8718.96 143170.0
-7950.86 143143.0
-7966.44 143210.0
-7969.78 143342.0
-7964.21 143488.0
-7906.33 143756.0
-7838.42 143860.0
-7880.73 144666.0
-7882.95 144677.0
-8570.91 145252.0
-8635.47 145274.0
-8680.0 144145.0
-8684.45 143738.0
-8615.43 143711.0
-8587.6 143682.0
-8513.02 143682.0
-8501.89 143700.0
-8164.59 143709.0
-7828.41 143809.0
-7821.73 143816.0
-7791.67 143820.0
-6881.08 144722.0
-6381.25 145414.0
-6377.91 145414.0
-6263.25 145463.0
-6155.27 145474.0
-6112.97 145512.0
-6030.6 145546.0
-4860.63 145419.0
-4694.76 145414.0
-4452.08 145452.0
-3948.92 145474.0
-3937.79 145537.0
-3909.96 145581.0
-3871.0 145597.0
-3839.83 145601.0
-3759.68 145579.0
-3748.55 145592.0
-3736.3 145926.0
-3728.51 145909.0
-3720.72 145998.0
-3722.94 146031.0
-3717.38 146247.0
-3714.04 146303.0
-3709.58 146316.0
-3706.24 146525.0
-3695.11 146873.0
-3695.11 147004.0
-3686.21 147026.0
-2016.41 147026.0
-1816.04 147100.0
-1769.29 147104.0
-1749.25 147093.0
-1672.44 147026.0
-778.542 147015.0
-764.07 147028.0
-747.372 147040.0
-739.58 147073.0
-730.674 148398.0
-719.542 148413.0
-703.958 148525.0
-734.014 148536.0
-1399.7 148509.0
-1416.4 148480.0
-1424.19 148291.0
-1463.16 148012.0
-1504.34 147785.0
-1521.04 147774.0
-1749.25 147783.0
-1758.15 147763.0
-1755.93 147728.0
-1758.15 147690.0
-1755.93 147607.0
-1789.32 146570.0
-1780.42 146521.0
-1782.64 146494.0
-1836.08 143831.0
-1863.91 143644.0
-1850.55 143589.0
-1822.72 143549.0
-1783.76 143520.0
-492.451 143386.0
5371.86 132788.0
7882.11 128514.0
14077.0 123426.0
15006.6 121596.0
15025.5 121567.0
15613.3 119911.0
15438.5 115095.0
15509.7 114955.0
15579.9 114890.0
15693.4 114855.0
15874.9 114817.0
15878.2 114788.0
15877.1 114606.0
15854.8 114323.0
15828.1 114260.0
15810.3 114254.0
15794.7 114234.0
15749.1 114160.0
15724.6 114171.0
15509.7 114245.0
15407.3 114283.0
15242.6 114423.0
15245.9 114612.0
15290.4 114728.0
15346.1 114788.0
15420.7 114813.0
15481.9 114784.0
15540.9 114706.0
15579.9 114588.0
15585.4 114479.0
15568.7 114278.0
15577.6 114278.0
15583.2 114300.0
15599.9 114528.0
15604.3 114946.0
15527.5 114968.0
15524.2 114957.0
15468.5 115051.0
15431.8 115202.0
15387.3 115890.0
15392.8 115981.0
15409.5 116137.0
15424.0 116380.0
15410.7 116404.0
15449.6 116525.0
15470.8 116531.0
15576.5 116520.0
15622.2 116538.0
15644.4 116542.0
15680.0 116538.0
15711.2 116525.0
15743.5 116516.0
15758.0 116538.0
15765.8 116614.0
15778.0 116781.0
15785.8 116805.0
15808.1 117050.0
15971.7 119143.0
15975.0 119232.0
15916.0 119748.0
15910.5 119777.0
15838.1 119889.0
15847.0 119878.0
15883.8 119886.0
15362.8 121136.0
15199.1 121452.0
14557.9 123077.0
14205.1 123883.0
14177.2 123972.0
14140.5 124072.0
14123.8 124150.0
13857.7 124508.0
13856.6 124551.0
13851.1 124562.0
13757.6 124620.0
13573.9 124724.0
13064.0 125065.0
12867.0 125241.0
12622.1 125432.0
12340.5 125608.0
12312.6 125648.0
12282.6 125682.0
12240.3 125722.0
12181.3 125744.0
12021.0 125815.0
11770.5 125998.0
11733.8 126011.0
11646.9 126078.0
11624.7 126078.0
11585.7 126138.0
11586.8 126194.0
12624.3 129594.0
12622.1 129596.0
12744.6 130451.0
13572.8 138132.0
14077.0 141629.0
14514.5 141739.0
14859.6 141734.0
14878.5 141772.0
14898.6 141850.0
14959.8 142135.0
14969.8 142164.0
15245.9 144599.0
15493.0 145223.0
15487.5 145686.0
15560.9 147184.0
15566.5 147244.0
15585.4 147652.0
15599.9 148064.0
15594.3 148090.0
15674.5 149920.0
15666.7 149934.0
15182.4 150083.0
15143.5 150045.0
14308.6 150121.0
14296.3 150143.0
14290.8 150212.0
14177.2 150989.0
14160.5 151067.0
14084.8 151497.0
5266.11 152703.0
4247.53 152659.0
4234.17 152655.0
4225.27 152655.0
4195.21 152661.0
4180.74 152659.0
4156.25 152666.0
4138.44 152666.0
4110.61 152670.0
4052.72 152670.0
4011.54 152661.0
3874.61 152661.0
3844.56 152655.0
3598.54 152655.0
3566.26 152659.0
3542.88 152650.0
3520.62 152648.0
3510.6 152643.0
3320.24 152643.0
3290.19 152661.0
3265.7 152666.0
3034.15 152677.0
3000.75 152666.0
2958.45 152655.0
2948.43 152559.0
1494.6 152672.0
1394.41 152715.0
276.767 152639.0
-203.02 152639.0
-947.747 152628.0
-3279.89 152661.0
-3881.02 152677.0
-3897.71 152666.0
-3903.28 152666.0
-3937.79 152626.0
-3951.15 152632.0
-3964.51 152632.0
-3982.32 152666.0
-4068.03 152650.0
-4075.83 152632.0
-4103.65 152599.0
-4114.79 152621.0
-4120.35 152626.0
-4114.79 152581.0
-4109.22 152550.0
-4098.09 152503.0
-4093.64 152470.0
-4114.79 151920.0
-4104.77 152125.0
-4065.81 152149.0
-4021.28 152171.0
-3898.83 152187.0
-3875.45 152205.0
-3850.96 152180.0
-3815.34 152169.0
-3809.77 152165.0
-3786.39 152180.0
-3742.98 152176.0
-3728.51 152142.0
-3700.68 152265.0
-3647.25 152231.0
-3637.23 152243.0
-3563.76 153694.0
-3564.87 153712.0
-3561.53 153801.0
-3558.19 154186.0
-3547.06 154676.0
-3541.49 154692.0
-3525.91 154707.0
-3522.57 154725.0
-3519.23 154830.0
-3519.23 154970.0
-3558.19 155155.0
-3525.91 155259.0
-3491.4 155282.0
-3496.96 156001.0
-3500.3 156034.0
-3494.74 156068.0
-3485.83 156090.0
-3463.57 156101.0
-3433.51 156099.0
-2537.39 155990.0
-2515.13 155983.0
-2489.52 155961.0
-1448.69 155987.0
-1421.97 155979.0
-1327.35 155967.0
-1131.42 155938.0
492.727 155990.0
527.236 156001.0
532.802 156010.0
607.386 156043.0
638.555 156050.0
1195.15 156023.0
1706.11 156001.0
1715.01 155994.0
4336.59 156043.0
5029.0 156039.0
5074.64 156005.0
5151.45 156001.0
5152.56 155987.0
5126.96 155979.0
4445.68 155976.0
4434.55 155956.0
4431.21 155921.0
4425.64 154418.0
4473.51 153374.0
4514.7 153349.0
4522.49 153322.0
4525.83 153162.0
4614.89 153044.0
4800.79 152844.0
4811.92 152795.0
4801.9 152583.0
4770.73 152565.0
4575.93 152461.0
4557.0 152403.0
4514.7 152203.0
4464.61 151123.0
4492.44 151067.0
4740.68 151114.0
4898.75 151089.0
4926.58 151107.0
5065.73 151080.0
5093.56 151069.0
5811.57 151003.0
5837.18 151011.0
5847.19 151011.0
5889.5 150991.0
5956.29 150991.0
7544.82 150800.0
7573.76 150711.0
7594.91 150700.0
7607.16 150673.0
7567.08 150221.0
7525.89 149404.0
7486.93 148246.0
7506.97 148195.0
7479.14 147538.0
7464.67 147567.0
7459.1 147750.0
7450.2 147756.0
7440.18 147741.0
7433.5 147627.0
7383.4 147572.0
7262.07 147634.0
7152.97 147607.0
7147.41 147596.0
7139.61 147612.0
7144.07 147634.0
7177.46 147656.0
7275.42 147701.0
7292.12 147696.0
7303.25 147674.0
7397.87 147685.0
7409.01 147672.0
7436.84 147690.0
7459.1 147756.0
7455.76 147785.0
7459.1 147801.0
7470.23 147819.0
7475.8 147841.0
7506.97 149208.0
7511.42 149226.0
7509.19 149331.0
7520.33 149371.0
7540.36 149382.0
7568.19 149386.0
7687.31 149359.0
7873.21 149277.0
7878.78 149286.0
7882.11 149299.0
7896.59 149927.0
7848.72 150372.0
7907.72 150691.0
7902.15 150689.0
7878.78 150691.0
7770.8 150729.0
7700.66 150684.0
7700.66 150722.0
7692.87 150740.0
7679.51 150744.0
7637.21 150767.0
7603.82 150751.0
7572.65 150722.0
7561.51 150746.0
7540.36 150773.0
7509.19 150791.0
7453.53 150733.0
7156.31 150844.0
7134.05 150885.0
7002.69 150902.0
6982.65 150891.0
6910.3 150925.0
6365.94 150934.0
6340.34 150947.0
5870.57 150945.0
5850.53 151089.0
5597.84 151103.0
5162.58 150980.0
5126.96 150985.0
4980.02 151018.0
4614.89 151023.0
4479.08 150996.0
4361.08 151141.0
4378.89 151185.0
4392.25 151325.0
4334.36 152280.0
4266.46 152499.0
4266.46 153006.0
4355.51 153200.0
4462.38 153211.0
4831.96 152884.0
4857.56 153196.0
4865.36 153518.0
4951.07 153505.0
4974.45 153494.0
5254.97 153494.0
5262.77 153496.0
5277.24 153494.0
5293.94 153496.0
5313.97 153494.0
5313.97 153474.0
5301.73 153452.0
5241.62 153456.0
5146.99 153494.0
5123.62 153501.0
5049.03 153489.0
5024.54 153472.0
4837.53 153474.0
4750.7 153472.0
4584.83 153474.0
4509.13 153456.0
4501.34 153438.0
4516.93 153360.0
4522.49 153193.0
4587.06 153084.0
4807.47 152833.0
4811.92 152614.0
4784.09 152581.0
4578.15 152459.0
4561.45 152414.0
4511.36 152198.0
4461.27 152125.0
4634.93 151363.0
5007.85 152454.0
4557.0 151735.0
4573.7 151686.0
4683.91 151548.0
5655.72 151025.0
5876.14 151036.0
5886.16 151029.0
5895.06 151029.0
6031.98 151011.0
6059.81 151000.0
6295.81 150967.0
6310.28 150967.0
7472.46 150836.0
7796.4 150789.0
7804.19 150780.0
7818.66 150780.0
7884.34 150751.0
7893.25 150751.0
7913.28 150744.0
7917.74 150762.0
8029.06 151742.0
8046.87 151748.0
8639.09 151657.0
8809.41 151635.0
8830.56 151648.0
8836.12 151693.0
8876.2 152414.0
10188.7 152617.0
10434.7 152855.0
10522.6 152859.0
10628.4 152817.0
10704.1 152695.0
10778.6 152581.0
10895.5 152521.0
12190.2 152454.0
12192.4 152476.0
12188.0 152516.0
12199.1 152510.0
12212.4 152516.0
12234.7 152592.0
12254.7 152525.0
12248.1 152488.0
12249.2 152472.0
12268.1 152470.0
14002.5 152191.0
13990.2 152171.0
13553.8 152227.0
13462.6 152236.0
11687.0 152354.0
11675.9 152358.0
11663.6 152370.0
11652.5 152372.0
11605.8 151348.0
11591.3 151259.0
11577.9 150996.0
11591.3 150974.0
12527.5 150891.0
12533.0 150907.0
13544.9 151023.0
13556.1 151018.0
14079.3 151136.0
14107.1 151158.0
14138.3 151156.0
14163.9 151096.0
14308.6 150121.0
14324.2 150116.0
14561.3 150076.0
14589.1 150061.0
15466.3 150050.0
15668.9 149934.0
15674.5 149949.0
15719.0 150513.0
15715.7 150651.0
15722.3 150778.0
15737.9 150978.0
15716.8 151170.0
15637.7 151682.0
15616.6 151704.0
14987.6 151370.0
12700.0 150885.0
12677.8 150891.0
12560.9 150878.0
11614.7 150911.0
11269.6 150911.0
10494.8 150856.0
10475.9 150858.0
9167.85 150733.0
9132.23 150724.0
9081.03 150722.0
9045.4 150713.0
8703.65 150669.0
8691.41 150666.0
8633.52 150662.0
8371.92 150655.0
7765.23 150740.0
7657.25 150767.0
7609.38 150800.0
6943.69 150878.0
6384.87 150934.0
4605.98 151040.0
4611.55 151078.0
4672.77 151069.0
4717.3 151092.0
4729.55 151074.0
4742.91 151074.0
4746.24 151134.0
4772.96 151129.0
4939.94 151085.0
4974.45 151085.0
5913.99 151025.0
5920.67 151034.0
6067.61 150991.0
6104.34 150989.0
6195.62 150967.0
6375.96 150951.0
6599.71 150947.0
6674.3 150929.0
6677.64 150907.0
6360.38 150911.0
5872.8 150940.0
4990.03 150996.0
4776.3 151003.0
4533.62 151018.0
4492.44 151011.0
4245.31 151067.0
4269.8 151058.0
4280.93 151067.0
4303.19 151134.0
4334.36 151163.0
4253.1 152336.0
4238.63 152514.0
4267.57 153084.0
4238.63 153111.0
3949.2 153104.0
1388.85 153474.0
1319.83 153474.0
1314.26 153463.0
1312.04 153340.0
1305.36 153318.0
1310.93 153106.0
1308.7 153073.0
1323.17 153055.0
1336.53 153051.0
1358.79 153066.0
1411.11 153073.0
1462.32 153095.0
1483.47 153095.0
1503.51 153100.0
1516.87 153118.0
1514.64 153160.0
1520.21 153171.0
1572.53 153078.0
1598.13 153029.0
1659.36 153040.0
1667.15 153037.0
1676.05 153022.0
1689.41 152973.0
1683.85 152948.0
1720.58 152726.0
1739.51 152706.0
2814.85 152726.0
2895.0 152744.0
2902.79 152750.0
2911.7 152766.0
3034.15 152737.0
3108.73 152706.0
3657.54 152717.0
3744.37 152639.0
4113.95 152759.0
4378.89 153218.0
4505.79 153173.0
4534.74 153138.0
4748.47 152906.0
4800.79 152855.0
4813.04 152804.0
4800.79 152614.0
4779.64 152572.0
4642.72 152516.0
4584.83 152481.0
4567.02 152443.0
4509.13 152194.0
4462.38 152149.0
4436.78 152176.0
4464.61 151225.0
4473.51 151100.0
4500.23 151063.0
4523.61 151058.0
4570.36 151067.0
4595.96 151067.0
4909.88 151052.0
4928.81 151034.0
5813.8 151014.0
5830.5 151000.0
5881.7 151000.0
5892.84 151003.0
6206.76 150958.0
6288.02 150958.0
7596.02 150811.0
7600.48 150856.0
7600.48 150891.0
7617.17 151023.0
7606.04 151063.0
7598.25 151201.0
7584.89 151207.0
7442.4 151212.0
7433.5 151236.0
7433.5 151368.0
7492.5 151374.0
7494.72 151385.0
7492.5 151463.0
7490.27 151479.0
7481.36 151503.0
7489.16 151470.0
7486.93 151412.0
7484.7 151401.0
7429.04 151403.0
7423.48 151325.0
7427.93 151252.0
7439.06 151241.0
7584.89 151230.0
7594.91 151207.0
7596.02 150824.0
7587.12 150811.0
7600.48 150769.0
7557.06 149983.0
7553.72 149961.0
7544.82 149733.0
7537.02 149678.0
7525.89 149415.0
7501.4 149066.0
7490.27 148776.0
7489.16 146714.0
7479.14 146703.0
7464.67 146706.0
7249.82 146717.0
7247.59 146766.0
7253.16 146826.0
7256.5 146832.0
7258.73 146859.0
7250.93 146832.0
7250.93 146826.0
7278.76 146881.0
7319.95 146906.0
7338.88 146910.0
7339.99 146917.0
7333.31 146944.0
7333.31 146959.0
7183.03 146904.0
7178.58 146922.0
7167.44 146928.0
7155.2 146926.0
7141.84 146904.0
7071.71 146877.0
7067.26 146755.0
7088.41 146743.0
7267.63 146761.0
7459.1 146761.0
7473.57 147104.0
7472.46 147418.0
7500.29 149181.0
7512.53 149299.0
7545.93 149344.0
7579.33 149355.0
7807.53 149315.0
7867.64 149286.0
7879.89 149293.0
7882.11 149308.0
7887.68 150038.0
7854.28 150361.0
7904.38 150617.0
8068.02 152191.0
8084.72 152499.0
8073.58 152516.0
7670.61 152695.0
7283.22 152677.0
7267.63 152672.0
7250.93 152677.0
6813.45 152659.0
6827.92 152583.0
7032.75 152581.0
7138.5 152481.0
7139.61 152427.0
7136.27 151869.0
7125.14 151857.0
6919.2 151746.0
6928.11 151686.0
6791.18 151508.0
6774.49 151470.0
6761.13 151412.0
6754.45 151141.0
6748.88 151123.0
6750.0 151100.0
6757.79 151080.0
6754.45 151007.0
6748.88 150974.0
6750.0 150958.0
7167.44 150880.0
7511.42 150818.0
7550.38 150813.0
7567.08 150818.0
7579.33 150824.0
7770.8 150780.0
7878.78 150758.0
7937.77 150729.0
8013.47 150724.0
8115.89 150695.0
8279.53 150689.0
8321.83 150669.0
8455.41 150680.0
8605.69 150689.0
8646.88 150689.0
8735.94 150695.0
8809.41 150706.0
8852.82 150706.0
9248.0 150762.0
9262.48 150767.0
9318.14 150769.0
10317.8 150869.0
10338.9 150867.0
10355.6 150862.0
10373.4 150867.0
10456.9 150880.0
10470.3 150878.0
10481.4 150867.0
10492.6 150867.0
10503.7 150862.0
11541.2 150925.0
14045.9 151145.0
14057.0 151147.0
14068.1 151134.0
14080.4 151145.0
14124.9 151163.0
14147.2 151201.0
14155.0 151218.0
14903.0 151401.0
14904.1 151426.0
14900.8 151546.0
14895.2 151575.0
14906.4 151637.0
14900.8 151775.0
14893.0 151786.0
14876.3 151786.0
14859.6 151791.0
14900.8 151759.0
14900.8 151403.0
14908.6 151352.0
14900.8 151336.0
14778.4 151296.0
14745.0 151279.0
14157.2 151118.0
14305.2 150132.0
14321.9 150121.0
15140.1 150087.0
15140.1 150072.0
15121.2 150061.0
14305.2 150110.0
14294.1 150128.0
14199.5 150934.0
14188.4 150922.0
14162.8 151078.0
14088.2 151459.0
14104.9 152091.0
14090.4 152109.0
14047.0 152127.0
13570.5 152243.0
5889.5 152692.0
4403.38 152516.0
4299.85 152632.0
3871.27 153229.0
-734.014 153846.0
-814.164 154013.0
-847.56 154235.0
-826.409 154770.0
-825.296 154841.0
-817.504 155063.0
-806.372 155872.0
-823.07 155898.0
-903.22 155901.0
-1114.73 155894.0
-1813.81 155916.0
-1828.28 155909.0
-2011.96 155921.0
-2344.81 155923.0
-3845.39 156076.0
-3904.39 156054.0
-4021.28 156050.0
-4964.15 156154.0
-5200.15 156201.0
-6077.35 156602.0
-7120.41 156829.0
-7960.88 156889.0
-8108.93 156889.0
-8128.97 156891.0
-8350.49 156880.0
-8717.85 156896.0
-8790.21 156896.0
-8835.85 156902.0
-9213.22 156896.0
-9272.22 156878.0
-9569.44 156880.0
-10138.3 156869.0
-13394.4 156722.0
-13448.9 156722.0
-13814.1 156702.0
-14292.7 156789.0
-14339.5 156818.0
-14348.4 156802.0
-14348.4 156355.0
-14335.0 156306.0
-14300.5 156206.0
-14296.1 156101.0
-14262.7 156016.0
-14250.4 156005.0
-14214.8 156001.0
-14083.4 155999.0
-13532.4 155976.0
-13474.5 155923.0
-13463.4 155898.0
-13460.1 155248.0
-9826.59 154669.0
-9185.39 154640.0
-9138.64 154654.0
-8734.55 154636.0
-8595.4 154640.0
-8485.19 154640.0
-8472.94 154658.0
-8456.25 155333.0
-8450.68 155382.0
-8422.85 156076.0
-8431.76 156112.0
-8437.32 156484.0
-8420.62 156568.0
-8420.62 156633.0
-8423.96 156744.0
-8433.98 156858.0
-8420.62 156889.0
-8392.79 156914.0
-7387.58 156889.0
-5895.9 156524.0
-5860.28 156502.0
-3704.02 156088.0
-3652.81 156094.0
-2678.77 155979.0
-1282.82 155943.0
1077.15 155990.0
3006.32 156021.0
3034.15 156001.0
3050.85 155979.0
3064.21 155938.0
3097.6 152766.0
3100.94 152739.0
3112.07 152717.0
3125.43 152706.0
3175.53 152703.0
4138.44 152784.0
4217.48 152882.0
4477.96 153229.0
4512.47 153184.0
4893.19 152821.0
5096.9 152759.0
7108.44 152781.0
8813.86 152432.0
8822.76 152432.0
8839.46 152427.0
8850.59 152436.0
8853.93 152450.0
8859.5 152516.0
8869.52 152521.0
8911.82 152516.0
8931.86 152499.0
9056.54 152505.0
9059.87 152521.0
9059.87 152537.0
11767.2 149920.0
11970.9 149889.0
12076.6 149843.0
12078.9 149834.0
12071.1 149838.0
11969.8 149856.0
11570.1 149909.0
11566.8 149923.0
11557.9 150116.0
11542.3 150190.0
11559.0 150822.0
11563.5 150858.0
11561.2 150880.0
11552.3 150889.0
11383.1 150900.0
10650.6 150862.0
9366.0 150758.0
8633.52 150662.0
8452.07 150657.0
8463.2 150600.0
8455.41 150673.0
8553.37 152336.0
8544.47 152343.0
1907.6 152643.0
768.799 152632.0
694.215 152550.0
219.994 152550.0
-1674.66 152583.0
-1683.57 152559.0
-1685.8 152354.0
-1676.89 152321.0
-1657.97 152309.0
-1635.7 152349.0
-1626.8 152528.0
-1613.44 153351.0
-1630.14 153362.0
-1836.08 153362.0
-1969.66 153371.0
-2556.31 153389.0
-2570.79 153367.0
-2617.54 153182.0
-2629.78 153178.0
-2620.88 153189.0
-2628.67 153267.0
-2609.75 153222.0
-2609.75 153367.0
-2623.11 153374.0
-2846.86 153400.0
-2852.42 153378.0
-2862.44 153222.0
-2865.78 153204.0
-2863.56 153173.0
-2863.56 153138.0
-2843.52 152737.0
-2863.56 152688.0
827.799 152661.0
946.91 152688.0
1011.48 152706.0
1019.27 152715.0
1116.12 152715.0
1303.13 152695.0
1345.43 152706.0
1342.09 152721.0
1358.79 152770.0
1581.43 152728.0
1622.62 152643.0
1874.2 152661.0
2340.63 152681.0
2357.33 152659.0
3073.11 152688.0
3097.6 152405.0
3089.81 152276.0
2976.26 152383.0
2976.26 152327.0
3073.11 151129.0
4342.15 151074.0
4353.29 151078.0
4375.55 151107.0
4466.83 151112.0
4548.1 151078.0
4633.81 150922.0
5858.33 151011.0
5859.44 151007.0
7495.84 150813.0
7637.21 150789.0
7659.48 150758.0
7887.68 150724.0
8544.47 150666.0
8797.16 150695.0
8958.57 150718.0
8978.61 150713.0
10522.6 150902.0
10520.4 150929.0
11180.5 150936.0
12574.2 150891.0
13568.3 151036.0
13626.2 151067.0
13667.4 151096.0
14052.6 151196.0
14079.3 151212.0
14158.3 152922.0
14155.0 152937.0
14155.0 152960.0
14163.9 152988.0
14177.2 153489.0
14157.2 153496.0
13876.7 153463.0
13862.2 153485.0
13857.7 153512.0
13854.4 153630.0
13851.1 153645.0
13876.7 153656.0
13878.9 153639.0
13876.7 153496.0
13887.8 153478.0
13934.6 153472.0
14177.2 153485.0
14186.1 153472.0
14188.4 153440.0
14146.1 152321.0
14147.2 152254.0
14158.3 152238.0
14177.2 152231.0
16604.0 152494.0
17522.4 152614.0
17725.0 152826.0
18056.7 153338.0
18159.1 153362.0
18655.6 153271.0
18772.5 153371.0
18883.8 153329.0
18908.3 153305.0
18919.4 153267.0
18945.0 153144.0
18972.9 153104.0
19047.5 153078.0
19565.1 153060.0
19646.4 153044.0
20286.4 153017.0
20647.1 153138.0
20775.1 153307.0
20971.1 153868.0
21615.6 155676.0
23090.6 156295.0
23280.9 156310.0
23314.3 156350.0
23483.5 156640.0
23483.5 156655.0
23446.8 156722.0
23478.0 156700.0
23508.0 156684.0
23572.6 156778.0
25066.5 159218.0
27237.2 161175.0
32658.5 164027.0
32676.3 164038.0
35804.4 167349.0
36062.6 167865.0
36869.7 170588.0
36849.7 171007.0
36455.6 173605.0
37509.8 179166.0
39121.7 182729.0
39938.8 184153.0
40164.8 184336.0
42675.0 185166.0
43563.4 186473.0
44075.4 187186.0
45129.6 189452.0
47047.7 192055.0
47625.4 193460.0
47637.6 193453.0
47645.4 193424.0
47626.5 192874.0
47806.9 192500.0
47790.2 192489.0
47734.5 192473.0
47723.4 192445.0
47714.5 192389.0
47712.2 192358.0
47698.9 192344.0
47678.8 192291.0
47686.6 192278.0
47773.5 192669.0
47742.3 192859.0
47731.2 192863.0
47690.0 192859.0
47678.8 192856.0
47642.1 192863.0
47631.0 192870.0
47623.2 192890.0
47620.9 192908.0
47626.5 193157.0
47628.7 193175.0
47642.1 193424.0
47634.3 193435.0
47623.2 193426.0
47108.9 192151.0
45856.5 190209.0
44511.8 188310.0
43946.3 186896.0
42511.4 184997.0
42476.9 184977.0
40708.0 184410.0
40012.3 184220.0
39344.3 183218.0
38469.4 181208.0
36565.8 174678.0
-20239.4 102465.0
36466.7 173182.0
36772.9 171528.0
36886.4 170655.0
36856.4 170383.0
36480.1 169226.0
35784.3 167309.0
33372.1 164739.0
32821.0 164091.0
32767.6 164069.0
30251.8 162747.0
27413.1 161248.0
25707.7 160224.0
25205.7 159416.0
24273.9 157893.0
23687.3 156947.0
23528.1 156807.0
22984.8 156477.0
21928.4 155856.0
21893.9 155849.0
21760.3 155778.0
21649.0 155687.0
21496.5 155426.0
21075.7 154128.0
20706.1 153178.0
20513.5 153033.0
19990.3 152993.0
18794.8 153049.0
18782.5 153062.0
18763.6 153060.0
18443.0 153126.0
18170.3 153000.0
17358.7 152427.0
8204.94 152510.0
6743.32 152717.0
3638.62 152672.0
3627.48 152677.0
3609.67 152670.0
3523.96 152666.0
2425.23 152639.0
1731.71 152614.0
1573.64 152594.0
1561.39 152565.0
1553.6 152537.0
1501.28 152550.0
1377.72 152559.0
1283.1 145074.0
1250.81 142852.0
1139.49 142547.0
-6656.21 139281.0
-10461.1 145670.0
-10455.5 144980.0
-10372.1 144800.0
-10090.4 144584.0
-8815.81 143782.0
-8170.16 143704.0
-8112.27 143716.0
-7955.31 143727.0
-7858.46 143816.0
-7839.54 143856.0
-7836.2 143900.0
-7872.93 144424.0
-7869.59 144435.0
-7871.82 144624.0
-7914.12 144991.0
-7921.91 145423.0
-7889.63 145993.0
-7825.07 146910.0
-7817.27 147093.0
-7811.71 147160.0
-7808.37 147178.0
-7782.76 147193.0
-6845.45 147129.0
-6075.12 147106.0
-5300.34 147095.0
-4960.82 147104.0
-4956.36 147133.0
-4910.72 148963.0
-4900.7 149077.0
-4891.8 149115.0
-4871.76 149119.0
-4446.52 149110.0
-2757.8 149126.0
-1917.34 149108.0
-1844.98 149115.0
-1782.64 149164.0
-1702.49 149155.0
-1552.21 149092.0
-1315.1 149148.0
-1257.22 149152.0
-1218.25 149152.0
-1101.37 149126.0
-1001.18 149199.0
-834.201 149215.0
-791.9 149210.0
-703.958 149219.0
-689.486 149210.0
-626.034 149155.0
-624.921 149141.0
-344.396 149164.0
-331.037 149170.0
-80.5685 149319.0
-51.6255 149388.0
-19.3428 149288.0
198.843 149449.0
209.975 149460.0
225.56 149449.0
234.466 149382.0
225.56 149099.0
234.466 149077.0
256.73 149066.0
1141.72 149130.0
1149.51 149121.0
1143.95 149121.0
1147.29 149164.0
1160.64 149889.0
1166.21 149843.0
1746.18 150290.0
2199.25 150635.0
2305.01 150722.0
2202.59 150695.0
2191.46 150695.0
1395.53 150194.0
1319.83 150143.0
1323.17 150139.0
902.383 149905.0
891.251 149945.0
281.22 149653.0
287.899 149388.0
284.559 149353.0
275.654 149337.0
264.522 149331.0
217.768 149326.0
73.0524 149404.0
-294.302 149344.0
-958.879 149164.0
-967.785 149155.0
-1026.78 149141.0
-1056.84 149143.0
-1071.31 149166.0
-995.615 149431.0
-1001.18 149444.0
-990.049 149455.0
-995.615 149464.0
-1029.01 149449.0
-14401.8 156366.0
-14385.1 156395.0
-14390.7 156847.0
-14409.6 156945.0
-14420.7 156958.0
-14784.8 157274.0
-15647.5 157982.0
-15687.6 157915.0
-15676.4 157815.0
-15637.5 157742.0
-15611.9 157748.0
-15598.5 157782.0
-15592.9 157853.0
-15522.8 159251.0
-15533.9 159267.0
-15879.0 159173.0
-15882.4 158949.0
-15873.5 158877.0
-15879.0 158788.0
-15914.7 158688.0
-15931.4 158655.0
-15949.2 158610.0
-15960.3 158588.0
-15981.4 158517.0
-15990.4 158494.0
-16026.0 158421.0
-16032.7 158403.0
-16027.1 158387.0
-15977.0 158321.0
-15467.1 157875.0
-15442.7 157887.0
-15433.8 157924.0
-15431.5 158042.0
-15453.8 158094.0
-15478.3 158116.0
-15502.8 158105.0
-15513.9 158071.0
-15520.6 157949.0
-15519.5 155297.0
-15502.8 155288.0
-15297.9 155222.0
-15222.2 155166.0
-15194.4 155181.0
-15138.8 155193.0
-15083.1 155242.0
-15063.1 155244.0
-14940.6 155242.0
-14936.2 155244.0
-14884.9 155208.0
-14836.0 155193.0
-14802.6 155197.0
-14784.8 155193.0
-14657.9 155193.0
-14573.3 155188.0
-14568.8 155197.0
-14554.3 155193.0
-14529.8 155193.0
-14517.6 155188.0
-13708.3 155219.0
-13663.8 155222.0
-9647.37 157548.0
-9630.67 157559.0
-9307.84 157501.0
-9291.14 157519.0
-9280.01 157519.0
-9255.52 157515.0
-9216.56 157501.0
-9202.09 157470.0
-9177.6 156989.0
-9151.99 156936.0
-9127.5 156925.0
-9030.66 156934.0
-8607.64 156934.0
-8590.94 156956.0
-8528.6 156951.0
-8487.42 156934.0
-8462.93 156911.0
-8446.23 156885.0
-8435.1 156845.0
-8433.98 155682.0
-8437.32 154654.0
-8457.36 153868.0
-8454.02 153794.0
-8472.94 153367.0
-8484.08 153151.0
-8479.62 153006.0
-8485.19 152637.0
-8518.59 152361.0
-8523.04 152358.0
-8520.81 152258.0
-8526.38 152183.0
-8529.72 152047.0
-8511.91 151960.0
-8511.91 151869.0
-8509.68 151837.0
-8535.28 151341.0
-8518.59 151325.0
-8490.76 151330.0
-8468.49 151314.0
-8095.57 151308.0
-8084.44 151290.0
-8072.19 151296.0
-8067.74 151314.0
-8069.97 151412.0
-8069.97 151597.0
-8064.4 151759.0
-8049.93 151764.0
-7975.35 151748.0
-7936.38 151748.0
-7899.65 151753.0
-7793.9 151753.0
-7622.46 151780.0
-7615.78 151815.0
-7615.78 152020.0
-7622.46 152036.0
-7710.41 152042.0
-7721.54 152020.0
-7728.22 152013.0
-7754.93 152036.0
-7774.97 152042.0
-7777.2 152065.0
-7769.41 152176.0
-7772.75 152265.0
-7611.33 152020.0
-7626.92 151385.0
-7616.9 149511.0
-7605.77 149500.0
-7582.39 149497.0
-6798.7 149564.0
-6786.45 149567.0
-6728.57 149564.0
-6620.59 149553.0
-6578.29 149460.0
-6547.12 149408.0
-6511.5 149382.0
-6397.95 149375.0
-6296.65 149359.0
-5707.77 149322.0
-5275.85 149275.0
-5140.04 149121.0
-5083.27 149121.0
-5053.21 149115.0
-5042.08 149121.0
-4704.78 149110.0
-4693.65 149119.0
-4532.23 149115.0
-3691.77 149119.0
-3583.79 149143.0
-3576.0 149152.0
-3561.53 149159.0
-3525.91 149152.0
-2857.99 149121.0
-2840.18 149126.0
-2821.25 149141.0
-2796.76 149181.0
-2780.07 149166.0
-1919.57 149119.0
-1902.87 149110.0
-1886.17 149119.0
-1861.68 149141.0
-1791.55 149188.0
-1689.14 149155.0
-1615.66 149097.0
-1565.57 149099.0
-1435.33 149130.0
-1405.27 149119.0
-1390.8 149119.0
-1387.46 149110.0
-1381.89 149210.0
-1377.44 149259.0
-1354.06 149304.0
-1355.18 149322.0
-1335.14 149426.0
-1316.21 149471.0
-1226.05 149531.0
-1214.91 149522.0
-1184.86 149526.0
-834.201 150310.0
-962.219 149782.0
-990.049 149622.0
-1054.61 149355.0
-1049.05 149355.0
-609.336 149549.0
-583.733 149578.0
-569.261 149582.0
-469.074 149633.0
-244.208 149615.0
-32.7012 149653.0
-18.2296 149653.0
2.92109 149667.0
8.48706 149682.0
11.8266 150524.0
-1.53169 150506.0
4.03428 152158.0
0.694696 152421.0
2.92109 152494.0
-1.53169 152528.0
6.26067 152594.0
19.619 152628.0
37.4301 152655.0
64.1468 152661.0
1128.36 152737.0
1133.93 152744.0
1607.03 152737.0
1612.6 152728.0
1729.49 152703.0
1861.96 152784.0
2346.2 152737.0
2362.89 152721.0
2655.66 152710.0
2663.46 152706.0
3031.92 152703.0
3065.32 152692.0
3097.6 152621.0
3100.94 152403.0
3093.15 151419.0
3098.72 151379.0
3097.6 151052.0
3112.07 151045.0
3139.9 151040.0
3477.2 151089.0
3804.48 151096.0
4349.95 151069.0
4372.21 151114.0
4372.21 151241.0
4395.59 152294.0
4280.93 152483.0
4269.8 152514.0
4260.89 152821.0
4266.46 152984.0
4272.02 153004.0
4358.85 153211.0
4390.02 153227.0
4467.95 153218.0
4506.91 153182.0
4806.36 152784.0
4790.77 152588.0
4759.6 152559.0
4581.49 152470.0
4559.23 152416.0
4509.13 152203.0
4456.81 152109.0
4477.96 151279.0
4494.66 151107.0
4501.34 151074.0
4495.78 151029.0
4464.61 150985.0
4390.02 150967.0
4375.55 151103.0
4275.36 153084.0
4258.67 153115.0
4223.04 153126.0
4091.69 153100.0
3985.93 153089.0
1349.89 153467.0
1244.13 153541.0
1216.3 153527.0
1163.98 153518.0
1127.25 153516.0
1119.46 153507.0
1116.12 153494.0
1113.89 153434.0
1099.42 153218.0
1106.1 153222.0
1099.42 153162.0
1091.63 153171.0
1082.72 153084.0
1111.66 152977.0
1145.06 153022.0
1197.38 153055.0
1214.08 153093.0
1256.38 153340.0
1155.08 153316.0
1286.43 154514.0
1306.47 154396.0
-8590.94 147238.0
1325.4 154376.0
1926.52 154364.0
2246.01 154453.0
2725.8 154364.0
2752.51 154369.0
2900.57 154387.0
3064.21 154413.0
3075.34 154396.0
3082.02 154001.0
3082.02 153786.0
3078.68 153634.0
3086.47 153538.0
3093.15 152926.0
3134.34 152699.0
4172.95 152828.0
4267.57 153004.0
4277.59 153004.0
4312.1 153066.0
4331.02 153104.0
4395.59 153204.0
4411.17 153200.0
4512.47 153126.0
4811.92 152817.0
4807.47 152617.0
4785.21 152577.0
4564.79 152461.0
4542.53 152361.0
4522.49 152214.0
4464.61 152171.0
4451.25 152214.0
4726.21 151581.0
4490.21 152483.0
4489.1 152280.0
4495.78 152214.0
4544.76 151245.0
4516.93 151156.0
4509.13 151092.0
4481.3 149965.0
4470.17 149934.0
4461.27 149449.0
4483.53 149400.0
4516.93 149393.0
5752.57 149386.0
7205.29 149282.0
7520.33 149355.0
7523.67 149382.0
7555.95 149945.0
7561.51 149983.0
7592.68 150744.0
7584.89 150767.0
7572.65 150773.0
6893.6 150880.0
6880.24 150918.0
6765.58 150907.0
6644.24 150918.0
6637.56 150911.0
6379.3 150934.0
4495.78 151063.0
4477.96 151089.0
4459.04 151223.0
4442.34 151247.0
3887.97 151052.0
3164.39 151036.0
3158.83 151034.0
2505.38 150925.0
2199.25 150836.0
1522.43 150368.0
1473.45 150361.0
1375.49 150272.0
988.099 150121.0
874.553 150010.0
837.817 150038.0
818.893 150110.0
822.233 150243.0
809.987 150312.0
807.761 150444.0
799.969 150535.0
771.026 150702.0
805.535 149954.0
822.233 149972.0
1047.1 150032.0
1072.7 150099.0
1097.19 150205.0
1228.55 150243.0
2073.46 150818.0
3030.81 151103.0
3086.47 151107.0
3084.24 151167.0
3086.47 151490.0
3064.21 151492.0
2692.4 151468.0
2594.44 151497.0
2568.84 151523.0
2414.1 151497.0
2380.71 151501.0
2351.76 151492.0
2134.69 151441.0
1339.87 151492.0
1334.3 151479.0
1317.6 151292.0
1300.91 151230.0
1589.22 151259.0
1481.24 151185.0
1484.58 151145.0
1244.13 151069.0
1227.44 149987.0
1266.4 149860.0
1283.1 143030.0
1219.64 142718.0
-1591.17 139033.0
-1771.51 138989.0
-1956.3 138980.0
-1986.36 138944.0
-2021.98 138835.0
-2014.19 138699.0
-820.843 135026.0
360.257 130546.0
401.445 130524.0
577.33 130495.0
905.722 130546.0
932.439 130440.0
954.703 130417.0
1405.55 130351.0
1416.68 130295.0
1395.53 129395.0
1403.32 129449.0
1416.68 129671.0
1433.38 129694.0
1458.98 129700.0
1885.33 129723.0
1896.47 129752.0
1917.62 130279.0
1963.26 132773.0
2007.79 133512.0
2030.05 133574.0
2586.65 134420.0
2129.12 135271.0
2113.54 135371.0
2119.1 135389.0
2397.4 135738.0
3006.32 136520.0
3089.81 136636.0
3089.81 136647.0
1945.45 138662.0
1907.6 138666.0
1874.2 138635.0
1850.82 138579.0
1850.82 138510.0
1879.77 138450.0
1920.96 138423.0
1962.14 138435.0
3666.45 140692.0
4113.95 141600.0
4106.16 141623.0
3693.16 141968.0
3683.14 141972.0
3221.17 142275.0
2394.06 142832.0
2362.89 142858.0
2355.1 142874.0
2349.54 142910.0
2655.66 144332.0
2739.15 146205.0
2722.46 146287.0
2508.72 146743.0
2510.95 146759.0
2503.16 146893.0
2497.59 146933.0
2513.18 146966.0
2536.55 146999.0
2813.74 147022.0
2814.85 147015.0
3059.75 147004.0
3114.3 146995.0
3115.41 146973.0
2607.8 146995.0
2575.51 146993.0
1923.18 146984.0
1512.41 146988.0
1506.85 147028.0
1383.28 147015.0
1362.13 146955.0
887.911 147015.0
860.081 147028.0
651.914 147004.0
70.826 146995.0
-756.278 147011.0
-772.976 147015.0
-1588.95 147006.0
-1619.0 146959.0
-1738.12 146939.0
-1765.95 146906.0
-1788.21 146899.0
-1856.11 146917.0
-1880.6 146950.0
-1910.66 146984.0
-2027.55 147004.0
-2194.53 147017.0
-2197.87 147028.0
-2422.73 147022.0
-2446.11 147004.0
-2446.11 147017.0
-2498.43 147026.0
-2698.8 146995.0
-2702.14 146977.0
-2709.93 146861.0
-2693.24 146414.0
-2150.0 146387.0
-1952.96 146347.0
-1861.68 146361.0
-1850.55 146369.0
-1841.64 146694.0
-1883.94 147040.0
-1827.17 147115.0
-1747.02 147111.0
-1646.83 147026.0
-793.013 147048.0
-793.013 147062.0
-775.202 147073.0
-731.788 147071.0
-726.222 147095.0
-658.317 148574.0
-641.619 148587.0
-405.621 148609.0
-402.282 148629.0
-430.112 148774.0
-464.621 149008.0
-461.281 149121.0
-466.847 149282.0
-461.281 149288.0
-447.923 149322.0
-424.546 149344.0
-41.6067 149455.0
-38.2671 149464.0
214.428 149598.0
221.107 149575.0
403.671 149834.0
388.087 149843.0
375.841 150105.0
376.955 150217.0
371.389 150495.0
315.729 150684.0
442.633 150940.0
420.369 150851.0
423.709 151170.0
677.517 151241.0
749.875 151437.0
811.101 151348.0
805.535 151501.0
832.251 151479.0
904.609 151481.0
1141.72 151475.0
2735.81 151492.0
2778.12 151481.0
2867.17 151479.0
2883.87 151508.0
2889.44 151535.0
2892.78 151768.0
2856.04 151969.0
2842.68 151998.0
2824.87 152080.0
2547.68 151969.0
2188.12 151915.0
2169.2 151902.0
2160.29 151857.0
2149.16 151559.0
2143.59 151537.0
2158.07 151824.0
2174.76 152548.0
2190.35 152570.0
2182.56 152610.0
2171.42 152628.0
1907.6 152626.0
1874.2 152621.0
1820.77 152650.0
1607.03 152614.0
1572.53 152632.0
1548.04 152648.0
1525.77 152650.0
1520.21 152637.0
1516.87 152659.0
1500.17 152659.0
1436.72 152672.0
1249.7 152639.0
1094.97 153093.0
1238.57 155159.0
1247.47 155153.0
1169.55 161527.0
-8.21086 163441.0
-366.66 163631.0
-619.355 163637.0
-1175.95 163619.0
-1226.05 163619.0
-1318.44 163604.0
-1340.71 163591.0
-1646.83 163635.0
-1669.1 163646.0
-1888.4 163668.0
-1919.57 163691.0
-1928.47 163709.0
-1939.6 163686.0
-1958.53 163682.0
-1977.45 163682.0
-2010.85 163642.0
-2011.96 163631.0
-2017.53 163608.0
-2019.75 163582.0
-2010.85 163513.0
-2006.4 163501.0
-2017.53 163136.0
-2058.72 163119.0
-2058.72 163101.0
-2080.98 163012.0
-2161.13 162758.0
-2192.3 162224.0
-2177.83 162195.0
-2127.73 162132.0
-1891.74 162099.0
-1676.89 162065.0
-1646.83 162166.0
-19492.5 147011.0
-1502.12 161923.0
-1287.27 162146.0
-1287.27 163515.0
-1268.35 164704.0
-1229.39 166520.0
-1218.25 166532.0
-926.597 166587.0
-683.92 166614.0
-656.09 166625.0
-637.166 166681.0
-614.902 166676.0
-598.204 166685.0
-564.808 166692.0
-544.771 166732.0
-364.433 167144.0
-364.433 167582.0
-361.094 167589.0
-349.962 167576.0
-341.056 167542.0
-331.037 167533.0
-219.718 167500.0
-213.039 167500.0
-225.284 167505.0
-346.622 167511.0
-385.584 166676.0
-414.527 166543.0
-503.583 165038.0
-530.299 164777.0
-505.809 164054.0
-492.451 163960.0
-496.903 163737.0
-492.451 163715.0
-481.319 163715.0
1093.85 161812.0
1211.85 161509.0
1233.0 160997.0
1247.47 159162.0
1245.25 159144.0
1261.94 158016.0
1278.64 158002.0
1297.57 157993.0
1729.49 158009.0
1767.34 158009.0
1784.03 158005.0
1815.2 158013.0
2085.71 157998.0
2207.05 157987.0
2412.99 158009.0
2900.57 158005.0
2922.83 157982.0
3009.66 157960.0
3025.25 157936.0
3034.15 157880.0
3047.51 156201.0
3037.49 155990.0
3061.98 154647.0
3070.89 154424.0
3100.94 152726.0
3109.85 152710.0
3120.98 152706.0
4071.65 152732.0
4180.74 152815.0
4272.02 152982.0
4472.4 153216.0
4820.83 152744.0
4779.64 152583.0
4575.93 152459.0
4561.45 152410.0
4511.36 152191.0
4439.0 151303.0
4462.38 151100.0
4492.44 151069.0
4506.91 151063.0
4607.1 151078.0
4628.25 151085.0
4709.51 151078.0
4703.94 151069.0
4735.11 151074.0
5080.2 151052.0
5091.34 151074.0
5082.43 151125.0
5074.64 151158.0
5074.64 151915.0
5073.52 151938.0
5067.96 151975.0
5057.94 151971.0
4536.96 151902.0
4534.74 151875.0
4516.93 151875.0
4451.25 151267.0
4466.83 151096.0
4484.64 151003.0
4473.51 150991.0
4607.1 149253.0
4214.14 141589.0
4442.34 141360.0
4581.49 141244.0
4587.06 141222.0
4656.08 141126.0
4906.54 140681.0
5084.66 140403.0
5218.24 140169.0
5232.71 140176.0
5396.35 140294.0
5507.67 140142.0
5622.33 140138.0
5633.46 140109.0
5698.03 140098.0
5728.08 140082.0
5752.57 140080.0
5750.35 140093.0
5753.69 140120.0
5931.8 140236.0
5945.16 140316.0
6078.74 140915.0
6357.04 141516.0
6555.19 141934.0
6560.75 142006.0
6559.64 142072.0
6768.92 142731.0
6928.11 144517.0
6965.96 144533.0
7470.23 144577.0
7473.57 144613.0
7473.57 145430.0
7494.72 149081.0
7522.55 149304.0
7545.93 149344.0
7793.06 149322.0
7874.32 149277.0
7879.89 149297.0
7848.72 150132.0
7850.95 150377.0
7918.85 150680.0
7940.0 150706.0
7957.81 150711.0
8410.88 150655.0
8609.03 150657.0
8833.9 150695.0
10839.9 150911.0
10841.0 150945.0
10832.1 151497.0
10823.2 151508.0
10813.2 151526.0
10826.5 151947.0
10820.9 151886.0
10824.3 151808.0
10823.2 151537.0
10832.1 151508.0
10839.9 151430.0
10841.0 151123.0
10843.2 151089.0
10846.6 150962.0
10851.0 150929.0
11085.9 150936.0
12504.1 150885.0
13634.0 151067.0
13706.4 151103.0
13762.0 151114.0
13996.9 151170.0
14101.5 151201.0
16336.8 151971.0
16739.8 152131.0
16745.4 152138.0
16806.6 152483.0
16828.9 152503.0
16880.1 152488.0
17240.7 152503.0
17737.2 152833.0
18060.1 153338.0
18153.6 153367.0
18449.7 153311.0
18604.4 153256.0
18657.8 153271.0
18916.1 153316.0
18927.2 153267.0
18949.5 153149.0
18972.9 153115.0
19236.7 153062.0
19528.4 153066.0
19635.2 153062.0
19661.9 153037.0
20275.3 153044.0
20706.1 153249.0
20964.4 153846.0
21171.4 154469.0
21546.6 155564.0
21688.0 155756.0
22902.5 156477.0
23528.1 156822.0
24220.5 157753.0
24231.6 157724.0
24288.4 157524.0
25790.1 157158.0
26324.4 156780.0
26346.7 156789.0
26414.6 157018.0
26450.2 157000.0
26569.3 156914.0
26576.0 156940.0
26602.7 156980.0
26653.9 156945.0
26661.7 156936.0
26731.8 156956.0
26709.6 156934.0
26652.8 157029.0
26561.5 156911.0
26450.2 156967.0
26402.3 157003.0
26325.5 156762.0
25197.9 157512.0
24242.7 157548.0
24221.6 157720.0
24227.2 157731.0
24216.0 157826.0
24223.8 157853.0
24266.1 157947.0
24248.3 158016.0
24255.0 158049.0
24305.1 158149.0
24377.4 158327.0
24398.6 158321.0
24416.4 158298.0
25044.2 159182.0
25062.1 159205.0
25067.6 159189.0
24229.4 157826.0
23580.4 156845.0
23027.1 156524.0
22997.1 156513.0
22971.5 156499.0
22929.2 156502.0
22741.0 157025.0
22741.0 157047.0
22748.8 157069.0
22763.3 157081.0
22785.6 157089.0
22913.6 157069.0
22912.5 157052.0
22906.9 157056.0
22896.9 157045.0
22787.8 157058.0
22796.7 156978.0
22802.3 156963.0
22832.3 156929.0
22813.4 156989.0
22812.3 157000.0
22813.4 157012.0
22807.8 157040.0
22760.0 157034.0
22757.7 157007.0
22860.2 156711.0
22862.4 156695.0
23012.7 156528.0
23520.3 156822.0
23708.4 156989.0
25073.2 159216.0
26013.8 160518.0
31301.5 163312.0
31435.1 163419.0
31451.8 163424.0
31457.4 163412.0
31457.4 163392.0
31465.1 163379.0
31478.5 163370.0
31509.7 163375.0
31687.8 163464.0
31698.9 163452.0
31751.2 163174.0
31838.1 162678.0
31852.5 162529.0
31830.3 162277.0
31838.1 162257.0
32032.9 162143.0
32402.5 161932.0
32400.2 161910.0
32355.7 161754.0
32352.4 161760.0
32403.6 161927.0
32398.0 161939.0
31826.9 162266.0
31821.4 162295.0
31823.6 162729.0
31687.8 163486.0
31667.8 163490.0
31496.3 163430.0
31515.2 163452.0
33060.4 164336.0
33315.3 164695.0
36068.2 167883.0
36871.9 170593.0
36460.1 173649.0
37539.9 179244.0
39973.3 184207.0
42663.9 185153.0
43885.1 186841.0
43896.2 186859.0
44470.6 188259.0
47061.0 192068.0
47625.4 193469.0
47643.2 193424.0
47626.5 192881.0
47648.8 192863.0
47690.0 192868.0
47743.4 192868.0
47756.8 192834.0
47803.5 192507.0
47784.6 192500.0
47732.3 192485.0
47721.1 192462.0
47708.9 192369.0
47697.8 192355.0
47662.1 192344.0
47684.4 192333.0
47731.2 192369.0
47726.7 192367.0
47743.4 192380.0
47678.8 192344.0
47710.0 192362.0
47712.2 192373.0
47715.6 192422.0
47734.5 192485.0
47804.6 192507.0
47804.6 192522.0
47792.4 192618.0
47801.3 192678.0
47823.5 192696.0
47815.8 192714.0
47781.2 192848.0
47764.5 192868.0
47740.1 192874.0
47647.7 192874.0
47631.0 192890.0
47625.4 192914.0
47634.3 193391.0
47643.2 193426.0
47637.6 193442.0
47625.4 193438.0
47378.3 192814.0
46805.0 191587.0
44511.8 188303.0
43946.3 186896.0
43610.1 186529.0
42967.8 185589.0
39942.1 184153.0
38759.9 181865.0
38732.1 181802.0
37101.3 177029.0
36471.2 173144.0
36886.4 170561.0
36816.3 170259.0
35808.8 167360.0
32728.6 164047.0
27370.8 161204.0
27363.0 161197.0
27357.5 161199.0
26910.0 160959.0
25684.3 160162.0
24231.6 157793.0
24226.0 157797.0
23498.0 156678.0
23486.9 156678.0
23478.0 156702.0
23485.8 156851.0
23457.9 156744.0
23441.2 156744.0
23422.3 156740.0
22996.0 156477.0
22567.4 156235.0
21683.5 155711.0
21552.1 155533.0
21287.2 154718.0
21249.4 154732.0
20741.7 153216.0
20564.7 153040.0
20069.4 152966.0
18271.6 153044.0
17973.2 152793.0
17897.5 152639.0
17097.1 152376.0
16802.1 152358.0
16795.5 152338.0
16734.2 151931.0
16756.5 151693.0
16737.6 151657.0
16706.4 151635.0
16670.8 151630.0
16618.5 151664.0
16522.7 151731.0
16208.8 151780.0
16153.2 151780.0
15676.7 151719.0
15663.3 151686.0
15665.6 151635.0
15726.8 151163.0
15733.5 151096.0
15685.6 149927.0
15674.5 149912.0
15657.8 149909.0
15237.0 150061.0
15192.5 150065.0
14547.9 150099.0
14530.1 150101.0
14325.3 150154.0
14313.0 150188.0
14210.6 150913.0
14160.5 151125.0
14096.0 151452.0
14112.7 152098.0
14099.3 152116.0
14035.9 152142.0
13572.8 152247.0
5210.45 152688.0
4434.55 152670.0
423.709 152637.0
-112.851 152621.0
-171.851 152610.0
-177.416 152603.0
-199.68 152594.0
-225.284 152592.0
-1008.97 152594.0
-1015.65 152581.0
-1015.65 152543.0
-1026.78 152510.0
-982.256 152392.0
-986.709 152376.0
-1012.31 151646.0
-1001.18 151615.0
-58.3046 151552.0
460.444 151909.0
499.406 151949.0
655.253 151926.0
676.404 151915.0
685.31 151915.0
848.949 151457.0
846.723 151281.0
852.289 150878.0
813.327 150613.0
821.119 150546.0
824.459 150266.0
821.119 150016.0
850.062 150038.0
1160.64 150188.0
1221.87 150183.0
2067.9 150746.0
2430.8 151190.0
3006.32 151003.0
3043.06 150980.0
3449.37 151023.0
3774.43 151036.0
4339.93 151025.0
4342.15 151014.0
39750.7 259655.0
27719.2 211380.0
-4724.82 211380.0
5174.82 156010.0
5146.99 156012.0
4874.26 156016.0
4846.43 156079.0
4450.13 156032.0
4444.57 155999.0
4489.1 153423.0
4512.47 153400.0
4522.49 153367.0
4518.04 153278.0
4522.49 153189.0
4639.38 153015.0
4806.36 152833.0
4815.26 152773.0
4804.13 152577.0
4776.3 152554.0
4575.93 152465.0
4561.45 152425.0
4511.36 152183.0
4466.83 152131.0
4451.25 152049.0
5143.66 150640.0
4828.62 150873.0
4657.19 150922.0
4667.21 150951.0
4683.91 150958.0
4692.81 150940.0
4718.41 150807.0
4715.08 150700.0
4700.6 151067.0
4761.83 151107.0
4902.09 151123.0
4968.88 151141.0
5639.03 151040.0
5655.72 151025.0
5778.18 151023.0
5875.02 150985.0
5930.68 150951.0
6126.61 150962.0
6679.86 150936.0
6682.09 150913.0
6677.64 150902.0
5976.32 150934.0
5900.63 150947.0
5794.87 150958.0
5772.61 150956.0
5767.04 150936.0
5769.27 150784.0
5753.69 149771.0
5758.14 149745.0
5758.14 149716.0
5769.27 149431.0
5769.27 148280.0
5774.84 148220.0
5798.21 148157.0
5792.65 148095.0
5783.74 148057.0
5780.4 147500.0
5797.1 147489.0
-3834.26 140717.0
6279.11 147460.0
6292.47 147434.0
6259.08 147089.0
6240.15 147026.0
6251.28 147155.0
6267.98 147449.0
5826.04 147463.0
5792.65 147471.0
5774.84 147505.0
5770.38 148151.0
5767.04 148253.0
5770.38 148302.0
5785.97 149331.0
5797.1 149355.0
5819.36 149366.0
7520.33 149355.0
7529.23 149388.0
7550.38 149745.0
7551.5 149787.0
7609.38 150718.0
7601.59 150762.0
7484.7 150789.0
6181.15 150907.0
6171.13 150911.0
6093.21 150925.0
6075.4 150936.0
6062.04 150929.0
5941.82 150925.0
5702.48 150974.0
5351.82 150989.0
4528.06 150962.0
4492.44 150958.0
4403.38 151029.0
4377.78 151036.0
4217.48 151023.0
3855.69 151000.0
3850.12 150985.0
3846.78 150889.0
3843.44 150702.0
3838.99 150628.0
3844.56 150651.0
3846.78 151000.0
3832.31 151003.0
3821.18 151000.0
3726.56 151018.0
3532.86 151007.0
3488.33 151007.0
3193.34 150989.0
3153.26 150989.0
3034.15 150974.0
3008.55 150962.0
2199.25 150811.0
1377.72 150250.0
983.646 150076.0
963.608 150054.0
412.577 149760.0
309.05 149711.0
286.786 149678.0
284.559 149656.0
286.786 149620.0
278.993 149348.0
254.503 149331.0
217.768 149348.0
75.2788 149431.0
58.5808 149433.0
9.60025 149460.0
2.92109 149500.0
0.694696 149609.0
-29.3616 149620.0
-46.0595 149620.0
-90.5873 149615.0
-107.285 149615.0
-135.115 149587.0
-136.228 149567.0
-241.982 149555.0
-279.83 149582.0
-353.301 149522.0
-372.226 149531.0
-386.697 149542.0
-442.357 149538.0
-459.055 149531.0
-466.847 149520.0
-477.979 149415.0
-474.64 149404.0
-450.149 148553.0
-214.152 148513.0
-190.775 148507.0
-77.2289 148509.0
-69.4366 148531.0
-36.0407 148540.0
93.0899 148531.0
114.241 148547.0
130.938 148547.0
148.75 148542.0
198.843 148469.0
317.955 148496.0
329.087 148518.0
336.88 148547.0
349.125 148553.0
390.313 148531.0
404.784 148542.0
429.275 148536.0
437.067 148525.0
448.199 148518.0
445.973 148509.0
454.878 148509.0
484.934 148502.0
518.33 148502.0
535.028 148491.0
546.16 148476.0
551.726 148413.0
551.726 148391.0
562.858 148297.0
566.198 148280.0
566.198 148231.0
577.33 147797.0
576.216 147133.0
590.688 147044.0
607.386 147037.0
988.099 147033.0
1004.8 147037.0
1041.53 147037.0
1043.76 147089.0
1054.89 147073.0
1091.63 147115.0
1790.71 147033.0
1804.07 146928.0
2030.05 146995.0
2051.2 146999.0
2308.35 147017.0
2347.31 147017.0
2380.71 147015.0
2972.93 147022.0
3009.66 147033.0
3114.3 147037.0
3120.98 147048.0
3126.55 147082.0
3148.81 148068.0
3128.77 148097.0
13655.1 116075.0
3126.55 148175.0
3128.77 148197.0
3145.47 148228.0
3175.53 148240.0
3236.75 148220.0
3832.31 148246.0
3854.58 148329.0
3860.14 149331.0
3846.78 149342.0
3830.09 149366.0
3805.59 149377.0
3175.53 149397.0
3143.24 149388.0
2909.47 149382.0
1965.48 149315.0
1623.73 149322.0
1451.19 149319.0
1373.26 149326.0
1249.7 149404.0
1230.78 149776.0
1344.32 149705.0
1288.66 150268.0
1197.38 150134.0
1194.04 150161.0
1222.98 150435.0
1233.0 150584.0
1236.34 150591.0
1236.34 150646.0
1277.53 150951.0
1319.83 150844.0
1178.45 159623.0
1169.55 159763.0
1139.49 159806.0
705.347 159817.0
654.14 159790.0
646.348 159768.0
646.348 159685.0
651.914 159585.0
644.121 159218.0
715.366 159327.0
709.8 159274.0
696.442 158750.0
651.914 158648.0
649.687 158626.0
655.253 158615.0
665.272 158566.0
726.498 158637.0
694.215 158399.0
676.404 158347.0
655.253 158314.0
644.121 158338.0
643.008 158143.0
646.348 158020.0
651.914 157971.0
665.272 157938.0
702.007 157953.0
1149.51 158002.0
1160.64 158013.0
1206.28 158013.0
1670.49 157991.0
1698.32 158009.0
1712.79 158016.0
2937.3 158013.0
3000.75 158009.0
3023.02 157998.0
4266.46 158169.0
4355.51 158310.0
4362.19 158365.0
4373.32 158855.0
4394.47 158877.0
4422.3 158877.0
4442.34 158859.0
4455.7 158810.0
4440.12 156012.0
4461.27 156001.0
4590.4 156027.0
4639.38 156050.0
4646.06 156056.0
4670.55 156043.0
4687.25 156032.0
5026.77 156034.0
5034.56 156012.0
5026.77 156001.0
4939.94 155994.0
4915.45 155990.0
4923.24 156088.0
4900.98 156143.0
4589.28 156166.0
4557.0 156221.0
4447.91 155972.0
4442.34 155956.0
4395.59 154342.0
4372.21 154340.0
4233.06 154275.0
4210.8 154019.0
3301.32 154302.0
3276.83 154396.0
3076.45 154391.0
3067.55 154358.0
3082.02 153741.0
3089.81 153619.0
3086.47 153590.0
3084.24 153541.0
3089.81 153467.0
3087.58 153440.0
3084.24 152911.0
3098.72 152844.0
3086.47 152770.0
3106.51 152721.0
3128.77 152715.0
3540.65 152706.0
3609.67 152677.0
8275.07 152532.0
8681.39 152414.0
10038.4 152503.0
10217.6 152650.0
10445.8 152866.0
10542.7 152870.0
10633.9 152821.0
10687.4 152755.0
10754.2 152648.0
10882.2 152543.0
11341.9 152476.0
12883.7 152427.0
14146.1 152225.0
14163.9 152098.0
14102.6 151381.0
14163.9 151158.0
14185.0 151156.0
14775.0 151325.0
14781.7 151290.0
14795.1 151063.0
14815.1 150889.0
14825.1 150840.0
14814.0 150858.0
14808.4 150922.0
14789.5 151074.0
14769.5 151314.0
14753.9 151312.0
14162.8 151156.0
14158.3 151114.0
14301.9 150128.0
14318.6 150123.0
15199.1 150054.0
15192.5 150054.0
15145.7 150079.0
14321.9 150112.0
14310.8 150132.0
14179.5 151023.0
14190.6 151029.0
14177.2 151036.0
14168.3 151045.0
14088.2 151412.0
14116.0 152154.0
14127.1 152332.0
14127.1 152361.0
14173.9 153256.0
14140.5 154687.0
14079.3 155059.0
14069.3 155066.0
14062.6 155052.0
14057.0 155030.0
14041.4 155010.0
14008.0 154999.0
13448.1 154981.0
13409.1 155019.0
13425.8 155026.0
14058.1 155021.0
14068.1 155043.0
14073.7 155066.0
14082.6 155070.0
14093.7 155066.0
14099.3 155041.0
14143.8 154714.0
14158.3 154643.0
14163.9 152984.0
14152.7 152966.0
14149.4 152933.0
14143.8 152837.0
14146.1 152810.0
14146.1 152721.0
14141.6 152683.0
14143.8 152606.0
14136.0 152583.0
14127.1 152521.0
14134.9 152305.0
14143.8 151214.0
14166.1 151212.0
14915.3 151401.0
14934.2 151403.0
16205.5 151857.0
16565.0 151808.0
16626.3 151849.0
16765.4 152220.0
16821.1 152481.0
16879.0 152494.0
17522.4 152610.0
17741.7 152844.0
18047.8 153334.0
18136.9 153362.0
18672.3 153285.0
18765.8 153362.0
18900.5 153305.0
18917.2 153271.0
18947.3 153138.0
18982.9 153104.0
19244.5 153062.0
19579.6 153062.0
19584.0 153040.0
20244.1 153071.0
20636.0 153138.0
20767.3 153293.0
20969.9 153834.0
20969.9 153846.0
21064.6 154128.0
21101.3 154269.0
21110.2 154313.0
21177.0 154487.0
21193.7 154563.0
21221.5 154632.0
21565.5 155589.0
21699.1 155756.0
22255.7 156099.0
22902.5 156468.0
22952.5 156502.0
23669.4 156958.0
23728.4 157036.0
24173.7 157780.0
25671.0 160195.0
25676.5 160198.0
25969.3 160496.0
26806.4 160952.0
28713.3 161956.0
30151.6 162711.0
32656.3 164038.0
33023.6 164303.0
35988.1 167683.0
36076.0 167872.0
33143.8 102327.0
32481.5 95320.5
38670.9 172565.0
37960.6 179694.0
38403.7 181063.0
39070.5 186625.0
47693.3 192318.0
47678.8 192347.0
47714.5 192380.0
47720.0 192429.0
47734.5 192480.0
47745.6 192491.0
47803.5 192511.0
47806.9 192522.0
47745.6 192863.0
47726.7 192879.0
47628.7 192881.0
47631.0 193380.0
47639.9 193442.0
47631.0 193453.0
47615.4 193446.0
47075.5 192102.0
47055.4 192095.0
46434.3 192157.0
46437.6 192162.0
46452.1 192162.0
47063.2 192102.0
47614.3 193464.0
47628.7 193458.0
47637.6 193431.0
47632.1 193402.0
47619.8 192881.0
47631.0 192863.0
47651.0 192856.0
47737.8 192863.0
47747.9 192841.0
47799.1 192511.0
47787.9 192502.0
47732.3 192485.0
47721.1 192462.0
47706.7 192400.0
47704.4 192373.0
47690.0 192355.0
47658.8 192347.0
47676.6 192347.0
47692.2 192351.0
47710.0 192362.0
47715.6 192418.0
47731.2 192469.0
47737.8 192478.0
47801.3 192502.0
47803.5 192522.0
47749.0 192836.0
47740.1 192848.0
47636.5 192856.0
47626.5 192874.0
47625.4 192897.0
47626.5 193014.0
47632.1 193052.0
47632.1 193382.0
47637.6 193415.0
47625.4 193438.0
47617.6 193426.0
46691.4 191405.0
46083.6 190514.0
46078.1 190474.0
46055.8 189751.0
46695.9 189824.0
46699.2 189784.0
46724.8 189784.0
46697.0 189791.0
46693.7 189835.0
46682.5 189840.0
45032.8 189294.0
44363.7 188025.0
43841.6 186769.0
42196.3 184837.0
40118.0 184285.0
40118.0 184287.0
40103.5 184287.0
40094.6 184298.0
40083.5 184343.0
40089.1 184530.0
40209.3 184543.0
40206.0 184632.0
40198.2 184637.0
40179.2 184637.0
40201.5 184621.0
40206.0 184603.0
40207.1 184536.0
40200.4 184525.0
40089.1 184514.0
40084.6 184503.0
40081.3 184329.0
40077.9 184296.0
40066.8 184269.0
39359.9 183230.0
38723.2 181758.0
38728.7 181747.0
38737.7 181742.0
39098.3 181457.0
39098.3 181437.0
38984.8 181230.0
38975.9 181241.0
38992.6 181235.0
39015.9 181270.0
39098.3 181453.0
39092.8 181468.0
38847.9 181658.0
38726.5 181749.0
38715.4 181753.0
38700.9 181724.0
36569.1 174736.0
36471.2 173175.0
36778.4 171445.0
36877.5 170588.0
36844.1 170370.0
35998.1 167700.0
35403.6 166821.0
32642.9 163994.0
31504.1 163390.0
25801.2 160324.0
25784.5 160307.0
25192.3 159396.0
23645.0 156918.0
22982.6 156484.0
21661.2 155682.0
21498.7 155426.0
21134.7 154320.0
21045.6 154057.0
21042.3 154042.0
20726.2 153106.0
20667.2 153051.0
20617.1 153033.0
20361.0 152955.0
18763.6 152973.0
18429.6 153095.0
18218.1 153011.0
17962.1 152784.0
17909.8 152659.0
17892.0 152637.0
17798.5 152572.0
17633.7 152465.0
17624.8 152443.0
17631.5 152309.0
17614.8 152298.0
16765.4 152113.0
16745.4 152058.0
16729.8 151913.0
16757.6 151697.0
16739.8 151653.0
16709.8 151624.0
16674.1 151619.0
16617.4 151648.0
16483.8 151737.0
16264.5 151771.0
15966.1 151782.0
15683.4 151702.0
15677.8 151690.0
15665.6 151675.0
15683.4 150054.0
15672.3 149912.0
15663.3 149905.0
15650.0 149909.0
15276.0 150067.0
15136.8 150079.0
14305.2 150116.0
14291.9 150154.0
14168.3 151069.0
14108.2 151047.0
14118.2 151152.0
14110.4 151178.0
14104.9 151234.0
14127.1 152338.0
14155.0 152784.0
14138.3 154652.0
14123.8 154725.0
14110.4 155999.0
14119.3 156005.0
14191.7 156010.0
14700.4 155954.0
14781.7 155965.0
14834.0 155965.0
14886.3 155956.0
15081.1 155934.0
15090.1 155961.0
15201.4 158327.0
15214.7 158343.0
15936.1 165917.0
15924.9 165953.0
15897.1 165964.0
14193.9 166331.0
14090.4 166013.0
14193.9 166325.0
14175.0 166340.0
12479.6 166674.0
12471.8 166696.0
12368.3 166576.0
10662.9 166652.0
10534.9 166603.0
8781.58 164815.0
8781.58 164777.0
9017.57 164247.0
9045.4 164247.0
9069.89 164232.0
9112.2 164127.0
9366.0 163519.0
9388.27 163459.0
9382.7 163437.0
9195.68 163259.0
9123.33 163181.0
9115.53 163156.0
9073.23 162435.0
8663.58 158359.0
8564.5 156034.0
8541.13 156010.0
6548.51 155983.0
6544.05 155990.0
4473.51 156001.0
4472.4 155999.0
4440.12 156010.0
3061.98 155979.0
3045.28 155945.0
3043.06 155894.0
3076.45 154442.0
3098.72 154429.0
3849.01 154396.0
4027.12 154384.0
4138.44 154384.0
4611.55 154362.0
4631.59 154369.0
4626.02 154358.0
4505.79 154342.0
3115.41 154420.0
2388.5 154420.0
2168.09 154485.0
1278.64 154353.0
1258.6 154202.0
1286.43 153716.0
1308.7 153460.0
1351.0 152532.0
1199.61 152643.0
31.8642 152599.0
20.7322 152572.0
28.5246 152439.0
4.03428 152405.0
17.3926 151726.0
28.5246 151682.0
37.4301 151579.0
64.1468 151568.0
738.743 151568.0
716.479 151648.0
722.045 151702.0
749.875 151708.0
1188.47 151659.0
1305.36 151412.0
1316.49 151368.0
1308.7 150290.0
1336.53 150272.0
1673.83 150555.0
2394.06 150958.0
3398.17 151080.0
4345.49 151096.0
4364.42 151125.0
4375.55 151163.0
4317.66 152343.0
4267.57 152492.0
4269.8 152993.0
4292.06 153044.0
4314.32 153084.0
4349.95 153233.0
4366.65 153429.0
4388.91 153463.0
4414.51 154313.0
4428.98 154335.0
4575.93 154353.0
4578.15 154342.0
4564.79 154342.0
4550.32 154347.0
4481.3 154347.0
4406.72 154442.0
4369.98 155983.0
4344.38 156005.0
3092.04 155987.0
2836.0 155945.0
2780.34 156012.0
2759.19 156061.0
2697.97 156068.0
2659.0 156065.0
2636.74 156065.0
2594.44 156050.0
2536.55 156005.0
2490.91 155983.0
2154.73 156001.0
2126.9 156010.0
1292.0 155921.0
1283.1 155898.0
1247.47 155092.0
1319.83 147055.0
1316.49 146844.0
1327.62 146550.0
1319.83 146525.0
1312.04 146447.0
1297.57 145370.0
1278.64 145359.0
1256.38 145363.0
1249.7 145392.0
1245.25 148102.0
1225.21 148128.0
1082.72 148146.0
1033.74 148146.0
846.723 148191.0
798.855 148208.0
612.952 148224.0
592.914 148206.0
576.216 148184.0
566.198 146982.0
542.821 146973.0
-1663.53 147017.0
-1688.02 147022.0
-1763.72 146933.0
-1833.85 146828.0
-1905.09 146895.0
-3680.64 147006.0
-3687.32 146973.0
-3725.17 145503.0
-3722.94 145474.0
-3725.17 145492.0
-3739.64 144606.0
-3741.87 144557.0
-3739.64 144439.0
-3741.87 144388.0
-3753.0 144379.0
-3786.39 144388.0
-3856.53 144390.0
-3878.79 144395.0
-3953.37 144399.0
-4003.47 144395.0
-4037.98 144399.0
-4084.73 144390.0
-4114.79 144399.0
-4541.14 144399.0
-4566.74 144390.0
-4643.55 144395.0
-4650.23 144377.0
-4661.37 144083.0
-4665.82 144056.0
-4676.95 143789.0
-4665.82 143749.0
-4600.14 143687.0
-4170.45 143593.0
-2094.34 143493.0
-1967.43 143589.0
-1897.3 143720.0
-1849.44 143909.0
-1566.68 154068.0
-1563.34 154302.0
-1522.16 154431.0
-1443.12 154540.0
-778.542 154903.0
-720.656 155030.0
-708.41 155322.0
-553.676 158243.0
-574.827 158261.0
-622.694 158258.0
-636.053 158227.0
-652.751 158020.0
-641.619 157982.0
-619.355 157976.0
-58.3046 157982.0
-40.4935 157998.0
644.121 157991.0
655.253 158216.0
688.649 158661.0
737.63 158632.0
729.837 158648.0
740.969 158615.0
759.894 158599.0
1047.1 158588.0
1182.91 158615.0
1189.59 158661.0
1184.02 160385.0
640.782 160369.0
654.14 159830.0
670.838 159817.0
1143.95 159841.0
1161.76 159864.0
1172.89 159917.0
1202.95 160732.0
1217.42 160725.0
1256.38 159886.0
1271.96 159864.0
1316.49 159841.0
1939.88 159841.0
1956.58 159819.0
1957.69 159427.0
1951.01 159356.0
1962.14 158532.0
1965.48 158532.0
1959.92 158499.0
1979.96 158216.0
2007.79 158192.0
4156.25 158053.0
4338.82 158272.0
4361.08 158336.0
4378.89 158855.0
4420.08 158873.0
4451.25 158833.0
4459.04 158759.0
4440.12 147089.0
4472.4 143252.0
4484.64 143237.0
4523.61 143230.0
4550.32 143230.0
4568.13 143148.0
4572.59 143097.0
4595.96 143081.0
4646.06 143074.0
4653.85 143097.0
4668.32 143099.0
4784.09 143077.0
4846.43 143010.0
4865.36 142981.0
4873.15 142976.0
4876.49 142959.0
4937.71 142907.0
5067.96 142818.0
5071.3 142562.0
5080.2 142540.0
5095.79 142518.0
5597.84 142469.0
5572.24 142308.0
5524.37 142035.0
5497.65 142030.0
4946.62 142195.0
4943.28 142213.0
4954.41 142507.0
4416.74 142484.0
4397.81 142447.0
4236.4 141730.0
4177.4 141739.0
4182.97 141779.0
4369.98 142809.0
4373.32 143030.0
4394.47 143644.0
4386.68 145570.0
4401.15 146962.0
4483.53 146937.0
4912.11 146944.0
5817.14 146461.0
6095.44 146305.0
6134.4 146287.0
7450.2 145541.0
7472.46 145590.0
8424.24 145267.0
10585.0 145229.0
10695.2 145174.0
10784.2 145181.0
10787.6 145192.0
10823.2 145140.0
10823.2 145089.0
10839.9 144457.0
10865.5 144461.0
10898.9 144461.0
10921.1 144421.0
11313.0 143600.0
11290.7 143315.0
11338.6 143248.0
11455.5 143188.0
12151.2 143188.0
12143.4 143137.0
12136.7 143141.0
11275.1 143419.0
11307.4 143571.0
11299.6 143664.0
10898.9 144499.0
10859.9 144490.0
10817.6 144499.0
10815.4 144550.0
10802.0 145169.0
10773.1 145189.0
5828.27 146403.0
5364.07 146650.0
4584.83 146973.0
4509.13 146977.0
4384.46 147066.0
4347.72 152321.0
3989.27 153140.0
3872.39 153222.0
1306.47 152788.0
1049.32 152548.0
590.688 152548.0
587.348 152516.0
588.462 152583.0
594.028 152561.0
612.952 151987.0
588.462 151926.0
585.122 151898.0
612.952 151475.0
668.612 151902.0
743.196 151947.0
872.326 151704.0
941.344 152098.0
978.08 152209.0
1191.81 152020.0
1319.83 151470.0
1297.57 150691.0
1297.57 150279.0
1322.06 150279.0
1490.15 150424.0
1511.3 150413.0
2104.63 150813.0
3791.12 151052.0
4706.17 151047.0
4728.43 151063.0
6193.4 150945.0
6225.68 150945.0
6332.55 150951.0
6364.83 150951.0
6381.53 150945.0
6849.07 150913.0
7572.65 150807.0
7575.99 150791.0
8410.88 150691.0
8452.07 150680.0
9301.44 150773.0
9314.8 150769.0
9321.48 150773.0
10483.7 150913.0
10500.3 150929.0
11110.4 150940.0
12423.9 150891.0
12560.9 150889.0
12577.6 150902.0
12587.6 150851.0
12577.6 150847.0
12559.8 150833.0
12482.9 150833.0
11240.6 150936.0
11232.8 150934.0
11188.3 150947.0
10611.7 150891.0
10498.1 150856.0
8347.43 150673.0
8012.36 150700.0
7737.4 150773.0
7575.99 150795.0
6176.7 150900.0
6170.02 150902.0
5069.07 150991.0
5062.39 150869.0
5040.13 150802.0
4762.94 155689.0
4696.15 155834.0
4400.04 153790.0
4381.12 153763.0
4369.98 153701.0
4367.76 153616.0
4372.21 153596.0
4455.7 150495.0
4462.38 149798.0
4358.85 142197.0
4203.01 141585.0
4217.48 141549.0
4262.0 141516.0
4642.72 141117.0
4793.0 140826.0
4884.28 140726.0
5032.34 140483.0
5049.03 140510.0
5227.14 141028.0
5507.67 141995.0
5440.88 142030.0
4945.51 142179.0
4941.05 142206.0
4946.62 142469.0
4929.92 142487.0
4420.08 142491.0
4400.04 142462.0
4177.4 141723.0
4182.97 141763.0
4366.65 142807.0
4386.68 145608.0
4369.98 146962.0
4347.72 146982.0
3835.65 146988.0
3822.29 147004.0
3752.16 146950.0
3716.54 146928.0
3598.54 146984.0
3570.71 146988.0
2525.42 147015.0
2529.87 147026.0
2552.14 147033.0
3059.75 147011.0
3515.05 147017.0
3562.92 147093.0
3587.41 147044.0
4381.12 147071.0
4536.96 152031.0
4623.79 152038.0
4670.55 152047.0
4834.19 152049.0
4840.87 152060.0
4846.43 152127.0
4843.09 152283.0
4837.53 152361.0
4845.32 152392.0
4850.88 152403.0
4912.11 152436.0
4956.64 152427.0
4968.88 152432.0
4991.15 152392.0
5004.51 152376.0
5101.35 152316.0
5106.92 152332.0
5104.69 152343.0
5101.35 152343.0
5091.34 152349.0
5084.66 152347.0
5063.51 152332.0
5002.28 152325.0
4929.92 152321.0
4909.88 152332.0
4890.96 152316.0
4882.05 152294.0
4865.36 152187.0
4835.3 152102.0
4815.26 152060.0
4790.77 152060.0
4765.17 152065.0
4750.7 152058.0
4651.62 152047.0
4633.81 152031.0
4464.61 152027.0
4455.7 151975.0
4464.61 151118.0
4479.08 151089.0
4553.66 151036.0
4595.96 151007.0
4646.06 150980.0
4711.74 150936.0
5084.66 151058.0
5394.12 151003.0
6134.4 150980.0
6824.58 150980.0
6872.45 150951.0
7528.12 150791.0
7542.59 150773.0
7915.51 150722.0
7921.08 150755.0
8090.28 152516.0
8071.36 152543.0
7295.46 152681.0
7288.78 152672.0
