-3542.6 153213.0
-2106.58 152726.0
1320.94 150108.0
1314.26 146503.0
1050.44 142364.0
145.41 141151.0
-962.219 141191.0
529.462 141865.0
3391.49 136181.0
3783.33 133352.0
3011.89 131840.0
3600.77 135681.0
3945.86 137201.0
2791.47 139307.0
4406.72 158768.0
1794.05 169018.0
-5318.15 169504.0
-6031.71 167407.0
-6986.83 166723.0
-7054.73 164147.0
-6975.7 159583.0
-6709.64 156985.0
-4416.46 156132.0
-3578.23 154315.0
-1310.65 154545.0
-1797.12 147471.0
-1174.84 143520.0
4170.72 135013.0
11679.2 125829.0
15490.8 117947.0
15361.7 117435.0
13379.1 117656.0
13504.9 116338.0
13424.7 116251.0
13426.9 116260.0
13167.6 116482.0
14029.2 117927.0
15463.0 118707.0
15470.8 118617.0
15115.7 115104.0
15151.3 115071.0
15184.7 115037.0
15191.4 115033.0
15192.5 115035.0
15206.9 115020.0
15192.5 115029.0
15200.3 115024.0
15372.8 115307.0
15507.5 115209.0
15969.5 114748.0
15071.1 121349.0
8121.45 128276.0
-169.624 141416.0
-889.861 139846.0
265.635 131047.0
-935.502 126512.0
-3119.59 122937.0
-3124.04 122919.0
-3635.0 126163.0
-5131.13 131094.0
-4201.62 131640.0
-4050.22 132488.0
-4778.25 133321.0
-5576.41 139169.0
-10768.4 139588.0
-13996.6 145775.0
-15639.7 142562.0
-15895.7 141291.0
-15928.0 139011.0
-15696.5 142213.0
-15692.0 142211.0
-15649.7 143655.0
-10773.9 145592.0
-10436.6 145445.0
-10537.9 146436.0
-10336.4 150130.0
-10427.7 152915.0
-11291.6 157526.0
-5997.2 169709.0
-5354.89 174326.0
-3493.62 177610.0
637.442 174420.0
-3010.5 171156.0
-688.373 169693.0
345.785 163074.0
1273.08 153659.0
1162.87 152755.0
23594.9 155760.0
23574.8 155787.0
23589.3 155774.0
23661.7 155700.0
23618.2 155749.0
23611.6 155760.0
23612.7 155760.0
23608.2 155765.0
23608.2 155789.0
23613.8 155778.0
23610.4 155834.0
23613.8 155758.0
23560.4 155756.0
23600.4 155763.0
23575.9 155771.0
23573.7 155767.0
23571.5 155767.0
23563.7 155774.0
23573.7 155765.0
23575.9 155754.0
23568.1 155756.0
23577.0 155771.0
23580.4 155771.0
23621.6 155785.0
23638.3 155729.0
23570.4 155778.0
23578.2 155778.0
23580.4 155776.0
23581.5 155778.0
23591.5 155778.0
23573.7 155789.0
23575.9 155774.0
23586.0 155747.0
23569.3 155771.0
23577.0 155765.0
23580.4 155769.0
23577.0 155771.0
23589.3 155749.0
23591.5 155825.0
23591.5 155809.0
23598.2 155774.0
23579.3 155776.0
23568.1 155760.0
23599.3 155798.0
23593.7 155776.0
23582.6 155789.0
23586.0 155791.0
23588.2 155751.0
23598.2 155791.0
23611.6 155738.0
23587.1 155745.0
23589.3 155751.0
23599.3 155749.0
23586.0 155760.0
23584.8 155756.0
23582.6 155756.0
23581.5 155754.0
23582.6 155803.0
23579.3 155776.0
23575.9 155769.0
23573.7 155756.0
23573.7 155763.0
23058.3 154614.0
23078.3 152427.0
20789.6 153113.0
16723.1 151628.0
14062.6 151141.0
11557.9 150880.0
11549.0 149972.0
10403.5 150838.0
8484.35 151541.0
-4597.91 147919.0
-6029.48 146087.0
-4791.61 145443.0
-1428.65 145301.0
1266.4 147979.0
1268.62 152080.0
3026.36 152786.0
3124.32 152452.0
4037.14 152421.0
1525.77 153663.0
444.859 153029.0
891.251 155647.0
349.125 155079.0
-579.28 154660.0
1088.29 156054.0
1298.68 153338.0
1294.23 150764.0
1221.87 153322.0
598.48 152606.0
382.521 150190.0
845.61 152570.0
-2144.43 152441.0
-2790.08 152272.0
-3557.08 152641.0
-5577.52 149293.0
-5307.02 149591.0
-4101.43 151083.0
-3626.09 152396.0
-2942.59 152675.0
-1622.34 149083.0
-1148.12 148985.0
-141.794 149388.0
1121.68 149273.0
775.478 146599.0
91.9767 147002.0
-10.4373 149186.0
-504.696 149749.0
-1289.5 152583.0
-2540.73 154883.0
-3628.32 155168.0
-3787.51 153345.0
-2947.05 152706.0
-1560.0 154008.0
-1455.36 155894.0
-2146.66 155774.0
-3444.64 157366.0
-3222.0 161072.0
-3156.33 163655.0
-3963.39 163996.0
-3948.92 167010.0
-2566.33 167838.0
-1858.34 166224.0
-1497.67 163711.0
789.95 162342.0
91.9767 160712.0
-433.451 157982.0
-2386.0 154335.0
-2308.07 152681.0
862.308 153046.0
3566.26 153329.0
5066.84 152131.0
5126.96 152610.0
24701.4 154442.0
24702.5 154447.0
24703.6 154447.0
24705.8 154431.0
23612.7 156114.0
23612.7 155805.0
23611.6 155800.0
23608.2 155798.0
23609.3 155767.0
23607.1 155774.0
23604.9 155776.0
23608.2 155785.0
23610.4 155791.0
23611.6 155791.0
23611.6 155794.0
23614.9 155794.0
23614.9 155796.0
23613.8 155794.0
23614.9 155796.0
23606.0 155754.0
23626.0 155816.0
23628.3 155814.0
23623.8 155814.0
23623.8 155812.0
23620.5 155812.0
23606.0 155861.0
23606.0 155847.0
23646.1 155847.0
23591.5 155803.0
23600.4 155794.0
23606.0 155812.0
23608.2 155816.0
23610.4 155816.0
23610.4 155812.0
23611.6 155812.0
23608.2 155796.0
23610.4 155798.0
23617.1 155834.0
23612.7 155814.0
23617.1 155814.0
23620.5 155818.0
23626.0 155791.0
23620.5 155743.0
23613.8 155803.0
23613.8 155809.0
23610.4 155820.0
23618.2 155780.0
23590.4 155812.0
23601.5 155818.0
23604.9 155812.0
23608.2 155807.0
20305.4 152911.0
16746.5 151840.0
14522.3 151256.0
12292.6 150869.0
10210.9 149204.0
5993.02 149333.0
4459.04 149110.0
2804.83 139414.0
2335.06 135625.0
3398.17 135489.0
4372.21 134930.0
4414.51 138285.0
5946.27 139980.0
6559.64 142079.0
5165.92 143633.0
5757.03 147434.0
5794.87 148213.0
7404.55 149317.0
6739.98 149302.0
4374.44 150424.0
6004.15 151080.0
7882.11 151924.0
7529.23 150831.0
-158.492 153619.0
-2086.55 152503.0
-3413.47 152545.0
-4231.67 151023.0
-6134.12 149342.0
-7880.73 149482.0
-8484.08 149157.0
-10339.8 149228.0
-12480.4 149364.0
-13514.6 149302.0
-15443.8 149001.0
-15601.8 150635.0
-15588.5 152080.0
-16423.4 152806.0
-19268.7 152819.0
-20582.3 152815.0
-22453.6 152817.0
-26570.2 152808.0
-28058.5 149671.0
-28548.3 148649.0
-28052.9 149840.0
-28400.2 150787.0
-28400.2 150784.0
-28287.8 150580.0
-27392.8 153006.0
-25323.4 153630.0
-21420.5 153634.0
-20639.1 154805.0
-19447.9 158537.0
-17824.9 155190.0
-14064.5 155199.0
-14338.4 154522.0
-12766.5 152002.0
-12393.6 151354.0
-11520.9 151397.0
-10317.5 151737.0
-10124.9 151884.0
-10180.6 151463.0
-10301.9 151381.0
-10423.3 153322.0
-11300.5 157443.0
-9661.84 161467.0
-9410.26 160683.0
-8459.59 160705.0
-5662.13 162119.0
-5501.83 168404.0
-5479.56 166514.0
-1957.42 163746.0
-1261.67 164666.0
1522.43 163760.0
-1247.2 161752.0
-2443.88 155903.0
-3522.57 155480.0
-3541.49 153955.0
-2597.5 152285.0
-1637.93 153340.0
-1581.16 154140.0
-2478.39 155932.0
-4852.84 156103.0
-7225.05 154460.0
-10320.8 154184.0
-10525.7 145904.0
-10610.3 144682.0
-13467.9 145882.0
-9186.5 143976.0
-2074.3 143493.0
-715.09 146536.0
-1101.37 148631.0
-1106.93 148567.0
1191.81 148144.0
2159.18 150041.0
883.458 149990.0
-12.6636 152539.0
429.275 153420.0
2956.23 152695.0
2998.53 157911.0
1961.03 159400.0
96.4295 158601.0
-1275.03 154560.0
-1718.08 152565.0
-4810.53 152728.0
-8638.81 152893.0
-10790.6 149282.0
-11465.2 145837.0
-11557.6 142544.0
-10649.2 139111.0
-8951.62 139396.0
-7928.59 141854.0
-2781.18 143586.0
-1623.46 147024.0
-307.66 149397.0
1756.2 152655.0
23571.5 155751.0
23582.6 155749.0
23577.0 155763.0
23579.3 155765.0
23579.3 155769.0
23583.7 155780.0
23581.5 155783.0
23589.3 155785.0
23581.5 155794.0
23554.8 155783.0
23582.6 155760.0
23575.9 155760.0
23578.2 155763.0
23574.8 155760.0
23577.0 155758.0
23571.5 155758.0
23571.5 155760.0
23632.7 155734.0
23535.9 155771.0
23594.9 155749.0
23593.7 155751.0
23596.0 155754.0
23582.6 155783.0
23579.3 155771.0
23582.6 155767.0
23586.0 155756.0
23583.7 155760.0
23571.5 155765.0
23573.7 155763.0
23573.7 155765.0
23567.0 155751.0
23582.6 155816.0
23577.0 155767.0
23578.2 155767.0
23572.6 155778.0
23598.2 155758.0
23575.9 155758.0
23573.7 155754.0
23573.7 155763.0
23590.4 155758.0
23586.0 155751.0
23583.7 155756.0
23584.8 155758.0
23578.2 155763.0
23578.2 155765.0
23597.1 155760.0
23523.6 155812.0
23582.6 155769.0
23578.2 155774.0
23579.3 155776.0
23578.2 155774.0
23579.3 155774.0
23579.3 155769.0
23580.4 155767.0
23584.8 155749.0
23583.7 155776.0
23582.6 155771.0
23583.7 155731.0
23583.7 155771.0
23582.6 155769.0
23583.7 155769.0
23587.1 155809.0
21730.3 152908.0
18318.3 153055.0
11079.2 152376.0
8961.91 140467.0
7422.37 142104.0
5916.21 139592.0
5495.42 138428.0
4421.19 136373.0
5813.8 134903.0
3875.73 137317.0
2882.76 139648.0
4401.15 150508.0
-541.431 163675.0
-1710.29 163920.0
-450.149 163702.0
1230.78 163855.0
2897.23 164060.0
2279.4 160912.0
2146.93 159080.0
1961.03 159233.0
1254.15 158561.0
880.119 163473.0
963.608 169606.0
578.443 170232.0
974.74 169419.0
383.634 165200.0
25.185 163486.0
-1159.25 163637.0
-4517.76 164054.0
-5482.9 159663.0
-6255.46 158187.0
-7282.94 157374.0
-9186.5 157252.0
-7367.54 156891.0
-4560.06 156157.0
-2147.77 155961.0
1126.13 155970.0
1295.34 155518.0
1309.81 147160.0
1875.31 147347.0
2138.03 147440.0
2017.8 147387.0
1231.89 147903.0
903.496 152165.0
818.893 151501.0
1235.23 154195.0
962.495 154874.0
-573.714 154311.0
-1859.45 155671.0
-656.09 155981.0
2185.9 156007.0
4390.02 156181.0
5640.14 160988.0
5298.39 159955.0
3023.02 158007.0
5981.89 161024.0
6262.42 160169.0
6168.91 160051.0
4973.34 158857.0
3965.89 157958.0
3072.0 154494.0
3001.87 152610.0
1235.23 153505.0
651.914 162515.0
-441.244 166353.0
-66.097 163575.0
1334.3 154364.0
2463.08 153147.0
1766.22 153679.0
600.707 152695.0
-698.392 152715.0
-2593.05 151466.0
-2707.71 147109.0
-5249.13 147046.0
-6106.29 143622.0
-7870.71 142066.0
-6901.11 139387.0
-4015.71 141231.0
-3332.21 143537.0
-1839.42 149014.0
-450.149 148814.0
-670.562 149493.0
-1830.51 149110.0
-2469.48 154344.0
-4252.82 156068.0
-7290.73 156217.0
-6529.31 153859.0
-7083.68 149511.0
-5993.86 147371.0
-6092.93 143609.0
-6229.86 134970.0
-6450.27 134883.0
-6994.62 134140.0
-9433.63 130509.0
-5349.32 127276.0
4190.76 129660.0
10287.7 126750.0
15399.5 116761.0
15588.8 116496.0
17983.2 122391.0
21565.5 126477.0
22945.9 134814.0
22914.7 144194.0
23145.1 146881.0
22968.1 150965.0
23223.1 156012.0
23575.9 155778.0
23572.6 155771.0
23569.3 155771.0
23571.5 155767.0
23570.4 155765.0
23572.6 155765.0
23571.5 155765.0
23573.7 155765.0
23573.7 155767.0
23580.4 155771.0
23579.3 155791.0
23577.0 155787.0
23583.7 155785.0
23572.6 155778.0
23577.0 155774.0
23575.9 155771.0
23580.4 155767.0
23555.9 155783.0
23591.5 155769.0
23547.0 155798.0
23578.2 155758.0
23577.0 155763.0
23549.2 155812.0
23573.7 155774.0
23577.0 155771.0
23627.1 155798.0
23608.2 155787.0
23603.8 155787.0
23603.8 155794.0
23577.0 155771.0
23578.2 155765.0
23575.9 155763.0
23575.9 155765.0
23591.5 155765.0
23583.7 155763.0
23579.3 155758.0
23628.3 155736.0
23631.6 155745.0
23586.0 155747.0
23591.5 155745.0
23580.4 155758.0
23581.5 155756.0
23577.0 155760.0
23577.0 155765.0
23574.8 155763.0
23574.8 155765.0
23575.9 155763.0
23577.0 155765.0
23575.9 155765.0
23592.6 155783.0
23593.7 155783.0
23587.1 155747.0
23584.8 155785.0
23580.4 155774.0
23582.6 155769.0
23590.4 155765.0
23586.0 155754.0
23600.4 155769.0
23591.5 155756.0
23587.1 155754.0
23649.4 155725.0
23610.4 155743.0
23602.7 155745.0
23593.7 155756.0
23590.4 155763.0
23572.6 155745.0
23596.0 155809.0
23584.8 155771.0
23567.0 155783.0
23572.6 155778.0
23574.8 155789.0
23577.0 155789.0
23579.3 155758.0
23578.2 155763.0
23596.0 155791.0
23198.6 153654.0
21295.0 153004.0
16781.0 152118.0
15736.8 151138.0
14393.2 150090.0
12152.3 150876.0
-12067.5 159095.0
6216.78 149313.0
3187.77 149375.0
1558.05 149288.0
-337.717 145294.0
-2571.9 143448.0
-1732.55 150116.0
44.1093 152926.0
97.5427 153821.0
-1744.79 149446.0
-4144.84 143582.0
-7916.35 141534.0
-8009.86 140837.0
-10320.8 142898.0
-9821.02 142954.0
-11329.4 145648.0
-13261.9 146545.0
-12005.1 148451.0
-13920.9 148211.0
-12857.8 149475.0
-10949.8 152953.0
-11273.7 160520.0
-4073.6 160732.0
-2473.94 163038.0
-1775.96 163139.0
-1270.57 164755.0
-1234.95 166169.0
-1246.08 164550.0
-1270.57 164432.0
-1342.93 164327.0
-1253.88 164198.0
-2055.38 163119.0
-3255.4 158819.0
-3479.15 156143.0
-4236.13 154494.0
-4468.78 157127.0
-7232.85 158111.0
-6131.9 156673.0
-3548.17 156125.0
879.005 156001.0
-620.468 157624.0
-5430.58 160763.0
-5538.56 167117.0
-5423.9 171548.0
-4623.52 171993.0
-5163.42 168780.0
-3904.39 167418.0
-2426.07 167153.0
-2417.16 166494.0
-1769.29 166988.0
-322.132 169573.0
659.706 175021.0
1066.02 176575.0
3195.56 177739.0
3345.85 177853.0
2480.89 174827.0
-343.283 167489.0
-2273.56 165772.0
-1857.23 165254.0
1018.15 160507.0
1156.19 159305.0
659.706 160189.0
-1951.85 163700.0
-6987.94 164018.0
-7732.67 165505.0
-9495.97 165554.0
-15301.3 169920.0
-18525.1 164443.0
-16835.3 162008.0
-14785.9 159543.0
-14291.6 156110.0
-12785.5 152850.0
-13683.8 149235.0
-13234.1 148233.0
-11890.5 149371.0
-10690.4 149284.0
-8551.98 149228.0
-8226.93 146726.0
-8124.51 149255.0
-9912.31 147302.0
-9762.02 145998.0
-9537.16 146781.0
-9499.31 149319.0
-14473.1 155255.0
-13462.3 153948.0
-10428.8 153834.0
-8730.09 152550.0
-8447.34 154509.0
-7294.07 156700.0
-6347.86 158474.0
-6881.08 158212.0
-8458.47 161148.0
-9629.55 166561.0
-9323.43 166583.0
-8341.59 165870.0
-8433.98 161847.0
-11255.9 158080.0
-12041.8 155099.0
-8516.36 152948.0
-8481.85 152105.0
-9530.48 150515.0
-11212.5 148291.0
-10516.8 146594.0
-5066.57 143658.0
-1807.13 147369.0
971.401 152752.0
3779.99 152699.0
4414.51 142794.0
3712.09 137464.0
7344.44 137430.0
10618.3 139245.0
10814.3 142447.0
12396.1 145305.0
14201.7 149119.0
21111.3 149157.0
22987.1 151143.0
21161.4 152797.0
21163.6 152804.0
21164.8 152804.0
21165.9 152806.0
21179.2 152777.0
21175.9 152790.0
21174.8 152790.0
21173.7 152799.0
21172.5 152799.0
21172.5 152801.0
21164.8 152801.0
21168.1 152804.0
21170.3 152826.0
21173.7 152821.0
21177.0 152824.0
21172.5 152813.0
21199.3 152915.0
22958.1 155411.0
23619.4 155791.0
23616.0 155785.0
23617.1 155787.0
23616.0 155785.0
23617.1 155787.0
23616.0 155794.0
23617.1 155800.0
23626.0 155820.0
23624.9 155820.0
23627.1 155823.0
23630.5 155812.0
23629.4 155807.0
23626.0 155807.0
23623.8 155805.0
23622.7 155803.0
23622.7 155805.0
23602.7 155805.0
23608.2 155809.0
23626.0 155816.0
23613.8 155763.0
23619.4 155836.0
23621.6 155827.0
23618.2 155827.0
23612.7 155745.0
23619.4 155843.0
23609.3 155829.0
23610.4 155836.0
23609.3 155834.0
23610.4 155832.0
23611.6 155827.0
23610.4 155825.0
23611.6 155823.0
23643.8 155829.0
23616.0 155798.0
23617.1 155800.0
23616.0 155807.0
23619.4 155791.0
23616.0 155791.0
23598.2 155803.0
23628.3 155812.0
23622.7 155809.0
23623.8 155818.0
23622.7 155820.0
23623.8 155823.0
23623.8 155789.0
23593.7 155798.0
23596.0 155803.0
23600.4 155805.0
23604.9 155816.0
23610.4 155798.0
23604.9 155834.0
23602.7 155834.0
23602.7 155836.0
23603.8 155791.0
23590.4 155861.0
23608.2 155818.0
23610.4 155816.0
23609.3 155805.0
23610.4 155800.0
23611.6 155800.0
23484.7 156068.0
20063.8 152973.0
17239.6 152207.0
15666.7 149469.0
11630.2 149092.0
8706.99 149865.0
7916.62 150731.0
6125.49 159984.0
4444.57 159461.0
2788.13 159095.0
3025.25 157891.0
2232.65 160901.0
221.107 163194.0
-6918.92 164065.0
-7209.47 158183.0
-8415.06 155722.0
-8436.21 153044.0
-8497.44 152245.0
-9529.37 150484.0
-11053.3 145615.0
-14028.9 143097.0
-12850.0 141647.0
-11513.1 142001.0
-11965.0 145882.0
-13000.3 146786.0
-14340.6 148173.0
-15156.6 147834.0
-13091.6 147302.0
-10867.4 149290.0
-7654.75 149506.0
-4927.42 149128.0
-4587.89 148015.0
-4653.57 143747.0
-4705.89 140656.0
-4757.1 136132.0
-4660.25 133376.0
-10131.6 135091.0
-9666.29 139851.0
-8668.87 139459.0
-4985.31 140668.0
-5222.42 143589.0
-10180.6 143301.0
-10227.3 142271.0
-10132.7 142861.0
-11063.3 138862.0
-10982.1 137386.0
-9905.63 141485.0
-11457.4 145655.0
-11672.3 145773.0
-8169.04 143139.0
-6087.37 143602.0
-2246.85 143337.0
-1682.46 152752.0
-1660.19 152833.0
-2170.04 152042.0
-5200.15 146939.0
-9095.22 146450.0
-9060.71 143909.0
-8734.55 143531.0
-10150.5 146082.0
-7743.8 143644.0
-6032.82 145911.0
-3978.98 147080.0
-1713.63 149128.0
-894.314 149268.0
321.295 148375.0
-887.635 148614.0
-4547.82 147020.0
-8794.66 146452.0
-8838.07 145038.0
-5068.79 143626.0
-3392.32 141812.0
-2879.14 143335.0
-1838.3 147327.0
-764.07 150315.0
2603.34 152260.0
2933.96 152975.0
2459.74 154482.0
2475.33 154447.0
1576.98 152931.0
3113.19 151755.0
3452.71 148130.0
6076.51 149368.0
11785.0 149166.0
14724.9 147494.0
13608.4 149074.0
8572.3 149184.0
4107.27 149379.0
3560.69 149433.0
7903.27 149233.0
12766.8 149139.0
15340.5 151510.0
16763.2 152292.0
20237.5 153147.0
21514.3 156168.0
23586.0 155767.0
23578.2 155767.0
23551.4 155827.0
23553.7 155814.0
23563.7 155800.0
23608.2 155749.0
23604.9 155749.0
23599.3 155754.0
23599.3 155751.0
23596.0 155756.0
23593.7 155756.0
23592.6 155760.0
23591.5 155760.0
23591.5 155763.0
23580.4 155783.0
23581.5 155767.0
23580.4 155763.0
23574.8 155758.0
23594.9 155738.0
23594.9 155743.0
23594.9 155738.0
23609.3 155760.0
23602.7 155756.0
23597.1 155760.0
23593.7 155765.0
23596.0 155776.0
23592.6 155767.0
23523.6 155827.0
23632.7 155720.0
23624.9 155729.0
23626.0 155729.0
23621.6 155734.0
23614.9 155725.0
23604.9 155734.0
23597.1 155738.0
23589.3 155747.0
23591.5 155805.0
23580.4 155798.0
23572.6 155749.0
23577.0 155756.0
23543.7 155785.0
23571.5 155751.0
23573.7 155754.0
23574.8 155751.0
23574.8 155754.0
23581.5 155758.0
23579.3 155758.0
23583.7 155765.0
18135.8 86871.4
23584.8 155765.0
23535.9 155796.0
23642.7 155751.0
23630.5 155760.0
23609.3 155765.0
23574.8 155789.0
23575.9 155796.0
23583.7 155787.0
23586.0 155780.0
23579.3 155774.0
23581.5 155771.0
23583.7 155774.0
23584.8 155771.0
23575.9 155760.0
23583.7 155751.0
23587.1 155754.0
23586.0 155751.0
23587.1 155771.0
23582.6 155760.0
23578.2 155765.0
23590.4 155767.0
23584.8 155754.0
23583.7 155760.0
23588.2 155767.0
23583.7 155774.0
23621.6 155751.0
23593.7 155749.0
23591.5 155789.0
23596.0 155791.0
23582.6 155789.0
23582.6 155783.0
23584.8 155780.0
23587.1 155780.0
23584.8 155787.0
23586.0 155787.0
23583.7 155789.0
23582.6 155787.0
23577.0 155787.0
23571.5 155820.0
23581.5 155776.0
23580.4 155771.0
23581.5 155767.0
23582.6 155769.0
23583.7 155767.0
23583.7 155769.0
23583.7 155767.0
23313.2 156132.0
25619.8 156188.0
26494.7 156315.0
26491.4 156315.0
26489.2 156317.0
25767.8 156163.0
23070.5 155847.0
23039.4 152677.0
18672.3 153013.0
15693.4 151348.0
14801.7 148137.0
11906.3 149086.0
9584.19 149226.0
8927.4 147694.0
10831.0 142549.0
12019.9 138773.0
10829.9 137813.0
11818.4 142170.0
10837.6 140503.0
8911.82 141351.0
4813.04 133572.0
2962.91 136934.0
337.993 142349.0
1205.17 143437.0
-58.3046 140919.0
-7062.53 139261.0
-7777.2 139786.0
-16334.3 141431.0
-15296.8 141848.0
-13975.5 143716.0
-12804.4 141489.0
-14202.6 139548.0
-3529.25 141685.0
-2898.06 142447.0
-3449.1 142455.0
-3667.28 143099.0
-3732.96 145345.0
-4650.23 143460.0
-4662.48 141465.0
-4733.72 135177.0
-10566.9 135077.0
-11781.4 135994.0
-6711.87 135006.0
-6192.01 139566.0
-4208.3 143602.0
-463.508 143342.0
1784.03 146997.0
4284.27 147008.0
7471.35 146699.0
7482.48 149195.0
5827.16 148204.0
3152.15 148079.0
3904.67 146988.0
1582.54 146645.0
-64.9838 146979.0
-1838.3 148923.0
-2715.5 145681.0
-2784.52 142562.0
-2852.42 137159.0
-4729.27 136008.0
