-16737.3 149155.0
-18244.6 149046.0
-18188.9 149025.0
-18247.9 149032.0
-15663.1 149204.0
-14030.0 145886.0
-10977.6 145626.0
-10261.8 145510.0
-10663.7 138760.0
-9564.99 136268.0
-9592.82 136295.0
-9583.91 136324.0
-9623.99 136319.0
-9440.31 135696.0
-9441.42 135698.0
-9434.75 135696.0
-9438.08 135678.0
-9436.97 135698.0
-9433.63 135683.0
-9422.5 136081.0
-11635.5 137604.0
-11548.7 137499.0
-8780.19 142141.0
-8728.98 143515.0
-8165.7 144591.0
-7909.67 144989.0
-7763.84 139461.0
-10673.7 137695.0
-11625.5 137477.0
-11634.4 137524.0
-11588.8 137611.0
-10031.4 136322.0
-9418.05 137546.0
-9418.05 138314.0
-9464.8 139365.0
-10711.6 136271.0
-13013.7 134997.0
-14444.1 133269.0
-14859.3 133962.0
-14997.4 135418.0
-17624.5 141080.0
-18437.2 140770.0
-19695.1 142518.0
-19504.7 140020.0
-9416.93 137199.0
-9419.16 137203.0
-10699.3 136564.0
-10829.6 132136.0
-11288.2 130598.0
-11372.8 130664.0
-11845.9 129596.0
-12650.8 132624.0
-13079.3 133220.0
-11942.8 129985.0
-11769.1 129823.0
-12429.2 131942.0
-13073.8 133612.0
-15073.1 135202.0
-16919.9 137949.0
-17883.9 141685.0
-18889.1 142426.0
-18792.3 143175.0
-18364.8 144143.0
-18957.0 144103.0
-19004.9 149101.0
-18010.8 148985.0
-15922.4 149188.0
-17997.4 148794.0
-18144.4 148896.0
-17870.5 148415.0
-18011.9 149010.0
-15606.3 149727.0
-15588.5 152162.0
-15581.8 153632.0
-15571.8 154917.0
-15592.9 156181.0
-15587.4 156965.0
-15332.5 157731.0
-7181.64 153405.0
-14549.9 158022.0
-13749.5 158819.0
-14359.5 157962.0
-14693.5 157036.0
-14888.3 157207.0
-15537.3 153714.0
-15535.1 152425.0
-15362.5 149738.0
-14507.6 147859.0
-14507.6 145980.0
-13413.3 142943.0
-12950.2 137557.0
-12627.4 134964.0
-12529.4 133828.0
-11810.3 135309.0
-8997.26 135547.0
-9599.5 136279.0
-9463.69 136304.0
-8860.34 140857.0
-2044.24 146365.0
-2059.83 146841.0
-1793.78 145443.0
-3417.93 143471.0
-4630.2 143460.0
-4681.4 143264.0
-4757.1 138265.0
-4734.84 132991.0
-4986.42 132281.0
-4987.53 131092.0
-3977.86 133332.0
-4190.48 133227.0
-4773.8 133917.0
-4772.69 133966.0
-6233.2 137439.0
-6567.16 139009.0
-7353.07 138339.0
-6910.02 138953.0
-6140.8 142101.0
-6256.57 145368.0
-6314.46 148346.0
-6514.84 152405.0
-6951.21 153875.0
-7729.33 153890.0
-8481.85 152416.0
-8000.95 149495.0
-6293.31 148928.0
-4060.24 147089.0
-2163.36 146385.0
-3154.1 147020.0
-6018.35 146661.0
-6031.71 145953.0
-4660.25 144448.0
-4669.16 144063.0
-11170.2 144348.0
-11168.0 144350.0
-10812.9 141592.0
-9435.86 142841.0
-8269.23 139804.0
-6996.85 140503.0
-7757.16 139352.0
-9848.85 129353.0
-13851.9 119016.0
-14377.3 116342.0
-15014.1 116122.0
-16978.9 120287.0
-15978.1 122663.0
-15870.1 123015.0
-15195.5 125058.0
-18083.2 124671.0
-18069.8 124722.0
-15161.0 127147.0
-13245.2 129324.0
-12213.3 134714.0
-9428.07 137491.0
-9420.27 137813.0
-7759.39 137428.0
-9434.75 130462.0
-12087.5 125395.0
-12287.9 125871.0
-16146.2 122162.0
-16130.6 122169.0
-16063.8 122055.0
-16010.4 122017.0
-13947.6 124317.0
-12598.4 122102.0
-10633.7 118502.0
-7323.01 117306.0
-4738.18 115162.0
-4075.83 119214.0
-4640.21 127258.0
-4781.59 136765.0
-4663.59 143713.0
-1103.59 148151.0
-1224.93 148498.0
-662.769 145991.0
132.052 141870.0
30776.1 104965.0
38237.8 99590.7
38251.2 99610.8
49154.9 95970.6
49159.4 95966.2
49154.9 95966.2
49156.0 95977.3
49152.7 95968.4
49160.5 95959.5
49156.0 95970.6
49157.2 95966.2
49154.9 95970.6
49157.2 95966.2
49156.0 95970.6
49153.8 95963.9
49150.5 95966.2
49158.3 95970.6
49154.9 95968.4
49156.0 95966.2
49158.3 95972.8
49154.9 95970.6
49159.4 95970.6
49157.2 95972.8
49161.6 95970.6
49163.8 95966.2
49160.5 95968.4
49159.4 95972.8
49157.2 95968.4
49157.2 95970.6
49159.4 95966.2
49159.4 95968.4
49166.1 95970.6
49157.2 95972.8
48907.8 95714.6
48628.4 98170.3
42469.1 98700.2
29456.9 104589.0
19533.9 106014.0
15421.8 105909.0
8571.18 127948.0
-1812.7 146307.0
-691.713 155215.0
-5594.22 164552.0
-4848.38 166549.0
-4843.93 166545.0
-5610.92 164786.0
-5682.17 164802.0
-6196.46 164808.0
-6234.31 163827.0
-6744.15 163259.0
-7413.18 163579.0
-6071.78 160992.0
-6484.78 163245.0
-6976.81 159445.0
-5481.79 155222.0
-4827.23 154302.0
-4841.7 151430.0
2079.03 137914.0
-4848.38 149146.0
-4582.33 149110.0
-4430.93 148431.0
-5772.33 147066.0
-7880.73 145933.0
-8696.7 143822.0
-9488.18 144156.0
-9927.89 142836.0
-9450.33 142809.0
-8732.32 143442.0
-6380.14 143613.0
-2499.54 143455.0
-1792.66 146505.0
530.575 141690.0
-3.75808 140937.0
-1092.46 138969.0
-821.956 137609.0
1533.56 137833.0
4377.78 150929.0
3851.24 150056.0
3853.46 150050.0
285.673 137005.0
-833.088 138176.0
-906.559 138706.0
-3544.83 139094.0
-4348.56 138844.0
-3610.51 139263.0
-4602.37 140705.0
-4357.46 138423.0
-6608.34 139247.0
-7666.99 139151.0
-6656.21 139252.0
-10820.7 139436.0
-13422.2 139488.0
-14575.5 138450.0
-15427.1 136965.0
-14365.1 139557.0
-13492.3 139566.0
-12188.8 140670.0
-12192.1 140663.0
-12192.1 140674.0
-12197.7 140681.0
-12194.4 140672.0
-12194.4 140677.0
-12193.2 140672.0
-12197.7 140685.0
-12196.6 140692.0
-12193.2 140681.0
-12212.2 140291.0
-12114.2 140360.0
-8920.45 139247.0
-8791.32 136291.0
-8504.11 136591.0
-10263.0 137459.0
-10634.8 141551.0
-10540.1 145548.0
-10481.1 148703.0
-10444.4 152519.0
-13580.3 155126.0
-14336.1 154928.0
-14844.9 153211.0
-15542.8 151586.0
-15472.7 149691.0
-15499.4 149689.0
-15493.9 149707.0
-15548.4 149357.0
-14500.9 147489.0
-15578.5 144101.0
-12924.6 138773.0
-12929.1 138564.0
-11676.7 137522.0
-9209.88 137453.0
-8214.68 136248.0
-8628.79 136602.0
-8783.53 137442.0
-8929.35 139156.0
-9849.97 141585.0
-10268.5 142625.0
-10032.5 142907.0
-9677.42 142816.0
-10229.6 143460.0
-10097.1 142890.0
-8812.47 142798.0
-8724.53 143417.0
-7016.89 143653.0
-2773.39 143097.0
-3506.98 141816.0
-4140.39 140049.0
-4286.22 140044.0
-5388.28 137388.0
-7492.22 137415.0
-7998.72 136656.0
-8538.62 136604.0
-8626.57 136829.0
-8933.81 138780.0
-8927.13 139147.0
-8564.23 139445.0
-8566.45 139450.0
-8329.34 139412.0
-7669.22 138234.0
-7625.8 137533.0
-8251.42 136589.0
-8281.48 136589.0
-8695.58 137419.0
-8806.9 137424.0
-8020.99 136694.0
-7872.93 136660.0
-7442.13 135037.0
2617.82 137548.0
2932.85 138067.0
3490.56 139546.0
3489.45 139541.0
2811.51 139423.0
629.65 136587.0
-283.17 137410.0
-820.843 137891.0
-2147.77 136346.0
-2919.22 135017.0
-3905.51 134725.0
-4152.64 134730.0
-3815.34 134826.0
-3334.44 135952.0
-1936.26 135914.0
-1390.8 134725.0
715.366 128220.0
3533.98 115616.0
7228.67 110843.0
12427.3 108064.0
16025.1 105931.0
18749.1 106203.0
18744.7 106201.0
18713.5 106210.0
18729.1 106199.0
21712.4 106070.0
27015.7 105353.0
33521.2 103124.0
39014.8 99308.0
39086.1 99272.4
42436.8 96932.4
42177.4 96994.8
42168.5 97034.8
42173.0 97032.6
42179.6 97001.4
42177.4 97003.7
42174.1 96990.3
42173.0 97043.7
42168.5 97012.6
42165.2 97023.7
42167.4 97039.3
42171.9 97052.6
42170.7 97046.0
42174.1 97046.0
42173.0 97048.2
42175.2 97043.7
42173.0 97014.8
42180.8 97034.8
42175.2 97059.3
42179.6 97050.4
42179.6 97043.7
42177.4 97057.1
42173.0 97061.6
42173.0 97057.1
42176.3 97054.9
42177.4 97061.6
42175.2 97054.9
42176.3 97077.1
42176.3 97070.5
42174.1 97074.9
42173.0 97048.2
42177.4 97072.7
42175.2 97092.7
42174.1 97041.5
42177.4 97019.2
42180.8 97017.0
42181.9 97043.7
42185.2 97028.2
42183.0 97030.4
42188.6 97041.5
42193.0 97041.5
42189.7 97025.9
42183.0 97043.7
42187.4 97030.4
42176.3 97052.6
42179.6 97046.0
42178.5 97041.5
42178.5 97048.2
42171.9 97059.3
42177.4 97061.6
42178.5 97028.2
42177.4 97019.2
42178.5 97050.4
42174.1 97059.3
42170.7 97037.1
42174.1 97039.3
42171.9 97043.7
42177.4 96994.8
42174.1 96992.5
42179.6 97014.8
42178.5 97012.6
42170.7 97048.2
42174.1 97054.9
42181.9 97014.8
42173.0 97070.5
42173.0 97063.8
42167.4 97072.7
42166.3 97021.5
42175.2 97066.0
42161.8 97014.8
42159.6 97030.4
42174.1 97048.2
42178.5 97005.9
42169.6 97052.6
42166.3 97010.3
42163.0 97048.2
42158.5 97037.1
42161.8 97030.4
42177.4 97017.0
42158.5 97008.1
42166.3 97019.2
42167.4 97014.8
42175.2 97054.9
42176.3 97030.4
42175.2 97025.9
42175.2 97059.3
42175.2 97054.9
42175.2 97057.1
42178.5 97057.1
42178.5 97077.1
42176.3 97059.3
42177.4 97066.0
42173.0 97019.2
42169.6 97010.3
42171.9 97050.4
34798.1 101265.0
27950.8 104248.0
24405.3 106441.0
19444.9 106018.0
15338.3 105896.0
12198.0 111593.0
10820.9 119221.0
8749.29 124791.0
5743.67 131522.0
3202.24 130907.0
851.176 131762.0
832.251 131815.0
828.912 131880.0
832.251 131929.0
830.025 132121.0
3284.62 135286.0
4405.61 136442.0
5517.69 136858.0
3672.01 135763.0
3158.83 131526.0
2576.63 131043.0
2544.35 129387.0
2582.19 131702.0
2828.21 135260.0
2610.02 136008.0
1878.65 136700.0
1822.99 136633.0
1809.64 136624.0
1902.03 136745.0
3924.71 141088.0
3232.3 146993.0
2315.03 147736.0
1833.01 147979.0
1343.21 147380.0
1342.09 147385.0
1955.46 147921.0
3119.87 148928.0
5305.07 149373.0
5646.82 148600.0
5774.84 149097.0
3311.34 149382.0
1722.81 149315.0
1361.02 149302.0
-358.867 149339.0
-453.489 148611.0
-1151.46 146991.0
-1157.03 146721.0
266.748 145339.0
1997.77 143083.0
1982.18 141914.0
1442.28 140752.0
1739.51 141180.0
90.8635 140774.0
-347.735 140505.0
-174.077 139819.0
-1737.0 138969.0
-4261.73 139114.0
-5390.51 137691.0
-4766.01 136121.0
-4698.1 131735.0
-4754.87 132987.0
-5430.58 134485.0
-9006.17 135220.0
-9599.5 136286.0
-9597.27 136277.0
-9600.61 136302.0
-9593.93 136284.0
-9592.82 136257.0
-9576.12 136184.0
-9481.5 136304.0
-11493.0 135191.0
-13123.9 133828.0
-13407.7 133855.0
-14982.9 134964.0
-15991.5 135594.0
-9440.31 135378.0
-9432.52 135603.0
-8912.66 139833.0
-8697.81 143829.0
-8609.87 147111.0
-8515.25 151846.0
-8535.28 151926.0
-9070.73 150833.0
-9074.07 150831.0
-9075.18 150836.0
-9067.39 150849.0
-9067.39 150842.0
-9479.27 151357.0
-10298.6 152249.0
-10395.4 152361.0
-11076.7 156217.0
-11152.4 155584.0
-10407.7 151247.0
-10506.8 146801.0
-11453.0 145717.0
-11975.1 145891.0
-15657.5 145065.0
-15045.2 145998.0
-14028.9 145884.0
-13978.8 145889.0
-10895.3 145581.0
-6826.53 143633.0
-1853.89 147082.0
-1239.4 147594.0
-1537.74 147471.0
-2118.83 147006.0
-4561.18 147060.0
-5901.46 147053.0
-8516.36 147227.0
-9091.88 145599.0
-9217.67 145472.0
-9585.03 146140.0
-10148.3 146561.0
-9632.89 146354.0
-9578.35 145937.0
-9638.46 144642.0
-7852.9 142607.0
-7856.23 142609.0
-7666.99 138359.0
-7066.98 138297.0
-7288.51 138297.0
-5348.21 139241.0
-3462.45 139167.0
-2506.22 140670.0
-2771.16 140634.0
-2765.59 141776.0
-1737.0 142386.0
-640.506 142190.0
-125.096 141255.0
-541.431 140282.0
-6255.46 140461.0
-6888.87 140498.0
-7333.03 137428.0
-6228.74 138564.0
-6272.16 143825.0
-6275.5 144606.0
-4673.61 143088.0
-4673.61 142718.0
-4692.54 142413.0
-3952.26 139192.0
-3721.83 138506.0
-4243.92 139123.0
-12454.8 138134.0
-12532.8 138045.0
-12422.6 137515.0
-10846.3 138210.0
-12172.1 139399.0
-10966.5 139459.0
-6071.78 139265.0
-2925.89 139085.0
1261.94 142910.0
1255.27 146592.0
1324.28 146721.0
2050.09 143647.0
1965.48 141558.0
592.914 141781.0
-867.597 141215.0
-2347.03 143411.0
-2765.59 143934.0
-2301.39 145405.0
-1802.68 147908.0
-1803.79 148939.0
-673.901 149315.0
-481.319 149364.0
-10.4373 152234.0
-11.5504 152234.0
1303.13 154409.0
1299.79 154278.0
1343.21 152309.0
1812.98 151495.0
1799.62 151490.0
1629.3 151490.0
1237.45 152521.0
-7060.3 156833.0
-8850.32 156898.0
-11623.3 156796.0
-12279.0 157263.0
-12296.8 157844.0
-12556.1 155135.0
-11539.8 153307.0
-10502.3 151417.0
-10468.9 147930.0
-9380.2 148743.0
-10161.7 147287.0
-10428.8 145624.0
-8726.75 143720.0
-9540.5 136277.0
-9537.16 136282.0
-9541.61 136277.0
-9415.82 138069.0
-9418.05 137800.0
-11648.9 137417.0
-11737.9 137448.0
-11740.2 137446.0
-10791.7 133859.0
-10932.0 128959.0
-10937.6 129090.0
-11844.8 132054.0
-13385.5 133813.0
-13189.6 133726.0
-11695.6 135260.0
-7904.1 141569.0
-4292.9 143593.0
-1741.46 150174.0
-2247.96 151820.0
-2638.69 151052.0
-2640.92 150368.0
-2707.71 147093.0
-3276.55 143500.0
-7861.8 140868.0
-7827.29 136010.0
-6253.23 137292.0
-5381.6 138878.0
-4780.48 138711.0
-5371.58 137969.0
-4781.59 139296.0
-1711.4 139087.0
-435.678 140688.0
1239.68 147543.0
581.782 147380.0
1875.31 147302.0
5649.05 146548.0
8820.54 145245.0
11919.7 142760.0
11650.3 139810.0
10835.4 139828.0
10779.8 145174.0
3263.47 140078.0
-2493.98 134748.0
-1663.53 139087.0
-2824.59 139178.0
4424.53 130141.0
8114.77 126717.0
11500.0 118152.0
12595.4 107572.0
18379.5 106014.0
21086.8 110654.0
23393.4 108263.0
23394.5 108265.0
26218.7 106339.0
35371.3 100855.0
38241.2 99579.6
38232.3 99597.4
46719.3 98063.4
49160.5 95957.3
49158.3 95959.5
49157.2 95957.3
49156.0 95963.9
49157.2 95957.3
49158.3 95957.3
49160.5 95968.4
49157.2 95972.8
49159.4 95963.9
49157.2 95961.7
49159.4 95966.2
49157.2 95966.2
49161.6 95966.2
49154.9 95975.1
49156.0 95968.4
49153.8 95972.8
49154.9 95963.9
49154.9 95968.4
49157.2 95966.2
49153.8 95966.2
49158.3 95966.2
49157.2 95968.4
49158.3 95970.6
49157.2 95970.6
49158.3 95968.4
49159.4 95977.3
49159.4 95966.2
49157.2 95970.6
49160.5 95970.6
49161.6 95966.2
49153.8 95972.8
49154.9 95966.2
49160.5 95966.2
49158.3 95977.3
49162.7 95970.6
49157.2 95968.4
49156.0 95966.2
49158.3 95959.5
49156.0 95955.0
49156.0 95963.9
49160.5 95968.4
49157.2 95975.1
49159.4 95968.4
49153.8 95972.8
49159.4 95968.4
49159.4 95972.8
49160.5 95972.8
49160.5 95966.2
49161.6 95977.3
49162.7 95968.4
49160.5 95972.8
49160.5 95970.6
49161.6 95972.8
49159.4 95968.4
49163.8 95966.2
49161.6 95975.1
49159.4 95972.8
49160.5 95970.6
48795.4 96382.5
46635.8 98063.4
39791.8 99149.9
32739.8 104124.0
25701.0 106432.0
19990.3 105141.0
19529.5 101085.0
19183.3 101236.0
10453.6 200840.0
19188.8 101229.0
19021.9 101160.0
19026.3 101154.0
19027.4 101163.0
19198.9 101212.0
17836.3 103661.0
13288.9 105849.0
8228.32 109848.0
3602.99 110353.0
594.028 105831.0
-3176.36 106134.0
-1689.14 113025.0
-3549.28 115737.0
-4350.78 115369.0
-4355.24 115423.0
-4359.69 115425.0
-4196.05 116171.0
-4568.97 117812.0
-4150.41 119339.0
-3775.26 119352.0
-3765.24 119334.0
-4247.26 121572.0
-3063.93 122460.0
-2717.73 123838.0
-4115.9 125123.0
-3795.3 130115.0
-5248.02 131112.0
-5321.49 131125.0
-5317.04 131130.0
-5518.53 131123.0
-6882.19 134903.0
-8873.7 134997.0
-8798.0 135102.0
-4748.19 133857.0
-4856.17 131052.0
-5307.02 131123.0
-5363.79 131201.0
-5536.34 132697.0
-7910.78 135799.0
-8548.64 135990.0
-8942.71 138866.0
-12172.1 140685.0
-12159.8 140652.0
-12162.1 140659.0
-12162.1 140650.0
-12217.7 140365.0
-12228.9 140545.0
-12854.5 140153.0
-12730.9 140697.0
-11517.5 137515.0
-11378.4 137508.0
-4015.71 134810.0
-3479.15 134830.0
-3128.5 134808.0
-3570.43 136696.0
-3720.72 135961.0
-2912.54 133951.0
-2131.07 133174.0
-3661.72 137330.0
-3726.28 140033.0
-4699.21 140311.0
-4702.55 140305.0
-4696.99 140309.0
-4698.1 140311.0
-4696.99 140314.0
-4694.76 140314.0
-4681.4 140336.0
-4684.74 140331.0
-4680.29 140329.0
-4695.87 140307.0
-4701.44 140316.0
-4698.1 140280.0
-4750.42 139454.0
-4730.38 138644.0
-5343.75 138962.0
-5392.73 138314.0
-7143.79 139283.0
-7927.48 143050.0
-8541.96 143181.0
-9591.71 142827.0
-10448.9 142934.0
-11411.8 145686.0
-12235.5 145913.0
-13585.8 145864.0
-15758.8 140754.0
-16061.6 136230.0
-16207.4 133421.0
-16210.8 133416.0
-16113.9 135244.0
-13947.6 136159.0
-14752.5 136511.0
-15656.4 137638.0
-15969.2 139089.0
-16523.6 138437.0
-16078.3 138813.0
-14551.0 139768.0
-14238.2 139619.0
-13900.9 139592.0
-12186.6 140659.0
-11968.4 140561.0
-11626.6 141420.0
-11632.2 141420.0
-10460.0 141616.0
-9927.89 141627.0
-8790.21 142182.0
-8757.92 142907.0
-8684.45 143186.0
-6348.97 143057.0
-4885.12 140712.0
-4115.9 140734.0
-1979.68 141280.0
-1610.1 142389.0
12022.1 113873.0
15102.3 105936.0
20078.3 106056.0
25433.9 106450.0
31407.3 104901.0
38216.7 99497.2
38241.2 99577.4
42189.7 98773.6
49051.4 97992.2
49148.2 95977.3
49152.7 95981.8
49147.1 95972.8
49153.8 95979.5
49150.5 95979.5
49151.6 95981.8
49148.2 95981.8
49148.2 95972.8
46532.2 98063.4
42139.6 97061.6
42164.1 97048.2
42160.7 97030.4
42166.3 97028.2
42159.6 97032.6
42169.6 97017.0
42166.3 97028.2
42169.6 97021.5
42166.3 97037.1
42168.5 97021.5
42167.4 97023.7
42164.1 97014.8
42165.2 97054.9
42166.3 97050.4
42163.0 97037.1
42169.6 97034.8
42163.0 97008.1
42168.5 97061.6
42163.0 97059.3
42167.4 97054.9
42168.5 97057.1
42160.7 97057.1
42165.2 97059.3
42165.2 97072.7
42163.0 97059.3
42165.2 97066.0
42164.1 97068.2
42163.0 97057.1
42164.1 97063.8
42161.8 97066.0
42167.4 97068.2
42166.3 97066.0
42167.4 97072.7
42165.2 97068.2
42166.3 97068.2
42164.1 97068.2
42166.3 97072.7
42163.0 97068.2
42167.4 97021.5
42165.2 97043.7
42166.3 97028.2
42164.1 97043.7
42159.6 97034.8
42168.5 97052.6
42168.5 97061.6
42158.5 97070.5
42159.6 97066.0
42177.4 97041.5
42161.8 97061.6
42164.1 97068.2
42167.4 97052.6
42166.3 97059.3
42164.1 97061.6
42170.7 97048.2
42166.3 97063.8
42164.1 97054.9
42163.0 97054.9
42167.4 97046.0
42165.2 97050.4
42168.5 97034.8
42168.5 97061.6
42160.7 97041.5
42166.3 97052.6
42160.7 97034.8
42164.1 97048.2
42158.5 97021.5
42164.1 97025.9
42167.4 97032.6
42161.8 97057.1
42169.6 97010.3
42168.5 97037.1
42164.1 97030.4
42169.6 97066.0
42161.8 97059.3
42164.1 97066.0
42165.2 97048.2
42163.0 97074.9
42161.8 97052.6
42154.0 97057.1
42150.7 97030.4
42156.3 97061.6
42159.6 97094.9
42161.8 97052.6
42154.0 97041.5
42155.2 97052.6
42159.6 97039.3
42160.7 97054.9
42166.3 97057.1
42159.6 97046.0
42158.5 97054.9
42161.8 97052.6
42166.3 97057.1
42164.1 97063.8
42165.2 97066.0
42160.7 97050.4
42166.3 97063.8
42164.1 97066.0
42166.3 97066.0
42165.2 97052.6
42163.0 97066.0
42166.3 97059.3
42165.2 97061.6
42163.0 97039.3
42166.3 97068.2
42169.6 97072.7
42167.4 97072.7
42163.0 97066.0
42168.5 97072.7
42168.5 97059.3
42158.5 97025.9
42159.6 97046.0
42166.3 97057.1
42163.0 97050.4
42166.3 97043.7
42164.1 97061.6
42170.7 97054.9
42166.3 97054.9
42161.8 97030.4
42159.6 97041.5
42161.8 97052.6
42166.3 97046.0
42161.8 97048.2
42164.1 97057.1
42164.1 97046.0
42164.1 97054.9
42161.8 97050.4
42166.3 97014.8
41135.5 98887.2
33663.7 102868.0
26588.2 106014.0
18219.2 105978.0
12504.1 107973.0
12052.1 113325.0
9730.02 121189.0
4079.44 131083.0
2591.1 131836.0
2583.31 131408.0
2578.85 131758.0
-363.32 133717.0
-6834.32 134937.0
-10781.7 140162.0
-11712.3 150399.0
-12395.8 151152.0
-10828.5 151557.0
-10306.4 152450.0
-10305.3 152481.0
-10303.0 152461.0
-10305.3 152488.0
-10304.2 152514.0
-10293.0 152530.0
-10386.5 152390.0
-4560.06 143651.0
-4397.54 143622.0
-574.827 142041.0
-722.882 141173.0
-3927.77 139131.0
-6296.65 136115.0
-6694.06 136137.0
-7127.09 136264.0
-9327.88 131263.0
-9494.86 133056.0
-9017.3 134556.0
-8957.18 137393.0
-8612.09 147133.0
-8764.6 148179.0
-8863.68 147296.0
-5878.09 149344.0
-5990.52 147915.0
-8085.55 147195.0
-11339.4 145688.0
-14592.2 143753.0
-15109.8 143070.0
-12284.5 137515.0
-4727.04 132610.0
-4629.08 127396.0
-4235.01 121634.0
-3291.02 118493.0
-1448.69 115480.0
-1448.69 115483.0
-2744.44 115941.0
-2729.97 115926.0
-3711.81 119036.0
-4132.6 119323.0
-6696.29 119613.0
-6879.96 117972.0
-13932.1 120650.0
-16461.2 122298.0
-16425.6 123707.0
-15260.1 125760.0
-18235.7 127182.0
-18184.5 129589.0
-17393.0 132967.0
-15011.9 133000.0
-13015.9 135727.0
-12680.8 136235.0
-13003.6 135865.0
-6955.66 137114.0
-6952.32 137166.0
-9416.93 136524.0
-9415.82 138156.0
-9405.8 138183.0
-10170.6 137355.0
-9551.63 136295.0
-13414.4 135322.0
-14888.3 136478.0
-15185.5 136166.0
-16211.9 134042.0
-16213.0 134044.0
-16040.4 136947.0
-19509.2 143261.0
-17685.7 141645.0
-16715.0 144332.0
-16418.9 146855.0
-11282.6 147282.0
-8634.36 147264.0
-5268.06 147091.0
-4245.03 149123.0
-3621.64 152243.0
-3568.21 152946.0
-711.75 147692.0
-3628.32 147020.0
-6723.0 147115.0
-6508.16 147102.0
-4921.85 148418.0
-2831.27 149130.0
-2676.54 148418.0
-1794.89 145986.0
84.1843 143903.0
332.427 143834.0
282.333 142827.0
-1043.48 145152.0
-2131.07 145372.0
-2758.92 143629.0
-4668.04 143090.0
-4696.99 142326.0
-4769.35 136413.0
-7022.45 133087.0
-8425.08 131871.0
-8865.9 133608.0
-10806.2 132038.0
-8240.29 131902.0
-7881.84 131847.0
-9140.86 131909.0
-12543.9 132419.0
-14185.9 133525.0
-14472.0 132971.0
-13031.5 135255.0
-12976.9 138078.0
-13972.1 137522.0
-14839.3 136669.0
-16864.2 134133.0
-17008.9 134020.0
-15590.7 135531.0
-14872.7 136994.0
-14788.1 137513.0
-15745.4 141661.0
-15744.3 141667.0
-16361.0 141184.0
-16644.9 140245.0
-15894.6 139957.0
-10644.8 139441.0
-7957.54 143397.0
-8777.96 142251.0
-7976.46 139474.0
-7764.95 139448.0
-8975.0 135767.0
-8970.54 135698.0
-9008.39 134959.0
-10170.6 137475.0
-9415.82 137595.0
-9209.88 131112.0
-12311.2 119107.0
-4610.16 119341.0
-3130.72 123674.0
-2265.77 123177.0
-1188.2 127770.0
404.784 136368.0
4417.85 147060.0
6344.79 152768.0
4453.47 150575.0
4456.81 145512.0
5163.69 140251.0
7404.55 137361.0
7530.35 137134.0
4397.81 134910.0
7178.58 129240.0
11383.1 118373.0
13424.7 106038.0
19820.0 104703.0
18920.6 105747.0
18736.9 106214.0
18734.7 106194.0
21754.7 106076.0
27306.3 104878.0
35517.2 100782.0
38247.8 99595.2
43707.0 98330.6
49151.6 95981.8
49149.4 95981.8
49149.4 95990.7
49148.2 95990.7
49148.2 95986.2
49146.0 95990.7
49149.4 95988.4
49147.1 95990.7
49149.4 95986.2
49143.8 95992.9
49146.0 95995.1
49143.8 95992.9
49144.9 95995.1
49147.1 95992.9
49146.0 95990.7
49149.4 95990.7
49144.9 95984.0
49147.1 95990.7
49149.4 95988.4
49147.1 95988.4
49153.8 95995.1
49147.1 95981.8
49148.2 95992.9
49142.7 95992.9
49148.2 95990.7
49150.5 95984.0
49157.2 95975.1
49150.5 95977.3
49157.2 95981.8
49151.6 95981.8
49148.2 95990.7
49151.6 95986.2
49150.5 95986.2
49151.6 95984.0
49150.5 95981.8
49146.0 95986.2
49150.5 95981.8
49147.1 95981.8
49149.4 95977.3
49148.2 95986.2
49151.6 95984.0
49151.6 95977.3
49149.4 95986.2
49148.2 95975.1
49149.4 95981.8
49147.1 95979.5
49149.4 95984.0
49153.8 95984.0
49142.7 95986.2
49146.0 95966.2
49143.8 95977.3
49149.4 95990.7
49149.4 95984.0
49146.0 95972.8
49147.1 95977.3
49141.6 95970.6
49143.8 95979.5
49147.1 95984.0
49144.9 95984.0
49148.2 95981.8
49143.8 95986.2
49148.2 95984.0
49150.5 95986.2
49147.1 95990.7
49141.6 95981.8
49147.1 95990.7
49143.8 95990.7
49147.1 95984.0
49142.7 95988.4
49146.0 95981.8
49149.4 95979.5
49147.1 95977.3
49148.2 95992.9
49143.8 95988.4
49147.1 95997.3
49147.1 95988.4
49147.1 95995.1
49140.5 95990.7
49147.1 95990.7
49143.8 95988.4
49146.0 95990.7
49143.8 95990.7
49149.4 95992.9
49148.2 95990.7
49157.2 95999.6
49146.0 95990.7
49147.1 95988.4
49150.5 95992.9
49153.8 95986.2
49152.7 95995.1
49156.0 95988.4
49153.8 95988.4
49151.6 95979.5
48779.8 95928.3
47082.2 98059.0
40460.9 99005.2
32378.0 102258.0
26165.2 102690.0
22009.7 103238.0
17839.6 104342.0
12690.0 105883.0
7586.0 110729.0
1251.93 113855.0
-1647.95 116124.0
-2162.24 117433.0
-2167.81 117435.0
-2362.62 117391.0
-3908.85 115754.0
-4062.47 114768.0
-4286.22 122592.0
-4737.06 130967.0
-8288.15 135008.0
-11786.9 136409.0
-9725.29 137891.0
-9908.97 137858.0
-9412.48 136362.0
-13023.7 135329.0
-16585.9 132813.0
-16587.0 132817.0
-16100.6 135424.0
-14959.5 136095.0
-14638.9 136489.0
-15585.1 151931.0
-16465.7 152398.0
-14613.3 152134.0
-12851.1 152069.0
-10491.2 150406.0
-7963.1 143255.0
-8959.41 131822.0
-6661.78 127222.0
-4170.45 122416.0
-4115.9 117529.0
-3694.0 106279.0
-1887.28 107425.0
-4155.98 111337.0
-3217.55 117150.0
-2025.32 117549.0
-1606.76 116148.0
-3991.22 115761.0
-1515.48 116781.0
-3803.09 117130.0
-4072.49 119292.0
-4424.26 124689.0
-5667.69 130074.0
-7692.6 134990.0
-10769.5 140841.0
-12369.1 145920.0
-12368.0 145920.0
-14836.0 143789.0
-14929.5 143789.0
-10188.4 144622.0
-5002.0 143604.0
-1842.76 144522.0
-2614.2 153296.0
-4251.71 154300.0
-5633.18 154380.0
-4845.04 151564.0
-4643.55 147100.0
-4654.69 143729.0
-3106.23 143546.0
-5205.72 143600.0
-10542.4 147146.0
-11869.3 148295.0
-12502.7 145944.0
-15045.2 143854.0
-14804.8 142640.0
-15841.2 139989.0
-17852.7 131780.0
-19587.1 131586.0
-18630.8 132029.0
-17876.1 132519.0
-16681.6 132824.0
-16892.0 132844.0
-18609.7 131822.0
-20171.5 131495.0
-22001.6 135458.0
-21727.8 139025.0
-21745.6 139067.0
-19661.7 138951.0
-18585.2 137927.0
-16565.9 138688.0
-16334.3 139258.0
-13669.3 139561.0
-12697.5 139134.0
-12699.7 139145.0
-12696.4 139136.0
-12694.2 139138.0
-12697.5 139145.0
-12810.0 137484.0
-11563.2 152817.0
-16489.1 147106.0
-16671.6 146759.0
-16311.0 146481.0
-15570.7 152937.0
-3319.97 160943.0
669.725 160879.0
2597.78 160910.0
5548.86 161896.0
5562.22 162244.0
3338.05 160865.0
621.857 162575.0
-5687.73 164047.0
-5042.08 166017.0
-6617.25 163254.0
-7034.7 163254.0
-7640.28 162885.0
-7060.3 162740.0
-7059.19 165779.0
-7776.08 169698.0
-8461.81 169047.0
-7248.43 166710.0
-7054.73 164230.0
-6514.84 162606.0
-6992.4 158735.0
-7222.83 157595.0
-9346.8 156862.0
-10435.5 152592.0
-13231.9 145922.0
-13942.1 137537.0
-11838.1 137911.0
-11844.8 137916.0
-13007.0 137448.0
-14907.2 136502.0
-15164.4 136395.0
-17193.7 133525.0
-19313.2 126011.0
-20585.6 125219.0
-23913.0 122175.0
-27024.3 123489.0
-26733.8 124851.0
-26985.4 123696.0
-23066.9 122046.0
-20580.1 126196.0
-20522.2 127033.0
-20483.2 125319.0
-18886.9 127510.0
-20000.1 127579.0
-20002.3 127581.0
-16297.6 126572.0
-14131.3 123349.0
-12630.7 119214.0
-10081.5 116122.0
-10655.9 116104.0
-11916.1 118943.0
-12115.3 119016.0
-13362.1 120483.0
-12202.1 139445.0
-15676.4 142366.0
-15577.4 153948.0
-14387.3 155313.0
-14851.6 154360.0
-13790.7 152857.0
-10431.1 152919.0
-6085.14 152835.0
-2658.73 152663.0
2321.71 152655.0
4118.4 160647.0
4191.87 161384.0
3019.68 160910.0
1271.96 154064.0
941.344 142248.0
-5449.51 139212.0
-8962.75 136360.0
-8980.56 135627.0
-9055.15 137433.0
-11520.9 137464.0
-11016.6 138183.0
-10483.4 148689.0
-9681.87 154785.0
-9675.2 155266.0
-10610.3 158220.0
-10769.5 158029.0
-10839.6 154937.0
-14710.2 155135.0
-16166.2 155219.0
-16473.5 153053.0
-15503.9 153160.0
-12123.1 153814.0
-11851.5 153823.0
-11572.1 151399.0
-15620.8 155148.0
-24124.5 155148.0
-26473.3 154678.0
-24662.1 153641.0
-19568.2 150555.0
-18396.0 149221.0
-19292.1 146133.0
-19283.2 146127.0
-18021.9 144114.0
-18023.0 143689.0
-19012.7 142847.0
-17959.6 141732.0
-14399.6 139668.0
-8855.88 139407.0
-4690.31 142687.0
-4710.35 140815.0
-3650.58 136729.0
-3627.21 138971.0
-6921.15 140053.0
-6918.92 139871.0
-4033.52 140616.0
-3573.77 139815.0
1158.42 142602.0
2106.86 152666.0
10729.7 152657.0
12415.0 152307.0
8892.9 152298.0
7896.59 150544.0
5834.95 150962.0
10328.9 155264.0
-14305.0 152076.0
-16349.9 151577.0
-16346.6 151575.0
-13042.6 152082.0
-12106.4 150417.0
-8540.85 149582.0
-4524.44 149103.0
-2403.81 147788.0
-2660.95 147779.0
-2249.07 149061.0
-3663.94 148556.0
-2590.82 148387.0
-3709.58 146305.0
-3700.68 146708.0
-4989.76 147743.0
-4648.01 145005.0
-4719.25 141792.0
-7709.29 142197.0
-7778.31 142202.0
-6023.92 140452.0
-5728.92 140425.0
-4993.1 141520.0
-3581.57 140280.0
-3559.3 140285.0
689.762 143012.0
686.423 143016.0
2512.06 139659.0
3993.72 137807.0
4306.53 138666.0
3615.24 137800.0
1481.24 135251.0
748.762 136061.0
1957.69 131226.0
-2654.28 130199.0
-3973.41 130633.0
-3747.43 130587.0
-4787.16 136284.0
-4786.04 136284.0
-3875.45 139183.0
-3686.21 133942.0
-3570.43 126103.0
-3735.19 119379.0
-1944.06 116242.0
1976.62 113586.0
7801.96 110685.0
12476.3 108044.0
15781.3 105929.0
18755.8 106199.0
18743.6 106212.0
18761.4 106199.0
19915.8 106047.0
25425.0 106461.0
32106.3 104625.0
37951.7 99521.7
38237.8 99593.0
43426.4 98364.0
49013.6 97831.9
49151.6 95984.0
49154.9 95986.2
49152.7 95984.0
49154.9 95984.0
49152.7 95995.1
49151.6 95988.4
49153.8 95990.7
49152.7 95990.7
49153.8 95995.1
49153.8 95988.4
49154.9 95990.7
49153.8 95984.0
49161.6 95999.6
49153.8 95984.0
48952.3 97546.9
42551.5 96834.5
42156.3 97046.0
42152.9 97021.5
42160.7 97057.1
42596.0 97088.3
35844.5 100586.0
27186.0 105039.0
24084.7 106241.0
16568.4 105920.0
12083.3 113029.0
9351.53 122623.0
6851.3 126893.0
4798.56 130092.0
4736.23 130426.0
4731.77 130422.0
3137.68 130767.0
3064.21 131804.0
2504.27 135870.0
2965.13 136466.0
4951.07 139946.0
4957.75 139724.0
5938.48 139946.0
5913.99 140211.0
4369.98 142607.0
3318.02 152724.0
3438.24 152721.0
4595.96 151835.0
4551.44 151784.0
4597.08 151617.0
1414.45 152585.0
3418.2 151078.0
4400.04 151040.0
2712.44 139341.0
8764.88 127828.0
15556.5 118813.0
15872.6 114394.0
15410.7 117983.0
10867.7 119174.0
2581.08 131428.0
2584.42 131417.0
2572.17 131152.0
5240.5 132132.0
8731.48 124874.0
9848.02 124722.0
8631.29 125125.0
5307.29 131392.0
3117.64 130041.0
2585.53 131419.0
2584.42 131419.0
2575.51 131662.0
573.99 131818.0
795.516 132938.0
955.816 132891.0
-8385.0 133316.0
-10473.4 126893.0
-10290.8 125366.0
-11223.6 125677.0
-9773.16 129754.0
-7930.82 135505.0
-5446.17 139278.0
-5371.58 139639.0
-2864.67 139098.0
1271.96 146303.0
894.59 155765.0
857.855 155364.0
1556.94 154364.0
1556.94 154349.0
1556.94 154355.0
1562.51 154349.0
1555.83 154358.0
1548.04 154382.0
1554.71 154360.0
1555.83 154371.0
3087.58 153407.0
1575.87 152577.0
2899.45 151488.0
3127.66 149513.0
3550.67 147006.0
3811.16 146995.0
7308.82 144533.0
7169.67 144228.0
7170.78 149308.0
5896.17 147456.0
3191.11 146971.0
930.212 146988.0
-1849.44 143820.0
-4663.59 143172.0
-4674.72 143079.0
-4685.86 142678.0
-2389.33 139056.0
1361.02 143506.0
2056.77 143161.0
2729.14 146049.0
2478.67 147658.0
4377.78 151092.0
5362.95 151009.0
4391.14 146113.0
3312.45 146955.0
1171.78 146957.0
-894.314 146971.0
-1448.69 146959.0
-47.1727 145332.0
2014.46 146999.0
3844.56 148429.0
3845.67 148464.0
3168.85 147017.0
5780.4 147449.0
6466.13 146714.0
6355.92 147478.0
6350.36 147489.0
4460.15 146617.0
4519.15 145477.0
3710.97 146977.0
3495.01 146991.0
2546.57 149253.0
1347.66 149469.0
2412.99 149382.0
