3163.28 142322.0
2488.69 143615.0
2723.57 145837.0
2669.02 144439.0
1323.17 144522.0
197.73 145323.0
-1714.74 145390.0
-1804.91 144947.0
-1032.35 143658.0
424.822 141505.0
-51.6255 140908.0
-299.868 140579.0
-412.301 140414.0
-1079.1 139603.0
-4394.2 139140.0
-7451.03 139307.0
-7901.88 142293.0
-7908.56 142967.0
-8595.4 143647.0
-8652.17 143655.0
-8676.66 144675.0
-8025.44 145049.0
-8785.75 145477.0
-10142.7 146759.0
-10432.2 147289.0
-10865.2 147271.0
-11208.1 147077.0
-11796.9 146401.0
-10520.1 145443.0
-5480.68 143626.0
-4689.2 142150.0
-4466.56 140699.0
-3873.22 140042.0
-3663.94 136072.0
-3187.5 135091.0
-3297.7 134676.0
-4712.57 134799.0
-6216.5 134828.0
-6965.68 136640.0
-7169.39 137402.0
-7899.65 136682.0
-8910.43 136268.0
-8933.81 138276.0
-8967.2 139372.0
-10692.7 139430.0
-11888.2 139428.0
-13217.4 139468.0
-13750.6 139512.0
-14241.5 140262.0
-14142.4 141761.0
-15592.9 141812.0
-15683.1 142825.0
-16203.0 144575.0
-18837.9 143112.0
-19465.7 140369.0
-19463.5 141721.0
-19455.7 142667.0
-19521.4 143439.0
-19422.3 141391.0
-17907.3 136974.0
-16627.1 135500.0
-17222.7 133345.0
-18332.5 128207.0
-17384.1 126873.0
-15295.7 126432.0
-15846.7 124818.0
-15892.4 124021.0
-15902.4 123237.0
-16375.5 124555.0
-17065.7 126655.0
-18601.9 127465.0
-17952.9 131461.0
-16653.8 136429.0
-15931.4 139216.0
-15903.5 139692.0
-15883.5 139982.0
-15800.0 140654.0
-15793.3 141077.0
-15686.4 142195.0
-15656.4 142821.0
-15621.9 143900.0
-15609.6 144902.0
-15604.1 145494.0
-15595.2 146038.0
-15591.8 146706.0
-15561.8 147995.0
-15607.4 148925.0
-15516.1 149720.0
-15057.5 149863.0
-15550.6 149529.0
-15559.5 149019.0
-16573.7 148513.0
-15610.8 148489.0
-15609.6 148772.0
-15695.4 149008.0
-15700.9 149017.0
-16430.1 149150.0
-17967.4 149106.0
-18475.0 149522.0
-18556.3 151918.0
-19471.3 152755.0
-19469.1 150288.0
-19442.4 146231.0
-19515.8 146274.0
-19433.5 141149.0
-20476.5 138935.0
-21447.2 138170.0
-21807.9 138268.0
-21122.2 138163.0
-20228.3 138958.0
-19111.7 139724.0
-18103.2 139786.0
-18101.0 140950.0
-18062.0 141146.0
-17266.1 143858.0
-17132.5 148821.0
-17700.2 149092.0
-18351.4 149043.0
-18212.3 148353.0
-18079.8 149090.0
-18426.0 149413.0
-18554.0 151426.0
-18550.7 152614.0
-17548.8 152884.0
-17331.8 152882.0
-17248.3 153899.0
-17256.1 154807.0
-17265.0 156419.0
-17258.3 156190.0
-17260.5 155299.0
-18551.8 154734.0
-18787.8 154413.0
-18617.5 154371.0
-18556.3 154204.0
-18557.4 154195.0
-18546.2 151670.0
-17970.7 149774.0
-17573.3 149669.0
-17531.0 149673.0
-17387.4 149587.0
-18558.5 150257.0
-18557.4 151243.0
-18549.6 153846.0
-18557.4 154436.0
-18817.9 154335.0
-17529.9 152873.0
-14994.0 152844.0
-12096.4 152895.0
-11991.8 152899.0
-9558.31 152926.0
-5455.07 152808.0
-4875.1 152773.0
-2891.39 152977.0
-1740.34 148333.0
-1747.02 147371.0
-1059.07 148435.0
-1155.91 149123.0
-12294.5 151357.0
-14175.8 152752.0
-14298.3 152545.0
-12776.6 151666.0
-12734.3 151381.0
-11914.9 151372.0
-10845.2 151401.0
-9832.16 151374.0
-8757.92 152508.0
-8757.92 152510.0
-10414.4 154137.0
-11394.0 162731.0
-17979.6 170205.0
-17981.9 168644.0
-17821.6 167159.0
-19260.9 163508.0
-19443.5 163533.0
-19478.0 163530.0
-18509.5 166703.0
-18476.1 166699.0
-18508.4 165948.0
-15235.6 161976.0
-15226.7 161520.0
-15428.2 159648.0
-15436.0 159550.0
-15546.2 155985.0
-15282.4 155224.0
-14496.4 155199.0
-14190.3 155177.0
-14620.0 155095.0
-14833.7 155095.0
-15578.5 155807.0
-15594.1 156321.0
-16624.9 157875.0
-16797.4 157871.0
-17252.7 156936.0
-12430.4 155083.0
-8668.87 154609.0
-8527.49 154603.0
-6515.95 154264.0
-6342.29 152868.0
-5298.11 152781.0
-4966.38 152777.0
-2608.63 153093.0
-2713.27 153394.0
-3098.44 153763.0
-3562.64 152826.0
-2958.18 152701.0
-1641.27 151722.0
-1705.83 149914.0
-1721.42 147002.0
-3495.85 147002.0
-5248.02 147042.0
-5948.22 147051.0
-8474.06 147222.0
-9671.86 147280.0
-10572.4 141756.0
-10386.5 141614.0
-9895.61 142095.0
-10143.9 143589.0
-10435.5 143600.0
-10149.4 136340.0
-9450.33 136304.0
-9413.59 136386.0
-10228.5 135106.0
-11717.9 135195.0
-16870.9 135600.0
-18148.8 137393.0
-19600.4 145267.0
-19486.9 148015.0
-19904.3 154986.0
-21390.5 155130.0
-22188.6 156767.0
-23846.2 155930.0
-23721.5 155197.0
-21313.6 155186.0
-20640.2 155097.0
-19551.5 154460.0
-19542.6 154449.0
-19419.0 154424.0
-19200.8 154422.0
-18790.0 154427.0
-18771.1 154436.0
-18618.6 154424.0
-18653.1 154422.0
-18780.0 154409.0
-18783.4 154416.0
-18803.4 154431.0
-18751.1 154518.0
-19571.5 152995.0
-19569.3 152269.0
-19422.3 142874.0
-19446.8 141002.0
-16628.2 135509.0
-16713.9 134975.0
-18493.9 127839.0
-18334.7 127303.0
-15560.7 126465.0
-15230.0 126419.0
-14156.9 124208.0
-14114.6 123847.0
-13496.8 121975.0
-13775.1 121396.0
-14119.1 123738.0
-14292.7 124085.0
-15279.0 125646.0
-15222.2 126359.0
-18241.2 127196.0
-18548.5 127456.0
-17656.8 132263.0
-17236.0 133352.0
-19528.1 139866.0
-19420.1 141741.0
-19598.2 151993.0
-19619.4 153503.0
-21949.3 155259.0
-21962.6 156635.0
-22816.5 156700.0
-21958.2 159750.0
-21960.4 160592.0
-22963.4 163368.0
-22466.9 162969.0
-18547.4 165857.0
-18493.9 166834.0
-18322.5 170457.0
-18423.8 170508.0
-18211.2 167912.0
-18521.8 165743.0
-19565.9 157561.0
-19573.7 155422.0
-21953.7 156533.0
-22542.6 156798.0
-23237.2 156840.0
-22639.5 156787.0
-21967.1 156822.0
-21790.1 156820.0
-19459.1 158327.0
-19371.1 158802.0
-18072.0 169248.0
-18290.2 170441.0
-18278.0 170450.0
-17799.3 169840.0
-18374.8 167153.0
-18964.8 160743.0
-19589.3 156568.0
-21854.7 155128.0
-21950.4 155375.0
-22815.3 156702.0
-23212.8 156818.0
-22127.4 156856.0
-22543.7 156673.0
-22813.1 156709.0
-22006.1 156833.0
-21616.4 156827.0
-20641.3 155311.0
-20636.8 152824.0
-20632.4 152365.0
-20585.6 152819.0
-20602.3 152819.0
-19631.6 154315.0
-18992.6 154407.0
-18980.4 154413.0
-18555.2 154487.0
-18552.9 154609.0
-18555.2 154542.0
-18775.6 154413.0
-19637.2 154451.0
-21448.3 156232.0
-21455.0 156426.0
-21588.6 156453.0
-21334.8 155987.0
-20626.8 156059.0
-20648.0 155852.0
-20634.6 155861.0
-19651.6 154424.0
-18771.1 154460.0
-18798.9 154453.0
-18801.2 154391.0
-18629.7 154440.0
-18302.5 154433.0
-17711.3 154438.0
-17247.1 154304.0
-16774.0 152826.0
-15557.3 150192.0
-15559.5 145793.0
-14722.4 142669.0
-14305.0 142538.0
-14815.9 143357.0
-14812.6 142943.0
-14089.0 142665.0
-14086.8 142669.0
-13904.2 145060.0
-15719.8 144971.0
-15584.0 149103.0
-15598.5 152223.0
-15596.3 154153.0
-16474.6 154905.0
-16414.5 152857.0
-15472.7 153124.0
-15592.9 152503.0
-17139.2 152801.0
-18529.5 152777.0
-19564.8 152710.0
-18854.6 150566.0
-18544.0 150321.0
-18029.7 151501.0
-17575.5 151633.0
-16373.3 151601.0
-15675.3 151706.0
-14951.7 152011.0
-14852.7 152285.0
-16297.6 152826.0
-18195.6 152824.0
-18550.7 153545.0
-18545.1 153779.0
-18550.7 154004.0
-18561.8 152966.0
-17292.8 152868.0
-14427.4 152853.0
-14053.4 152846.0
-13476.8 154634.0
-13481.2 154456.0
-13379.9 152868.0
-11342.8 152875.0
-9805.44 152886.0
-8517.47 152908.0
-7277.37 152906.0
-6568.27 152864.0
-5409.43 152779.0
-3805.32 152701.0
-2497.31 152643.0
-1059.07 152614.0
1303.13 152138.0
1283.1 147785.0
1299.79 143068.0
982.533 142495.0
1031.51 142451.0
1245.25 143557.0
3165.51 142322.0
3618.58 141832.0
2770.32 142556.0
2646.76 142625.0
44.1093 143878.0
8.48706 143985.0
-1135.88 145312.0
-1214.91 145312.0
-543.658 143495.0
1494.6 141649.0
1625.96 141402.0
1059.34 142353.0
961.382 142224.0
-204.133 141400.0
-393.376 140418.0
-392.263 140418.0
-408.961 140398.0
-2301.39 139029.0
-2693.24 139051.0
-6445.82 139247.0
-6672.91 139265.0
-11517.5 139439.0
-11849.3 139443.0
-15627.4 143502.0
-15616.3 143822.0
-16493.5 149159.0
-16560.3 149159.0
-18596.3 150470.0
-19013.8 150562.0
-19082.8 150553.0
-19803.0 154429.0
-18813.4 154456.0
-20658.0 155593.0
-21556.3 156604.0
-21558.6 156591.0
-20758.2 156119.0
-20637.9 155217.0
-18810.1 154449.0
-20648.0 155132.0
-20711.4 160672.0
-21455.0 160663.0
-22320.0 162123.0
-22369.0 162128.0
-22549.3 162778.0
-23140.4 163426.0
-20093.6 160937.0
-19278.7 160177.0
-19550.3 151593.0
-18016.4 149791.0
-17751.4 149733.0
-17396.3 149593.0
-17407.4 149604.0
-18561.8 149994.0
-18565.2 153244.0
-18659.8 154411.0
-18792.3 154424.0
