-15798.9 152568.0
-15850.1 152655.0
-15857.9 152679.0
-15974.8 152757.0
-16473.5 152590.0
-16469.0 152521.0
-16047.1 151288.0
-16445.6 151479.0
-16444.5 151479.0
-16473.5 152741.0
-17592.2 152795.0
-17783.7 152795.0
-18555.2 154073.0
-19485.8 154422.0
-20644.6 155026.0
-20987.5 155651.0
-21084.3 155600.0
-20637.9 155086.0
-19166.3 154424.0
-18918.1 154418.0
-18547.4 153084.0
-18540.7 153086.0
-19637.2 153084.0
-19632.7 153089.0
-20631.3 155139.0
-20642.4 156235.0
-20668.0 161983.0
-20361.9 165240.0
-20298.4 166064.0
-21486.2 168716.0
-20926.3 169312.0
-21414.9 168876.0
-20523.3 162366.0
-20435.3 162275.0
-18914.7 160765.0
-17306.1 159287.0
-16874.2 159060.0
-15522.8 158704.0
-15948.0 158601.0
-16023.7 158410.0
-15532.8 157368.0
-15547.3 154280.0
-15523.9 153198.0
-15588.5 146792.0
-15572.9 145163.0
-14958.4 139951.0
-15650.8 140414.0
-16719.5 141273.0
-17180.4 141431.0
-18331.4 140768.0
-16789.6 141331.0
-16455.7 141191.0
-16455.7 141193.0
-16010.4 140848.0
-13879.7 139541.0
-12319.0 139461.0
-9892.27 139443.0
-7600.2 139439.0
-7740.46 139448.0
-7257.34 138337.0
-7538.97 139212.0
-7675.9 138479.0
-7455.48 139256.0
-7653.63 138038.0
-7651.41 137715.0
-7793.9 136235.0
-8995.03 135015.0
-9716.38 135082.0
-14182.5 135409.0
-18101.0 137292.0
-20073.5 138931.0
-20816.1 138297.0
-25266.6 133884.0
-26727.1 133577.0
-27474.1 133557.0
-27516.4 134209.0
-26604.7 134679.0
-25807.6 138227.0
-25522.6 138239.0
-24076.6 138219.0
-20620.1 138791.0
-19450.2 142591.0
-19601.6 145886.0
-19517.0 147805.0
-19533.6 149809.0
-20641.3 151236.0
-20652.4 152200.0
-20633.5 152821.0
-19131.8 152833.0
-18679.8 152826.0
-18584.1 152826.0
-17511.0 151630.0
-17257.2 152080.0
-17258.3 152710.0
-18611.9 149729.0
-18653.1 149716.0
-18564.1 152565.0
-19636.1 153053.0
-19631.6 153351.0
-19639.4 154320.0
-18600.8 161907.0
-18548.5 165953.0
-18154.4 168282.0
-18204.5 167810.0
-18539.6 164566.0
-18800.1 161157.0
-19031.6 159973.0
-20488.8 158726.0
-20988.6 155647.0
-20974.1 155649.0
-21308.1 156802.0
-24488.5 155925.0
-24534.1 156092.0
-24541.9 156085.0
-24560.8 156110.0
-24773.5 156473.0
-21987.1 153630.0
-17027.8 146844.0
-17059.0 145766.0
-17091.3 139314.0
-16030.4 137034.0
-15797.8 136883.0
-15054.2 140031.0
-15414.8 140289.0
-15359.2 140358.0
-15335.8 140336.0
-15322.4 140360.0
-14160.3 141832.0
-14443.0 141830.0
-14085.7 142640.0
-13884.2 145686.0
-13863.0 146218.0
-15603.0 147656.0
-14936.2 152842.0
-14119.1 154879.0
-13562.5 152868.0
-13102.7 152891.0
-12867.8 151134.0
-10453.3 151011.0
-11644.4 150406.0
-12375.8 151381.0
-12589.5 151372.0
-14739.1 152009.0
-15500.5 152481.0
-15522.8 152483.0
-15931.4 152777.0
-16974.4 152804.0
-17310.6 152808.0
-18551.8 154351.0
-18706.5 154427.0
-18943.7 154438.0
-19549.2 153091.0
-19612.7 151397.0
-19636.1 151855.0
-21743.3 152826.0
-21809.0 152824.0
-21810.1 152826.0
-21848.0 152850.0
-20646.8 152884.0
-20641.3 153336.0
-21961.5 158646.0
-21959.3 159456.0
-24216.9 165652.0
-24214.6 165763.0
-23949.7 165487.0
-18340.3 159436.0
-14917.2 157394.0
-14692.4 158038.0
-13957.7 157976.0
-13943.2 157993.0
-13427.8 156738.0
-10832.9 156853.0
-9626.21 156905.0
-8423.96 155039.0
-7042.49 152902.0
-3776.38 152728.0
-2614.2 152948.0
-2593.05 153131.0
-3268.76 154073.0
-3429.06 154209.0
-3838.71 154246.0
-5273.62 154384.0
-5948.22 154482.0
-7206.13 154489.0
-9295.6 154609.0
-9659.61 154320.0
-9681.87 152737.0
-9510.44 150034.0
-9498.2 149261.0
-10070.4 149230.0
-11016.6 149253.0
-13452.3 149302.0
-15957.0 149088.0
-16975.5 149121.0
-18359.2 149086.0
-17881.7 151621.0
-17257.2 152434.0
-17270.5 155478.0
-17434.2 156063.0
-17248.3 155342.0
-18367.0 154438.0
-19158.5 154424.0
-19439.0 154436.0
-20644.6 155375.0
-20978.6 155653.0
-21052.0 155665.0
-20639.1 155827.0
-20636.8 154698.0
-20541.1 154440.0
-19296.5 154436.0
-18825.7 154436.0
-18692.1 154420.0
-18559.6 154482.0
-19749.6 154827.0
-24393.9 155121.0
-24536.3 155351.0
-24597.6 156192.0
-24692.2 156295.0
-24687.7 156310.0
-23820.6 155242.0
-23847.3 153685.0
-22149.7 152837.0
-19667.2 152853.0
-19308.8 152879.0
-19547.0 152764.0
-19561.5 152681.0
-19622.7 151619.0
-19636.1 153055.0
-19714.0 155315.0
-19586.0 157742.0
-19886.5 158737.0
-19568.2 156965.0
-19111.7 155186.0
-15433.8 155181.0
-14234.8 155328.0
-14214.8 155246.0
-13590.3 155201.0
-13506.8 153256.0
-13676.0 154418.0
-14357.3 153247.0
-15106.5 152786.0
-15674.2 152521.0
-16883.1 152467.0
-16909.8 151624.0
-17261.6 152755.0
-15566.2 155328.0
-15497.2 158713.0
-14241.5 165153.0
-7445.47 164096.0
-4467.67 164145.0
-6229.86 163615.0
-6466.97 163234.0
-6883.3 162613.0
-7042.49 163221.0
-6934.51 161493.0
-11268.2 158049.0
-11296.0 155297.0
-10406.6 153730.0
-10471.1 148714.0
-10535.7 145610.0
-10637.0 139505.0
-10701.6 141382.0
-10454.4 141618.0
-9881.14 142028.0
-10179.5 143424.0
-10562.4 144864.0
-10899.7 145465.0
-10928.7 145238.0
-10957.6 145245.0
-10957.6 145243.0
-11839.2 147073.0
-11789.2 149268.0
-11792.5 152494.0
-11968.4 153741.0
-11969.5 153768.0
-13589.2 155130.0
-14335.0 155061.0
-14339.5 154514.0
-15578.5 152463.0
-15798.9 152570.0
-15830.1 152612.0
-15843.4 152637.0
-15922.4 152764.0
-16298.7 152797.0
-16467.9 151515.0
-17103.5 150386.0
-16371.1 144530.0
-13947.6 144254.0
-14010.0 143281.0
-12742.0 142371.0
-11545.4 141805.0
-11478.6 142215.0
-10949.8 145352.0
-11085.6 145632.0
-10318.6 144715.0
-4812.76 143598.0
-2729.97 143484.0
-1839.42 144294.0
-1827.17 148660.0
-1798.23 149019.0
-1695.81 149204.0
-1061.29 149471.0
-50.5123 149428.0
-13.7768 149455.0
2423.01 151486.0
3067.55 151597.0
3070.89 152565.0
1098.3 152632.0
821.119 152617.0
9.60025 151762.0
1276.42 151481.0
1277.53 148905.0
-781.881 139966.0
-4627.97 139123.0
-4754.87 138711.0
-4741.52 133300.0
-3814.22 131633.0
-3685.09 131640.0
-3735.19 133298.0
-3777.49 133559.0
-4774.91 137642.0
-6510.38 143604.0
-8549.76 143626.0
-8696.7 143834.0
-9030.66 145477.0
-9117.48 146347.0
-9232.14 148039.0
-9531.59 150344.0
-9530.48 150544.0
-9284.46 151826.0
-8501.89 152174.0
-8500.77 152530.0
-9874.46 152886.0
-11696.8 151450.0
-11499.7 148255.0
-11272.6 148251.0
-12810.0 148240.0
-13742.8 148251.0
-14105.7 148251.0
-14994.0 149132.0
-15606.3 150257.0
-15581.8 152530.0
-14859.3 153020.0
-15895.7 152799.0
-16274.2 152821.0
-17049.0 152801.0
-17259.4 150744.0
-16993.3 148398.0
-17043.4 145991.0
-14143.6 145860.0
-13974.4 144395.0
-13943.2 144655.0
-14375.1 147282.0
-14861.6 148983.0
-15284.6 149110.0
-15839.0 144853.0
-17483.1 143854.0
-18141.0 144076.0
-18983.7 144098.0
-19356.7 144078.0
-19623.8 144958.0
-19510.3 148137.0
-19673.9 149128.0
-19731.8 150947.0
-19629.4 151069.0
-19628.3 151080.0
-19619.4 151083.0
-19640.5 152572.0
-22091.8 152817.0
-23518.9 152830.0
-24605.4 154106.0
-24577.5 154821.0
-24597.6 154115.0
-24557.5 154932.0
-23535.6 153641.0
-21938.2 152370.0
-21937.0 152441.0
-21960.4 155591.0
-21963.8 156753.0
-21957.1 162052.0
-22126.3 160678.0
-21990.5 160674.0
-21932.6 156735.0
-20639.1 155738.0
-20637.9 155511.0
-20641.3 153739.0
-19543.7 151448.0
-19475.8 150290.0
-19493.6 140354.0
-14437.4 139272.0
-14873.8 139888.0
-15200.0 140133.0
-16001.5 142551.0
-15683.1 142736.0
-15700.9 149012.0
-15803.3 149092.0
-18309.1 149090.0
-18560.7 150074.0
-18555.2 152739.0
-17256.1 153997.0
-17253.8 154854.0
-16423.4 155201.0
-18125.5 155097.0
-20658.0 155544.0
-20900.7 155709.0
-21055.4 156257.0
-23463.2 156782.0
-24034.3 156778.0
-24554.2 156114.0
-24559.7 156097.0
-24793.5 156493.0
-24780.1 156475.0
-24127.8 156760.0
-24203.5 156613.0
-22927.8 152855.0
-20224.9 152828.0
-18473.9 152835.0
-15775.5 152833.0
-15508.3 152839.0
-13315.3 152345.0
-13204.0 152087.0
-13323.1 152062.0
-16441.2 152750.0
-16456.8 152730.0
-16514.7 151572.0
-16894.3 151584.0
-16738.4 150746.0
-16592.6 150882.0
-18555.2 153204.0
-18554.0 153358.0
-19557.0 153207.0
-18765.5 152837.0
-17253.8 154157.0
-17251.6 154369.0
-17259.4 156744.0
-16568.1 157484.0
-16681.6 157468.0
-16859.8 155199.0
-11785.8 155019.0
-11563.2 154999.0
-9664.06 153659.0
-7274.03 152906.0
-7177.19 152899.0
-5056.55 152773.0
-2320.32 152679.0
-2239.05 152686.0
-2558.54 152793.0
-3150.76 151043.0
-3273.21 151040.0
-3636.11 149090.0
-3679.53 147327.0
-2718.84 145639.0
-1521.04 146930.0
-1577.82 146988.0
-2226.81 146392.0
-2458.35 146991.0
-4869.53 147062.0
-5948.22 145454.0
-5917.05 145454.0
-5313.7 145421.0
-5934.86 145437.0
-5978.28 145477.0
-6049.52 145619.0
-7559.01 147138.0
-8169.04 147189.0
-10387.6 147311.0
-10458.9 149825.0
-10434.4 150773.0
-10932.0 154903.0
-11566.5 165819.0
-11678.9 174745.0
-11910.5 185661.0
-11792.5 187540.0
-12608.5 188920.0
-12723.1 188564.0
-12468.2 187947.0
-12421.4 186073.0
-12214.4 185574.0
-12019.6 182130.0
-11581.0 175849.0
-11655.6 174671.0
-11648.9 171597.0
-11400.6 163292.0
-11284.9 161930.0
-7481.09 161050.0
-7965.33 159256.0
-8263.66 159278.0
-9560.54 159363.0
-9628.44 157248.0
-9628.44 157147.0
-9634.01 156998.0
-10926.4 154914.0
-10492.3 154761.0
-10423.3 150864.0
-10521.2 146265.0
-10241.8 146060.0
-9363.5 145490.0
-9484.84 149148.0
-9453.67 151410.0
-8241.4 151276.0
-8233.61 151279.0
-8077.76 151586.0
-8133.42 151768.0
-8149.01 151784.0
-8409.49 151252.0
-9570.56 151403.0
-9700.8 151697.0
-9701.91 151719.0
-9715.27 151737.0
-10072.6 151555.0
-10054.8 151025.0
-10437.7 149317.0
-10513.4 148346.0
-10513.4 148369.0
-10707.1 149235.0
-10788.4 149949.0
-10781.7 150103.0
-10863.0 151866.0
-10855.2 154135.0
-10996.6 154231.0
-12228.9 155012.0
-13457.8 154404.0
-13539.1 154418.0
-14361.7 153679.0
-15532.8 152505.0
-15923.6 152764.0
-16571.4 152817.0
-17049.0 152826.0
-17270.5 154965.0
-17271.6 159247.0
-17365.1 161990.0
-20655.8 161124.0
-20648.0 159672.0
-20642.4 156858.0
-20961.9 155649.0
-21164.5 155829.0
-21457.3 156413.0
-21560.8 156566.0
-21557.4 156450.0
-23092.5 156782.0
-24281.4 156508.0
-24533.0 156092.0
-22512.6 156811.0
-21553.0 156580.0
-22077.3 156784.0
-24535.2 156094.0
-24110.0 156833.0
-22000.5 156836.0
-21728.9 156840.0
-21042.0 155660.0
-21027.6 155645.0
-21557.4 156798.0
-23973.1 156782.0
-24507.4 155930.0
-22568.2 156827.0
-21993.8 156820.0
-21446.1 156597.0
-20673.6 156121.0
-20640.2 156007.0
-21158.9 155994.0
-21460.6 156517.0
-21650.9 156615.0
-21583.0 156604.0
-21561.9 156473.0
