-5023.15 139238.0
-4719.25 141498.0
-4719.25 143477.0
-2634.24 132570.0
-2618.65 132555.0
-2619.77 132515.0
-2617.54 132521.0
-2814.58 132121.0
-2801.22 131219.0
-2787.86 131123.0
-3253.17 132503.0
-3623.87 131773.0
-3562.64 126174.0
-1440.89 124466.0
372.502 123264.0
198.843 123231.0
-1497.67 124010.0
-3126.27 122678.0
-3683.98 132432.0
-4305.14 134688.0
-4666.93 133378.0
-7997.61 135044.0
-15572.9 149874.0
-15567.3 151508.0
-15566.2 152948.0
-14456.4 155340.0
-14423.0 155333.0
-14649.0 155128.0
-15529.5 151615.0
-15548.4 145570.0
-14901.6 145650.0
-13834.1 146817.0
-13058.2 149400.0
-12280.1 149417.0
-12786.6 149377.0
-14368.4 149217.0
-15535.1 146470.0
-13887.5 145063.0
-12037.4 140111.0
-9817.68 139452.0
-3895.49 139178.0
-642.732 139045.0
380.294 136896.0
486.048 136680.0
2584.42 134445.0
2579.97 131804.0
2026.71 131128.0
4108.38 134558.0
4432.32 138210.0
4433.44 137800.0
4427.87 137800.0
4407.83 135384.0
5349.6 133051.0
6251.28 133060.0
4571.47 134474.0
3960.33 134331.0
2013.35 131858.0
1947.67 131341.0
580.669 133427.0
1827.45 131925.0
1951.01 130502.0
1903.14 127997.0
2313.91 127552.0
2799.27 126802.0
2040.07 127659.0
-668.335 125076.0
-3052.8 123030.0
-3175.25 123039.0
-4013.49 114670.0
-4150.41 110039.0
-2692.12 109848.0
-1870.59 109371.0
-523.62 112976.0
2004.45 113572.0
6480.6 110985.0
11464.4 108527.0
15573.2 105927.0
20240.8 106052.0
26438.0 106194.0
29460.3 102454.0
31100.0 100083.0
31873.7 97308.7
31864.8 97277.5
31870.4 97277.5
31871.5 97279.7
31870.4 97277.5
31870.4 97279.7
31870.4 97275.3
31870.4 97277.5
31870.4 97275.3
31869.2 97275.3
31868.1 97282.0
31872.6 97299.8
31870.4 97277.5
31869.2 97277.5
31870.4 97270.8
31868.1 97270.8
31868.1 97282.0
31870.4 97279.7
31871.5 97277.5
31871.5 97282.0
31868.1 97282.0
31444.0 97794.0
31445.1 97796.3
28027.6 101056.0
20599.3 106056.0
16167.6 105943.0
12664.4 107152.0
11943.0 114801.0
9726.68 121196.0
8369.69 125871.0
5227.14 131922.0
1869.75 131900.0
1394.41 134057.0
1402.21 134069.0
1396.64 134060.0
-6918.92 134930.0
-10738.3 141211.0
-10583.6 142500.0
-10483.4 144789.0
-10506.8 148522.0
-9529.37 151392.0
-8618.77 151214.0
-7828.41 147327.0
-8627.68 145768.0
-9918.99 140029.0
-12435.9 137455.0
-12991.4 135729.0
-10768.4 139111.0
-10501.2 148384.0
-10478.9 150203.0
-8559.77 151272.0
-8623.23 145557.0
-8966.09 136239.0
-9028.43 133706.0
-8480.74 136533.0
-7698.16 137353.0
-7885.18 141814.0
-7891.86 142858.0
-7890.74 147414.0
-8629.91 146118.0
-8609.87 145853.0
-9518.23 145465.0
-11584.3 145929.0
-10986.5 144884.0
-11558.7 141598.0
-12138.7 140728.0
-12129.8 140732.0
-12105.3 140641.0
-12648.5 139512.0
-11984.0 137486.0
-10835.1 137506.0
-9522.69 136326.0
-9430.29 137308.0
-9425.84 138254.0
-9429.18 138303.0
-9430.29 138114.0
-8894.85 140064.0
-8725.64 143582.0
-8639.92 143767.0
-8661.07 144938.0
-7256.22 142576.0
-7198.34 142576.0
-7763.84 139514.0
-9451.44 135057.0
-16062.7 135542.0
-15204.4 135968.0
-14824.8 137023.0
-14828.2 136916.0
-12785.5 135364.0
-6495.91 134970.0
-2919.22 134772.0
-2207.88 133519.0
-2876.91 133675.0
-2916.99 133855.0
-2881.37 135743.0
-2832.39 139002.0
-2792.31 142413.0
-2778.95 143319.0
-4285.11 145412.0
-4387.52 145432.0
-4132.6 141340.0
-3587.13 139635.0
-3590.47 139183.0
-4117.01 139127.0
-5563.05 139196.0
-5541.9 139252.0
-5369.36 139782.0
-4770.46 140583.0
-3588.25 139621.0
-3600.49 139403.0
-5508.51 139163.0
-6159.73 137406.0
-8680.0 137439.0
-9418.05 138521.0
-9957.95 139376.0
-11544.2 137468.0
-12463.7 137967.0
-10878.6 137471.0
-9445.88 137491.0
-9424.73 137662.0
-9416.93 138027.0
-9435.86 138374.0
-10104.9 138408.0
-10559.1 139401.0
-10530.1 146485.0
-10475.6 149143.0
-13835.2 156250.0
-13493.5 154175.0
-12962.5 152897.0
-12422.6 151408.0
-11732.4 149729.0
-12234.4 149339.0
-12592.9 149328.0
-12916.8 149373.0
-15749.9 149137.0
-18296.9 149077.0
-19879.9 147743.0
-20133.7 147527.0
-19449.0 147398.0
-16593.7 147289.0
-15938.0 144849.0
-14812.6 142945.0
-14122.4 142558.0
-14043.4 142961.0
-14180.3 140868.0
-14302.7 139755.0
-15704.3 140494.0
-16522.5 139552.0
-16599.3 139501.0
-15041.9 137604.0
-14804.8 137609.0
-16078.3 136342.0
-16068.3 133977.0
-16049.3 136791.0
-15049.7 137611.0
-7849.56 140044.0
-8037.69 140425.0
-9888.93 141180.0
-9432.52 138655.0
-8172.38 137450.0
-8288.15 138987.0
-12602.9 137468.0
-12552.8 137065.0
-12991.4 136551.0
-13884.2 136558.0
-13984.4 137573.0
-13919.8 137691.0
-12832.2 139512.0
-10333.1 142943.0
-11336.1 141558.0
-11980.6 140710.0
-13326.5 139441.0
-15584.0 146853.0
-15609.6 151751.0
-15545.1 146527.0
-14802.6 142720.0
-13074.9 139499.0
-13426.7 139512.0
-10969.8 139479.0
-10802.9 134378.0
-9432.52 135166.0
-8949.39 137713.0
-8883.71 142765.0
-9221.01 142803.0
-10087.1 142847.0
-8763.49 143077.0
-6315.57 145457.0
-5245.79 145445.0
-3741.87 144328.0
-2772.27 143072.0
-4597.91 141353.0
-4948.57 140162.0
-5102.19 140670.0
-3269.87 141320.0
-3278.78 141287.0
-3269.87 141318.0
-1228.27 140819.0
-1224.93 140830.0
-1210.46 140832.0
-1214.91 140859.0
-1213.8 140846.0
-1189.31 140855.0
-5345.98 139194.0
-7855.12 139964.0
-6207.59 140405.0
-4022.39 140901.0
-1674.66 141206.0
-1224.93 140826.0
-1207.12 140832.0
-1206.01 140826.0
-1209.35 140810.0
-1208.23 140810.0
-1193.76 140852.0
140.957 137381.0
-2244.62 137268.0
-2868.01 137433.0
-1607.87 139425.0
702.007 141144.0
743.196 141073.0
3687.6 135625.0
7120.69 129346.0
9561.93 121828.0
9187.89 120205.0
10845.4 119227.0
12277.0 110787.0
16587.3 105958.0
22270.2 106074.0
26757.4 105780.0
30847.3 103064.0
30746.0 102211.0
-6261.03 166015.0
30731.6 102276.0
30752.7 102265.0
30749.4 102249.0
30748.3 102249.0
30748.3 102231.0
30733.8 102225.0
30730.4 102231.0
30762.7 102256.0
30760.5 102247.0
30960.9 102225.0
31439.5 97800.7
31438.4 97805.2
31437.3 97802.9
31437.3 97805.2
31435.1 97802.9
31439.5 97794.0
31440.7 97805.2
31439.5 97807.4
31438.4 97805.2
31435.1 97823.0
31439.5 97818.5
31439.5 97816.3
31440.7 97816.3
31439.5 97816.3
31440.7 97814.1
31439.5 97814.1
31439.5 97811.8
31449.6 98043.4
28012.0 101049.0
25708.8 106424.0
20623.7 106032.0
15495.3 105896.0
11211.7 108621.0
6019.74 111019.0
1432.26 113815.0
-1726.98 115932.0
-2829.05 117952.0
-3974.52 119348.0
-4670.27 121659.0
-5025.38 121625.0
-5000.89 121688.0
-7063.64 119720.0
-8446.23 118546.0
-10326.4 118413.0
-12143.1 119052.0
-13238.5 120822.0
-11522.0 125185.0
-11793.6 129389.0
-12412.5 131847.0
-11073.4 130544.0
-9323.43 130135.0
-7063.64 131878.0
-5470.66 131096.0
-4769.35 131179.0
-4745.97 133657.0
-9971.31 135119.0
-11694.5 137471.0
-12920.2 138192.0
-12961.3 138524.0
-13883.1 139009.0
-13348.7 137727.0
-13031.5 137493.0
-10678.2 137406.0
-8888.17 136277.0
-7836.2 135952.0
-4725.93 134563.0
-3677.3 132915.0
-2756.69 132526.0
-2783.41 132468.0
-2804.56 132461.0
-2768.93 132350.0
-3966.73 131591.0
-5173.44 131076.0
-5049.87 132011.0
-7511.14 134973.0
-10709.4 136945.0
-10552.4 145437.0
-10527.9 148899.0
-11672.3 149270.0
-11956.1 149290.0
-10454.4 148119.0
-10811.8 145479.0
-11554.3 141569.0
-9901.17 139481.0
-6200.91 139118.0
-3671.74 139169.0
-3633.89 143092.0
-1951.85 143624.0
-1709.17 149066.0
-1616.78 151722.0
-562.582 157824.0
-4184.92 160701.0
-5602.02 164584.0
-6048.41 168428.0
-6461.4 168008.0
-6462.51 168003.0
-6460.29 168079.0
-6470.31 167965.0
-6466.97 167970.0
-6466.97 167979.0
-6463.63 167923.0
-6451.38 167916.0
-5460.64 168466.0
-5606.47 162435.0
-2836.84 161133.0
-686.147 155277.0
-1625.68 152171.0
-1763.72 147977.0
-1328.46 143513.0
11935.3 114853.0
11983.1 114285.0
13582.8 106052.0
18877.1 106029.0
24357.4 106334.0
27566.7 103197.0
30740.5 102240.0
31102.2 99942.5
31854.8 97277.5
31855.9 97275.3
31855.9 97277.5
31855.9 97275.3
31858.1 97279.7
31859.2 97277.5
31860.3 97279.7
31862.6 97277.5
31862.6 97275.3
31862.6 97277.5
31861.4 97277.5
31863.7 97313.1
31864.8 97302.0
31862.6 97293.1
31864.8 97288.6
31863.7 97286.4
31864.8 97284.2
31863.7 97275.3
31862.6 97273.1
31862.6 97275.3
31861.4 97275.3
31860.3 97284.2
31444.0 97555.8
31435.1 97807.4
31432.9 97807.4
31349.4 97900.9
30426.5 102387.0
25225.7 102935.0
22129.9 106070.0
17663.8 105972.0
13146.4 105695.0
12115.6 112486.0
10564.9 119490.0
8304.02 126116.0
6226.79 130851.0
3178.87 131775.0
4506.91 130636.0
5073.52 129625.0
4446.8 130720.0
2379.59 131827.0
1314.26 134516.0
-2147.77 134612.0
-1485.42 135896.0
-2242.39 139096.0
1238.57 143050.0
-630.487 142689.0
-1693.59 141438.0
-164.058 139911.0
-156.266 140018.0
1284.21 144522.0
1265.28 151439.0
1326.51 152788.0
616.291 153565.0
1365.47 153002.0
3103.17 152020.0
2149.16 149716.0
1868.64 148518.0
2103.52 147017.0
2176.99 144582.0
1142.83 142455.0
-85.0213 139995.0
-700.618 140035.0
-2236.83 139013.0
-4266.18 139131.0
-5432.81 139180.0
-6238.76 140481.0
-6147.48 140481.0
-4202.73 140752.0
-3663.94 140703.0
-2809.01 140581.0
-624.921 134554.0
2877.19 124068.0
4196.33 111155.0
8137.04 106655.0
13540.5 106032.0
18582.1 106021.0
24644.6 106399.0
27423.1 102783.0
31314.9 97967.7
31437.3 97834.1
31440.7 97823.0
31440.7 97820.7
31438.4 97818.5
31437.3 97816.3
31438.4 97807.4
31439.5 97805.2
31439.5 97807.4
31440.7 97807.4
29353.4 102467.0
24603.4 103654.0
22416.0 103899.0
22262.4 103269.0
21745.8 103242.0
22399.3 103422.0
22460.5 104170.0
22351.4 104264.0
22374.8 104075.0
22345.9 104248.0
22345.9 104204.0
22345.9 104213.0
22350.3 104217.0
22328.0 104273.0
22299.1 104442.0
22340.3 104293.0
22380.4 104262.0
22367.0 104268.0
22361.4 104268.0
22337.0 104251.0
22379.3 104204.0
22357.0 104244.0
22348.1 104253.0
22344.7 104262.0
22347.0 104262.0
22344.7 104295.0
22347.0 104293.0
22294.6 104199.0
22431.6 103344.0
24594.5 103750.0
27515.5 102750.0
27811.6 103304.0
27808.3 103304.0
27805.0 103295.0
27806.1 103293.0
27805.0 103289.0
27806.1 103293.0
27803.9 103295.0
27805.0 103293.0
27803.9 103295.0
27803.9 103293.0
27802.7 103293.0
27816.1 103215.0
27816.1 103218.0
27806.1 103229.0
27806.1 103249.0
27803.9 103255.0
27801.6 103255.0
27802.7 103260.0
27803.9 103260.0
27805.0 103266.0
28544.1 103429.0
30957.5 102182.0
31444.0 97809.6
31334.9 97420.0
31416.2 94267.4
32882.2 94006.9
33385.4 94044.8
33378.7 94042.6
33375.4 94049.2
33377.6 94049.2
33376.5 94049.2
33377.6 94049.2
31238.1 95581.0
30736.0 102238.0
31170.2 98571.0
31429.5 97796.3
31426.2 97794.0
31432.9 97802.9
31435.1 97805.2
31436.2 97802.9
31437.3 97805.2
31435.1 97805.2
31436.2 97802.9
31435.1 97800.7
31436.2 97798.5
31437.3 97798.5
31436.2 97800.7
31436.2 97798.5
31437.3 97800.7
31436.2 97802.9
31444.0 97780.7
31861.4 97304.2
31870.4 97264.2
31868.1 97268.6
31865.9 97266.4
31867.0 97266.4
31865.9 97273.1
31863.7 97275.3
31865.9 97275.3
31864.8 97277.5
31865.9 97282.0
31864.8 97277.5
31864.8 97279.7
31872.6 97248.6
31869.2 97259.7
31869.2 97264.2
31867.0 97268.6
31862.6 97279.7
31862.6 97284.2
31863.7 97282.0
31862.6 97282.0
31863.7 97282.0
31862.6 97282.0
31863.7 97284.2
31862.6 97288.6
31863.7 97286.4
31861.4 97288.6
31862.6 97284.2
31862.6 97286.4
31862.6 97284.2
31863.7 97286.4
31867.0 97282.0
31865.9 97277.5
31863.7 97277.5
31863.7 97282.0
31863.7 97279.7
31863.7 97282.0
31864.8 97279.7
31864.8 97286.4
31865.9 97282.0
31864.8 97279.7
31864.8 97277.5
31862.6 97288.6
31344.9 97796.3
30921.9 87499.2
30601.3 88679.2
29866.6 96738.7
31438.4 97834.1
31103.4 100036.0
28029.8 102527.0
30976.5 101877.0
31428.4 97838.6
31431.8 97838.6
31434.0 97840.8
31431.8 97836.3
31436.2 97831.9
31438.4 97829.7
31438.4 97825.2
31439.5 97823.0
31438.4 97827.4
31439.5 97825.2
31439.5 97827.4
31439.5 97825.2
31440.7 97825.2
31440.7 97827.4
31441.8 97825.2
30320.8 93724.2
31092.2 86878.0
30291.8 94049.2
31447.3 97829.7
31444.0 97836.3
31440.7 97836.3
31330.5 97366.6
31806.9 97170.6
31810.2 97150.6
31811.4 97139.5
31873.7 96981.4
31819.1 97123.9
31812.5 97123.9
31816.9 97126.1
31813.6 97128.3
31813.6 97126.1
31811.4 97130.6
31810.2 97135.0
31810.2 97132.8
31793.5 97740.6
31775.7 97742.8
31781.3 97742.8
31782.4 97736.1
31779.1 97729.5
31781.3 97727.2
31782.4 97727.2
31779.1 97722.8
31776.8 97722.8
31775.7 97725.0
31421.7 97339.8
30278.5 94147.2
30993.2 87207.5
30894.1 86907.0
30896.3 86909.2
30895.2 86909.2
30896.3 86907.0
30899.6 86907.0
30925.2 86935.9
34519.8 88748.2
30927.5 86909.2
30926.4 86907.0
30919.7 86913.7
30586.8 88797.2
30904.1 95817.0
31436.2 97823.0
31441.8 97811.8
31441.8 97807.4
31440.7 97805.2
31440.7 97807.4
31439.5 97807.4
31439.5 97811.8
31439.5 97805.2
31438.4 97805.2
31440.7 97805.2
-257832.0 97807.4
31441.8 97807.4
31442.9 97802.9
31441.8 97802.9
31462.9 97807.4
31452.9 97796.3
31449.6 97802.9
31446.2 97802.9
31446.2 97798.5
31444.0 97798.5
31438.4 97814.1
31438.4 97809.6
31437.3 97814.1
31437.3 97811.8
31438.4 97814.1
31442.9 97818.5
31444.0 97814.1
31451.8 97892.0
31446.2 97787.4
31425.1 97823.0
31449.6 97796.3
31442.9 97791.8
31419.5 97860.8
31428.4 97840.8
31434.0 97809.6
31438.4 97802.9
31440.7 97805.2
31309.3 98174.7
31304.8 98177.0
31306.0 98177.0
31302.6 98177.0
31301.5 98174.7
31324.9 97896.4
31851.4 97277.5
31857.0 97275.3
31858.1 97279.7
31862.6 97282.0
31863.7 97284.2
31864.8 97279.7
31863.7 97286.4
31862.6 97284.2
31863.7 97282.0
31864.8 97284.2
31864.8 97277.5
31864.8 97279.7
31865.9 97275.3
