2320.59 138724.0
656.366 136190.0
873.44 134721.0
1410.0 132971.0
986.985 134630.0
712.026 134249.0
648.574 134273.0
650.801 134269.0
651.914 134260.0
648.574 134236.0
650.801 134271.0
637.442 134267.0
647.461 134280.0
637.442 134271.0
656.366 134262.0
572.877 134278.0
580.669 134262.0
582.896 134282.0
580.669 134242.0
582.896 134256.0
589.575 134258.0
581.782 134240.0
563.971 134285.0
578.443 134273.0
586.235 134293.0
578.443 134253.0
572.877 134244.0
569.537 134251.0
585.122 134236.0
579.556 134249.0
581.782 134251.0
595.141 134278.0
573.99 134253.0
765.46 133977.0
831.138 131960.0
999.231 131399.0
1943.22 130357.0
2033.39 129723.0
2709.1 129705.0
4839.75 130032.0
5002.28 129130.0
4770.73 126973.0
4796.34 125628.0
5178.16 126550.0
3841.22 127385.0
2723.57 126713.0
2168.09 127637.0
1887.56 129277.0
2243.78 129698.0
3164.39 131486.0
3144.36 131479.0
2470.87 133410.0
1755.09 134307.0
1632.64 134171.0
2199.25 133924.0
2791.47 132915.0
3093.15 132174.0
2696.85 129698.0
3117.64 131114.0
2545.46 129734.0
1902.03 128694.0
1697.2 127659.0
-111.738 127530.0
-943.295 126483.0
-1324.01 124555.0
-1307.31 124758.0
-1467.61 124952.0
-1256.1 125123.0
-1242.74 125112.0
-1228.27 125110.0
-1334.03 125041.0
-3623.87 125722.0
-3983.43 125918.0
-3974.52 125947.0
-3946.69 125973.0
-3956.71 125989.0
-3947.81 125976.0
-3937.79 125942.0
-3963.39 125960.0
-3955.6 125962.0
-3957.83 125949.0
-3943.35 125960.0
-3967.85 125936.0
-3972.3 125947.0
-3960.05 125913.0
-3808.66 129700.0
-3791.96 130393.0
-3740.75 133189.0
-3708.47 135701.0
-3636.11 137680.0
-3646.13 138929.0
-3514.77 142302.0
-3697.34 143117.0
-3783.05 143415.0
-3254.29 143537.0
-1870.59 144617.0
-1670.21 145383.0
-1528.84 146603.0
-1515.48 146307.0
-1529.95 145414.0
-687.26 145368.0
1208.51 145310.0
641.895 141436.0
5793.76 132045.0
8259.49 128191.0
13225.5 124537.0
14915.3 121719.0
15395.1 116823.0
15873.7 114496.0
15503.0 114240.0
15170.2 115017.0
15389.5 117702.0
13283.3 117404.0
13234.4 117028.0
13167.6 116393.0
13422.5 116311.0
13485.9 115948.0
13491.5 115961.0
13492.6 115957.0
13482.6 115935.0
13483.7 115961.0
13484.8 115944.0
13485.9 115950.0
13480.4 115937.0
13483.7 115955.0
13482.6 115944.0
13483.7 115955.0
13481.5 115932.0
13481.5 115941.0
13484.8 115955.0
13488.2 115946.0
13484.8 115944.0
13482.6 115937.0
13487.1 115939.0
13487.1 115950.0
13483.7 115944.0
13487.1 115946.0
13484.8 115944.0
13483.7 115950.0
13484.8 115948.0
13488.2 115959.0
13482.6 115944.0
13483.7 115952.0
13336.8 116333.0
13167.6 116567.0
13717.5 117751.0
15296.0 118072.0
15444.0 118310.0
15444.0 118235.0
15446.3 118145.0
15429.6 118039.0
15435.1 118023.0
15399.5 117553.0
15389.5 117491.0
15381.7 117475.0
15346.1 117039.0
15319.4 116663.0
15298.2 116409.0
15271.5 116037.0
15213.6 115418.0
15329.4 115231.0
15339.4 115222.0
15358.3 115276.0
15464.1 115258.0
15956.1 114759.0
15473.0 117981.0
14983.2 121579.0
11188.3 126094.0
4420.08 134509.0
2159.18 138584.0
1130.59 142562.0
1205.17 150152.0
750.988 150174.0
874.553 150292.0
811.101 150535.0
763.233 150631.0
811.101 150660.0
746.535 150720.0
530.575 150586.0
832.251 150212.0
287.899 149524.0
37.4301 147100.0
537.255 146510.0
572.877 147874.0
48.5621 148507.0
372.502 150181.0
818.893 150346.0
860.081 150125.0
24.0718 149322.0
-707.297 148422.0
-719.542 147311.0
-650.524 145675.0
-1506.57 145327.0
-1547.76 145626.0
-1761.49 146908.0
-1919.57 147937.0
-2035.34 147353.0
-1979.68 147033.0
-1737.0 149863.0
-1712.51 151076.0
-1627.91 152432.0
-531.412 152617.0
2656.78 152686.0
3049.74 152732.0
3428.22 153342.0
4327.68 153175.0
3820.07 154353.0
3804.48 154371.0
3816.73 154373.0
3815.61 154378.0
3816.73 154351.0
3815.61 154331.0
3974.8 154351.0
4378.89 157484.0
3892.42 159605.0
3259.02 159067.0
3034.15 157811.0
3057.53 156148.0
3753.27 154378.0
3813.39 154402.0
3813.39 154396.0
3173.3 154396.0
3069.77 152784.0
794.403 152592.0
-631.6 152619.0
-1576.7 153612.0
-2857.99 154389.0
-3731.85 154180.0
-3764.13 154200.0
-4320.73 153469.0
-4326.29 153469.0
-4296.24 153743.0
-3537.04 154502.0
-3483.61 157034.0
-3285.46 158180.0
-3183.04 162132.0
-2712.16 163902.0
-2111.04 164766.0
-2155.56 164842.0
-2410.49 164626.0
-1842.76 162023.0
-1852.77 162043.0
-1850.55 162045.0
-1850.55 162052.0
-1836.08 162059.0
-1328.46 161538.0
-1665.76 158977.0
-3167.46 158761.0
-3305.49 157809.0
-3156.33 155157.0
-3011.61 155170.0
-2868.01 155148.0
-2560.77 153055.0
-2568.56 152668.0
-2283.58 150731.0
-2629.78 150635.0
-1594.51 149103.0
-1393.03 149166.0
-1374.1 149175.0
-1379.67 149172.0
-1278.37 149019.0
-1368.54 149150.0
-1711.4 148712.0
-2042.02 146993.0
-4572.31 147062.0
-11651.1 169715.0
-6622.82 169691.0
-2743.33 169608.0
2616.7 168083.0
4679.45 170250.0
6501.75 174576.0
5261.65 175680.0
4839.75 176212.0
4975.56 176673.0
5306.18 174936.0
4908.77 173271.0
9388.27 168148.0
10956.8 162831.0
10475.9 151877.0
10268.8 145773.0
7447.97 136720.0
5526.59 132227.0
8108.09 126724.0
11661.4 117714.0
11914.1 115153.0
13986.9 104478.0
18912.8 97428.9
20944.3 94728.3
21000.0 94723.8
20998.9 94721.6
20936.6 94699.4
21056.8 94650.4
25148.9 94218.5
30320.8 93488.2
30606.9 88681.4
30692.6 87753.0
30689.3 87753.0
30693.7 87753.0
30703.7 87766.4
30692.6 87757.5
30679.2 87750.8
30694.8 87748.6
30689.3 87755.2
30694.8 87755.2
30698.2 87759.7
30697.0 87757.5
30693.7 87761.9
30687.0 87753.0
30692.6 87750.8
30692.6 87744.1
30691.5 87748.6
30685.9 87750.8
30691.5 87746.3
30693.7 87753.0
30703.7 87746.3
30694.8 87764.1
30698.2 87764.1
30701.5 87753.0
30697.0 87748.6
30703.7 87746.3
30680.3 87755.2
30673.7 87744.1
30698.2 87759.7
30689.3 87753.0
30683.7 87753.0
30699.3 87766.4
30685.9 87753.0
30679.2 87739.7
30690.4 87753.0
30682.6 87724.1
30684.8 87739.7
30691.5 87744.1
30683.7 87746.3
30678.1 87739.7
30681.5 87753.0
30687.0 87750.8
30692.6 87744.1
30705.9 87753.0
30700.4 87770.8
30691.5 87768.6
30698.2 87764.1
30691.5 87759.7
30697.0 87753.0
30692.6 87755.2
30699.3 87753.0
30690.4 87748.6
30689.3 87753.0
30703.7 87748.6
30695.9 87753.0
30694.8 87757.5
30695.9 87750.8
30698.2 87748.6
30694.8 87737.4
30689.3 87737.4
30692.6 87741.9
30695.9 87757.5
30690.4 87753.0
30690.4 87748.6
30695.9 87757.5
30687.0 87748.6
30694.8 87744.1
30697.0 87750.8
30691.5 87737.4
30694.8 87744.1
30698.2 87746.3
30694.8 87744.1
30695.9 87753.0
30689.3 87741.9
30674.8 87737.4
30688.1 87753.0
30684.8 87755.2
30701.5 87759.7
30699.3 87757.5
30702.6 87779.7
30694.8 87750.8
30693.7 87755.2
30689.3 87730.8
30817.3 87810.9
30809.5 87842.1
30809.5 87817.6
30805.0 87806.4
30447.7 91065.9
30036.9 94158.3
24548.9 94176.1
22546.2 94211.8
21313.9 94107.1
21061.2 94668.2
21065.7 94699.4
19620.8 96723.1
15263.7 102298.0
10450.3 119579.0
9495.13 122031.0
6892.48 129707.0
6487.28 130268.0
6492.85 130284.0
6496.19 130266.0
6497.3 130286.0
6495.07 130268.0
6490.62 130270.0
6492.85 130270.0
6499.53 130277.0
6500.64 130270.0
6498.41 130277.0
6512.88 130279.0
6497.3 130282.0
6174.47 130956.0
3633.05 133942.0
2624.5 132575.0
2605.57 132544.0
2601.12 132512.0
2603.34 132510.0
2421.89 132270.0
1573.64 132844.0
-297.642 133530.0
-1002.29 134632.0
-4401.99 134759.0
-5196.81 134785.0
-5181.23 134454.0
-4771.57 134460.0
-3206.42 134763.0
-3011.61 134636.0
-3318.85 134596.0
-3679.53 133839.0
-3040.55 133626.0
-2930.35 133882.0
-4396.43 134714.0
-5362.68 137747.0
-5374.92 138835.0
-5384.94 138711.0
-9747.55 139419.0
-12622.9 139445.0
-14797.0 139882.0
-15649.7 143130.0
-15598.5 146027.0
-15574.0 154302.0
-15577.4 156958.0
-15930.2 158220.0
-19447.9 158220.0
-19520.3 157519.0
-17252.7 156197.0
-15309.1 155308.0
-14525.4 155195.0
-11984.0 155037.0
-11172.4 155246.0
-10448.9 154712.0
-10398.8 154086.0
-10413.2 150406.0
-10513.4 146637.0
-11921.6 146153.0
-12315.7 146136.0
-12310.1 146198.0
-12294.5 146202.0
-12648.5 146305.0
-11238.1 145695.0
-9965.74 144495.0
-6737.47 143635.0
-4433.16 143600.0
-2275.79 143468.0
-977.804 145350.0
-23.7956 145361.0
1316.49 144250.0
1351.0 143707.0
579.556 143753.0
16.2794 144043.0
-616.015 144700.0
-619.355 145223.0
178.806 145336.0
1407.77 144740.0
2267.16 144517.0
3039.72 142415.0
3650.86 141928.0
3650.86 141934.0
3651.97 141921.0
3641.96 141930.0
3660.88 141919.0
3649.75 141919.0
3648.63 141928.0
3643.07 141928.0
3643.07 141930.0
3653.09 141926.0
3651.97 141939.0
3640.84 141932.0
3640.84 141928.0
3647.52 141926.0
3640.84 141939.0
3643.07 141954.0
3640.84 141939.0
3636.39 141943.0
3636.39 141948.0
3640.84 141948.0
3640.84 141932.0
3641.96 141948.0
3638.62 141954.0
3646.41 141928.0
3640.84 141932.0
3641.96 141921.0
3644.18 141941.0
3364.77 142184.0
2412.99 142805.0
1691.64 144737.0
1309.81 143782.0
71.9392 143862.0
12.9398 145060.0
-1438.67 145352.0
-1897.3 145314.0
-1743.68 149920.0
-1726.98 151597.0
-2167.81 153411.0
-2558.54 153124.0
-2249.07 152746.0
-1722.53 150025.0
-1741.46 147514.0
-1654.63 147198.0
-1532.17 147282.0
-1075.76 149028.0
-1761.49 150274.0
-1742.57 151181.0
-2283.58 152623.0
-3411.25 152686.0
-4780.48 152706.0
-5151.17 152744.0
-7107.05 152888.0
-8327.12 152906.0
-9293.37 152866.0
-10137.2 152626.0
-10086.0 152004.0
-9990.23 151434.0
-10424.4 151960.0
-10454.4 152579.0
-10429.9 154563.0
-12078.6 156789.0
-13404.4 156722.0
-14134.7 156784.0
-14768.1 157192.0
-15391.5 157301.0
-15535.1 155820.0
-14591.1 155230.0
-13349.9 155208.0
-12063.0 155079.0
-11623.3 155066.0
-10047.0 154781.0
-9744.21 154756.0
-9664.06 156735.0
-9660.72 156735.0
-9661.84 157666.0
-9626.21 158804.0
-9603.95 159984.0
-9184.28 159547.0
-8516.36 159300.0
-8431.76 158140.0
-8437.32 157524.0
-8437.32 157343.0
-8448.45 157096.0
-8452.91 155763.0
-8399.47 155235.0
-8449.57 154899.0
-8457.36 154894.0
-8439.55 154681.0
-9317.86 154578.0
-10264.1 154289.0
-10384.3 152445.0
-10387.6 151508.0
-10785.1 149905.0
-10802.9 149551.0
-10828.5 148237.0
-11666.7 148220.0
-11821.4 147779.0
-11820.3 147538.0
-13333.2 147273.0
-14140.2 147269.0
-15486.1 147282.0
-16476.8 147095.0
-15705.4 147300.0
-15054.2 147293.0
-14273.8 147300.0
-14269.4 147313.0
-13422.2 147296.0
-12669.7 147307.0
-11563.2 148237.0
-10955.4 148231.0
-10818.4 149130.0
-10819.6 149164.0
-10112.7 149253.0
-9627.33 149219.0
-9536.05 150522.0
-9480.39 151399.0
-8529.72 151552.0
-8490.76 151866.0
-8511.91 151877.0
-8816.92 152189.0
-8773.51 152396.0
-8500.77 153086.0
-8492.98 153770.0
-8478.51 153908.0
-8485.19 154073.0
-8452.91 155159.0
-8464.04 157201.0
-8455.13 158189.0
-8472.94 158935.0
-8163.48 158949.0
-7969.78 158928.0
-7619.12 158421.0
-7262.9 157918.0
-7268.47 157443.0
-7279.6 157172.0
-7282.94 157158.0
-7301.86 156226.0
-7364.2 153921.0
-7475.52 153267.0
-7622.46 151381.0
-7614.67 149589.0
-7808.37 148605.0
-7839.54 147402.0
-7820.61 147340.0
-7837.31 146701.0
-7872.93 146007.0
-7664.77 146630.0
-14266.0 139501.0
-7196.11 146452.0
-7366.43 145477.0
-7467.73 145370.0
-7850.67 144488.0
-7723.76 144397.0
-7751.59 144410.0
-7767.18 143825.0
-6198.69 145481.0
-6045.07 145779.0
-6023.92 146708.0
-6015.01 146950.0
-4945.23 147714.0
-4909.61 148932.0
-4895.14 149491.0
-4860.63 150346.0
-4463.22 151094.0
-3619.42 152390.0
-3561.53 153723.0
-3563.76 154151.0
-3522.57 155101.0
-3469.13 157245.0
-3301.04 157960.0
-2967.08 160912.0
-1372.99 161093.0
-686.147 161756.0
-815.277 162159.0
-2568.56 162114.0
-3187.5 161344.0
-3252.06 159209.0
-3204.19 160349.0
-2884.71 158098.0
-1811.59 158029.0
552.839 157911.0
629.65 157969.0
724.271 157913.0
674.178 157461.0
609.612 156851.0
611.839 156847.0
612.952 156829.0
605.16 156845.0
611.839 156838.0
618.518 156072.0
-1516.59 155867.0
-2932.57 155921.0
-3584.91 155219.0
-4240.58 155934.0
-7248.43 156845.0
-8405.04 156889.0
-8456.25 158537.0
-8465.15 161524.0
-9075.18 161885.0
-8961.64 161251.0
-8430.64 160144.0
-8423.96 157158.0
-8423.96 155631.0
-8155.68 154923.0
-8450.68 156183.0
-8449.57 156299.0
-8456.25 156564.0
-8470.72 160500.0
-8481.85 160912.0
-8491.87 162090.0
-9079.64 162195.0
-9546.06 161865.0
-8609.87 161206.0
-8430.64 158416.0
-8391.68 155157.0
-8425.08 155658.0
-8452.91 156237.0
-8808.02 156889.0
-9458.12 156869.0
-10110.5 157054.0
-10069.3 157092.0
-9705.25 156927.0
-8421.74 156778.0
-8192.42 154565.0
-7398.71 154516.0
-6188.67 155604.0
-6131.9 156584.0
-5731.15 158784.0
-5664.35 161778.0
-5157.85 164120.0
-3063.93 163976.0
-1018.99 164753.0
-460.168 166111.0
-357.754 169344.0
324.634 171240.0
2385.16 174696.0
3295.75 176417.0
3605.22 177817.0
3479.43 177980.0
3358.09 176679.0
2492.02 174874.0
376.955 171283.0
-355.528 169001.0
-1020.11 164742.0
-1258.33 161970.0
-845.333 161086.0
54.1281 161919.0
-569.261 161253.0
-553.676 159906.0
-1064.63 157956.0
-1145.9 156270.0
-2522.92 155604.0
-2679.88 154347.0
-3210.87 154013.0
-2761.14 153438.0
-2538.5 153474.0
-2535.16 153467.0
-2511.79 153467.0
-2503.99 153487.0
-2510.67 153469.0
-2500.65 153463.0
-2493.98 153440.0
-2481.73 153449.0
-1747.02 153396.0
-1418.63 153803.0
-1662.42 151666.0
-1833.85 145029.0
-3308.83 143493.0
-3303.27 137842.0
-3660.6 136540.0
-3773.04 133470.0
-3747.43 131942.0
-3852.07 127516.0
-4227.22 124057.0
-4365.26 119951.0
-4300.69 118157.0
-4474.35 116251.0
-4100.32 115683.0
-3848.73 117139.0
-2987.12 117197.0
-1661.31 115823.0
-718.429 114383.0
599.594 111164.0
921.307 110311.0
434.841 111595.0
215.541 112453.0
1062.68 113935.0
2832.66 112459.0
6173.36 111017.0
8739.27 110393.0
11783.9 109540.0
12597.6 107583.0
15258.1 102336.0
17354.3 98876.1
20888.7 95264.9
20963.3 94690.4
20945.5 94697.1
20956.6 94703.8
20945.5 94699.4
21762.5 94173.9
25393.8 94189.5
27892.9 94363.2
30435.4 91370.9
30849.6 87750.8
30300.7 86853.6
30303.0 86826.8
30299.6 86851.3
30298.5 86840.2
30301.9 86878.0
30300.7 86873.6
30304.1 86878.0
30305.2 86864.7
30306.3 86875.8
30300.7 86873.6
30305.2 86871.4
30303.0 86873.6
30306.3 86871.4
30308.5 86864.7
30300.7 86869.1
30306.3 86880.3
30309.7 86871.4
30310.8 86878.0
30311.9 86873.6
30308.5 86871.4
30297.4 86895.9
30307.4 86873.6
30305.2 86878.0
30306.3 86875.8
30301.9 86862.5
30309.7 86866.9
30300.7 86864.7
30301.9 86882.5
30298.5 86873.6
30294.1 86880.3
30306.3 86869.1
30299.6 86880.3
30305.2 86862.5
30306.3 86875.8
30316.3 86858.0
30311.9 86864.7
30316.3 86860.2
30309.7 86875.8
30323.0 86860.2
30306.3 86871.4
30306.3 86878.0
30308.5 86866.9
30309.7 86869.1
30306.3 86886.9
30304.1 86875.8
30297.4 86880.3
30303.0 86864.7
30305.2 86884.7
30298.5 86862.5
30309.7 86866.9
30299.6 86873.6
30304.1 86880.3
30300.7 86880.3
30306.3 86875.8
30303.0 86864.7
30298.5 86873.6
30301.9 86842.4
30303.0 86875.8
30299.6 86875.8
30304.1 86864.7
30300.7 86864.7
30308.5 86878.0
30311.9 86878.0
30308.5 86880.3
30299.6 86866.9
30303.0 86860.2
30301.9 86862.5
30306.3 86871.4
30300.7 86851.3
30301.9 86846.9
30305.2 86855.8
30303.0 86846.9
30301.9 86858.0
30303.0 86871.4
30305.2 86866.9
30306.3 86866.9
30308.5 86882.5
30306.3 86871.4
30300.7 86873.6
30304.1 86880.3
30299.6 86884.7
30305.2 86866.9
30301.9 86866.9
30293.0 86862.5
30305.2 86871.4
30307.4 86880.3
30300.7 86855.8
30298.5 86855.8
30303.0 86869.1
30307.4 86864.7
30310.8 86871.4
30303.0 86866.9
30301.9 86869.1
30305.2 86871.4
30303.0 86864.7
30306.3 86869.1
30305.2 86862.5
30303.0 86869.1
30305.2 86869.1
30297.4 86864.7
30314.1 86851.3
30296.3 86858.0
30295.2 86864.7
30301.9 86875.8
30301.9 86866.9
30289.6 86866.9
30304.1 86882.5
30303.0 86869.1
30300.7 86878.0
30306.3 86878.0
30299.6 86862.5
30300.7 86878.0
30306.3 86878.0
30300.7 86869.1
30294.1 86853.6
30303.0 86898.1
30386.5 87468.0
30613.6 88605.7
28386.1 90464.8
27472.1 92911.6
24071.3 94198.4
23199.7 94222.9
21205.9 94145.0
19297.9 97025.9
16579.5 100076.0
14575.8 103460.0
12618.8 107412.0
12418.4 108904.0
12000.9 113837.0
11697.0 117493.0
10125.2 120025.0
9374.91 122485.0
9329.27 122676.0
9325.93 122656.0
9320.36 122663.0
9335.95 122649.0
8169.32 126494.0
7736.29 127788.0
6008.61 131232.0
5046.81 131079.0
3835.65 131038.0
3148.81 131392.0
3200.02 132134.0
3155.49 132172.0
3142.13 132207.0
2867.17 132722.0
3050.85 134808.0
2925.06 136306.0
2131.35 135349.0
1422.24 133784.0
1175.12 132018.0
1153.96 132036.0
1425.58 131557.0
1928.75 131123.0
2371.8 130313.0
1851.94 131145.0
-14319.4 135496.0
-13001.4 135293.0
-13031.5 134347.0
-13038.2 134572.0
-13215.2 135300.0
-13569.2 136440.0
-13551.3 136431.0
-13578.1 136480.0
-13018.1 136469.0
-12641.9 133821.0
-12512.7 133824.0
-8657.74 139392.0
-7584.62 139350.0
-6168.63 141567.0
-6180.88 141572.0
-7000.19 142674.0
-7378.67 140541.0
-9303.39 130885.0
-12310.1 123041.0
-15252.3 115714.0
-13603.7 119773.0
-12476.0 122808.0
-10018.1 129095.0
-8301.51 131121.0
-8497.44 127318.0
-9253.29 127198.0
-9421.39 128322.0
-9900.06 128340.0
-9903.4 128313.0
-9905.63 128327.0
-9906.74 128325.0
-9903.4 128289.0
-9910.08 128296.0
-9902.29 128304.0
-9898.95 128322.0
-9905.63 128313.0
-9904.51 128340.0
-9906.74 128329.0
-9910.08 128325.0
-8940.49 129021.0
-8767.94 129271.0
-8723.41 129273.0
-8717.85 129291.0
-8724.53 129273.0
-8498.55 128316.0
-5260.26 130132.0
-4760.44 133599.0
-5212.4 133764.0
-5234.66 133715.0
-5091.06 134498.0
-7791.67 134970.0
-7778.31 138973.0
-7924.14 139232.0
-11159.1 139421.0
-12841.1 141062.0
-12811.1 141787.0
-10923.1 145481.0
-9444.76 144223.0
-8521.93 143687.0
-4770.46 143593.0
-175.19 142854.0
517.217 143849.0
1340.98 143529.0
1892.01 143183.0
2002.22 142433.0
4427.87 138446.0
6204.53 137951.0
6076.51 138312.0
6063.15 138310.0
5996.36 138508.0
5228.26 138468.0
3651.97 138706.0
3536.2 139347.0
3508.37 139459.0
3388.15 138568.0
3367.0 137001.0
2510.95 135821.0
2804.83 135211.0
3420.43 134674.0
3520.62 134721.0
3365.88 134516.0
2505.38 133485.0
2184.78 133944.0
1433.38 133924.0
1398.87 132964.0
1414.45 132439.0
1428.92 132098.0
1436.72 132049.0
1417.79 132060.0
1966.6 131274.0
1938.77 129743.0
2485.35 129703.0
3122.09 130195.0
2744.72 132942.0
2197.03 133904.0
2022.26 133461.0
1971.05 131272.0
1407.77 129558.0
1407.77 129614.0
1886.45 127835.0
1897.58 129505.0
2461.97 129696.0
3167.73 131470.0
3183.32 131477.0
3141.02 131477.0
3122.09 131461.0
3152.15 131459.0
3123.21 129954.0
2305.01 129651.0
2057.88 129705.0
3090.92 129714.0
3136.56 131455.0
3131.0 131444.0
3165.51 131399.0
3372.56 133592.0
4042.71 134447.0
4128.42 134590.0
4437.89 134445.0
2663.46 139345.0
3993.72 141267.0
3010.77 142404.0
2353.99 142892.0
2520.97 146643.0
2478.67 146877.0
2357.33 147712.0
1942.11 147915.0
1885.33 147487.0
1886.45 147418.0
1499.06 146919.0
1295.34 145143.0
1231.89 142600.0
1156.19 142253.0
1893.13 140879.0
2988.51 139793.0
4248.65 141523.0
4521.38 141567.0
4522.49 140387.0
4445.68 139733.0
4634.93 140225.0
4650.51 140198.0
4315.44 141442.0
3596.31 141681.0
3623.03 141863.0
3638.62 141859.0
3628.6 141854.0
3633.05 141848.0
3631.94 141843.0
3616.35 141861.0
3630.82 141854.0
3621.92 141863.0
3630.82 141852.0
3641.96 141854.0
3641.96 141865.0
3639.73 141839.0
3628.6 141848.0
3631.94 141852.0
3637.5 141836.0
3602.99 141839.0
3616.35 141841.0
3016.34 142398.0
1762.88 141169.0
1787.37 141224.0
1785.15 141189.0
1761.77 141215.0
1785.15 141220.0
1797.39 141180.0
1767.34 141193.0
1729.49 141233.0
1776.24 141244.0
2655.66 139485.0
3123.21 138911.0
3117.64 138895.0
3287.96 138508.0
2849.36 139169.0
1869.75 141198.0
2044.52 141647.0
2028.94 141692.0
2002.22 141587.0
2425.23 139779.0
3292.41 137479.0
3559.58 137889.0
3490.56 139543.0
3492.79 139530.0
3511.71 139503.0
3487.22 139550.0
3478.32 139577.0
3473.86 139572.0
3478.32 139570.0
3470.52 139581.0
3477.2 139554.0
2813.74 139425.0
1766.22 141151.0
1780.69 141182.0
1784.03 141206.0
1801.84 141173.0
1787.37 141198.0
1802.96 141191.0
1819.66 141160.0
1825.22 141155.0
1785.15 141224.0
1794.05 141229.0
1789.6 141231.0
1787.37 141242.0
1785.15 141231.0
1796.28 141226.0
1808.52 141271.0
1808.52 141202.0
1804.07 141222.0
1796.28 141209.0
1790.71 141313.0
1807.41 141260.0
1815.2 141251.0
1794.05 141311.0
1782.92 141244.0
1796.28 141240.0
1800.73 141175.0
1640.43 141371.0
-962.219 139746.0
-1731.44 137747.0
296.805 130771.0
-170.737 128142.0
-3602.72 127120.0
-4089.18 120396.0
-2827.93 118039.0
-2251.3 116794.0
-1152.58 115369.0
-1222.71 115204.0
238.918 112960.0
1581.43 113739.0
4588.17 111137.0
7086.18 110899.0
11640.3 117596.0
12646.6 118183.0
14640.3 118564.0
16095.3 121191.0
16608.4 122044.0
15833.7 121714.0
15614.4 119477.0
14437.7 118517.0
13195.4 116672.0
13548.3 116271.0
13583.9 116275.0
13251.1 116344.0
13155.3 112555.0
13047.3 109970.0
13294.5 105822.0
15071.1 102643.0
17563.6 98744.7
19739.9 96623.0
21040.1 94677.1
21004.5 94721.6
26895.5 94381.0
29364.5 94256.3
30441.0 91419.9
30709.3 88055.8
30688.1 87755.2
30693.7 87755.2
30690.4 87757.5
30692.6 87753.0
30689.3 87744.1
30694.8 87766.4
30698.2 87759.7
30690.4 87750.8
30693.7 87757.5
30698.2 87753.0
30695.9 87759.7
30693.7 87744.1
30694.8 87755.2
30693.7 87755.2
30695.9 87750.8
30695.9 87739.7
30693.7 87746.3
30694.8 87726.3
30694.8 87739.7
30697.0 87748.6
30692.6 87746.3
30697.0 87739.7
30695.9 87746.3
30697.0 87744.1
30695.9 87746.3
30698.2 87755.2
30690.4 87759.7
30694.8 87757.5
30699.3 87750.8
30694.8 87744.1
30693.7 87757.5
30695.9 87744.1
30697.0 87744.1
30694.8 87744.1
30700.4 87750.8
30691.5 87753.0
30693.7 87741.9
30688.1 87744.1
30689.3 87744.1
30677.0 87735.2
30692.6 87750.8
30694.8 87741.9
30690.4 87741.9
30691.5 87744.1
30694.8 87733.0
30697.0 87746.3
30694.8 87741.9
30690.4 87748.6
30693.7 87766.4
30685.9 87757.5
30703.7 87748.6
30695.9 87766.4
30684.8 87750.8
30701.5 87753.0
30701.5 87761.9
30687.0 87741.9
30679.2 87755.2
30693.7 87750.8
30683.7 87755.2
30677.0 87750.8
30661.4 87755.2
30685.9 87746.3
30695.9 87753.0
30689.3 87755.2
30705.9 87750.8
30695.9 87746.3
30689.3 87748.6
30689.3 87741.9
30698.2 87761.9
30682.6 87741.9
30681.5 87744.1
30679.2 87741.9
30684.8 87733.0
30690.4 87746.3
30684.8 87750.8
30685.9 87755.2
30699.3 87761.9
30689.3 87757.5
30695.9 87753.0
30695.9 87748.6
30697.0 87755.2
30701.5 87750.8
30699.3 87753.0
30688.1 87750.8
30688.1 87748.6
30697.0 87755.2
30693.7 87757.5
30687.0 87746.3
30694.8 87755.2
30695.9 87750.8
30698.2 87750.8
30702.6 87739.7
30702.6 87755.2
30695.9 87759.7
30695.9 87757.5
30700.4 87755.2
30685.9 87755.2
30683.7 87750.8
30698.2 87750.8
30693.7 87739.7
30697.0 87750.8
30691.5 87753.0
30692.6 87744.1
30697.0 87744.1
30692.6 87750.8
30695.9 87757.5
30680.3 87730.8
30681.5 87737.4
30695.9 87764.1
30689.3 87755.2
30693.7 87748.6
30688.1 87753.0
30693.7 87761.9
30699.3 87755.2
30691.5 87750.8
30689.3 87753.0
30692.6 87761.9
30697.0 87766.4
30693.7 87750.8
30692.6 87755.2
30699.3 87746.3
30699.3 87766.4
30694.8 87755.2
30682.6 87753.0
30692.6 87753.0
30691.5 87750.8
30690.4 87753.0
30692.6 87759.7
30690.4 87746.3
30811.7 87802.0
30817.3 87786.4
30816.2 87815.4
30589.1 88699.2
28725.6 94271.9
24975.2 94196.2
23682.8 94218.5
20927.6 95122.4
17617.0 98675.7
15713.4 101537.0
13175.4 105689.0
12509.7 107931.0
12104.5 112657.0
11835.1 115921.0
10793.1 119256.0
9081.03 123736.0
7263.18 129046.0
6630.88 130186.0
4778.53 133630.0
4265.34 134529.0
3308.0 133441.0
2633.4 132581.0
2638.97 132586.0
2638.97 132633.0
2606.68 132581.0
2627.83 132586.0
2676.82 132688.0
2679.04 132659.0
2625.61 132568.0
2602.23 132535.0
2603.34 132541.0
2573.29 132495.0
913.515 132900.0
-223.057 133336.0
-1942.94 134645.0
-4580.1 134803.0
-9124.16 135068.0
-11727.9 135200.0
-13624.8 135351.0
-13677.1 135375.0
-13652.6 135972.0
-13635.9 136001.0
-12970.3 137397.0
-12974.7 137609.0
-12921.3 139534.0
-12808.8 141674.0
-11223.6 144617.0
-10929.8 145497.0
-10861.9 145906.0
-10741.6 146145.0
-10530.1 147810.0
-10431.1 154349.0
-8992.81 154603.0
-7925.25 154534.0
-6679.59 154447.0
-6184.22 155455.0
-6134.12 156584.0
-5969.37 157550.0
-6119.65 158087.0
-6462.51 158806.0
-6547.12 158808.0
-6994.62 158425.0
-7561.24 158232.0
-7793.9 159233.0
-8033.23 159249.0
-9640.69 159378.0
-10742.7 159654.0
-10873.0 160480.0
-10723.8 159828.0
-10738.3 159507.0
-9642.91 159405.0
-9599.5 160280.0
-9586.14 160868.0
-9621.76 160966.0
-9547.18 161916.0
-9549.4 161536.0
-9462.58 160692.0
-9177.6 160062.0
-9177.6 159630.0
-9175.37 159621.0
-9189.84 159623.0
-9175.37 159634.0
-9173.14 159621.0
-9166.47 159630.0
-9187.62 159645.0
-9187.62 159634.0
-9123.05 159345.0
-8432.87 158105.0
-8428.42 157350.0
-8447.34 157069.0
-8422.85 155765.0
-8382.78 155344.0
-8427.3 154821.0
-7031.36 154518.0
-6072.9 154634.0
-6141.91 156553.0
-6839.89 156818.0
-7314.11 154643.0
-6564.93 154465.0
-6198.69 155440.0
-6166.41 156615.0
-7286.28 156179.0
-7323.01 155119.0
-6072.9 154618.0
-6203.14 156030.0
-5121.12 156210.0
-3808.66 156094.0
-2578.58 156014.0
-1446.46 155967.0
1119.46 156048.0
1287.55 155527.0
1306.47 150470.0
3461.62 151076.0
4263.12 151049.0
5378.54 151018.0
6293.59 150967.0
7780.81 150767.0
8472.11 151662.0
8859.5 152554.0
8807.18 153547.0
8738.16 151225.0
9106.63 150731.0
10444.7 150177.0
10448.0 148244.0
10433.6 148237.0
10434.7 148246.0
10438.0 148251.0
10443.6 148251.0
10439.1 148246.0
10439.1 148237.0
10432.4 148240.0
10443.6 148248.0
10433.6 148248.0
10439.1 148235.0
10435.8 148244.0
10435.8 148251.0
10433.6 148240.0
10439.1 148260.0
10432.4 148240.0
10436.9 148242.0
10423.5 148988.0
10508.1 150553.0
9166.74 150695.0
8817.2 150673.0
7825.34 150729.0
7065.03 150858.0
5824.93 150913.0
4787.43 150994.0
3381.47 151000.0
3175.53 150976.0
2164.75 150793.0
1943.22 150132.0
2997.42 149431.0
3823.41 149408.0
5797.1 148607.0
6040.89 148206.0
5771.5 147578.0
5769.27 149014.0
3908.01 149386.0
3305.77 149404.0
3107.62 149667.0
3080.91 151163.0
3066.43 152485.0
3001.87 152639.0
2259.37 152670.0
1402.21 152525.0
1289.77 150586.0
1283.1 147612.0
1322.06 144933.0
1861.96 143166.0
1635.98 143255.0
1476.79 143426.0
956.929 143644.0
42.9961 144254.0
8.48706 146220.0
510.538 146984.0
852.289 147062.0
1703.88 147013.0
2301.67 146995.0
3443.81 147002.0
4385.57 147106.0
4359.97 150949.0
4500.23 151699.0
4840.87 151824.0
4482.42 151893.0
3885.74 151027.0
2198.14 150818.0
1637.09 150455.0
840.044 149978.0
27.4114 148636.0
41.8829 147616.0
51.9017 147331.0
660.819 147015.0
677.517 146999.0
925.76 147046.0
1130.59 147020.0
1809.64 147022.0
2478.67 147020.0
3607.45 147020.0
4213.02 146995.0
5765.93 147222.0
5769.27 148865.0
6385.98 148807.0
6527.36 149295.0
5905.08 149357.0
4787.43 149373.0
3279.05 149384.0
2809.29 149371.0
2188.12 149297.0
1444.51 149306.0
108.675 149431.0
56.3544 149428.0
0.694696 151399.0
-18.2296 152367.0
-26.022 152568.0
1221.87 153398.0
1206.28 155745.0
2041.18 156012.0
2307.23 156043.0
1520.21 155954.0
1346.55 155938.0
904.609 155927.0
-509.149 155798.0
-525.846 154977.0
-598.204 155894.0
-2509.56 155872.0
-2506.22 155170.0
-1554.44 153616.0
-1706.95 150617.0
-2079.87 146991.0
-2655.39 146988.0
-3671.74 148375.0
-3645.02 149633.0
-3576.0 151205.0
-3646.13 152267.0
-3678.41 152376.0
-3630.55 152390.0
-3748.55 152728.0
-2795.65 152679.0
-1077.99 152948.0
-1226.05 153193.0
-1219.37 153434.0
-1226.05 153265.0
-1261.67 152608.0
-4304.03 152628.0
-4325.18 152570.0
-6325.59 152837.0
-7140.45 152891.0
-9273.33 152886.0
-9691.89 152737.0
-9682.99 155317.0
-10413.2 155344.0
-9798.76 154716.0
-9688.55 154721.0
-9665.18 156448.0
-10411.0 156840.0
-10767.2 156776.0
-10779.5 157628.0
-10560.2 156882.0
-9664.06 156911.0
-8759.04 156905.0
-8643.26 156918.0
-8613.21 156929.0
-8514.13 156916.0
-8415.06 155763.0
-8408.38 155324.0
-8369.42 155228.0
-8413.95 155014.0
-8433.98 154861.0
-8446.23 154696.0
-9214.33 154603.0
-9878.91 154638.0
-10431.1 149618.0
-10529.0 146165.0
-10482.3 144023.0
-10504.5 144691.0
-11286.0 145630.0
-10655.9 145561.0
-7510.03 143653.0
-5078.81 143615.0
-3520.34 143375.0
-3496.96 142970.0
-3594.92 143088.0
-3760.79 143624.0
-3717.38 145920.0
-3660.6 148745.0
-3656.15 149555.0
-3609.4 151285.0
-3616.08 152545.0
-3544.83 154091.0
-3539.27 154658.0
-3520.34 155990.0
-3307.72 157846.0
-3210.87 161302.0
-3019.4 162168.0
-2766.71 162130.0
-3071.72 162117.0
-3126.27 163947.0
-1764.83 163702.0
-1119.18 164701.0
-1259.44 164060.0
-1358.52 162871.0
-1657.97 162898.0
-1282.82 164181.0
-1246.08 164058.0
-1272.8 163795.0
-1551.1 163613.0
-2204.54 161424.0
-837.541 154774.0
-2491.75 154367.0
-2765.59 153440.0
-2511.79 153447.0
-2522.92 153425.0
-2503.99 153434.0
-2510.67 153438.0
-2514.01 153443.0
-2512.9 153454.0
-2503.99 153440.0
-2510.67 153458.0
-2495.09 153445.0
-2492.86 153447.0
-2050.92 153407.0
-1545.53 154342.0
674.178 155954.0
1290.89 153452.0
2897.23 152686.0
4435.66 150150.0
4439.0 146018.0
5390.78 142502.0
5436.43 141262.0
4921.02 140643.0
4206.35 141547.0
3639.73 141897.0
3640.84 141910.0
3638.62 141899.0
3641.96 141905.0
3630.82 141885.0
3619.69 141897.0
3633.05 141885.0
3628.6 141879.0
3621.92 141901.0
3639.73 141892.0
3639.73 141881.0
3626.37 141888.0
-4398.65 167373.0
2620.04 142654.0
1352.11 143482.0
315.729 143805.0
205.523 143266.0
-406.735 143350.0
-1105.82 143773.0
-1867.25 143615.0
-4617.95 143504.0
-4683.63 142442.0
-3307.72 141329.0
-2778.95 141311.0
-887.635 141233.0
-209.699 140830.0
1168.44 140173.0
2392.95 137965.0
3596.31 135774.0
3709.86 135578.0
5167.03 132835.0
6314.74 130756.0
8066.9 126842.0
8857.27 124504.0
10111.8 120102.0
11628.0 117843.0
12039.9 113552.0
12253.6 111014.0
12844.7 106668.0
14153.9 104213.0
16706.4 99898.0
18587.7 97740.6
21213.7 94343.1
20941.0 94714.9
20957.7 94697.1
20951.0 94697.1
20947.7 94699.4
21525.4 94160.6
24842.8 94211.8
27298.5 94398.8
30331.9 93339.0
30546.8 89449.5
30383.1 87102.9
30313.0 86869.1
30296.3 86886.9
30314.1 86860.2
30306.3 86878.0
30310.8 86878.0
30304.1 86878.0
30297.4 86864.7
30303.0 86875.8
30297.4 86891.4
30304.1 86878.0
30305.2 86889.2
30306.3 86873.6
30304.1 86869.1
30299.6 86880.3
30303.0 86878.0
30304.1 86871.4
30306.3 86869.1
30301.9 86886.9
30310.8 86884.7
30304.1 86871.4
30308.5 86869.1
30301.9 86871.4
30300.7 86884.7
30307.4 86866.9
30304.1 86873.6
30305.2 86884.7
30304.1 86869.1
30307.4 86871.4
30304.1 86875.8
30299.6 86873.6
30306.3 86869.1
30303.0 86878.0
30307.4 86869.1
30305.2 86869.1
30301.9 86875.8
30305.2 86869.1
30304.1 86871.4
30307.4 86875.8
30304.1 86880.3
30306.3 86878.0
30306.3 86855.8
30307.4 86893.6
30306.3 86871.4
30307.4 86878.0
30305.2 86873.6
30306.3 86873.6
30295.2 86873.6
30298.5 86869.1
30308.5 86875.8
30307.4 86878.0
30320.8 86853.6
30307.4 86866.9
30307.4 86871.4
30304.1 86849.1
30300.7 86891.4
30305.2 86880.3
30297.4 86902.5
30297.4 86880.3
30300.7 86880.3
30303.0 86873.6
30301.9 86886.9
30296.3 86873.6
30305.2 86871.4
30298.5 86900.3
30307.4 86878.0
30303.0 86884.7
30300.7 86878.0
30304.1 86873.6
30304.1 86875.8
30301.9 86875.8
30299.6 86858.0
30298.5 86875.8
30297.4 86869.1
30305.2 86878.0
30306.3 86875.8
30299.6 86858.0
30307.4 86884.7
30305.2 86900.3
30301.9 86882.5
30306.3 86891.4
30304.1 86866.9
30301.9 86866.9
30307.4 86860.2
30303.0 86900.3
30298.5 86846.9
30295.2 86871.4
30305.2 86880.3
30298.5 86862.5
30303.0 86855.8
30306.3 86878.0
30300.7 86873.6
30304.1 86875.8
30304.1 86884.7
30304.1 86871.4
30299.6 86858.0
30299.6 86866.9
30300.7 86862.5
30301.9 86880.3
30301.9 86853.6
30300.7 86864.7
30301.9 86873.6
30305.2 86869.1
30299.6 86866.9
30301.9 86858.0
30305.2 86871.4
30299.6 86860.2
30301.9 86871.4
30303.0 86862.5
30303.0 86864.7
30301.9 86862.5
30300.7 86866.9
30308.5 86875.8
30300.7 86860.2
30304.1 86862.5
30304.1 86875.8
30299.6 86869.1
30307.4 86900.3
30305.2 86866.9
30306.3 86864.7
30301.9 86866.9
30297.4 86866.9
30300.7 86866.9
30294.1 86864.7
30309.7 86875.8
30308.5 86862.5
30301.9 86875.8
30298.5 86869.1
30376.4 87316.6
30815.0 87875.5
29147.5 90157.5
29135.2 90179.8
29139.7 90175.3
29145.3 90177.6
29038.4 90253.3
25536.3 94191.7
24266.1 94216.2
21290.5 94098.2
19974.8 96375.8
17765.1 98508.7
16988.0 100054.0
19934.7 101200.0
21468.7 101599.0
21513.2 101419.0
21462.0 101379.0
21144.7 101971.0
21301.7 104175.0
18839.3 105994.0
16994.7 105938.0
14116.0 105985.0
13375.7 107450.0
13372.4 110197.0
13154.2 112896.0
13516.0 116291.0
13649.6 116124.0
13636.2 116131.0
13639.6 116126.0
13640.7 116128.0
13638.4 116131.0
13639.6 116133.0
13634.0 116128.0
13635.1 116122.0
13374.6 116180.0
13362.4 116200.0
13360.1 116209.0
13379.1 116177.0
13383.5 116193.0
13375.7 116180.0
13373.5 116182.0
13371.3 116193.0
13260.0 117279.0
14552.4 117954.0
14555.7 117945.0
14551.3 117934.0
14552.4 117972.0
14555.7 117947.0
14551.3 117945.0
14557.9 117943.0
14556.8 117954.0
14537.9 117941.0
14552.4 117965.0
14534.6 117912.0
14897.5 117972.0
14903.0 117981.0
14899.7 117976.0
14897.5 117983.0
14895.2 117974.0
14891.9 117970.0
14898.6 117994.0
14894.1 117992.0
14897.5 117992.0
14896.4 118010.0
14898.6 117992.0
14885.2 117983.0
14901.9 117996.0
14898.6 117972.0
14903.0 118001.0
14904.1 117990.0
15435.1 118337.0
15435.1 118384.0
15436.3 118324.0
15432.9 118357.0
15438.5 118370.0
15439.6 118410.0
15466.3 118562.0
15469.7 118562.0
15468.5 118566.0
15464.1 118568.0
15353.9 117014.0
15355.0 117037.0
15347.2 117026.0
15349.4 117026.0
15353.9 117017.0
15345.0 117014.0
15313.8 116696.0
15299.3 116369.0
15302.7 116360.0
15282.6 116331.0
15296.0 116342.0
15254.8 115984.0
15235.9 115730.0
15232.5 115730.0
15173.5 115089.0
15156.8 115118.0
15159.1 115140.0
15356.1 115298.0
15362.8 115287.0
15352.8 115256.0
15358.3 115311.0
15656.7 114890.0
15650.0 114882.0
15644.4 114432.0
14913.1 121674.0
5122.5 133236.0
567.311 141810.0
1269.74 143923.0
-585.959 145359.0
-593.751 145381.0
-1887.28 145590.0
-1833.85 147178.0
-3598.26 149097.0
-3646.13 149667.0
-2965.97 150052.0
-2847.97 149805.0
-2796.76 149796.0
-2652.05 149925.0
-2658.73 149558.0
-1919.57 149192.0
-1165.93 149112.0
-70.5498 149422.0
177.693 148500.0
-1070.2 148919.0
-1738.12 149130.0
-3095.1 148892.0
-2998.25 148928.0
-4297.35 148745.0
-4391.97 148749.0
-6011.67 146942.0
-6038.39 145866.0
-6287.74 143696.0
-6691.83 143598.0
-8752.36 142798.0
-8661.07 142133.0
-8205.78 141808.0
-7944.18 141652.0
-7796.12 141603.0
-7925.25 142500.0
-10326.4 144671.0
-10541.3 146418.0
-10436.6 152951.0
-10960.9 154901.0
-14329.5 155046.0
-14323.9 155079.0
-13723.9 154574.0
-13519.1 154398.0
-13143.9 154632.0
-13150.6 154629.0
-12557.3 155159.0
-12234.4 155108.0
-11965.0 156097.0
-11881.5 156197.0
-11878.2 156223.0
-11880.4 156235.0
-11874.9 156206.0
-11873.8 156259.0
-11878.2 156259.0
-11874.9 156272.0
-11820.3 156261.0
-11849.3 156228.0
-11841.5 156235.0
-11834.8 156232.0
-13550.2 155095.0
-13149.5 152862.0
-11916.1 152906.0
-9569.44 152935.0
-8538.62 152973.0
-8494.1 151884.0
-8694.47 151432.0
-8231.38 149518.0
-7825.07 149504.0
-5703.32 149333.0
-5180.11 149150.0
-3382.3 149126.0
-2518.47 149112.0
-1586.72 145425.0
-1538.85 145519.0
-1543.31 145503.0
-1536.63 145474.0
-1182.63 145392.0
-651.638 145425.0
535.028 143811.0
1208.51 143606.0
3576.28 142081.0
4443.46 139599.0
4432.32 139069.0
4175.18 136424.0
3664.22 135743.0
3943.63 134340.0
21224.9 94320.9
25231.3 93167.6
25039.8 91217.3
29418.0 84749.6
29932.3 84112.9
29568.3 83536.2
29573.8 83542.9
29579.4 83540.7
29578.3 83538.5
29834.3 83371.5
31447.3 86261.3
31438.4 86236.8
30691.5 87748.6
30726.0 87788.6
30688.1 87746.3
30693.7 87735.2
30699.3 87750.8
30694.8 87753.0
30698.2 87746.3
30699.3 87770.8
30698.2 87748.6
30692.6 87755.2
30691.5 87750.8
30694.8 87761.9
30688.1 87766.4
30688.1 87759.7
30691.5 87759.7
30685.9 87759.7
30698.2 87757.5
30692.6 87753.0
30701.5 87746.3
30699.3 87757.5
30692.6 87753.0
30698.2 87753.0
30684.8 87746.3
30692.6 87757.5
30690.4 87757.5
30693.7 87755.2
30691.5 87755.2
30694.8 87770.8
30700.4 87757.5
30687.0 87750.8
30699.3 87766.4
30692.6 87755.2
30690.4 87759.7
30687.0 87757.5
30695.9 87764.1
30691.5 87739.7
30689.3 87764.1
30691.5 87766.4
30685.9 87735.2
30693.7 87759.7
85086.6 87746.3
30688.1 87746.3
30690.4 87750.8
30692.6 87744.1
30691.5 87753.0
30689.3 87755.2
30688.1 87753.0
30689.3 87750.8
30689.3 87733.0
30700.4 87766.4
30693.7 87737.4
30685.9 87753.0
30688.1 87730.8
30693.7 87757.5
30689.3 87764.1
30688.1 87757.5
30690.4 87757.5
30687.0 87750.8
30694.8 87748.6
30703.7 87764.1
30685.9 87744.1
30693.7 87748.6
30699.3 87746.3
30690.4 87761.9
30683.7 87757.5
30693.7 87748.6
30690.4 87750.8
30698.2 87733.0
30692.6 87755.2
30681.5 87750.8
30683.7 87748.6
30682.6 87744.1
30684.8 87748.6
30681.5 87744.1
30677.0 87764.1
30685.9 87759.7
30654.7 87768.6
30645.8 87761.9
30691.5 87750.8
30694.8 87761.9
30690.4 87757.5
30689.3 87750.8
30690.4 87755.2
30687.0 87753.0
30683.7 87741.9
30692.6 87761.9
30684.8 87746.3
30678.1 87741.9
30688.1 87768.6
30684.8 87764.1
30708.2 87741.9
30703.7 87748.6
30697.0 87741.9
30701.5 87746.3
30689.3 87759.7
30699.3 87761.9
30694.8 87748.6
30681.5 87750.8
30682.6 87750.8
30682.6 87755.2
30684.8 87750.8
30693.7 87753.0
30685.9 87746.3
30691.5 87748.6
30687.0 87724.1
30663.6 87706.3
30680.3 87744.1
30681.5 87744.1
30678.1 87746.3
30679.2 87753.0
30670.3 87759.7
30675.9 87750.8
30678.1 87757.5
30685.9 87755.2
30690.4 87761.9
30692.6 87755.2
30683.7 87735.2
30687.0 87755.2
30698.2 87777.5
30695.9 87775.3
30685.9 87739.7
30693.7 87764.1
30689.3 87759.7
30691.5 87759.7
30695.9 87766.4
30689.3 87748.6
30691.5 87748.6
30682.6 87733.0
30682.6 87737.4
30692.6 87757.5
30687.0 87764.1
30683.7 87759.7
30687.0 87757.5
30679.2 87744.1
30688.1 87757.5
30688.1 87750.8
30684.8 87750.8
30698.2 87761.9
30692.6 87755.2
30689.3 87757.5
30693.7 87755.2
30692.6 87755.2
30693.7 87748.6
30675.9 87728.5
30682.6 87739.7
30688.1 87728.5
30678.1 87724.1
30700.4 87761.9
30689.3 87746.3
30698.2 87757.5
30695.9 87757.5
30695.9 87755.2
30697.0 87757.5
30691.5 87755.2
30684.8 87748.6
30692.6 87764.1
30690.4 87753.0
30701.5 87757.5
30699.3 87761.9
30683.7 87733.0
30687.0 87733.0
30405.4 91911.9
30308.5 93668.5
25783.4 94189.5
24970.8 94189.5
21515.4 94140.5
20924.3 95140.2
16415.9 100341.0
15622.2 101686.0
12570.9 107628.0
12402.8 109097.0
11866.2 115598.0
11726.0 117255.0
9355.98 122625.0
9194.57 123282.0
7619.4 128117.0
7057.24 129424.0
4723.98 133721.0
4248.65 134567.0
3323.58 133445.0
2583.31 132506.0
2587.76 132490.0
2576.63 130978.0
5021.2 131361.0
5273.9 132708.0
10784.2 126388.0
12112.3 125535.0
13727.5 124045.0
15572.1 118969.0
15404.0 116859.0
15593.2 114218.0
15240.3 114418.0
14692.6 117941.0
14045.9 117818.0
13337.9 116327.0
13619.5 116266.0
13479.3 116077.0
13483.7 116075.0
13481.5 116091.0
13484.8 116088.0
13219.9 116883.0
13473.7 117667.0
15412.9 117934.0
15421.8 117909.0
15427.3 117909.0
15425.1 117927.0
15425.1 117914.0
15419.6 117927.0
15418.4 117921.0
15421.8 117909.0
15467.4 118482.0
15146.8 118666.0
14426.6 118506.0
12888.2 115291.0
12684.4 114639.0
12347.1 109932.0
12385.0 109471.0
14051.4 104386.0
14484.5 103652.0
18652.3 97667.1
18799.2 97440.0
19283.5 97057.1
23322.1 94263.0
23327.7 94260.8
27556.7 94107.1
27527.8 92595.4
29547.1 90175.3
30386.5 87013.9
30317.4 86884.7
30310.8 86882.5
30306.3 86875.8
30307.4 86871.4
30305.2 86869.1
30306.3 86880.3
30305.2 86878.0
30307.4 86880.3
30304.1 86869.1
30301.9 86875.8
30301.9 86864.7
30298.5 86866.9
30308.5 86871.4
30306.3 86884.7
30308.5 86875.8
30307.4 86869.1
30313.0 86864.7
30309.7 86871.4
30295.2 86882.5
30299.6 86873.6
30293.0 86886.9
30293.0 86891.4
30301.9 86884.7
30304.1 86889.2
30303.0 86884.7
30306.3 86864.7
30304.1 86869.1
30306.3 86866.9
30300.7 86882.5
30297.4 86880.3
30311.9 86871.4
30300.7 86882.5
30298.5 86889.2
30305.2 86880.3
30298.5 86884.7
30301.9 86880.3
30297.4 86898.1
30567.9 86824.6
30591.3 86795.7
30566.8 86844.6
30566.8 86875.8
30595.7 86744.5
30585.7 86775.6
30581.3 86809.0
30589.1 86775.6
30582.4 86771.2
30584.6 86775.6
30574.6 86860.2
30584.6 86840.2
30573.5 86831.3
30576.8 86811.3
30594.6 86838.0
30566.8 86813.5
30569.0 86826.8
30567.9 86795.7
30574.6 86815.7
30572.4 86833.5
30569.0 86829.1
30581.3 86833.5
30572.4 86824.6
30576.8 86829.1
30575.7 86831.3
30570.1 86824.6
30576.8 86822.4
30582.4 86851.3
30588.0 86846.9
30576.8 86844.6
30567.9 86855.8
30572.4 86855.8
30570.1 86844.6
30571.3 86849.1
30573.5 86844.6
30567.9 86849.1
30567.9 86851.3
30572.4 86826.8
30575.7 86842.4
30569.0 86831.3
30576.8 86829.1
30575.7 86838.0
30567.9 86826.8
30571.3 86842.4
30580.2 86820.2
30582.4 86829.1
30575.7 86844.6
30581.3 86838.0
30589.1 86789.0
30580.2 86811.3
30584.6 86780.1
30586.8 86777.9
30584.6 86791.2
30586.8 86780.1
30581.3 86791.2
30580.2 86786.8
30567.9 86784.5
30579.0 86795.7
30579.0 86797.9
30574.6 86795.7
30581.3 86800.1
30583.5 86786.8
30580.2 86786.8
30583.5 86789.0
30577.9 86789.0
30588.0 86780.1
30584.6 86782.3
30577.9 86797.9
30574.6 86800.1
30577.9 86811.3
30577.9 86786.8
30574.6 86809.0
30574.6 86806.8
30576.8 86809.0
30575.7 86840.2
30574.6 86829.1
30577.9 86829.1
30572.4 86842.4
30562.3 86804.6
30575.7 86817.9
30577.9 86829.1
30560.1 86806.8
30573.5 86838.0
30569.0 86840.2
30579.0 86842.4
30561.2 86815.7
30565.7 86820.2
30566.8 86811.3
30571.3 86820.2
30566.8 86797.9
30562.3 86806.8
30562.3 86815.7
30569.0 86835.7
30560.1 86820.2
30565.7 86838.0
30569.0 86804.6
30564.6 86831.3
30565.7 86804.6
30573.5 86800.1
30572.4 86804.6
30574.6 86824.6
30570.1 86826.8
30576.8 86813.5
30574.6 86802.3
30580.2 86802.3
30585.7 86809.0
30584.6 86811.3
30577.9 86782.3
30585.7 86789.0
30575.7 86793.4
30577.9 86791.2
30582.4 86793.4
30584.6 86784.5
30585.7 86797.9
30580.2 86782.3
30572.4 86789.0
30576.8 86842.4
30575.7 86784.5
30306.3 86864.7
30313.0 86880.3
30301.9 86864.7
30293.0 86860.2
30304.1 86882.5
30306.3 86873.6
30304.1 86871.4
30300.7 86871.4
30307.4 86882.5
30308.5 86869.1
30305.2 86864.7
30310.8 86893.6
30304.1 86882.5
30310.8 86882.5
30307.4 86882.5
30308.5 86884.7
30310.8 86875.8
30305.2 86878.0
30301.9 86871.4
30306.3 86869.1
30304.1 86866.9
30300.7 86871.4
30301.9 86882.5
30300.7 86878.0
30303.0 86882.5
30306.3 86880.3
30310.8 86873.6
30300.7 86869.1
30300.7 86873.6
30305.2 86864.7
30303.0 86878.0
30305.2 86882.5
30304.1 86878.0
30306.3 86884.7
30304.1 86869.1
30299.6 86864.7
30305.2 86858.0
30298.5 86893.6
30304.1 86869.1
30308.5 86858.0
30308.5 86869.1
30296.3 86871.4
30300.7 86862.5
30299.6 86878.0
30303.0 86864.7
30303.0 86886.9
30307.4 86871.4
30305.2 86878.0
30314.1 86864.7
30308.5 86869.1
30306.3 86858.0
30304.1 86878.0
30303.0 86873.6
30307.4 86869.1
30310.8 86871.4
30305.2 86889.2
30307.4 86873.6
30307.4 86882.5
30313.0 86871.4
30307.4 86880.3
30303.0 86878.0
30308.5 86871.4
30309.7 86878.0
30307.4 86873.6
30310.8 86869.1
30308.5 86871.4
30308.5 86878.0
30304.1 86871.4
30305.2 86875.8
30304.1 86875.8
30307.4 86873.6
30305.2 86871.4
30304.1 86875.8
30309.7 86871.4
30311.9 86866.9
30305.2 86882.5
30308.5 86880.3
30305.2 86878.0
30308.5 86878.0
30298.5 86884.7
30301.9 86880.3
30299.6 86880.3
30301.9 86864.7
30301.9 86871.4
30303.0 86869.1
30303.0 86873.6
30298.5 86873.6
30304.1 86869.1
30301.9 86875.8
30295.2 86875.8
30294.1 86882.5
30301.9 86878.0
30298.5 86873.6
30296.3 86875.8
30298.5 86878.0
30297.4 86866.9
30297.4 86875.8
30306.3 86878.0
30311.9 86882.5
30303.0 86873.6
30297.4 86886.9
30309.7 86873.6
30318.6 86866.9
30308.5 86875.8
30309.7 86873.6
30306.3 86873.6
30304.1 86880.3
30306.3 86875.8
30301.9 86869.1
30303.0 86864.7
30293.0 86860.2
30294.1 86871.4
30298.5 86873.6
30299.6 86871.4
30305.2 86880.3
30295.2 86864.7
30299.6 86873.6
30306.3 86866.9
30304.1 86878.0
30298.5 86880.3
60404.9 114056.0
30301.9 86873.6
30304.1 86878.0
30304.1 86871.4
30314.1 86882.5
30309.7 86869.1
30309.7 86878.0
30305.2 86871.4
30301.9 86880.3
30296.3 86880.3
30297.4 86882.5
30304.1 86878.0
30308.5 86880.3
30304.1 86891.4
30309.7 86884.7
30306.3 86884.7
30299.6 86893.6
30304.1 86884.7
30301.9 86882.5
30309.7 86873.6
30300.7 86882.5
30305.2 86873.6
30307.4 86871.4
30306.3 86878.0
30303.0 86880.3
30305.2 86871.4
30301.9 86875.8
30299.6 86886.9
30300.7 86878.0
30307.4 86882.5
30303.0 86871.4
30303.0 86878.0
30304.1 86869.1
30303.0 86869.1
30305.2 86871.4
30306.3 86878.0
30306.3 86869.1
30308.5 86873.6
30306.3 172196.0
30308.5 86869.1
30303.0 86880.3
30307.4 86875.8
30309.7 86889.2
30309.7 86871.4
30313.0 86884.7
30310.8 86873.6
30307.4 86866.9
30305.2 86891.4
30309.7 86882.5
30309.7 86878.0
30304.1 86871.4
30298.5 86869.1
30307.4 86862.5
30307.4 86869.1
30304.1 86873.6
30296.3 86878.0
30298.5 86862.5
30317.4 86849.1
30306.3 86875.8
30307.4 86878.0
30306.3 86862.5
30303.0 86862.5
30307.4 86873.6
30295.2 86902.5
30298.5 86884.7
30296.3 86873.6
30295.2 86878.0
30304.1 86862.5
30299.6 86873.6
30297.4 86866.9
30298.5 86875.8
30301.9 86880.3
30297.4 86862.5
30299.6 86873.6
30304.1 86871.4
30303.0 86886.9
30306.3 86882.5
30303.0 86873.6
30295.2 86878.0
30300.7 86873.6
30301.9 86875.8
30303.0 86860.2
30301.9 86875.8
30300.7 86873.6
30303.0 86871.4
30306.3 86871.4
30308.5 86886.9
30296.3 86875.8
30299.6 86878.0
30300.7 86866.9
30301.9 86875.8
30306.3 86880.3
30307.4 86891.4
30304.1 86875.8
30298.5 86860.2
30303.0 86866.9
30303.0 86878.0
30303.0 86871.4
30299.6 86882.5
30301.9 86869.1
30305.2 86875.8
30301.9 86873.6
30303.0 86866.9
30301.9 86871.4
30307.4 86855.8
30298.5 86860.2
30304.1 86866.9
30301.9 86864.7
30301.9 86869.1
30300.7 86855.8
30301.9 86864.7
30299.6 86864.7
30303.0 86869.1
30304.1 86875.8
30303.0 86873.6
30304.1 86880.3
30308.5 86873.6
30307.4 86869.1
30301.9 86869.1
30298.5 86866.9
30300.7 86864.7
30306.3 86871.4
30300.7 86869.1
30299.6 86880.3
30300.7 86873.6
30295.2 86875.8
30300.7 86882.5
30295.2 86873.6
30298.5 86884.7
30303.0 86882.5
30295.2 86889.2
30301.9 86886.9
30616.9 88579.0
30549.0 89313.7
27718.1 90640.6
27384.2 91128.2
23974.5 94209.5
23410.1 94218.5
21125.8 94490.1
20621.5 95687.9
15212.5 102387.0
14303.0 103919.0
12059.9 113259.0
11914.1 115006.0
9500.7 122017.0
9350.42 122609.0
7775.25 127657.0
7215.31 129142.0
4711.74 130415.0
4720.64 130408.0
4712.85 130397.0
4718.41 130400.0
4708.4 130417.0
4718.41 130411.0
3983.71 131070.0
3361.43 130932.0
3125.43 131502.0
3136.56 131502.0
3154.38 131517.0
3162.17 131533.0
3145.47 131513.0
3126.55 131553.0
3138.79 131542.0
3123.21 131542.0
3158.83 131513.0
3161.06 131515.0
3129.89 131542.0
3133.23 131539.0
3124.32 131535.0
3143.24 131513.0
2478.67 133410.0
2262.71 133817.0
-362.207 135371.0
-1526.61 134636.0
-8054.38 134823.0
-7788.33 136475.0
-7938.61 143549.0
-7934.16 143551.0
-7937.5 143546.0
-7675.9 143702.0
-1961.87 143606.0
-1871.7 144820.0
-720.656 146307.0
-710.637 146968.0
1217.42 147950.0
1259.72 149086.0
1214.08 158512.0
1194.04 160300.0
2453.06 160894.0
2899.45 160910.0
3335.83 161667.0
3027.47 161533.0
1227.44 158882.0
1241.91 157127.0
1286.43 148692.0
1288.66 147144.0
-956.653 139728.0
-1802.68 139005.0
-7466.62 139312.0
-8498.55 139354.0
-13866.4 139512.0
-14751.4 139848.0
-16700.6 141244.0
-17349.6 141471.0
-17920.6 141596.0
-18517.3 140732.0
-18481.7 141155.0
-16817.5 140795.0
-16862.0 140412.0
-16487.9 137878.0
-16296.5 137715.0
-15221.1 137617.0
-14513.1 137577.0
-12926.8 139390.0
-12451.5 139492.0
-6918.92 139321.0
-6131.9 139269.0
-3183.04 139158.0
-2836.84 139387.0
-2407.15 139966.0
-2584.14 139997.0
-2583.03 139982.0
-2610.86 140020.0
-932.163 139830.0
-276.491 140679.0
1444.51 144740.0
1945.45 144691.0
3308.0 142253.0
3664.22 142006.0
3615.24 141843.0
3619.69 141854.0
3616.35 141816.0
3618.58 141836.0
3609.67 141816.0
3614.13 141830.0
3618.58 141808.0
3610.79 141801.0
3615.24 141792.0
3618.58 141801.0
3621.92 141803.0
3606.33 141819.0
3634.16 141908.0
3633.05 141914.0
3629.71 141888.0
3631.94 141863.0
3637.5 141899.0
3635.28 141888.0
3631.94 141903.0
3631.94 141897.0
3628.6 141917.0
3635.28 141899.0
3638.62 141899.0
3636.39 141894.0
3626.37 141914.0
3640.84 141879.0
3634.16 141914.0
3637.5 141874.0
3633.05 141892.0
3639.73 141883.0
3649.75 141885.0
3631.94 141897.0
3639.73 141883.0
3634.16 141897.0
3643.07 141881.0
3639.73 141885.0
3639.73 141910.0
3647.52 141890.0
3631.94 141899.0
3628.6 141912.0
3627.48 141930.0
3428.22 142139.0
1996.65 142157.0
1961.03 141449.0
1973.28 141966.0
1979.96 141843.0
3473.86 137161.0
3060.87 136580.0
3793.35 134349.0
3786.67 134256.0
2292.76 133730.0
2008.9 133009.0
1708.34 129645.0
1666.03 129329.0
1444.51 129683.0
1853.05 129700.0
3640.84 132891.0
3609.67 133824.0
3035.26 133216.0
2902.79 132944.0
2567.72 130404.0
2545.46 129745.0
2008.9 129656.0
2559.93 129678.0
2224.86 133837.0
1942.11 134293.0
1962.14 134351.0
2272.73 133951.0
2671.25 133683.0
2505.38 133392.0
2038.95 133260.0
2028.94 133280.0
1770.67 134777.0
1334.3 135391.0
568.424 136415.0
867.874 137010.0
4416.74 144257.0
4415.63 146173.0
4720.64 152939.0
5173.71 152715.0
4382.23 153492.0
4375.55 153489.0
4108.38 154344.0
3861.25 154351.0
2589.99 153572.0
3817.84 154453.0
3807.82 154458.0
3812.27 154445.0
3817.84 154418.0
3816.73 154402.0
3830.09 154418.0
3802.26 154445.0
3825.63 154342.0
3828.97 154335.0
3572.94 154393.0
3059.75 154427.0
1334.3 155972.0
1309.81 155972.0
1269.74 156918.0
1221.87 156226.0
1179.57 159225.0
1168.44 160189.0
618.518 160280.0
614.065 160295.0
-578.167 157274.0
-670.562 155914.0
