84717.1 -27562.8
92621.9 -26805.9
95371.4 -28740.6
96646.1 -29927.3
99001.6 -40139.7
100182.0 -48234.9
104176.0 -52485.1
114793.0 -56875.5
121495.0 -62746.5
126493.0 -64026.7
138008.0 -63735.0
145109.0 -66449.0
148022.0 -78088.5
149635.0 -80648.9
152732.0 -92379.7
152643.0 -99956.1
151183.0 -105239.0
149951.0 -119824.0
150290.0 -125747.0
151352.0 -125417.0
151759.0 -125359.0
79618.6 -23938.3
79711.0 -14694.3
82449.5 -9889.76
82175.6 -8046.31
79402.7 2039.23
77355.5 9457.56
76542.9 11131.8
71839.6 16889.3
67494.8 22506.4
62546.7 33446.9
57441.6 41557.7
55865.3 41357.3
49323.0 45725.5
45515.9 49236.5
43383.0 52571.6
41402.6 59720.5
41028.6 61466.0
38880.1 71827.6
36747.3 77569.5
35669.7 78867.5
30881.8 87606.1
29131.9 94245.2
28516.3 94298.6
24921.8 94205.1
23642.7 101200.0
23111.7 101750.0
23072.8 104729.0
22587.4 106009.0
22587.4 106012.0
22399.3 105272.0
22835.7 105052.0
23001.5 104896.0
23329.9 107946.0
24191.5 108853.0
24302.9 108795.0
24380.8 106123.0
24381.9 106221.0
24292.8 106292.0
23398.9 106087.0
18052.3 105954.0
15313.8 111092.0
14897.5 112343.0
15587.6 119964.0
12714.5 124978.0
11024.7 126185.0
4366.65 134587.0
-1404.16 143480.0
-1979.68 143526.0
-1880.6 145201.0
-1836.08 148959.0
-1709.17 149157.0
-962.219 149497.0
-1115.84 148126.0
-1106.93 148331.0
-1848.32 146098.0
-1848.32 144588.0
-768.523 139991.0
-3217.55 134725.0
-4358.58 134772.0
-8433.98 134973.0
-10728.3 135111.0
-11654.5 137508.0
-11311.6 138085.0
-10828.5 138308.0
-7459.94 139350.0
-3652.81 139165.0
-3646.13 139167.0
-5526.32 134848.0
-11186.9 135182.0
-17287.2 132780.0
-17528.8 132027.0
-18723.2 132742.0
-17892.8 132530.0
-15648.6 135534.0
-9504.88 135137.0
-9011.73 135153.0
-8952.73 137822.0
-9404.69 141596.0
-10190.6 143281.0
-10561.3 146309.0
-10564.6 146356.0
-11422.9 147309.0
-11735.7 150401.0
-11558.7 151568.0
-8645.49 147278.0
-7897.42 147204.0
-6189.78 147089.0
-5817.98 145443.0
-4988.64 145441.0
-4643.55 145450.0
-1542.19 145430.0
-1539.97 145432.0
1245.25 145742.0
1985.52 147004.0
2327.27 146986.0
2736.93 146245.0
1316.49 143840.0
678.63 143693.0
233.352 142996.0
233.352 143001.0
228.9 143001.0
231.126 142994.0
-30.4748 143355.0
-1151.46 145359.0
-1440.89 145365.0
-1788.21 147398.0
-1744.79 149555.0
-1743.68 149736.0
-1651.29 152007.0
-2850.2 153371.0
-2860.22 152937.0
-1611.21 152189.0
-1278.37 149119.0
-1141.44 149161.0
-1089.12 148409.0
-44.9463 147022.0
-42.7199 147022.0
22.9586 145341.0
-32.7012 145314.0
-500.243 145334.0
-1906.21 145423.0
-3591.59 147008.0
-3696.23 146739.0
-3803.09 145989.0
-3714.04 146149.0
-3704.02 146530.0
-2941.48 147046.0
-2643.14 150657.0
-2656.5 150980.0
-2601.95 153267.0
-2191.19 153463.0
-1616.78 153403.0
-1248.31 156025.0
-1234.95 155317.0
-1720.3 154304.0
-2617.54 153418.0
-2560.77 153305.0
-1725.87 150177.0
-1821.61 146354.0
-1834.96 145365.0
-5638.75 143600.0
-7887.4 142280.0
-8057.72 141587.0
-9606.18 139497.0
-8874.81 140732.0
-8871.47 143704.0
-9310.07 144036.0
-10572.4 145205.0
-10566.9 149235.0
-12876.7 150918.0
-13132.8 152067.0
-14361.7 153924.0
-14361.7 154318.0
-14148.0 155075.0
-13501.2 152997.0
-13438.9 155233.0
-11294.9 156967.0
-11279.3 158706.0
-7438.79 164080.0
-6647.31 164091.0
-3253.17 164083.0
-2423.84 165487.0
-2236.83 166569.0
-3098.44 167313.0
-3358.93 167324.0
-3966.73 166149.0
-3151.87 163334.0
-3167.46 162397.0
-2871.35 158096.0
-1970.77 156860.0
-2273.56 156613.0
-3387.87 154280.0
-2242.39 152677.0
-1998.6 153044.0
-286.51 155938.0
2553.25 155950.0
1286.43 153852.0
1293.11 152454.0
1293.11 143244.0
-1069.09 141215.0
503.859 141242.0
2307.23 138123.0
4201.89 134725.0
4859.79 133503.0
8364.13 125960.0
9681.04 121374.0
10865.5 119219.0
12629.9 107421.0
19303.5 106036.0
20293.1 106070.0
23093.9 105825.0
22596.3 105989.0
22604.1 105998.0
22600.8 106018.0
22470.5 106007.0
23905.4 108107.0
24234.9 108859.0
24381.9 106194.0
24379.7 106221.0
24379.7 106283.0
14653.7 112847.0
15416.2 117342.0
12196.9 125459.0
8737.05 127824.0
3958.1 135331.0
-1978.57 143464.0
-1868.36 145283.0
-1831.62 145109.0
-1164.82 142542.0
-593.751 143146.0
-1122.52 144528.0
-657.203 144448.0
-1838.3 146784.0
-1751.47 150070.0
-3884.36 152189.0
-3385.64 151076.0
-2595.28 152559.0
-1260.56 154640.0
-569.261 157929.0
-3186.38 160914.0
-5596.45 164448.0
-5290.32 165067.0
-5290.32 165020.0
-5259.15 165229.0
-5286.98 165035.0
-5618.71 162315.0
-5406.09 160627.0
-8438.44 160344.0
-8423.96 157036.0
-8459.59 153532.0
-8482.96 152122.0
-8232.49 152844.0
-7815.05 151788.0
-8308.19 152060.0
-9178.71 152893.0
-9992.46 152897.0
-11100.1 154923.0
-10163.9 156925.0
-10137.2 156927.0
-10139.4 156927.0
-9658.5 157165.0
-9642.91 157468.0
-9635.12 157009.0
-10776.1 156658.0
-11198.0 156390.0
-12001.8 154168.0
-12863.4 150976.0
-12851.1 149480.0
-12560.6 149867.0
-12690.8 149522.0
-11903.8 149339.0
-10443.3 148948.0
-10576.9 141890.0
-10352.0 139465.0
-7240.64 139948.0
-7749.37 139143.0
-9419.16 130491.0
-10061.5 130357.0
-11843.7 130484.0
-11814.8 130497.0
-11819.2 130495.0
-11823.7 130500.0
-11819.2 130489.0
-11831.5 130497.0
-11844.8 130475.0
-11844.8 130464.0
-11838.1 130480.0
-12032.9 130546.0
-12451.5 132031.0
-12621.8 133819.0
-13060.4 133781.0
-13015.9 135676.0
-15214.5 140162.0
-15488.3 140476.0
-15284.6 140320.0
-10720.5 141267.0
-10514.5 147042.0
-10491.2 148832.0
-10350.9 150217.0
-9411.37 151156.0
-8801.34 150900.0
-9016.18 150782.0
-9956.83 151410.0
-11547.6 151784.0
-11459.6 152381.0
-10837.4 151702.0
-10338.7 150346.0
-10363.1 149782.0
-7875.16 141863.0
-7374.22 140514.0
-4764.89 141743.0
-4712.57 143495.0
-184.096 142865.0
1244.13 142919.0
1435.6 142658.0
1541.36 147710.0
1411.11 153507.0
1313.15 158111.0
1946.56 160429.0
1241.91 159233.0
1248.59 154665.0
283.446 152630.0
-759.617 152623.0
-3480.27 152659.0
-3814.22 152452.0
-3660.6 152216.0
-3321.08 152670.0
-660.543 152632.0
424.822 152643.0
7983.42 152672.0
7951.13 150913.0
7602.7 150441.0
6890.26 150876.0
5883.93 150940.0
5403.03 150967.0
3092.04 151152.0
3096.49 152465.0
2907.25 153336.0
1431.15 152739.0
3217.83 152724.0
3550.67 152621.0
3053.08 152617.0
2573.29 152516.0
3055.3 152267.0
4431.21 146436.0
3456.05 140334.0
982.533 137094.0
-3682.87 133492.0
-3392.32 131851.0
-3598.26 131909.0
-4759.33 133381.0
-4759.33 133298.0
-4707.01 133601.0
-7761.61 134950.0
-9396.9 130647.0
-10900.8 126701.0
-14850.4 116327.0
-12747.6 114510.0
-11145.7 113753.0
-10319.7 112784.0
-10337.5 112746.0
-12828.9 114483.0
-12838.9 116634.0
-13168.4 120991.0
-12445.9 122870.0
-12108.6 123564.0
-11793.6 123355.0
-10291.9 125410.0
-8746.79 124642.0
-7764.95 125417.0
-4899.59 124818.0
-3474.7 125001.0
-905.446 125052.0
1887.56 127666.0
2769.21 126766.0
6088.76 127042.0
8043.53 126724.0
9204.59 123426.0
9347.08 122747.0
10202.0 119938.0
11754.9 117112.0
12638.8 107370.0
13396.9 105831.0
13776.5 106021.0
20382.2 106063.0
22587.4 106018.0
23199.7 106900.0
23951.1 108781.0
24202.7 108855.0
23906.6 108162.0
23850.9 107904.0
23947.7 108772.0
23840.9 107904.0
23708.4 107904.0
23827.5 107902.0
23525.8 109805.0
24426.4 110044.0
24133.6 108839.0
24133.6 108029.0
23100.6 105199.0
23095.0 104979.0
23069.4 104239.0
23024.9 100711.0
23376.7 93510.5
22796.7 92749.0
23348.8 93007.3
23390.0 90892.2
23393.4 89930.4
22837.9 84622.7
22679.8 85671.3
22684.3 85557.8
22853.5 83687.6
20860.9 79005.5
16709.8 78137.2
16389.2 76554.3
16386.9 76572.1
16400.3 76585.4
16384.7 76547.6
18034.5 78816.3
22348.1 80864.6
22839.0 83398.2
23370.0 93192.1
23071.7 101586.0
23085.0 105105.0
24360.7 108093.0
24356.3 108111.0
-11375.0 193965.0
24198.2 108839.0
24406.4 106397.0
24407.5 106265.0
24385.2 106185.0
24384.1 106259.0
22775.5 106058.0
22280.2 106047.0
15347.2 106976.0
15173.5 114329.0
15251.5 114670.0
9829.09 127040.0
1568.07 139628.0
1010.36 140636.0
-1892.85 145156.0
-258.68 144550.0
-343.283 144697.0
-1316.21 144194.0
-3799.75 143431.0
-3795.3 143475.0
-3522.57 143582.0
-2777.84 142141.0
-2785.63 141852.0
-3104.01 139209.0
-2792.31 142219.0
-2832.39 142469.0
-3498.08 142905.0
-3724.06 143119.0
-3799.75 143246.0
-8697.81 143860.0
-9244.39 144299.0
-9504.88 145483.0
-10395.4 145419.0
-11006.6 144773.0
-11713.5 141572.0
-12838.9 140750.0
-13288.6 140454.0
-13053.7 139423.0
-15777.7 140748.0
-17122.5 150404.0
-16229.7 150829.0
-16346.6 151034.0
-17150.3 142529.0
-17617.8 139481.0
-16612.6 137925.0
-16016.0 137604.0
-14545.4 138646.0
-14366.2 139546.0
-12817.7 141656.0
-13122.8 142923.0
-14154.7 141246.0
-16279.8 141026.0
-17000.0 139298.0
-16970.0 138448.0
-16744.0 140291.0
-15932.5 139514.0
-15857.9 140612.0
-14803.7 141877.0
-15718.7 142231.0
-15594.1 146222.0
-17238.2 155141.0
-19612.7 156330.0
-18617.5 163945.0
-16899.8 169288.0
-16539.2 169626.0
-16460.1 169622.0
-17587.8 168591.0
-18332.5 167211.0
-18314.7 163546.0
-16237.5 161907.0
-15492.8 158597.0
-15564.0 152234.0
-13913.1 145900.0
-13333.2 145998.0
-12279.0 145917.0
-14163.6 141235.0
-14319.4 139657.0
-14799.2 137335.0
-14867.1 136440.0
-13917.6 137446.0
-13869.7 139425.0
-12818.9 141603.0
-13088.3 142101.0
-12782.1 142124.0
-13020.3 142905.0
-12305.7 143932.0
-12029.6 144065.0
-13795.1 145871.0
-15609.6 145668.0
-15572.9 151755.0
-16170.7 155201.0
-14144.7 155204.0
-14366.2 155101.0
-15068.6 152868.0
-14348.4 153527.0
-14257.1 154905.0
-14504.2 155099.0
-15535.1 153109.0
-13780.7 152862.0
-8657.74 152953.0
-6592.76 152893.0
-4896.25 152781.0
-1605.65 153345.0
2326.16 153425.0
4436.78 150268.0
2389.61 138479.0
5282.8 132989.0
9323.7 127443.0
15548.7 118646.0
15878.2 114483.0
15277.1 114737.0
13217.7 116805.0
13695.2 116188.0
13576.1 115912.0
13174.2 116680.0
