3.30887e+07 1.1086e+07 3.30887e+07 1.1086e+07
3.30887e+07 1.1086e+07 3.3084e+07 1.10876e+07
3.3084e+07 1.10876e+07 3.30749e+07 1.11019e+07
3.30749e+07 1.11019e+07 3.30592e+07 1.11152e+07
3.30592e+07 1.11152e+07 3.30276e+07 1.11185e+07
3.30276e+07 1.11185e+07 3.3016e+07 1.1124e+07
3.3016e+07 1.1124e+07 3.3006e+07 1.11349e+07
3.3006e+07 1.11349e+07 3.29992e+07 1.1144e+07
3.29992e+07 1.1144e+07 3.29963e+07 1.11485e+07
3.29963e+07 1.11485e+07 3.29944e+07 1.11563e+07
3.29944e+07 1.11563e+07 3.29915e+07 1.11626e+07
3.29915e+07 1.11626e+07 3.29916e+07 1.11569e+07
3.29916e+07 1.11569e+07 3.29963e+07 1.11555e+07
3.29963e+07 1.11555e+07 3.29935e+07 1.11517e+07
3.29935e+07 1.11517e+07 3.29921e+07 1.11463e+07
3.29921e+07 1.11463e+07 3.29906e+07 1.11374e+07
3.29906e+07 1.11374e+07 3.29912e+07 1.1143e+07
3.29912e+07 1.1143e+07 3.29965e+07 1.11412e+07
3.29965e+07 1.11412e+07 3.29914e+07 1.11436e+07
3.29914e+07 1.11436e+07 3.29884e+07 1.11473e+07
3.29884e+07 1.11473e+07 3.29915e+07 1.1151e+07
3.29915e+07 1.1151e+07 3.29927e+07 1.11561e+07
3.29927e+07 1.11561e+07 3.30001e+07 1.11595e+07
3.30001e+07 1.11595e+07 3.29942e+07 1.11528e+07
3.29942e+07 1.11528e+07 3.29852e+07 1.11534e+07
3.29852e+07 1.11534e+07 3.29979e+07 1.11526e+07
3.29979e+07 1.11526e+07 3.29952e+07 1.11471e+07
3.29952e+07 1.11471e+07 3.29973e+07 1.11491e+07
3.29973e+07 1.11491e+07 3.30012e+07 1.11545e+07
3.30012e+07 1.11545e+07 3.29964e+07 1.11509e+07
3.29964e+07 1.11509e+07 3.29983e+07 1.11492e+07
3.29983e+07 1.11492e+07 3.30011e+07 1.11551e+07
3.30011e+07 1.11551e+07 3.29978e+07 1.11569e+07
3.29978e+07 1.11569e+07 3.29946e+07 1.11694e+07
3.29946e+07 1.11694e+07 3.29961e+07 1.11661e+07
3.29961e+07 1.11661e+07 3.2996e+07 1.11661e+07
3.2996e+07 1.11661e+07 3.29936e+07 1.11576e+07
3.29936e+07 1.11576e+07 3.29976e+07 1.11514e+07
3.29976e+07 1.11514e+07 3.30013e+07 1.11575e+07
3.30013e+07 1.11575e+07 3.30013e+07 1.11575e+07
3.30013e+07 1.11575e+07 3.30013e+07 1.11575e+07
3.30013e+07 1.11575e+07 3.30013e+07 1.11575e+07
3.30013e+07 1.11575e+07 3.30013e+07 1.11575e+07
3.30013e+07 1.11575e+07 3.30036e+07 1.11497e+07
3.30036e+07 1.11497e+07 3.30035e+07 1.1151e+07
3.30035e+07 1.1151e+07 3.30035e+07 1.1151e+07
3.30035e+07 1.1151e+07 3.30035e+07 1.1151e+07
3.30035e+07 1.1151e+07 3.30035e+07 1.1151e+07
3.30035e+07 1.1151e+07 3.29973e+07 1.11609e+07
3.29973e+07 1.11609e+07 3.29903e+07 1.11529e+07
3.29903e+07 1.11529e+07 3.29969e+07 1.11435e+07
3.29969e+07 1.11435e+07 3.29912e+07 1.11425e+07
3.29912e+07 1.11425e+07 3.29921e+07 1.11546e+07
3.29921e+07 1.11546e+07 3.30044e+07 1.11547e+07
3.30044e+07 1.11547e+07 3.30042e+07 1.1147e+07
3.30042e+07 1.1147e+07 3.3004e+07 1.11351e+07
3.3004e+07 1.11351e+07 3.3007e+07 1.113e+07
3.3007e+07 1.113e+07 3.30071e+07 1.11299e+07
3.30071e+07 1.11299e+07 3.30071e+07 1.113e+07
3.30071e+07 1.113e+07 3.3005e+07 1.11404e+07
3.3005e+07 1.11404e+07 3.29965e+07 1.1136e+07
3.29965e+07 1.1136e+07 3.30013e+07 1.11471e+07
3.30013e+07 1.11471e+07 3.30046e+07 1.11469e+07
3.30046e+07 1.11469e+07 3.30003e+07 1.11446e+07
3.30003e+07 1.11446e+07 3.29908e+07 1.1144e+07
3.29908e+07 1.1144e+07 3.2987e+07 1.11348e+07
3.2987e+07 1.11348e+07 3.29877e+07 1.11394e+07
3.29877e+07 1.11394e+07 3.29911e+07 1.11394e+07
3.29911e+07 1.11394e+07 3.29915e+07 1.11527e+07
3.29915e+07 1.11527e+07 3.29965e+07 1.1156e+07
3.29965e+07 1.1156e+07 3.29984e+07 1.11558e+07
3.29984e+07 1.11558e+07 3.30017e+07 1.11544e+07
3.30017e+07 1.11544e+07 3.30017e+07 1.11543e+07
3.30017e+07 1.11543e+07 3.30013e+07 1.11529e+07
3.30013e+07 1.11529e+07 3.30019e+07 1.11494e+07
3.30019e+07 1.11494e+07 3.30007e+07 1.11482e+07
3.30007e+07 1.11482e+07 3.29999e+07 1.11435e+07
3.29999e+07 1.11435e+07 3.30032e+07 1.11364e+07
3.30032e+07 1.11364e+07 3.30048e+07 1.11334e+07
3.30048e+07 1.11334e+07 3.30026e+07 1.11343e+07
3.30026e+07 1.11343e+07 3.29991e+07 1.11398e+07
3.29991e+07 1.11398e+07 3.29874e+07 1.11394e+07
3.29874e+07 1.11394e+07 3.29843e+07 1.11538e+07
3.29843e+07 1.11538e+07 3.29892e+07 1.11498e+07
3.29892e+07 1.11498e+07 3.29915e+07 1.11539e+07
3.29915e+07 1.11539e+07 3.29932e+07 1.11571e+07
3.29932e+07 1.11571e+07 3.29964e+07 1.11517e+07
3.29964e+07 1.11517e+07 3.29964e+07 1.11412e+07
3.29964e+07 1.11412e+07 3.29988e+07 1.11411e+07
3.29988e+07 1.11411e+07 3.29964e+07 1.11392e+07
3.29964e+07 1.11392e+07 3.29827e+07 1.11457e+07
3.29827e+07 1.11457e+07 3.29895e+07 1.11454e+07
3.29895e+07 1.11454e+07 3.2995e+07 1.11392e+07
3.2995e+07 1.11392e+07 3.29993e+07 1.11401e+07
3.29993e+07 1.11401e+07 3.299e+07 1.11394e+07
3.299e+07 1.11394e+07 3.29893e+07 1.11359e+07
3.29893e+07 1.11359e+07 3.2991e+07 1.11349e+07
3.2991e+07 1.11349e+07 3.29976e+07 1.11525e+07
3.29976e+07 1.11525e+07 3.29901e+07 1.11429e+07
3.29901e+07 1.11429e+07 3.29984e+07 1.11403e+07
3.29984e+07 1.11403e+07 3.29984e+07 1.11413e+07
3.29984e+07 1.11413e+07 3.29984e+07 1.11413e+07
3.29984e+07 1.11413e+07 3.29984e+07 1.11413e+07
3.29984e+07 1.11413e+07 3.29983e+07 1.11414e+07
3.29983e+07 1.11414e+07 3.29984e+07 1.11413e+07
3.29984e+07 1.11413e+07 3.29984e+07 1.11413e+07
3.29984e+07 1.11413e+07 3.29984e+07 1.11413e+07
3.29984e+07 1.11413e+07 3.29984e+07 1.11413e+07
3.29984e+07 1.11413e+07 3.29984e+07 1.11413e+07
3.29984e+07 1.11413e+07 3.29988e+07 1.11407e+07
3.29988e+07 1.11407e+07 3.30012e+07 1.11526e+07
3.30012e+07 1.11526e+07 3.30012e+07 1.11484e+07
3.30012e+07 1.11484e+07 3.29862e+07 1.11493e+07
3.29862e+07 1.11493e+07 3.29847e+07 1.11491e+07
3.29847e+07 1.11491e+07 3.29882e+07 1.11494e+07
3.29882e+07 1.11494e+07 3.29903e+07 1.11473e+07
3.29903e+07 1.11473e+07 3.29922e+07 1.11374e+07
3.29922e+07 1.11374e+07 3.30006e+07 1.11293e+07
3.30006e+07 1.11293e+07 3.30069e+07 1.11303e+07
3.30069e+07 1.11303e+07 3.3007e+07 1.11307e+07
3.3007e+07 1.11307e+07 3.3007e+07 1.11307e+07
3.3007e+07 1.11307e+07 3.3007e+07 1.11321e+07
3.3007e+07 1.11321e+07 3.30059e+07 1.11385e+07
3.30059e+07 1.11385e+07 3.30044e+07 1.11454e+07
3.30044e+07 1.11454e+07 3.29998e+07 1.11425e+07
3.29998e+07 1.11425e+07 3.29974e+07 1.11509e+07
3.29974e+07 1.11509e+07 3.29969e+07 1.11518e+07
3.29969e+07 1.11518e+07 3.30005e+07 1.11416e+07
3.30005e+07 1.11416e+07 3.30161e+07 1.11206e+07
3.30161e+07 1.11206e+07 3.30071e+07 1.11321e+07
3.30071e+07 1.11321e+07 3.2994e+07 1.11436e+07
3.2994e+07 1.11436e+07 3.29938e+07 1.11455e+07
3.29938e+07 1.11455e+07 3.29953e+07 1.11471e+07
3.29953e+07 1.11471e+07 3.30009e+07 1.1147e+07
3.30009e+07 1.1147e+07 3.3005e+07 1.11406e+07
3.3005e+07 1.11406e+07 3.30124e+07 1.11373e+07
3.30124e+07 1.11373e+07 3.30141e+07 1.1132e+07
3.30141e+07 1.1132e+07 3.30141e+07 1.11319e+07
3.30141e+07 1.11319e+07 3.30141e+07 1.11319e+07
3.30141e+07 1.11319e+07 3.30141e+07 1.11319e+07
3.30141e+07 1.11319e+07 3.30141e+07 1.1132e+07
3.30141e+07 1.1132e+07 3.30141e+07 1.11319e+07
3.30141e+07 1.11319e+07 3.3014e+07 1.11319e+07
3.3014e+07 1.11319e+07 3.3014e+07 1.1132e+07
3.3014e+07 1.1132e+07 3.30141e+07 1.1132e+07
3.30141e+07 1.1132e+07 3.30122e+07 1.11276e+07
3.30122e+07 1.11276e+07 3.30122e+07 1.11276e+07
3.30122e+07 1.11276e+07 3.30122e+07 1.11276e+07
3.30122e+07 1.11276e+07 3.30122e+07 1.11276e+07
3.30122e+07 1.11276e+07 3.3014e+07 1.1132e+07
3.3014e+07 1.1132e+07 3.3014e+07 1.1132e+07
3.3014e+07 1.1132e+07 3.3014e+07 1.1132e+07
3.3014e+07 1.1132e+07 3.3014e+07 1.1132e+07
3.3014e+07 1.1132e+07 3.3014e+07 1.1132e+07
3.3014e+07 1.1132e+07 3.3014e+07 1.11319e+07
3.3014e+07 1.11319e+07 3.3014e+07 1.1132e+07
3.3014e+07 1.1132e+07 3.3014e+07 1.1132e+07
3.3014e+07 1.1132e+07 3.3014e+07 1.1132e+07
3.3014e+07 1.1132e+07 3.3014e+07 1.11319e+07
3.3014e+07 1.11319e+07 3.3014e+07 1.1132e+07
3.3014e+07 1.1132e+07 3.3014e+07 1.1132e+07
3.3014e+07 1.1132e+07 3.30074e+07 1.11294e+07
3.30074e+07 1.11294e+07 3.3007e+07 1.11306e+07
3.3007e+07 1.11306e+07 3.30036e+07 1.11419e+07
3.30036e+07 1.11419e+07 3.30026e+07 1.11438e+07
3.30026e+07 1.11438e+07 3.29992e+07 1.11422e+07
3.29992e+07 1.11422e+07 3.29993e+07 1.11418e+07
3.29993e+07 1.11418e+07 3.29919e+07 1.11436e+07
3.29919e+07 1.11436e+07 3.29906e+07 1.11519e+07
3.29906e+07 1.11519e+07 3.29827e+07 1.11587e+07
3.29827e+07 1.11587e+07 3.29856e+07 1.1158e+07
3.29856e+07 1.1158e+07 3.29985e+07 1.11637e+07
3.29985e+07 1.11637e+07 3.29964e+07 1.11326e+07
3.29964e+07 1.11326e+07 3.2997e+07 1.11185e+07
3.2997e+07 1.11185e+07 3.29946e+07 1.11317e+07
3.29946e+07 1.11317e+07 3.29949e+07 1.11303e+07
3.29949e+07 1.11303e+07 3.29983e+07 1.11528e+07
3.29983e+07 1.11528e+07 3.29904e+07 1.11529e+07
3.29904e+07 1.11529e+07 3.29844e+07 1.11493e+07
3.29844e+07 1.11493e+07 3.29901e+07 1.11445e+07
3.29901e+07 1.11445e+07 3.29935e+07 1.11609e+07
3.29935e+07 1.11609e+07 3.29926e+07 1.11641e+07
3.29926e+07 1.11641e+07 3.29993e+07 1.11549e+07
3.29993e+07 1.11549e+07 3.29951e+07 1.11396e+07
3.29951e+07 1.11396e+07 3.30012e+07 1.11488e+07
3.30012e+07 1.11488e+07 3.30031e+07 1.11507e+07
3.30031e+07 1.11507e+07 3.30038e+07 1.11544e+07
3.30038e+07 1.11544e+07 3.29993e+07 1.11477e+07
3.29993e+07 1.11477e+07 3.29993e+07 1.11422e+07
3.29993e+07 1.11422e+07 3.29984e+07 1.11413e+07
3.29984e+07 1.11413e+07 3.29984e+07 1.11413e+07
3.29984e+07 1.11413e+07 3.29984e+07 1.11413e+07
3.29984e+07 1.11413e+07 3.29984e+07 1.11413e+07
3.29984e+07 1.11413e+07 3.29974e+07 1.11516e+07
3.29974e+07 1.11516e+07 3.29964e+07 1.11435e+07
3.29964e+07 1.11435e+07 3.30024e+07 1.1147e+07
3.30024e+07 1.1147e+07 3.30025e+07 1.11478e+07
3.30025e+07 1.11478e+07 3.3e+07 1.11438e+07
3.3e+07 1.11438e+07 3.3003e+07 1.11495e+07
3.3003e+07 1.11495e+07 3.29959e+07 1.11641e+07
3.29959e+07 1.11641e+07 3.30007e+07 1.11625e+07
3.30007e+07 1.11625e+07 3.30044e+07 1.11448e+07
3.30044e+07 1.11448e+07 3.30084e+07 1.11306e+07
3.30084e+07 1.11306e+07 3.30231e+07 1.11186e+07
3.30231e+07 1.11186e+07 3.3052e+07 1.11146e+07
3.3052e+07 1.11146e+07 3.30749e+07 1.11089e+07
3.30749e+07 1.11089e+07 3.30823e+07 1.11043e+07
3.30823e+07 1.11043e+07 3.30819e+07 1.11044e+07
3.30819e+07 1.11044e+07 3.30819e+07 1.11044e+07
3.30819e+07 1.11044e+07 3.30819e+07 1.11044e+07
3.30819e+07 1.11044e+07 3.3082e+07 1.11044e+07
3.3082e+07 1.11044e+07 3.30819e+07 1.11023e+07
3.30819e+07 1.11023e+07 3.30791e+07 1.11042e+07
3.30791e+07 1.11042e+07 3.30809e+07 1.11038e+07
3.30809e+07 1.11038e+07 3.30809e+07 1.11038e+07
3.30809e+07 1.11038e+07 3.30809e+07 1.11038e+07
3.30809e+07 1.11038e+07 3.30812e+07 1.11035e+07
3.30812e+07 1.11035e+07 3.3082e+07 1.11045e+07
3.3082e+07 1.11045e+07 3.30821e+07 1.11047e+07
3.30821e+07 1.11047e+07 3.30821e+07 1.11047e+07
3.30821e+07 1.11047e+07 3.30821e+07 1.11047e+07
3.30821e+07 1.11047e+07 3.30821e+07 1.11047e+07
3.30821e+07 1.11047e+07 3.30821e+07 1.11047e+07
3.30821e+07 1.11047e+07 3.30821e+07 1.11047e+07
3.30821e+07 1.11047e+07 3.30821e+07 1.11047e+07
3.30821e+07 1.11047e+07 3.30821e+07 1.11047e+07
3.30821e+07 1.11047e+07 3.30821e+07 1.11047e+07
3.30821e+07 1.11047e+07 3.30821e+07 1.11048e+07
3.30821e+07 1.11048e+07 3.30791e+07 1.11054e+07
3.30791e+07 1.11054e+07 3.30623e+07 1.11151e+07
3.30623e+07 1.11151e+07 3.30089e+07 1.1131e+07
3.30089e+07 1.1131e+07 3.30044e+07 1.11451e+07
3.30044e+07 1.11451e+07 3.30029e+07 1.11544e+07
3.30029e+07 1.11544e+07 3.30006e+07 1.11493e+07
3.30006e+07 1.11493e+07 3.29987e+07 1.11538e+07
3.29987e+07 1.11538e+07 3.29896e+07 1.11505e+07
3.29896e+07 1.11505e+07 3.29918e+07 1.11546e+07
3.29918e+07 1.11546e+07 3.29925e+07 1.1161e+07
3.29925e+07 1.1161e+07 3.30013e+07 1.11552e+07
3.30013e+07 1.11552e+07 3.30032e+07 1.11385e+07
3.30032e+07 1.11385e+07 3.30052e+07 1.11346e+07
3.30052e+07 1.11346e+07 3.30044e+07 1.11354e+07
3.30044e+07 1.11354e+07 3.30001e+07 1.11406e+07
3.30001e+07 1.11406e+07 3.30012e+07 1.11469e+07
3.30012e+07 1.11469e+07 3.30061e+07 1.11463e+07
3.30061e+07 1.11463e+07 3.30079e+07 1.11507e+07
3.30079e+07 1.11507e+07 3.30062e+07 1.11509e+07
3.30062e+07 1.11509e+07 3.29983e+07 1.11453e+07
3.29983e+07 1.11453e+07 3.30004e+07 1.11364e+07
3.30004e+07 1.11364e+07 3.30022e+07 1.11381e+07
3.30022e+07 1.11381e+07 3.30056e+07 1.1132e+07
3.30056e+07 1.1132e+07 3.3003e+07 1.11231e+07
3.3003e+07 1.11231e+07 3.30016e+07 1.11263e+07
3.30016e+07 1.11263e+07 3.30079e+07 1.11288e+07
3.30079e+07 1.11288e+07 3.30137e+07 1.11184e+07
3.30137e+07 1.11184e+07 3.29858e+07 1.11354e+07
3.29858e+07 1.11354e+07 3.29861e+07 1.11359e+07
3.29861e+07 1.11359e+07 3.2982e+07 1.11371e+07
3.2982e+07 1.11371e+07 3.29914e+07 1.11641e+07
3.29914e+07 1.11641e+07 3.30001e+07 1.1165e+07
3.30001e+07 1.1165e+07 3.30103e+07 1.11524e+07
3.30103e+07 1.11524e+07 3.30092e+07 1.11492e+07
3.30092e+07 1.11492e+07 3.30156e+07 1.11517e+07
3.30156e+07 1.11517e+07 3.29984e+07 1.11413e+07
3.29984e+07 1.11413e+07 3.29984e+07 1.11413e+07
3.29984e+07 1.11413e+07 3.29984e+07 1.11413e+07
3.29984e+07 1.11413e+07 3.29984e+07 1.11413e+07
3.29984e+07 1.11413e+07 3.29984e+07 1.11413e+07
3.29984e+07 1.11413e+07 3.29984e+07 1.11413e+07
3.29984e+07 1.11413e+07 3.29984e+07 1.11413e+07
3.29984e+07 1.11413e+07 3.29987e+07 1.11413e+07
3.29987e+07 1.11413e+07 3.29967e+07 1.11435e+07
3.29967e+07 1.11435e+07 3.29875e+07 1.11394e+07
3.29875e+07 1.11394e+07 3.29874e+07 1.11319e+07
3.29874e+07 1.11319e+07 3.2989e+07 1.11269e+07
3.2989e+07 1.11269e+07 3.29842e+07 1.11353e+07
3.29842e+07 1.11353e+07 3.29892e+07 1.11352e+07
3.29892e+07 1.11352e+07 3.29843e+07 1.11427e+07
3.29843e+07 1.11427e+07 3.29844e+07 1.11461e+07
3.29844e+07 1.11461e+07 3.29901e+07 1.11492e+07
3.29901e+07 1.11492e+07 3.29972e+07 1.11429e+07
3.29972e+07 1.11429e+07 3.30045e+07 1.11464e+07
3.30045e+07 1.11464e+07 3.30051e+07 1.11386e+07
3.30051e+07 1.11386e+07 3.3005e+07 1.11386e+07
3.3005e+07 1.11386e+07 3.30051e+07 1.11386e+07
3.30051e+07 1.11386e+07 3.30051e+07 1.11386e+07
3.30051e+07 1.11386e+07 3.30051e+07 1.11386e+07
3.30051e+07 1.11386e+07 3.30066e+07 1.11347e+07
3.30066e+07 1.11347e+07 3.30063e+07 1.11349e+07
3.30063e+07 1.11349e+07 3.30029e+07 1.11425e+07
3.30029e+07 1.11425e+07 3.29941e+07 1.11493e+07
