58.5808 149411.0
-981.143 149121.0
-1934.04 149054.0
-4385.29 149148.0
-4416.46 150413.0
-4875.1 150499.0
-4860.63 151568.0
-5000.89 151581.0
-5128.91 151659.0
-5251.36 151604.0
-5225.76 151156.0
-4863.97 151145.0
-4789.38 154469.0
-4292.9 154418.0
-4240.58 155177.0
-3904.39 155210.0
-3817.56 155449.0
-3533.7 155520.0
-3547.06 155943.0
-4216.09 156128.0
-4253.94 157130.0
-5175.66 157245.0
-5754.52 157608.0
-5762.32 158955.0
-5849.14 159639.0
-5659.9 162110.0
-5339.3 176103.0
-6118.54 176183.0
-6019.46 177574.0
-5846.92 177574.0
-5741.16 178358.0
-5869.18 178458.0
-5830.22 178875.0
-5793.48 178587.0
-5728.92 178585.0
-5790.15 177646.0
-5947.11 177528.0
-6085.14 177530.0
-6082.92 176147.0
-5300.34 176061.0
-5387.17 171145.0
-5556.37 163902.0
-5446.17 164025.0
-6346.74 164058.0
-6606.12 164120.0
-8698.92 164143.0
-12409.2 165846.0
-13700.5 165708.0
-14624.5 164305.0
-15255.6 162602.0
-15489.4 158238.0
-15394.8 157813.0
-14400.7 157018.0
-14359.5 157969.0
-13972.1 157976.0
-13984.4 158165.0
-13900.9 157982.0
-12313.5 157898.0
-12313.5 157192.0
-12402.5 157141.0
-12370.2 156800.0
-11368.4 156907.0
-11251.5 161282.0
-11053.3 161527.0
-10274.1 161565.0
-7279.6 161044.0
-6962.34 161086.0
-6976.81 162246.0
-7015.77 162277.0
-6931.17 162206.0
-6881.08 161916.0
-6797.59 161954.0
-6803.15 162257.0
-6951.21 162235.0
-7009.09 159218.0
-8857.0 159282.0
-8845.87 158973.0
-9244.39 158216.0
-9190.96 156914.0
-11422.9 156796.0
-11307.1 157459.0
-11704.5 169537.0
-11851.5 169793.0
-11819.2 169735.0
-11656.7 170584.0
-11704.5 171773.0
-11604.4 171768.0
-11584.3 171000.0
-11307.1 171022.0
-11239.2 170695.0
-11322.7 171062.0
-11602.1 170967.0
-11509.7 170370.0
-11106.8 169916.0
-5587.54 169704.0
-5342.64 169753.0
-5305.91 169564.0
-5409.43 169415.0
-5609.81 162295.0
-5607.58 159078.0
-5771.22 158759.0
-6364.55 158755.0
-6324.48 157557.0
-5737.83 157537.0
-4953.02 157196.0
-4179.35 157081.0
-4307.37 154318.0
-4827.23 154280.0
-4838.36 151713.0
-4886.23 151548.0
-5010.91 151586.0
-5038.74 151630.0
-4928.53 150936.0
-4977.51 151590.0
-5251.36 151668.0
-5333.74 149304.0
-5693.3 148197.0
-5980.5 148173.0
-6057.31 145563.0
-6469.19 145345.0
-7836.2 143720.0
-7852.9 143054.0
-8329.34 143152.0
-8737.89 143126.0
-8951.62 139367.0
-9413.59 139330.0
-9425.84 138276.0
-9485.95 139363.0
-10409.9 139385.0
-10641.4 139189.0
-10763.9 135284.0
-10866.3 135166.0
-12213.3 135139.0
-12166.5 135349.0
-11326.1 135251.0
-10799.5 135382.0
-10322.0 137542.0
-10766.1 137348.0
-10864.1 138194.0
-11348.3 138094.0
-11342.8 137515.0
-10800.6 137515.0
-10466.7 143753.0
-10591.4 146093.0
-10855.2 146080.0
-10226.2 145492.0
-10368.7 145474.0
-10502.3 145147.0
-10155.0 144962.0
-10099.3 144584.0
-9537.16 144283.0
-8717.85 143727.0
-8128.97 143644.0
-7894.08 142988.0
-7688.14 137186.0
-8192.42 133846.0
-10526.8 127608.0
-10476.7 127336.0
-4855.06 127323.0
-4405.33 127570.0
-4262.84 127363.0
-4296.24 127151.0
-4552.27 126773.0
-4173.79 122427.0
-4118.13 122347.0
-4266.18 120855.0
-4037.98 114712.0
-4577.88 97555.8
-4717.03 92880.4
-3636.11 92524.2
-3648.36 92426.2
-3683.98 92575.4
-3990.11 92664.4
-3814.22 92604.3
-4821.67 92838.1
-4243.92 99359.2
-4702.55 103547.0
-4265.07 108946.0
-4048.0 114234.0
-4193.82 115745.0
-4611.27 115785.0
-4171.56 115812.0
-4220.54 116447.0
-4279.54 116469.0
-4196.05 116899.0
-4084.73 119270.0
-4282.88 121269.0
-4184.92 122313.0
-3636.11 124891.0
-3725.17 124909.0
-3653.92 126321.0
-3958.94 126245.0
-3951.15 125726.0
-3997.9 127067.0
-4611.27 127234.0
-4749.31 132911.0
-4806.08 134516.0
-5008.68 134794.0
-8195.76 134906.0
-8201.33 134837.0
-8045.48 134839.0
-7683.69 137315.0
-7925.25 142335.0
-7944.18 143077.0
-8737.89 143166.0
-8756.81 143660.0
-10326.4 144646.0
-10546.8 144891.0
-6708.53 145018.0
-10544.6 145742.0
-10482.3 149642.0
-10365.4 150221.0
-10511.2 150406.0
-10730.5 150473.0
-10724.9 150566.0
-11693.4 150502.0
-12344.6 150477.0
-12369.1 151401.0
-12876.7 151423.0
-12895.7 152053.0
-14376.2 152031.0
-14404.0 155159.0
-14852.7 155115.0
-14827.1 152862.0
-12781.0 152895.0
-12906.8 148302.0
-11845.9 148273.0
-11684.5 150435.0
-11548.7 150479.0
-11615.5 150746.0
-11740.2 150969.0
-11724.6 149689.0
-11543.1 149678.0
-11517.5 149348.0
-10834.0 149288.0
-10736.1 147273.0
-10482.3 147282.0
-10476.7 146082.0
-10170.6 146027.0
-10198.4 145537.0
-10422.1 145403.0
-10474.5 145029.0
-10142.7 145067.0
-10192.8 145604.0
-10604.7 145548.0
-10569.1 145508.0
-10480.0 149883.0
-10385.4 150484.0
-10437.7 150539.0
-10699.3 150424.0
-12032.9 150439.0
-12019.6 150689.0
-11996.2 150401.0
-10471.1 150455.0
-10099.3 151096.0
-10087.1 150466.0
-9519.35 150357.0
-9470.37 149155.0
-9158.67 147478.0
-9166.47 146298.0
-9307.84 146314.0
-9096.33 146332.0
-9153.11 145490.0
-10229.6 145519.0
-12945.8 148280.0
-12828.9 149170.0
-12901.2 152036.0
-13377.7 151993.0
-13784.0 152049.0
-15459.4 151831.0
-14591.1 152047.0
-12954.7 152091.0
-12858.9 152058.0
-12893.4 148231.0
-11395.1 148240.0
-11212.5 148195.0
-11200.3 147307.0
-9600.61 147316.0
-9550.52 147155.0
-8751.24 147293.0
-5674.37 147082.0
-2988.23 147037.0
-2225.7 147115.0
-1621.23 146839.0
-719.542 146982.0
-703.958 146071.0
-823.07 145942.0
-687.26 146082.0
-669.449 145363.0
-1398.59 145352.0
-1485.42 145508.0
-1769.29 145352.0
-1899.53 145359.0
-1811.59 148398.0
-2039.79 148458.0
-2084.32 149043.0
-4371.93 149108.0
-4370.82 150384.0
-4877.33 150477.0
-4895.14 151118.0
-4986.42 151129.0
-4863.97 151167.0
-4828.34 152777.0
-2620.88 152715.0
-2617.54 153394.0
-2857.99 153356.0
-2837.95 152692.0
-2595.28 152737.0
-2520.69 153416.0
-1613.44 153427.0
-1626.8 154264.0
-1788.21 154286.0
-1571.14 154384.0
-1296.18 154698.0
-1262.78 155008.0
-2125.51 155092.0
-1246.08 155041.0
-1199.33 155938.0
626.31 156005.0
605.16 155104.0
368.049 155115.0
637.442 155070.0
620.744 154732.0
-255.34 154652.0
-283.17 154273.0
-597.091 154376.0
-539.205 155665.0
-663.883 155032.0
-850.899 154765.0
-1515.48 154351.0
-1750.36 147485.0
-1518.82 147471.0
-1460.93 147037.0
-726.222 147073.0
-742.92 148164.0
-1082.44 148108.0
-1162.59 147585.0
-1529.95 147634.0
-1385.23 148540.0
-1065.75 148558.0
-1026.78 149159.0
-86.1345 149422.0
843.383 150101.0
783.271 150617.0
877.892 151236.0
1088.29 151259.0
1111.66 151363.0
1066.02 151259.0
954.703 151401.0
809.987 151274.0
816.667 151178.0
815.553 151379.0
844.496 150544.0
846.723 150617.0
880.119 150172.0
2368.46 150936.0
4182.97 151052.0
6821.24 150913.0
7603.82 150767.0
7598.25 150695.0
7578.21 150773.0
4447.91 151074.0
3147.7 151000.0
2168.09 150780.0
2129.12 149322.0
1306.47 149275.0
1256.38 145363.0
1225.21 146984.0
28.5246 146955.0
-38.2671 145319.0
-1735.89 145368.0
-1899.53 145323.0
-2042.02 145319.0
-1947.4 144602.0
-1875.04 144695.0
-1841.64 147930.0
-2028.66 147979.0
-2055.38 148402.0
-2685.44 148380.0
-2718.84 147100.0
-2767.82 147017.0
-6736.36 147104.0
-6016.12 147149.0
-5963.8 148206.0
-5891.45 148202.0
-5662.13 148275.0
-5615.37 149319.0
-5320.38 149337.0
-5233.55 151679.0
-5067.68 151635.0
-4932.99 150428.0
-5010.91 151630.0
-4927.42 151548.0
-4849.5 151579.0
-4816.1 154362.0
-4285.11 154387.0
-4260.62 156099.0
-5442.83 156295.0
-6074.01 156602.0
-7166.05 156822.0
-8426.19 156914.0
-8526.38 159316.0
-10750.5 159507.0
-10749.4 160469.0
-11073.4 160447.0
-11066.7 159494.0
-8470.72 159340.0
-8515.25 160992.0
-9489.29 161104.0
-9578.35 160629.0
-9592.82 159505.0
-9715.27 159474.0
-9595.05 159385.0
-8448.45 159245.0
-8396.13 156123.0
-8225.82 156112.0
-8201.33 155609.0
-7858.46 155582.0
-7867.37 155304.0
-7923.03 155604.0
-8439.55 155638.0
-8504.11 160999.0
-9587.25 161186.0
-9553.86 161444.0
-8445.12 161159.0
-8407.27 159305.0
-7591.29 159218.0
-7594.63 158287.0
-7382.01 158269.0
-3199.74 160487.0
-2762.26 160498.0
-2724.41 160665.0
-3177.48 161716.0
-3112.91 161059.0
-3079.52 160926.0
-1204.9 161164.0
-1204.9 159841.0
-1777.08 158632.0
-1844.98 158009.0
-2086.55 158038.0
-2264.66 156573.0
-1652.4 156506.0
-1624.57 155972.0
-1238.29 155872.0
-1260.56 154981.0
-1633.48 155014.0
-1649.06 154396.0
-1381.89 154596.0
-1518.82 154030.0
-1476.51 153808.0
-1309.54 153768.0
-1498.78 153739.0
-1583.38 153162.0
-1788.21 145848.0
-1699.15 145468.0
-1273.91 145385.0
1286.43 145270.0
1338.75 144744.0
1806.3 144711.0
1834.13 144617.0
1790.71 144746.0
1328.74 144729.0
1267.51 144072.0
1216.3 144762.0
579.556 144791.0
566.198 145067.0
248.937 145080.0
223.334 145314.0
9.60025 145385.0
-19.3428 147004.0
-734.014 147044.0
-767.41 148540.0
-1070.2 148580.0
-1114.73 149121.0
-1816.04 149021.0
-2033.11 148999.0
-2049.81 148413.0
-2266.88 148407.0
-2368.18 148257.0
-2670.97 148362.0
-2635.35 148012.0
-2025.32 148024.0
-2017.53 148153.0
-2066.51 147051.0
-1752.59 147104.0
-1797.12 146922.0
-1902.87 146999.0
-3653.92 147062.0
-2407.15 147055.0
-2378.2 147745.0
-2409.37 147060.0
-1911.77 147026.0
-1754.81 147084.0
-1811.59 146917.0
-4591.23 147095.0
-5790.15 147071.0
-10142.7 147300.0
-10277.4 147382.0
-10472.2 147229.0
-10476.7 146102.0
-10165.0 146127.0
-10096.0 146432.0
-9592.82 146365.0
-9453.67 147367.0
-8170.16 147267.0
-8106.7 149504.0
-6845.45 149549.0
-6600.55 149533.0
-6483.67 149393.0
-5314.81 149355.0
-5233.55 151702.0
-5006.46 151646.0
-4878.44 151526.0
-4836.14 154220.0
-4209.41 155164.0
-3884.36 155166.0
-3862.09 155449.0
-3709.58 155475.0
-3717.38 155126.0
-3522.57 155204.0
-3469.13 157301.0
-3296.59 157998.0
-3210.87 163916.0
-3542.6 164036.0
-9737.53 164592.0
-9498.2 164606.0
-9513.78 166592.0
-10123.8 166614.0
-10143.9 167531.0
-10096.0 166569.0
-9498.2 166525.0
-9494.86 161420.0
-9138.64 161300.0
-8415.06 157081.0
-8504.11 149538.0
-7628.03 149526.0
-7619.12 152125.0
-7465.5 152928.0
-2963.74 152661.0
-1067.97 152721.0
-1292.84 152761.0
-1318.44 153122.0
-1460.93 152895.0
-1560.0 153171.0
-1529.95 152476.0
-1682.46 151225.0
-1716.97 149197.0
-1867.25 149382.0
-1875.04 149215.0
-2153.34 149170.0
-2034.23 148202.0
-2144.43 148242.0
-2123.28 148970.0
-2227.92 149032.0
-4388.63 149137.0
-4401.99 150410.0
-4880.66 150488.0
-4888.46 152732.0
-8869.24 152915.0
-10510.1 152839.0
-10465.6 152614.0
-10441.1 154603.0
-10697.1 154865.0
-13962.1 155126.0
-14345.0 155063.0
-14276.0 152038.0
-12926.8 152069.0
-12842.2 152131.0
-12778.8 152216.0
-12747.6 151401.0
-12348.0 151381.0
-12331.3 150455.0
-10504.5 150417.0
-10426.6 150339.0
-10307.5 149275.0
-10032.5 149277.0
-10060.4 151837.0
-9714.16 151815.0
-9709.7 153311.0
-9923.44 153240.0
-9917.87 152933.0
-6528.19 152939.0
-6498.14 153772.0
-6331.16 153901.0
-6069.56 153895.0
-5960.46 154509.0
-3641.68 154302.0
-3062.82 154420.0
-2559.65 154440.0
-2465.03 156032.0
-1650.17 155987.0
-1676.89 156544.0
-2311.41 156555.0
-2517.35 155905.0
-3458.0 155994.0
-3550.4 154258.0
-4832.8 154273.0
-4843.93 151546.0
-5010.91 151597.0
-5067.68 151875.0
-5022.04 150878.0
-5045.42 151403.0
-5000.89 150802.0
-5053.21 151546.0
-5047.64 151497.0
-5050.98 151537.0
-5036.51 151419.0
-5044.3 151490.0
-5006.46 151230.0
-5038.74 151653.0
-4916.29 151668.0
-4732.61 150889.0
-4733.72 151067.0
-5010.91 151648.0
-4988.64 151557.0
-4850.61 151586.0
-4852.84 154324.0
-6247.67 154451.0
-10048.1 154587.0
-10190.6 154453.0
-10179.5 154073.0
-10455.5 154209.0
-10554.6 154763.0
-10856.3 154954.0
-10850.7 156784.0
-11401.8 156702.0
-12130.9 156707.0
-11977.3 156762.0
-11999.5 157112.0
-12686.4 157156.0
-12695.3 157909.0
-13755.1 157902.0
-13844.1 156484.0
-13777.3 156027.0
-13460.1 155934.0
-13477.9 152904.0
-12765.4 152844.0
-12762.1 151412.0
-10805.1 151370.0
-10752.8 150622.0
-10588.0 150495.0
-10465.6 150473.0
-10315.3 151441.0
-10293.0 152621.0
-10149.4 152603.0
-9882.25 151323.0
-9064.05 151352.0
-9057.37 150858.0
-9013.96 151385.0
-8568.68 151252.0
-8064.4 151201.0
-8116.72 149526.0
-6603.89 149544.0
-6470.31 149382.0
-5322.6 149337.0
-5244.68 151670.0
-5103.3 151641.0
-5251.36 151630.0
-5242.45 151147.0
-4850.61 151080.0
-4878.44 147073.0
-3692.89 147073.0
-3687.32 149088.0
-4394.2 149132.0
-4399.76 150406.0
-4872.87 150468.0
-4850.61 153400.0
-4452.08 154380.0
-4270.63 154407.0
-4192.71 155164.0
-3886.58 155208.0
-3859.87 155444.0
-3517.0 155460.0
-3469.13 156083.0
-1344.04 155923.0
1221.87 156079.0
1143.95 161676.0
343.559 162891.0
310.163 162791.0
409.237 162729.0
2414.1 166006.0
2936.19 167082.0
2903.91 167400.0
2466.42 168179.0
2852.7 169112.0
2937.3 169987.0
3104.28 170472.0
2774.78 170495.0
2597.78 169809.0
2797.04 170555.0
3125.43 170454.0
2950.66 169920.0
2797.04 168829.0
2421.89 168233.0
1314.26 169223.0
976.967 169248.0
866.76 168335.0
690.876 168322.0
871.213 168302.0
393.652 164971.0
150.976 163775.0
-146.247 163682.0
304.597 163168.0
234.466 163136.0
-88.3609 163470.0
-444.583 163604.0
-477.979 163568.0
-569.261 163619.0
-585.959 162088.0
-1260.56 162083.0
-1165.93 161137.0
-814.164 161044.0
-648.298 160558.0
-441.244 159071.0
-786.334 154819.0
-1435.33 154507.0
-1535.51 154269.0
-1863.91 143742.0
-2088.77 143471.0
-4643.55 143500.0
-4719.25 138450.0
-4663.59 138212.0
-4733.72 138172.0
-4710.35 138261.0
-4777.14 137626.0
-4026.84 137722.0
-3642.79 137720.0
-3645.02 139067.0
-6906.68 139247.0
-6871.06 138272.0
-6246.56 138299.0
-6266.59 139401.0
-6381.25 139330.0
-6002.77 139359.0
-6180.88 139341.0
-6188.67 134993.0
-4611.27 134906.0
-4750.42 135055.0
-4632.42 127403.0
-4371.93 124963.0
-1449.8 124996.0
-1470.95 124609.0
-1533.29 124996.0
-3592.7 124987.0
-3642.79 126305.0
-3932.22 126238.0
-3997.9 125700.0
-4123.69 125537.0
-4065.81 124963.0
-3580.45 124898.0
-3876.56 123315.0
-3830.92 122981.0
-4132.6 122747.0
-3884.36 123115.0
-3155.21 123066.0
-3125.16 122643.0
-3397.89 122291.0
-3253.17 121957.0
-3171.91 122175.0
-3041.67 122353.0
-3127.38 122899.0
-3135.18 123037.0
-3926.66 123093.0
-4246.14 121982.0
-4270.63 120888.0
-4023.5 119731.0
-3978.98 119359.0
-3714.04 119337.0
-3761.9 117484.0
-3630.55 115752.0
-2798.99 115730.0
-2810.12 115656.0
-2854.65 115768.0
-3653.92 115759.0
-3832.04 117137.0
-4164.88 117173.0
-4093.64 120278.0
-4305.14 121040.0
-4253.94 121556.0
-4727.04 130046.0
-4839.48 139229.0
-4728.16 141229.0
-4568.97 148453.0
-4398.65 148518.0
-4370.82 149126.0
-3909.96 149164.0
-3912.19 149331.0
-3906.62 149141.0
-2682.11 149155.0
-2654.28 151069.0
-1765.95 151089.0
-1482.08 154502.0
-775.202 154885.0
-585.959 158283.0
-633.826 157987.0
70.826 158016.0
120.92 159830.0
167.674 159806.0
81.9579 159752.0
45.2225 158606.0
-472.413 158566.0
-459.055 157953.0
-1088.01 157942.0
-1160.37 156212.0
-1282.82 155901.0
-1849.44 155861.0
-1886.17 155593.0
-2139.98 155604.0
-2192.3 155108.0
-2734.43 155126.0
-2841.29 155164.0
-3509.21 155193.0
-3553.74 155449.0
-3873.22 155431.0
-3942.24 155181.0
-4246.14 155108.0
-4329.63 154275.0
-4827.23 154286.0
-4877.33 151541.0
-5006.46 151579.0
-5038.74 151668.0
-5016.47 151837.0
-5033.17 151775.0
-5097.74 152432.0
-5078.81 152247.0
-5359.34 155144.0
-5301.45 154551.0
-5504.05 156646.0
-5034.29 151759.0
-4017.94 144517.0
-4051.33 144257.0
-4062.47 144321.0
-3609.4 142108.0
-3817.56 142999.0
-3901.05 144121.0
-3637.23 142785.0
-3745.21 143255.0
-3709.58 143382.0
-3478.04 141919.0
-3530.36 141774.0
-3062.82 139679.0
-3097.33 139379.0
-2648.71 137341.0
-3030.54 127697.0
-2830.16 122992.0
-2212.34 115959.0
-864.258 104371.0
-5023.15 151648.0
-4988.64 151557.0
-5012.02 151641.0
-4953.02 151535.0
-4843.93 151497.0
-4894.02 147115.0
-2732.2 147017.0
-2869.12 135939.0
-2183.39 135923.0
-2813.46 141745.0
-2624.22 153378.0
-2860.22 153362.0
-2873.57 152692.0
-2604.18 152721.0
-2518.47 153438.0
-1613.44 153423.0
-1611.21 154273.0
-1755.93 154302.0
-1574.48 154391.0
-1307.31 154687.0
-1285.05 155008.0
-2178.94 155144.0
-2175.6 155622.0
-2495.09 155642.0
-2576.35 155382.0
-2495.09 155197.0
-2490.64 154413.0
-1257.22 154387.0
-1359.63 154551.0
-1535.51 154240.0
-1782.64 145819.0
-1704.72 145479.0
-1285.05 145392.0
-327.698 145423.0
-324.358 145624.0
-498.017 145396.0
-383.358 145612.0
-305.434 145390.0
11.8266 145403.0
-1.53169 146376.0
-680.581 146358.0
-765.183 146104.0
-711.75 146392.0
-1159.25 146392.0
-1182.63 147015.0
-1855.0 146971.0
-1927.36 147044.0
-2713.27 147117.0
-2754.46 147529.0
-3196.4 147507.0
-3678.41 147505.0
-3761.9 147028.0
-7795.01 147151.0
-7955.31 145051.0
-8351.61 145074.0
-8646.6 145247.0
-8936.03 139390.0
-8958.3 139452.0
-9413.59 139390.0
-9435.86 137455.0
-10767.2 137497.0
-10808.4 137798.0
-10660.4 137867.0
-10756.1 141318.0
-10619.2 142028.0
-10483.4 144495.0
-10611.4 145668.0
-10627.0 145552.0
-10188.4 145568.0
-10143.9 146071.0
-9578.35 145909.0
-9645.14 145492.0
-10359.8 145470.0
-10500.1 145196.0
-10465.6 145018.0
-10157.2 145011.0
-10207.3 145523.0
-10619.2 145414.0
-10461.1 147329.0
-7841.76 147256.0
-7819.5 149493.0
-8112.27 149460.0
-8150.12 149148.0
-10830.7 149288.0
-10728.3 150455.0
-10452.2 150468.0
-10416.6 151408.0
-10327.5 151446.0
-10298.6 152594.0
-10260.7 152537.0
-10126.0 152570.0
-10053.7 151782.0
-9936.8 151837.0
-9897.83 151434.0
-9403.58 151314.0
-9392.44 150800.0
-9049.58 150769.0
-9062.94 150684.0
-9075.18 151341.0
-9609.52 151357.0
-9090.77 146327.0
-9119.71 145474.0
-10912.0 145486.0
-11031.1 144740.0
-11153.5 144617.0
-11763.5 140859.0
-11936.1 140654.0
-12230.0 140628.0
-12202.1 140392.0
-12230.0 140636.0
-11918.3 140639.0
-11573.2 141641.0
-11142.4 144657.0
-10989.9 144884.0
-10856.3 145637.0
-8637.7 145512.0
-8624.34 146739.0
-8551.98 147238.0
-5590.88 147082.0
-4619.06 147173.0
-4561.18 148451.0
-4407.56 148484.0
-4354.12 150346.0
-3622.75 150413.0
-3567.09 151074.0
-3297.7 151029.0
-3292.14 150669.0
-3318.85 151052.0
-3614.96 150829.0
-3586.02 151147.0
-4855.06 151107.0
-4860.63 151537.0
-5006.46 151564.0
-5038.74 151659.0
-5044.3 151831.0
-4950.8 151552.0
-4841.7 151503.0
-4836.14 150428.0
-4360.8 150321.0
-4426.48 148424.0
-4582.33 148364.0
-4722.59 140705.0
-5317.04 140425.0
-5357.11 139274.0
-5281.42 140476.0
-5027.61 140654.0
-4728.16 140726.0
-4691.42 141373.0
-1682.46 141267.0
-1716.97 142959.0
-1566.68 143471.0
-826.409 143898.0
-613.789 144145.0
-349.962 144179.0
-338.83 144450.0
-628.26 144706.0
-663.883 145334.0
-1986.36 145363.0
-2734.43 145425.0
-2709.93 148280.0
-3364.49 148269.0
-3405.68 148142.0
-3675.07 148184.0
-3630.55 149126.0
-1833.85 149141.0
-1533.29 154429.0
-754.051 154948.0
-580.393 158269.0
-636.053 157980.0
1210.74 158038.0
1158.42 161560.0
927.986 162034.0
1722.81 163203.0
1639.32 163771.0
974.74 163920.0
787.723 163802.0
162.108 163820.0
382.521 164650.0
431.501 165739.0
626.31 166480.0
360.257 164944.0
-157.379 164962.0
-185.209 164773.0
-1260.56 164715.0
-1316.21 163619.0
-4012.37 164065.0
-3940.02 166075.0
-3776.38 166124.0
-3825.36 166558.0
-3943.35 166529.0
-3992.34 164125.0
-3118.48 164009.0
-3253.17 158149.0
-2114.38 158053.0
-2156.68 156891.0
-2250.19 156562.0
-2030.89 156546.0
-2318.09 156540.0
-2442.77 155950.0
626.31 155909.0
635.216 154743.0
-253.114 154643.0
-294.302 154262.0
-600.431 154376.0
-542.544 155894.0
2503.16 155983.0
2533.21 155431.0
2861.61 155486.0
2836.0 155976.0
1288.66 155927.0
1047.1 153171.0
-719.542 153679.0
-731.788 152882.0
-903.22 153000.0
-945.521 153140.0
-1262.78 153184.0
-1526.61 153078.0
-1544.42 153211.0
-1693.59 149052.0
-1855.0 149099.0
-2036.45 149103.0
-2064.28 148413.0
-2512.9 148375.0
-2501.77 148451.0
-2368.18 148353.0
-2355.94 147995.0
-2033.11 148061.0
-1991.92 148413.0
-1794.89 148469.0
-1738.12 149526.0
-1806.02 149199.0
-1721.42 149266.0
-1622.34 149086.0
-1075.76 149186.0
-1037.92 149493.0
-720.656 149600.0
-672.788 150023.0
-485.771 150010.0
-461.281 150600.0
-369.999 151564.0
8.48706 151593.0
42.9961 152637.0
153.202 152699.0
153.202 153240.0
50.7885 153527.0
-46.0595 153467.0
-10.4373 153211.0
145.41 153300.0
242.258 153238.0
114.241 152977.0
142.07 152695.0
3080.91 152688.0
3154.38 151067.0
6338.11 150962.0
5084.66 151000.0
3109.85 151052.0
3028.58 152661.0
1900.92 152581.0
1256.38 152732.0
1205.17 154752.0
448.199 154799.0
-258.68 154654.0
159.882 154747.0
1249.7 154687.0
1230.78 155861.0
1362.13 152699.0
2769.21 152521.0
2874.96 152338.0
8808.29 152376.0
8557.82 152365.0
8444.28 150673.0
11561.2 150922.0
11570.1 149912.0
12078.9 149949.0
12009.8 149943.0
12064.4 149905.0
11550.1 149943.0
11525.6 150911.0
8508.84 150640.0
4516.93 151063.0
3164.39 151003.0
2034.5 150740.0
1288.66 150156.0
1236.34 142769.0
1122.8 142513.0
-1496.55 139111.0
-6032.82 139225.0
-9420.27 139347.0
-9444.76 137453.0
-9782.06 137408.0
-9817.68 136335.0
-8662.19 136291.0
-8551.98 136569.0
-8092.23 136651.0
-7780.54 136676.0
-7655.86 137326.0
-7849.56 135171.0
-7649.18 135039.0
-4605.71 134903.0
-4744.86 135059.0
-4704.78 133403.0
-4518.88 133378.0
-4754.87 133490.0
-4817.21 137744.0
-5415.0 137816.0
-5396.07 139200.0
-6396.84 139196.0
-6213.16 139178.0
-6136.35 143589.0
-9040.67 143842.0
-10507.9 144806.0
-10569.1 147284.0
-11832.6 147345.0
-11830.3 148476.0
-61357.5 225693.0
-11745.7 149331.0
-11537.6 149397.0
-11489.7 150417.0
-10460.0 150455.0
-10454.4 152632.0
-10443.3 154629.0
-10611.4 154863.0
-11209.2 155021.0
-11317.2 155371.0
-11628.9 170214.0
-11473.0 170250.0
-11207.0 169905.0
-11067.8 169880.0
-5584.2 159149.0
-5702.2 158744.0
1234.11 158733.0
-5734.49 158209.0
-5767.88 157537.0
-7274.03 157557.0
-7343.05 156869.0
-8412.83 156813.0
-8481.85 154563.0
-10068.2 154607.0
-10363.1 154097.0
-10359.8 151437.0
-10064.8 151448.0
-10065.9 151815.0
-10309.7 151898.0
-10293.0 152603.0
-10210.6 152516.0
-10121.6 152565.0
-10037.0 151813.0
-9929.0 151737.0
-9906.74 151403.0
-9626.21 151314.0
-9514.9 150457.0
-9489.29 149237.0
-9153.11 147362.0
-9121.94 145474.0
-9589.48 145419.0
-9658.5 144673.0
-9570.56 145492.0
-8629.91 145519.0
-8545.3 147256.0
-8151.23 147296.0
-8088.89 149515.0
-6597.21 149522.0
-6524.85 149397.0
-5312.58 149342.0
-5216.85 151675.0
-5016.47 151637.0
-4971.95 151548.0
-4839.48 151523.0
-4833.91 150435.0
-3652.81 150462.0
-3578.23 150773.0
-3375.63 150773.0
-3316.63 151058.0
-3658.38 150922.0
-3624.98 149148.0
-2695.46 149115.0
-2033.11 149215.0
-2028.66 150132.0
-2095.45 149700.0
-2665.41 149593.0
-2656.5 148395.0
-2375.98 148284.0
-2340.35 147908.0
-2392.67 147195.0
-2049.81 146888.0
-2028.66 147957.0
-2021.98 147839.0
-2066.51 149010.0
-3594.92 149097.0
-5203.49 149141.0
-5318.15 149282.0
-6556.02 149397.0
-6675.14 149553.0
-8120.06 149426.0
-8186.85 149164.0
-10391.0 149188.0
-10487.8 145608.0
-10446.6 145347.0
-10730.5 145508.0
-14637.8 145713.0
-15342.5 145196.0
-15554.0 144884.0
-15758.8 141151.0
-15803.3 141333.0
-15700.9 142551.0
-16272.0 142602.0
-16337.7 141104.0
-15784.4 140536.0
-15948.0 138891.0
-16505.8 138112.0
-16825.2 134238.0
-17194.8 133452.0
-17239.4 133040.0
-17223.8 133659.0
-17534.4 133601.0
-17189.3 133692.0
-16803.0 134405.0
-16636.0 137878.0
-17125.8 138005.0
-17095.8 139318.0
-17328.4 139385.0
-17105.8 140405.0
-17306.1 139568.0
-17300.6 139363.0
-17053.5 139274.0
-17073.5 137949.0
-16499.1 137876.0
-16210.8 137671.0
-14807.0 137560.0
-15433.8 137644.0
-12973.6 137537.0
-12862.3 139492.0
-10858.5 139503.0
-11367.3 157156.0
-11331.6 156851.0
-9672.97 156951.0
-9611.74 159040.0
-9658.5 156907.0
-10038.1 157074.0
-11140.2 156773.0
-11164.7 156395.0
-11273.7 156357.0
-11294.9 154787.0
-11194.7 154807.0
-11229.2 154988.0
-13455.6 155081.0
-13454.5 154124.0
-13476.8 152877.0
-12960.2 152821.0
-13499.0 152755.0
-13530.2 152058.0
-15461.6 151837.0
-15687.6 151693.0
-15135.4 151980.0
-13127.2 152105.0
-12854.5 152071.0
-12798.8 152383.0
-13149.5 151325.0
-12825.5 152483.0
-12314.6 152788.0
-12274.5 152922.0
-11854.8 152948.0
-11940.5 153750.0
-11680.1 151568.0
-11741.3 150473.0
-11724.6 151960.0
-11880.4 152855.0
-12732.0 152837.0
-12806.6 153196.0
-12895.7 153238.0
-12786.6 153779.0
-12964.7 153897.0
-13448.9 153919.0
-13532.4 154440.0
-13658.2 154447.0
-13660.4 154937.0
-13652.6 154451.0
-13500.1 154451.0
-13421.1 155222.0
-11385.1 155059.0
-11242.6 161320.0
-11025.5 161542.0
-10082.6 161544.0
-10416.6 151581.0
-10487.8 142952.0
-10138.3 142999.0
-9140.86 142809.0
-9116.37 142340.0
-9079.64 142453.0
-9019.52 142509.0
-9110.81 142453.0
-9136.41 142769.0
-9873.34 142798.0
-9859.99 142028.0
-10215.1 144985.0
-10132.7 144613.0
-8704.49 143789.0
-8598.74 146728.0
-8646.6 145347.0
-8665.53 145486.0
-9589.48 145512.0
-9625.1 146361.0
-10155.0 146421.0
-10176.1 147282.0
-10482.3 147238.0
-10465.6 146080.0
-10148.3 146113.0
-10143.9 146298.0
-10112.7 146160.0
-10187.3 147282.0
-13755.1 147293.0
-14517.6 147329.0
-14470.8 147830.0
-14350.6 147752.0
-14367.3 147863.0
-14439.7 147752.0
-14359.5 147679.0
-14506.5 147972.0
-14489.8 148124.0
-17474.2 151597.0
-14507.6 152031.0
-12856.7 152082.0
-12797.7 152243.0
-12742.0 151403.0
-11690.1 151325.0
-10844.1 151426.0
-10422.1 151334.0
-10669.3 195254.0
-9659.61 151312.0
-9697.46 151363.0
-9606.18 151359.0
-9441.42 150889.0
-9308.95 150945.0
-9183.16 151541.0
-9269.99 152347.0
-9269.99 151898.0
-8799.11 151958.0
-8802.45 152325.0
-8662.19 152314.0
-8628.79 152577.0
-8513.02 152583.0
-8501.89 153612.0
-8498.55 153389.0
-7777.2 153196.0
-7654.75 153229.0
-7630.26 153601.0
-7374.22 153616.0
-7335.26 154565.0
-6517.06 154424.0
-6514.84 152492.0
