3.29819e+07 1.11507e+07 3.29854e+07 1.1152e+07
3.29854e+07 1.1152e+07 3.29872e+07 1.11522e+07
3.29872e+07 1.11522e+07 3.29881e+07 1.11514e+07
3.29881e+07 1.11514e+07 3.29884e+07 1.11527e+07
3.29884e+07 1.11527e+07 3.29842e+07 1.1153e+07
3.29842e+07 1.1153e+07 3.29828e+07 1.11551e+07
3.29828e+07 1.11551e+07 3.29827e+07 1.11528e+07
3.29827e+07 1.11528e+07 3.29814e+07 1.11521e+07
3.29814e+07 1.11521e+07 3.29818e+07 1.11484e+07
3.29818e+07 1.11484e+07 3.29826e+07 1.11491e+07
3.29826e+07 1.11491e+07 3.2982e+07 1.11491e+07
3.2982e+07 1.11491e+07 3.29805e+07 1.11528e+07
3.29805e+07 1.11528e+07 3.29798e+07 1.11551e+07
3.29798e+07 1.11551e+07 3.29785e+07 1.11568e+07
3.29785e+07 1.11568e+07 3.29781e+07 1.11541e+07
3.29781e+07 1.11541e+07 3.29844e+07 1.11552e+07
3.29844e+07 1.11552e+07 3.29902e+07 1.11547e+07
3.29902e+07 1.11547e+07 3.29926e+07 1.11545e+07
3.29926e+07 1.11545e+07 3.29948e+07 1.11544e+07
3.29948e+07 1.11544e+07 3.29961e+07 1.11556e+07
3.29961e+07 1.11556e+07 3.29958e+07 1.11552e+07
3.29958e+07 1.11552e+07 3.29934e+07 1.11544e+07
3.29934e+07 1.11544e+07 3.2987e+07 1.11567e+07
3.2987e+07 1.11567e+07 3.29867e+07 1.11567e+07
3.29867e+07 1.11567e+07 3.29853e+07 1.11571e+07
3.29853e+07 1.11571e+07 3.29828e+07 1.11589e+07
3.29828e+07 1.11589e+07 3.29827e+07 1.11555e+07
3.29827e+07 1.11555e+07 3.29827e+07 1.11543e+07
3.29827e+07 1.11543e+07 3.29825e+07 1.11551e+07
3.29825e+07 1.11551e+07 3.29387e+07 1.11728e+07
3.29387e+07 1.11728e+07 3.29786e+07 1.11552e+07
3.29786e+07 1.11552e+07 3.29806e+07 1.11502e+07
3.29806e+07 1.11502e+07 3.29819e+07 1.115e+07
3.29819e+07 1.115e+07 3.29826e+07 1.11503e+07
3.29826e+07 1.11503e+07 3.29819e+07 1.11506e+07
3.29819e+07 1.11506e+07 3.29819e+07 1.11506e+07
3.29819e+07 1.11506e+07 3.29827e+07 1.11522e+07
3.29827e+07 1.11522e+07 3.29826e+07 1.11528e+07
3.29826e+07 1.11528e+07 3.29803e+07 1.11553e+07
3.29803e+07 1.11553e+07 3.29808e+07 1.11589e+07
3.29808e+07 1.11589e+07 3.29812e+07 1.11588e+07
3.29812e+07 1.11588e+07 3.29805e+07 1.11554e+07
3.29805e+07 1.11554e+07 3.29783e+07 1.11551e+07
3.29783e+07 1.11551e+07 3.29771e+07 1.11598e+07
3.29771e+07 1.11598e+07 3.29781e+07 1.116e+07
3.29781e+07 1.116e+07 3.29783e+07 1.11552e+07
3.29783e+07 1.11552e+07 3.29847e+07 1.11552e+07
3.29847e+07 1.11552e+07 3.29858e+07 1.11552e+07
3.29858e+07 1.11552e+07 3.29852e+07 1.11551e+07
3.29852e+07 1.11551e+07 3.29817e+07 1.11528e+07
3.29817e+07 1.11528e+07 3.2982e+07 1.11503e+07
3.2982e+07 1.11503e+07 3.29814e+07 1.1152e+07
3.29814e+07 1.1152e+07 3.29827e+07 1.11553e+07
3.29827e+07 1.11553e+07 3.29816e+07 1.11551e+07
3.29816e+07 1.11551e+07 3.29819e+07 1.11505e+07
3.29819e+07 1.11505e+07 3.29819e+07 1.11506e+07
3.29819e+07 1.11506e+07 3.29826e+07 1.11528e+07
3.29826e+07 1.11528e+07 3.29813e+07 1.11528e+07
3.29813e+07 1.11528e+07 3.29781e+07 1.11528e+07
3.29781e+07 1.11528e+07 3.29762e+07 1.11528e+07
3.29762e+07 1.11528e+07 3.29754e+07 1.1155e+07
3.29754e+07 1.1155e+07 3.29755e+07 1.11552e+07
3.29755e+07 1.11552e+07 3.29737e+07 1.11562e+07
3.29737e+07 1.11562e+07 3.29738e+07 1.11567e+07
3.29738e+07 1.11567e+07 3.29783e+07 1.11529e+07
3.29783e+07 1.11529e+07 3.29781e+07 1.11539e+07
3.29781e+07 1.11539e+07 3.29782e+07 1.11529e+07
3.29782e+07 1.11529e+07 3.29805e+07 1.11515e+07
3.29805e+07 1.11515e+07 3.29805e+07 1.11477e+07
3.29805e+07 1.11477e+07 3.29824e+07 1.11473e+07
3.29824e+07 1.11473e+07 3.29873e+07 1.11473e+07
3.29873e+07 1.11473e+07 3.29886e+07 1.11469e+07
3.29886e+07 1.11469e+07 3.29887e+07 1.11467e+07
3.29887e+07 1.11467e+07 3.29895e+07 1.11479e+07
3.29895e+07 1.11479e+07 3.29902e+07 1.11529e+07
3.29902e+07 1.11529e+07 3.29941e+07 1.11528e+07
3.29941e+07 1.11528e+07 3.29968e+07 1.11527e+07
3.29968e+07 1.11527e+07 3.29965e+07 1.11542e+07
3.29965e+07 1.11542e+07 3.29944e+07 1.11544e+07
3.29944e+07 1.11544e+07 3.29943e+07 1.1153e+07
3.29943e+07 1.1153e+07 3.29917e+07 1.11529e+07
3.29917e+07 1.11529e+07 3.29898e+07 1.11529e+07
3.29898e+07 1.11529e+07 3.29895e+07 1.11457e+07
3.29895e+07 1.11457e+07 3.29891e+07 1.11301e+07
3.29891e+07 1.11301e+07 3.29892e+07 1.11348e+07
3.29892e+07 1.11348e+07 3.29839e+07 1.11355e+07
3.29839e+07 1.11355e+07 3.29843e+07 1.11422e+07
3.29843e+07 1.11422e+07 3.29844e+07 1.11463e+07
3.29844e+07 1.11463e+07 3.29835e+07 1.11474e+07
3.29835e+07 1.11474e+07 3.29812e+07 1.11431e+07
3.29812e+07 1.11431e+07 3.29825e+07 1.11416e+07
3.29825e+07 1.11416e+07 3.29819e+07 1.11507e+07
3.29819e+07 1.11507e+07 3.29827e+07 1.11551e+07
3.29827e+07 1.11551e+07 3.29839e+07 1.11618e+07
3.29839e+07 1.11618e+07 3.29801e+07 1.11622e+07
3.29801e+07 1.11622e+07 3.29751e+07 1.11665e+07
3.29751e+07 1.11665e+07 3.29738e+07 1.11671e+07
3.29738e+07 1.11671e+07 3.29731e+07 1.11734e+07
3.29731e+07 1.11734e+07 3.29736e+07 1.11781e+07
3.29736e+07 1.11781e+07 3.29744e+07 1.1178e+07
3.29744e+07 1.1178e+07 3.29732e+07 1.1175e+07
3.29732e+07 1.1175e+07 3.29732e+07 1.11703e+07
3.29732e+07 1.11703e+07 3.29732e+07 1.11662e+07
3.29732e+07 1.11662e+07 3.29733e+07 1.1166e+07
3.29733e+07 1.1166e+07 3.29733e+07 1.11659e+07
3.29733e+07 1.11659e+07 3.29749e+07 1.11665e+07
3.29749e+07 1.11665e+07 3.29769e+07 1.11635e+07
3.29769e+07 1.11635e+07 3.29793e+07 1.11616e+07
3.29793e+07 1.11616e+07 3.29804e+07 1.11567e+07
3.29804e+07 1.11567e+07 3.29832e+07 1.11552e+07
3.29832e+07 1.11552e+07 3.29835e+07 1.11553e+07
3.29835e+07 1.11553e+07 3.29845e+07 1.11581e+07
3.29845e+07 1.11581e+07 3.29826e+07 1.1163e+07
3.29826e+07 1.1163e+07 3.29832e+07 1.11629e+07
3.29832e+07 1.11629e+07 3.29804e+07 1.11569e+07
3.29804e+07 1.11569e+07 3.29806e+07 1.11504e+07
3.29806e+07 1.11504e+07 3.29819e+07 1.11506e+07
3.29819e+07 1.11506e+07 3.2982e+07 1.11515e+07
3.2982e+07 1.11515e+07 3.29826e+07 1.11528e+07
3.29826e+07 1.11528e+07 3.29799e+07 1.11528e+07
3.29799e+07 1.11528e+07 3.29802e+07 1.11506e+07
3.29802e+07 1.11506e+07 3.29814e+07 1.11501e+07
3.29814e+07 1.11501e+07 3.29819e+07 1.11506e+07
3.29819e+07 1.11506e+07 3.29814e+07 1.11501e+07
3.29814e+07 1.11501e+07 3.2982e+07 1.1149e+07
3.2982e+07 1.1149e+07 3.29814e+07 1.11513e+07
3.29814e+07 1.11513e+07 3.29814e+07 1.11504e+07
3.29814e+07 1.11504e+07 3.29795e+07 1.11505e+07
3.29795e+07 1.11505e+07 3.29781e+07 1.11512e+07
3.29781e+07 1.11512e+07 3.29787e+07 1.11529e+07
3.29787e+07 1.11529e+07 3.29793e+07 1.11528e+07
3.29793e+07 1.11528e+07 3.29794e+07 1.11551e+07
3.29794e+07 1.11551e+07 3.29786e+07 1.11566e+07
3.29786e+07 1.11566e+07 3.29794e+07 1.1155e+07
3.29794e+07 1.1155e+07 3.29805e+07 1.11531e+07
3.29805e+07 1.11531e+07 3.29819e+07 1.11528e+07
3.29819e+07 1.11528e+07 3.29826e+07 1.11528e+07
3.29826e+07 1.11528e+07 3.29839e+07 1.11529e+07
3.29839e+07 1.11529e+07 3.29828e+07 1.11549e+07
3.29828e+07 1.11549e+07 3.29826e+07 1.11528e+07
3.29826e+07 1.11528e+07 3.29788e+07 1.11528e+07
3.29788e+07 1.11528e+07 3.29783e+07 1.11528e+07
3.29783e+07 1.11528e+07 3.2978e+07 1.11532e+07
3.2978e+07 1.11532e+07 3.29787e+07 1.1156e+07
3.29787e+07 1.1156e+07 3.29799e+07 1.11552e+07
3.29799e+07 1.11552e+07 3.29805e+07 1.115e+07
3.29805e+07 1.115e+07 3.29814e+07 1.11501e+07
3.29814e+07 1.11501e+07 3.29819e+07 1.11506e+07
3.29819e+07 1.11506e+07 3.29819e+07 1.11507e+07
3.29819e+07 1.11507e+07 3.29827e+07 1.11525e+07
3.29827e+07 1.11525e+07 3.29827e+07 1.11529e+07
3.29827e+07 1.11529e+07 3.29827e+07 1.11576e+07
3.29827e+07 1.11576e+07 3.29827e+07 1.11591e+07
3.29827e+07 1.11591e+07 3.29827e+07 1.11554e+07
3.29827e+07 1.11554e+07 3.29827e+07 1.11529e+07
3.29827e+07 1.11529e+07 3.29827e+07 1.11588e+07
3.29827e+07 1.11588e+07 3.29826e+07 1.11634e+07
3.29826e+07 1.11634e+07 3.29821e+07 1.11641e+07
3.29821e+07 1.11641e+07 3.29829e+07 1.1162e+07
3.29829e+07 1.1162e+07 3.29872e+07 1.11616e+07
3.29872e+07 1.11616e+07 3.29903e+07 1.1162e+07
3.29903e+07 1.1162e+07 3.29898e+07 1.11626e+07
3.29898e+07 1.11626e+07 3.29846e+07 1.11599e+07
3.29846e+07 1.11599e+07 3.29851e+07 1.11578e+07
3.29851e+07 1.11578e+07 3.29849e+07 1.11583e+07
3.29849e+07 1.11583e+07 3.29781e+07 1.11573e+07
3.29781e+07 1.11573e+07 3.29794e+07 1.11532e+07
3.29794e+07 1.11532e+07 3.29793e+07 1.11565e+07
3.29793e+07 1.11565e+07 3.29793e+07 1.11622e+07
3.29793e+07 1.11622e+07 3.29788e+07 1.11646e+07
3.29788e+07 1.11646e+07 3.29804e+07 1.11622e+07
3.29804e+07 1.11622e+07 3.29809e+07 1.11623e+07
3.29809e+07 1.11623e+07 3.29837e+07 1.11618e+07
3.29837e+07 1.11618e+07 3.29827e+07 1.11594e+07
3.29827e+07 1.11594e+07 3.29827e+07 1.11552e+07
3.29827e+07 1.11552e+07 3.29839e+07 1.11529e+07
3.29839e+07 1.11529e+07 3.29843e+07 1.11525e+07
3.29843e+07 1.11525e+07 3.29819e+07 1.11506e+07
3.29819e+07 1.11506e+07 3.29827e+07 1.11512e+07
3.29827e+07 1.11512e+07 3.29827e+07 1.11517e+07
3.29827e+07 1.11517e+07 3.29828e+07 1.11522e+07
3.29828e+07 1.11522e+07 3.29828e+07 1.11528e+07
3.29828e+07 1.11528e+07 3.29831e+07 1.11521e+07
3.29831e+07 1.11521e+07 3.29809e+07 1.11551e+07
3.29809e+07 1.11551e+07 3.29814e+07 1.11646e+07
3.29814e+07 1.11646e+07 3.29825e+07 1.11693e+07
3.29825e+07 1.11693e+07 3.29815e+07 1.11649e+07
3.29815e+07 1.11649e+07 3.29807e+07 1.11593e+07
3.29807e+07 1.11593e+07 3.29804e+07 1.11567e+07
3.29804e+07 1.11567e+07 3.29826e+07 1.11544e+07
3.29826e+07 1.11544e+07 3.29828e+07 1.11528e+07
3.29828e+07 1.11528e+07 3.29828e+07 1.11439e+07
3.29828e+07 1.11439e+07 3.2982e+07 1.1144e+07
3.2982e+07 1.1144e+07 3.29816e+07 1.11473e+07
3.29816e+07 1.11473e+07 3.2981e+07 1.11428e+07
3.2981e+07 1.11428e+07 3.29829e+07 1.11466e+07
3.29829e+07 1.11466e+07 3.29819e+07 1.11506e+07
3.29819e+07 1.11506e+07 3.29827e+07 1.11567e+07
3.29827e+07 1.11567e+07 3.29826e+07 1.11619e+07
3.29826e+07 1.11619e+07 3.2982e+07 1.1163e+07
3.2982e+07 1.1163e+07 3.29814e+07 1.11619e+07
3.29814e+07 1.11619e+07 3.29814e+07 1.11568e+07
3.29814e+07 1.11568e+07 3.29843e+07 1.11568e+07
3.29843e+07 1.11568e+07 3.29855e+07 1.11574e+07
3.29855e+07 1.11574e+07 3.2985e+07 1.11574e+07
3.2985e+07 1.11574e+07 3.29828e+07 1.11557e+07
3.29828e+07 1.11557e+07 3.29838e+07 1.11552e+07
3.29838e+07 1.11552e+07 3.29904e+07 1.11547e+07
3.29904e+07 1.11547e+07 3.29915e+07 1.11546e+07
3.29915e+07 1.11546e+07 3.29819e+07 1.11035e+07
3.29819e+07 1.11035e+07 3.29819e+07 1.11506e+07
3.29819e+07 1.11506e+07 3.29827e+07 1.11568e+07
3.29827e+07 1.11568e+07 3.2983e+07 1.11569e+07
3.2983e+07 1.11569e+07 3.29825e+07 1.11544e+07
3.29825e+07 1.11544e+07 3.29827e+07 1.11589e+07
3.29827e+07 1.11589e+07 3.29826e+07 1.11615e+07
3.29826e+07 1.11615e+07 3.2981e+07 1.11605e+07
3.2981e+07 1.11605e+07 3.29819e+07 1.11568e+07
3.29819e+07 1.11568e+07 3.2983e+07 1.1157e+07
3.2983e+07 1.1157e+07 3.2983e+07 1.11569e+07
3.2983e+07 1.11569e+07 3.29828e+07 1.11548e+07
3.29828e+07 1.11548e+07 3.29814e+07 1.11529e+07
3.29814e+07 1.11529e+07 3.29819e+07 1.11506e+07
3.29819e+07 1.11506e+07 3.29827e+07 1.11516e+07
3.29827e+07 1.11516e+07 3.29828e+07 1.11437e+07
