3.30006e+07 1.1145e+07 3.30049e+07 1.11366e+07
3.30049e+07 1.11366e+07 3.30041e+07 1.11345e+07
3.30041e+07 1.11345e+07 3.30048e+07 1.11366e+07
3.30048e+07 1.11366e+07 3.30068e+07 1.11348e+07
3.30068e+07 1.11348e+07 3.30046e+07 1.11375e+07
3.30046e+07 1.11375e+07 3.3002e+07 1.1147e+07
3.3002e+07 1.1147e+07 3.29999e+07 1.11409e+07
3.29999e+07 1.11409e+07 3.30012e+07 1.11576e+07
3.30012e+07 1.11576e+07 3.30017e+07 1.11569e+07
3.30017e+07 1.11569e+07 3.30013e+07 1.11536e+07
3.30013e+07 1.11536e+07 3.30008e+07 1.11515e+07
3.30008e+07 1.11515e+07 3.29982e+07 1.11476e+07
3.29982e+07 1.11476e+07 3.29964e+07 1.11522e+07
3.29964e+07 1.11522e+07 3.29986e+07 1.11594e+07
3.29986e+07 1.11594e+07 3.29895e+07 1.11439e+07
3.29895e+07 1.11439e+07 3.29929e+07 1.11351e+07
3.29929e+07 1.11351e+07 3.29929e+07 1.11348e+07
3.29929e+07 1.11348e+07 3.29929e+07 1.11346e+07
3.29929e+07 1.11346e+07 3.29929e+07 1.11404e+07
3.29929e+07 1.11404e+07 3.30004e+07 1.11438e+07
3.30004e+07 1.11438e+07 3.29994e+07 1.1147e+07
3.29994e+07 1.1147e+07 3.29974e+07 1.1139e+07
3.29974e+07 1.1139e+07 3.3007e+07 1.11297e+07
3.3007e+07 1.11297e+07 3.30068e+07 1.11349e+07
3.30068e+07 1.11349e+07 3.3006e+07 1.11385e+07
3.3006e+07 1.11385e+07 3.30053e+07 1.11385e+07
3.30053e+07 1.11385e+07 3.30016e+07 1.11505e+07
3.30016e+07 1.11505e+07 3.30001e+07 1.11375e+07
3.30001e+07 1.11375e+07 3.30026e+07 1.11307e+07
3.30026e+07 1.11307e+07 3.30024e+07 1.11357e+07
3.30024e+07 1.11357e+07 3.3002e+07 1.11386e+07
3.3002e+07 1.11386e+07 3.29939e+07 1.11437e+07
3.29939e+07 1.11437e+07 3.29935e+07 1.11425e+07
3.29935e+07 1.11425e+07 3.29983e+07 1.11496e+07
3.29983e+07 1.11496e+07 3.29983e+07 1.1149e+07
3.29983e+07 1.1149e+07 3.30014e+07 1.11501e+07
3.30014e+07 1.11501e+07 3.30059e+07 1.11425e+07
3.30059e+07 1.11425e+07 3.30059e+07 1.11386e+07
3.30059e+07 1.11386e+07 3.30075e+07 1.11368e+07
3.30075e+07 1.11368e+07 3.30068e+07 1.11348e+07
3.30068e+07 1.11348e+07 3.30053e+07 1.11374e+07
3.30053e+07 1.11374e+07 3.30044e+07 1.11468e+07
3.30044e+07 1.11468e+07 3.29974e+07 1.11526e+07
3.29974e+07 1.11526e+07 3.29982e+07 1.11491e+07
3.29982e+07 1.11491e+07 3.30013e+07 1.1148e+07
3.30013e+07 1.1148e+07 3.30009e+07 1.1147e+07
3.30009e+07 1.1147e+07 3.30013e+07 1.11515e+07
3.30013e+07 1.11515e+07 3.30021e+07 1.11488e+07
3.30021e+07 1.11488e+07 3.30006e+07 1.11439e+07
3.30006e+07 1.11439e+07 3.30013e+07 1.11516e+07
3.30013e+07 1.11516e+07 3.30031e+07 1.11521e+07
3.30031e+07 1.11521e+07 3.30049e+07 1.11557e+07
3.30049e+07 1.11557e+07 3.30013e+07 1.11513e+07
3.30013e+07 1.11513e+07 3.29933e+07 1.11578e+07
3.29933e+07 1.11578e+07 3.30012e+07 1.1156e+07
3.30012e+07 1.1156e+07 3.30004e+07 1.11415e+07
3.30004e+07 1.11415e+07 3.30005e+07 1.11365e+07
3.30005e+07 1.11365e+07 3.30044e+07 1.11363e+07
3.30044e+07 1.11363e+07 3.30068e+07 1.11348e+07
3.30068e+07 1.11348e+07 3.30066e+07 1.11348e+07
3.30066e+07 1.11348e+07 3.29946e+07 1.11385e+07
3.29946e+07 1.11385e+07 3.30013e+07 1.11453e+07
3.30013e+07 1.11453e+07 3.30016e+07 1.11526e+07
3.30016e+07 1.11526e+07 3.30028e+07 1.11494e+07
3.30028e+07 1.11494e+07 3.30013e+07 1.11457e+07
3.30013e+07 1.11457e+07 3.30013e+07 1.11437e+07
3.30013e+07 1.11437e+07 3.29972e+07 1.11433e+07
3.29972e+07 1.11433e+07 3.29986e+07 1.11492e+07
3.29986e+07 1.11492e+07 3.3e+07 1.11491e+07
3.3e+07 1.11491e+07 3.30046e+07 1.1151e+07
3.30046e+07 1.1151e+07 3.30024e+07 1.11445e+07
3.30024e+07 1.11445e+07 3.29955e+07 1.11448e+07
3.29955e+07 1.11448e+07 3.29979e+07 1.11396e+07
3.29979e+07 1.11396e+07 3.29972e+07 1.11404e+07
3.29972e+07 1.11404e+07 3.29982e+07 1.11347e+07
3.29982e+07 1.11347e+07 3.30104e+07 1.11278e+07
3.30104e+07 1.11278e+07 3.30061e+07 1.11319e+07
3.30061e+07 1.11319e+07 3.30068e+07 1.11348e+07
3.30068e+07 1.11348e+07 3.30066e+07 1.11347e+07
3.30066e+07 1.11347e+07 3.3e+07 1.11443e+07
3.3e+07 1.11443e+07 3.29974e+07 1.11491e+07
3.29974e+07 1.11491e+07 3.29973e+07 1.11466e+07
3.29973e+07 1.11466e+07 3.30005e+07 1.11438e+07
3.30005e+07 1.11438e+07 3.29994e+07 1.11431e+07
3.29994e+07 1.11431e+07 3.29985e+07 1.11435e+07
3.29985e+07 1.11435e+07 3.30025e+07 1.11515e+07
3.30025e+07 1.11515e+07 3.30039e+07 1.11473e+07
3.30039e+07 1.11473e+07 3.29972e+07 1.11416e+07
3.29972e+07 1.11416e+07 3.29953e+07 1.11393e+07
3.29953e+07 1.11393e+07 3.29976e+07 1.11434e+07
3.29976e+07 1.11434e+07 3.2995e+07 1.11431e+07
3.2995e+07 1.11431e+07 3.29953e+07 1.11437e+07
3.29953e+07 1.11437e+07 3.29932e+07 1.11426e+07
3.29932e+07 1.11426e+07 3.29954e+07 1.11392e+07
3.29954e+07 1.11392e+07 3.29955e+07 1.11391e+07
3.29955e+07 1.11391e+07 3.30021e+07 1.11444e+07
3.30021e+07 1.11444e+07 3.30059e+07 1.11392e+07
3.30059e+07 1.11392e+07 3.30044e+07 1.11374e+07
3.30044e+07 1.11374e+07 3.30035e+07 1.11494e+07
3.30035e+07 1.11494e+07 3.30018e+07 1.11447e+07
3.30018e+07 1.11447e+07 3.30068e+07 1.11348e+07
3.30068e+07 1.11348e+07 3.30059e+07 1.11375e+07
3.30059e+07 1.11375e+07 3.30059e+07 1.11374e+07
3.30059e+07 1.11374e+07 3.30062e+07 1.11385e+07
3.30062e+07 1.11385e+07 3.30021e+07 1.1143e+07
3.30021e+07 1.1143e+07 3.29988e+07 1.11414e+07
3.29988e+07 1.11414e+07 3.30027e+07 1.11458e+07
3.30027e+07 1.11458e+07 3.30022e+07 1.11503e+07
3.30022e+07 1.11503e+07 3.29974e+07 1.11511e+07
3.29974e+07 1.11511e+07 3.29892e+07 1.11529e+07
3.29892e+07 1.11529e+07 3.29861e+07 1.11472e+07
3.29861e+07 1.11472e+07 3.29895e+07 1.11498e+07
3.29895e+07 1.11498e+07 3.2986e+07 1.11552e+07
3.2986e+07 1.11552e+07 3.29861e+07 1.11472e+07
3.29861e+07 1.11472e+07 3.29862e+07 1.11472e+07
3.29862e+07 1.11472e+07 3.29843e+07 1.11418e+07
3.29843e+07 1.11418e+07 3.29827e+07 1.11394e+07
3.29827e+07 1.11394e+07 3.2983e+07 1.11395e+07
3.2983e+07 1.11395e+07 3.29868e+07 1.11375e+07
3.29868e+07 1.11375e+07 3.29868e+07 1.11376e+07
3.29868e+07 1.11376e+07 3.29868e+07 1.11375e+07
3.29868e+07 1.11375e+07 3.29844e+07 1.11486e+07
3.29844e+07 1.11486e+07 3.30029e+07 1.11372e+07
3.30029e+07 1.11372e+07 3.30154e+07 1.11165e+07
3.30154e+07 1.11165e+07 3.30158e+07 1.11168e+07
3.30158e+07 1.11168e+07 3.30157e+07 1.1117e+07
3.30157e+07 1.1117e+07 3.30119e+07 1.11259e+07
3.30119e+07 1.11259e+07 3.30068e+07 1.11349e+07
3.30068e+07 1.11349e+07 3.30066e+07 1.1137e+07
3.30066e+07 1.1137e+07 3.29994e+07 1.1141e+07
3.29994e+07 1.1141e+07 3.29981e+07 1.11453e+07
3.29981e+07 1.11453e+07 3.29959e+07 1.11347e+07
3.29959e+07 1.11347e+07 3.29983e+07 1.11359e+07
3.29983e+07 1.11359e+07 3.29988e+07 1.11395e+07
3.29988e+07 1.11395e+07 3.29985e+07 1.11347e+07
3.29985e+07 1.11347e+07 3.29949e+07 1.11307e+07
3.29949e+07 1.11307e+07 3.30068e+07 1.11348e+07
3.30068e+07 1.11348e+07 3.30017e+07 1.11432e+07
3.30017e+07 1.11432e+07 3.29974e+07 1.11454e+07
3.29974e+07 1.11454e+07 3.29959e+07 1.11641e+07
3.29959e+07 1.11641e+07 3.30006e+07 1.11526e+07
3.30006e+07 1.11526e+07 3.29955e+07 1.11543e+07
3.29955e+07 1.11543e+07 3.29974e+07 1.11456e+07
3.29974e+07 1.11456e+07 3.29949e+07 1.11436e+07
3.29949e+07 1.11436e+07 3.29872e+07 1.11413e+07
3.29872e+07 1.11413e+07 3.29905e+07 1.11363e+07
3.29905e+07 1.11363e+07 3.29877e+07 1.11375e+07
3.29877e+07 1.11375e+07 3.2991e+07 1.11374e+07
3.2991e+07 1.11374e+07 3.29935e+07 1.11405e+07
3.29935e+07 1.11405e+07 3.29994e+07 1.11403e+07
3.29994e+07 1.11403e+07 3.30041e+07 1.11416e+07
3.30041e+07 1.11416e+07 3.30079e+07 1.11492e+07
3.30079e+07 1.11492e+07 3.30153e+07 1.11059e+07
3.30153e+07 1.11059e+07 3.30404e+07 1.1099e+07
3.30404e+07 1.1099e+07 3.30719e+07 1.1101e+07
3.30719e+07 1.1101e+07 3.30723e+07 1.11024e+07
3.30723e+07 1.11024e+07 3.30741e+07 1.10979e+07
3.30741e+07 1.10979e+07 3.30741e+07 1.10979e+07
3.30741e+07 1.10979e+07 3.30723e+07 1.11023e+07
3.30723e+07 1.11023e+07 3.308e+07 1.11016e+07
3.308e+07 1.11016e+07 3.308e+07 1.11015e+07
3.308e+07 1.11015e+07 3.30696e+07 1.10966e+07
3.30696e+07 1.10966e+07 3.30696e+07 1.10965e+07
3.30696e+07 1.10965e+07 3.30698e+07 1.10966e+07
3.30698e+07 1.10966e+07 3.30718e+07 1.10996e+07
3.30718e+07 1.10996e+07 3.30745e+07 1.1095e+07
3.30745e+07 1.1095e+07 3.30744e+07 1.10953e+07
3.30744e+07 1.10953e+07 3.30747e+07 1.10953e+07
3.30747e+07 1.10953e+07 3.30748e+07 1.1098e+07
3.30748e+07 1.1098e+07 3.30741e+07 1.10978e+07
3.30741e+07 1.10978e+07 3.30741e+07 1.10978e+07
3.30741e+07 1.10978e+07 3.30741e+07 1.10978e+07
3.30741e+07 1.10978e+07 3.30741e+07 1.10979e+07
3.30741e+07 1.10979e+07 3.30741e+07 1.10979e+07
3.30741e+07 1.10979e+07 3.30741e+07 1.10978e+07
3.30741e+07 1.10978e+07 3.30721e+07 1.10988e+07
3.30721e+07 1.10988e+07 3.30715e+07 1.10999e+07
3.30715e+07 1.10999e+07 3.30748e+07 1.10953e+07
3.30748e+07 1.10953e+07 3.30802e+07 1.1101e+07
3.30802e+07 1.1101e+07 3.308e+07 1.11016e+07
3.308e+07 1.11016e+07 3.30745e+07 1.1095e+07
3.30745e+07 1.1095e+07 3.30748e+07 1.1098e+07
3.30748e+07 1.1098e+07 3.308e+07 1.11016e+07
3.308e+07 1.11016e+07 3.30795e+07 1.10998e+07
3.30795e+07 1.10998e+07 3.30745e+07 1.10949e+07
3.30745e+07 1.10949e+07 3.30723e+07 1.11005e+07
3.30723e+07 1.11005e+07 3.30696e+07 1.10965e+07
3.30696e+07 1.10965e+07 3.30698e+07 1.10966e+07
3.30698e+07 1.10966e+07 3.30745e+07 1.1095e+07
3.30745e+07 1.1095e+07 3.30741e+07 1.10978e+07
3.30741e+07 1.10978e+07 3.30741e+07 1.10979e+07
3.30741e+07 1.10979e+07 3.30741e+07 1.10977e+07
3.30741e+07 1.10977e+07 3.30741e+07 1.10978e+07
3.30741e+07 1.10978e+07 3.30741e+07 1.10979e+07
3.30741e+07 1.10979e+07 3.30696e+07 1.10965e+07
3.30696e+07 1.10965e+07 3.30718e+07 1.11e+07
3.30718e+07 1.11e+07 3.30745e+07 1.10947e+07
3.30745e+07 1.10947e+07 3.30771e+07 1.10901e+07
3.30771e+07 1.10901e+07 3.29787e+07 1.10951e+07
3.29787e+07 1.10951e+07 3.308e+07 1.11016e+07
3.308e+07 1.11016e+07 3.30749e+07 1.1101e+07
3.30749e+07 1.1101e+07 3.30735e+07 1.1097e+07
3.30735e+07 1.1097e+07 3.30745e+07 1.10949e+07
