-11040.0 154934.0
-10413.2 153485.0
-10496.7 147463.0
-6009.44 143626.0
-3489.17 142538.0
-3587.13 139256.0
-4350.78 138613.0
-7511.14 139325.0
-12886.8 139461.0
-16583.7 137702.0
-18259.0 128416.0
-19766.3 126566.0
-19223.1 126325.0
-14684.6 129349.0
-14690.1 128625.0
-14425.2 129353.0
-12579.5 132446.0
-12649.7 134975.0
-12531.7 134906.0
-11901.6 133757.0
-10763.9 136128.0
-8782.41 142355.0
-8721.19 143609.0
-7825.07 143537.0
-7772.75 136391.0
-6959.0 136092.0
-6236.54 138755.0
-6122.99 142720.0
-6931.17 143615.0
-8842.53 143713.0
-10553.5 145372.0
-10433.3 150758.0
-12439.3 159133.0
-13682.7 159601.0
-13611.5 161571.0
-17507.6 159394.0
-15653.1 158013.0
-14563.2 157085.0
-13821.8 156758.0
-9661.84 156958.0
-8629.91 156931.0
-4236.13 156117.0
-3623.87 154300.0
-1120.29 153790.0
4432.32 151321.0
4135.1 141491.0
5319.54 132909.0
12665.5 125081.0
15445.2 117386.0
15244.8 114381.0
15922.7 121323.0
13802.1 124537.0
11737.1 126668.0
7115.12 133454.0
4504.68 136622.0
4424.53 137936.0
4417.85 136876.0
3782.22 135914.0
3980.37 134396.0
4394.47 136440.0
4789.66 140200.0
5231.6 140783.0
5397.46 141353.0
6148.87 142386.0
5941.82 142642.0
5319.54 140913.0
4798.56 140200.0
3769.97 137511.0
3308.0 138357.0
3545.11 137836.0
3616.35 139078.0
6686.54 130435.0
14739.4 122028.0
15887.1 114657.0
15310.5 116785.0
14845.1 122300.0
11559.0 126127.0
8112.55 128589.0
4388.91 136413.0
-41.6067 142135.0
-1497.67 144528.0
-6196.46 143606.0
-11518.6 145782.0
-15619.7 145031.0
-16868.7 145196.0
-15566.2 145145.0
-12982.5 147169.0
-13582.5 148516.0
-12951.3 148246.0
-11729.0 150366.0
-10772.8 150506.0
-11832.6 152770.0
-12020.7 154235.0
-18343.6 155141.0
-19518.1 139505.0
-16131.7 135111.0
-18507.3 140521.0
-18018.6 141569.0
-16209.6 141022.0
-9078.52 135119.0
-9734.19 134209.0
-9540.5 135053.0
-13235.2 139472.0
-10507.9 139461.0
-7813.93 136157.0
-4712.57 133111.0
-6980.15 134919.0
-8527.49 138895.0
-8952.73 141629.0
-7921.91 141536.0
-4633.54 143618.0
-1701.38 151345.0
76.3919 158169.0
665.272 157855.0
-7063.64 162940.0
-7478.86 165663.0
-7059.19 164083.0
-8330.46 155003.0
-8213.57 154957.0
-9182.05 157083.0
-14030.0 155124.0
-15675.3 141990.0
-20114.7 127236.0
-19719.6 127612.0
-17959.6 131704.0
-14736.9 137767.0
-13964.3 144395.0
-11832.6 148358.0
-10770.6 154979.0
-8680.0 154591.0
-1532.17 154115.0
6116.59 152721.0
15077.8 152314.0
21562.2 152968.0
19263.4 152946.0
15671.1 151690.0
12458.5 150860.0
8488.81 150635.0
4533.62 151031.0
4996.71 152628.0
8214.96 152472.0
5844.97 150918.0
2144.71 150816.0
-735.127 148097.0
-1206.01 149119.0
-4101.43 148794.0
-3655.04 148887.0
-6027.26 154480.0
-8294.83 154997.0
-8392.79 154819.0
-8294.83 154961.0
-8310.42 154943.0
-7641.39 156865.0
-8441.78 154640.0
-10854.1 153875.0
-10785.1 149295.0
-8509.68 151639.0
-8250.31 155596.0
-7307.43 156139.0
-9667.4 155451.0
-10866.3 153200.0
-10810.7 149493.0
-10057.0 149226.0
-11227.0 150746.0
-8564.23 148498.0
-5842.47 145441.0
39.6565 147028.0
2454.18 147008.0
5382.99 141278.0
6119.93 142411.0
5958.51 142482.0
5928.46 142703.0
4595.96 141565.0
-227.51 149589.0
-1426.42 148231.0
-1224.93 149106.0
-2840.18 149081.0
-2761.14 147040.0
-1181.52 140970.0
-234.189 141467.0
-1765.95 142202.0
-1695.81 141413.0
-1160.37 139445.0
-2884.71 136449.0
-3965.62 136353.0
-5339.3 134467.0
-5804.62 134850.0
-12036.3 135182.0
-12602.9 133971.0
-12195.5 135226.0
-10550.2 136355.0
-10029.2 136326.0
-8961.64 137399.0
-8737.89 143390.0
-8144.55 143702.0
-9066.28 145468.0
-10551.3 146628.0
-11937.2 144139.0
-11451.9 143408.0
-10958.7 145074.0
-10540.1 149157.0
-10426.6 153741.0
-14070.1 155135.0
-15981.4 156722.0
-15453.8 157882.0
-15552.9 155751.0
-16013.7 152799.0
-16466.8 152024.0
-14426.3 149244.0
-12129.8 149362.0
-10053.7 149230.0
-9618.42 151210.0
-9454.78 150873.0
-10810.7 149188.0
-12491.6 148242.0
-13018.1 148505.0
-12973.6 148451.0
-13018.1 148549.0
-13412.2 148402.0
-12105.3 148257.0
-11795.8 146619.0
-9875.57 142847.0
-8724.53 143529.0
-4474.35 143604.0
-2080.98 144591.0
-2080.98 146376.0
-2728.86 146962.0
-2595.28 152403.0
-2839.07 153409.0
-424.546 152648.0
3020.79 152726.0
4070.54 151083.0
2746.95 150965.0
119.807 149415.0
-487.998 149740.0
-885.408 149164.0
-2577.46 149090.0
-3642.79 149584.0
-4391.97 148513.0
-3738.53 147064.0
-2178.94 147175.0
-1949.62 147037.0
-725.108 147229.0
-1022.33 148509.0
-1702.49 148968.0
-1917.34 143622.0
-8152.34 143642.0
-9727.52 144348.0
-11298.2 145675.0
-14013.3 143268.0
-14152.5 139623.0
-10285.2 139448.0
-4720.36 134839.0
1404.43 137678.0
6109.91 131484.0
14027.0 123573.0
15615.5 114817.0
15968.4 119221.0
15383.9 121064.0
13721.9 124584.0
12379.4 128060.0
8894.01 130907.0
6724.39 134799.0
6097.66 140957.0
6142.19 142409.0
6069.83 142344.0
5925.12 142426.0
5947.38 142640.0
5934.02 142451.0
4465.72 142480.0
4197.44 141803.0
4394.47 151955.0
1251.93 152634.0
-983.37 152577.0
-1856.11 153376.0
-3653.92 148703.0
-2693.24 148275.0
-3666.17 148462.0
-4602.37 147411.0
-2761.14 147024.0
-1580.04 153456.0
381.407 157982.0
-1876.15 158016.0
-3518.11 155217.0
-4006.81 154638.0
-3550.4 155177.0
-3307.72 157931.0
-560.356 161275.0
-1178.18 159939.0
-3050.57 158078.0
-2959.29 155130.0
-693.939 155916.0
-209.699 155128.0
1315.38 153683.0
2181.44 151490.0
19.619 150266.0
-1036.8 149115.0
-3586.02 149077.0
-5461.75 148852.0
-6041.73 146013.0
-4943.0 149119.0
-3613.85 151477.0
-4104.77 152165.0
-3547.06 154001.0
-2588.6 154376.0
-583.733 157973.0
991.438 162079.0
644.121 160491.0
1179.57 157989.0
4310.99 158185.0
7101.77 161253.0
6255.74 160171.0
3684.26 159084.0
656.366 159490.0
-475.753 158995.0
-2644.26 162097.0
-3245.38 158960.0
-1098.03 157691.0
-2964.86 157606.0
-3274.32 158719.0
-2410.49 164083.0
-2285.81 168126.0
-2397.13 163878.0
-3220.89 160013.0
-2902.52 157771.0
-984.483 149190.0
-87.2477 148507.0
-3225.34 149077.0
-3658.38 149017.0
-5587.54 154449.0
-8327.12 155030.0
-8284.82 154954.0
-7274.03 158189.0
-4022.39 160723.0
636.329 160191.0
-991.162 157967.0
-4165.99 157116.0
-7766.07 156878.0
-7868.48 154863.0
-10604.7 154195.0
-10861.9 153418.0
-10713.8 156896.0
-16471.3 152608.0
-16513.6 146231.0
-16053.8 145234.0
-13096.0 146035.0
-15687.6 145000.0
-18417.1 142344.0
-17460.9 141556.0
-15618.5 144426.0
-14663.4 145742.0
-7842.88 143647.0
-2774.5 142747.0
-1201.56 141124.0
-637.166 144911.0
-2587.48 142638.0
-3747.43 144383.0
-4829.46 145421.0
-7306.32 147126.0
-10172.8 146087.0
-10447.8 147280.0
-11793.6 148244.0
-8763.49 149197.0
-8454.02 154905.0
-8338.25 154968.0
-8353.83 154945.0
-8243.63 154894.0
-11430.7 154979.0
-12992.5 155184.0
-10859.6 152356.0
-7308.54 156025.0
-7864.03 155587.0
-7337.49 155043.0
-6593.87 149651.0
-4080.28 149070.0
-4271.75 149083.0
-3824.24 150909.0
-4269.52 149108.0
-3508.1 145410.0
-1192.65 147028.0
1228.55 147024.0
3128.77 147672.0
3146.58 147436.0
4446.8 144361.0
6133.29 142375.0
5732.54 142527.0
4634.93 141536.0
4545.87 141598.0
4404.49 143239.0
4505.79 152138.0
4875.38 152436.0
4543.64 151806.0
3377.01 151007.0
2128.01 149315.0
1298.68 143753.0
1247.47 144203.0
19.619 140984.0
-382.244 141787.0
983.646 140514.0
5514.35 132869.0
12904.9 152392.0
20702.8 150553.0
22648.6 149464.0
21129.1 149791.0
17629.2 151599.0
14680.4 151261.0
12349.4 150856.0
8583.43 150642.0
7590.46 152708.0
4348.83 153391.0
5136.98 154311.0
4192.99 153109.0
-715.09 153623.0
-683.92 152706.0
-1701.38 152608.0
-2638.69 150290.0
-2706.6 147102.0
-2078.75 146096.0
-2670.97 146407.0
-2670.97 149168.0
-2768.93 144043.0
-2392.67 145278.0
-1739.23 145457.0
-1888.4 147044.0
-1704.72 152590.0
-4208.3 152541.0
-4049.11 151539.0
-2734.43 151040.0
-158.492 145363.0
632.989 141850.0
80.8447 141547.0
1259.72 143353.0
2505.38 142796.0
1771.79 141413.0
2022.26 143008.0
2405.2 144477.0
327.974 145323.0
-1181.52 145359.0
-1807.13 148769.0
-2649.82 149070.0
-3658.38 147345.0
-3345.57 147333.0
-2718.84 147086.0
-4744.86 147064.0
-6117.42 145492.0
-6305.55 142593.0
-7237.3 143090.0
-9954.61 144009.0
-10593.6 145085.0
-10492.3 145232.0
-11051.1 145648.0
-10568.0 146269.0
-10537.9 147173.0
-10822.9 149359.0
-10789.5 151205.0
-9409.14 151454.0
-8943.83 151909.0
-10962.0 149257.0
-13703.8 149261.0
-13829.6 146830.0
-15095.3 145403.0
-13526.8 145951.0
-10507.9 145599.0
-11847.0 144199.0
-14259.3 140294.0
-14021.1 143520.0
-14099.0 141899.0
-13755.1 137533.0
-12276.7 132201.0
-10854.1 133042.0
-11084.5 134716.0
-10739.4 136669.0
-9500.42 136311.0
-9344.58 140505.0
-9331.22 139485.0
-9184.28 139477.0
-8779.07 142529.0
-6384.59 145428.0
-6128.56 143653.0
-3024.97 143537.0
-2312.52 145394.0
-717.316 146327.0
568.424 148269.0
864.534 146997.0
4265.34 146984.0
3318.02 140142.0
663.046 136161.0
1672.71 134781.0
3068.66 136593.0
3900.22 138675.0
6122.15 142409.0
5951.83 142680.0
5782.63 142487.0
5092.45 140581.0
3559.58 137827.0
3398.17 139710.0
-345.509 135384.0
-4758.21 139964.0
-10514.5 147318.0
-12040.7 151359.0
-11701.2 151372.0
-12370.2 151381.0
-11571.0 152436.0
-11684.5 151354.0
-12853.4 149371.0
-13756.2 149587.0
-12326.8 148213.0
-10785.1 149805.0
-12872.3 150597.0
-16404.5 151336.0
-14379.6 152140.0
-11707.9 152915.0
-12774.3 152973.0
-17113.6 152795.0
-17029.0 151608.0
-9164.24 143967.0
-6927.83 138290.0
-6036.16 140449.0
-4679.18 144370.0
-4577.88 148413.0
-4634.65 145855.0
-6863.27 147097.0
-8411.72 149513.0
-9405.8 151459.0
-12597.3 149359.0
-19622.7 149072.0
-27070.0 148930.0
-27810.3 148335.0
-23526.7 148796.0
-20639.1 150323.0
-19543.7 145626.0
-16720.6 144339.0
-13847.4 148235.0
-10812.9 149106.0
-9346.8 150399.0
-8491.87 152857.0
-11569.9 154981.0
-14083.4 154589.0
-11977.3 153990.0
-8858.11 154616.0
-8407.27 155168.0
-8333.8 154977.0
-38412.3 146677.0
-34346.9 148286.0
-21958.2 148827.0
-13038.2 148522.0
-12784.3 153164.0
-12761.0 152423.0
-10825.1 151377.0
-10831.8 154923.0
-9306.73 161335.0
-7065.87 163969.0
-518.054 159801.0
1181.79 157982.0
-2990.46 157530.0
-3759.68 162192.0
-2871.35 157849.0
-6355.65 158784.0
-5574.19 161373.0
-6685.15 157561.0
-8344.93 154983.0
-8322.66 155066.0
-7176.07 154502.0
-2770.05 153443.0
-5589.77 154451.0
-7524.5 156860.0
-8429.53 154658.0
-8164.59 153229.0
-8470.72 154115.0
-7861.8 155662.0
-8400.59 154542.0
-10467.8 148389.0
-11697.9 143586.0
-10865.2 145831.0
-8576.47 148164.0
-8468.49 154496.0
-8485.19 162085.0
-4605.71 164120.0
-4537.8 162277.0
-3980.09 166162.0
-4045.77 164020.0
-10151.6 158303.0
-8703.38 156920.0
-8484.08 152329.0
-6295.54 148899.0
-5229.09 152708.0
-519.167 149357.0
2479.78 147026.0
4461.27 143473.0
6152.21 142375.0
5966.31 142524.0
5101.35 140592.0
4407.83 147941.0
337.993 153627.0
-970.011 152614.0
-2344.81 153158.0
-1698.04 152643.0
4544.76 152321.0
5187.07 143718.0
5042.35 142491.0
4558.11 141598.0
4315.44 141454.0
1376.6 143484.0
88.6371 145325.0
-1073.54 148761.0
-747.372 147008.0
-787.447 145866.0
-5.98447 145330.0
-682.807 146091.0
-777.429 145882.0
-41.6067 145327.0
319.068 141427.0
-1131.42 134690.0
-5423.9 134489.0
-4792.72 133984.0
-1765.95 134685.0
-1450.91 139198.0
-545.884 141997.0
-358.867 142028.0
19.619 145183.0
1327.62 150956.0
2984.06 152717.0
3108.73 152514.0
3105.4 152305.0
4452.36 148956.0
4713.96 141042.0
4416.74 138786.0
5010.07 140465.0
6135.51 142384.0
5940.7 142654.0
5603.4 142498.0
3353.64 136952.0
3614.13 133919.0
2637.85 133590.0
3005.21 134901.0
1215.19 140062.0
-528.073 143192.0
-1535.51 145354.0
-1734.78 149259.0
-1652.4 151857.0
-2154.45 155914.0
-5389.4 156266.0
-7223.94 156816.0
-9049.58 156898.0
-10087.1 156804.0
-10414.4 155938.0
-10799.5 156381.0
-10334.2 155313.0
-12338.0 157049.0
-12502.7 157094.0
-10880.8 156885.0
-10860.7 152879.0
-11213.6 150982.0
-10976.5 149673.0
-10446.6 148812.0
-2820.14 143508.0
-2109.92 141298.0
73972.5 98156.9
73965.8 98116.9
73973.6 98150.3
73973.6 98132.4
23632.7 213809.0
73988.1 98096.8
73958.0 98145.8
73983.6 98108.0
73970.3 98197.0
73971.4 98101.3
73982.5 98165.8
73979.2 98090.1
74381.0 98021.1
77329.9 102677.0
79906.9 105435.0
79617.5 105488.0
79622.0 105506.0
80111.8 104400.0
81286.2 103220.0
79638.7 105513.0
77877.6 106141.0
77119.5 102757.0
73787.7 101038.0
73907.9 98143.6
73827.8 98807.0
73558.4 99047.5
73959.1 98096.8
73973.6 98101.3
73974.7 98239.3
74001.4 98081.2
73973.6 98134.7
73950.2 98114.6
73968.0 98194.8
73971.4 98105.7
73970.3 98174.7
73971.4 98087.9
73978.1 98156.9
73965.8 98087.9
73973.6 98096.8
73885.7 98110.2
79516.2 104513.0
79589.7 105513.0
79780.0 105457.0
81288.4 103200.0
80680.6 104061.0
78877.2 99744.4
73884.6 98526.5
73897.9 97738.4
74355.4 98036.7
80076.1 99833.4
81297.3 103204.0
80170.8 104484.0
81292.9 103200.0
82002.0 103177.0
81880.6 102209.0
74859.7 99695.4
74051.5 97749.5
79655.4 100000.0
79925.9 105426.0
81286.2 103213.0
79931.4 105428.0
79624.2 104609.0
74886.4 100076.0
73952.5 97711.7
73936.9 97754.0
73955.8 97711.7
73942.4 97789.6
73950.2 97754.0
73940.2 97738.4
73940.2 97718.3
74464.5 98023.4
74944.3 100931.0
75794.8 102621.0
75758.1 102538.0
75821.5 102607.0
75109.1 101924.0
74867.5 99817.8
73608.5 97765.1
74004.8 98259.3
73934.6 98043.4
73966.9 98152.5
73978.1 98094.6
73965.8 98156.9
73950.2 98056.7
73968.0 98083.5
73969.2 98154.7
73970.3 98079.0
73966.9 98145.8
73887.9 98145.8
74400.0 99468.3
74129.5 99744.4
74068.2 100461.0
74058.2 100504.0
75778.1 99575.1
