3.2991e+07 1.1131e+07 3.29908e+07 1.11313e+07
3.29908e+07 1.11313e+07 3.29892e+07 1.11402e+07
3.29892e+07 1.11402e+07 3.29894e+07 1.11424e+07
3.29894e+07 1.11424e+07 3.29895e+07 1.11462e+07
3.29895e+07 1.11462e+07 3.29894e+07 1.11492e+07
3.29894e+07 1.11492e+07 3.29879e+07 1.11493e+07
3.29879e+07 1.11493e+07 3.2987e+07 1.11465e+07
3.2987e+07 1.11465e+07 3.29895e+07 1.11454e+07
3.29895e+07 1.11454e+07 3.2993e+07 1.11436e+07
3.2993e+07 1.11436e+07 3.29953e+07 1.11436e+07
3.29953e+07 1.11436e+07 3.29965e+07 1.11414e+07
3.29965e+07 1.11414e+07 3.29957e+07 1.11407e+07
3.29957e+07 1.11407e+07 3.2995e+07 1.11417e+07
3.2995e+07 1.11417e+07 3.29938e+07 1.11396e+07
3.29938e+07 1.11396e+07 3.2993e+07 1.11332e+07
3.2993e+07 1.11332e+07 3.29938e+07 1.1139e+07
3.29938e+07 1.1139e+07 3.29953e+07 1.11447e+07
3.29953e+07 1.11447e+07 3.2995e+07 1.11454e+07
3.2995e+07 1.11454e+07 3.29944e+07 1.11454e+07
3.29944e+07 1.11454e+07 3.29937e+07 1.11438e+07
3.29937e+07 1.11438e+07 3.29925e+07 1.11436e+07
3.29925e+07 1.11436e+07 3.29928e+07 1.11426e+07
3.29928e+07 1.11426e+07 3.29923e+07 1.11391e+07
3.29923e+07 1.11391e+07 3.29924e+07 1.11375e+07
3.29924e+07 1.11375e+07 3.29924e+07 1.11371e+07
3.29924e+07 1.11371e+07 3.29952e+07 1.11349e+07
3.29952e+07 1.11349e+07 3.29956e+07 1.11321e+07
3.29956e+07 1.11321e+07 3.29953e+07 1.11348e+07
3.29953e+07 1.11348e+07 3.29931e+07 1.11388e+07
3.29931e+07 1.11388e+07 3.2993e+07 1.11374e+07
3.2993e+07 1.11374e+07 3.29931e+07 1.11363e+07
3.29931e+07 1.11363e+07 3.29929e+07 1.11312e+07
3.29929e+07 1.11312e+07 3.29962e+07 1.11302e+07
3.29962e+07 1.11302e+07 3.29987e+07 1.11295e+07
3.29987e+07 1.11295e+07 3.30002e+07 1.11276e+07
3.30002e+07 1.11276e+07 3.3003e+07 1.11271e+07
3.3003e+07 1.11271e+07 3.30067e+07 1.11271e+07
3.30067e+07 1.11271e+07 3.30037e+07 1.11274e+07
3.30037e+07 1.11274e+07 3.30023e+07 1.11274e+07
3.30023e+07 1.11274e+07 3.30023e+07 1.11275e+07
3.30023e+07 1.11275e+07 3.29993e+07 1.11278e+07
3.29993e+07 1.11278e+07 3.29917e+07 1.11319e+07
3.29917e+07 1.11319e+07 3.29909e+07 1.11311e+07
3.29909e+07 1.11311e+07 3.29909e+07 1.1131e+07
3.29909e+07 1.1131e+07 3.29906e+07 1.1132e+07
3.29906e+07 1.1132e+07 3.29924e+07 1.11328e+07
3.29924e+07 1.11328e+07 3.29929e+07 1.11328e+07
3.29929e+07 1.11328e+07 3.29885e+07 1.11352e+07
3.29885e+07 1.11352e+07 3.29863e+07 1.11344e+07
3.29863e+07 1.11344e+07 3.29891e+07 1.11337e+07
3.29891e+07 1.11337e+07 3.29911e+07 1.11321e+07
3.29911e+07 1.11321e+07 3.29802e+07 1.1131e+07
3.29802e+07 1.1131e+07 3.29842e+07 1.11406e+07
3.29842e+07 1.11406e+07 3.2985e+07 1.11574e+07
3.2985e+07 1.11574e+07 3.29845e+07 1.11577e+07
3.29845e+07 1.11577e+07 3.29844e+07 1.11429e+07
3.29844e+07 1.11429e+07 3.29883e+07 1.11375e+07
3.29883e+07 1.11375e+07 3.29887e+07 1.11352e+07
3.29887e+07 1.11352e+07 3.29921e+07 1.11351e+07
3.29921e+07 1.11351e+07 3.29929e+07 1.11327e+07
3.29929e+07 1.11327e+07 3.29954e+07 1.11392e+07
3.29954e+07 1.11392e+07 3.29974e+07 1.11417e+07
3.29974e+07 1.11417e+07 3.29964e+07 1.11393e+07
3.29964e+07 1.11393e+07 3.29938e+07 1.11386e+07
3.29938e+07 1.11386e+07 3.2993e+07 1.11345e+07
3.2993e+07 1.11345e+07 3.29919e+07 1.11319e+07
3.29919e+07 1.11319e+07 3.29909e+07 1.11311e+07
3.29909e+07 1.11311e+07 3.29909e+07 1.11312e+07
3.29909e+07 1.11312e+07 3.29908e+07 1.11283e+07
3.29908e+07 1.11283e+07 3.2992e+07 1.11319e+07
3.2992e+07 1.11319e+07 3.29911e+07 1.11319e+07
3.29911e+07 1.11319e+07 3.29904e+07 1.11301e+07
3.29904e+07 1.11301e+07 3.2989e+07 1.11256e+07
3.2989e+07 1.11256e+07 3.29894e+07 1.11243e+07
3.29894e+07 1.11243e+07 3.29893e+07 1.11255e+07
3.29893e+07 1.11255e+07 3.29893e+07 1.11275e+07
3.29893e+07 1.11275e+07 3.29937e+07 1.11374e+07
3.29937e+07 1.11374e+07 3.29967e+07 1.11435e+07
3.29967e+07 1.11435e+07 3.29982e+07 1.11491e+07
3.29982e+07 1.11491e+07 3.29977e+07 1.11534e+07
3.29977e+07 1.11534e+07 3.29974e+07 1.11512e+07
3.29974e+07 1.11512e+07 3.29973e+07 1.11493e+07
3.29973e+07 1.11493e+07 3.29973e+07 1.11469e+07
3.29973e+07 1.11469e+07 3.29968e+07 1.11449e+07
3.29968e+07 1.11449e+07 3.29963e+07 1.11446e+07
3.29963e+07 1.11446e+07 3.29953e+07 1.11423e+07
3.29953e+07 1.11423e+07 3.2995e+07 1.11407e+07
3.2995e+07 1.11407e+07 3.29943e+07 1.11404e+07
3.29943e+07 1.11404e+07 3.29938e+07 1.11394e+07
3.29938e+07 1.11394e+07 3.29909e+07 1.1131e+07
3.29909e+07 1.1131e+07 3.29909e+07 1.11311e+07
3.29909e+07 1.11311e+07 3.2991e+07 1.1131e+07
3.2991e+07 1.1131e+07 3.29907e+07 1.1131e+07
3.29907e+07 1.1131e+07 3.2992e+07 1.11433e+07
3.2992e+07 1.11433e+07 3.2993e+07 1.11431e+07
3.2993e+07 1.11431e+07 3.29922e+07 1.11406e+07
3.29922e+07 1.11406e+07 3.29944e+07 1.11436e+07
3.29944e+07 1.11436e+07 3.29977e+07 1.11534e+07
3.29977e+07 1.11534e+07 3.30012e+07 1.11502e+07
3.30012e+07 1.11502e+07 3.30026e+07 1.1147e+07
3.30026e+07 1.1147e+07 3.30013e+07 1.11511e+07
3.30013e+07 1.11511e+07 3.29977e+07 1.11534e+07
3.29977e+07 1.11534e+07 3.29973e+07 1.11494e+07
3.29973e+07 1.11494e+07 3.29973e+07 1.11459e+07
3.29973e+07 1.11459e+07 3.29969e+07 1.11425e+07
3.29969e+07 1.11425e+07 3.29953e+07 1.11407e+07
3.29953e+07 1.11407e+07 3.29946e+07 1.11399e+07
3.29946e+07 1.11399e+07 3.29956e+07 1.11426e+07
3.29956e+07 1.11426e+07 3.29947e+07 1.11397e+07
3.29947e+07 1.11397e+07 3.29953e+07 1.11435e+07
3.29953e+07 1.11435e+07 3.29937e+07 1.11431e+07
3.29937e+07 1.11431e+07 3.29917e+07 1.11432e+07
3.29917e+07 1.11432e+07 3.29895e+07 1.11461e+07
3.29895e+07 1.11461e+07 3.29889e+07 1.11549e+07
3.29889e+07 1.11549e+07 3.29841e+07 1.11588e+07
3.29841e+07 1.11588e+07 3.29836e+07 1.11576e+07
3.29836e+07 1.11576e+07 3.2983e+07 1.11564e+07
3.2983e+07 1.11564e+07 3.29814e+07 1.1154e+07
3.29814e+07 1.1154e+07 3.29813e+07 1.11501e+07
3.29813e+07 1.11501e+07 3.29805e+07 1.11461e+07
3.29805e+07 1.11461e+07 3.29811e+07 1.11552e+07
3.29811e+07 1.11552e+07 3.29859e+07 1.11552e+07
3.29859e+07 1.11552e+07 3.29865e+07 1.1154e+07
3.29865e+07 1.1154e+07 3.29876e+07 1.11514e+07
3.29876e+07 1.11514e+07 3.29889e+07 1.11493e+07
3.29889e+07 1.11493e+07 3.29892e+07 1.11485e+07
3.29892e+07 1.11485e+07 3.299e+07 1.11473e+07
3.299e+07 1.11473e+07 3.29904e+07 1.11465e+07
3.29904e+07 1.11465e+07 3.29912e+07 1.11438e+07
3.29912e+07 1.11438e+07 3.29927e+07 1.11427e+07
3.29927e+07 1.11427e+07 3.29941e+07 1.11431e+07
3.29941e+07 1.11431e+07 3.29938e+07 1.11381e+07
3.29938e+07 1.11381e+07 3.2993e+07 1.11332e+07
3.2993e+07 1.11332e+07 3.29922e+07 1.11368e+07
3.29922e+07 1.11368e+07 3.29957e+07 1.11325e+07
3.29957e+07 1.11325e+07 3.29953e+07 1.11314e+07
3.29953e+07 1.11314e+07 3.29916e+07 1.11303e+07
3.29916e+07 1.11303e+07 3.29909e+07 1.1131e+07
3.29909e+07 1.1131e+07 3.29909e+07 1.11311e+07
3.29909e+07 1.11311e+07 3.29902e+07 1.11283e+07
3.29902e+07 1.11283e+07 3.2991e+07 1.11321e+07
3.2991e+07 1.11321e+07 3.29905e+07 1.11329e+07
3.29905e+07 1.11329e+07 3.29913e+07 1.11327e+07
3.29913e+07 1.11327e+07 3.29932e+07 1.1135e+07
3.29932e+07 1.1135e+07 3.29997e+07 1.11355e+07
3.29997e+07 1.11355e+07 3.30038e+07 1.11376e+07
3.30038e+07 1.11376e+07 3.29971e+07 1.11347e+07
3.29971e+07 1.11347e+07 3.29964e+07 1.11325e+07
3.29964e+07 1.11325e+07 3.2996e+07 1.11259e+07
3.2996e+07 1.11259e+07 3.2991e+07 1.11301e+07
3.2991e+07 1.11301e+07 3.29922e+07 1.11397e+07
3.29922e+07 1.11397e+07 3.29895e+07 1.11276e+07
3.29895e+07 1.11276e+07 3.29884e+07 1.11263e+07
3.29884e+07 1.11263e+07 3.29881e+07 1.11254e+07
3.29881e+07 1.11254e+07 3.29904e+07 1.11299e+07
3.29904e+07 1.11299e+07 3.2991e+07 1.11312e+07
3.2991e+07 1.11312e+07 3.29909e+07 1.11312e+07
3.29909e+07 1.11312e+07 3.29909e+07 1.11311e+07
3.29909e+07 1.11311e+07 3.29907e+07 1.11308e+07
3.29907e+07 1.11308e+07 3.29917e+07 1.11315e+07
3.29917e+07 1.11315e+07 3.29916e+07 1.11333e+07
3.29916e+07 1.11333e+07 3.29895e+07 1.11458e+07
3.29895e+07 1.11458e+07 3.29892e+07 1.11485e+07
3.29892e+07 1.11485e+07 3.29895e+07 1.11461e+07
3.29895e+07 1.11461e+07 3.29921e+07 1.11424e+07
3.29921e+07 1.11424e+07 3.29911e+07 1.1132e+07
3.29911e+07 1.1132e+07 3.29874e+07 1.11221e+07
3.29874e+07 1.11221e+07 3.29857e+07 1.11153e+07
3.29857e+07 1.11153e+07 3.29856e+07 1.1114e+07
3.29856e+07 1.1114e+07 3.29871e+07 1.11157e+07
3.29871e+07 1.11157e+07 3.29856e+07 1.11173e+07
3.29856e+07 1.11173e+07 3.29866e+07 1.11202e+07
3.29866e+07 1.11202e+07 3.29878e+07 1.11234e+07
3.29878e+07 1.11234e+07 3.2989e+07 1.11265e+07
3.2989e+07 1.11265e+07 3.29923e+07 1.11374e+07
3.29923e+07 1.11374e+07 3.29923e+07 1.11372e+07
3.29923e+07 1.11372e+07 3.29911e+07 1.1132e+07
3.29911e+07 1.1132e+07 3.29914e+07 1.11318e+07
3.29914e+07 1.11318e+07 3.299e+07 1.1129e+07
3.299e+07 1.1129e+07 3.29916e+07 1.11301e+07
3.29916e+07 1.11301e+07 3.2991e+07 1.11321e+07
3.2991e+07 1.11321e+07 3.29922e+07 1.11386e+07
3.29922e+07 1.11386e+07 3.29854e+07 1.11385e+07
3.29854e+07 1.11385e+07 3.29869e+07 1.11375e+07
3.29869e+07 1.11375e+07 3.29894e+07 1.11375e+07
3.29894e+07 1.11375e+07 3.29921e+07 1.11374e+07
3.29921e+07 1.11374e+07 3.29919e+07 1.11343e+07
3.29919e+07 1.11343e+07 3.29909e+07 1.11314e+07
3.29909e+07 1.11314e+07 3.29916e+07 1.11292e+07
3.29916e+07 1.11292e+07 3.29956e+07 1.11302e+07
3.29956e+07 1.11302e+07 3.29964e+07 1.11302e+07
3.29964e+07 1.11302e+07 3.30002e+07 1.11276e+07
3.30002e+07 1.11276e+07 3.30023e+07 1.11269e+07
3.30023e+07 1.11269e+07 3.30067e+07 1.1127e+07
3.30067e+07 1.1127e+07 3.30041e+07 1.11273e+07
3.30041e+07 1.11273e+07 3.30019e+07 1.1129e+07
3.30019e+07 1.1129e+07 3.30067e+07 1.1135e+07
3.30067e+07 1.1135e+07 3.30019e+07 1.11609e+07
3.30019e+07 1.11609e+07 3.29948e+07 1.11653e+07
3.29948e+07 1.11653e+07 3.29959e+07 1.11624e+07
3.29959e+07 1.11624e+07 3.30014e+07 1.11515e+07
3.30014e+07 1.11515e+07 3.30031e+07 1.11495e+07
3.30031e+07 1.11495e+07 3.30036e+07 1.1142e+07
3.30036e+07 1.1142e+07 3.30044e+07 1.1135e+07
3.30044e+07 1.1135e+07 3.30033e+07 1.11309e+07
3.30033e+07 1.11309e+07 3.3005e+07 1.11301e+07
3.3005e+07 1.11301e+07 3.29997e+07 1.11335e+07
3.29997e+07 1.11335e+07 3.29971e+07 1.11336e+07
3.29971e+07 1.11336e+07 3.29953e+07 1.11308e+07
3.29953e+07 1.11308e+07 3.29909e+07 1.11286e+07
3.29909e+07 1.11286e+07 3.29913e+07 1.11283e+07
3.29913e+07 1.11283e+07 3.2991e+07 1.11321e+07
3.2991e+07 1.11321e+07 3.29902e+07 1.11293e+07
3.29902e+07 1.11293e+07 3.29928e+07 1.11301e+07
3.29928e+07 1.11301e+07 3.29964e+07 1.11302e+07
3.29964e+07 1.11302e+07 3.30013e+07 1.11304e+07
3.30013e+07 1.11304e+07 3.30025e+07 1.11269e+07
3.30025e+07 1.11269e+07 3.30058e+07 1.11281e+07
3.30058e+07 1.11281e+07 3.30068e+07 1.11269e+07
3.30068e+07 1.11269e+07 3.30109e+07 1.11247e+07
3.30109e+07 1.11247e+07 3.301e+07 1.11234e+07
3.301e+07 1.11234e+07 3.30067e+07 1.1127e+07
3.30067e+07 1.1127e+07 3.30031e+07 1.11273e+07
3.30031e+07 1.11273e+07 3.29997e+07 1.11281e+07
3.29997e+07 1.11281e+07 3.2992e+07 1.11271e+07
3.2992e+07 1.11271e+07 3.29909e+07 1.1131e+07
3.29909e+07 1.1131e+07 3.29908e+07 1.1131e+07
3.29908e+07 1.1131e+07 3.29918e+07 1.11348e+07
3.29918e+07 1.11348e+07 3.29858e+07 1.11364e+07
3.29858e+07 1.11364e+07 3.29869e+07 1.11339e+07
3.29869e+07 1.11339e+07 3.29877e+07 1.11321e+07
3.29877e+07 1.11321e+07 3.29891e+07 1.11305e+07
3.29891e+07 1.11305e+07 3.2993e+07 1.11357e+07
3.2993e+07 1.11357e+07 3.29939e+07 1.11431e+07
3.29939e+07 1.11431e+07 3.29995e+07 1.11505e+07
3.29995e+07 1.11505e+07 3.29983e+07 1.11483e+07
3.29983e+07 1.11483e+07 3.29973e+07 1.11434e+07
3.29973e+07 1.11434e+07 3.2996e+07 1.11409e+07
3.2996e+07 1.11409e+07 3.29973e+07 1.11408e+07
3.29973e+07 1.11408e+07 3.29979e+07 1.11373e+07
3.29979e+07 1.11373e+07 3.29985e+07 1.11349e+07
3.29985e+07 1.11349e+07 3.29985e+07 1.11355e+07
3.29985e+07 1.11355e+07 3.29951e+07 1.11392e+07
3.29951e+07 1.11392e+07 3.29891e+07 1.11393e+07
3.29891e+07 1.11393e+07 3.29895e+07 1.1146e+07
3.29895e+07 1.1146e+07 3.29895e+07 1.11493e+07
3.29895e+07 1.11493e+07 3.29887e+07 1.11549e+07
3.29887e+07 1.11549e+07 3.29845e+07 1.11541e+07
3.29845e+07 1.11541e+07 3.29844e+07 1.11471e+07
3.29844e+07 1.11471e+07 3.29923e+07 1.11387e+07
3.29923e+07 1.11387e+07 3.29904e+07 1.11301e+07
3.29904e+07 1.11301e+07 3.29899e+07 1.11287e+07
3.29899e+07 1.11287e+07 3.29911e+07 1.11292e+07
3.29911e+07 1.11292e+07 3.29873e+07 1.11327e+07
3.29873e+07 1.11327e+07 3.29838e+07 1.11335e+07
3.29838e+07 1.11335e+07 3.29878e+07 1.11342e+07
3.29878e+07 1.11342e+07 3.30013e+07 1.11375e+07
3.30013e+07 1.11375e+07 3.3015e+07 1.11216e+07
3.3015e+07 1.11216e+07 3.30159e+07 1.11143e+07
3.30159e+07 1.11143e+07 3.30154e+07 1.11187e+07
3.30154e+07 1.11187e+07 3.3012e+07 1.11178e+07
3.3012e+07 1.11178e+07 3.3009e+07 1.1124e+07
3.3009e+07 1.1124e+07 3.30061e+07 1.11311e+07
3.30061e+07 1.11311e+07 3.30027e+07 1.11331e+07
3.30027e+07 1.11331e+07 3.30018e+07 1.11347e+07
3.30018e+07 1.11347e+07 3.30001e+07 1.11375e+07
3.30001e+07 1.11375e+07 3.29958e+07 1.11391e+07
3.29958e+07 1.11391e+07 3.29938e+07 1.11374e+07
3.29938e+07 1.11374e+07 3.29929e+07 1.11362e+07
3.29929e+07 1.11362e+07 3.2993e+07 1.11329e+07
3.2993e+07 1.11329e+07 3.29938e+07 1.11377e+07
3.29938e+07 1.11377e+07 3.29953e+07 1.11422e+07
3.29953e+07 1.11422e+07 3.29942e+07 1.11426e+07
3.29942e+07 1.11426e+07 3.29944e+07 1.11429e+07
3.29944e+07 1.11429e+07 3.29941e+07 1.11385e+07
3.29941e+07 1.11385e+07 3.29949e+07 1.11389e+07
3.29949e+07 1.11389e+07 3.29926e+07 1.11355e+07
3.29926e+07 1.11355e+07 3.29896e+07 1.11271e+07
3.29896e+07 1.11271e+07 3.29879e+07 1.1126e+07
3.29879e+07 1.1126e+07 3.29881e+07 1.11254e+07
3.29881e+07 1.11254e+07 3.29862e+07 1.11253e+07
3.29862e+07 1.11253e+07 3.29832e+07 1.11267e+07
3.29832e+07 1.11267e+07 3.29831e+07 1.11268e+07
3.29831e+07 1.11268e+07 3.29836e+07 1.11266e+07
3.29836e+07 1.11266e+07 3.29841e+07 1.11398e+07
3.29841e+07 1.11398e+07 3.29845e+07 1.11405e+07
3.29845e+07 1.11405e+07 3.29871e+07 1.11396e+07
3.29871e+07 1.11396e+07 3.29874e+07 1.11432e+07
3.29874e+07 1.11432e+07 3.29886e+07 1.11429e+07
3.29886e+07 1.11429e+07 3.29914e+07 1.11416e+07
3.29914e+07 1.11416e+07 3.29928e+07 1.11426e+07
3.29928e+07 1.11426e+07 3.29922e+07 1.11436e+07
3.29922e+07 1.11436e+07 3.29921e+07 1.11458e+07
