3.30066e+07 1.11509e+07 3.29882e+07 1.11364e+07
3.29882e+07 1.11364e+07 3.29896e+07 1.11272e+07
3.29896e+07 1.11272e+07 3.29906e+07 1.11257e+07
3.29906e+07 1.11257e+07 3.29896e+07 1.11248e+07
3.29896e+07 1.11248e+07 3.29854e+07 1.11249e+07
3.29854e+07 1.11249e+07 3.29851e+07 1.11346e+07
3.29851e+07 1.11346e+07 3.2985e+07 1.11361e+07
3.2985e+07 1.11361e+07 3.29874e+07 1.11339e+07
3.29874e+07 1.11339e+07 3.29886e+07 1.11289e+07
3.29886e+07 1.11289e+07 3.29874e+07 1.11338e+07
3.29874e+07 1.11338e+07 3.29871e+07 1.11338e+07
3.29871e+07 1.11338e+07 3.29906e+07 1.1139e+07
3.29906e+07 1.1139e+07 3.29899e+07 1.11363e+07
3.29899e+07 1.11363e+07 3.29871e+07 1.11395e+07
3.29871e+07 1.11395e+07 3.29833e+07 1.11402e+07
3.29833e+07 1.11402e+07 3.29878e+07 1.1126e+07
3.29878e+07 1.1126e+07 3.29896e+07 1.11255e+07
3.29896e+07 1.11255e+07 3.2991e+07 1.11317e+07
3.2991e+07 1.11317e+07 3.29926e+07 1.11362e+07
3.29926e+07 1.11362e+07 3.29943e+07 1.1143e+07
3.29943e+07 1.1143e+07 3.29983e+07 1.11515e+07
3.29983e+07 1.11515e+07 3.30034e+07 1.11552e+07
3.30034e+07 1.11552e+07 3.30031e+07 1.11526e+07
3.30031e+07 1.11526e+07 3.30015e+07 1.11525e+07
3.30015e+07 1.11525e+07 3.30012e+07 1.11493e+07
3.30012e+07 1.11493e+07 3.29982e+07 1.1146e+07
3.29982e+07 1.1146e+07 3.29994e+07 1.11437e+07
3.29994e+07 1.11437e+07 3.30007e+07 1.11473e+07
3.30007e+07 1.11473e+07 3.29985e+07 1.1147e+07
3.29985e+07 1.1147e+07 3.30016e+07 1.1144e+07
3.30016e+07 1.1144e+07 3.29938e+07 1.11398e+07
3.29938e+07 1.11398e+07 3.30032e+07 1.11401e+07
3.30032e+07 1.11401e+07 3.30048e+07 1.11555e+07
3.30048e+07 1.11555e+07 3.30026e+07 1.11559e+07
3.30026e+07 1.11559e+07 3.30059e+07 1.11407e+07
3.30059e+07 1.11407e+07 3.30049e+07 1.11407e+07
3.30049e+07 1.11407e+07 3.30012e+07 1.11426e+07
3.30012e+07 1.11426e+07 3.29954e+07 1.11435e+07
3.29954e+07 1.11435e+07 3.2995e+07 1.11408e+07
3.2995e+07 1.11408e+07 3.29953e+07 1.11283e+07
3.29953e+07 1.11283e+07 3.29971e+07 1.11092e+07
3.29971e+07 1.11092e+07 3.29959e+07 1.11174e+07
3.29959e+07 1.11174e+07 3.29969e+07 1.11239e+07
3.29969e+07 1.11239e+07 3.29882e+07 1.1138e+07
3.29882e+07 1.1138e+07 3.29878e+07 1.11338e+07
3.29878e+07 1.11338e+07 3.29857e+07 1.11394e+07
3.29857e+07 1.11394e+07 3.29854e+07 1.11392e+07
3.29854e+07 1.11392e+07 3.29855e+07 1.114e+07
3.29855e+07 1.114e+07 3.29854e+07 1.114e+07
3.29854e+07 1.114e+07 3.29855e+07 1.11402e+07
3.29855e+07 1.11402e+07 3.29854e+07 1.114e+07
3.29854e+07 1.114e+07 3.29854e+07 1.11401e+07
3.29854e+07 1.11401e+07 3.29854e+07 1.114e+07
3.29854e+07 1.114e+07 3.29855e+07 1.114e+07
3.29855e+07 1.114e+07 3.29854e+07 1.11401e+07
3.29854e+07 1.11401e+07 3.29859e+07 1.1144e+07
3.29859e+07 1.1144e+07 3.30099e+07 1.1127e+07
3.30099e+07 1.1127e+07 3.30159e+07 1.11147e+07
3.30159e+07 1.11147e+07 3.30153e+07 1.11149e+07
3.30153e+07 1.11149e+07 3.30134e+07 1.11177e+07
3.30134e+07 1.11177e+07 3.30118e+07 1.11176e+07
3.30118e+07 1.11176e+07 3.30117e+07 1.11161e+07
3.30117e+07 1.11161e+07 3.30117e+07 1.1116e+07
3.30117e+07 1.1116e+07 3.30013e+07 1.11194e+07
3.30013e+07 1.11194e+07 3.29982e+07 1.11226e+07
3.29982e+07 1.11226e+07 3.29973e+07 1.11237e+07
3.29973e+07 1.11237e+07 3.29972e+07 1.1124e+07
3.29972e+07 1.1124e+07 3.30155e+07 1.11185e+07
3.30155e+07 1.11185e+07 3.3015e+07 1.1118e+07
3.3015e+07 1.1118e+07 3.30089e+07 1.11195e+07
3.30089e+07 1.11195e+07 3.29991e+07 1.11194e+07
3.29991e+07 1.11194e+07 3.29972e+07 1.11238e+07
3.29972e+07 1.11238e+07 3.29964e+07 1.11262e+07
3.29964e+07 1.11262e+07 3.29959e+07 1.1119e+07
3.29959e+07 1.1119e+07 3.29971e+07 1.11061e+07
3.29971e+07 1.11061e+07 3.29959e+07 1.112e+07
3.29959e+07 1.112e+07 3.29973e+07 1.11236e+07
3.29973e+07 1.11236e+07 3.29924e+07 1.11344e+07
3.29924e+07 1.11344e+07 3.29857e+07 1.11375e+07
3.29857e+07 1.11375e+07 3.29827e+07 1.11396e+07
3.29827e+07 1.11396e+07 3.29844e+07 1.11468e+07
3.29844e+07 1.11468e+07 3.29856e+07 1.11542e+07
3.29856e+07 1.11542e+07 3.29851e+07 1.11533e+07
3.29851e+07 1.11533e+07 3.29975e+07 1.1153e+07
3.29975e+07 1.1153e+07 3.29964e+07 1.11516e+07
3.29964e+07 1.11516e+07 3.29921e+07 1.11529e+07
3.29921e+07 1.11529e+07 3.29914e+07 1.1148e+07
3.29914e+07 1.1148e+07 3.29912e+07 1.11426e+07
3.29912e+07 1.11426e+07 3.29882e+07 1.11419e+07
3.29882e+07 1.11419e+07 3.29883e+07 1.11374e+07
3.29883e+07 1.11374e+07 3.29878e+07 1.11348e+07
3.29878e+07 1.11348e+07 3.29878e+07 1.11353e+07
3.29878e+07 1.11353e+07 3.29871e+07 1.11387e+07
3.29871e+07 1.11387e+07 3.29858e+07 1.11351e+07
3.29858e+07 1.11351e+07 3.29918e+07 1.11374e+07
3.29918e+07 1.11374e+07 3.29911e+07 1.11371e+07
3.29911e+07 1.11371e+07 3.29905e+07 1.11333e+07
3.29905e+07 1.11333e+07 3.29937e+07 1.11393e+07
3.29937e+07 1.11393e+07 3.29958e+07 1.11436e+07
3.29958e+07 1.11436e+07 3.29988e+07 1.11546e+07
3.29988e+07 1.11546e+07 3.2996e+07 1.11638e+07
3.2996e+07 1.11638e+07 3.2996e+07 1.11642e+07
3.2996e+07 1.11642e+07 3.2984e+07 1.11378e+07
3.2984e+07 1.11378e+07 3.29958e+07 1.11622e+07
3.29958e+07 1.11622e+07 3.29977e+07 1.1158e+07
3.29977e+07 1.1158e+07 3.30024e+07 1.1156e+07
3.30024e+07 1.1156e+07 3.30008e+07 1.11531e+07
3.30008e+07 1.11531e+07 3.29994e+07 1.11528e+07
3.29994e+07 1.11528e+07 3.2995e+07 1.11528e+07
3.2995e+07 1.11528e+07 3.29883e+07 1.11528e+07
3.29883e+07 1.11528e+07 3.29845e+07 1.11523e+07
3.29845e+07 1.11523e+07 3.29846e+07 1.11431e+07
3.29846e+07 1.11431e+07 3.29883e+07 1.11375e+07
3.29883e+07 1.11375e+07 3.2987e+07 1.11385e+07
3.2987e+07 1.11385e+07 3.2988e+07 1.11304e+07
3.2988e+07 1.11304e+07 3.29905e+07 1.1132e+07
3.29905e+07 1.1132e+07 3.29885e+07 1.11352e+07
3.29885e+07 1.11352e+07 3.29854e+07 1.11361e+07
3.29854e+07 1.11361e+07 3.29873e+07 1.11338e+07
3.29873e+07 1.11338e+07 3.29954e+07 1.11348e+07
3.29954e+07 1.11348e+07 3.30036e+07 1.11205e+07
3.30036e+07 1.11205e+07 3.30116e+07 1.11178e+07
3.30116e+07 1.11178e+07 3.30117e+07 1.11161e+07
3.30117e+07 1.11161e+07 3.30117e+07 1.11161e+07
3.30117e+07 1.11161e+07 3.30101e+07 1.11201e+07
3.30101e+07 1.11201e+07 3.30061e+07 1.1127e+07
3.30061e+07 1.1127e+07 3.30032e+07 1.11315e+07
3.30032e+07 1.11315e+07 3.30025e+07 1.11325e+07
3.30025e+07 1.11325e+07 3.29966e+07 1.11347e+07
3.29966e+07 1.11347e+07 3.29947e+07 1.11395e+07
3.29947e+07 1.11395e+07 3.29953e+07 1.11393e+07
3.29953e+07 1.11393e+07 3.29949e+07 1.11406e+07
3.29949e+07 1.11406e+07 3.2998e+07 1.11427e+07
3.2998e+07 1.11427e+07 3.29983e+07 1.11502e+07
3.29983e+07 1.11502e+07 3.30008e+07 1.11527e+07
3.30008e+07 1.11527e+07 3.29996e+07 1.11531e+07
3.29996e+07 1.11531e+07 3.29942e+07 1.11528e+07
3.29942e+07 1.11528e+07 3.29902e+07 1.11395e+07
3.29902e+07 1.11395e+07 3.29906e+07 1.11364e+07
3.29906e+07 1.11364e+07 3.29905e+07 1.11363e+07
3.29905e+07 1.11363e+07 3.29899e+07 1.11363e+07
3.29899e+07 1.11363e+07 3.29891e+07 1.1131e+07
3.29891e+07 1.1131e+07 3.29892e+07 1.11341e+07
3.29892e+07 1.11341e+07 3.29894e+07 1.11451e+07
3.29894e+07 1.11451e+07 3.2989e+07 1.11473e+07
3.2989e+07 1.11473e+07 3.29857e+07 1.11492e+07
3.29857e+07 1.11492e+07 3.29816e+07 1.11429e+07
3.29816e+07 1.11429e+07 3.29875e+07 1.11344e+07
3.29875e+07 1.11344e+07 3.29874e+07 1.11346e+07
3.29874e+07 1.11346e+07 3.29875e+07 1.11346e+07
3.29875e+07 1.11346e+07 3.29875e+07 1.11344e+07
3.29875e+07 1.11344e+07 3.29895e+07 1.11465e+07
3.29895e+07 1.11465e+07 3.29876e+07 1.11472e+07
3.29876e+07 1.11472e+07 3.2987e+07 1.1146e+07
3.2987e+07 1.1146e+07 3.29866e+07 1.11459e+07
3.29866e+07 1.11459e+07 3.29954e+07 1.11431e+07
3.29954e+07 1.11431e+07 3.29953e+07 1.11428e+07
3.29953e+07 1.11428e+07 3.29955e+07 1.11435e+07
3.29955e+07 1.11435e+07 3.29953e+07 1.11385e+07
3.29953e+07 1.11385e+07 3.29954e+07 1.11435e+07
3.29954e+07 1.11435e+07 3.29959e+07 1.11392e+07
3.29959e+07 1.11392e+07 3.29895e+07 1.11446e+07
3.29895e+07 1.11446e+07 3.29866e+07 1.11459e+07
3.29866e+07 1.11459e+07 3.29867e+07 1.11375e+07
3.29867e+07 1.11375e+07 3.2988e+07 1.11354e+07
3.2988e+07 1.11354e+07 3.29899e+07 1.11363e+07
3.29899e+07 1.11363e+07 3.29887e+07 1.11381e+07
3.29887e+07 1.11381e+07 3.29906e+07 1.11386e+07
3.29906e+07 1.11386e+07 3.29878e+07 1.11394e+07
3.29878e+07 1.11394e+07 3.2986e+07 1.11395e+07
3.2986e+07 1.11395e+07 3.29809e+07 1.11291e+07
3.29809e+07 1.11291e+07 3.29849e+07 1.1137e+07
3.29849e+07 1.1137e+07 3.29851e+07 1.1137e+07
3.29851e+07 1.1137e+07 3.29858e+07 1.11405e+07
3.29858e+07 1.11405e+07 3.29863e+07 1.11396e+07
3.29863e+07 1.11396e+07 3.29906e+07 1.11371e+07
3.29906e+07 1.11371e+07 3.29894e+07 1.11352e+07
3.29894e+07 1.11352e+07 3.29906e+07 1.11363e+07
3.29906e+07 1.11363e+07 3.29872e+07 1.11415e+07
3.29872e+07 1.11415e+07 3.29842e+07 1.11413e+07
3.29842e+07 1.11413e+07 3.29859e+07 1.11481e+07
3.29859e+07 1.11481e+07 3.29865e+07 1.11461e+07
3.29865e+07 1.11461e+07 3.29868e+07 1.11196e+07
3.29868e+07 1.11196e+07 3.29871e+07 1.11193e+07
3.29871e+07 1.11193e+07 3.29868e+07 1.11227e+07
3.29868e+07 1.11227e+07 3.29883e+07 1.11329e+07
3.29883e+07 1.11329e+07 3.29892e+07 1.11374e+07
3.29892e+07 1.11374e+07 3.29889e+07 1.11388e+07
3.29889e+07 1.11388e+07 3.29861e+07 1.11392e+07
3.29861e+07 1.11392e+07 3.29894e+07 1.11294e+07
3.29894e+07 1.11294e+07 3.29887e+07 1.11312e+07
3.29887e+07 1.11312e+07 3.29916e+07 1.11378e+07
3.29916e+07 1.11378e+07 3.29887e+07 1.11433e+07
3.29887e+07 1.11433e+07 3.29814e+07 1.1154e+07
3.29814e+07 1.1154e+07 3.29862e+07 1.11474e+07
3.29862e+07 1.11474e+07 3.2986e+07 1.11427e+07
3.2986e+07 1.11427e+07 3.30101e+07 1.112e+07
3.30101e+07 1.112e+07 3.30117e+07 1.11161e+07
3.30117e+07 1.11161e+07 3.30117e+07 1.11161e+07
3.30117e+07 1.11161e+07 3.3005e+07 1.11193e+07
3.3005e+07 1.11193e+07 3.29981e+07 1.11221e+07
3.29981e+07 1.11221e+07 3.29945e+07 1.11348e+07
3.29945e+07 1.11348e+07 3.29953e+07 1.11328e+07
3.29953e+07 1.11328e+07 3.29945e+07 1.11347e+07
3.29945e+07 1.11347e+07 3.29913e+07 1.11325e+07
3.29913e+07 1.11325e+07 3.29937e+07 1.11428e+07
3.29937e+07 1.11428e+07 3.2992e+07 1.11416e+07
3.2992e+07 1.11416e+07 3.29857e+07 1.1153e+07
3.29857e+07 1.1153e+07 3.29844e+07 1.1144e+07
3.29844e+07 1.1144e+07 3.29849e+07 1.11529e+07
3.29849e+07 1.11529e+07 3.29844e+07 1.11462e+07
3.29844e+07 1.11462e+07 3.29855e+07 1.11406e+07
3.29855e+07 1.11406e+07 3.29858e+07 1.1141e+07
3.29858e+07 1.1141e+07 3.29857e+07 1.11401e+07
3.29857e+07 1.11401e+07 3.29841e+07 1.11407e+07
3.29841e+07 1.11407e+07 3.29897e+07 1.114e+07
3.29897e+07 1.114e+07 3.29895e+07 1.11393e+07
3.29895e+07 1.11393e+07 3.29827e+07 1.11435e+07
3.29827e+07 1.11435e+07 3.29855e+07 1.11552e+07
3.29855e+07 1.11552e+07 3.29871e+07 1.11484e+07
3.29871e+07 1.11484e+07 3.29872e+07 1.11529e+07
3.29872e+07 1.11529e+07 3.29974e+07 1.11533e+07
3.29974e+07 1.11533e+07 3.29957e+07 1.11502e+07
3.29957e+07 1.11502e+07 3.29953e+07 1.11412e+07
3.29953e+07 1.11412e+07 3.29963e+07 1.11356e+07
3.29963e+07 1.11356e+07 3.29964e+07 1.11321e+07
3.29964e+07 1.11321e+07 3.29929e+07 1.11354e+07
3.29929e+07 1.11354e+07 3.3e+07 1.11324e+07
3.3e+07 1.11324e+07 3.30061e+07 1.11192e+07
3.30061e+07 1.11192e+07 3.301e+07 1.112e+07
3.301e+07 1.112e+07 3.30117e+07 1.11161e+07
3.30117e+07 1.11161e+07 3.3012e+07 1.11136e+07
3.3012e+07 1.11136e+07 3.30249e+07 1.11064e+07
3.30249e+07 1.11064e+07 3.30385e+07 1.10994e+07
3.30385e+07 1.10994e+07 3.3053e+07 1.10981e+07
3.3053e+07 1.10981e+07 3.30653e+07 1.11002e+07
3.30653e+07 1.11002e+07 3.30673e+07 1.10939e+07
3.30673e+07 1.10939e+07 3.30664e+07 1.10998e+07
3.30664e+07 1.10998e+07 3.30673e+07 1.10939e+07
3.30673e+07 1.10939e+07 3.30673e+07 1.10939e+07
3.30673e+07 1.10939e+07 3.30673e+07 1.10938e+07
3.30673e+07 1.10938e+07 3.30673e+07 1.10939e+07
3.30673e+07 1.10939e+07 3.30673e+07 1.10939e+07
3.30673e+07 1.10939e+07 3.30673e+07 1.10938e+07
3.30673e+07 1.10938e+07 3.30673e+07 1.10938e+07
3.30673e+07 1.10938e+07 3.30673e+07 1.10939e+07
3.30673e+07 1.10939e+07 3.30674e+07 1.10982e+07
3.30674e+07 1.10982e+07 3.30737e+07 1.10978e+07
3.30737e+07 1.10978e+07 3.3074e+07 1.10975e+07
3.3074e+07 1.10975e+07 3.3074e+07 1.10975e+07
3.3074e+07 1.10975e+07 3.30737e+07 1.10978e+07
3.30737e+07 1.10978e+07 3.30736e+07 1.11e+07
3.30736e+07 1.11e+07 3.30719e+07 1.1101e+07
3.30719e+07 1.1101e+07 3.30696e+07 1.10955e+07
3.30696e+07 1.10955e+07 3.30673e+07 1.10939e+07
3.30673e+07 1.10939e+07 3.30673e+07 1.10939e+07
3.30673e+07 1.10939e+07 3.30673e+07 1.10939e+07
3.30673e+07 1.10939e+07 3.3068e+07 1.10952e+07
3.3068e+07 1.10952e+07 3.30698e+07 1.10956e+07
3.30698e+07 1.10956e+07 3.30638e+07 1.11005e+07
3.30638e+07 1.11005e+07 3.30621e+07 1.11206e+07
3.30621e+07 1.11206e+07 3.30612e+07 1.11201e+07
3.30612e+07 1.11201e+07 3.30612e+07 1.11201e+07
3.30612e+07 1.11201e+07 3.30622e+07 1.11169e+07
3.30622e+07 1.11169e+07 3.30692e+07 1.10999e+07
3.30692e+07 1.10999e+07 3.30673e+07 1.10939e+07
3.30673e+07 1.10939e+07 3.30702e+07 1.11068e+07
3.30702e+07 1.11068e+07 3.30702e+07 1.11068e+07
3.30702e+07 1.11068e+07 3.30703e+07 1.11065e+07
3.30703e+07 1.11065e+07 3.30702e+07 1.1106e+07
3.30702e+07 1.1106e+07 3.30702e+07 1.11068e+07
