3.30075e+07 1.11495e+07 3.30075e+07 1.11456e+07
3.3008e+07 1.11519e+07 3.30031e+07 1.11514e+07
3.30031e+07 1.11487e+07 3.30031e+07 1.11526e+07
3.30013e+07 1.1153e+07 3.30031e+07 1.11529e+07
3.3007e+07 1.1151e+07 3.30058e+07 1.1151e+07
3.30073e+07 1.11518e+07 3.30087e+07 1.11507e+07
3.30134e+07 1.1151e+07 3.30168e+07 1.11524e+07
3.30235e+07 1.11626e+07 3.30276e+07 1.1165e+07
3.30276e+07 1.1165e+07 3.30276e+07 1.11649e+07
3.30276e+07 1.1165e+07 3.30276e+07 1.11649e+07
3.30276e+07 1.1165e+07 3.30276e+07 1.1165e+07
3.30276e+07 1.1165e+07 3.30276e+07 1.1165e+07
3.30276e+07 1.1165e+07 3.30276e+07 1.1165e+07
3.30276e+07 1.1165e+07 3.30276e+07 1.1165e+07
3.30276e+07 1.11649e+07 3.30276e+07 1.1165e+07
3.30275e+07 1.11649e+07 3.30276e+07 1.1165e+07
3.30275e+07 1.11649e+07 3.30276e+07 1.1165e+07
3.30276e+07 1.1165e+07 3.30276e+07 1.1165e+07
3.30276e+07 1.1165e+07 3.30276e+07 1.1165e+07
3.30276e+07 1.11649e+07 3.30276e+07 1.1165e+07
3.30276e+07 1.11651e+07 3.30276e+07 1.1165e+07
3.30276e+07 1.1165e+07 3.30276e+07 1.1165e+07
3.30277e+07 1.1165e+07 3.3024e+07 1.11574e+07
3.30193e+07 1.11529e+07 3.30149e+07 1.11513e+07
3.3011e+07 1.11509e+07 3.3008e+07 1.11522e+07
3.30059e+07 1.11527e+07 3.29992e+07 1.1153e+07
3.30007e+07 1.11598e+07 3.30013e+07 1.1158e+07
3.30156e+07 1.11517e+07 3.30202e+07 1.1153e+07
3.30215e+07 1.11521e+07 3.30238e+07 1.11571e+07
3.30277e+07 1.1165e+07 3.30276e+07 1.1165e+07
3.30275e+07 1.11649e+07 3.30276e+07 1.1165e+07
3.30276e+07 1.11649e+07 3.30276e+07 1.11649e+07
3.30276e+07 1.11649e+07 3.30276e+07 1.1165e+07
3.30276e+07 1.1165e+07 3.30276e+07 1.1165e+07
3.30276e+07 1.11649e+07 3.30276e+07 1.1165e+07
3.30275e+07 1.1165e+07 3.30275e+07 1.11649e+07
3.30275e+07 1.11649e+07 3.30275e+07 1.11649e+07
3.30276e+07 1.1165e+07 3.30276e+07 1.1165e+07
3.30275e+07 1.11649e+07 3.30276e+07 1.1165e+07
3.30276e+07 1.1165e+07 3.30276e+07 1.1165e+07
3.30275e+07 1.1165e+07 3.30276e+07 1.1165e+07
3.30276e+07 1.1165e+07 3.30276e+07 1.1165e+07
3.30276e+07 1.1165e+07 3.30252e+07 1.11593e+07
3.30208e+07 1.11532e+07 3.30149e+07 1.11513e+07
3.30104e+07 1.11509e+07 3.30072e+07 1.11522e+07
3.30073e+07 1.11527e+07 3.30035e+07 1.11511e+07
3.30075e+07 1.11508e+07 3.30081e+07 1.11522e+07
3.30276e+07 1.1165e+07 3.30276e+07 1.11649e+07
3.30276e+07 1.11649e+07 3.30275e+07 1.1165e+07
3.30275e+07 1.11649e+07 3.30276e+07 1.1165e+07
3.30276e+07 1.1165e+07 3.30276e+07 1.11649e+07
3.30276e+07 1.1165e+07 3.30276e+07 1.1165e+07
3.30276e+07 1.1165e+07 3.30276e+07 1.11651e+07
3.30276e+07 1.1165e+07 3.30276e+07 1.1165e+07
3.30276e+07 1.1165e+07 3.30276e+07 1.1165e+07
3.30276e+07 1.1165e+07 3.30276e+07 1.1165e+07
3.30276e+07 1.1165e+07 3.30276e+07 1.1165e+07
3.30275e+07 1.1165e+07 3.30275e+07 1.1165e+07
3.30276e+07 1.1165e+07 3.30276e+07 1.1165e+07
3.30276e+07 1.1165e+07 3.30275e+07 1.11649e+07
3.30276e+07 1.1165e+07 3.30276e+07 1.11649e+07
3.30276e+07 1.1165e+07 3.30276e+07 1.1165e+07
3.30276e+07 1.1165e+07 3.30276e+07 1.1165e+07
3.30276e+07 1.1165e+07 3.30276e+07 1.1165e+07
3.3028e+07 1.11648e+07 3.30226e+07 1.11562e+07
3.30173e+07 1.11523e+07 3.30121e+07 1.11509e+07
3.30062e+07 1.11509e+07 3.30014e+07 1.11503e+07
3.29991e+07 1.11485e+07 3.30022e+07 1.11498e+07
3.30023e+07 1.11509e+07 3.30012e+07 1.11507e+07
3.30019e+07 1.11506e+07 3.30033e+07 1.11511e+07
3.30079e+07 1.11507e+07 3.30055e+07 1.1151e+07
3.30115e+07 1.11492e+07 3.30096e+07 1.11508e+07
3.30035e+07 1.11494e+07 3.30011e+07 1.11426e+07
3.30027e+07 1.11444e+07 3.30006e+07 1.11365e+07
3.3002e+07 1.1133e+07 3.30023e+07 1.11401e+07
3.30011e+07 1.11491e+07 3.30038e+07 1.11494e+07
3.30023e+07 1.11511e+07 3.2999e+07 1.11494e+07
3.29986e+07 1.11492e+07 3.29983e+07 1.11525e+07
3.29982e+07 1.11464e+07 3.29968e+07 1.11439e+07
3.2999e+07 1.11435e+07 3.30012e+07 1.11355e+07
3.30018e+07 1.11347e+07 3.3004e+07 1.11413e+07
3.30031e+07 1.11481e+07 3.30067e+07 1.11509e+07
3.30066e+07 1.11527e+07 3.30276e+07 1.1165e+07
3.30276e+07 1.11649e+07 3.30276e+07 1.11649e+07
3.30276e+07 1.11649e+07 3.30276e+07 1.11649e+07
3.30276e+07 1.11649e+07 3.30276e+07 1.11649e+07
3.30276e+07 1.11649e+07 3.30276e+07 1.11649e+07
3.30275e+07 1.1165e+07 3.30276e+07 1.1165e+07
3.30276e+07 1.1165e+07 3.30276e+07 1.1165e+07
3.30275e+07 1.1165e+07 3.30276e+07 1.1165e+07
3.30276e+07 1.11649e+07 3.30276e+07 1.1165e+07
3.30276e+07 1.11649e+07 3.30275e+07 1.1165e+07
3.30275e+07 1.11649e+07 3.30275e+07 1.1165e+07
3.30275e+07 1.11649e+07 3.30276e+07 1.11649e+07
3.30276e+07 1.1165e+07 3.30276e+07 1.1165e+07
3.30276e+07 1.1165e+07 3.30276e+07 1.1165e+07
3.30276e+07 1.11649e+07 3.30276e+07 1.1165e+07
3.30211e+07 1.1154e+07 3.30143e+07 1.11512e+07
3.30079e+07 1.11508e+07 3.30033e+07 1.11345e+07
3.30032e+07 1.11327e+07 3.30032e+07 1.11385e+07
3.30044e+07 1.11513e+07 3.2998e+07 1.11637e+07
3.29905e+07 1.11669e+07 3.29968e+07 1.11641e+07
3.30025e+07 1.11617e+07 3.30044e+07 1.11562e+07
3.30044e+07 1.11562e+07 3.30044e+07 1.11562e+07
3.30044e+07 1.11543e+07 3.30076e+07 1.11505e+07
3.30075e+07 1.11494e+07 3.30075e+07 1.11474e+07
3.30067e+07 1.11527e+07 3.30276e+07 1.1165e+07
3.30276e+07 1.11649e+07 3.30276e+07 1.11651e+07
3.30275e+07 1.1165e+07 3.30276e+07 1.1165e+07
3.30276e+07 1.1165e+07 3.30276e+07 1.11649e+07
3.30276e+07 1.11649e+07 3.30276e+07 1.11649e+07
3.30276e+07 1.1165e+07 3.30276e+07 1.11651e+07
3.30275e+07 1.1165e+07 3.30276e+07 1.1165e+07
3.30276e+07 1.1165e+07 3.30275e+07 1.11649e+07
3.30275e+07 1.1165e+07 3.30275e+07 1.11651e+07
3.30276e+07 1.1165e+07 3.30276e+07 1.1165e+07
3.30276e+07 1.11649e+07 3.30276e+07 1.1165e+07
3.30276e+07 1.1165e+07 3.30276e+07 1.1165e+07
3.30276e+07 1.1165e+07 3.30276e+07 1.1165e+07
3.30276e+07 1.11649e+07 3.30276e+07 1.1165e+07
3.30276e+07 1.1165e+07 3.30276e+07 1.11649e+07
3.30276e+07 1.1165e+07 3.30276e+07 1.1165e+07
3.30276e+07 1.11651e+07 3.30276e+07 1.11649e+07
3.30276e+07 1.1165e+07 3.30276e+07 1.1165e+07
3.30275e+07 1.1165e+07 3.30276e+07 1.11651e+07
3.30276e+07 1.1165e+07 3.30276e+07 1.1165e+07
3.30276e+07 1.1165e+07 3.30276e+07 1.11649e+07
3.30276e+07 1.1165e+07 3.30276e+07 1.11649e+07
3.30276e+07 1.11651e+07 3.30276e+07 1.11649e+07
3.30276e+07 1.11647e+07 3.30276e+07 1.1165e+07
3.30275e+07 1.11651e+07 3.30276e+07 1.1165e+07
3.30276e+07 1.1165e+07 3.30276e+07 1.1165e+07
3.30276e+07 1.1165e+07 3.30276e+07 1.1165e+07
3.30276e+07 1.1165e+07 3.30276e+07 1.1165e+07
3.30241e+07 1.11576e+07 3.30171e+07 1.11524e+07
3.30148e+07 1.11513e+07 3.30106e+07 1.11509e+07
3.30046e+07 1.1147e+07 3.30079e+07 1.11505e+07
3.30044e+07 1.11446e+07 3.30045e+07 1.1151e+07
3.30082e+07 1.11517e+07 3.30137e+07 1.11511e+07
3.30175e+07 1.11526e+07 3.30235e+07 1.11568e+07
3.30275e+07 1.11649e+07 3.30276e+07 1.11649e+07
3.30276e+07 1.1165e+07 3.30276e+07 1.1165e+07
3.30276e+07 1.11649e+07 3.30276e+07 1.11649e+07
3.30276e+07 1.1165e+07 3.30276e+07 1.1165e+07
3.30276e+07 1.11649e+07 3.30276e+07 1.11649e+07
3.30276e+07 1.11649e+07 3.30275e+07 1.1165e+07
3.30276e+07 1.1165e+07 3.30275e+07 1.1165e+07
3.30275e+07 1.1165e+07 3.30276e+07 1.1165e+07
3.30276e+07 1.1165e+07 3.30276e+07 1.11649e+07
3.30276e+07 1.1165e+07 3.30276e+07 1.1165e+07
3.30276e+07 1.1165e+07 3.30276e+07 1.11649e+07
3.30275e+07 1.1165e+07 3.30275e+07 1.1165e+07
3.30275e+07 1.1165e+07 3.30275e+07 1.1165e+07
3.30276e+07 1.11649e+07 3.30276e+07 1.1165e+07
3.30276e+07 1.1165e+07 3.30276e+07 1.1165e+07
3.30276e+07 1.1165e+07 3.30276e+07 1.1165e+07
3.30276e+07 1.1165e+07 3.30276e+07 1.1165e+07
3.30276e+07 1.11649e+07 3.30276e+07 1.1165e+07
3.30276e+07 1.11652e+07 3.30276e+07 1.11651e+07
3.30275e+07 1.1165e+07 3.30275e+07 1.1165e+07
3.30275e+07 1.1165e+07 3.30276e+07 1.11649e+07
3.30276e+07 1.11649e+07 3.30276e+07 1.1165e+07
3.30275e+07 1.11649e+07 3.30275e+07 1.1165e+07
3.30276e+07 1.1165e+07 3.30276e+07 1.1165e+07
3.30276e+07 1.1165e+07 3.30276e+07 1.1165e+07
3.30276e+07 1.1165e+07 3.30276e+07 1.1165e+07
3.30276e+07 1.1165e+07 3.30276e+07 1.1165e+07
3.30276e+07 1.1165e+07 3.30276e+07 1.1165e+07
3.30276e+07 1.11649e+07 3.30276e+07 1.11649e+07
3.30276e+07 1.11649e+07 3.30276e+07 1.1165e+07
3.30242e+07 1.11578e+07 3.30178e+07 1.11526e+07
3.30113e+07 1.11509e+07 3.30087e+07 1.11507e+07
3.30046e+07 1.1151e+07 3.30001e+07 1.11494e+07
3.29951e+07 1.11484e+07 3.29997e+07 1.1147e+07
3.30044e+07 1.11499e+07 3.30071e+07 1.11472e+07
3.30098e+07 1.11508e+07 3.30142e+07 1.11536e+07
