-13924.3 137192 -13674.9 135600
-13126.1 135409 -4771.57 133957
-6522.63 134906 -6552.68 134906
-18610.8 137680 -18083.2 141206
-16026 135618 -15891.3 135598
-8870.36 135079 -1607.87 134668
-1335.14 134712 3602.99 137308
4489.1 136673 3865.71 137357
2273.84 140066 2194.8 140294
626.31 142765 1208.51 142175
1292 142026 3703.18 137624
3458.28 139628 3404.84 139715
2476.44 152683 2577.74 152688
20.7322 151684 11.8266 149676
-679.467 148513 -1515.48 147048
-696.165 146064 -651.638 145864
-2621.99 145392 -2648.71 145390
-3748.55 143675 -3750.77 143649
-6135.24 141327 -6137.46 141280
-7080.34 139294 -9664.06 139410
-10827.4 138544 -11898.2 139363
-11919.4 139363 -12460.4 137882
-12153.2 136484 -12213.3 134821
-12277.8 133997 -12338 132114
-12242.2 131152 -12975.8 133795
-13053.7 133779 -14851.6 128307
-14933.9 128155 -15296.8 125428
-16794.1 121309 -16853.1 120991
-16633.8 121910 -15446 124139
-13760.6 125070 -13746.1 125003
-12883.4 124186 -12838.9 124175
-12548.4 125366 -12405.9 125372
-11214.7 125987 -11132.4 126214
-11860.4 129638 -12502.7 132276
-12500.5 132408 -13574.7 132441
-13587 132243 -14347.3 133937
-14568.8 133948 -14931.7 135313
-14805.9 137388 -14407.4 139367
-11681.2 139470 -11559.8 139468
-10559.1 145550 -10513.4 146637
-10976.5 148246 -11163.5 148242
-11219.2 148311 -12577.3 148220
-12765.4 148228 -12772.1 148231
-13731.7 146723 -13845.2 146661
-13854.1 145786 -13867.5 145501
-14165.8 141135 -14247.1 139991
-14115.7 139599 -11705.7 139461
-11622.2 139463 -9843.29 139443
-6098.5 139267 -2163.36 139053
-720.656 140095 -651.638 140184
1276.42 144092 1265.28 146278
1292 144840 2769.21 137281
2895 137048 3109.85 134995
2879.42 134681 2589.99 131257
1403.32 132461 1395.53 132682
2423.01 135767 2476.44 135834
2965.13 138947 871.213 142716
101.995 143889 91.9767 143891
2.92109 148184 0.694696 148478
-1616.78 149010 -1676.89 148999
-2714.39 146300 -2718.84 146120
-3724.06 145316 -3726.28 145201
-4623.52 143493 -4696.99 142340
-4702.55 141988 -4776.02 138134
-4788.27 137914 -4554.5 136293
-4506.63 136159 -4802.74 138862
-6167.52 141059 -6159.73 141358
-6195.35 143068 -6147.48 143059
-6234.31 137495 -4748.19 134405
-4755.99 134133 -3650.58 132626
-3647.25 132575 -3638.34 132167
-3689.55 135781 -3302.15 136491
-3302.15 136319 -2977.1 134779
-2866.9 134772 1649.34 138089
1767.34 138281 2170.31 136549
3060.87 138252 3169.96 138388
1194.04 142188 7.37387 143947
15.1662 144070 -1231.61 145325
-1272.8 145350 -3400.12 143506
-3600.49 143522 -4860.63 141342
-4976.4 141342 -4597.91 140703
-4651.35 143446 -4975.29 140761
-4978.63 140690 -3904.39 139198
-3746.32 139187 -3508.1 142627
-3129.61 141316 -2900.29 141313
-1273.91 140730 -1203.78 140826
-988.936 139790 -841.994 139982
-1198.22 137499 -1331.8 137448
-1487.65 136676 -1577.82 136987
-2526.26 140672 -2865.78 137001
-3038.33 134672 22.9586 135863
284.559 136206 4403.38 143397
5051.26 147084 5115.83 147376
6532.92 147808 6548.51 147734
4529.17 146973 4500.23 146975
3115.41 148050 1307.59 147955
1310.93 147670 1325.4 143591
-283.17 140612 -324.358 140552
-2845.74 137776 -2843.52 137709
-3392.32 134692 -13595.9 135364
-16608.2 135157 -16239.7 134314
-16204.1 132797 -14945.1 128126
-15074.2 127895 -14985.1 123892
-14770.3 123881 -12155.4 123627
-12253.4 119092 -12224.4 119078
-8662.19 118589 -8499.66 118562
-6027.26 117259 -4594.57 117141
-4193.82 117135 -4163.77 117137
-472.413 114145 -265.359 114062
4227.5 111172 4501.34 111152
10247.7 109939 12675.5 107232
12783.5 106853 18702.4 106103
18713.5 106136 18742.4 106214
18723.5 106183 18770.3 106096
21238.2 105119 21280.5 105428
21273.8 105972 25569.7 106459
26657.3 105949 33163.9 103665
34070 102216 40548.8 99047.5
41394.8 98905 42712.9 98386.3
42719.5 97778.4 42719.5 97791.8
42811.9 97834.1 42649.4 97745.1
41350.3 98880.5 32949 103908
28972.7 104391 20192.9 106032
14161.6 105974 8996.42 106437
9197.91 104685 9823.53 104645
8216.07 105978 8230.54 109981
4201.89 111164 2948.43 112259
283.446 113880 -657.203 114283
-1610.1 116968 -3864.32 119325
-4212.75 120655 -3616.08 126022
-3724.06 133289 -3243.16 136812
-2841.29 138831 -2792.31 142654
-2775.61 143353 -1875.04 144446
-1524.38 147810 -1623.46 147033
-771.863 147015 -647.185 145924
-1295.06 145350 -1762.61 145301
-3930 143560 -6382.36 143618
-8508.57 143658 -8916 143751
-9931.23 144444 -10561.3 144924
-10757.2 146118 -11148 146280
-9790.97 145494 -9576.12 145483
-10103.8 146334 -10522.3 148186
-10460 150290 -10424.4 153839
-11301.6 156159 -11400.6 163021
-11614.4 166741 -9605.06 169869
-6686.27 169711 -5423.9 171581
-5372.7 173723 -3701.79 175660
-3449.1 178167 -3872.11 178193
-3548.17 176524 -3715.15 175573
-5297 174921 -5404.98 170677
-5607.58 169544 -9980.21 169822
-11532 165481 -11336.1 162259
-12429.2 161565 -13192.9 161239
-13337.6 160554 -12666.4 160503
-13047.1 160485 -13427.8 160565
-13576.9 160552 -14379.6 159494
-14732.4 159659 -14751.4 158784
-14759.2 158786 -14718 161596
-13330.9 161613 -13280.8 161609
-13884.2 161556 -14085.7 161562
-14338.4 160892 -14348.4 160656
-14357.3 161596 -14702.4 161631
-14032.2 161629 -13233 161634
-8882.6 161211 -7924.14 161068
-3584.91 160961 -2852.42 160899
-57.1914 157956 330.2 157962
653.027 159115 643.008 159768
1731.71 159810 1952.13 160010
1932.09 160033 1377.72 159815
-512.488 158343 -676.128 155909
-2472.82 155954 -3523.68 155462
-3553.74 153249 -2587.48 152904
-1998.6 153178 -1821.61 152666
-1674.66 152557 -2597.5 152274
-2694.35 151047 -3680.64 151103
-4377.5 150537 -4394.2 148961
-4614.61 147138 -6391.27 147055
-7884.06 147166 -10396.5 147282
-10512.3 146521 -10521 146525
-10512.3 146523 -10122.7 144611
-8045.48 143517 -7599.09 139269
-8527.49 139336 -8926.02 139505
-8761.26 142923 -8727.87 143593
-7469.96 144134 -6092.93 145550
-6021.69 146942 -5731.15 148204
-5339.3 149313 -4624.63 151114
-4115.9 151043 -4026.84 152171
-3614.96 152274 -3545.94 152530
-3576 152543 -3748.55 153162
-2731.09 152661 -440.13 153719
2394.06 153407 3041.94 155542
3115.41 156010 4394.47 156027
4597.08 155979 3056.41 154868
3066.43 154436 2731.36 154371
1228.55 153516 -719.542 153518
-723.995 152759 -1435.33 152577
-1778.19 148442 -1818.27 145632
-1584.49 143522 -359.98 143199
1918.73 139087 705.347 136077
1973.28 135538 2274.95 134541
2349.54 134843 2323.93 136121
2444.16 137776 716.479 141010
-191.888 140703 -324.358 140541
-1189.31 141405 -1188.2 141369
403.671 141605 785.497 142095
295.691 141373 108.675 141066
-439.017 140356 -660.543 140111
-1527.72 137130 -858.692 135280
-6523.74 134910 -7427.65 134948
-9748.67 129674 -9831.04 129400
-11242.6 125795 -11694.5 124664
-12139.8 123500 -14748 115647
-14172.5 115307 -15051.9 115806
-15340.2 115454 -13602.5 119775
-12375.8 123059 -12339.1 123157
-12172.1 123493 -11847 123384
-10923.1 122162 -10678.2 122073
-10500.1 121340 -10411 121282
-9989.12 121066 -9165.35 122298
-9090.77 123055 -11338.3 124317
-11714.6 124342 -11992.9 123758
-11882.7 124257 -10975.4 127271
-10933.1 128215 -10893 130353
-10887.5 131110 -10804 132031
-9556.08 131945 -7787.22 131864
-7109.28 131844 -7009.09 132715
-8636.58 134993 -8954.96 136905
-8946.05 137199 -7878.5 137796
-7880.73 142398 -7891.86 142849
-7405.39 143678 -2111.04 143462
-1784.87 148231 -1764.83 148876
-1744.79 149967 -1732.55 150386
-1634.59 152087 -1622.34 152634
-52.7387 152648 797.742 153017
913.515 152692 913.515 152594
896.817 152599 786.61 152626
140.957 152610 -2040.9 152606
-2276.9 151036 -2416.05 151040
-1875.04 149101 -1678 149074
-2665.41 148925 -2716.61 147610
-2091 146365 -2049.81 146122
-2046.47 146138 -2049.81 146178
-768.523 147013 2101.29 146995
4474.63 147002 5111.37 147353
4827.51 149335 3615.24 146975
1736.17 146971 559.519 147006
77.5051 147004 -731.788 148364
-809.711 146997 -1547.76 145437
-1122.52 145359 1248.59 146859
1251.93 146942 4314.32 147017
5934.02 146349 7423.48 145526
7057.24 143655 8899.57 141378
5955.17 133191 5948.5 131809
11150.5 126354 11487.8 125838
11187.2 124540 9400.51 122500
10050.6 120232 11837.3 116026
12038.8 113575 13100.8 106145
14063.7 104346 21334 91887.4
21351.8 90326.7 20877.6 89160.1
20922.1 89140.1 20913.2 89142.3
21049 89393.9 21049 89387.2
21114.7 89447.3 21338.4 90271.1
21477.6 94156.1 22469.4 94269.7
24895.1 94234 26469.1 94267.4
28049.9 100506 27805 101561
29169.7 102481 30812.8 102385
35536.1 100768 37138 99906.9
38245.6 99630.8 40265 99051.9
41470.5 98889.4 42722.9 97747.3
42673.9 98615.6 41414.9 98878.3
37808.1 99548.4 35398.1 100829
31504.1 104852 28448.4 104199
25368.2 106437 23549.2 106114
18918.3 106001 17951 105983
13596.1 106003 11710.4 106566
10573.8 109776 8196.04 110355
4259.78 111157 2743.61 112591
53.0149 113926 -1007.86 114813
-1512.14 116507 -2587.48 115750
-2604.18 115745 -1512.14 116707
-3412.36 115750 -4071.37 115739
-1623.46 116155 -1216.03 117128
-1575.59 118366 -2532.94 118003
-3915.52 119332 -4287.33 120372
-4670.27 120376 -4918.51 120151
-4827.23 121685 -4672.5 120363
-4305.14 121659 -4359.69 123792
-4287.33 127354 -1456.48 127447
3995.95 129395 5549.97 132773
9662.11 127194 12977.2 124782
15622.2 119639 15517.5 114813
15313.8 114808 15432.9 115200
15798 116950 16011.8 119684
15962.8 121296 15279.3 121196
14438.8 122155 13312.3 122433
12486.3 119043 11885.2 117722
9507.38 114706 5554.42 111048
3643.07 111237 722.045 113822
-200.794 114038 -2281.35 116916
-3229.8 117914 -3994.56 119334
-4282.88 120951 -3897.71 123467
-3659.49 124943 -3574.89 125018
-3105.12 124061 -3436.85 123046
-4059.13 118845 -4158.2 116004
-4061.35 112811 -4771.57 112517
-8417.29 112653 -8476.28 112664
-9147.54 115066 -9906.74 115990
-9675.2 115719 -9125.28 115296
-11155.7 114298 -11752.4 114741
-12874.5 115385 -12817.7 117043
-12598.4 117030 -12834.4 115394
-12551.7 112820 -12622.9 112219
-12665.2 112477 -12531.7 113045
-12855.6 116157 -12000.7 117455
-11546.5 118813 -12203.3 119049
-13446.7 119891 -14040 120822
-14133.5 123415 -14036.7 124286
-13210.7 124232 -13019.2 124152
-12926.8 124123 -12565 125212
-12570.6 125330 -12315.7 125352
-12600.7 125991 -11544.2 126519
-11304.9 126931 -11737.9 129130
-12080.8 130546 -12553.9 133296
-12602.9 133790 -11977.3 135338
-10773.9 135660 -9906.74 139474
-9007.28 139490 -8803.56 142012
-8749.02 143123 -8538.62 142894
-8794.66 142106 -8917.11 139497
-10663.7 139428 -14081.2 139521
-14005.5 139608 -13368.8 139521
-10963.2 139452 -6954.55 139334
-5383.83 139327 -5156.74 140648
-4950.8 141387 -4718.14 142910
-4375.27 141398 -3961.17 139370
-8236.95 143693 -7968.67 142108
-6507.04 141449 -7405.39 141126
-7446.58 139247 -7756.05 139316
-9979.1 139425 -13829.6 139519
-15717.6 140494 -16985.5 141389
-16089.4 140888 -15449.3 140427
-13694.9 139532 -12958 137626
-12979.2 133875 -11015.5 133732
-10867.4 131099 -10905.3 131152
-12279 132523 -12438.1 133795
-13064.9 133795 -12841.1 133855
-12211.1 134968 -11977.3 135338
-7964.21 135026 -5647.66 134901
-918.804 134970 3266.81 139940
939.118 136976 627.423 136555
-525.846 135162 -3031.65 134674
-4227.22 134779 -3779.72 133367
-3737.41 133358 -3667.28 128558
-3579.34 126025 -3899.94 123179
-4196.05 120668 -3653.92 118562
-2836.84 118050 -1344.04 115311
-317.679 114089 2200.37 113399
3915.8 111195 8316.26 110749
10430.2 109329 12705.6 107125
15104.5 105952 18952.8 106036
20273.1 106052 24838.3 106446
25782.3 106470 29136.3 110148
29529.3 112713 28969.4 108939
26769.7 106172 29244.3 104516
32450.3 104395 36336.5 100350
39188.5 99290.2 42698.4 98214.8
42740.7 97598.1 42662.8 97876.4
40977.4 98898.3 38591.8 99381.4
34975.1 101111 32905.6 103943
27929.6 104251 26122.9 106370
22558.5 106065 19891.3 103710
20864.2 103231 20886.5 102930
20865.3 103340 20172.9 103429
19570.7 103253 19569.5 102414
19620.8 102169 19630.8 102078
19592.9 102289 19575.1 103258
20245.3 103449 21309.5 103776
21236 105108 21305 104478
21317.3 101552 21637.9 101009
21643.4 101029 21612.3 101287
22413.8 102278 23390 103278
27308.5 102748 29404.6 102463
32937.9 102131 39629.3 99192.2
42373.3 98733.6 42747.4 97569.2
42724 97713.9 42724 97742.8
40801.5 98927.3 40462 99003
34654.5 101401 33988.8 102305
29465.9 104585 28381.6 104188
24460.9 106341 19783.3 106016
18808.1 105998 14983.2 105927
13933.4 105996 9822.41 106330
8868.41 106452 5941.82 111025
746.535 113893 332.427 113869
-1571.14 115639 -1676.89 116095
-3229.8 118266 -3637.23 118519
-4199.39 120597 -4252.82 121859
-3623.87 126147 -3652.81 126624
-3716.26 131172 -3685.09 132423
-5482.9 134855 -6403.52 134915
-7840.65 140329 -7875.16 144404
-7910.78 144938 -4653.57 143620
-335.49 143134 424.822 141765
-116.191 142259 -603.77 143112
-766.297 143891 -1556.66 145370
-1808.25 145321 -1634.59 152131
-1575.59 153452 -675.015 160487
-1375.21 161030 -3169.68 162918
-4438.73 164641 -4256.16 164127
-4114.79 164132 -5558.6 162215
-5547.47 161696 -5751.18 157646
-6183.1 157575 -6996.85 157573
-7292.96 155867 -7335.26 154892
-8457.36 153211 -8498.55 151495
-8246.97 149506 -8592.06 147367
-9056.26 147280 -10503.4 146156
-11548.7 145826 -15308 145223
-15628.6 142656 -15792.2 140656
-16411.1 140625 -15843.4 140349
-15828.9 140004 -16090.5 136255
-15613 135569 -14870.5 135912
-15815.6 135507 -19504.7 139690
-18773.3 139728 -18455 141491
-15847.9 140714 -14493.1 139746
-13925.4 139599 -12963.6 139525
-11795.8 139503 -10667.1 141531
-9906.74 141436 -9915.65 141405
-9836.61 139494 -9244.39 139468
-8921.56 139617 -8745.68 143103
-8744.56 143237 -8722.3 143508
-8722.3 143600 -7689.26 143678
-6249.89 143653 -6110.75 141825
-4997.55 141696 -4830.57 140670
-4045.77 140069 -3635 140035
-3596.04 139314 -3645.02 136738
-3023.86 135919 -1182.63 135255
-1744.79 135654 -3661.72 137617
-4511.08 139227 -3010.5 139111
1263.06 142834 1271.96 145799
1253.04 152071 865.647 152454
53.0149 152610 -58.3046 152597
-1665.76 152548 -2575.24 152572
-3375.63 150718 -3415.7 150722
-3652.81 149375 -2021.98 149348
-1744.79 150644 -1612.32 152935
-668.335 156277 -880.956 161008
-1439.78 161469 -1942.94 161540
-1859.45 161048 -1806.02 161044
-3257.63 160919 -9281.12 161280
-11219.2 159850 -11259.3 155400
-13121.6 155130 -14333.9 155026
-14348.4 153296 -12803.3 152915
-12758.7 152597 -12863.4 150499
-12907.9 148605 -13011.4 146485
-13703.8 146735 -12361.3 146000
-7994.27 143359 -7553.45 139443
-4963.04 139200 -1948.51 138426
-247.548 133276 2120.22 128890
5236.05 132074 7236.46 129130
8472.11 125635 9345.97 122712
10315.6 119722 11897.4 115400
12147.9 112395 12773.5 106862
15269.3 105885 17653.7 105891
18985.1 105978 19902.4 105985
23858.7 106132 25443.9 106386
27906.3 104204 27449.9 102739
30394.3 102387 33878.6 101632
36067.1 100461 39437.9 99214.5
42645 98664.6 42717.3 97916.5
42738.5 97916.5 41831.2 98079
41762.2 98076.8 41429.4 98132.4
35926.8 100548 28971.6 104389
28052.1 104208 23419 103273
22817.9 103249 22260.1 104184
22131 104386 22404.9 103336
23032.7 101730 24105.8 102075
24114.7 105411 24247.2 105422
26754.1 106023 27699.2 103487
28116.7 102538 35512.7 100791
38959.2 99325.8 42383.4 98726.9
41455 98130.2 42240.9 97684.9
42265.4 97680.5 42278.7 97680.5
42339.9 98724.7 40494.3 98531
39699.5 89478.5 39267.5 86332.6
38423.7 85027.9 37022.2 85250.6
32612.9 84952.2 30940.8 84840.9
27710.3 84820.9 26353.4 84945.5
21797.1 85043.5 21433 85052.4
20550.3 83311.4 23377.8 84907.7
24745.9 84970 28383.8 84725.1
29479.2 84754.1 33375.4 85014.6
38722.1 85450.9 39405.6 87606.1
40354 96907.9 40532.1 98936.2
42167.4 98110.2 41501.7 98103.5
41806.7 97898.7 41786.7 97762.9
41221.2 98889.4 37571 99666.4
32254.4 102282 27468.8 102717
25118.8 103053 23070.5 103258
22421.6 103106 22414.9 102392
22702.1 101606 22747.7 101610
23183 107234 22685.4 106116
24165.9 104752 23431.2 103273
22629.7 106063 18771.4 105994
15255.9 105900 12977.2 106288
10904.4 109634 7809.76 110665
4691.7 111117 3344.73 111308
3556.24 118010 2840.45 124030
1536.9 125844 117.58 131486
-1613.44 137157 -4213.86 139149
-6758.62 139241 -8850.32 139332
-6017.24 139301 -6145.25 142440
-5453.96 143658 -2089.89 143493
-1809.36 147316 -1735.89 150891
-1287.27 153180 -1091.35 152735
-1241.63 153142 -735.127 152623
-1037.92 149965 -457.942 149126
20.7322 147347 25.185 145824
-1207.12 145339 -1004.52 145361
-767.41 143954 223.334 141373
1270.85 144653 71.9392 145325
-1151.46 145334 -650.524 145350
-27.1352 144136 12.9398 145265
24.0718 146681 -377.792 143382
941.344 142317 -9.32406 142130
889.024 140668 2798.15 137468
5576.69 132439 13488.2 124286
15556.5 118842 15238.1 114278
15381.7 111727 15406.2 107076
19723.2 106045 24329.6 106330
26716.3 105862 30812.8 104970
34853.7 101229 38454.9 99561.8
38242.3 99633 42228.6 97738.4
42677.2 97678.3 41244.6 98889.4
34740.2 101305 33676 102837
27387.5 104709 26602.7 105994
20312 106021 20021.5 106021
15430.7 105885 15414 105885
11872.9 108231 11264 108677
11292.9 109186 10903.3 109630
5045.69 111097 4063.86 111172
19.619 113924 -395.603 114100
-1513.25 116718 -1219.37 117028
-1826.06 118353 -2299.17 118128
-3083.97 119390 -4105.88 122556
-3639.45 125005 -3655.04 126701
-4789.38 130943 -5084.38 131076
-5146.72 132581 -5165.64 132593
-5485.13 132637 -5505.17 133588
-9962.4 135086 -10703.8 135111
-10767.2 139835 -10633.7 141567
-10473.4 149629 -10593.6 150359
-11407.3 149315 -10870.8 149295
-10473.4 147313 -10494.5 146089
-11320.5 143397 -11351.7 143148
-10571.3 142945 -10575.8 142950
-10058.1 143747 -10190.6 143362
-9154.22 142805 -8761.26 143048
-6456.95 145352 -6180.88 145465
-6269.93 144566 -6160.84 140705
-6173.08 140064 -6865.49 136141
-6948.98 136424 -8274.8 137430
-8860.34 137442 -10686 137301
-10757.2 135407 -15981.4 135462
-15987 135589 -15027.4 135567
-14536.5 135496 -13306.4 136466
-13382.1 136462 -13873.1 139192
-13917.6 139503 -13274.2 139557
-13056 139434 -14298.3 139726
-14414.1 140256 -13776.2 139595
-13632.6 141271 -13410 141166
-13609.2 141750 -13964.3 139615
-10776.1 140739 -10589.1 142560
-10465.6 150934 -10497.8 151399
-9088.54 151428 -8585.38 151285
-8692.24 151851 -8697.81 151546
-8191.31 151791 -8315.98 152062
-8536.4 151715 -8545.3 149740
-8554.21 149261 -8635.47 145548
-8674.43 144993 -7874.05 140939
-7753.82 139000 -4717.03 135086
-4750.42 133724 -4197.16 132766
-4187.14 132561 -4694.76 133690
-4705.89 133695 -4793.84 134020
-4773.8 134968 -2970.42 134745
-3767.47 134730 -8649.94 132639
-9216.56 131085 -10169.5 128500
-8269.23 131860 -7773.86 131905
-7573.48 134354 -7464.39 134334
-7722.65 138573 -7956.42 139450
-2836.84 139281 -2809.01 140516
-3538.15 141425 -4025.73 141229
-4719.25 141482 -4682.52 143139
-10269.6 144648 -10536.8 145991
-10423.3 153365 -10492.3 154725
-14842.6 154462 -14854.9 154362
-15533.9 154665 -15555.1 153002
-15637.5 142861 -15777.7 140970
-9617.31 139465 -9185.39 139470
-8959.41 136531 -8953.85 136219
-8985.01 135400 -8554.21 135131
-7911.89 143061 -7935.27 143540
-2835.73 143495 -2235.71 148442
-2717.73 145630 -2713.27 145599
-1659.08 151877 -1587.83 153320
-75.0026 157960 71.9392 158359
497.18 159754 654.14 159730
658.593 158060 659.706 158040
-1403.04 158666 -1423.08 158572
-2503.99 160912 -8462.93 161115
-8496.32 160999 -8710.06 163383
-8834.73 164234 -8204.66 164503
-8756.81 164214 -8449.57 161280
-8445.12 160972 -9619.54 158879
-9628.44 158831 -8673.32 156918
-8431.76 156513 -7346.39 154823
-7341.94 154761 -8397.25 154554
-8558.66 154567 -9492.63 154620
-10858.5 151891 -10850.7 151786
-10503.4 151423 -10401 151252
-9640.69 144297 -8618.77 143684
-2831.27 143575 -2826.82 143586
-1865.02 141253 -1706.95 141253
-278.717 141520 -413.414 141785
-1617.89 141240 -1909.55 141235
-2066.51 141280 -1729.21 141538
-1145.9 142892 -1189.31 142066
-3421.27 141316 -4025.73 141240
-5140.04 143034 -5851.37 143072
-5567.51 142870 -5902.58 142544
-4812.76 140710 -4769.35 137802
-4755.99 137715 -5915.94 139212
-6115.2 137404 -7330.81 136177
-6959 136115 -2912.54 134728
-2910.31 134712 -2816.8 132065
-4109.22 132483 -4495.5 132490
-3686.21 130876 -3766.36 130250
-4806.08 131036 -4573.42 130949
-3722.94 133307 -3682.87 133381
-3655.04 132564 -3617.19 127808
-3562.64 125644 -2947.05 123293
-3239.82 123017 -3934.45 123035
-3705.13 118112 -3761.9 117453
-854.239 117014 -652.751 116062
-31.588 116122 -486.885 115803
-1139.22 113080 -1080.22 113581
1160.64 113902 2081.26 113550
4447.91 111181 6950.37 110941
8177.11 110712 11344.2 108563
12462.9 108049 15922.7 105938
18744.7 106214 18722.4 106192
19193.3 106045 19552.9 106052
21247.1 105126 23609.3 106212
23808.6 106274 28985 104418
29426.9 104591 36127.2 100459
36531.3 100241 42708.4 98675.7
42721.8 97718.3 42799.7 97649.3
42077.2 97838.6 41855.7 98087.9
42673.9 97796.3 42161.8 97720.6
41335.8 96903.5 41584.1 96752.1
41613 95946.1 41066.5 93759.8
40187 92660 40172.6 92508.6
39168.5 85417.5 38735.4 81136.2
38220 77484.9 38469.4 78669.3
38511.7 79050.1 39985.5 91366.4
40356.2 94906.4 41809 98079
42268.7 97869.7 41497.3 98112.4
42166.3 98114.6 42161.8 98108
42726.2 97800.7 42156.3 98110.2
42297.6 98032.3 42156.3 97718.3
42151.8 97725 42063.9 97794
42139.6 98105.7 41186.7 98887.2
40446.4 99007.4 38800 102837
38817.8 102835 38686.4 104130
38639.7 105223 38153.2 108757
38680.9 108888 35974.7 110046
34857.1 109821 29226.5 110166
28301.4 111028 25669.9 112878
26105.1 112869 26114 112795
26106.2 112902 26084 112996
25663.2 111008 24973 109222
24407.5 107975 23431.2 107960
22663.1 107261 22363.7 105366
22210 105264 -8271.46 131820
22394.8 104337 22400.4 103380
22761.1 100933 23055 102176
23336.6 102850 23042.7 100989
22577.4 101007 22416 103100
22412.6 103218 22400.4 103939
22252.3 105284 22247.9 105406
23210.8 107252 23173 106419
27583.4 104516 28675.5 104293
33947.6 102409 34783.6 101298
38556.2 100472 38518.4 102532
38515 99628.6 40213.7 99072
41545.1 98108 42218.6 98132.4
42712.9 97676 42308.8 97669.4
42052.7 98112.4 41432.7 98876.1
36713.9 100127 33531.2 103091
27829.5 104300 25745.6 105293
24100.3 105419 26668.4 105883
27048 105304 34094.5 102171
35453.7 100813 41403.8 98292.7
41654.2 98087.9 42721.8 97903.1
42158.5 98108 41387.1 98177
41432.7 97353.2 41579.6 97306.5
42628.3 97584.8 42662.8 97860.8
42050.5 106381 42062.8 106664
39785.2 99147.7 39352.1 99241.2
31979.4 102305 31697.8 102314
25058.7 103124 24835 103384
22406 101666 22417.1 101935
22402.6 104012 22395.9 104195
24685.8 108022 24908.4 108035
27793.8 110997 27930.8 111099
28449.5 117210 28467.3 117649
33700.4 118163 33879.7 118141
39561.4 119673 39587 119944
40315 119947 42073.9 118125
42177.4 117166 42152.9 108545
42088.4 107172 41426 98724.7
41446.1 98123.5 42160.7 98108
42161.8 97718.3 41658.7 98081.2
41412.7 98437.5 42087.3 98121.3
42354.4 98697.9 41428.2 98742.5
41440.5 98130.2 42345.5 98108
42552.6 98686.8 43820.5 100461
44387.1 108701 42147.4 109365
42100.6 107543 42081.7 104155
41993.7 102011 41566.3 99673.1
41446.1 98942.9 39377.7 99236.7
38247.8 99628.6 39476.8 99241.2
41419.3 98597.8 41772.2 98072.3
41969.3 97965.5 42258.7 97687.2
42721.8 97720.6 41243.5 98885
39708.4 99161 34181.3 101982
32693 104159 27288.4 104861
25868 106428 22340.3 106061
20378.8 106023 15563.2 105883
13257.7 105756 11692.6 106090
10610.6 109752 9374.91 110202
9978.26 115732 11579 117567
9383.81 114430 8096.96 114131
4334.36 111148 3114.3 111987
-80.5685 113984 -825.296 114528
-1513.25 117531 -1514.36 118324
-3700.68 118713 -3933.34 119328
-4106.99 119978 -4291.78 120793
-3117.36 122908 -3363.38 122222
-3061.7 122409 -3056.14 122402
-3090.65 122496 -3136.29 123130
-3610.51 125321 -6376.8 130039
-7090.36 130043 -7196.11 134917
-8280.36 134879 -8949.39 137404
-8730.09 137448 -8411.72 137430
-8603.19 137426 -9416.93 137622
-9420.27 139370 -14014.4 139546
-15708.7 140583 -15571.8 148166
-15585.1 150784 -18491.7 152830
-19632.7 153578 -20642.4 155006
-20641.3 155923 -20641.3 156756
-20728.1 156105 -20661.3 156782
-20665.8 157599 -21771.2 156807
-20640.2 156152 -20636.8 155291
-19985.6 152817 -19631.6 152828
-19561.5 146064 -19417.9 142970
-18011.9 141587 -18023 141304
-18962.6 139810 -18914.7 140478
-18528.4 139944 -18080.9 139652
-18529.5 140009 -18498.4 140596
-18006.3 141986 -18434.9 142251
-16837.5 140868 -16467.9 140164
-16019.3 138878 -16010.4 138913
-14141.3 137546 -13890.9 138617
-13327.6 139463 -14979.6 140015
-16740.6 134984 -17283.9 132804
-18595.2 132461 -18722.1 132584
-17597.8 132822 -17160.3 132909
-15589.6 132345 -16160.7 132773
-17241.6 133436 -16884.2 135471
-21195.6 138143 -22253.2 138194
-25705.2 136930 -25745.3 137310
-25814.3 138130 -24883.7 138219
-21097.7 138161 -20927.4 138154
-19610.5 144009 -20004.5 144114
-18885.8 142433 -19038.3 142516
-19678.4 138933 -20857.2 138196
-19993.4 139238 -19924.4 138967
-18884.7 141164 -18507.3 141229
-16759.6 141182 -16406.7 141153
-15830.1 140685 -14435.2 139648
-10586.9 142135 -10474.5 144749
-9576.12 151031 -9651.82 151334
-8477.4 151677 -8487.42 151686
-8519.7 150571 -8605.42 146779
-8220.25 143693 -6718.55 143655
-6091.82 143290 -6158.61 140717
-6229.86 137235 -6209.82 136177
-6325.59 136424 -6239.88 137315
-5389.4 138441 -5369.36 138911
-4748.19 138577 -4714.8 143462
-4679.18 143390 -4645.78 141821
-3874.34 141808 -3518.11 142081
-3515.89 142242 -3576 143090
-3590.47 143090 -3287.68 143573
-2944.82 143540 -3117.36 143542
-2809.01 141338 -2825.71 139648
-2908.08 135672 -2923.67 134861
-3630.55 132103 -3649.47 131404
-3586.02 125991 -3800.87 123959
-3722.94 119076 -3564.87 118517
-1266.12 116986 -1077.99 117186
-1639.04 117807 -1517.7 117286
137.618 113913 1356.57 113826
3580.73 111330 3590.75 111319
8425.35 110553 10276.6 109926
