883.458 148130 883.458 148130
-542.544 143188 -542.544 143188
-1597.85 140120 -1597.85 140120
-1209.35 140819 -1209.35 140819
1694.98 134908 1694.98 134908
1879.77 134592 1879.77 134592
3751.05 137491 3751.05 137491
4141.78 138668 4141.78 138668
-1355.18 145325 -1355.18 145325
-1964.09 145319 -1964.09 145319
-1880.6 145935 -1880.6 145935
412.577 144597 412.577 144597
610.726 143464 610.726 143464
1115 142313 1115 142313
-484.658 148502 -484.658 148502
-1568.91 147643 -1568.91 147643
-2037.57 146979 -2037.57 146979
-2707.71 147207 -2707.71 147207
-2650.94 147151 -2650.94 147151
-2024.21 147467 -2024.21 147467
-2652.05 150259 -2652.05 150259
-5288.09 149762 -5288.09 149762
-7624.69 149798 -7624.69 149798
-8672.21 144058 -8672.21 144058
-15682 142373 -15682 142373
-11702.3 132072 -11702.3 132072
-10940.9 135139 -10940.9 135139
-11658.9 133775 -11658.9 133775
-12348 132363 -12348 132363
-11897.1 133779 -11897.1 133779
-11800.3 133786 -11800.3 133786
-14699 155155 -14699 155155
-14347.3 153875 -14347.3 153875
-11928.3 153527 -11928.3 153527
-10910.8 152423 -10910.8 152423
-10436.6 149079 -10436.6 149079
-10252.9 144522 -10252.9 144522
-9913.42 142678 -9913.42 142678
-10386.5 143842 -10386.5 143842
-17128 141416 -17128 141416
-19316.6 141865 -19316.6 141865
-18039.7 141240 -18039.7 141240
-18014.1 141676 -18014.1 141676
-17706.9 150174 -17706.9 150174
-18394.9 151624 -18394.9 151624
-18732.1 154030 -18732.1 154030
-14831.5 152029 -14831.5 152029
-14979.6 152018 -14979.6 152018
-16543.6 150994 -16543.6 150994
-11333.9 149313 -11333.9 149313
-10787.3 149135 -10787.3 149135
-10776.1 148553 -10776.1 148553
2989.62 137179 2989.62 137179
13694.1 124631 13694.1 124631
24184.9 122589 24184.9 122589
28053.2 118544 28053.2 118544
34099 109574 34099 109574
42091.7 107483 42089.5 107483
41666.5 104055 41666.5 104055
41689.8 104015 41689.8 104015
39099.4 107655 39096.1 107655
39093.9 107661 39097.2 107664
39098.3 107666 39099.4 107661
39099.4 107659 39099.4 107664
39099.4 107666 39099.4 107670
39099.4 107673 39099.4 107673
11734.9 117342 11734.9 117342
8271.73 126181 8271.73 126181
1385.51 129300 1385.51 129300
1407.77 129235 1407.77 129235
1386.62 129602 1386.62 129602
2582.19 131557 2582.19 131557
1428.92 131807 1428.92 131807
830.025 131893 830.025 131893
832.251 132138 832.251 132138
-1453.14 133717 -1453.14 133717
-8939.37 134986 -8939.37 134986
-9428.07 137985 -9428.07 137985
-9406.92 142798 -9406.92 142798
-9666.29 142825 -9666.29 142825
-9882.25 140659 -9882.25 140659
-9922.32 140360 -9922.32 140360
-11609.9 137468 -11609.9 137468
-12978 136070 -12978 136070
-15055.3 137143 -15055.3 137143
-14844.9 137027 -14844.9 137027
-14089 129700 -14089 129700
-14625.6 129738 -14625.6 129738
-12197.7 135215 -12197.7 135215
-115.078 135712 -115.078 135712
1554.71 137473 1554.71 137473
162.108 138666 162.108 138666
26.2982 138515 26.2982 138515
-2269.11 139029 -2269.11 139029
-2831.27 137804 -2831.27 137804
-3941.13 137568 -3941.13 137568
-4499.95 136179 -4499.95 136179
-2539.62 133654 -2539.62 133654
-2252.41 133227 -2252.41 133227
-2230.15 133352 -2230.15 133352
-2233.49 133494 -2233.49 133494
-2220.13 133490 -2220.13 133490
-2200.09 133599 -2200.09 133599
-2827.93 141652 -2827.93 141652
-2688.78 149090 -2688.78 149090
-2542.96 153075 -2542.96 153075
-3801.98 153806 -3801.98 153806
-4169.33 152194 -4169.33 152194
-3551.51 155987 -3551.51 155987
-3553.74 154669 -3553.74 154669
-4307.37 152508 -4307.37 152508
-4317.39 152269 -4317.39 152269
-1678 152857 -1678 152857
2175.88 158025 2175.88 158025
2183.67 158031 2183.67 158031
4435.66 155689 4435.66 155689
-4753.76 141600 -4753.76 141600
-5831.33 142128 -5831.33 142128
-8484.08 140140 -8484.08 140140
-6822.08 144806 -6822.08 144806
-5790.15 147102 -5789.03 147102
-3691.77 146795 -3691.77 146795
2276.07 138230 2276.07 138230
7623.85 128171 7623.85 128171
11929.7 114984 11929.7 114984
18791.4 106143 18791.4 106143
24881.7 106446 24881.7 106446
35132 109888 35132 109888
39046 107831 39046 107831
38964.7 108167 38967 108167
38970.3 108169 38965.9 108167
38964.7 108167 38964.7 108167
37846 110344 37846 110344
24988.6 110814 24988.6 110814
11518.9 126145 11518.9 126145
4396.7 134850 4396.7 134850
4336.59 138695 4336.59 138695
4273.14 138688 4273.14 138688
3767.75 138697 3767.75 138697
664.159 144757 664.159 144757
573.99 148193 573.99 148193
1091.63 143582 1091.63 143582
891.251 151619 891.251 151619
854.515 152292 854.515 152292
4203.01 141690 4203.01 141690
14616.9 122284 14616.9 122284
15881.5 114828 15881.5 114828
15889.3 114610 15889.3 114610
8735.94 127817 8735.94 127817
1395.53 130328 1395.53 130328
1373.26 130384 1373.26 130384
2554.36 137600 2554.36 137600
3174.41 150985 3174.41 150985
1025.95 151515 1025.95 151515
14.053 151815 14.053 151815
16.2794 151711 16.2794 151711
1189.59 142495 1189.59 142495
769.912 141999 769.912 141999
981.419 142357 981.419 142357
1958.8 141589 1958.8 141589
700.894 141859 700.894 141859
15867.1 114414 15867.1 114414
6157.78 131395 6157.78 131395
965.835 142553 965.835 142553
789.95 152610 789.95 152610
-2290.26 152626 -2290.26 152626
-6520.4 154251 -6520.4 154251
-7409.84 153342 -7409.84 153342
-7859.57 149491 -7859.57 149491
-7572.37 149484 -7572.37 149484
1226.32 156163 1226.32 156163
1637.09 156486 1637.09 156486
-555.903 157889 -555.903 157889
-2644.26 162573 -2644.26 162573
-2696.58 163203 -2696.58 163203
-2960.4 158710 -2960.4 158710
-3474.7 156658 -3474.7 156658
-3887.7 152347 -3887.7 152347
-52.7387 152655 -52.7387 152655
4435.66 152058 4435.66 152058
1476.79 152581 1476.79 152581
840.044 152109 840.044 152109
10.7134 152450 10.7134 152450
12.9398 151820 12.9398 151820
-1041.26 148553 -1041.26 148553
-1076.88 148351 -1076.88 148351
758.78 148195 758.78 148195
725.385 148251 725.385 148251
-1112.5 149103 -1112.5 149103
-997.841 149275 -997.841 149275
-1145.9 149624 -1145.9 149624
-2568.56 143482 -2568.56 143482
-1919.57 143733 -1919.57 143733
12.9398 146893 12.9398 146893
18.5058 148496 18.5058 148496
2611.14 147035 2611.14 147035
6128.83 148010 6128.83 148010
6119.93 148186 6119.93 148186
3217.83 149428 3217.83 149428
3077.57 151837 3077.57 151837
2833.78 152928 2833.78 152928
1244.13 152367 1244.13 152367
7185.25 149348 7185.25 149348
7265.4 146674 7265.4 146674
8710.33 149210 8710.33 149210
12756.8 149671 12756.8 149671
9461.74 150771 9461.74 150771
8427.58 151650 8427.58 151650
8063.57 151715 8063.57 151715
7603.82 152688 7603.82 152688
5921.78 153808 5921.78 153808
4538.08 152269 4538.08 152269
3656.43 149914 3656.43 149914
1401.09 151501 1401.09 151501
848.949 152234 848.949 152234
3055.3 153336 3055.3 153336
3004.09 159046 3004.09 159046
3009.66 159102 3009.66 159102
3087.58 154885 3087.58 154885
4018.22 154500 4018.22 154500
3107.62 152321 3107.62 152321
617.405 152608 617.405 152608
809.987 151978 809.987 151978
1049.32 149139 1049.32 149139
1358.79 150034 1358.79 150034
-651.638 152612 -651.638 152612
-4184.92 151414 -4184.92 151414
-4174.9 151388 -4174.9 151388
-2628.67 149110 -2628.67 149110
-1109.16 143818 -1109.16 143818
-185.209 141514 -185.209 141514
708.687 143702 708.687 143702
2364.01 161667 2364.01 161667
1268.62 156070 1268.62 156070
834.478 152381 834.478 152381
-1806.02 162647 -1806.02 162647
-3272.1 158060 -3272.1 158060
-4276.2 152559 -4276.2 152559
-4334.09 152249 -4334.09 152249
-3247.61 147035 -3247.61 147035
-1369.65 145356 -1369.65 145356
2474.21 137511 2474.21 137511
2148.05 136500 2148.05 136500
6737.75 130041 6737.75 130041
15192.5 124248 15192.5 124248
24141.4 120154 24141.4 120154
28342.6 114510 28342.6 114510
39096.1 107670 39091.6 107670
39090.5 107670 39092.8 107666
39093.9 107666 39091.6 107661
39080.5 107650 39080.5 107650
31489.6 109291 31489.6 109291
22532.9 106058 22532.9 106058
12992.8 106257 12992.8 106257
9915.92 120626 9915.92 120626
1403.32 129070 1403.32 129070
1376.6 129282 1376.6 129282
1340.98 129375 1340.98 129375
4096.14 136885 4096.14 136885
1195.15 143028 1195.15 143028
1258.6 143638 1258.6 143638
621.857 147460 621.857 147460
950.25 147943 950.25 147943
1194.04 152051 1194.04 152051
1369.92 152116 1369.92 152116
3114.3 152503 3114.3 152503
3174.41 152049 3174.41 152049
3098.72 151902 3098.72 151902
3452.71 140316 3452.71 140316
14248.5 123101 14248.5 123101
15371.7 114276 15371.7 114276
12457.3 118050 12457.3 118050
8034.62 126933 8034.62 126933
1761.77 129086 1761.77 129086
1428.92 129300 1428.92 129300
-10123.8 164862 -10123.8 164862
1956.58 131466 1956.58 131466
2683.49 133093 2683.49 133093
2601.12 133067 2601.12 133067
2634.51 133174 2634.51 133174
2583.31 133182 2583.31 133182
4421.19 145361 4421.19 145361
3054.19 153703 3054.19 153703
1671.6 154355 1670.49 154351
1299.79 153387 1299.79 153387
1096.08 151036 1096.08 151036
110.901 147008 110.901 147008
-1391.91 148420 -1391.91 148420
-1601.19 147338 -1601.19 147338
-1114.73 141235 -1114.73 141235
-285.396 139548 -285.396 139548
-264.246 139559 -264.246 139559
-178.53 139677 -178.53 139677
-177.416 139686 -177.416 139686
1260.83 150864 1260.83 150864
1379.94 153095 1379.94 153095
1320.94 152804 1320.94 152804
-362.207 140536 -362.207 140536
-8285.93 139784 -8285.93 139784
-8486.3 140084 -8486.3 140084
-8491.87 139977 -8491.87 139977
-8189.08 140069 -8189.08 140069
-7335.26 140554 -7335.26 140554
-7870.71 140481 -7870.71 140481
-7966.44 143261 -7966.44 143261
-10506.8 146677 -10506.8 146677
-10543.5 148988 -10543.5 148988
-10483.4 146837 -10483.4 146837
-592.638 143462 -592.638 143462
4386.68 146654 4386.68 146654
4644.94 145788 4644.94 145788
5767.04 145962 5767.04 145962
5340.69 141068 5340.69 141068
5224.92 140748 5224.92 140748
4936.6 140089 4936.6 140089
5131.41 134908 5131.41 134908
7342.22 130068 7342.22 130068
4288.72 134792 4288.72 134792
3568.48 134518 3568.48 134518
1420.02 133761 1420.02 133761
1437.83 131842 1437.83 131842
3736.58 135498 3736.58 135498
2582.19 133267 2582.19 133267
2574.4 133207 2574.4 133207
2610.02 133274 2610.02 133274
2728.02 132987 2728.02 132987
2150.27 130257 2150.27 130257
1396.64 129493 1396.64 129493
2166.97 133821 2166.97 133821
1451.19 132049 1451.19 132049
1089.4 124818 1089.4 124818
2456.4 122364 2456.4 122364
11795 116525 11795 116525
12354.9 109921 12354.9 109921
18809.2 106165 18809.2 106165
25623.1 106452 25623.1 106452
38297.9 110422 38297.9 110422
38968.1 108171 38965.9 108167
38967 108165 38964.7 108169
32995.8 109340 32995.8 109340
20100.5 106021 20100.5 106021
13101.9 115077 13101.9 115077
13621.7 116251 13621.7 116251
13431.4 115870 13432.5 115872
13432.5 115877 13430.3 115872
15749.1 114877 15749.1 114877
15772.4 114870 15771.3 114866
15901.6 114643 15901.6 114643
15912.7 114657 15912.7 114657
15938.3 114467 15938.3 114467
4954.41 133541 4954.41 133541
-9632.89 144272 -9632.89 144272
-3302.15 134745 -3302.15 134745
-200.794 135520 -200.794 135520
-4083.62 135990 -4083.62 135990
-3007.16 135952 -3007.16 135952
1404.43 142498 1404.43 142498
737.63 142934 737.63 142934
1571.41 158232 1571.41 158232
1539.13 158180 1539.13 158180
620.744 156502 620.744 156502
-1624.57 155012 -1624.57 155012
-1939.6 155035 -1939.6 155035
-977.804 152931 -977.804 152931
-158.492 153505 -158.492 153505
-130.662 153202 -130.662 153202
-6608.34 152864 -6608.34 152864
-9369.07 149184 -9369.07 149184
-14769.2 152830 -14769.2 152830
-20561.1 152817 -20561.1 152817
-25151.9 153625 -25151.9 153625
-21786.8 150588 -21786.8 150588
-21941.5 150720 -21941.5 150720
-17096.9 155168 -17096.9 155168
-10109.3 165254 -10109.3 165254
-9308.95 166581 -9308.95 166581
-8576.47 162965 -8576.47 162965
-8301.51 156967 -8301.51 156967
-7228.39 155560 -7228.39 155560
-3941.13 152434 -3941.13 152434
-4178.24 157136 -4178.24 157136
-2847.97 158047 -2847.97 158047
-5673.26 152975 -5673.26 152975
-8323.78 152167 -8323.78 152167
-5997.2 147937 -5997.2 147937
-4095.86 151301 -4095.86 151301
-3906.62 152292 -3906.62 152292
4433.44 151023 4433.44 151023
3983.71 137782 3983.71 137782
3299.09 138472 3299.09 138472
-584.846 143001 -584.846 143001
-10579.1 145392 -10579.1 145392
-15148.8 146327 -15148.8 146327
-11504.2 146639 -11504.2 146639
-11493 146654 -11493 146654
-10187.3 145555 -10187.3 145555
-2773.39 143811 -2773.39 143811
-2727.75 145365 -2727.75 145365
-2746.67 147819 -2746.67 147819
-1865.02 148266 -1865.02 148266
-1970.77 148863 -1970.77 148863
-4019.05 152416 -4019.05 152416
-11782.5 142511 -11782.5 142511
-11666.7 142504 -11666.7 142504
-10658.1 145461 -10658.1 145461
-10190.6 145701 -10190.6 145701
-10081.5 146387 -10081.5 146387
-9586.14 146305 -9586.14 146305
-8645.49 132601 -8645.49 132601
-8727.87 130651 -8727.87 130651
-8417.29 129117 -8417.29 129117
-7770.52 131896 -7770.52 131896
-9316.75 133632 -9316.75 133632
-10492.3 129892 -10492.3 129892
-12245.6 133516 -12245.6 133516
-12772.1 133890 -12772.1 133890
-16601.5 132840 -16601.5 132840
-21006.4 130883 -21006.4 130883
-20334 131079 -20334 131079
-16742.9 135042 -16742.9 135042
-10645.9 145535 -10645.9 145535
-5989.41 147523 -5989.41 147523
-5195.7 149017 -5195.7 149017
-4918.51 147080 -4918.51 147080
-3737.41 144152 -3737.41 144152
9142.25 127572 9142.25 127572
18352.8 124426 18352.8 124426
24161.5 120129 24161.5 120129
29474.8 109834 29474.8 109834
39089.4 107652 39089.4 107652
39091.6 107661 39091.6 107666
39092.8 107668 39092.8 107664
39092.8 107661 39091.6 107666
39095 107675 39095 107675
39093.9 107639 39095 107637
39097.2 107635 39097.2 107635
39101.7 107681 39101.7 107681
39099.4 107673 39099.4 107673
39093.9 107650 39093.9 107650
39097.2 107661 39096.1 107664
39093.9 107668 39091.6 107673
39090.5 107673 39091.6 107670
39091.6 107666 39093.9 107661
38971.4 108156 38971.4 108156
38977 108156 38975.9 108160
38977 108162 38974.8 108167
38973.6 108167 38972.5 108171
42091.7 107501 42091.7 107501
39462.3 108674 39462.3 108674
38962.5 108198 38961.4 108193
38961.4 108178 38961.4 108178
38958.1 108173 38957 108178
38951.4 108167 38953.6 108171
38954.7 108171 38955.8 108173
36233 110126 36233 110126
20886.5 110667 20886.5 110667
18982.9 108988 18984 108988
18988.5 108986 18989.6 108982
18989.6 108979 18989.6 108977
22320.3 106161 22320.3 106161
22382.6 103736 22382.6 103736
22562.9 105090 22562.9 105090
23485.8 106515 23488 106510
23484.7 106526 23484.7 106526
23488 106537 23488 106537
23488 106530 23488 106530
23463.5 106619 23463.5 106619
23471.3 106597 23471.3 106597
23480.2 106548 23480.2 106548
23490.2 106579 23490.2 106579
23504.7 106497 23504.7 106497
23503.6 106530 23503.6 106530
23493.6 106537 23493.6 106537
19213.3 106851 19213.3 106851
18844.9 108924 18844.9 108924
18842.6 108930 18844.9 108926
18846 108926 18844.9 108930
18844.9 108933 18844.9 108933
21276.1 105765 21276.1 105765
23433.4 108795 23433.4 108795
31666.6 109289 31666.6 109289
35041.8 109810 35041.8 109810
