5575.57 95752.4 5575.57 95752.4
5423.07 103206 5423.07 103206
4059.4 111184 4059.4 111184
68.5996 113931 68.5996 113931
-544.771 114187 -544.771 114187
-2787.86 117858 -2787.86 117858
-3721.83 118853 -3721.83 118853
-4220.54 120675 -4220.54 120675
-3822.02 124965 -3822.02 124965
-1940.72 126107 -1940.72 126107
-1952.96 126779 -1952.96 126779
-3932.22 126290 -3932.22 126290
-5103.3 124154 -5103.3 124152
-3686.21 124967 -3686.21 124967
-3468.02 123841 -3468.02 123841
-3991.22 125913 -3991.22 125913
-4040.2 122623 -4040.2 122623
-2495.09 118065 -2495.09 118065
-2194.53 117700 -2194.53 117700
-3197.51 118464 -3197.51 118464
-4283.99 120376 -4283.99 120376
-4181.58 120298 -4181.58 120298
-4949.68 121688 -4949.68 121688
-3790.85 130177 -3790.85 130177
-3749.66 130705 -3749.66 130705
-9408.03 137508 -9408.03 137508
-8928.24 138486 -8928.24 138486
-8723.41 143364 -8723.41 143364
-8722.3 143537 -8722.3 143537
-8179.06 143709 -8179.06 143709
-7715.97 136725 -7715.97 136725
-7602.43 137413 -7602.43 137413
-7934.16 139042 -7934.16 139042
-7933.05 139049 -7930.82 139053
-7930.82 139056 -7929.71 139056
-7939.72 138964 -7939.72 138964
-7929.71 138984 -7929.71 138984
-7928.59 139000 -7928.59 139000
-7929.71 139007 -7929.71 139007
-7951.97 139189 -7951.97 139189
-8107.82 139245 -8107.82 139245
-12939.1 139436 -12939.1 139436
-12737.6 142821 -12737.6 142821
-11370.6 143406 -11370.6 143406
-11293.8 143382 -11293.8 143382
-10855.2 146004 -10855.2 146004
-11210.3 147100 -11210.3 147100
-11506.4 148015 -11506.4 148015
-10912 148175 -10912 148175
-10845.2 149631 -10845.2 149631
-10766.1 150250 -10766.1 150250
-10875.2 152719 -10875.2 152719
-10824 151621 -10824 151621
-10742.7 150802 -10742.7 150802
-11753.5 149466 -11753.5 149466
-13696.1 149270 -13696.1 149270
-15627.4 143054 -15627.4 143054
-17997.4 130698 -17997.4 130698
-18615.3 127619 -18615.3 127619
-19211.9 127570 -19211.9 127570
-18154.4 129304 -18154.4 129304
-18078.7 130048 -18078.7 130048
-17871.6 132495 -17871.6 132495
-17560 133125 -17560 133125
-17371.8 133652 -17371.8 133652
-13528 135416 -13528 135416
-10456.7 135193 -10456.7 135193
-5639.86 134928 -5639.86 134928
306.823 136244 306.823 136244
3604.11 135843 3604.11 135843
3387.03 133721 3387.03 133721
3648.63 135665 3648.63 135665
1958.8 138735 1958.8 138735
501.632 141169 501.632 141169
395.879 141356 395.879 141356
455.991 141449 455.991 141449
-1302.86 139289 -1302.86 139289
-1752.59 135943 -1752.59 135943
-1733.66 136286 -1733.66 136286
-3233.14 135932 -3233.14 135932
-3187.5 134806 -3187.5 134806
-6200.91 140434 -6200.91 140434
-6753.06 140465 -6753.06 140465
-7589.07 139521 -7589.07 139521
-7229.51 140002 -7229.51 140002
-8028.78 143571 -8028.78 143571
-8264.78 143606 -8264.78 143606
-8565.34 143622 -8565.34 143622
-8656.62 143466 -8656.62 143466
-8669.98 144637 -8669.98 144637
-9136.41 146739 -9136.41 146739
-9507.1 149965 -9507.1 149965
-8770.17 152984 -8770.17 152984
-7436.56 152922 -7436.56 152922
-5190.13 152806 -5190.13 152806
-2566.33 152982 -2566.33 152982
-2564.11 152454 -2564.11 152454
-2608.63 152530 -2608.63 152530
-2831.27 153398 -2831.27 153398
-2889.16 152668 -2889.16 152668
-2870.23 152868 -2870.23 152868
-2853.54 153009 -2853.54 153009
-4312.94 154340 -4312.94 154340
-5746.73 154491 -5746.73 154491
-8357.17 154574 -8357.17 154574
-8435.1 156867 -8435.1 156867
-7827.29 156871 -7827.29 156871
-6723 156856 -6723 156856
-8412.83 155787 -8412.83 155787
-8386.12 155230 -8386.12 155230
-9138.64 154571 -9138.64 154571
-11554.3 156776 -11554.3 156776
-14810.4 157232 -14810.4 157232
-14709.1 158401 -14709.1 158401
-14765.8 157969 -14765.8 157969
-15058.6 155157 -15058.6 155157
-14532.1 155175 -14532.1 155175
-14390.7 155315 -14390.7 155315
-14364 155360 -14364 155360
-10089.3 154656 -10089.3 154656
-6745.27 154460 -6745.27 154460
-5413.89 152795 -5413.89 152795
-2614.2 153222 -2614.2 153222
-2010.85 153042 -2010.85 153042
-2318.09 152926 -2318.09 152926
1313.15 152011 1313.15 152011
1298.68 142863 1298.68 142863
1605.92 142654 1605.92 142654
1323.17 141959 1323.17 141959
-4123.69 139140 -4123.69 139140
-7980.91 135026 -7980.91 135026
-11002.1 126432 -11002.1 126432
-14400.7 117462 -14400.7 117462
-13623.7 116375 -13623.7 116375
-12287.9 116093 -12287.9 116093
-13248.6 114699 -13248.6 114699
-13956.5 118778 -13956.5 118778
-9894.49 129420 -9894.49 129420
-7790.56 139370 -7790.56 139370
-6953.43 140376 -6953.43 140376
-6863.27 140516 -6863.27 140516
-6109.63 143475 -6109.63 143475
-7930.82 143653 -7930.82 143653
-10436.6 151005 -10436.6 151005
-14957.3 155170 -14957.3 155170
-26471.1 155593 -26471.1 155593
-31547.2 160476 -31547.2 160476
-32000.3 161914 -32000.3 161914
-31854.5 157673 -31854.5 157673
-27865.9 156989 -27865.9 156989
-26222.8 154271 -26222.8 154271
-23312.9 153647 -23312.9 153647
-21517.4 152895 -21517.4 152895
-22818.7 153598 -22818.7 153598
-20858.4 152846 -20858.4 152846
-19321 152862 -19321 152862
-14151.4 155299 -14151.4 155299
-14080.1 155146 -14080.1 155146
-14061.2 155090 -14061.2 155090
-13918.7 155177 -13918.7 155177
-11078.9 161500 -11078.9 161500
1260.83 157684 1260.83 157684
1628.19 157000 1628.19 157000
1235.23 157568 1235.23 157568
2760.3 160914 2760.3 160914
1228.55 159717 1228.55 159717
1303.13 150219 1303.13 150219
1322.06 149593 1322.06 149593
569.537 148206 569.537 148206
-725.108 147687 -725.108 147687
-1563.34 147594 -1563.34 147594
-712.863 147728 -712.863 147728
-713.976 147652 -713.976 147652
-4791.61 147080 -4791.61 147080
-9121.94 147304 -9121.94 147304
-9023.98 147340 -9023.98 147340
-5241.34 145450 -5241.34 145450
-708.41 146902 -708.41 146902
-708.41 147681 -708.41 147681
-4119.24 147062 -4119.24 147062
-10175 146076 -10173.9 146078
-9133.07 145450 -9133.07 145450
-6836.55 144789 -6836.55 144789
-4243.92 145430 -4243.92 145430
-2514.01 145368 -2514.01 145368
78.6183 143923 78.6183 143923
1404.43 141801 1404.43 141801
114.241 143119 114.241 143119
4410.06 135716 4410.06 135716
5666.86 131889 5666.86 131889
24605.6 104927 24605.6 104927
24590.1 104805 24590.1 104805
24601.2 104943 24601.2 104943
24599 104954 24599 104954
24593.4 104881 24593.4 104881
24584.5 104865 24584.5 104865
24580 104845 24580 104845
24590.1 104892 24593.4 104892
24590.1 104885 24587.8 104881
24585.6 104878 24583.4 104878
24582.3 104874 24582.3 104874
24586.7 104800 24586.7 104800
24397.5 105878 24397.5 105878
20048.2 105996 20048.2 105996
18997.4 105985 18997.4 105985
13281.1 105838 13281.1 105838
12070 113089 12070 113089
9785.68 119900 9785.68 119900
7046.11 122839 7046.11 122839
8811.63 124442 8811.63 124442
8030.17 124551 8030.17 124551
6950.37 124290 6950.37 124290
6949.26 124272 6950.37 124268
6950.37 124119 6950.37 124119
8375.26 119265 8375.26 119265
11722.6 117362 11722.6 117362
13679.6 106036 13679.6 106036
15829.2 104776 15829.2 104776
11423.2 108514 11423.2 108514
11955.3 111388 11955.3 111388
14994.3 117950 14994.3 117950
12521.9 117019 12521.9 117019
12600.9 115240 12600.9 115240
12311.5 116213 12311.5 116213
12429.5 119274 12429.5 119274
14218.4 122549 14218.4 122549
462.671 141658 462.671 141658
-1711.4 152269 -1711.4 152269
-2252.41 153062 -2252.41 153062
-2355.94 153300 -2355.94 153300
-3273.21 150989 -3273.21 150989
-4076.94 152292 -4076.94 152292
-4151.52 152194 -4151.52 152194
-2335.9 153124 -2335.9 153124
-2475.05 152750 -2475.05 152750
-2294.71 152672 -2294.71 152672
-3355.59 152670 -3355.59 152670
-3932.22 152597 -3932.22 152597
-3552.62 150811 -3552.62 150811
-1580.04 147581 -1580.04 147581
-4155.98 143553 -4155.98 143553
-6175.31 140503 -6175.31 140503
-7255.11 140205 -7255.11 140205
-7847.33 140374 -7847.33 140374
-7494.45 138495 -7494.45 138495
-6119.65 143161 -6119.65 143161
-6144.14 145499 -6144.14 145499
-6027.26 146690 -6027.26 146690
-5899.24 147095 -5899.24 147095
-4407.56 147968 -4407.56 147968
-4605.71 147498 -4605.71 147498
-4684.74 143306 -4684.74 143306
-2825.71 139049 -2825.71 139049
-2844.63 138132 -2844.63 138132
-1190.42 140993 -1190.42 140993
-1542.19 140407 -1542.19 140407
-1548.87 140398 -1548.87 140398
-1971.89 143337 -1971.89 143337
-1832.74 148928 -1832.74 148928
-1135.88 149420 -1135.88 149420
-1024.56 151152 -1024.56 151152
-1023.44 151811 -1023.44 151811
-2191.19 152630 -2191.19 152630
-4846.16 152614 -4846.16 152614
-4862.85 153162 -4862.85 153162
-4587.89 151341 -4587.89 151341
-4781.59 150435 -4781.59 150435
-4828.34 153694 -4828.34 153694
-4229.45 155958 -4229.45 155958
-3299.93 158002 -3299.93 158002
-3131.84 163900 -3131.84 163900
-2419.39 165352 -2419.39 165352
-2961.52 165145 -2961.52 165145
1091.63 161919 1091.63 161919
4862.02 160952 4862.02 160952
7106.22 162270 7106.22 162270
8478.79 164508 8478.79 164508
7108.44 163012 7108.44 163012
6146.64 163559 6146.64 163559
5561.1 163021 5561.1 163021
4450.13 156773 4450.13 156773
3055.3 156023 3055.3 156023
3055.3 154445 3055.3 154445
1678.28 154335 1677.17 154338
1330.96 154340 1330.96 154340
390.313 152632 390.313 152632
-1446.46 152581 -1446.46 152581
-2361.5 152697 -2361.5 152697
-2223.47 152697 -2223.47 152697
-2040.9 152668 -2040.9 152668
1260.83 153850 1260.83 153850
-258.68 158588 -258.68 158588
-239.755 159795 -239.755 159795
643.008 159692 643.008 159692
874.553 159806 874.553 159806
209.975 160859 209.975 160859
1181.79 159803 1181.79 159803
2384.04 161658 2384.04 161658
2610.02 163664 2610.02 163664
1258.6 155177 1258.6 155177
1266.4 155046 1266.4 155046
35.2037 152414 35.2037 152414
-332.151 152565 -332.151 152565
-1027.9 151648 -1027.9 151648
-632.713 153480 -632.713 153480
-987.822 153131 -987.822 153131
-1484.31 154491 -1484.31 154491
-502.469 158639 -502.469 158639
-3243.16 160914 -3243.16 160914
-6975.7 159619 -6975.7 159619
-8267 158966 -8267 158966
-8280.36 159258 -8280.36 159258
-6937.85 161611 -6937.85 161611
-7074.77 163873 -7074.77 163873
-7098.15 166721 -7098.15 166721
-6047.29 167585 -6047.29 167585
-6048.41 167574 -6048.41 167574
-5928.18 166785 -5928.18 166785
-7046.94 164383 -7046.94 164383
-15249 162655 -15249 162655
-14627.8 155204 -14627.8 155204
-14425.2 155311 -14425.2 155311
-14725.8 155108 -14725.8 155108
-14612.2 155199 -14612.2 155199
-13838.5 156003 -13838.5 156003
-12695.3 155055 -12695.3 155055
-12901.2 155063 -12901.2 155063
-15629.7 163390 -15629.7 163390
-15891.3 163375 -15891.3 163375
-15668.6 161896 -15668.6 161896
-15547.3 157512 -15547.3 157512
-15500.5 153171 -15500.5 153171
-15405.9 155104 -15405.9 155104
-14369.5 153509 -14369.5 153509
-11648.9 152897 -11648.9 152897
-9155.33 154402 -9155.33 154402
-9549.4 154578 -9549.4 154578
-8234.72 152993 -8234.72 152993
-8428.42 152131 -8428.42 152131
-7587.95 150448 -7587.95 150448
-6352.31 149375 -6352.31 149375
-3689.55 148166 -3689.55 148166
-2108.81 147055 -2108.81 147055
-1560 153734 -1560 153734
-2123.28 152659 -2123.28 152659
-2144.43 152652 -2144.43 152652
-1818.27 145937 -1818.27 145937
-7344.17 143615 -7344.17 143615
-11878.2 146162 -11878.2 146162
-12840 152073 -12840 152073
-8529.72 152913 -8529.72 152913
-1336.25 152637 -1336.25 152637
5770.38 152717 5770.38 152717
11628 152479 11628 152479
14152.7 152701 14152.7 152701
14040.3 154131 14040.3 154131
14100.4 151648 14100.4 151648
15572.1 149428 15572.1 149428
14193.9 151165 14193.9 151165
11012.4 150911 11012.4 150911
8494.37 151617 8494.37 151617
5890.61 150918 5890.61 150918
5800.44 147492 5800.44 147492
6020.85 147496 6020.85 147496
4425.64 142943 4425.64 142943
-2078.75 134659 -2078.75 134659
-11255.9 135200 -11255.9 135200
-16096.1 135741 -16096.1 135741
-16040.4 136119 -16040.4 136119
-14936.2 135462 -14936.2 135462
-5475.11 134906 -5475.11 134906
2648.99 139318 2648.99 139318
4421.19 141373 4421.19 141373
5282.8 140198 5282.8 140198
6086.53 138517 6086.53 138517
5318.43 132944 5318.43 132944
14727.2 122053 14727.2 122053
15867.1 114329 15867.1 114329
15397.3 115590 15397.3 115590
15217 118695 15217 118695
7373.38 129193 7373.38 129193
1472.34 139828 1472.34 139828
-5456.19 143595 -5456.19 143595
-10455.5 149437 -10455.5 149437
-17036.8 161941 -17036.8 161941
-18399.3 166207 -18399.3 166207
-16402.2 163838 -16402.2 163838
-16218.6 163844 -16218.6 163844
-10100.4 166011 -10100.4 166011
-9797.65 166696 -9797.65 166696
-7861.8 165527 -7861.8 165527
-4709.23 164129 -4709.23 164129
-2361.5 163838 -2361.5 163838
-2245.73 163822 -2242.39 163822
-1745.91 162860 -1745.91 162860
-1819.38 163056 -1819.38 163056
-14359.5 169929 -14359.5 169929
-16795.2 169039 -16795.2 169039
-17987.4 167611 -17987.4 167611
-17616.7 166981 -17616.7 166981
-16168.5 167698 -16168.5 167698
-14647.8 166037 -14647.8 166037
-11478.6 164630 -11478.6 164630
-10749.4 158481 -10749.4 158481
-10817.3 156188 -10817.3 156188
-11125.7 157323 -11125.7 157323
-14199.2 155190 -14199.2 155190
-4091.41 161262 -4091.41 161262
-4220.54 162391 -4220.54 162391
-3239.82 158842 -3239.82 158842
-2597.5 153409 -2597.5 153409
-2965.97 152637 -2965.97 152637
-7420.98 152897 -7420.98 152897
-14783.6 152821 -14783.6 152821
-18515.1 152815 -18515.1 152815
-20879.5 152821 -20879.5 152821
-22647.3 152806 -22647.3 152806
-20621.2 151085 -20621.2 151085
-21959.3 154674 -21959.3 154674
-15739.9 149190 -15739.9 149190
-14507.6 146679 -14507.6 146679
-14516.5 145922 -14516.5 145922
-13854.1 145833 -13854.1 145833
-12825.5 141186 -12825.5 141186
-3987.88 139194 -3987.88 139194
-1335.14 140648 -1335.14 140648
-1306.2 141226 -1306.2 141226
-3563.76 141814 -3563.76 141814
-2829.05 141638 -2829.05 141638
-2772.27 143397 -2772.27 143397
-354.414 141654 -354.414 141654
2387.38 139866 2387.38 139866
4408.95 135707 4408.95 135707
7086.18 129391 7086.18 129391
11107 118829 11107 118829
12631 107414 12631 107414
19044.1 106003 19044.1 106003
19009.6 105878 19009.6 105878
21578.9 106072 21578.9 106072
24583.4 104921 24583.4 104921
24576.7 104914 24576.7 104914
24574.5 104898 24574.5 104898
24574.5 104892 24573.4 104890
24558.9 104979 24558.9 104979
24568.9 104945 24568.9 104945
24573.4 104934 24573.4 104934
24575.6 104987 24575.6 104987
24587.8 104883 24587.8 104883
24575.6 104930 24575.6 104930
24574.5 104923 24574.5 104923
24572.2 104903 24572.2 104898
24571.1 104896 24568.9 104892
24551.1 104829 24551.1 104829
24555.5 104834 24555.5 104834
24562.2 104858 24562.2 104858
24592.3 105085 24592.3 105085
24564.5 104861 24564.5 104861
24570 104863 24570 104863
24571.1 104885 24571.1 104885
24580 104892 24580 104892
24582.3 104883 24580 104885
24672.4 104740 24672.4 104740
22158.8 103213 22158.8 103213
21300.6 104402 21300.6 104402
18502 105985 18502 105985
15347.2 105885 15347.2 105885
12385 109385 12385 109385
11828.4 116084 11828.4 116084
9657.66 119826 9657.66 119826
7687.31 122836 7687.31 122836
6886.92 122921 6886.92 122921
9201.25 123081 9201.25 123081
7168.56 129206 7168.56 129206
4174.06 131709 4174.06 131709
3192.22 131780 3192.22 131780
2258.25 133853 2258.25 133853
2328.39 134875 2328.39 134875
2051.2 136642 2051.2 136642
664.159 141068 664.159 141068
-2374.86 138971 -2374.86 138971
-2132.19 136923 -2132.19 136923
-2141.09 137299 -2141.09 137299
-2918.1 134688 -2918.1 134688
-7725.99 134957 -7725.99 134957
-12962.5 135269 -12962.5 135269
-14868.2 135803 -14868.2 135803
-14858.2 137034 -14858.2 137034
-15707.6 137620 -15707.6 137620
-16437.9 137925 -16437.9 137925
-16574.8 137491 -16574.8 137491
-14930.6 135536 -14930.6 135536
-13022.6 136081 -13022.6 136081
-12995.9 135743 -12995.9 135743
-10761.7 135360 -10761.7 135360
-9914.53 136315 -9914.53 136315
-9964.63 136324 -9964.63 136324
-11107.9 135155 -11107.9 135155
-13663.8 136157 -13663.8 136157
-13945.4 136375 -13945.4 136375
-13644.8 136135 -13644.8 136135
-12926.8 135999 -12926.8 135999
-12883.4 135654 -12883.4 135654
-8547.53 135077 -8547.53 135077
-10284.1 128296 -10284.1 128296
-11859.3 116235 -11859.3 116235
-11127.9 115737 -11127.9 115737
-12935.7 113116 -12935.7 113116
-14439.7 113686 -14439.7 113686
-11418.5 113653 -11418.5 113653
-11494.2 113633 -11494.2 113633
-14356.2 113993 -14356.2 113993
-14402.9 113797 -14402.9 113797
-14919.5 116498 -14919.5 116498
-13562.5 119898 -13562.5 119898
-12238.9 123375 -12238.9 123375
-11332.7 125704 -11332.7 125704
-10924.2 129834 -10924.2 129834
-11373.9 129845 -11373.9 129845
-10944.2 130555 -10944.2 130555
-7108.17 130569 -7108.17 130569
-6679.59 134977 -6679.59 134977
491.614 136469 491.614 136469
4421.19 146418 4421.19 146418
2544.35 152603 2544.35 152603
2176.99 152082 2176.99 152082
2573.29 151902 2573.29 151902
596.254 151550 596.254 151550
-16.0032 152296 -16.0032 152296
-693.939 152688 -693.939 152688
-456.828 149983 -456.828 149983
-5.98447 149627 -5.98447 149627
-1.53169 151454 -1.53169 151454
-373.339 153100 -373.339 153100
-347.735 153135 -347.735 153135
-79.4553 152623 -79.4553 152623
1209.62 154131 1209.62 154131
1507.96 154331 1507.96 154331
2145.82 151795 2145.82 151795
2549.91 152289 2549.91 152289
2280.52 152588 2280.52 152588
-762.957 152619 -762.957 152619
-3188.61 152712 -3188.61 152712
-5515.19 152795 -5515.19 152795
-10456.7 148745 -10456.7 148745
-11445.2 146948 -11445.2 146948
-11519.8 147080 -11519.8 147080
-10206.2 145681 -10206.2 145681
-10151.6 146953 -10151.6 146953
-10179.5 145566 -10179.5 145566
-10310.8 145486 -10310.8 145486
-10311.9 145437 -10311.9 145437
-10314.2 145479 -10314.2 145479
-10311.9 145508 -10311.9 145508
-10667.1 145454 -10667.1 145454
-11768 144254 -11766.9 144252
-11765.8 144248 -11765.8 144248
-11760.2 144254 -11760.2 144254
-11761.3 144248 -11764.7 144248
-11766.9 144250 -11766.9 144250
-11795.8 144270 -11795.8 144270
-11888.2 143722 -11888.2 143722
-11489.7 143453 -11489.7 143453
-6971.25 139330 -6971.25 139330
-4762.67 138786 -4762.67 138786
-4474.35 136137 -4474.35 136137
-3311.06 135498 -3311.06 135498
-2856.88 135638 -2856.88 135638
-2649.82 135663 -2649.82 135663
-2893.61 135856 -2893.61 135856
-2899.18 135108 -2899.18 135108
-2896.95 135073 -2896.95 135073
-2469.48 134757 -2469.48 134757
-2156.68 135478 -2156.68 135478
-2840.18 138642 -2840.18 138642
-2809.01 141015 -2809.01 141015
-3554.85 143054 -3554.85 143054
-3804.21 143257 -3804.21 143257
-3801.98 143422 -3801.98 143422
-7143.79 143611 -7143.79 143611
-7673.67 139285 -7673.67 139285
-8440.66 138671 -8440.66 138671
-8653.28 139443 -8653.28 139443
-8336.02 140939 -8336.02 140939
-8863.68 140316 -8863.68 140316
-8608.75 136295 -8608.75 136295
-8792.43 137419 -8792.43 137419
-8920.45 138662 -8920.45 138662
-10664.8 137842 -10664.8 137842
-11329.4 137653 -11329.4 137653
-8809.13 139423 -8809.13 139423
-5500.71 139263 -5500.71 139263
-5343.75 139630 -5343.75 139630
-4439.84 139223 -4439.84 139223
-4341.88 139214 -4341.88 139214
-3660.6 136317 -3660.6 136317
-1831.62 135206 -1829.4 135204
-1322.89 135912 -1322.89 135912
-1490.99 135914 -1490.99 135914
-2554.09 137235 -2554.09 137235
-4169.33 139138 -4169.33 139138
-8873.7 139198 -8873.7 139198
-8874.81 140507 -8874.81 140507
-9898.95 142048 -9898.95 142048
-8920.45 142785 -8920.45 142785
-8740.11 143252 -8740.11 143252
-6842.11 143647 -6842.11 143647
-1799.34 146383 -1799.34 146383
-3009.38 152474 -3009.38 152479
-1356.29 152773 -1356.29 152773
-339.943 152855 -339.943 152855
16.2794 153280 16.2794 153280
20.7322 152410 20.7322 152410
25.185 152405 25.185 152405
7.37387 152314 7.37387 152314
19.619 148687 19.619 148687
1038.19 147033 1038.19 147033
1260.83 154547 1260.83 154547
1207.4 157913 1207.4 157913
1022.61 158864 1022.61 158864
646.348 158995 646.348 158995
718.705 158608 718.705 158608
-1798.23 163666 -1798.23 163666
-2190.07 162638 -2190.07 162638
-1850.55 165287 -1850.55 165287
-2962.63 165672 -2962.63 165672
2389.61 160857 2389.61 160857
1157.3 161286 1157.3 161286
-4302.92 164056 -4302.92 164056
-7033.58 162602 -7033.58 162602
-6727.46 162293 -6727.46 162293
-5607.58 164917 -5607.58 164917
-5577.52 167284 -5577.52 167284
-5583.09 167326 -5583.09 167326
-5594.22 167291 -5594.22 167291
-5622.05 162203 -5622.05 162203
-3274.32 158425 -3274.32 158425
-3513.66 154427 -3513.66 154427
-2606.41 153031 -2606.41 153031
-3357.81 154180 -3357.81 154180
-4052.45 153990 -4052.45 153990
-3494.74 156457 -3494.74 156457
-3534.81 160460 -3534.81 160460
-4105.88 160298 -4105.88 160298
-4082.5 161743 -4082.5 161743
-4728.16 164016 -4728.16 164016
-5549.7 162415 -5549.7 162415
-7050.28 165285 -7050.28 165285
-8361.63 165628 -8361.63 165628
-7820.61 165545 -7820.61 165545
-10953.1 165336 -10953.1 165336
-14299.4 166060 -14299.4 166060
-15221.1 165897 -15221.1 165897
-13785.1 165788 -13785.1 165788
-13770.6 165643 -13770.6 165643
-13966.6 165465 -13966.6 165465
-15555.1 156059 -15555.1 156059
-14485.3 155333 -14485.3 155333
-13600.3 155208 -13600.3 155208
-10438.8 150628 -10438.8 150628
-9644.03 143497 -9644.03 143497
-9495.97 143117 -9495.97 143117
-8669.98 143985 -8669.98 143985
-6323.37 145824 -6323.37 145824
-6292.2 145779 -6292.2 145779
-7848.44 142974 -7848.44 142974
-8897.07 134997 -8897.07 134997
-12188.8 133799 -12188.8 133799
-12374.7 133801 -12374.7 133801
-7749.37 138283 -7749.37 138283
-6126.33 142780 -6126.33 142780
-6056.2 145628 -6056.2 145628
-6292.2 146156 -6292.2 146156
-6165.29 145989 -6165.29 145989
-3393.44 145410 -3393.44 145410
-1197.1 147594 -1197.1 147594
-715.09 147685 -715.09 147685
-697.279 147928 -697.279 147928
-701.731 148289 -701.731 148289
-727.335 148197 -727.335 148197
-734.014 147892 -734.014 147892
-711.75 148297 -711.75 148297
1247.47 150624 1247.47 150624
1951.01 158323 1951.01 158323
1607.03 159122 1607.03 159122
1406.66 157014 1406.66 157014
1349.89 152924 1349.89 152924
-450.149 148783 -450.149 148783
-717.316 147797 -717.316 147797
9.60025 151207 9.60025 151207
24584.5 104896 24585.6 104901
24586.7 104903 24587.8 104901
24581.2 104896 24581.2 104896
24570 104854 24570 104854
24577.8 104883 24575.6 104885
24586.7 104876 24586.7 104876
24580 104881 24580 104881
24567.8 104892 24567.8 104892
24501 104947 24501 104947
24537.7 104867 24537.7 104867
24547.8 104876 24547.8 104876
24516.6 104963 24516.6 104963
24538.9 104925 24538.9 104925
24504.3 104727 24504.3 104727
24501 104745 24501 104745
24501 104731 24501 104731
20088.3 106036 20088.3 106036
12224.7 111275 12224.7 111275
10484.8 119515 10484.8 119515
7836.47 122776 7836.47 122776
6957.05 124275 6957.05 124275
6978.2 124557 6978.2 124557
4978.9 128799 4978.9 128799
3656.43 130998 3656.43 130998
1877.54 132973 1877.54 132973
2003.33 133552 2003.33 133552
2905.02 131784 2905.02 131784
1659.36 131072 1659.36 131072
1875.31 131103 1875.31 131103
1829.67 135974 1829.67 135974
2595.55 139269 2595.55 139269
1503.51 140766 1503.51 140766
970.287 142478 970.287 142478
452.652 143762 452.652 143762
351.351 142990 351.351 142990
-601.544 145127 -601.544 145127
-2069.85 145719 -2069.85 145719
-2283.58 146378 -2283.58 146378
-2604.18 146365 -2604.18 146365
-2619.77 146376 -2619.77 146376
-1750.36 146775 -1750.36 146775
-1633.48 146084 -1633.48 146084
-1632.36 146109 -1632.36 146109
-2713.27 146325 -2713.27 146325
-2423.84 143524 -2423.84 143524
-2000.83 143600 -2000.83 143600
-1535.51 147434 -1535.51 147434
833.364 147037 833.364 147037
1703.88 148028 1703.88 148028
1398.87 146957 1398.87 146957
2080.14 144760 2080.14 144760
-623.808 140202 -623.808 140202
-1351.84 135957 -1352.95 135954
-3490.28 137691 -3490.28 137691
-4245.03 139116 -4245.03 139116
-5378.26 138924 -5378.26 138924
-5087.72 139123 -5087.72 139123
-5574.19 139169 -5574.19 139169
-8830.28 141725 -8830.28 141725
-8773.51 142121 -8773.51 142121
-9640.69 142787 -9640.69 142787
-9949.04 143889 -9949.04 143889
-13273 145920 -13273 145920
-14730.2 145650 -14730.2 145650
-15605.2 144016 -15605.2 144016
-16996.7 133951 -16996.7 133951
-19303.2 126007 -19303.2 126007
-21230.2 122405 -21230.2 122405
-22902.2 121886 -22902.2 121886
-21127.7 123059 -21127.7 123059
3814.5 129208 3814.5 129208
9666.57 127194 9666.57 127194
15601 120107 15601 120107
15862.6 114345 15862.6 114345
15419.6 116351 15419.6 116351
15533.1 116514 15533.1 116514
16009.6 114670 16009.6 114670
15844.8 121917 15844.8 121917
15970.6 123199 15970.6 123199
15802.5 121412 15802.5 121412
13339 124865 13339 124865
12678.9 129994 12678.9 129994
13601.7 138388 13601.7 138388
15478.6 145862 15478.6 145862
15677.8 149622 15677.8 149622
14092.6 151132 14092.6 151132
13935.7 151098 13935.7 151098
11002.4 150925 11002.4 150925
9270.27 150744 9270.27 150744
8704.77 150666 8704.77 150666
8556.71 150646 8556.71 150646
7614.95 152732 7614.95 152732
6155.55 152697 6155.55 152697
2946.21 152951 2946.21 152951
2797.04 152205 2797.04 152205
3061.98 152227 3061.98 152227
2594.44 151488 2594.44 151488
2352.88 152405 2352.88 152405
2437.48 152367 2437.48 152367
3874.61 151094 3874.61 151094
5641.25 151014 5641.25 151014
5978.55 151316 5978.55 151316
5985.23 151744 5985.23 151744
5637.91 150940 5637.91 150940
2502.04 150862 2502.04 150862
1877.54 148447 1877.54 148447
1868.64 147244 1868.64 147244
2440.82 146576 2440.82 146576
1310.93 143898 1310.93 143898
594.028 143397 594.028 143397
-109.512 143709 -109.512 143709
-966.672 143562 -966.672 143562
-1740.34 145354 -1740.34 145354
-1649.06 145439 -1649.06 145439
-263.132 146737 -263.132 146737
-165.171 147022 -165.171 147022
-44.9463 150573 -44.9463 150573
-1144.78 151575 -1144.78 151575
-1720.3 152659 -1720.3 152659
-2197.87 153031 -2197.87 153031
-2394.9 152893 -2394.9 152893
-2387.11 152715 -2387.11 152715
1234.11 156486 1234.11 156486
1959.92 161366 1959.92 161366
2224.86 161678 2224.86 161678
1373.26 161072 1373.26 161072
-1807.13 146038 -1807.13 146038
-6150.82 143557 -6150.82 143557
-6321.14 142110 -6321.14 142110
-6760.85 142286 -6760.85 142286
-7734.9 143068 -7734.9 143068
-4173.79 139176 -4173.79 139176
-313.226 138354 -308.773 138357
267.861 139381 267.861 139381
-1049.05 141885 -1049.05 141885
-1159.25 141578 -1159.25 141578
-3014.95 141580 -3014.95 141580
-2094.34 141298 -2094.34 141298
-1173.73 141861 -1173.73 141861
-613.789 145132 -613.789 145132
-1773.74 149742 -1773.74 149742
-1784.87 151633 -1784.87 151633
-2599.73 152503 -2599.73 152503
-2330.34 153376 -2330.34 153376
-1623.46 152632 -1623.46 152632
1922.07 154344 1922.07 154344
4164.04 154327 4162.93 154327
3084.24 153365 3084.24 153365
3089.81 152815 3089.81 152815
3164.39 151018 3164.39 151018
2240.44 151475 2240.44 151475
-897.654 155907 -897.654 155907
-2531.82 155012 -2531.82 155012
-534.752 155484 -534.752 155484
-455.715 155807 -455.715 155807
-1163.71 149037 -1163.71 149037
-737.354 148220 -737.354 148220
-2455.01 149083 -2455.01 149083
-5813.52 149328 -5813.52 149328
-8870.36 149197 -8870.36 149197
-12925.7 149362 -12925.7 149362
-17956.3 149083 -17956.3 149083
-18589.7 148248 -18589.7 148248
-18282.4 149117 -18282.4 149117
-16944.4 149391 -16944.4 149391
-20625.7 148110 -20625.7 148110
-18430.5 148291 -18430.5 148291
-17892.8 149139 -17892.8 149139
-17299.5 149168 -17299.5 149168
-17409.7 143482 -17409.7 143482
-17670.2 144475 -17670.2 144475
-18009.7 145074 -18009.7 145074
-18085.4 142838 -18085.4 142838
-18171.1 142845 -18171.1 142845
-16410 141144 -16410 141144
-15900.2 135567 -15900.2 135567
-15204.4 135647 -15204.4 135647
-15400.4 136148 -15400.4 136148
-15415.9 136141 -15415.9 136141
-15434.9 136121 -15434.9 136121
-15131 135959 -15131 135959
-14785.9 137540 -14785.9 137540
-8221.36 137410 -8221.36 137410
-8220.25 137402 -8220.25 137402
-8958.3 137161 -8958.3 137161
-8622.11 146142 -8622.11 146142
-8426.19 152274 -8426.19 152274
-8323.78 151987 -8323.78 151987
-8519.7 150397 -8519.7 150397
-7905.22 152848 -7905.22 152848
-8071.08 152884 -8071.08 152884
-11972.8 156771 -11972.8 156771
-11976.2 157684 -11976.2 157684
-18401.5 155148 -18401.5 155148
-25667.4 154298 -25667.4 154298
-25553.8 154229 -25553.8 154229
-19437.9 155170 -19437.9 155170
-13776.2 157016 -13776.2 157016
-14059 155104 -14059 155104
-14170.3 155097 -14170.3 155097
-13669.3 154476 -13669.3 154476
-10758.3 148286 -10758.3 148286
-8605.42 146999 -8605.42 146999
-6135.24 143644 -6135.24 143644
-6029.48 143052 -6029.48 143052
-5383.83 143063 -5383.83 143063
-7237.3 139597 -7237.3 139597
-7256.22 139534 -7256.22 139534
-5984.95 143054 -5984.95 143054
-7862.91 142613 -7862.91 142613
-6217.61 139650 -6217.61 139650
-4976.4 140688 -4976.4 140688
-4974.17 140710 -4974.17 140710
-3953.37 139105 -3953.37 139105
-4760.44 140579 -4760.44 140579
-3692.89 147115 -3692.89 147115
-3547.06 145583 -3547.06 145583
-2962.63 145414 -2962.63 145414
-2962.63 145425 -2961.52 145423
-1543.31 146434 -1543.31 146434
-2503.99 146975 -2503.99 146975
-3608.28 145412 -3608.28 145412
-1595.63 145385 -1595.63 145385
1010.36 142489 1010.36 142489
1073.81 142404 1073.81 142404
550.613 152617 550.613 152617
-8693.36 144098 -8693.36 144098
-8675.55 145114 -8675.55 145114
-5508.51 143057 -5508.51 143057
-2782.29 142055 -2782.29 142055
-2791.2 141547 -2791.2 141547
-4000.13 139131 -4000.13 139131
-6020.58 138341 -6020.58 138341
-5873.63 137767 -5873.63 137767
-6558.25 138991 -6558.25 138991
-4653.57 139203 -4653.57 139203
649.687 141934 649.687 141934
3714.31 137595 3714.31 137595
5994.14 131248 5994.14 131248
9252.46 123075 9252.46 123075
11993.1 114058 11993.1 114058
15204.7 105927 15204.7 105927
18782.5 106152 18782.5 106152
18758 106147 18758 106147
18793.7 106179 18793.7 106179
18991.8 106032 18991.8 106032
19005.2 105878 19005.2 105878
22929.2 106085 22929.2 106085
24567.8 104898 24567.8 104898
24573.4 104887 24574.5 104890
24570 104910 24570 104910
24542.2 104818 24542.2 104818
24557.8 104852 24557.8 104852
24565.6 104863 24565.6 104863
24577.8 104883 24581.2 104883
24587.8 104890 24591.2 104892
24553.3 104843 24554.4 104845
24587.8 104876 24587.8 104876
24575.6 104887 24575.6 104887
24591.2 104901 24587.8 104898
24558.9 104930 24558.9 104930
24590.1 104883 24590.1 104883
24604.5 104858 24604.5 104858
24595.6 104881 24595.6 104881
24541.1 104912 24541.1 104912
24595.6 104847 24595.6 104847
24557.8 104874 24557.8 104874
24565.6 104869 24565.6 104869
24560 104869 24560 104869
24568.9 104867 24568.9 104867
24596.7 104854 24596.7 104854
24587.8 104876 24592.3 104874
24506.6 104914 24506.6 104914
24573.4 104836 24573.4 104836
24605.6 104874 24605.6 104874
24405.3 105664 24405.3 105664
19804.4 106034 19804.4 106034
12101.1 112564 12101.1 112564
10225.4 119853 10225.4 119853
3211.15 131755 3211.15 131755
3035.26 132550 3035.26 132550
2471.99 132383 2471.99 132383
1906.48 129077 1906.48 129077
-368.886 127483 -368.886 127483
-331.037 127492 -331.037 127492
1107.21 124678 1107.21 124678
2701.31 122705 2701.31 122705
2697.97 122725 2697.97 122725
1103.87 124529 1103.87 124529
1855.28 127352 1855.28 127352
-771.863 125025 -771.863 125025
-2211.22 123188 -2211.22 123188
-2402.69 123059 -2402.69 123059
-2669.86 123003 -2669.86 123003
-3618.3 125399 -3618.3 125399
-3606.06 125513 -3606.06 125513
-3601.6 125760 -3601.6 125760
-3613.85 126234 -3613.85 126234
-3668.4 132394 -3668.4 132394
-3610.51 138835 -3610.51 138835
-282.057 140688 -282.057 140688
1276.42 150820 1276.42 150820
1716.13 152770 1716.13 152770
1722.81 152779 1722.81 152779
1735.05 152730 1735.05 152730
1733.94 152719 1733.94 152719
1897.58 152715 1897.58 152715
13243.3 124515 13243.3 124515
15858.2 114826 15858.2 114826
15872.6 114327 15872.6 114327
15198 115389 15198 115389
13464.8 116068 13469.2 116070
13470.4 116070 13469.2 116068
13468.1 116064 13468.1 116059
13468.1 116057 13468.1 116057
13395.8 116062 13395.8 116062
15458.5 118459 15458.5 118459
15429.6 117972 15430.7 117974
15323.8 116654 15322.7 116656
15286 116293 15286 116293
15210.3 115516 15210.3 115516
15328.3 115017 15328.3 115017
15363.9 115327 15363.9 115327
15976.2 114681 15976.2 114681
13507.1 124215 13507.1 124215
5098.01 131446 5098.01 131446
-3754.11 127285 -3754.11 127285
-9465.91 127118 -9465.91 127118
-11656.7 124736 -11656.7 124736
-12884.5 119370 -12884.5 119370
-12589.5 119236 -12589.5 119236
-13743.9 120370 -13743.9 120370
-11670 128946 -11670 128946
-12240 132399 -12240 132399
-12371.4 133833 -12371.4 133833
-12245.6 133819 -12245.6 133819
-10799.5 133699 -10799.5 133699
-9163.13 133681 -9163.13 133681
-9012.84 133726 -9012.84 133726
-8231.38 132029 -8231.38 132029
-7961.99 132884 -7961.99 132884
-7042.49 134000 -7042.49 134000
-7034.7 134178 -7034.7 134178
-1760.38 134690 -1760.38 134690
3440.47 137085 3440.47 137085
4410.06 138927 4410.06 138927
4398.93 134970 4398.93 134970
8039.08 126966 8039.08 126966
11110.4 118818 11110.4 118818
12525.3 107871 12525.3 107871
21334 104126 21334 104126
20966.6 103068 20966.6 103068
20974.4 103068 20978.9 103071
20884.2 103164 20884.2 103164
20982.2 103055 20978.9 103053
20976.6 103055 20975.5 103057
20974.4 103062 20974.4 103062
20938.8 103086 20938.8 103086
20980 103037 20980 103037
20977.7 103048 20977.7 103053
20977.7 103057 20977.7 103057
22883.5 103251 22883.5 103251
25566.3 102694 25566.3 102694
25249.1 102897 25249.1 102897
21493.1 101548 21493.1 101548
21283.9 103097 21283.9 103097
20973.3 103042 20972.2 103042
21006.7 103004 21006.7 103004
20993.3 103017 20992.2 103022
20991.1 103024 20991.1 103024
22596.3 103249 22596.3 103249
24647.9 104723 24647.9 104723
24574.5 104874 24574.5 104874
24574.5 104881 24574.5 104881
24574.5 104887 24573.4 104892
24573.4 104894 24575.6 104898
24575.6 104901 24575.6 104901
24580 104934 24580 104934
24578.9 104927 24577.8 104923
24576.7 104858 24576.7 104858
24576.7 104890 24576.7 104890
24574.5 104974 24574.5 104974
24581.2 104916 24582.3 104912
24582.3 104907 24582.3 104907
24586.7 104876 24586.7 104876
24602.3 104874 24602.3 104874
24552.2 104941 24552.2 104941
24605.6 104874 24605.6 104874
24596.7 104883 24596.7 104883
24610.1 104843 24610.1 104843
24616.8 104841 24616.8 104841
24586.7 104847 24586.7 104847
24576.7 104874 24576.7 104874
24573.4 104883 24573.4 104883
24593.4 104918 24593.4 104918
24585.6 104910 24583.4 104907
24581.2 104905 24578.9 104905
24560 104865 24560 104865
24556.7 104881 24556.7 104881
24562.2 104901 24562.2 104901
24566.7 104914 24566.7 104914
24596.7 105057 24596.7 105057
24593.4 105041 24593.4 105041
24573.4 104878 24573.4 104878
24576.7 104872 24577.8 104867
24574.5 104896 24574.5 104901
24561.1 104945 24561.1 104945
24563.3 104934 24563.3 104934
24583.4 104872 24583.4 104872
24591.2 104945 24591.2 104945
24582.3 104950 24582.3 104950
24582.3 104963 24580 104961
24578.9 104947 24578.9 104947
24532.2 104903 24532.2 104903
24542.2 104876 24542.2 104876
24501 104854 24501 104854
24558.9 104878 24563.3 104878
24564.5 104887 24564.5 104887
24572.2 104943 24572.2 104943
24566.7 104843 24566.7 104845
24573.4 104910 24572.2 104912
24573.4 104939 24573.4 104939
24573.4 104927 24573.4 104927
24571.1 104914 24571.1 104912
24580 104914 24578.9 104910
24578.9 104898 24578.9 104898
24567.8 104885 24567.8 104885
24566.7 104854 24566.7 104854
24573.4 104941 24573.4 104941
24573.4 104878 24573.4 104878
24594.5 104858 24594.5 104858
24560 104847 24560 104847
24574.5 104907 24574.5 104907
24567.8 104838 24567.8 104838
24578.9 104927 24575.6 104925
24556.7 104925 24556.7 104925
24586.7 104890 24583.4 104890
24581.2 104885 24580 104881
24578.9 104878 24580 104883
24578.9 104952 24578.9 104952
24577.8 104936 24577.8 104936
24562.2 104849 24562.2 104849
24584.5 104914 24584.5 104914
24573.4 104872 24573.4 104872
24570 104901 24572.2 104896
21762.5 106041 21762.5 106041
15477.4 105894 15477.4 105894
12516.3 107975 12516.3 107975
9441.7 119907 9441.7 119907
9468.42 119762 9468.42 119762
3301.32 119181 3301.32 119181
1151.74 123300 1151.74 123300
1324.28 124126 1324.28 124126
1116.12 126624 1116.12 126624
1977.73 132690 1977.73 132690
-557.016 135195 -557.016 135195
-3825.36 143482 -3825.36 143482
-4118.13 143506 -4118.13 143506
-10547.9 145499 -10547.9 145499
-10781.7 149128 -10781.7 149128
-11214.7 148896 -11214.7 148896
-11761.3 148220 -11761.3 148220
-13883.1 149259 -13883.1 149259
-15578.5 152211 -15578.5 152211
-15788.9 163368 -15788.9 163368
-15630.8 163849 -15630.8 163849
-15448.2 159396 -15448.2 159396
-15871.2 150867 -15871.2 150867
-16422.3 151092 -16422.3 151092
-16392.2 151619 -16392.2 151619
-12955.8 152877 -12955.8 152877
-7661.43 152933 -7661.43 152933
-3961.17 152737 -3961.17 152737
-711.75 155088 -711.75 155088
-587.072 156733 -587.072 156733
-563.695 155535 -563.695 155535
-3093.99 152467 -3093.99 152467
-4454.31 150956 -4454.31 150956
-4590.12 146432 -4590.12 146432
-4597.91 143716 -4597.91 143716
-4659.14 138506 -4659.14 138506
-4592.35 135611 -4592.35 135611
-4747.08 135126 -4747.08 135126
-9184.28 131201 -9184.28 131201
-13601.4 119648 -13601.4 119648
-12451.5 114436 -12451.5 114436
-10978.7 113577 -10978.7 113577
-10855.2 114267 -10855.2 114267
-11183.6 114073 -11183.6 114073
-12605.1 112557 -12605.1 112557
-13788.5 114138 -13788.5 114138
-16564.8 115817 -16564.8 115817
-15978.1 115316 -15978.1 115316
-15324.7 119486 -15324.7 119486
-13326.5 124261 -13326.5 124261
-12096.4 123745 -12096.4 123745
-12081.9 123783 -12081.9 123783
-8521.93 133040 -8521.93 133040
-7939.72 139147 -7939.72 139147
-8496.32 138726 -8496.32 138726
-3717.38 138835 -3717.38 138835
-3685.09 138386 -3685.09 138386
-5360.45 138626 -5360.45 138626
-5380.49 137827 -5380.49 137827
-4673.61 142393 -4674.72 142395
-4620.18 146999 -4620.18 146999
-3485.83 151038 -3485.83 151038
-3623.87 151011 -3623.87 151011
-2633.12 150535 -2633.12 150535
-2626.45 150800 -2626.45 150800
-3590.47 151673 -3590.47 151673
-3593.81 151350 -3593.81 151350
-1918.45 149017 -1918.45 149017
104.222 142291 104.222 142291
6982.65 129890 6982.65 129890
15075.6 121494 15075.6 121494
15879.3 114341 15879.3 114341
15371.7 118653 15371.7 118653
11540.1 117996 11540.1 117996
8847.25 123026 8847.25 123026
6813.45 126327 6813.45 126327
4966.66 130014 4966.66 130014
4761.83 130446 4764.06 130451
4765.17 130453 4765.17 130453
4766.28 130460 4766.28 130460
3846.78 130306 3846.78 130306
3155.49 130629 3155.49 130629
4169.61 134652 4169.61 134652
5837.18 138521 5837.18 138521
5921.78 139757 5921.78 139757
4852 140254 4852 140254
4324.34 140127 4324.34 140127
4975.56 135725 4975.56 135725
5453.12 135709 5453.12 135709
3903.56 137272 3903.56 137272
3450.49 138094 3450.49 138094
1060.46 142377 1060.46 142377
-581.506 144715 -581.506 144715
-917.691 146196 -917.691 146196
-1120.29 146559 -1120.29 146559
-1065.75 146356 -1065.75 146356
1790.71 146979 1790.71 146979
3738.8 147040 3738.8 147040
3284.62 146975 3284.62 146975
2881.64 142524 2881.64 142524
2844.91 142280 2844.91 142280
1257.49 145216 1257.49 145216
511.651 152621 511.651 152621
-3592.7 152668 -3592.7 152668
-6053.97 153440 -6053.97 153440
-8297.06 154534 -8297.06 154534
-13504.6 155132 -13504.6 155132
-14399.6 155308 -14399.6 155308
-14343.9 152919 -14343.9 152919
-14287.2 152325 -14287.2 152325
-16484.6 152672 -16484.6 152672
-17168.1 143504 -17168.1 143504
-18024.2 141587 -18024.2 141587
-18921.4 140795 -18921.4 140795
-18010.8 141990 -18010.8 141990
-17237.1 145457 -17237.1 145457
-17496.5 145399 -17496.5 145399
-18031.9 146258 -18031.9 146258
-17223.8 147182 -17223.8 147182
-15603 145492 -15603 145492
-12296.8 139474 -12296.8 139474
-12482.7 137827 -12482.7 137827
-12408.1 137825 -12408.1 137825
-12422.6 137780 -12422.6 137780
-12441.5 137502 -12441.5 137502
-10438.8 141616 -10438.8 141616
-10899.7 145330 -10899.7 145330
-10633.7 142861 -10633.7 142861
-9947.93 141605 -9947.93 141605
-11223.6 159848 -11223.6 159848
-7030.24 162235 -7030.24 162235
-7413.18 163880 -7413.18 163880
-7384.24 163214 -7384.24 163214
-10648.1 161507 -10648.1 161507
-10404.3 153403 -10404.3 153403
-8550.87 143689 -8550.87 143689
-24679.9 152855 -24679.9 152855
-24297 150620 -24297 150620
-21005.3 147997 -21005.3 147997
-20639.1 148407 -20639.1 148407
-20655.8 148810 -20655.8 148810
-21182.3 150205 -21182.3 150205
-20971.9 150562 -20971.9 150562
-18823.4 150553 -18823.4 150553
-18343.6 151174 -18343.6 151174
-18565.2 150337 -18565.2 150337
-15565.1 147732 -15565.1 147732
-10914.2 145592 -10914.2 145592
-2243.51 143442 -2243.51 143442
-1556.66 154097 -1556.66 154097
579.556 158082 579.556 158082
1948.79 159750 1948.79 159750
1954.35 158737 1954.35 158737
1966.6 158399 1966.6 158399
-1475.4 158058 -1475.4 158058
-4448.75 156709 -4448.75 156709
-4479.91 156691 -4479.91 156691
-3479.15 156170 -3479.15 156170
-3365.61 154209 -3365.61 154209
-2771.16 153447 -2771.16 153447
-1586.72 154213 -1586.72 154213
-1779.3 147209 -1779.3 147209
-2793.42 141779 -2793.42 141779
-2885.82 136230 -2885.82 136230
-3332.21 133536 -3332.21 133536
-2240.17 133679 -2240.17 133679
-2850.2 138439 -2850.2 138439
-2785.63 143357 -2785.63 143357
-2722.18 146959 -2722.18 146959
-3297.7 150749 -3297.7 150749
-3169.68 147040 -3169.68 147040
-2723.29 146748 -2723.29 146748
-2752.24 143551 -2752.24 143551
-7869.59 141042 -7869.59 141042
-7515.6 134345 -7515.6 134345
-7424.32 134345 -7424.32 134345
-9025.09 133679 -9025.09 133679
-9222.13 133592 -9222.13 133592
-10857.4 130582 -10857.4 130582
-11510.9 126539 -11510.9 126539
-11593.2 126548 -11593.2 126548
-11884.9 130520 -11884.9 130520
-9497.08 133036 -9497.08 133036
-9864.44 136286 -9864.44 136286
-9548.29 136286 -9548.29 136286
-12228.9 133757 -12228.9 133757
-12909 134656 -12909 134656
-10889.7 134527 -10889.7 134527
-10202.8 136257 -10202.8 136257
-10153.9 136273 -10153.9 136273
-9911.19 136271 -9911.19 136271
-7888.52 137377 -7888.52 137377
969.174 145307 969.174 145307
2463.08 146999 2463.08 146999
3424.88 148233 3424.88 148233
1332.08 147057 1332.08 147057
1309.81 143807 1309.81 143807
1251.93 144232 1251.93 144232
1205.17 149039 1205.17 149039
580.669 145784 580.669 145784
2325.05 138519 2325.05 138519
3960.33 134300 3960.33 134300
3787.78 132570 3787.78 132570
3410.41 131833 3410.41 131833
1974.39 133067 1974.39 133067
2433.03 135843 2433.03 135843
-1779.3 134643 -1779.3 134643
-1750.36 135965 -1750.36 135965
479.369 136520 479.369 136520
2097.95 136560 2097.95 136560
1281.98 143157 1281.98 143157
2360.67 147957 2360.67 147957
594.028 143867 594.028 143867
1890.9 140930 1890.9 140930
1191.81 142242 1191.81 142242
3528.41 138675 3528.41 138675
3429.34 138691 3429.34 138691
2258.25 142119 2258.25 142119
2918.38 139071 2918.38 139071
690.876 142930 690.876 142930
-1770.4 145327 -1770.4 145327
-3727.4 145058 -3727.4 145058
-3688.43 145421 -3688.43 145421
-1683.57 151822 -1683.57 151822
3029.7 155974 3029.7 155974
4620.45 158521 4620.45 158521
3096.49 157907 3096.49 157907
3094.26 157900 3094.26 157900
2919.49 158045 2919.49 158045
-472.413 157964 -472.413 157964
-1700.27 149740 -1700.27 149740
-542.544 146999 -542.544 146999
349.125 142903 349.125 142903
3617.46 137820 3617.46 137820
6565.21 130317 6565.21 130317
24577.8 104925 24577.8 104925
24587.8 104905 24587.8 104905
24571.1 104910 24571.1 104910
24583.4 104878 24583.4 104878
24581.2 104898 24581.2 104898
24581.2 104892 24581.2 104896
24580 104901 24580 104901
24580 104912 24578.9 104914
24555.5 104927 24555.5 104927
24544.4 105023 24544.4 105023
22358.1 106067 22358.1 106067
18058.9 105989 18058.9 105989
12987.2 106250 12987.2 106250
12059.9 113210 12059.9 113210
10526 119510 10526 119510
8427.58 125706 8427.58 125706
5581.14 127113 5581.14 127113
2055.65 127643 2055.65 127643
1907.6 129952 1907.6 129952
1389.96 132446 1388.85 132448
1396.64 132759 1396.64 132759
1899.81 136756 1899.81 136756
4376.66 142807 4376.66 142807
5111.37 147471 5111.37 147471
5411.94 148197 5411.94 148197
4844.21 149333 4844.21 149333
3098.72 151065 3098.72 151065
3093.15 152416 3093.15 152416
1817.43 154318 1817.43 154318
34.0905 152608 34.0905 152608
-1799.34 146490 -1799.34 146490
-6006.11 143582 -6006.11 143582
-7851.78 144274 -7851.78 144274
-8299.29 144891 -8299.29 144891
-8682.23 143956 -8682.23 143956
-10559.1 145207 -10559.1 145207
-10484.5 148600 -10484.5 148600
-10407.7 154122 -10407.7 154122
-14340.6 154460 -14340.6 154460
-11345 152886 -11345 152886
-7163.83 152913 -7163.83 152913
-5661.01 153585 -5661.01 153585
-2844.63 152715 -2844.63 152715
-2826.82 153026 -2826.82 153026
-2088.77 153391 -2088.77 153391
-2851.31 153233 -2851.31 153233
-2125.51 152670 -2125.51 152670
4637.15 152897 4637.15 152897
5782.63 147507 5782.63 147507
6166.68 146383 6166.68 146383
5936.25 146118 5936.25 146118
4415.63 149707 4415.63 149707
168.787 152619 168.787 152619
-2551.86 153325 -2551.86 153325
-2589.71 153256 -2589.71 153256
-1989.7 153258 -1989.7 153258
-2156.68 152686 -2156.68 152686
-4236.13 154258 -4236.13 154258
-7174.96 154467 -7174.96 154467
-9715.27 154667 -9715.27 154667
-15411.5 155333 -15411.5 155333
-14416.3 155295 -14416.3 155295
-13611.5 155159 -13611.5 155159
-13452.3 155126 -13452.3 155126
-14652.3 157127 -14652.3 157127
-13947.6 157920 -13947.6 157920
-13941 157929 -13941 157929
-13945.4 157924 -13945.4 157924
-13948.8 157929 -13948.8 157929
-14018.9 157949 -14018.9 157949
-14030 158002 -14030 158002
-13491.2 154086 -13491.2 154086
-10844.1 152594 -10844.1 152594
-8792.43 143724 -8792.43 143724
-2831.27 143655 -2831.27 143655
-2684.33 143094 -2684.33 143094
-2488.41 140636 -2488.41 140636
-2735.54 140632 -2735.54 140632
974.74 142335 974.74 142335
1264.17 152971 1264.17 152971
3053.08 153716 3053.08 153716
1725.03 154358 1725.03 154358
-83.9081 152561 -83.9081 152561
-2555.2 152361 -2555.2 152361
-3569.32 152494 -3569.32 152494
-3557.08 150898 -3557.08 150898
-3532.59 154418 -3532.59 154418
-3176.36 157361 -3176.36 157361
-2847.97 157626 -2847.97 157626
-2583.03 158058 -2583.03 158058
-1007.86 154698 -1007.86 154698
-1819.38 144018 -1819.38 144018
-6297.76 142634 -6297.76 142634
-6966.79 141939 -6966.79 141939
-7001.3 142500 -7001.3 142500
-7856.23 141469 -7856.23 141469
-7378.67 140614 -7378.67 140614
-7562.35 140645 -7562.35 140645
-11464.1 139450 -11464.1 139450
-16177.4 135536 -16177.4 135536
-18846.8 141391 -18846.8 141391
-18429.4 141627 -18429.4 141627
-15909.1 140743 -15909.1 140743
-8547.53 142097 -8547.53 142097
-8381.66 141892 -8381.66 141892
-7957.54 143121 -7957.54 143121
-8723.41 142979 -8723.41 142979
