-4812.76 152735 -6039.5 152806
-8203.55 152897 -9235.48 152893
-10463.3 152606 -10635.9 155050
-10568 155402 -10561.3 155486
-9672.97 155204 -10320.8 154119
-10370.9 153258 -10305.3 152512
-10419.9 152138 -10462.2 148923
-9155.33 143958 -2910.31 143520
-678.354 146051 -845.333 145926
-640.506 145434 -2421.62 143439
-3445.76 143511 -8993.92 143802
-13127.2 145962 -14202.6 145786
-16022.6 144021 -13896.4 145911
-10550.2 145519 -6343.4 143664
-6183.1 143649 -6062.88 141823
-1889.51 143760 -1870.59 144873
-673.901 145361 1326.51 143818
1167.32 142239 1130.59 142277
1254.15 144522 1802.96 147015
4397.81 147011 5775.95 148992
4744.02 149353 4380 150945
3080.91 152194 1903.14 152639
1582.54 152628 1432.26 153227
1800.73 152715 3058.64 152815
3024.13 155941 2087.94 157958
1256.38 156154 738.743 155148
1315.38 153598 1324.28 153483
1328.74 152879 1275.3 150054
1283.1 148761 1302.02 148077
1277.53 147480 1246.36 145937
1256.38 146988 3849.01 147146
2239.33 147765 1875.31 147903
1310.93 146857 286.786 145319
85.2975 145323 -1809.36 144896
-1793.78 143936 -4691.42 142547
-4713.69 140752 -5213.51 139258
-4715.91 143244 -4722.59 143571
-5758.98 143448 -6581.63 141830
-6900 141868 -7819.5 143063
-7717.09 136872 -7884.06 135716
-9167.58 131223 -10030.3 128797
-10891.9 127263 -11092.3 130533
6768.92 130297 14484.5 122534
15263.7 121149 15382.8 116587
15851.5 114334 15042.2 114165
14827.3 112377 15488.6 108906
19863.4 106054 20296.5 106061
20942.1 106181 22648.6 106043
22584.1 105969 20927.6 106234
20931 106192 20942.1 106190
20934.3 106196 20928.8 106199
20937.7 106194 21505.4 102380
21685.7 102892 21650.1 101606
19835.6 103467 11275.1 109581
11063.6 109598 4145.12 111170
-1487.65 116298 -4045.77 114614
-4179.35 116999 -4562.29 117119
-4145.96 120392 -4673.61 121645
-4670.27 121721 -2984.89 123039
-2945.93 122992 -2952.61 122990
-967.785 126893 -974.464 127418
-867.597 134886 3761.07 140808
3959.22 141146 4394.47 152263
5680.22 154302 5818.25 154302
4516.93 155979 3069.77 155041
3364.77 154393 3821.18 154367
3067.55 153859 2620.04 152563
2734.7 151432 2830.44 152156
1542.47 152688 1658.24 152683
1621.51 152712 3812.27 152697
4435.66 145014 4977.79 140543
5016.75 140501 6059.81 140848
5064.62 140429 2929.51 142447
892.364 145305 5.14748 147846
-479.092 149477 -1029.01 151644
-2065.4 152610 -10060.4 152879
-10094.9 152378 -10304.2 152381
-10305.3 152401 -10301.9 152505
-10288.6 152565 -9816.57 151394
-9520.46 150555 -9502.65 150415
-10537.9 149235 -10681.5 147325
-10580.2 147309 -9277.78 144045
-2825.71 143504 -2693.24 143513
959.156 142389 1250.81 146893
596.254 148186 11.8266 148491
-107.285 148502 -195.228 148520
-443.47 146423 -47.1727 146356
-42.7199 146365 -29.3616 146385
-641.619 145586 -646.072 145443
-1709.17 145370 -1634.59 152260
-1612.32 153216 -2262.43 152830
-1522.16 152699 -1308.42 152668
-1090.24 153102 -308.773 152906
-289.849 152873 -265.359 152915
-288.736 152906 -308.773 152902
-298.755 152884 -310.174 152879
-289.849 152850 -270.925 152824
13609.5 124175 15812.5 114247
15298.2 118065 13169.8 116358
13523.8 116293 13480.4 116062
13379.1 116262 13185.4 116324
15011 118025 15320.5 116647
15308.2 116498 15253.7 115935
15677.8 114895 15782.5 114868
15390.6 116925 15116.8 121307
15058.9 121414 8291.77 128129
4843.09 133728 2466.42 138023
-1856.11 144221 -1782.64 148039
-1787.1 148714 -1734.78 150197
-1657.97 151895 -1431.99 154545
-696.165 160625 -993.388 161037
-1139.22 161010 -1804.91 161130
-1257.22 161137 -403.395 159803
1920.96 159817 1959.92 158857
1955.46 158149 4348.83 158679
4022.67 159788 3035.26 158332
3058.64 155540 3078.68 154770
3085.36 152764 2423.01 152554
1448.96 152585 1214.08 153981
1217.42 157619 561.745 162651
-2786.75 163829 -3985.66 164022
-3966.73 166492 -3965.62 164123
-1188.2 160527 -1190.42 160253
-1950.74 161553 -2015.3 161513
-2075.41 161509 -2077.64 163016
-1860.57 165937 -1862.79 166169
-1934.04 164510 -2187.85 162221
-2957.06 162119 -3470.25 156622
-3844.28 156036 -3302.15 157958
-3260.97 159683 -4707.01 160514
-4055.79 162796 -4030.18 163951
-3931.11 167284 -3775.26 167237
-4686.97 167360 -5441.72 170849
-5409.43 172169 -5325.94 175626
-3663.94 176154 -2868.01 175987
-679.467 175577 252.277 172790
449.312 171530 -1293.95 163023
-1850.55 162090 -3854.3 162226
-4055.79 162471 -5298.11 164071
-6875.51 164040 -8123.4 165512
-8489.64 164920 -8166.82 164677
-6941.19 161380 -6706.3 157813
-5859.16 157544 -4822.78 153830
-4837.25 152795 -5654.34 148289
-5987.18 148133 -6601.66 149640
-6837.66 154453 -7307.43 156653
-7282.94 157866 -6994.62 162252
-6987.94 158984 -6708.53 157742
21593.3 154329 -4832.8 152768
-3053.91 151085 -2673.2 148366
-1726.98 144548 979.193 140525
4256.44 134601 15497.5 105934
18968.4 105687 19926.9 105128
20298.7 103549 21337.3 103291
21494.3 102042 21666.8 101982
20932.1 103358 18555.4 103516
16769.9 103692 12589.8 105903
8115.89 106671 8223.87 109687
2920.6 112301 -1.53169 113951
-765.183 114445 -2832.39 117863
-3896.6 119319 -3982.32 119323
-3941.13 123186 -2991.57 123910
-3235.36 123881 -3881.02 119842
-3220.89 117333 -3219.78 116438
-1515.48 117716 -3718.49 133087
-4818.33 133378 -4791.61 133394
-2825.71 132423 -2882.48 132755
-3679.53 133238 -5113.32 130117
-6965.68 130041 -9160.9 130123
-10838.5 133801 -10924.2 134712
-11349.4 134739 -12835.6 135026
-12602.9 133875 -13167.3 133414
-13058.2 134135 -12699.7 135387
-10749.4 136393 -12775.4 137459
-12891.2 137453 -14361.7 137537
-14007.8 137546 -13018.1 137491
-12874.5 136395 -13521.3 137504
-14415.2 137531 -13860.8 137531
-11095.6 137479 -10802.9 138824
-10805.1 140302 -10730.5 141324
-10667.1 141525 -10466.7 143744
-10484.5 148151 -10463.3 150615
-10315.3 152463 -10308.6 152501
-9925.66 152574 -9684.1 154291
-9681.87 154478 -9668.52 155843
-8939.37 156954 -7559.01 156896
-6429.12 156776 -3490.28 156099
-1637.93 155967 783.271 155976
1553.6 154373 -790.787 151539
-1015.65 151281 -501.356 150577
1071.59 152683 1236.34 153009
1236.34 155190 1135.04 161705
-3672.85 164049 -3788.62 164031
-4006.81 164022 -3990.11 164679
-3076.18 167046 -3902.17 167349
-4643.55 167353 -5376.04 168629
-11151.3 178919 -11312.7 178510
-11671.2 173663 -11576.5 169092
-11312.7 166561 -10856.3 166612
-8781.3 166120 -7973.12 165543
-7051.4 165748 -7003.53 162466
-6924.49 161130 -6699.63 157717
-7308.54 155524 -7331.92 155055
-4681.4 154333 -4291.78 153861
-4311.82 153147 -3543.72 154249
-2497.31 154387 -2282.47 155921
-2940.37 155974 -3318.85 156021
-3367.83 156041 -1994.15 155974
-570.374 158256 -642.732 157993
1181.79 159198 1962.14 159358
2877.19 157993 3064.21 154453
2394.06 154398 2085.71 154429
1379.94 153075 3277.94 152724
3716.54 152721 4601.53 154347
5858.33 155037 5861.67 154569
5958.51 154300 3128.77 154396
2909.47 152948 2701.31 152817
6343.68 152732 7783.04 152668
1215.19 152349 1257.49 152316
1578.09 156014 1624.85 156010
1277.53 156430 1286.43 155840
1288.66 147316 1327.62 143573
700.894 143740 1225.21 143544
1226.32 143553 4111.72 141126
2945.1 136845 2913.93 136930
2458.63 135903 2825.98 132780
2306.12 134928 2972.93 136498
2036.73 138573 104.222 139559
-214.152 140846 -670.562 141556
-3804.21 139098 -4766.01 138034
-4649.12 137125 -3678.41 133434
-3626.09 131695 -3570.43 125853
-4199.39 122160 -3868.77 119806
-2157.79 118223 -912.125 117791
-765.183 117008 -496.903 115454
550.613 113820 2665.68 112718
3992.61 111188 8147.06 107811
11097 106172 12942.7 105847
18207 106012 20053.8 103482
20294.2 103551 21509.8 102302
21512.1 102258 21654.6 102875
21490.9 103171 19902.4 103465
14852.9 103747 14455.5 103759
10664 108850 5345.14 111077
314.616 113871 -1515.48 117110
-1517.7 117130 -1516.59 117141
-3187.5 116436 -3397.89 117137
-4083.62 119012 -4420.92 121645
-4258.39 122051 -3619.42 125537
-3825.36 124992 -3599.38 124796
-2733.31 123821 -3101.78 124364
-3101.78 124350 -3101.78 124350
-3104.01 124350 -3104.01 124350
-3104.01 124346 -1920.68 122336
-3119.59 122701 -3081.74 122462
-3071.72 122447 -3628.32 125259
-3611.62 125818 -3717.38 131482
-3691.77 135923 -3691.77 135923
-3691.77 135925 -3582.68 140156
-3750.77 143137 -1812.7 146145
-1714.74 151232 -1678 151688
-2583.03 153167 -2855.76 152759
-2856.88 152744 -1836.08 152661
-1016.77 151437 -1661.31 150368
-1724.76 149442 -3527.02 141409
-3538.15 140892 -3882.13 140040
-3704.02 139185 -3715.15 139060
-8639.92 139370 -10641.4 138564
-10642.6 138535 -10790.6 139726
-6181.99 140385 -6137.46 141200
-5629.85 143644 -1804.91 146908
-1769.29 148540 -1647.95 151893
-2617.54 153318 -2870.23 152790
-2644.26 152666 -1637.93 152672
-1545.53 152683 -1031.24 152060
-6471.42 152821 -7732.67 152888
-8657.74 152899 -10440 153663
-11791.4 156219 -11965 156090
-10772.8 154908 -10316.4 152278
-10311.9 152450 -9713.04 152601
-9693.01 154311 -9679.65 154387
-9669.63 156210 -9651.82 156731
-9166.47 156704 -9669.63 154917
-9670.74 154850 -10842.9 154478
-10854.1 153026 -11287.1 158795
-11179.1 159514 -10721.6 160177
-11043.3 160460 -11043.3 160460
-11041.1 160465 -10794 149511
-10759.4 148602 -10501.2 146327
-9937.91 140138 -10465.6 143903
-10525.7 147756 -10466.7 149464
-9687.44 154741 -10718.3 155313
-10453.3 154489 -8982.79 152913
-4999.78 152790 -4367.48 152703
-2902.52 152679 2937.3 152623
3096.49 152258 5557.76 151023
5886.16 151003 6509.55 150949
5951.83 150929 5782.63 148469
5790.42 147503 5902.85 147478
3852.35 149244 3232.3 148213
2534.33 147750 1997.77 147890
1240.79 147712 25.185 148861
581.782 147955 587.348 147340
29.6378 145457 -1257.22 144793
-796.353 143954 -240.869 140652
-303.208 139140 -225.284 138185
824.459 135741 2792.59 132906
3174.41 132234 2218.18 133879
1575.87 135106 1404.43 139713
-730.674 143834 -1143.67 145301
-1539.97 146908 -1521.04 145733
-1553.33 147064 -46.0595 147781
126.486 146993 -663.883 148175
581.782 146049 254.503 146975
-1694.7 146997 -1842.76 146861
-1560 147062 546.16 147013
2474.21 147006 1905.37 143847
955.816 143647 1265.28 149355
669.725 158341 1271.96 157666
3141.02 158000 3033.04 158220
2534.33 155963 -610.449 155845
-14364 147251 -14185.9 147581
-4477.69 139174 4505.79 111148
9360.44 122625 13709.7 106023
18746.9 106208 21507.6 102307
21390.7 101441 -2997.14 149059
21693.5 101619 21503.2 102302
21670.1 101948 21675.7 101955
21600 101650 21725.8 101657
22979.3 99196.7 24878.4 94231.8
30240.6 94182.8 31211.3 86746.7
31389.5 86539.6 37011.1 85261.7
43220.5 87102.9 43468.7 86971.6
45002.7 83876.9 45149.7 84188.6
45088.4 83382.6 45619.4 83106.5
45151.9 84195.2 45605 78143.9
45676.2 76561 45686.2 76414
45675.1 76581 45628.3 80488.3
45873.2 81826.4 45983.4 82369.6
44455 82886.1 45135.2 84090.6
38637.5 77643 38384.8 77458.2
40971.8 78493.5 45001.6 81367.7
45010.5 81603.7 45081.7 83311.4
45153 84190.8 45655 83099.9
45651.7 83093.2 44915.9 84765.2
44948.2 84756.3 45173 84627.2
45164.1 84164.1 45145.2 84184.1
45165.2 84161.8 45155.2 84188.6
45161.9 84184.1 44593.1 86386
38828.9 84936.6 36677.1 85230.5
33889.7 84838.7 30398.7 92045.5
29491.5 94209.5 24961.9 94182.8
22930.3 99682 22904.7 101712
21640.1 102879 21645.7 102864
21572.2 102728 21706.9 101922
21656.8 101969 21445.3 101768
17650.4 100256 17631.5 101637
19569.5 103309 19569.5 103309
19567.3 103311 19570.7 103266
20729.5 103405 21258.3 102817
21624.5 102017 21568.8 102565
20874.2 104794 20896.5 104896
20652.7 105468 20767.3 104792
21597.8 102058 21608.9 102078
21744.7 101641 22980.4 101750
23003.8 102129 22974.8 101984
22965.9 101977 22357 101641
21504.3 102294 21645.7 101984
22066.4 105085 22949.2 105134
24411.9 106179 24595.6 104878
25420.5 105054 27396.4 108124
26698.4 105907 24612.3 103761
22522.9 103246 22472.8 104139
22410.4 103654 21646.8 102908
21244.9 102278 21160.3 102407
21503.2 102298 22434.9 101679
22892.4 101913 21490.9 102378
21512.1 102316 21512.1 102316
21507.6 102318 21513.2 102331
21191.5 102253 20934.3 102049
21509.8 98867.2 22564 99078.7
22825.6 95968.4 23229.7 96449.3
22434.9 101200 21656.8 101989
21233.8 102654 17868.6 104618
16666.3 105920 14270.7 105952
11305.2 109536 12340.5 109799
11793.9 116456 15145.7 118695
15645.5 120243 15760.2 114833
15331.6 117012 15327.2 118720
13184.3 118297 9838 120864
7167.44 126835 2292.76 127187
1914.28 127641 2158.07 129707
3037.49 127124 4726.21 127251
7527.01 126811 7503.63 130477
8876.2 130684 11613.5 133730
12611 137813 11522.3 138702
9481.78 137295 5457.58 138479
4463.49 138412 2853.81 139623
4411.17 150969 4404.49 155576
4077.21 160839 3319.13 160850
1954.35 160823 1968.82 158710
1277.53 158042 -219.718 157922
-1115.84 156931 -2471.71 155097
-3426.83 155157 -2526.26 155128
-1826.06 158045 -1791.55 158615
-1758.15 158813 -2469.48 156012
-2516.24 155397 -2717.73 155471
-2679.88 154442 -3157.44 155179
-4194.94 154293 -6397.95 154427
-7373.11 154469 -9402.46 154607
-10857.4 154863 -11185.8 154391
-12007.3 154741 -10501.2 153209
-10874.1 153051 -10761.7 150584
-11781.4 148197 -11479.7 147296
-10561.3 147309 -8615.43 146541
-8638.81 145595 -8717.85 143829
-12181 139439 -13861.9 139477
