7533.68 149486 7533.68 149486
7492.5 145568 7492.5 145568
8040.19 151911 8040.19 151911
3096.49 151434 3096.49 151434
3131 148651 3131 148651
3088.7 152614 3088.7 152614
1349.89 153031 1349.89 153031
3102.06 152928 3102.06 152928
6964.84 150985 6964.84 150985
5811.57 150962 5811.57 150962
7299.91 151829 7299.91 151829
8712.56 150677 8712.56 150677
13402.4 150996 13402.4 150996
16817.7 152436 16817.7 152436
23508 162629 23508 162629
27562.3 164978 27565.6 164953
27571.2 164882 27570.1 164909
27570.1 164940 27569 164935
27566.7 165020 27566.7 165020
27571.2 164978 27564.5 164991
27562.3 164931 27565.6 164909
27565.6 164973 27555.6 164944
27553.4 165031 27558.9 165000
27553.4 164986 27557.8 164998
27580.1 164953 27576.8 164955
27554.5 164875 27554.5 164875
27560.1 164995 27558.9 164989
27533.3 164949 27563.4 164960
27567.9 165029 27562.3 164993
27560.1 164982 27558.9 164975
27584.6 164926 27584.6 164926
27563.4 164986 27567.9 164986
27571.2 165109 27571.2 165109
27569 165049 27569 165049
27570.1 164978 27554.5 164964
27697 164973 27697 164973
23978.9 157412 23978.9 157412
19297.9 152944 19297.9 152944
14948.7 151325 14948.7 151325
10966.8 150871 10966.8 150871
8042.41 152198 8042.41 152198
5900.63 152670 5900.63 152670
-836.428 152953 -836.428 152953
746.535 159790 746.535 159790
1276.42 157956 1276.42 157956
15607.7 151746 15607.7 151746
20206.3 153024 20206.3 153024
21494.3 152091 21494.3 152091
23760.7 157089 23760.7 157089
27715.9 164989 27715.9 164989
27545.6 164986 27553.4 164978
27547.8 164915 27547.8 164915
27556.7 164971 27556.7 164984
27558.9 164911 27562.3 164944
27556.7 164966 27557.8 164942
27561.2 164911 27561.2 164911
27556.7 164960 27558.9 164964
27556.7 165060 27556.7 165060
27570.1 164964 27546.7 164946
27524.4 164909 27536.7 164917
27555.6 164980 27555.6 164971
27534.5 164944 27560.1 164960
27548.9 165031 27548.9 165031
27563.4 164933 27560.1 164962
27561.2 164989 27560.1 164975
27561.2 164931 27560.1 164964
25156.7 159314 25156.7 159314
20796.3 153233 20796.3 153233
14903 151341 14903 151341
10444.7 150873 10444.7 150873
7162.99 152174 7162.99 152174
7275.42 152701 7275.42 152701
3458.28 151103 3458.28 151103
7537.02 150762 7537.02 150762
8090.28 152238 8090.28 152238
27567.9 165009 27567.9 165009
27556.7 164891 27555.6 164929
27560.1 164949 27554.5 164940
27548.9 165022 27546.7 165000
27541.1 164935 27550 164946
27561.2 164973 27557.8 164984
27576.8 164895 27576.8 164895
27564.5 164964 27558.9 164969
27553.4 165067 27553.4 165067
27563.4 164980 27582.3 164986
27564.5 165022 27564.5 165022
27561.2 164982 27553.4 164978
27505.5 164982 27505.5 164982
27538.9 165015 27538.9 165015
27566.7 164964 27554.5 164973
27557.8 165007 27556.7 164998
28012 164786 28012 164786
22557.4 156237 22557.4 156237
17344.3 152252 17344.3 152252
12140.1 150907 12140.1 150907
6193.4 150945 6193.4 150945
1417.79 150319 1417.79 150319
-898.767 148484 -898.767 148484
2168.09 149825 2168.09 149825
2349.54 150873 2349.54 150873
1240.79 150720 1240.79 150720
1871.98 150606 1871.98 150606
3345.85 151067 3345.85 151067
7926.64 150673 7926.64 150673
5498.76 151005 5498.76 151005
11478.8 149164 11478.8 149164
9556.36 150791 9556.36 150791
3508.37 149377 3508.37 149377
1129.47 142629 1129.47 142629
2660.12 144441 2660.12 144441
577.33 136469 577.33 136469
1971.05 133020 1971.05 133020
2282.74 140058 2282.74 140058
1050.44 149135 1050.44 149135
3804.48 149420 3804.48 149420
2257.14 151118 2257.14 151118
-981.143 149397 -981.143 149397
-1384.12 149239 -1384.12 149239
-1738.12 152485 -1738.12 152485
-1819.38 146358 -1819.38 146358
-3163.01 143927 -3163.01 143927
-1030.12 143529 -1030.12 143529
1175.12 135480 1175.12 135480
1776.24 134725 1776.24 134725
4009.31 141324 4009.31 141324
3088.7 148064 3088.7 148064
6682.09 150940 6682.09 150940
6604.17 152670 6604.17 152670
27552.3 164980 27553.4 164942
27554.5 164937 27566.7 164924
27537.8 164986 27552.3 164998
27551.2 164946 27550 164973
27547.8 164995 27547.8 164995
27572.3 164960 27551.2 164989
27556.7 165000 27554.5 164962
27557.8 164955 27546.7 164980
27530 164886 27530 164886
27554.5 164942 27552.3 164960
27556.7 164989 27556.7 164993
27555.6 164937 27554.5 164966
21055.7 154033 21055.7 154033
14321.9 151183 14321.9 151183
7924.42 150824 7924.42 150824
3283.51 134512 3283.51 134512
3192.22 132726 3192.22 132726
3205.58 138533 3205.58 138533
4388.91 151328 4388.91 151328
-2020.87 163740 -2020.87 163740
-9485.95 166921 -9485.95 166921
-3247.61 164069 -3247.61 164069
2523.19 161654 2523.19 161654
4371.1 156157 4375.55 156192
4407.83 154304 4407.83 154304
7607.16 150531 7607.16 150531
7528.12 149422 7528.12 149422
7483.59 147360 7483.59 147360
6654.26 152672 6654.26 152672
27555.6 165040 27555.6 165040
27555.6 164926 27555.6 164926
27574.5 165080 27574.5 165080
27535.6 164960 27535.6 164960
27572.3 165011 27567.9 165000
27576.8 164958 27571.2 164944
27582.3 164917 27585.7 164889
27555.6 164964 27561.2 164989
27563.4 165053 27546.7 165018
27573.4 165009 27563.4 165031
27542.2 164895 27542.2 164895
27499.9 164991 27499.9 164991
27532.2 165111 27532.2 165111
27557.8 164995 27554.5 164998
27566.7 164884 27566.7 164884
27550 164971 27553.4 165007
27557.8 165018 27560.1 165020
27574.5 164978 27561.2 164973
27573.4 164935 27573.4 164935
27561.2 165002 27579 164989
27577.9 164862 27577.9 164862
27571.2 165031 27557.8 165038
27628 165060 27628 165060
27562.3 164906 27561.2 164904
27571.2 165015 27575.6 165024
27548.9 165049 27548.9 165049
27562.3 165098 27562.3 165098
27562.3 165027 27560.1 165042
27572.3 164962 27579 164931
27562.3 165033 27562.3 165031
27570.1 164962 27570.1 164962
27563.4 165007 27562.3 164998
27550 164917 27550 164917
27565.6 165058 27565.6 165058
27556.7 164949 27556.7 164949
27554.5 164737 27554.5 164737
27571.2 164998 27571.2 164998
27543.4 165067 27543.4 165067
27563.4 164951 27570.1 164962
27562.3 165004 27585.7 165035
24060.2 157550 24060.2 157550
17113.8 152378 17113.8 152378
14842.9 151332 14842.9 151332
10573.8 150856 10573.8 150856
4639.38 147011 4639.38 147011
7866.53 150515 7866.53 150515
4410.06 144633 4410.06 144633
4525.83 151045 4525.83 151045
8155.96 151688 8155.96 151688
13651.8 151092 13651.8 151092
17516.8 152581 17516.8 152581
23522.5 156813 23522.5 156813
27548.9 164906 27548.9 164906
27553.4 164946 27579 164971
27570.1 164902 27555.6 164924
27557.8 164964 27556.7 164969
27565.6 165013 27564.5 165002
27566.7 164944 27552.3 164960
27531.1 164980 27536.7 164964
27572.3 165011 27572.3 165011
27557.8 164962 27556.7 164935
27557.8 165002 27557.8 164998
27587.9 164897 27587.9 164897
27548.9 164973 27552.3 164966
27561.2 165042 27561.2 165042
27550 164978 27572.3 164946
27563.4 165033 27561.2 165018
27567.9 165176 27567.9 165176
27584.6 165118 27584.6 165118
27493.3 164951 27493.3 164951
27532.2 164978 27541.1 164955
27570.1 164929 27532.2 164922
27543.4 164966 27543.4 164966
27548.9 165027 27548.9 165027
27546.7 164986 27556.7 164973
27561.2 165031 27561.2 165031
27560.1 164986 27557.8 164986
27551.2 164926 27556.7 164937
27560.1 165018 27552.3 164980
27550 164978 27550 164975
24239.4 157838 24239.4 157838
17799.6 152563 17799.6 152563
11304.1 150931 11304.1 150931
8672.48 150651 8672.48 150651
4562.57 151047 4562.57 151047
61.9204 149413 61.9204 149413
-4850.61 148438 -4850.61 148438
-280.944 147008 -280.944 147008
4388.91 149863 4388.91 149863
7107.33 147249 7107.33 147249
9762.3 150793 9762.3 150793
14195 153627 14195 153627
11486.6 152341 11486.6 152341
