58.5808 149411 -405.621 149333
-975.577 149137 -975.577 149137
-981.143 149121 -1613.44 149063
-1739.23 149014 -4385.29 149148
-4387.52 149486 -4416.46 150413
-4627.97 150421 -4627.97 150421
-4663.59 150424 -4875.1 150499
-4855.06 151067 -4855.06 151067
-4855.06 151080 -4860.63 151568
-4994.21 151535 -4994.21 151535
-5003.12 151546 -5003.12 151546
-5000.89 151581 -5078.81 151668
-5128.91 151659 -5251.36 151646
-5251.36 151604 -5225.76 151156
-4863.97 151145 -4845.04 154246
-4800.51 154469 -4800.51 154469
-4789.38 154469 -4789.38 154469
-4769.35 154462 -4463.22 154402
-4292.9 154418 -4292.9 154418
-4285.11 154451 -4240.58 155177
-4042.43 155164 -3904.39 155210
-3869.88 155299 -3864.32 155253
-3823.13 155444 -3823.13 155444
-3817.56 155449 -3533.7 155520
-3530.36 155687 -3530.36 155687
-3530.36 155700 -3530.36 155700
-3519.23 155711 -3519.23 155711
-3520.34 155722 -3520.34 155722
-3528.13 155722 -3547.06 155943
-4164.88 156090 -4164.88 156090
-4196.05 156105 -4196.05 156105
-4216.09 156128 -4229.45 157125
-4253.94 157130 -5175.66 157245
-5623.17 157497 -5754.52 157608
-5740.05 158125 -5762.32 158955
-5854.71 159256 -5659.9 162110
-5612.03 164405 -5339.3 176103
-6038.39 176132 -6118.54 176183
-6114.08 176325 -6114.08 176325
-6114.08 176361 -6062.88 177572
-6019.46 177574 -5846.92 177574
-5774.56 177684 -5762.32 178392
-5869.18 178458 -5869.24 178883
-5838.01 178621 -5838.01 178621
-5819.09 178608 -5819.09 178608
-5793.48 178587 -5728.92 178585
-5751.18 178102 -5790.15 177646
-5893.67 177541 -6085.14 177530
-6102.95 176325 -6102.95 176325
-6102.95 176310 -6082.92 176147
-5730.03 176127 -5300.34 176061
-5307.02 175960 -5281.42 175197
-5314.81 173738 -5556.37 163902
-5504.05 163891 -5446.17 164025
-5539.68 164047 -6272.16 164047
-6346.74 164058 -6346.74 164058
-6375.69 164080 -6606.12 164120
-8698.92 164143 -12409.2 165846
-13672.7 165730 -13672.7 165730
-13700.5 165708 -14624.5 164305
-15255.6 162602 -15489.4 158238
-15428.2 157993 -15394.8 157813
-15064.2 157515 -14400.7 157018
-14401.8 157045 -14401.8 157045
-14390.7 157056 -14390.7 157056
-14392.9 157085 -14392.9 157085
-14395.1 157114 -14395.1 157114
-14392.9 157125 -14359.5 157969
-14284.9 157971 -13972.1 157976
-13984.4 158165 -13900.9 157982
-13799.6 157980 -13799.6 157980
-13767.3 157976 -13767.3 157976
-13752.8 157980 -12297.9 157882
-12294.5 157849 -12291.2 157167
-12313.5 157192 -12313.5 157192
-12336.8 157214 -12380.3 157207
-12400.3 157167 -12400.3 157167
-12402.5 157141 -12370.2 156800
-11381.7 156867 -11301.6 157415
-11251.5 161282 -11053.3 161527
-10274.1 161565 -7279.6 161044
-7199.45 161097 -6962.34 161086
-6953.43 161438 -6976.81 162246
-7032.47 162268 -7032.47 162268
-7034.7 162284 -7034.7 162284
-7015.77 162277 -6931.17 162206
-6926.72 161990 -6926.72 161990
-6915.59 161972 -6883.17 161876
-6878.85 161945 -6878.85 161945
-6856.59 161967 -6856.59 161967
-6819.85 161972 -6819.85 161972
-6797.59 161954 -6803.15 162257
-6936.74 162257 -6936.74 162257
-6951.21 162235 -7009.09 159218
-7048.06 159200 -8857 159282
-8841.41 159018 -9244.39 158216
-9244.39 158009 -9190.96 156914
-9463.69 156900 -11417.3 156773
-11422.9 156796 -11307.1 157459
-11557.6 165623 -11704.5 169537
-11785.8 169680 -11851.5 169793
-11821.4 169798 -11687.9 170198
-11656.7 170584 -11704.5 171773
-11632.2 171795 -11632.2 171795
-11613.3 171795 -11613.3 171795
-11604.4 171790 -11604.4 171790
-11604.4 171768 -11654.5 171679
-11604.4 171018 -11604.4 171018
-11584.3 171000 -11307.1 171022
-11237 170682 -11237 170682
-11239.2 170695 -11322.7 171062
-11596.6 171000 -11596.6 171000
-11602.1 170967 -11509.7 170370
-11220.3 169958 -5587.54 169704
-5520.75 169769 -5314.81 169713
-5295.89 169653 -5409.43 169415
-5485.13 167467 -5569.6 165848
-5551.92 164782 -5551.92 164782
-5550.81 164784 -5609.81 162295
-5578.64 159189 -5718.9 158773
-5771.22 158759 -6364.55 158755
-6353.42 158370 -6353.42 158370
-6347.86 158354 -6324.48 157557
-6247.67 157568 -5737.83 157537
-5450.62 157426 -5450.62 157426
-5415 157441 -5415 157441
-5417.22 157441 -4953.02 157196
-4321.84 157145 -4179.35 157081
-4187.14 157058 -4298.46 154324
-4307.37 154318 -4827.23 154280
-4811.65 153741 -4860.63 151546
-4886.23 151548 -5010.91 151586
-5016.47 151659 -5016.47 151659
-5028.72 151664 -5028.72 151664
-5050.98 151668 -5050.98 151668
-5038.74 151630 -4928.53 150936
-4977.51 151590 -5069.91 151670
-5186.79 151670 -5251.36 151668
-5266.94 150880 -5333.74 149304
-5668.81 148220 -5668.81 148220
-5693.3 148197 -5980.5 148173
-6004.99 147140 -6057.31 145563
-6151.93 145474 -6469.19 145345
-7747.14 143822 -7836.2 143720
-7828.41 143544 -7793.9 143288
-7852.9 143054 -7895.2 143059
-7886.29 143119 -7886.29 143119
-7910.78 143099 -8737.89 143126
-8756.81 142558 -8756.81 142558
-8751.24 142542 -8951.62 139367
-9413.59 139330 -9408.89 138313
-9422.5 139223 -9485.95 139363
-10409.9 139385 -10641.4 139189
-10763.9 135284 -10866.3 135166
-11771.3 135126 -12213.3 135139
-12213.3 135093 -12213.3 135093
-12214.4 135099 -12166.5 135349
-11351.7 135262 -11351.7 135262
-11326.1 135251 -10799.5 135382
-10322 137542 -10766.1 137348
-10777.3 137408 -10864.1 138194
-11022.2 138212 -11348.3 138094
-11335 137738 -11342.8 137515
-10810.7 137497 -10810.7 137497
-10800.6 137515 -10507.9 143210
-10466.7 143753 -10591.4 146093
-10661.5 146113 -10855.2 146080
-10270.8 145508 -10226.2 145492
-10368.7 145474 -10505.6 145256
-10502.3 145147 -10155 144962
-10157.2 144829 -10165 144662
-10099.3 144584 -9537.16 144283
-8717.85 143727 -8128.97 143644
-8064.4 143544 -7894.08 142988
-7688.14 137186 -8192.42 133846
-9274.45 130929 -10526.8 127608
-10519 127418 -10476.7 127336
-4855.06 127323 -4405.33 127570
-4290.67 127463 -4296.24 127151
-4552.27 126773 -4173.79 122427
-4112.56 122376 -4112.56 122376
-4118.13 122347 -4266.18 120855
-4123.69 117337 -4037.98 114712
-4190.48 109080 -4577.88 97555.8
-4682.52 95888.2 -4755.99 92980.6
-4717.03 92880.4 -3636.11 92524.2
-3633.89 92408.4 -3633.89 92408.4
-3637.23 92390.6 -3637.23 92390.6
-3648.36 92426.2 -3683.98 92575.4
-4004.58 92646.6 -4004.58 92646.6
-3990.11 92664.4 -3814.22 92604.3
-4797.18 92815.8 -4797.18 92815.8
-4821.67 92838.1 -4243.92 99359.2
-4702.55 103547 -4265.07 108946
-4088.07 113009 -4048 114234
-4173.79 115730 -4173.79 115730
-4193.82 115745 -4637.99 115770
-4611.27 115785 -4173.79 115770
-4171.56 115812 -4220.54 116447
-4287.33 116465 -4287.33 116465
-4296.24 116453 -4296.24 116453
-4290.67 116460 -4290.67 116460
-4279.54 116469 -4210.52 116514
-4196.05 116899 -4084.73 119270
-4223.88 120655 -4292.9 121191
-4282.88 121269 -4240.58 122180
-4184.92 122313 -3636.11 124891
-3725.17 124909 -3653.92 126321
-3951.15 126276 -3951.15 126276
-3958.94 126245 -3951.15 125726
-3964.51 126054 -3997.9 127067
-4073.6 127084 -4157.09 127167
-4583.44 127225 -4583.44 127225
-4611.27 127234 -4611.27 127234
-4622.4 127234 -4743.74 131620
-4749.31 132911 -4806.08 134516
-4967.49 134788 -8159.02 134959
-8195.76 134906 -8201.33 134837
-8045.48 134839 -7683.69 137315
-7852.9 140282 -7925.25 142335
-7921.91 142440 -7921.91 142440
-7910.78 142451 -7910.78 142451
-7900.76 142473 -7900.76 142473
-7889.63 142487 -7872.93 142618
-7925.25 142662 -7944.18 143077
-8381.66 143166 -8737.89 143166
-8743.45 143448 -8756.81 143660
-9670.74 144265 -10326.4 144646
-10546.8 144891 -6708.53 145018
-10544.6 145742 -10482.3 149642
-10365.4 150221 -10511.2 150406
-10730.5 150473 -10724.9 150566
-11529.8 150533 -11529.8 150533
-11559.8 150533 -11693.4 150502
-11690.1 150450 -12344.6 150477
-12335.7 150595 -12335.7 150595
-12331.3 150624 -12369.1 151401
-12787.7 151385 -12787.7 151385
-12795.5 151370 -12881.2 151446
-12875.6 152036 -12875.6 152036
-12895.7 152053 -14384 152042
-14387.3 152160 -14404 155159
-14849.3 155137 -14849.3 155137
-14852.7 155115 -14827.1 152862
-14153.6 152862 -12781 152895
-12767.7 152777 -12906.8 148302
-12831.1 148257 -11845.9 148273
-11834.8 148313 -11734.6 150390
-11684.5 150435 -11546.5 150435
-11548.7 150479 -11571 150762
-11615.5 150746 -11615.5 150746
-11630 150755 -11695.6 151007
-11734.6 150991 -11734.6 150991
-11740.2 150969 -11724.6 149689
-11546.5 149693 -11546.5 149693
-11543.1 149678 -11517.5 149348
-10964.3 149288 -10834 149288
-10817.3 149155 -10817.3 149155
-10816.2 149137 -10736.1 147273
-10496.7 147311 -10496.7 147311
-10482.3 147282 -10476.7 146082
-10199.5 146058 -10199.5 146058
-10192.8 146053 -10192.8 146053
-10176.1 146035 -10176.1 146035
-10170.6 146027 -10198.4 145537
-10360.9 145463 -10399.9 145448
-10422.1 145403 -10494.5 145136
-10474.5 145029 -10474.5 145029
-10457.8 145018 -10457.8 145018
-10450 145018 -10450 145018
-10437.7 145034 -10437.7 145034
-10413.2 145022 -10413.2 145022
-10377.6 145040 -10377.6 145040
-10357.6 145036 -10166.1 145007
-10142.7 145067 -10142.7 145067
-10138.3 145080 -10192.8 145604
-10287.5 145619 -10611.4 145575
-10604.7 145548 -10569.1 145508
-10554.6 146481 -10554.6 146481
-10554.6 146516 -10480 149883
-10393.2 150076 -10404.3 150524
-10437.7 150539 -10699.3 150424
-11751.3 150421 -12032.9 150439
-12027.4 150591 -12059.4 150692
-12019.6 150689 -11996.2 150401
-11874.9 150421 -10471.1 150455
-10099.3 151096 -10087.1 150466
-9576.12 150399 -9576.12 150399
-9567.22 150390 -9519.35 150357
-9508.22 150027 -9508.22 150027
-9528.25 150012 -9492.63 149259
-9470.37 149155 -9158.67 147478
-9110.81 146383 -9110.81 146383
-9108.58 146365 -9166.47 146298
-9302.28 146314 -9302.28 146314
-9300.05 146314 -9300.05 146314
-9307.84 146314 -9096.33 146332
-9090.77 145579 -9153.11 145490
-9280.01 145492 -9280.01 145492
-9297.82 145503 -9297.82 145503
-9303.39 145501 -9481.5 145492
-9467.03 145535 -9921.21 145503
-9964.63 145508 -10229.6 145519
-12945.8 148280 -12828.9 149170
-12870.1 149860 -12901.2 152036
-13040.4 152065 -13541.3 151987
-13641.5 152016 -13641.5 152016
-13647.1 152027 -13647.1 152027
-13656 152020 -13656 152020
-13672.7 152020 -13784 152049
-15453.8 151826 -15453.8 151826
-15459.4 151831 -15408.1 151793
-14905 152024 -13042.6 152131
-12954.7 152091 -12858.9 152058
-12870.1 151519 -12893.4 148231
-12508.3 148240 -11395.1 148240
-11212.5 148195 -11200.3 147307
-10766.1 147311 -9600.61 147316
-9572.78 147155 -9572.78 147155
-9550.52 147155 -8751.24 147293
-7989.82 147218 -7989.82 147218
-7986.48 147215 -5674.37 147082
-4986.42 147084 -2988.23 147037
-2250.19 147144 -2250.19 147144
-2225.7 147115 -1973 147037
-1678 146839 -719.542 146982
-722.882 146381 -703.958 146071
-770.749 145980 -823.07 145942
-772.976 145993 -687.26 146082
-648.298 145991 -658.317 145374
-669.449 145363 -964.445 145390
-1003.41 145401 -1003.41 145401
-1034.58 145381 -1076.88 145412
-1210.46 145368 -1210.46 145368
-1218.25 145352 -1398.59 145352
-1457.59 145546 -1485.42 145508
-1568.91 145512 -1568.91 145512
-1568.91 145490 -1813.81 145314
-1878.38 145325 -1878.38 145325
-1899.53 145359 -1839.42 148407
-2006.4 148409 -2006.4 148409
-2010.85 148413 -2010.85 148413
-2028.66 148420 -2028.66 148420
-2039.79 148458 -2084.32 149043
-2203.43 149043 -4387.52 149121
-4394.2 149159 -4370.82 150384
-4622.4 150399 -4869.53 150428
-4877.33 150477 -4895.14 151118
-5025.38 151136 -5025.38 151136
-5028.72 151163 -5028.72 151163
-5017.59 151170 -5017.59 151170
-5014.25 151167 -5014.25 151167
-5003.12 151136 -5003.12 151136
-4986.42 151129 -4863.97 151167
-4847.27 151597 -4828.34 152777
-4371.93 152750 -4371.93 152750
-4366.37 152755 -2620.88 152715
-2611.97 153129 -2617.54 153394
-2837.95 153418 -2837.95 153418
-2854.65 153396 -2837.95 152692
-2600.84 152688 -2554.09 153405
-2520.69 153416 -1613.44 153427
-1585.61 153574 -1626.8 154264
-1788.21 154286 -1576.7 154331
-1571.14 154384 -1571.14 154384
-1554.44 154418 -1296.18 154698
-1285.05 154914 -1262.78 155008
-1925.13 155055 -1925.13 155055
-1930.7 155052 -1930.7 155052
-1938.49 155055 -2144.55 155057
-1663.53 155043 -1246.08 155041
-1209.35 155734 -1231.61 155927
-1199.33 155938 626.31 156005
635.216 155820 635.216 155820
632.989 155800 605.16 155104
353.577 155086 353.577 155086
348.012 155077 348.012 155077
340.219 155092 340.219 155092
342.446 155110 342.446 155110
368.049 155115 637.442 155070
637.442 154743 637.442 154743
620.744 154732 15.1662 154714
-7.09767 154665 -255.34 154652
-266.472 154313 -266.472 154313
-263.132 154284 -263.132 154284
-269.812 154273 -269.812 154273
-283.17 154273 -597.091 154376
-541.431 155478 -539.205 155665
-663.883 155032 -850.899 154765
-1474.29 154447 -1541.08 154113
-1655.74 151704 -1649.06 151664
-1758.15 147505 -1758.15 147505
-1750.36 147485 -1535.51 147518
-1518.82 147471 -1518.82 147066
-1460.93 147037 -726.222 147073
-731.788 147790 -742.92 148164
-1073.54 148130 -1073.54 148130
-1082.44 148108 -1142.56 147578
-1162.59 147585 -1529.95 147634
-1487.65 147797 -1385.23 148540
-1092.46 148540 -1092.46 148540
-1082.44 148540 -1082.44 148540
-1065.75 148558 -1026.78 149159
-519.167 149353 -86.1345 149422
178.806 149582 398.105 149816
838.93 150061 843.383 150101
822.233 150310 802.195 151103
874.553 151212 874.553 151212
877.892 151236 1088.29 151259
1080.49 151330 1080.49 151330
1077.15 151345 1110.55 151408
1111.66 151363 1111.66 151363
1111.66 151348 1111.66 151348
1080.49 151341 1066.02 151259
954.703 151401 809.987 151274
816.667 151178 815.553 151379
838.93 150744 829.829 150581
821.119 150355 841.157 150161
880.119 150172 1707.22 150568
2079.03 150829 2368.46 150936
2984.06 151034 4182.97 151052
6251.28 150969 7603.82 150767
7622.74 150700 7622.74 150700
7620.51 150684 7620.51 150684
7614.95 150669 7614.95 150669
7598.25 150695 7596.02 150735
7578.21 150773 6805.66 150862
5900.63 150913 5900.63 150913
5883.93 150913 4447.91 151074
3559.58 151011 3147.7 151000
2297.22 150847 2160.29 150744
2156.95 149342 2156.95 149342
2129.12 149322 1306.47 149275
1323.17 147184 1278.64 145356
1256.38 145363 1256.38 145363
1247.47 145392 1225.21 146984
911.288 146982 28.5246 146955
20.7322 146915 -8.21086 145325
-38.2671 145319 -1735.89 145368
-1830.51 145303 -2042.02 145319
-2025.32 145152 -2025.32 145152
-2021.98 145114 -1947.4 144602
-1880.6 144595 -1880.6 144595
-1871.7 144606 -1871.7 144606
-1871.7 144635 -1841.64 147930
-2014.19 147946 -2014.19 147946
-2028.66 147979 -2055.38 148402
-2211.22 148409 -2211.22 148409
-2236.83 148418 -2236.83 148418
-2273.56 148418 -2273.56 148418
-2281.35 148391 -2281.35 148391
-2286.92 148373 -2286.92 148373
-2298.05 148369 -2685.44 148380
-2689.9 148108 -2745.56 147026
-2767.82 147017 -5919.28 147066
-6414.65 147051 -6720.22 147084
-6519.29 147095 -6016.12 147149
-5988.29 148142 -5963.8 148206
-5869.18 148202 -5869.18 148202
-5863.62 148179 -5863.62 148179
-5871.41 148157 -5871.41 148157
-5880.31 148151 -5880.31 148151
-5902.58 148173 -5902.58 148173
-5902.58 148186 -5902.58 148186
-5891.45 148202 -5662.13 148275
-5640.98 149226 -5615.37 149319
-5481.79 149308 -5481.79 149308
-5472.88 149308 -5320.38 149337
-5312.58 149404 -5233.55 151679
-5084.38 151664 -5084.38 151664
-5062.12 151675 -4932.99 150428
-4955.25 150633 -5019.81 151646
-5010.91 151630 -5010.91 151630
-5006.46 151608 -4977.51 151548
-4927.42 151548 -4849.5 151579
-4860.63 152588 -4816.1 154362
-4294.01 154353 -4294.01 154353
-4285.11 154387 -4260.62 156099
-4507.74 156128 -5442.83 156295
-6074.01 156602 -7166.05 156822
-8084.44 156896 -8426.19 156914
-8446.23 156958 -8500.77 159300
-8526.38 159316 -10750.5 159507
-10749.4 159541 -10749.4 160469
-10845.2 160462 -10845.2 160462
-10847.4 160447 -11073.4 160447
-11084.5 160347 -11066.7 159494
-10886.4 159490 -8470.72 159340
-8461.81 159806 -8515.25 160992
-8860.34 161032 -9489.29 161104
-9550.52 161048 -9550.52 161048
-9563.88 161021 -9592.82 159505
-9715.27 159474 -9595.05 159385
-8986.13 159349 -8763.49 159278
-8551.98 159307 -8439.55 159193
-8439.55 158394 -8396.13 156123
-8348.27 156123 -8348.27 156123
-8346.04 156139 -8346.04 156139
-8309.31 156154 -8225.82 156112
-8214.68 155967 -8201.33 155609
-7866.25 155589 -7866.25 155589
-7858.46 155582 -7906.04 155294
-7864.03 155342 -7864.03 155342
-7858.46 155353 -7858.46 155353
-7852.9 155375 -7852.9 155375
-7856.23 155397 -7856.23 155397
-7869.59 155420 -7908.56 155598
-7923.03 155604 -8439.55 155638
-8450.68 155720 -8504.11 160999
-9431.41 161115 -9587.25 161186
-9569.44 161431 -9569.44 161431
-9553.86 161444 -8629.91 161222
-8511.91 161208 -8445.12 161159
-8440.66 161021 -8440.66 161021
-8440.66 161008 -8407.27 159305
-8045.48 159271 -7591.29 159218
-7607.99 159006 -7594.63 158287
-7498.9 158294 -7498.9 158294
-7477.75 158310 -7382.01 158269
-3240.93 160436 -3199.74 160487
-2774.5 160462 -2774.5 160462
-2762.26 160498 -2724.41 160665
-3177.48 161716 -3177.48 161215
-3112.91 161059 -3079.52 160926
-2852.42 160921 -1204.9 161164
-1165.93 161070 -1204.9 159841
-1349.61 159556 -1763.72 158759
-1777.08 158632 -1836.08 158002
-1844.98 158009 -2086.55 158038
-2239.05 156702 -2264.66 156573
-2099.9 156557 -1652.4 156506
-1639.04 156099 -1639.04 156099
-1641.27 156088 -1624.57 155972
-1365.2 155927 -1365.2 155927
-1344.04 155921 -1344.04 155921
-1318.44 155921 -1238.29 155872
-1190.42 155694 -1260.56 154981
-1420.86 155003 -1587.83 155037
-1602.31 155032 -1602.31 155032
-1610.1 155037 -1610.1 155037
-1633.48 155014 -1633.48 155014
-1637.93 155003 -1637.93 155003
-1646.83 154986 -1646.83 154986
-1650.17 154963 -1650.17 154963
-1655.74 154937 -1649.06 154396
-1605.65 154402 -1381.89 154596
-1381.89 154536 -1381.89 154536
-1404.16 154507 -1515.48 154269
-1518.82 154030 -1476.51 153808
-1348.5 153808 -1287.27 153774
-1309.54 153768 -1498.78 153739
-1557.78 153371 -1557.78 153371
-1561.12 153334 -1788.21 145848
-1752.59 145715 -1699.15 145468
-1652.4 145463 -1652.4 145463
-1644.61 145452 -1619 145414
-1287.27 145396 -1287.27 145396
-1273.91 145385 1225.21 145312
1286.43 145270 1286.43 145270
1305.36 145241 1338.75 144744
1796.28 144733 1796.28 144733
1806.3 144711 1834.13 144617
1796.28 144746 1796.28 144746
1790.71 144746 1328.74 144729
1303.13 144050 1303.13 144050
1297.57 144050 1297.57 144050
1267.51 144072 1267.51 144072
1260.83 144110 1216.3 144762
1049.32 144757 579.556 144791
588.462 145025 588.462 145025
587.348 145051 587.348 145051
566.198 145067 248.937 145080
234.466 145307 234.466 145307
223.334 145314 9.60025 145385
19.619 146305 -19.3428 147004
-698.392 147017 -698.392 147017
-720.656 147017 -720.656 147017
-734.014 147044 -767.41 148540
-1023.44 148520 -1023.44 148520
-1049.05 148525 -1049.05 148525
-1065.75 148542 -1065.75 148542
-1070.2 148580 -1114.73 149121
-1529.95 149077 -1529.95 149077
-1537.74 149074 -1816.04 149021
-1897.3 149059 -2033.11 148999
-2033.11 148629 -2049.81 148413
-2101.02 148413 -2266.88 148407
-2298.05 148351 -2368.18 148257
-2662.07 148395 -2662.07 148395
-2670.97 148362 -2682.11 148035
-2635.35 148012 -2025.32 148024
-2027.55 148153 -2027.55 148153
-2023.09 148164 -2023.09 148164
-2017.53 148153 -2066.51 147051
-1971.89 147044 -1752.59 147104
-1724.76 147055 -1797.12 146922
-1839.42 146926 -1839.42 146926
-1855 146937 -1855 146937
-1875.04 146966 -1902.87 146999
-2691.01 147017 -3653.92 147062
-3296.59 147055 -3296.59 147055
-3294.36 147051 -2407.15 147055
-2409.37 147396 -2409.37 147396
-2409.37 147416 -2416.73 147756
-2384.88 147674 -2409.37 147060
-2030.89 147028 -2030.89 147028
-2003.06 147017 -2003.06 147017
-1984.13 146999 -1771.51 147104
-1754.81 147084 -1741.46 146959
-1782.64 146915 -1782.64 146915
-1811.59 146917 -4591.23 147095
-5790.15 147071 -10142.7 147300
-10277.4 147382 -10472.2 147229
-10480 146503 -10480 146503
-10476.7 146481 -10476.7 146102
-10315.3 146080 -10179.5 146093
-10165 146127 -10096 146432
-9600.61 146343 -9600.61 146343
-9592.82 146365 -9453.67 147367
-9229.92 147374 -8170.16 147267
-8164.59 147311 -8106.7 149504
-8056.61 149515 -6953.43 149520
-6884.42 149526 -6620.59 149567
-6600.55 149533 -6483.67 149393
-5782.35 149342 -5314.81 149355
-5272.51 151114 -5233.55 151702
-5049.87 151686 -4991.98 151552
-4925.19 151541 -4925.19 151541
-4895.14 151535 -4895.14 151535
-4878.44 151526 -4878.44 151526
-4861.74 151523 -4836.14 154220
-4243.92 155092 -4243.92 155092
-4255.05 155092 -4209.41 155164
-3999.01 155144 -3884.36 155166
-3886.58 155222 -3862.09 155449
-3709.58 155475 -3717.38 155126
-3567.09 155144 -3567.09 155144
-3553.74 155153 -3553.74 155153
-3531.47 155159 -3531.47 155159
-3524.79 155177 -3524.79 155177
-3522.57 155204 -3469.13 157301
-3296.59 157987 -3296.59 157987
-3296.59 157998 -3199.74 163898
-3210.87 163916 -3542.6 164036
-9715.27 164617 -9715.27 164617
-9737.53 164592 -9736.42 164539
-9498.2 164606 -9513.78 166592
-10062.6 166574 -10062.6 166574
-10101.5 166576 -10101.5 166576
-10114.9 166592 -10114.9 166592
-10123.8 166614 -10178.1 167552
-10148.3 167415 -10096 166569
-9999.14 166569 -9509.33 166543
-9498.2 166525 -9544.95 161453
-9494.86 161420 -9138.64 161300
-8415.06 157074 -8415.06 157074
-8415.06 157081 -8459.59 153155
-8484.08 152577 -8484.08 152577
-8472.94 152539 -8472.94 152539
-8468.49 152505 -8468.49 152505
-8465.15 152488 -8504.11 149538
-8433.98 149520 -7628.03 149526
-7621.35 150784 -7619.12 152125
-7552.33 152543 -7465.5 152928
-6653.98 152882 -2963.74 152661
-1051.27 152706 -1051.27 152706
-1047.93 152710 -1047.93 152710
-1047.93 152726 -1047.93 152726
-1067.97 152721 -1292.84 152761
-1288.39 152859 -1318.44 153122
-1387.46 153051 -1460.93 152895
-1494.33 152951 -1560 153171
-1549.99 153055 -1529.95 152476
-1682.46 151225 -1716.97 149197
-1867.25 149382 -1875.04 149215
-1938.49 149208 -1938.49 149208
-1947.4 149221 -1947.4 149221
-1947.4 149219 -1947.4 149219
-1956.3 149204 -2097.68 149210
-2153.34 149170 -2034.23 148202
-2136.64 148228 -2136.64 148228
-2144.43 148242 -2075.41 148852
-2123.28 148970 -2227.92 149032
-2520.69 149063 -4376.39 149119
-4388.63 149137 -4388.63 149137
-4396.43 149170 -4401.99 150410
-4702.55 150413 -4880.66 150488
-4871.76 151067 -4888.46 152732
-4947.46 152739 -8869.24 152915
-9587.25 152888 -9587.25 152888
-9591.71 152884 -10504.5 152873
-10510.1 152839 -10465.6 152614
-10461.1 152643 -10488.9 153289
-10415.5 154329 -10491.2 154718
-10576.9 154814 -13725 155130
-13934.3 155130 -13934.3 155130
-13962.1 155126 -14342.8 155077
-14345 155063 -14345 155063
-14340.6 155041 -14340.6 155041
-14337.3 155021 -14322.8 152873
-14289.4 152643 -14289.4 152643
-14296.1 152628 -14276 152038
-13839.7 152060 -12926.8 152069
-12873.4 152047 -12873.4 152047
-12862.3 152058 -12787.7 152247
-12778.8 152216 -12747.6 151401
-12364.7 151397 -12364.7 151397
-12353.5 151392 -12353.5 151392
-12348 151381 -12331.3 150455
-11843.7 150439 -10504.5 150417
-10426.6 150339 -10332 149275
-10307.5 149275 -10032.5 149277
-10025.9 149337 -10070.4 150985
-10060.4 151156 -10060.4 151156
-10051.5 151181 -10051.5 151181
-10045.9 151196 -10045.9 151196
-10051.5 151203 -10051.5 151203
-10057 151225 -10057 151225
-10068.2 151241 -10060.4 151837
-9714.16 151815 -9709.7 153311
-9915.65 153273 -9915.65 153273
-9923.44 153240 -9917.87 152933
-6753.06 152895 -6528.19 152939
-6498.14 153772 -6331.16 153901
-6069.56 153895 -5999.43 154502
-5960.46 154509 -4221.65 154320
-3641.68 154302 -3062.82 154420
-2565.22 154402 -2565.22 154402
-2559.65 154440 -2465.03 156032
-1758.15 155945 -1758.15 155945
-1752.59 155950 -1752.59 155950
-1744.79 155956 -1650.17 155987
-1649.06 156045 -1676.89 156544
-1758.15 156546 -2311.41 156555
-2444.99 156134 -2444.99 156134
-2450.56 156101 -2450.56 156101
-2450.56 156083 -2517.35 155905
-3091.76 155976 -3458 155994
-3470.25 155965 -3525.46 155272
-3474.7 155242 -3550.4 154258
-3587.13 154251 -4832.8 154273
-4828.34 153975 -4828.34 153975
-4830.57 153957 -4843.93 151546
-5008.68 151564 -5008.68 151564
-5010.91 151597 -5067.68 151775
-5067.68 151875 -5067.68 151875
-5067.68 151893 -5067.68 151893
-5067.68 151909 -5067.68 151909
-5067.68 151931 -5022.04 150878
-5049.87 151452 -5038.97 150790
-5034.29 151267 -5056.55 151597
-5049.87 151508 -5049.87 151508
-5050.98 151541 -5047.64 151497
-5055.44 151570 -5055.44 151570
-5050.98 151537 -5036.51 151419
-5049.87 151535 -5006.46 151230
-5049.87 151626 -5049.87 151626
-5033.17 151626 -5033.17 151626
-5012.02 151624 -5012.02 151624
-5038.74 151653 -4916.29 151668
-4732.61 150889 -4733.72 151067
-5055.44 151668 -5055.44 151668
-5019.81 151664 -5019.81 151664
-5010.91 151648 -5010.91 151648
-5006.46 151619 -4988.64 151557
-4856.17 151548 -4856.17 151548
-4850.61 151586 -4839.48 152639
-4905.16 153307 -4905.16 153307
-4897.36 153318 -4860.63 154335
-5556.37 154442 -7296.3 154496
-8357.17 154563 -10048.1 154587
-10190.6 154453 -10179.5 154073
-10394.3 154209 -10455.5 154209
-10480 154618 -10647 154832
-10767.2 154870 -10838.5 154885
-10856.3 154954 -10850.7 156784
-11047.8 156802 -11047.8 156802
-11075.6 156796 -11401.8 156702
-11518.6 156758 -12144.3 156747
-12130.9 156707 -11977.3 156762
-11980.6 157118 -11980.6 157118
-11985.1 157101 -11985.1 157101
-11999.5 157112 -12116.4 157170
-12686.4 157156 -12695.3 157909
-13276.4 157949 -13276.4 157949
-13294.2 157949 -13760.6 157927
-13755.1 157902 -13844.1 156484
-13791.8 156050 -13791.8 156050
-13777.3 156027 -13460.1 155934
-13483.4 155215 -13483.4 155215
-13482.3 155193 -13465.6 153952
-13494.6 152917 -13494.6 152917
-13477.9 152904 -12786.6 152888
-12765.4 152844 -12762.1 151412
-12456 151414 -11785.8 151426
-11769.1 151381 -11769.1 151381
-11749.1 151379 -10838.5 151348
-10811.8 151401 -10811.8 151401
-10805.1 151370 -10752.8 150622
-10549.1 150533 -10549.1 150533
-10552.4 150502 -10552.4 150502
-10588 150495 -10588 150495
-10593.6 150484 -10465.6 150473
-10360.9 151403 -10360.9 151403
-10344.2 151408 -10344.2 151408
-10318.6 151414 -10318.6 151414
-10315.3 151441 -10293 152621
-10173.9 152632 -10173.9 152632
-10153.9 152610 -10153.9 152610
-10149.4 152603 -10006.9 151719
-9931.23 151657 -9882.25 151323
-9709.7 151363 -9709.7 151363
-9691.89 151379 -9064.05 151352
-9055.15 151312 -9082.29 150840
-9057.37 150858 -9013.96 151385
-8579.81 151234 -8579.81 151234
-8568.68 151252 -8064.4 151201
-8116.72 149526 -7649.18 149486
-6856.59 149549 -6603.89 149544
-6524.85 149397 -5322.6 149337
-5312.58 149433 -5244.68 151670
-5140.04 151657 -5097.87 151681
-5123.34 151646 -5251.36 151630
-5259.15 151170 -5259.15 151170
-5242.45 151147 -4856.17 151114
-4850.61 151080 -4914.06 147846
-4886.23 147841 -4861.74 147071
-4660.25 147106 -3692.89 147073
-3686.21 148251 -3687.32 149088
-4363.03 149108 -4363.03 149108
-4379.73 149103 -4379.73 149103
-4387.52 149108 -4387.52 149108
-4394.2 149132 -4399.76 150406
-4791.61 150421 -4791.61 150421
-4802.74 150421 -4802.74 150421
-4816.1 150428 -4872.87 150468
-4866.19 151052 -4850.61 153400
-4472.12 154351 -4472.12 154351
-4452.08 154380 -4270.63 154407
-4255.05 155097 -4255.05 155097
-4249.48 155121 -4154.86 155181
-4127.03 155130 -4127.03 155130
-4104.77 155126 -3886.58 155208
-3889.92 155293 -3859.87 155444
-3669.51 155444 -3669.51 155444
-3641.68 155455 -3641.68 155455
-3611.62 155444 -3517 155460
-3513.66 155765 -3469.13 156083
-3431.29 156088 -1344.04 155923
520.557 156012 1219.64 156043
1221.87 156079 1143.95 161676
1071.59 161861 343.559 162891
315.729 162851 310.163 162791
409.237 162729 2414.1 166006
2936.19 167082 2903.91 167400
2561.04 168057 2466.42 168179
2494.25 168284 2852.7 169112
2937.3 169954 2937.3 169954
2937.3 169987 3104.28 170472
2774.78 170495 2597.78 169809
2770.32 170354 2797.04 170555
3125.43 170483 3125.43 170483
3125.43 170454 2950.66 169920
2797.04 168829 2497.59 168273
2421.89 168233 1314.26 169223
994.778 169279 994.778 169279
976.967 169248 866.76 168335
715.366 168317 708.962 168298
690.876 168322 871.213 168302
791.063 167894 382.521 165111
393.652 164989 393.652 164989
393.652 164971 371.389 164584
301.257 164448 150.976 163775
-138.455 163715 -138.455 163715
-146.247 163682 304.597 163168
234.466 163136 -88.3609 163470
-416.753 163615 -416.753 163615
-444.583 163604 -439.309 163558
-503.583 163626 -503.583 163626
-530.299 163635 -569.261 163619
-572.601 163579 -585.959 162088
-1095.8 162099 -1260.56 162083
-1248.31 161821 -1165.93 161137
-1138.1 161121 -814.164 161044
-715.09 160926 -441.244 159071
-730.674 154910 -880.956 154747
-1435.33 154507 -1535.51 154269
-1735.89 149497 -1863.91 143742
-1964.09 143566 -2088.77 143471
-2270.22 143448 -4643.55 143500
-4741.52 139163 -4717.03 139129
-4761.55 138962 -4685.86 138377
-4632.42 138272 -4632.42 138272
-4621.29 138245 -4621.29 138245
-4616.84 138223 -4616.84 138223
-4639.1 138210 -4639.1 138210
-4663.59 138212 -4663.59 138212
-4688.08 138212 -4688.08 138212
-4708.12 138201 -4708.12 138201
-4717.03 138194 -4717.03 138194
-4733.72 138172 -4710.35 138261
-4777.14 137626 -4026.84 137722
-3653.92 137698 -3653.92 137698
-3648.36 137698 -3648.36 137698
-3642.79 137720 -3645.02 139067
-3722.94 139074 -3722.94 139074
-3741.87 139089 -6906.68 139247
-6903.34 138279 -6903.34 138279
-6871.06 138272 -6594.99 138328
-6246.56 138299 -6246.56 138299
-6233.2 138317 -6233.2 139392
-6266.59 139401 -6386.82 139385
-6381.25 139330 -6381.25 139330
-6372.35 139323 -6002.77 139323
-6002.77 139359 -6002.77 139359
-6025.03 139374 -6175.31 139374
-6180.88 139341 -6210.93 135006
-6188.67 134993 -4611.27 134906
-4607.93 134939 -4744.86 135082
-4750.42 135055 -4768.1 132898
-4730.38 132768 -4730.38 132768
-4733.72 132733 -4632.42 127403
-4371.93 124963 -1468.72 125036
-1449.8 124996 -1470.95 124609
-1476.51 124963 -1476.51 124963
-1490.99 124987 -3592.7 124987
-3617.19 125063 -3642.79 126305
-3919.98 126254 -3919.98 126254
-3932.22 126238 -3979.67 126032
-3942.24 126049 -3997.9 125700
-4048 125688 -4123.69 125537
-4104.77 125003 -3580.45 124898
-3659.49 124297 -3876.56 123315
-3830.92 122981 -4132.6 122747
-3893.26 123021 -3887.7 123166
-3155.21 123066 -3108.46 122814
-3125.16 122643 -3409.02 122349
-3397.89 122291 -3253.17 121957
-3249.83 122079 -3249.83 122079
-3240.93 122097 -3041.67 122353
-3141.85 122665 -3141.85 122665
-3138.51 122692 -3135.18 123037
-3904.39 123128 -4246.14 121982
-4238.35 121730 -4270.63 120888
-4023.5 119889 -4009.03 119352
-3978.98 119359 -3714.04 119337
-3714.04 119158 -3741.87 117696
-3761.9 117544 -3630.55 115752
-3288.8 115763 -2798.99 115730
-2801.22 115652 -2801.22 115652
-2806.78 115636 -2806.78 115636
-2810.12 115656 -2854.65 115768
-3194.17 115752 -3653.92 115759
-3804.21 117121 -3804.21 117121
-3832.04 117137 -3832.04 117137
-3867.66 117137 -4164.88 117173
-4103.65 118929 -4049.11 119982
-4093.64 120278 -4305.14 121040
-4253.94 121556 -4727.04 130046
-4732.61 131553 -4839.48 139229
-4777.14 139379 -4626.86 146855
-4568.97 148453 -4416.46 148464
-4398.65 148518 -4370.82 149126
-3915.52 149137 -3915.52 149137
-3909.96 149164 -3951.81 149336
-3921.09 149148 -3921.09 149148
-3906.62 149141 -2682.11 149155
-2645.37 150217 -2654.28 151069
-1799.34 151067 -1765.95 151089
-1747.02 151181 -1549.99 154362
-1482.08 154502 -775.202 154885
-717.316 155014 -585.959 158283
-626.034 158272 -633.826 157987
-502.469 157971 70.826 158016
70.826 158131 97.5427 159828
120.92 159830 120.92 159830
134.278 159819 134.278 159819
173.24 159812 173.24 159812
197.73 159812 197.73 159812
198.843 159797 198.843 159797
187.711 159797 187.711 159797
167.674 159806 81.9579 159752
81.9579 159089 45.2225 158606
-275.378 158577 -275.378 158577
-283.17 158583 -472.413 158566
-480.206 158399 -459.055 157953
-1079.1 157960 -1079.1 157960
-1088.01 157942 -1160.37 156212
-1242.74 156065 -1242.74 156065
-1249.42 156039 -1282.82 155901
-1839.42 155898 -1839.42 155898
-1849.44 155861 -1886.17 155593
-2128.85 155627 -2128.85 155627
-2139.98 155604 -2192.3 155108
-2481.73 155104 -2734.43 155126
-2729.97 155188 -3509.21 155193
-3520.34 155226 -3553.74 155449
-3624.98 155409 -3737.41 155455
-3726.28 155411 -3726.28 155411
-3747.43 155404 -3873.22 155431
-3871 155342 -3871 155342
-3859.87 155315 -3958.94 155177
-4232.79 155148 -4304.03 154295
-4329.63 154275 -4827.23 154286
-4836.14 151697 -4877.33 151541
-5000.89 151557 -5000.89 151557
-5006.46 151579 -5038.74 151668
-5012.02 151668 -5012.02 151668
-5005.34 151664 -5005.34 151664
-5019.81 151646 -5019.81 151646
-5012.02 151626 -5012.02 151626
-5012.02 151619 -5012.02 151619
-5019.81 151646 -5019.81 151646
-5017.59 151635 -5097.74 152432
-5078.81 152247 -5359.34 155144
-5301.45 154551 -5504.05 156646
-5474 156339 -5034.29 151759
-4654.69 148881 -4017.94 144517
-4065.81 144205 -4062.47 144321
-4029.07 144194 -4029.07 144194
-4029.07 144168 -3695.11 142731
-3609.4 142108 -3719.6 142329
-3817.56 142999 -3901.05 144121
-3842.05 143934 -3589.36 142798
-3637.23 142785 -3730.73 142954
-3745.21 143255 -3709.58 143382
-3689.55 143252 -3442.42 141975
-3478.04 141919 -3530.36 141774
-3180.82 140325 -3062.82 139679
-3097.33 139379 -2648.71 137341
-3024.97 128783 -2996.03 125960
-2882.48 123807 -2279.13 116614
-2212.34 115959 -864.258 104371
-5027.61 151697 -5027.61 151697
-5025.38 151690 -5025.38 151690
-5025.38 151670 -5025.38 151670
-5022.04 151648 -5022.04 151648
-5023.15 151648 -5023.15 151648
-5022.04 151637 -5022.04 151637
-5000.89 151626 -5000.89 151626
-5025.38 151624 -5025.38 151624
-5023.15 151626 -5023.15 151626
-5022.04 151624 -5022.04 151624
-5022.04 151626 -5022.04 151626
-5019.81 151626 -5019.81 151626
-5014.25 151641 -5014.25 151641
-5017.59 151641 -5017.59 151641
-5019.81 151641 -5019.81 151641
-5027.61 151637 -5027.61 151637
-5030.95 151637 -5030.95 151637
-5028.72 151637 -5028.72 151637
-5027.61 151637 -5027.61 151637
-5033.17 151637 -5033.17 151637
-5033.17 151641 -5033.17 151641
-5030.95 151641 -5030.95 151641
-5028.72 151641 -5028.72 151641
-5027.61 151641 -5027.61 151641
-5028.72 151641 -5028.72 151641
-5027.61 151641 -5027.61 151641
-5028.72 151641 -5028.72 151641
-5028.72 151646 -5028.72 151646
-5030.95 151646 -5030.95 151646
-5027.61 151646 -5027.61 151646
-5025.38 151646 -5025.38 151646
-5023.15 151646 -5023.15 151646
-5019.81 151635 -5019.81 151635
-5022.04 151619 -5033.17 151690
-4988.64 151557 -5051.59 151647
-5005.34 151559 -5005.34 151559
-4995.32 151552 -4995.32 151552
-4960.82 151548 -4960.82 151548
-4953.02 151535 -4843.93 151497
-4863.97 150450 -4916.29 147474
-4888.46 147471 -4888.46 147471
-4882.89 147445 -4878.44 147089
-4641.33 147095 -2717.73 146988
-2718.84 146443 -2869.12 135939
-2834.61 135934 -2183.39 135923
-2807.9 141723 -2807.9 141723
-2813.46 141745 -2624.22 153378
-2845.74 153411 -2845.74 153411
-2854.65 153396 -2854.65 153396
-2860.22 153362 -2873.57 152692
-2615.31 152688 -2615.31 152688
-2604.18 152721 -2539.62 153416
-2518.47 153438 -2518.47 153438
-2485.07 153445 -1995.26 153445
-2005.28 153405 -1613.44 153423
-1580.04 153574 -1611.21 154273
-1788.21 154295 -1788.21 154295
-1783.76 154306 -1783.76 154306
-1755.93 154302 -1574.48 154391
-1490.99 154529 -1307.31 154687
-1299.52 154758 -1285.05 155008
-1572.25 155021 -2175.6 155108
-2178.94 155144 -2175.6 155622
-2481.73 155676 -2481.73 155676
-2495.09 155642 -2496.2 155442
-2576.35 155382 -2495.09 155197
-2517.35 154429 -2517.35 154429
-2490.64 154413 -1288.39 154347
-1257.22 154387 -1324.01 154558
-1359.63 154551 -1535.51 154240
-1793.78 146939 -1744.79 145526
-1704.72 145479 -1285.05 145392
-329.924 145396 -329.924 145396
-327.698 145423 -324.358 145624
-498.017 145396 -383.358 145612
-319.905 145546 -305.434 145390
0.694696 145381 0.694696 145381
11.8266 145403 -1.53169 146376
-49.3991 146372 -49.3991 146372
-58.3046 146369 -58.3046 146369
-69.4366 146369 -680.581 146358
-765.183 146104 -711.75 146392
-1023.44 146414 -1023.44 146414
-1031.24 146414 -1031.24 146414
-1054.61 146398 -1159.25 146392
-1164.82 146454 -1182.63 147015
-1682.46 147011 -1682.46 147011
-1694.7 146999 -1771.51 146944
-1855 146971 -1927.36 147044
-2645.37 147060 -2724.41 147160
-2726.63 147534 -2726.63 147534
-2735.54 147534 -2735.54 147534
-2754.46 147529 -3008.27 147467
-3185.27 147500 -3185.27 147500
-3196.4 147507 -3196.4 147507
-3224.23 147512 -3678.41 147505
-3691.77 147106 -3761.9 147028
-4515.54 147062 -4515.54 147062
-4516.65 147051 -4516.65 147051
-4543.37 147062 -4543.37 147062
-4582.33 147071 -5990.52 147071
-7771.63 147162 -7771.63 147162
-7795.01 147151 -7919.69 145058
-7955.31 145051 -8351.61 145074
-8539.74 145245 -8646.6 145247
-8656.62 145014 -8936.03 139390
-8958.3 139452 -9413.59 139390
-9409.14 138722 -9435.86 137455
-9656.27 137455 -10767.2 137497
-10791.7 137544 -10838.5 137842
-10680.4 137853 -10680.4 137853
-10660.4 137867 -10756.1 141318
-10621.4 141707 -10483.4 144495
-10593.6 145270 -10611.4 145668
-10660.4 145581 -10627 145552
-10201.7 145530 -10188.4 145568
-10188.4 145624 -10143.9 146071
-9858.87 146009 -9858.87 146009
-9848.85 146015 -9848.85 146015
-9853.31 146004 -9853.31 146004
-9832.16 145986 -9587.25 145953
-9578.35 145909 -9611.74 145501
-9645.14 145492 -10359.8 145470
-10396.5 145423 -10500.1 145196
-10465.6 145018 -10157.2 145011
-10151.6 145069 -10207.3 145523
-10338.7 145503 -10619.2 145414
-10461.1 147329 -8665.53 147273
-8256.99 147240 -7849.56 147215
-7841.76 147256 -7819.5 149493
-8092.23 149493 -8092.23 149493
-8101.14 149477 -8101.14 149477
-8112.27 149460 -8150.12 149148
-9435.86 149208 -10830.7 149288
-10825.1 149486 -10825.1 149486
-10814 149500 -10728.3 150455
-10699.3 150439 -10452.2 150468
-10416.6 151408 -10327.5 151446
-10305.3 152116 -10298.6 152594
-10298.6 152516 -10143.9 152603
-10126 152570 -10053.7 151782
-9949.04 151857 -9949.04 151857
-9936.8 151837 -9897.83 151434
-9750.89 151437 -9734.19 151397
-9413.59 151348 -9413.59 151348
-9403.58 151341 -9403.58 151341
-9403.58 151314 -9392.44 150800
-9353.48 150758 -9047.35 150811
-9049.58 150769 -9062.94 150684
-9055.15 151323 -9055.15 151323
-9075.18 151341 -9609.52 151357
-9127.5 146806 -9119.71 145474
-10912 145486 -11031.1 144740
-11153.5 144617 -11301.6 143460
-11353.9 143388 -11763.5 140859
-11890.5 140672 -11890.5 140672
-11912.7 140654 -11912.7 140654
-11936.1 140654 -12230 140628
-12208.8 140427 -12208.8 140427
-12208.8 140425 -12208.8 140425
-12205.5 140403 -12162.8 140384
-12216.6 140427 -12230 140636
-12030.7 140636 -11918.3 140639
-11779.1 140859 -11573.2 141641
-11396.2 142847 -11396.2 142847
-11395.1 142863 -11142.4 144657
-11017.7 144806 -10856.3 145637
-9144.2 145486 -8637.7 145512
-8635.47 145568 -8600.96 147207
-8551.98 147238 -6047.29 147093
-5590.88 147082 -5590.88 147082
-5585.32 147089 -4621.29 147122
-4619.06 147173 -4561.18 148451
-4415.35 148453 -4415.35 148453
-4407.56 148484 -4354.12 150346
-3759.68 150377 -3759.68 150377
-3750.77 150372 -3622.75 150413
-3633.89 150907 -3567.09 151074
-3305.49 151052 -3305.49 151052
-3297.7 151029 -3292.14 150669
-3344.46 150722 -3318.85 151052
-3614.96 150829 -3586.02 151147
-3995.68 151136 -4335.2 151078
-4793.84 151100 -4793.84 151100
-4797.18 151089 -4863.97 151136
-4855.06 151508 -4855.06 151508
-4860.63 151537 -5006.46 151564
-5016.47 151657 -5016.47 151657
-5030.95 151664 -5067.68 151675
-5038.74 151659 -5038.74 151659
-5027.61 151657 -5027.61 151657
-5019.81 151630 -5019.81 151630
-5019.81 151641 -5044.3 151831
-5017.59 151659 -5017.59 151659
-5005.34 151648 -5005.34 151648
-5008.68 151646 -5008.68 151646
-5000.89 151648 -5000.89 151648
-4997.55 151646 -4997.55 151646
-5023.15 151664 -5023.15 151664
-5016.47 151637 -5000.89 151541
-4950.8 151552 -4841.7 151503
-4849.5 151190 -4849.5 151190
-4850.61 151167 -4836.14 150428
-4585.67 150424 -4365.26 150357
-4360.8 150321 -4426.48 148424
-4574.54 148409 -4722.59 140705
-5317.04 140425 -5357.11 139274
-5367.13 139519 -5281.42 140476
-5027.61 140654 -4728.16 140726
-4715.91 140877 -4691.42 141373
-4371.93 141356 -2066.51 141289
-1685.8 141218 -1716.97 142959
-1596.74 143448 -1596.74 143448
-1566.68 143471 -826.409 143898
-647.185 144121 -647.185 144121
-636.053 144139 -636.053 144139
-613.789 144145 -349.962 144179
-338.83 144450 -628.26 144706
-630.487 145145 -630.487 145145
-622.694 145163 -663.883 145334
-1170.39 145352 -1738.12 145368
-1843.87 145307 -1986.36 145363
-2679.88 145392 -2679.88 145392
-2684.33 145392 -2684.33 145392
-2702.14 145396 -2702.14 145396
-2721.07 145401 -2721.07 145401
-2734.43 145425 -2709.93 148280
-2954.84 148280 -3364.49 148269
-3368.95 148151 -3368.95 148151
-3375.63 148142 -3375.63 148142
-3405.68 148142 -3665.06 148142
-3675.07 148184 -3630.55 149126
-2726.63 149115 -2726.63 149115
-2724.41 149115 -1808.25 149175
-1794.89 149226 -1533.29 154429
-1455.36 154536 -754.051 154948
-715.09 155088 -580.393 158269
-626.034 158265 -636.053 157980
-598.204 157971 1210.74 158038
1158.42 161560 927.986 162034
974.74 162101 1722.81 163203
1664.92 163764 1664.92 163764
1639.32 163771 974.74 163920
787.723 163802 162.108 163820
334.653 164543 334.653 164543
360.257 164572 360.257 164572
379.181 164604 431.501 165739
605.16 166463 605.16 166463
607.386 166474 607.386 166474
615.178 166485 615.178 166485
626.31 166480 415.916 165441
375.841 164929 375.841 164929
360.257 164944 -157.379 164962
-164.058 164784 -164.058 164784
-185.209 164773 -1260.56 164715
-1285.05 163764 -1316.21 163619
-1941.83 163693 -4012.37 164065
-4025.73 164132 -3940.02 166075
-3886.58 166069 -3776.38 166124
-3776.38 166447 -3776.38 166447
-3781.94 166458 -3825.36 166558
-3940.02 166552 -3940.02 166552
-3943.35 166529 -3992.34 164125
-3229.8 164071 -3118.48 164009
-3124.04 163909 -3253.17 158149
-2114.38 158053 -2156.68 156891
-2275.79 156577 -2275.79 156577
-2250.19 156562 -2030.89 156546
-2318.09 156540 -2442.77 155950
599.594 155965 599.594 155965
607.386 155945 607.386 155945
618.518 155938 618.518 155938
626.31 155909 635.216 154743
17.3926 154707 6.26067 154654
-246.435 154676 -246.435 154676
-253.114 154643 -294.302 154262
-592.638 154342 -592.638 154342
-600.431 154376 -550.052 155601
-503.583 155642 -542.544 155894
-567.035 155927 2503.16 155983
2505.38 155965 2505.38 155965
2513.18 155927 2533.21 155431
2863.83 155471 2863.83 155471
2869.4 155475 2869.4 155475
2861.61 155486 2836 155976
2169.2 155972 2169.2 155972
2162.52 155972 2162.52 155972
2140.26 155972 1288.66 155927
1271.96 155865 1047.1 153171
-700.618 153708 -700.618 153708
-719.542 153679 -731.788 152882
-903.22 152988 -903.22 152988
-903.22 153000 -945.521 153140
-1037.92 153144 -1037.92 153144
-1047.93 153155 -1047.93 153155
-1043.48 153171 -1043.48 153171
-1062.41 153178 -1262.78 153184
-1460.93 153071 -1594.51 153162
-1544.42 153211 -1518.82 152666
-1715.85 149221 -1693.59 149052
-1749.25 149010 -1749.25 149010
-1782.64 149030 -1905.09 149137
-1994.15 149126 -1994.15 149126
-2011.96 149110 -2011.96 149110
-2036.45 149103 -2036.45 149103
-2049.81 149074 -2064.28 148413
-2117.72 148424 -2117.72 148424
-2128.85 148424 -2512.9 148375
-2507.33 148429 -2507.33 148429
-2501.77 148451 -2373.75 148402
-2368.18 148353 -2355.94 147995
-2033.11 148061 -1991.92 148413
-1804.91 148424 -1738.12 149526
-1806.02 149199 -1813.81 149264
-1778.19 149275 -1721.42 149266
-1688.02 149130 -1622.34 149086
-1086.9 149164 -1086.9 149164
-1075.76 149186 -1037.92 149493
-725.108 149560 -700.618 150043
-672.788 150023 -491.337 149961
-485.771 150010 -461.281 150600
-413.414 150600 -413.414 150600
-407.848 150595 -407.848 150595
-414.527 150600 -407.848 151557
-369.999 151564 4.03428 151546
8.48706 151593 42.9961 152637
76.3919 152639 153.202 152699
158.768 153200 153.202 153240
50.7885 153527 -46.0595 153467
-10.4373 153211 145.41 153300
242.258 153238 114.241 152977
142.07 152695 3064.21 152699
3076.45 152721 3076.45 152721
3080.91 152688 3125.43 151069
3154.38 151067 5959.63 151007
6338.11 150962 6338.11 150962
6370.4 150945 6370.4 150945
6371.51 150925 6371.51 150925
6357.04 150918 5084.66 151000
4796.34 151052 3109.85 151052
3093.15 151107 3028.58 152661
2680.15 152621 1900.92 152581
1256.38 152732 1205.17 154752
891.251 154741 615.178 154747
596.254 154796 6.26067 154692
-10.4373 154665 -259.236 154646
-7.09767 154685 -7.09767 154685
11.8266 154714 159.882 154747
1030.4 154663 1249.7 154687
1249.7 154736 1230.78 155861
1310.93 153100 1362.13 152699
2769.21 152521 2874.96 152338
8802.73 152427 8802.73 152427
8808.29 152416 8808.29 152376
8800.5 152332 8798.27 152405
8561.16 152410 8444.28 150673
8605.69 150657 8605.69 150657
8613.48 150655 11169.4 150945
11555.7 150934 11555.7 150934
11561.2 150922 11561.2 150922
11561.2 150911 11553.4 149920
11570.1 149912 12078.9 149949
12075.5 149978 12075.5 149978
12071.1 149987 12009.8 149943
12087.8 149927 12087.8 149927
12087.8 149912 12087.8 149912
12064.4 149905 11550.1 149943
11550.1 150128 11525.6 150911
11429.9 150913 8508.84 150640
7700.66 150762 4516.93 151063
4479.08 151112 3164.39 151003
2034.5 150740 1288.66 150156
1295.34 149415 1236.34 142769
1122.8 142513 -1496.55 139111
-5459.53 139169 -5459.53 139169
-5492.92 139185 -9420.27 139347
-9420.27 139303 -9444.76 137453
-9780.95 137437 -9780.95 137437
-9782.06 137408 -9817.68 136335
-9441.42 136302 -9441.42 136302
-9439.2 136302 -8662.19 136291
-8613.21 136391 -8551.98 136569
-8211.34 136598 -8069.97 136662
-7797.24 136642 -7797.24 136642
-7780.54 136676 -7655.86 137326
-7895.2 135295 -7786.1 135093
-7649.18 135039 -4605.71 134903
-4619.06 134955 -4744.86 135059
-4750.42 134828 -4704.78 133403
-4518.88 133378 -4749.31 133445
-4754.87 133490 -4817.21 137744
-5362.68 137764 -5362.68 137764
-5373.81 137764 -5373.81 137764
-5403.87 137782 -5403.87 137782
-5415 137816 -5396.07 139200
-6357.87 139252 -6357.87 139252
-6383.48 139234 -6396.84 139196
-6383.48 139158 -6383.48 139158
-6350.08 139147 -6213.16 139178
-6205.37 139247 -6136.35 143589
-9040.67 143842 -10507.9 144806
-10555.7 144922 -10569.1 147284
-11033.3 147300 -11832.6 147345
-11830.3 148476 -61357.5 225693
-11762.4 149304 -11762.4 149304
-11745.7 149331 -11745.7 149331
-11712.3 149344 -11537.6 149397
-11535.3 150410 -11535.3 150410
-11513.1 150424 -11513.1 150424
-11496.4 150421 -11496.4 150421
-11489.7 150417 -10460 150455
-10454.4 150555 -10483.4 152588
-10454.4 152632 -10443.3 154629
-10532.4 154799 -11209.2 155021
-11284.9 155166 -11660 170149
-11628.9 170214 -11473 170250
-11361.7 170098 -11207 169905
-11067.8 169880 -5584.2 159149
-5696.64 158806 -5696.64 158806
-5696.64 158799 -5702.2 158744
1234.11 158733 -5734.49 158209
-5751.18 157553 -5751.18 157553
-5767.88 157537 -7274.03 157557
-7282.94 157501 -7343.05 156869
-8396.13 156851 -8396.13 156851
-8403.93 156840 -8403.93 156840
-8412.83 156813 -8456.25 154580
-8481.85 154563 -10068.2 154607
-10205.1 154465 -10394.3 153908
-10418.8 152592 -10372.1 152470
-10382.1 151593 -10359.8 151437
-10187.3 151426 -10064.8 151448
-10068.2 151548 -10068.2 151548
-10071.5 151552 -10015.8 151590
-10065.9 151815 -10065.9 151815
-10098.2 151824 -10298.6 151860
-10309.7 151898 -10293 152603
-10244 152481 -10121.6 152565
-10068.2 151826 -10068.2 151826
-10037 151813 -9931.23 151797
-9929 151737 -9906.74 151403
-9681.87 151392 -9681.87 151392
-9675.2 151392 -9675.2 151392
-9648.48 151370 -9531.59 150867
-9513.78 150466 -9513.78 150466
-9514.9 150457 -9489.29 149237
-9252.18 148213 -9153.11 147362
-9094.11 145548 -9121.94 145474
-9583.91 145457 -9583.91 145457
-9589.48 145419 -9658.5 144673
-9589.48 145486 -9589.48 145486
-9570.56 145492 -8629.91 145519
-8626.57 145590 -8574.25 147244
-8545.3 147256 -8172.38 147249
-8151.23 147296 -8088.89 149515
-7639.16 149486 -6615.02 149555
-6597.21 149522 -6524.85 149397
-6096.27 149348 -5312.58 149342
-5286.98 150339 -5216.85 151675
-5144.49 151675 -5144.49 151675
-5134.47 151664 -5134.47 151664
-5117.78 151668 -5117.78 151668
-5086.61 151670 -5086.61 151670
-5073.25 151675 -5016.47 151637
-5010.91 151570 -5010.91 151570
-5000.89 151557 -5000.89 151557
-4971.95 151548 -4839.48 151523
-4847.27 151158 -4833.91 150435
-4394.2 150395 -4394.2 150395
-4398.65 150410 -4398.65 150410
-4371.93 150410 -4371.93 150410
-4340.77 150410 -3652.81 150462
-3603.83 150778 -3603.83 150778
-3578.23 150773 -3375.63 150773
-3316.63 151058 -3658.38 150922
-3648.36 149181 -3624.98 149148
-3341.12 149126 -3341.12 149126
-3333.32 149121 -2695.46 149115
-2033.11 149215 -2065.26 150159
-2028.66 150132 -2095.45 149700
-2501.77 149604 -2665.41 149593
-2679.88 149186 -2656.5 148395
-2601.95 148387 -2601.95 148387
-2565.22 148380 -2378.2 148340
-2375.98 148284 -2353.71 148035
-2309.18 147979 -2400.47 147874
-2398.24 147244 -2049.81 146888
-2027.55 147912 -2028.66 147957
-2036.45 147841 -2036.45 147841
-2038.68 147841 -2038.68 147841
-2028.66 147846 -2028.66 147846
-2021.98 147839 -2066.51 149010
-2125.51 149043 -5203.49 149141
-5318.15 149282 -6556.02 149397
-6617.25 149520 -6617.25 149520
-6631.72 149542 -8117.84 149477
-8120.06 149426 -8153.46 149170
-8186.85 149164 -10391 149188
-10519 146093 -10487.8 145608
-10416.6 145468 -10446.6 145347
-10537.9 145356 -10730.5 145508
-14637.8 145713 -15236.7 145325
-15342.5 145196 -15554 144884
-15641.9 142536 -15641.9 142536
-15647.5 142540 -15647.5 142540
-15648.6 142509 -15758.8 141151
-15814.5 141300 -15814.5 141300
-15803.3 141333 -15700.9 142551
-16309.8 142636 -16309.8 142636
-16313.2 142598 -16313.2 142598
-16321 142607 -16321 142607
-16315.4 142618 -16315.4 142618
-16293.1 142609 -16293.1 142609
-16282 142607 -16282 142607
-16272 142602 -16272 142602
-16270.9 142565 -16337.7 141104
-15867.9 140705 -15784.4 140536
-15948 138891 -16505.8 138112
-16569.2 137845 -16825.2 134238
-17194.8 133452 -17266.3 133070
-17209.3 133652 -17209.3 133652
-17223.8 133659 -17534.4 133601
-17434.2 133603 -17189.3 133692
-16803 134405 -16636 137878
-16769.6 137882 -17125.8 138005
-17106.9 138991 -17095.8 139318
-17326.2 139367 -17326.2 139367
-17328.4 139385 -17143.5 140418
-17157 140242 -17157 140242
-17164.8 140265 -17320.6 139392
-17300.6 139363 -17053.5 139274
-17101.3 137965 -17101.3 137965
-17073.5 137949 -16499.1 137876
-16210.8 137671 -14807 137560
-15035.2 137586 -15433.8 137644
-14797 137600 -12992.5 137499
-12973.6 137537 -12892.3 139485
-12862.3 139492 -10858.5 139503
-11311.6 155244 -11356.1 157174
-11367.3 157156 -11367.3 157156
-11370.6 157136 -11331.6 156851
-10689.3 156874 -9672.97 156951
-9658.5 157401 -9611.74 159040
-9620.65 158788 -9658.5 156907
-9693.01 156902 -10038.1 157074
-11125.7 156807 -11125.7 156807
-11140.2 156773 -11164.7 156395
-11273.7 156357 -11294.9 154787
-11212.5 154770 -11194.7 154807
-11229.2 154988 -13455.6 155081
-13493.5 154157 -13493.5 154157
-13485.7 154146 -13485.7 154146
-13454.5 154124 -13454.5 154124
-13427.8 154124 -13427.8 154124
-13426.7 154146 -13426.7 154146
-13426.7 154162 -13426.7 154162
-13432.2 154142 -13493.5 154097
-13487.9 152895 -13487.9 152895
-13476.8 152877 -12960.2 152821
-13001.4 152781 -13499 152755
-13500.1 152683 -13530.2 152058
-15296.8 151913 -15687.6 151693
-15135.4 151980 -13051.5 152087
-12921.3 152069 -12854.5 152071
-12798.8 152383 -13149.5 151325
-12879 152436 -12314.6 152788
-12274.5 152922 -11854.8 152948
-11860.4 152993 -11976.6 153767
-11852.6 152993 -11680.1 151568
-11717.9 150444 -11717.9 150444
-11741.3 150457 -11741.3 150457
-11741.3 150473 -11724.6 151960
-11843.7 152833 -11880.4 152855
-12487.1 152804 -12487.1 152804
-12491.6 152799 -12751 152870
-12778.8 152904 -12806.6 153196
-12890.1 153200 -12890.1 153200
-12893.4 153218 -12893.4 153218
-12895.7 153238 -12786.6 153779
-12853.4 153834 -12943.5 153906
-12956.9 153897 -12956.9 153897
-12964.7 153897 -13448.9 153919
-13455.6 154113 -13455.6 154113
-13472.3 154095 -13472.3 154095
-13487.9 154091 -13510.2 154440
-13532.4 154440 -13658.2 154447
-13652.6 154502 -13652.6 154502
-13652.6 154496 -13660.4 154937
-13663.8 154725 -13652.6 154451
-13611.5 154429 -13500.1 154451
-13450 155222 -13450 155222
-13421.1 155222 -11424 155021
-11385.1 155059 -11337.2 155197
-11242.6 161320 -11025.5 161542
-10082.6 161544 -10416.6 151581
-10519 144962 -10461.1 144673
-10511.2 142970 -10511.2 142970
-10487.8 142952 -10166.1 142936
-10138.3 142999 -9155.33 142854
-9140.86 142809 -9116.37 142340
-9114.15 142458 -9114.15 142458
-9125.28 142487 -9125.28 142487
-9105.24 142462 -9105.24 142462
-9079.64 142453 -9079.64 142453
-9049.58 142442 -9049.58 142442
-9016.18 142451 -9016.18 142451
-9007.28 142451 -9040.67 142518
-9055.15 142520 -9055.15 142520
-9064.05 142513 -9110.81 142453
-9103.01 142636 -9146.43 142654
-9136.41 142769 -9864.44 142832
-9873.34 142798 -9859.99 142028
-10226.2 145000 -10226.2 145000
-10215.1 144985 -10155 144924
-10159.4 144640 -10159.4 144640
-10132.7 144613 -9530.48 144299
-9090.77 143949 -8815.81 143789
-8704.49 143789 -8628.17 146762
-8598.74 146728 -8664.09 145630
-8641.04 145323 -8641.04 145323
-8646.6 145323 -8646.6 145323
-8646.6 145347 -8665.53 145486
-8993.92 145479 -8993.92 145479
-9001.71 145497 -9001.71 145497
-9013.96 145501 -9013.96 145501
-9036.22 145481 -9036.22 145481
-9060.71 145468 -9589.48 145512
-9597.27 145537 -9625.1 146361
-10101.5 146394 -10101.5 146394
-10112.7 146403 -10138.1 146384
-10157.2 146470 -10176.1 147282
-10427.7 147260 -10427.7 147260
-10461.1 147256 -10461.1 147256
-10476.7 147251 -10476.7 147251
-10482.3 147238 -10465.6 146080
-10179.5 146064 -10165 146104
-10149.4 146098 -10149.4 146098
-10148.3 146113 -10148.3 146113
-10151.6 146149 -10143.9 146298
-10112.7 146160 -10187.3 147282
-10426.6 147282 -10426.6 147282
-10433.3 147273 -13755.1 147293
-13933.2 147345 -14506.5 147289
-14517.6 147329 -14470.8 147830
-14451.9 147812 -14350.6 147752
-14367.3 147863 -14439.7 147752
-14365.1 147634 -14365.1 147634
-14361.7 147634 -14387.3 147768
-14478.6 147790 -14478.6 147790
-14490.9 147808 -14489.8 148124
-17474.2 151597 -14507.6 152031
-13617 152058 -12856.7 152082
-12810 152249 -12810 152249
-12797.7 152243 -12742 151403
-11734.6 151345 -10844.1 151426
-10438.8 151363 -10438.8 151363
-10422.1 151334 -10669.3 195254
-9678.54 151336 -9678.54 151336
-9659.61 151312 -9697.46 151363
-9606.18 151359 -9441.42 150889
-9320.09 150907 -9320.09 150907
-9308.95 150945 -9183.16 151541
-9286.69 152325 -9286.69 152325
-9275.56 152332 -9275.56 152332
-9274.45 152354 -9274.45 152354
-9269.99 152347 -9269.99 151898
-9214.33 151886 -8799.11 151958
-8802.45 152325 -8676.66 152280
-8685.57 152314 -8685.57 152314
-8673.32 152283 -8673.32 152283
-8662.19 152314 -8628.79 152577
-8520.81 152539 -8501.89 153612
-8495.21 153474 -8498.55 153389
-8329.34 153374 -8255.87 153285
-7830.63 153233 -7830.63 153233
-7819.5 153233 -7819.5 153233
-7802.8 153218 -7802.8 153218
-7793.9 153204 -7793.9 153204
-7777.2 153196 -7654.75 153229
-7663.65 153529 -7630.26 153601
-7385.35 153585 -7385.35 153585
-7374.22 153616 -7335.26 154565
-6569.38 154473 -6517.06 154424
-6517.06 152984 -6517.06 152984
-6519.29 152971 -6514.84 152492
