-4835.02 152866 -4768.23 151118
-4772.69 151633 -5743.39 152799
-8243.63 152891 -10996.6 152902
-15204.4 152817 -15567.3 150192
-15572.9 145904 -15611.9 146374
-16349.9 146160 -16650.5 146211
-16256.4 146171 -15591.8 149518
-15594.1 151786 -15724.3 152599
-15570.7 155206 -15100.9 157535
-14966.2 157797 -15040.8 157630
-15399.2 157314 -15451.6 157720
-15284.6 156998 -15533.9 156820
-15569.6 150962 -15572.9 144517
-15745.4 141298 -13201.8 139519
-12472.7 137729 -12463.7 138147
-12693.1 139381 -12884.5 140280
-13930.9 141823 -14791.4 141912
-14172.5 140990 -14079 139590
-10955.4 139430 -9956.83 139439
-7687.03 138383 -609.336 127893
4687.25 130678 11798.3 125722
15274.8 121120 15263.7 114672
15557.6 114632 15470.8 120606
12097.8 125506 6722.17 130335
3978.14 137139 1180.68 142177
-3009.38 138996 -3009.38 138996
-3026.08 138998 -6045.07 139229
-7476.64 140523 -8385 138644
-8505.23 139087 -8868.13 139263
-8911.54 139612 -8794.66 142489
-10110.5 143651 -9925.66 144034
-10050.3 144486 -11536.5 145771
-11663.4 145256 -11668.9 145194
-11959.5 145895 -12265.6 145980
-10940.9 145601 -10431.1 144842
-8017.65 143411 -7851.78 140501
-7809.48 136201 -5248.02 134890
-5046.53 132096 -5046.53 132096
-5046.53 132103 -5046.53 132103
-5048.76 132105 -5048.76 132105
-5044.3 132107 -5044.3 132107
-5042.08 132118 -4968.61 132519
-5289.21 132650 -5492.92 134777
-6951.21 137041 -10986.5 139412
-12225.5 139412 -12684.2 139423
-12919 141678 -14006.6 141830
-14808.1 142711 -14559.9 143749
-13948.8 144533 -13831.9 149268
-12866.7 149522 -9921.21 152928
-9636.23 152924 -8270.34 152953
-7150.47 153558 -6514.84 154291
-6652.87 154440 -7309.66 154500
-8462.93 157635 -9108.58 158220
-9228.8 157944 -9228.8 157944
-9231.03 157947 -9364.61 157524
-8420.62 156139 -8437.32 155671
-8437.32 156802 -6986.83 159343
-7124.87 160977 -2587.48 162337
-2852.42 162155 -3276.55 157971
-3785.28 155193 -4239.46 155613
-13761.7 152893 -4426.48 157020
-6094.05 157553 -7367.54 156853
-8264.78 156878 -13644.8 156693
-14343.9 156756 -14354 156346
-13752.8 158343 -13752.8 159603
-13579.2 160621 -14292.7 161593
-16650.5 161930 -21195.6 161825
-26644.7 167988 -26586.9 172944
-29864.1 180337 -34321.3 188357
-35169.6 190470 -36999.7 192825
-41846.5 195421 -43547.5 196013
-48805.1 198182 -51028.2 199513
-51932.1 202419 -52198.1 212947
-50801.1 214417 -50343.5 214221
-50328 214444 -52356.2 215310
-54082.8 217629 -54067.2 217917
-54017.1 215189 -51855.3 214472
-51384.4 214406 -50306.8 214343
-50305.7 214219 -50305.7 214219
-50341.3 214219 -50341.3 214219
-50352.5 214183 -50477.1 214428
-52347.3 210919 -51957.7 202842
-51692.7 200807 -51607 200571
-48784 198351 -48784 198351
-48795.1 198347 -48558 198035
-48358.7 197895 -41669.5 195399
-36863.9 192663 -34352.5 189517
-32336.5 186202 -28798.8 178659
-26984.3 173451 -26898.5 173168
-26000.2 166750 -24045.4 166625
-23984.2 166772 -24033.2 166636
-21650.9 162306 -18981.5 160859
-18961.5 160894 -18254.6 165207
-17361.8 165309 -15638.6 161809
-13247.4 161609 -13049.3 159977
-13933.2 159806 -14726.9 159790
-15378.1 158523 -14965.1 159545
-14799.2 157878 -14822.6 157724
-14375.1 157357 -14725.8 158022
-15074.2 159536 -15385.9 159554
-15481.6 157613 -16413.4 157118
-16407.8 156865 -15731 155827
-16405.6 156778 -16827.5 156477
-17151.4 155204 -16479 155070
-16021.5 152886 -15790 153115
-15594.1 154046 -15586.3 157219
-15935.8 158548 -15568.4 157993
-14565.5 156762 -14844.9 157265
-15306.8 157639 -15536.2 155972
-15531.7 153908 -16079.4 155112
-16469 153211 -17265 156629
-16845.3 157061 -16845.3 157061
-16848.6 157058 -16848.6 157058
-16847.5 157061 -16847.5 157061
-16852 157056 -16801.9 156865
-15998.1 156751 -16106.1 156731
-16039.3 155213 -16279.8 155097
-17247.1 153603 -18036.4 152643
-18252.4 151630 -17280.5 151613
-17487.6 150620 -16800.8 149190
-15889 149188 -15592.9 151198
-15572.9 153797 -15567.3 156867
-15900.2 158690 -15506.1 160598
-15552.9 160429 -19274.3 159162
-20564.5 150542 -21943.7 150660
-23386.4 152833 -24543 155295
-24536.3 155377 -24055.4 158094
-23857.3 156829 -21848 155974
-20951.9 156829 -20682.5 156101
-20694.7 156825 -19569.3 156669
-19548.1 144688 -19541.4 144568
-16416.7 141137 -15919.1 138742
-15926.9 139574 -15721 142687
-17598.9 149649 -17598.9 149649
-17603.4 149644 -17191.5 149164
-16309.8 146478 -16309.8 146478
-16323.2 146514 -17702.4 146893
-17208.2 147247 -15609.6 149357
-15605.2 152107 -15605.2 152107
-15605.2 152116 -16856.4 149132
-19503.6 147071 -19557 140884
-20285.1 144018 -24390.5 142266
-26807.3 144633 -27815.8 144216
-28069.6 147605 -27871.5 147768
-25042.9 149030 -20823.8 149054
-18945.9 144132 -4735.95 141378
-4050.22 141364 -3213.1 141307
-4717.03 141999 -4924.08 143045
-7360.86 143072 -7701.5 138150
-8923.79 130780 -8410.61 128759
-8912.66 131905 -10884.1 129959
-11460.8 127870 -11881.5 129725
-9495.97 131965 -9495.97 131965
-9459.24 131965 -3430.17 154226
-9649.59 156887 -16472.4 152396
-17263.8 152027 -17270.5 154442
-25549.4 159986 -25383.5 159950
-24439.5 161489 -23668.1 164688
-24185.7 166100 -23643.6 165033
-23607.9 161994 -23386.4 159795
-23300.7 159801 -21930.4 159545
-21932.6 158196 -21183.4 155177
-12181 155086 -12019.6 154400
-11693.4 151577 -11721.2 152033
-11912.7 151902 -12080.8 152721
-12758.7 152813 -12648.5 153868
-12001.8 154943 -11959.5 155934
-12029.6 156212 -11124.6 156853
-9634.01 157452 -9642.91 158508
-9369.07 158241 -9294.48 158223
-9629.55 158815 -10128.3 158926
-10190.6 157659 -10181.7 157143
-10564.6 156840 -12533.9 156749
-12873.4 155491 -12867.8 156159
-13297.5 156617 -12515 155117
-10894.1 153342 -11377.3 153340
-12571.7 155066 -13328.7 156097
-13582.5 156724 -13779.5 156733
-14021.1 157960 -14123.5 157949
-14348.4 156413 -13492.3 154075
-13288.6 152875 -13076 152508
-15580.7 152770 -15550.6 157737
-15350.3 160676 -14684.6 160442
-14738 159033 -15415.9 157969
-15172.2 157005 -14516.5 156686
-14437.4 156502 -14561 157032
-15186.6 157539 -15507.2 157268
-15592.9 153739 -16200.7 155126
-17955.1 155259 -18954.8 156019
-17655.7 155242 -17164.8 156453
-16237.5 156762 -15930.2 158194
-16800.8 158323 -16049.3 158396
-13861.9 156718 -12216.6 156793
-11314.9 158232 -11526.4 157470
-11997.3 155175 -13491.2 154378
-13501.2 154157 -11565.4 152937
-12000.7 154013 -12019.6 154289
-13775.1 154567 -15315.8 155115
-15556.2 154371 -15545.1 149339
-16175.1 148260 -16175.1 148260
-16174 148262 -16174 148262
-16178.5 148266 -16178.5 148266
-16171.8 148262 -15610.8 148890
-15764.4 149747 -15959.2 149978
-15975.9 149863 -15594.1 150900
-15594.1 151054 -15551.8 149849
-13584.7 149304 -11960.6 149348
-10767.2 149253 -10701.6 149250
-10368.7 150121 -10444.4 152231
-8977.22 152915 -7277.37 152922
-5063.23 152790 -2605.29 152668
-1527.72 154485 -1916.23 155035
-2876.91 155115 -2876.91 155115
-2911.42 155112 -3357.81 157679
-3316.63 157824 -4997.55 160732
-6828.76 161340 -9537.16 161061
-9807.67 159398 -10006.9 158946
-10179.5 156905 -13653.8 156720
-18669.8 161081 -18217.9 161101
-18191.1 161313 -18195.6 168636
-18201.2 167734 -19434.6 158323
-19552.6 153029 -17276.1 152875
-17257.2 153033 -15712.1 152534
-15725.4 152597 -16323.2 157076
-15588.5 156971 -14376.2 156506
-14354 156560 -14952.9 157334
-15496.1 155322 -15409.3 155250
-15599.6 153467 -15293.5 162266
-11626.6 169248 -12002.9 175246
-13590.3 177223 -12555 180117
-12718.7 180119 -12904.6 176381
-11594.3 170851 -11527.6 170397
-13630.4 169646 -15808.9 168010
-15644.1 168204 -14387.3 166073
-11501.9 164935 -11921.6 156787
-14389.6 155992 -14755.8 157192
-15436 155014 -15598.5 154142
-16452.3 155108 -16473.5 154892
-15721 152568 -15539.5 149297
-18219 149074 -18719.9 148206
-18632 148235 -17280.5 152899
-16081.6 152888 -15598.5 154046
-23799.4 155128 -24010.9 155128
-24363.8 159643 -24383.8 159890
-25154.2 159973 -25492.6 159926
-25562.7 159966 -24331.5 157831
-24262.5 156874 -21411.6 156829
-19496.9 157849 -19179.7 156014
-19779.7 155030 -19599.3 157319
-18586.3 165258 -18289.1 167645
-17472 167489 -17324 166817
-17720.3 167110 -17720.3 167110
-17713.6 167146 -17822.7 168644
-18183.3 167912 -18573 164568
-18974.8 155177 -12490.5 155097
-8410.61 154576 -6951.21 154491
-5725.58 154500 -4832.8 153872
-4807.19 153514 -4842.82 152663
-4634.65 151626 -6501.48 152844
-7475.52 152911 -8625.45 152294
-8539.74 152272 -8455.13 156068
-8467.38 160834 -8736.77 163535
-8643.26 165516 -7963.1 167369
-7781.65 165467 -7078.11 164114
-6981.26 159492 -6994.62 158236
-6323.37 156735 -4358.58 156123
-5333.74 156246 -6655.1 156767
-8343.81 156887 -8471.83 157252
-9247.73 158067 -9419.16 157506
-9630.67 157245 -9650.71 156900
-12118.7 156756 -12901.2 159280
-13741.7 159058 -13737.2 159398
-15099.8 159559 -14915 159563
-15119.8 158434 -15485 157544
-15526.1 157261 -15551.8 149838
-15595.2 151644 -15595.2 151644
-15595.2 151666 -15578.5 157969
-15525 157911 -15043 157461
-14374 157904 -14351.7 157971
-14382.9 157092 -15537.3 156048
-15568.4 151241 -15635.2 142576
-16272 141531 -16266.4 142576
-13063.8 145995 -10783.9 147080
-10785.1 147242 -11250.4 147160
-13004.8 148211 -14567.7 149177
-14846 149175 -18540.7 149696
-18568.5 153049 -17080.2 154271
-16136.2 152895 -16096.1 152897
-15576.2 154538 -15503.9 158699
-15687.6 158216 -15413.7 160331
-15392.6 160997 -14193.7 162802
-15099.8 163132 -14746.9 158908
-15378.1 158488 -15503.9 157332
-15372.5 157299 -15397 160623
-12059.7 161631 -7290.73 161326
-6952.32 162114 -8141.21 164020
-8451.79 164036 -11365 162696
-12320.1 156744 -12320.1 156744
-12343.5 156720 -15490.5 157579
-15546.2 149302 -16545.8 147405
-16499.1 146151 -16499.1 146151
-16498 146145 -18399.3 148892
-18561.8 152955 -18558.5 153358
-17427.5 155117 -13755.1 155166
-9812.12 161462 -4633.54 163755
-5937.09 164063 -6453.61 163041
-6446.93 162651 -6769.76 162591
-7348.62 162733 -11188 165414
-12911.3 165812 -17191.5 161959
-18503.9 162168 -20356.3 162148
-22326.7 163880 -23582.3 164156
-24462.9 165176 -26423.2 172496
-27821.4 177332 -32123.9 182766
-38009.3 196185 -39735.9 202138
-41507 212092 -43580.9 221390
-44403.5 220974 -45234 222510
-45055.9 222628 -45055.9 222628
-45052.5 222646 -45333.1 221650
-50315.7 220793 -51551.4 217509
-50598.5 214426 -50343.5 214216
-22125.2 105858 -50329.1 214219
-51270.8 214392 -51819.6 201150
-51081.6 200308 -51081.6 200308
-51086 200310 -51086 200310
-51074.9 200315 -51122.8 200152
-46745.7 197445 -43133.4 195853
-40379.3 195034 -34618.6 189835
-33055.6 187907 -29481.2 179627
-30705.7 176544 -32834.1 176156
-32413.3 174524 -27188 174070
-26808.4 170363 -26856.2 167277
-24894.8 166839 -26909.7 160071
-25217.6 155159 -21789 152879
-21757.8 152870 -20642.4 154382
-20644.6 155609 -20661.3 158241
-21175.6 162604 -21128.9 162943
-21966 163597 -21851.3 163606
-21864.7 163564 -21366 163902
-20766 162591 -20460.9 161293
-14775.9 157987 -15061.9 158399
-14902.8 159527 -14715.7 159835
-15006.3 159541 -15433.8 159207
-15005.2 163524 -16484.6 163515
-17455.3 164192 -17403 163953
-16729.5 163143 -17387.4 164969
-17303.9 164786 -15108.7 161809
2527.65 149083 -14463 155246
-14165.8 155213 -15540.6 153928
-15738.8 155110 -16147.3 152873
-15538.4 152036 -15576.2 147374
-14012.2 143246 -14042.3 143059
-14025.6 143911 -14024.4 144139
-14759.2 144223 -15139.9 145390
-15444.9 145339 -15548.4 145274
-14440.8 138929 -14342.8 139635
-13875.3 145797 -13843 149233
-13699.4 149324 -12753.2 152543
-14370.7 152020 -14565.5 152016
-15616.3 152485 -13501.2 153316
-13492.3 153688 -12980.3 153930
-15540.6 153371 -15517.2 153182
-15569.6 154796 -18835.7 161202
-18785.6 161386 -17680.2 163009
-17779.3 162658 -17775.9 162030
-16245.3 158601 -16077.2 158425
-15532.8 154656 -16482.4 153432
-15716.5 152543 -15397 161168
-17346.2 162551 -17394.1 161996
-18990.4 160536 20277.5 160536
-15558.4 155976 -15499.4 145359
-10187.3 144617 -9991.34 144497
-2953.72 143531 -1964.09 141282
-1818.27 141280 -1716.97 142366
-1647.95 141004 -1959.64 143647
-1544.42 146601 -2717.73 146461
-3754.11 143687 -3764.13 143569
-7905.22 143631 -10468.9 149426
-10467.8 149749 -9349.03 151575
-9795.42 152870 -20288.4 152819
-20378.6 149584 -20656.9 152031
-21209 149923 -21307 149927
-19480.2 147503 -18490.6 141721
-18872.4 141658 -18800.1 141814
-18557.4 141785 -17809.3 139679
-17627.9 139579 -17594.5 139477
-17070.1 140409 -14935 140018
-14627.8 139786 -7826.18 139920
-7646.95 142607 -8752.36 143108
-10509 147532 -10493.4 147950
-12656.3 152801 -13312 152467
-13396.6 152496 -15588.5 154295
-15580.7 154447 -11310.5 155967
-7997.61 161099 -7724.88 161061
-7410.96 163497 -11445.2 164011
-12604 159587 -12669.7 157931
-12775.4 157915 -14017.8 159817
-15555.1 157156 -15557.3 156664
-15959.2 158249 -23348.6 163684
-24356 165614 -19496.9 160380
-17084.6 158879 -22360.1 162849
-26497.8 169428 -26455.5 170025
-31673 181883 -34841.2 190078
-34961.4 190225 -37294.7 193259
-44222.1 196169 -44527.1 196074
-48419.9 198251 -48343.1 200700
-46693.4 205427 -46449.6 208835
-46467.4 209227 -52322.8 210376
-50304.6 214265 -50359.1 214150
-50462.7 213642 -50446 213600
-50417 213840 -50472.7 213658
-50484.9 214341 -50305.7 214208
-50689.7 214419 -52187 213154
-52311.7 210325 -52311.7 210325
-52311.7 210322 -53020.8 208715
-53820.1 207744 -53860.1 207720
-53057.5 208677 -52110.2 213731
-50782.1 214377 -50710.9 214555
-50921.3 215145 -50921.3 215145
