-13482.3 155150 -14359.5 153416
-11953.9 153768 -8421.74 157602
-8389.46 157459 -8389.46 157459
-8391.68 157439 -3580.45 156010
-5366.02 156270 1171.78 155918
-575.94 153665 840.044 149444
926.873 149428 926.873 149428
931.326 149415 931.326 149415
932.439 149422 932.439 149422
932.439 149426 1090.51 149400
1280.87 151000 1127.25 152603
922.42 152826 673.064 152719
-297.642 152835 -1719.19 152630
-8239.17 152207 -9645.14 151475
-9124.16 146930 -8760.15 145472
-7669.22 143709 -2802.33 143562
-1239.4 141275 506.085 141734
2061.22 143851 1263.06 144566
-1750.36 145365 -1753.7 150462
-2593.05 152122 -3581.57 152229
-1844.98 151080 949.137 152585
882.345 150279 14422.1 147494
15401.7 150074 18477.5 153302
22773.3 149553 23115.1 146084
23157.4 154197 26808.7 160823
28258 166171 28382.7 166756
27950.8 176212 29175.3 193747
29199.8 193665 29199.8 193665
29198.7 193662 29198.7 193662
29196.5 193660 29196.5 193660
29197.6 193662 29197.6 193662
29197.6 193665 29197.6 193665
29197.6 193667 29197.6 193667
29197.6 193669 29197.6 193669
29198.7 193671 29198.7 193671
29197.6 193671 29197.6 193671
29197.6 193669 29197.6 193669
29196.5 193647 29196.5 193647
29198.7 193653 29198.7 193653
29199.8 193658 29199.8 193658
29200.9 193665 29200.9 193665
29200.9 193669 29200.9 193669
29200.9 193674 29200.9 193674
29200.9 193676 29200.9 193676
29199.8 193676 29199.8 193676
29200.9 193676 29200.9 193676
29200.9 193678 29200.9 193678
29198.7 193676 29198.7 193676
29199.8 193676 29199.8 193676
29199.8 193674 29199.8 193674
29200.9 193674 29200.9 193674
29199.8 193674 29199.8 193674
29199.8 193676 29199.8 193676
29198.7 193676 29198.7 193676
29198.7 193678 29198.7 193678
29197.6 193676 29197.6 193676
29197.6 193674 29197.6 193674
29198.7 193671 29198.7 193671
29197.6 193671 29197.6 193671
29193.1 193669 29193.1 193669
29195.3 193674 29195.3 193674
29194.2 193676 29194.2 193676
29194.2 193678 29194.2 193678
29193.1 193676 29193.1 193676
29192 193676 29192 193676
29192 193674 29170.9 193751
29113 193560 22439.4 179347
6831.26 162531 4450.13 150891
6043.12 131593 15552 118822
15513.1 116008 15785.8 116814
15998.4 119564 15916 121325
8611.26 128242 6069.83 131889
6217.89 137448 4324.34 141442
11.8266 145486 320.182 147033
1860.84 147670 561.745 149333
1053.78 149680 905.722 149426
1052.66 149631 916.854 149426
1295.34 149820 1240.79 150192
3561.81 151076 3259.02 138602
4402.27 143112 6987.11 152777
8086.94 153102 7741.85 153389
14809.5 152289 20844.2 153550
28000.9 174531 29271 193271
29194.2 193680 29194.2 193680
29192 193674 29192 193674
29192 193676 29192 193676
29192 193674 29192 193674
29193.1 193674 29193.1 193674
29193.1 193676 29193.1 193676
29193.1 193674 29193.1 193674
29189.8 193674 29189.8 193674
29190.9 193669 -834910 2.69925e+06
29197.6 193671 29197.6 193671
29196.5 193669 29196.5 193669
29195.3 193669 29195.3 193669
29194.2 193669 29194.2 193669
29194.2 193671 29194.2 193671
29193.1 193671 29193.1 193671
29193.1 193674 29193.1 193674
29194.2 193674 29194.2 193674
29194.2 193676 29194.2 193676
29195.3 193676 29195.3 193676
29194.2 193676 29194.2 193676
29194.2 193674 29165.3 193609
29196.5 193671 -53879.1 193671
29196.5 193671 29196.5 193671
29195.3 193669 29195.3 193669
29194.2 193669 29194.2 193669
29194.2 193671 29194.2 193671
29194.2 193674 29194.2 193674
29194.2 193676 29194.2 193676
29195.3 193676 29174.2 193754
22614.1 187640 15164.6 176043
9112.2 165165 4286.5 158134
1391.08 155945 -4650.23 156128
-5669.92 152926 -6091.82 152833
-6727.46 152864 -9236.6 151869
-10254.1 152906 -16460.1 151588
-17256.1 151641 -14066.7 139568
-690.599 140162 10544.9 126597
15822.5 120022 15412.9 119150
4115.06 135093 -4987.53 143604
-10763.9 146102 -9912.31 142222
-8779.07 142785 -9896.72 142364
-7471.07 139385 -5314.81 137388
-2932.57 133650 -1425.31 134721
-1501.01 134645 -1519.93 134774
-161.832 140080 1274.19 147075
914.628 149453 914.628 149453
914.628 149455 914.628 149455
914.628 149451 914.628 149451
913.515 149453 913.515 149453
913.515 149455 1304.25 149640
418.143 151063 450.425 151299
1107.21 150911 658.593 155936
1643.77 157495 1443.4 157704
841.157 149987 284.559 148520
874.553 147011 2333.95 138706
3225.62 135217 2469.76 133398
1404.43 133231 -3656.15 132550
-1442.01 124433 -4347.44 127185
7220.88 129460 15464.1 114959
12156.8 125479 -853.126 134975
-2954.84 137707 -2921.44 135091
4374.44 138297 4947.73 137455
2440.82 137825 -2857.99 137925
1217.42 153200 3655.31 158007
8580.09 164610 16011.8 176020
24712.5 186705 29193.1 193669
29178.6 193751 23859.8 186954
22311.3 177120 24423.1 154480
22531.8 152773 13832.1 152229
909.062 149451 1285.32 144795
-8556.43 139383 -10910.8 141585
-7207.24 139989 -9403.58 139325
-10838.5 137960 -11296 137584
-11282.6 137471 -6878.85 139323
-1801.57 147011 -1692.47 151684
-2863.56 152764 1172.89 152708
3110.96 151196 3115.41 152545
6291.36 150969 9083.25 153908
7988.98 150873 4679.45 151029
5273.9 159345 4430.1 156139
4371.1 159153 1245.25 158537
1279.76 154939 4876.49 151096
8426.47 150657 13632.9 151065
14797.3 150969 14167.2 152926
14714.9 151294 15822.5 151815
20276.4 155576 24138.1 157733
27968.6 173013 29169.7 193754
29190.9 193665 29190.9 193665
29190.9 193662 29190.9 193662
29190.9 193660 29190.9 193660
29192 193660 29192 193660
29193.1 193660 29193.1 193660
29194.2 193658 29194.2 193658
29195.3 193660 29195.3 193660
29195.3 193658 29195.3 193658
29194.2 193660 29194.2 193660
29193.1 193660 29193.1 193660
29193.1 193662 29193.1 193662
29175.3 193676 29175.3 193676
29179.8 193674 29179.8 193674
29183.1 193671 29183.1 193671
29187.6 193671 29187.6 193671
29186.4 193671 29186.4 193671
29187.6 193669 29187.6 193669
29189.8 193667 -8989.47 124079
29189.8 193667 29189.8 193667
29192 193669 29192 193669
29172 193656 29172 193656
29173.1 193656 29173.1 193656
29174.2 193656 29174.2 193656
29176.4 193656 29176.4 193656
29177.5 193658 29177.5 193658
29178.6 193658 29178.6 193658
29179.8 193658 29179.8 193658
29180.9 193658 29180.9 193658
29182 193658 29182 193658
29183.1 193658 29183.1 193658
29184.2 193658 29184.2 193658
29185.3 193658 29185.3 193658
29186.4 193658 29186.4 193658
29187.6 193658 29187.6 193658
29188.7 193658 29188.7 193658
29190.9 193669 29190.9 193669
29193.1 193665 29193.1 193665
29194.2 193665 29194.2 193665
29193.1 193665 29193.1 193665
29193.1 193667 29173.1 193745
26531.5 186186 22421.6 181842
13743.1 176076 7523.67 163579
1297.57 157942 -2116.6 161524
-2161.13 162696 927.986 162148
4327.68 166941 3532.86 161340
3543.99 160930 4640.49 159815
4854.22 159861 7102.88 162531
1756.2 164773 -221.944 140699
-1258.33 139488 -52.7387 138606
-6229.86 137415 -2865.78 137330
-5333.74 134921 -892.088 134984
2508.72 135879 3184.43 130907
1382.17 132909 1397.75 132811
-62.7574 141966 820.006 141983
1294.23 143604 1485.7 144740
3109.85 151254 8409.77 150649
14039.2 151165 23114 156580
28246.9 167533 29181.9 193698
29195.3 193660 29195.3 193660
29196.5 193662 29196.5 193662
29197.6 193665 29197.6 193665
29198.7 193667 29198.7 193667
29199.8 193669 29199.8 193669
29199.8 193674 29199.8 193674
29198.7 193676 29198.7 193676
29198.7 193678 29198.7 193678
29198.7 193680 29198.7 193680
29198.7 193678 29198.7 193678
29197.6 193678 29197.6 193678
29196.5 193678 29196.5 193678
29197.6 193678 29197.6 193678
29195.3 193671 29195.3 193671
29194.2 193667 29194.2 193667
29194.2 193665 29194.2 193665
29193.1 193660 29193.1 193660
29193.1 193658 29193.1 193658
29194.2 193658 29194.2 193658
29195.3 193660 29195.3 193660
29195.3 193662 29195.3 193662
29195.3 193665 29195.3 193665
29196.5 193665 29196.5 193665
29197.6 193665 29197.6 193665
29197.6 193667 29197.6 193667
29198.7 193667 29198.7 193667
29197.6 193667 29197.6 193667
29198.7 193667 29198.7 193667
29199.8 193665 29199.8 193665
29200.9 193665 29200.9 193665
29202 193665 29202 193665
29202 193667 29202 193667
29202 193669 29202 193669
29200.9 193671 29175.3 193734
27837.2 180155 27737.1 164893
28219.1 167745 28172.3 193544
29207.6 193658 29207.6 193658
29205.4 193665 29205.4 193665
29204.2 193669 29204.2 193669
29202 193674 29202 193674
29200.9 193676 29200.9 193676
29199.8 193676 29199.8 193676
29198.7 193671 29198.7 193671
29198.7 193669 29198.7 193669
29197.6 193669 29197.6 193669
29197.6 193667 29197.6 193667
29196.5 193667 29196.5 193667
29195.3 193667 29195.3 193667
29195.3 193665 29195.3 193665
29196.5 193665 29196.5 193665
29197.6 193665 29197.6 193665
29197.6 193662 29197.6 193662
29197.6 193665 29197.6 193665
29198.7 193665 29198.7 193665
29199.8 193665 29199.8 193665
29199.8 193667 29199.8 193667
29200.9 193667 29200.9 193667
29195.3 193658 29195.3 193658
29195.3 193660 29195.3 193660
29196.5 193660 29196.5 193660
29196.5 193662 29196.5 193662
29192 193658 29192 193658
29192 193660 29192 193660
29192 193662 29192 193662
29193.1 193662 29193.1 193662
29194.2 193662 29194.2 193662
29195.3 193665 29195.3 193665
29189.8 193680 29189.8 193680
29197.6 193687 29197.6 193687
29199.8 193689 29199.8 193689
29202 193689 29202 193689
29203.1 193689 29203.1 193689
29202 193687 29202 193687
29202 193685 29202 193685
29202 193687 29202 193687
29194.2 193694 29194.2 193694
29194.2 193691 28843.6 194542
29178.6 193789 28191.2 192667
27968.6 171815 28388.3 166725
28342.6 166456 25714.4 160222
26062.8 155193 22481.7 152764
23098.4 152608 9118.87 152338
-1239.4 145744 -656.09 145374
327.974 147008 1690.52 146997
