-10651.5 161863 -11219.2 159634
-11290.4 155600 -10399.9 154534
-10408.8 152741 -10366.5 150021
-10516.8 146423 -4709.23 143622
-3562.64 143575 -3562.64 143575
-3561.53 143573 -3561.53 143573
-3561.53 143575 -3561.53 143575
-3561.53 143578 -3574.89 143531
-3562.64 143709 -3568.21 143595
-2812.35 143299 -2816.66 140015
-2776.73 140018 -2776.73 140018
-2777.84 140018 -2777.84 140018
-2776.73 140018 -2685.44 140035
-2826.82 138172 -2560.77 134763
2135.8 139036 3384.81 138606
497.18 141672 -15476.1 162822
1287.55 144172 1270.85 151261
77.5051 151579 3693.16 161260
3399.28 160848 2052.31 159129
1946.56 157138 2991.85 158031
5632.35 160977 12652.2 161540
16674.1 163646 19252.3 168972
20534.7 176023 22035.3 178389
22431.6 181647 24099.1 182330
26963.4 183140 26788.6 185171
24993 182815 24096.9 182361
24187.1 182693 27930.8 178875
28046.5 170748 27483.3 162041
27611.3 162030 27611.3 162030
27610.2 162021 27610.2 162021
27609 162016 27609 162016
27609 162014 27635.3 161966
27589 161981 27589 161981
27585.7 161985 27585.7 161985
27585.7 161983 27585.7 161983
27585.7 161985 27585.7 161985
27584.6 161985 27584.6 161985
27605.7 162005 27605.7 162005
27603.5 162005 27603.5 162005
27601.2 161999 27601.2 161999
27600.1 161994 27570.1 161946
27602.4 161972 27607.9 162012
27604.6 161974 27604.6 161974
27605.7 162003 27605.7 162003
27606.8 162005 27606.8 162005
27610.2 162003 27610.2 162003
27610.2 162010 27610.2 162010
27609 162008 27609 162008
27609 162010 27609 162010
27609 162008 27609 162008
27606.8 162012 27606.8 162012
27607.9 162012 27607.9 162012
27607.9 162025 27607.9 162025
27614.6 162037 27614.6 162037
27607.9 162016 27607.9 162016
27607.9 161992 27607.9 161992
27607.9 161996 27607.9 161996
27606.8 161999 27606.8 161999
27614.6 162012 27611.3 162099
27589 161981 27589 161981
27595.7 161988 27595.7 161988
27596.8 161990 27596.8 161990
27596.8 161994 27596.8 161994
27599 162003 27599 162003
27597.9 162003 27597.9 162003
27597.9 162001 27597.9 162001
27596.8 161999 27596.8 161999
27595.7 161999 27624.6 162132
27604.6 161988 27604.6 161988
27604.6 161985 27604.6 161985
27604.6 161992 27604.6 161992
27601.2 161994 27601.2 161994
27597.9 161999 27597.9 161999
27597.9 162001 27597.9 162001
27596.8 162003 27596.8 162003
27596.8 162005 27596.8 162005
27604.6 162034 27604.6 162034
27602.4 162039 27602.4 162039
27602.4 162043 27595.7 162083
27594.6 162008 27602.4 162063
27596.8 161983 27569.8 162037
27605.7 162094 27589 161849
27592.3 161961 27592.3 161961
27592.3 161954 27592.3 161954
27597.9 161974 27597.9 161974
27596.8 161981 27596.8 161981
27594.6 161985 27610.2 162277
27432 162094 21903.9 155823
18868.2 152913 16430.3 152318
10012.8 152352 1295.34 150686
1289.77 144737 -2588.6 139045
-5831.33 139218 -8918.22 139390
-10766.1 141269 -10750.5 141527
-11591 141482 -11658.9 139761
-10747.2 135776 -10919.7 135148
-16749.5 134550 -17636.8 135603
-19586 145855 -18662 155179
-14693.5 155199 -13517.9 155233
-13206.2 154681 -13206.2 154681
-13217.4 154669 -13217.4 154669
-13199.6 154705 -13235.2 154948
-13199.6 154669 -13199.6 154669
-13198.5 154669 -13198.5 154669
-13197.3 154667 -13197.3 154667
-13196.2 154665 -13196.2 154665
-13196.2 154663 -13196.2 154663
-13196.2 154660 -13196.2 154660
-13206.2 154656 -13265.1 154707
-13230.7 154698 -13201.8 154669
-13188.4 154703 -13588.1 155104
-15656.4 142611 -15919.1 139666
-11507.5 139492 -11607.7 140334
-11651.1 139830 -7753.82 139365
-2285.81 139056 1224.1 142723
1279.76 146167 1276.42 150934
7232.01 152737 15205.8 152347
18330.6 153338 21587.8 153160
21594.4 153222 21594.4 153164
21588.9 153220 21588.9 153220
21592.2 153213 21693.5 154131
23572.6 156760 25885.8 160434
27565.6 162032 27565.6 162032
27562.3 162023 27562.3 162023
27560.1 162023 27560.1 162023
27558.9 162021 27558.9 162021
27560.1 162023 27560.1 162023
27564.5 162008 27564.5 162008
27565.6 162012 27565.6 162012
27567.9 162016 27567.9 162016
27562.3 162050 27562.3 162050
27591.2 162028 27591.2 162028
27579 162005 27579 162005
27573.4 162019 27573.4 162019
27574.5 162023 27574.5 162023
27572.3 162019 27572.3 162019
27572.3 162021 27240.6 161135
27051.3 160977 27051.3 160977
27055.8 160977 27055.8 160977
27059.1 160979 27059.1 160979
27059.1 160977 27059.1 160977
27058 160977 27058 160977
27056.9 160977 27056.9 160977
27055.8 160977 27055.8 160977
27054.7 160977 27606.8 161994
27606.8 161996 27606.8 161996
27606.8 161994 27606.8 161954
27593.5 162043 27635.5 162028
27616.8 161990 27616.8 161990
27615.7 161988 27615.7 161988
27614.6 161985 27614.6 161985
27614.6 161988 27623.5 162083
27601.2 161972 27601.2 161972
27601.2 161976 27601.2 161976
27601.2 161983 27601.2 161983
27600.1 161983 27600.1 161983
27600.1 161985 27600.1 161985
27600.1 161983 27600.1 161983
27600.1 161985 27600.1 161985
27617.9 161990 27617.9 161990
27601.2 161996 27601.2 161996
27606.8 161996 27606.8 161996
27602.4 162001 27602.4 162001
27601.2 162003 27601.2 162003
27600.1 162005 27600.1 162005
27599 162005 27599 162005
27599 162003 27599 162003
27600.1 162005 27600.1 162005
27599 162005 27599 162005
27599 162003 27599 162003
27599 162005 27599 162005
27599 162003 27599 162003
27599 162001 27599 162001
27599 162003 27599 162003
27600.1 162005 27600.1 162005
27601.2 162005 27601.2 162005
27603.5 162023 27603.5 162023
27601.2 162008 27601.2 162008
27604.6 162010 27604.6 162010
27599 162001 27599 162001
27597.9 162003 27597.9 162003
27592.3 162023 27592.3 162023
27597.9 162019 27597.9 162019
27595.7 162016 27595.7 162016
27611.3 161996 27611.3 161996
27607.9 162001 27607.9 162001
27611.3 162016 27611.3 162016
27607.9 162016 27607.9 162016
27606.8 162014 27606.8 162014
27605.7 162014 27605.7 162014
27604.6 162014 27604.6 162014
27603.5 162012 27603.5 162012
27603.5 162010 27603.5 162010
27603.5 162008 27603.5 162008
27603.5 162014 27603.5 162014
27603.5 162012 27603.5 162012
27602.4 162010 27602.4 162010
27601.2 162001 27594.6 161963
27506.6 161983 27257.3 161538
27278.4 161351 26807.5 160792
24768.2 158704 22975.9 154954
23157.4 153017 22816.7 148407
17711.6 148854 15763.5 148157
15684.5 149932 15136.8 144127
13467 137386 13471.5 137715
12327.1 139964 10820.9 141870
10311.1 147006 -2816.8 158786
-2266.88 158735 -2266.88 158735
-2268 158733 -2899.18 158143
-2098.79 158721 -568.148 161596
-1195.99 163637 -2852.42 163891
-6649.53 164065 -11353.9 162428
-11284.9 156718 -13775.1 155135
-14266 154992 -14023.3 143034
-12187.7 143900 -11988.4 145889
-12252.2 145931 -12811.1 146027
-10458.9 145472 -11874.9 145189
-13256.3 145942 -16829.7 144134
-16195.2 140977 -15859 140254
-16722.8 135024 -16741.8 135623
-9544.95 135126 -6235.42 137865
-6111.86 143348 -4659.14 145192
-4079.16 145465 -1855 145984
-731.788 148070 -705.071 148480
545.047 148585 569.537 149261
2148.05 149722 2792.59 149402
4259.78 149417 4512.47 149237
3520.62 140409 -2162.24 134679
-16834.2 134403 -17940.7 135182
-17621.2 136181 -21441.7 138156
-24269.2 135865 -23846.2 135563
-22688.4 138348 -21499.6 138145
-17553.3 136319 -17340.7 136068
-13992.2 139572 -7871.82 139352
-764.07 140038 1249.7 149573
1255.27 152719 1255.27 152719
1250.81 152757 1250.81 152757
1257.49 152757 1257.49 152757
1234.11 152735 27605.7 162088
27613.5 161974 27613.5 161974
27615.7 161981 27615.7 161981
27611.3 161959 27611.3 161959
27606.8 161965 27606.8 161965
27607.9 161967 27607.9 161967
27607.9 161972 27607.9 161972
27605.7 162003 27605.7 162003
27604.6 162012 27604.6 162012
27601.2 162010 27601.2 162010
27601.2 162012 27601.2 162012
27600.1 162012 27600.1 162012
27600.1 162010 27570.9 162063
27592.3 162008 27592.3 162008
27589 161996 27589 161996
27587.9 161992 27587.9 161992
27587.9 161990 27587.9 161990
27586.8 161988 27586.8 161988
27586.8 161985 27586.8 161985
27585.7 161979 27585.7 161979
27586.8 161981 27586.8 161981
27587.9 161981 27587.9 161981
27589 161981 27589 161981
27589 161983 27596.8 162008
27446.5 162108 26712.9 160836
22987.1 156471 20898.7 153583
15975 152316 7298.8 152728
4444.57 144938 -427.885 135318
-7961.99 134990 -17457.5 136026
-18151.1 135175 -18399.3 135402
-17632.3 135453 -15891.3 140087
-11534.2 139525 -11559.8 140788
-8987.24 139445 -1634.59 139065
1269.74 145993 1788.49 152666
10011.7 152434 18794.8 153200
21709.1 155758 24174.8 157751
27720.4 163370 28327.1 166215
27553.4 162034 27562.3 162025
27563.4 162030 27563.4 162030
27564.5 162032 27564.5 162032
27565.6 162034 27565.6 162034
27565.6 162032 27565.6 162032
27562.3 162023 27571.2 162063
27572.3 162037 27572.3 162117
27596.8 161936 27577.9 162092
27573.4 161976 27573.4 161976
27581.2 161981 27581.2 161981
27590.1 161972 27590.1 161972
27583.4 162003 27583.4 162003
27581.2 162008 27571.2 162045
27558.9 161865 28288.1 168008
28450.6 167908 29946.8 165697
32793.2 169134 33679.3 169548
32487.1 168620 30191.7 162698
27571.2 162037 27571.2 162037
27570.1 162030 27570.1 162030
27569 162023 25387.1 159701
22842.3 156148 19855.6 152975
15078.9 152236 6116.59 152699
-587.072 135200 -7548.99 134959
-13031.5 134921 -14289.4 135019
-14273.8 134970 -14261.6 135015
-14244.9 134973 -14244.9 134973
-14249.3 134993 -14249.3 134993
-14252.7 134999 -14252.7 134999
-14256 135004 -14256 135004
-14273.8 135028 -14273.8 135028
-14276 135028 -14276 135028
-14273.8 135015 -14273.8 135015
-14278.3 135024 -14278.3 135024
-14278.3 135021 -15753.2 135451
-17970.7 135200 -15866.8 135571
-8022.1 135026 123.146 136003
4414.51 145991 5219.35 152770
10989 152525 14051.4 152245
17417.7 152559 21213.7 154596
23531.4 156827 27253.9 161190
27592.3 162014 27592.3 162014
27592.3 162016 27592.3 162016
27593.5 162019 27564.5 161898
28419.4 167718 28419.4 167718
28419.4 167720 28419.4 167720
28419.4 167718 28419.4 167718
28420.6 167716 28420.6 167716
28420.6 167718 28420.6 167718
28421.7 167716 28421.7 167716
28422.8 167716 28422.8 167716
28423.9 167716 28072.1 164944
27562.3 162023 27562.3 162023
27563.4 162019 27563.4 162019
27564.5 162019 27564.5 162019
27564.5 162021 27564.5 162021
27565.6 162021 27565.6 162021
27564.5 162021 27564.5 162021
27564.5 162019 27564.5 162019
27564.5 162021 27564.5 162021
27564.5 162023 27564.5 162023
27565.6 162023 27565.6 162023
27567.9 162012 27563.4 162146
27566.7 161990 27566.7 161990
27565.6 162001 27565.6 161976
27581.2 162061 27581.2 162061
27577.9 162054 27577.9 162054
27576.8 162052 27576.8 162052
27574.5 162045 27574.5 162045
27573.4 162043 27573.4 162043
27572.3 162043 27562.3 161981
27567.9 162045 27567.9 162045
27569 162045 27532.9 161986
27563.4 162012 27563.4 162012
27566.7 161999 27566.7 161999
27564.5 161990 27564.5 161990
27563.4 161983 27563.4 161983
27562.3 161979 27562.3 161979
27561.2 161979 27561.2 161979
27560.1 161979 27481 161829
27569 162014 27569 162014
27579 162008 27579 162008
27569 161994 27569 161994
27570.1 161992 27570.1 161992
27566.7 161990 27566.7 161990
27565.6 161990 27565.6 161990
27566.7 161992 27566.7 161992
27566.7 161994 27563.4 162005
27561.2 162005 27561.2 162005
27558.9 162003 27558.9 162003
27556.7 162001 27556.7 162001
27555.6 161999 27555.6 161999
27553.4 161994 27553.4 161994
27552.3 161994 27552.3 161994
27553.4 161994 27553.4 161994
27553.4 161996 27553.4 161996
27554.5 161996 27554.5 161996
27555.6 161999 27555.6 161999
27555.6 162001 27555.6 162001
27556.7 162001 27556.7 162001
27557.8 162003 27557.8 162003
27558.9 162003 27558.9 162003
27558.9 162005 27558.9 162005
27560.1 162005 27560.1 162005
27561.2 162008 27561.2 162008
27561.2 162005 24170.4 157717
23147.4 153046 23341.1 151657
22665.3 151156 21263.8 151503
21221.5 151559 21221.5 151559
21222.6 151566 21222.6 151566
21223.8 151566 21330.6 151523
21577.8 153109 21577.8 153109
21582.2 153131 23033.8 154649
24193.8 157786 27295.1 161531
27599 162012 27599 162012
27599 162005 28131.1 166175
28034.3 170593 26864.3 183056
24084.7 182332 24084.7 182332
24086.9 182341 24086.9 182341
24088 182341 24088 182341
24089.1 182341 24089.1 182341
24092.5 182343 24092.5 182343
24093.6 182341 24093.6 182341
24093.6 182339 24093.6 182339
24094.7 182339 24094.7 182339
24094.7 182337 24094.7 182337
24094.7 182335 24094.7 182335
24095.8 182335 24095.8 182335
24095.8 182337 24095.8 182337
24095.8 182335 24095.8 182335
24095.8 182337 25833.5 182871
26682.9 183748 26522.6 182987
24100.3 182335 24100.3 182335
24101.4 182339 24101.4 182339
24098 182346 24219.4 182190
28012 174551 27198.3 163417
25591.9 161495 25634.2 161540
25599.7 161478 25599.7 161478
25594.2 161442 25615.3 161507
25579.7 161433 25536.3 161344
25558.5 161509 25558.5 161509
25571.9 161484 25571.9 161484
25575.2 161447 25575.2 161447
25575.2 161433 25575.2 161433
25579.7 161440 25579.7 161440
25576.3 161478 25597.5 161424
25585.3 161495 25632 161438
25600.8 161513 25548.5 161400
25567.4 161489 25567.4 161489
25566.3 161498 25566.3 161498
25536.3 161491 25567.4 161453
25564.1 161507 25564.1 161507
25571.9 161502 25571.9 161502
25584.1 161495 25564.1 161458
25584.1 161455 25584.1 161455
25584.1 161473 25584.1 161473
25580.8 161467 25580.8 161467
25584.1 161475 25544.1 161402
25563 161495 25563 161495
25545.2 161502 25545.2 161502
25522.9 161493 25522.9 161493
25525.1 161462 25525.1 161462
25522.9 161493 27602.4 161983
27603.5 161981 27603.5 161981
27604.6 161990 27604.6 161990
27600.1 161981 27581.1 162026
27612.4 162012 27612.4 162012
27612.4 162016 27612.4 162016
27612.4 162019 27612.4 162019
27612.4 162021 27620.2 162063
27605.7 162028 27605.7 162028
27603.5 162028 27603.5 162028
27602.4 162030 27602.4 162030
27601.2 162030 27601.2 162030
27600.1 162030 27600.1 162030
27599 162030 27617.9 162101
27602.4 162014 27602.4 162014
27601.2 162005 27601.2 162005
27600.1 162003 27600.1 162003
27601.2 162008 27601.2 162008
27601.2 162010 27586.8 161961
27600.1 162068 27600.1 162068
27600.1 162045 27577 161908
27582.3 161952 27593.5 161925
27589 161961 27589 161961
27587.9 161974 27587.9 161974
27590.1 161983 27590.1 161983
27590.1 161985 27629.1 161950
27609 162023 27564.5 161912
27600.1 162028 27600.1 162028
27600.1 162025 27574.5 161901
27603.5 162077 27631.3 162190
27562.3 161907 27562.3 161907
27567.9 161927 27571.6 162027
27591.2 161992 27591.2 161992
27592.3 161994 27592.3 161994
27592.3 161992 27592.3 161992
27592.3 161990 27592.3 161990
27592.3 161988 28150.1 165280
27943 166120 28186.8 166191
27968.6 172924 25243.5 182800
24095.8 182326 24095.8 182326
24094.7 182335 24094.7 182335
24092.5 182339 24092.5 182339
24092.5 182341 24092.5 182341
24093.6 182341 24093.6 182341
24094.7 182341 24094.7 182341
24094.7 182343 24094.7 182343
24094.7 182346 24094.7 182346
24095.8 182346 24095.8 182346
24095.8 182343 24095.8 182343
24095.8 182346 24095.8 182346
24095.8 182343 24095.8 182343
24096.9 182343 24121.4 182493
24093.6 182346 22423.8 181034
23151.8 174422 23496.9 162693
24666.9 162391 24666.9 162391
24662.4 162426 24662.4 162426
24664.6 162426 24664.6 162426
24666.9 162424 24666.9 162424
24669.1 162422 24669.1 162422
24670.2 162419 24670.2 162419
24669.1 162417 24669.1 162417
24669.1 162415 24669.1 162415
24669.1 162413 24850.5 161406
25596.4 161511 25606.2 161391
25563 161386 25563 161386
25560.8 161384 25560.8 161384
25559.6 161384 25525.1 161355
27533.3 161947 27533.3 161947
27540 161954 27540 161954
27546.7 161970 27546.7 161970
27548.9 161976 27548.9 161976
27551.2 161985 27551.2 161985
27551.2 161990 27551.2 161990
27537.8 161985 27537.8 161985
27544.5 162001 27544.5 162001
27545.6 162005 27545.6 162005
27546.7 162010 27546.7 162010
27547.8 162014 27547.8 162014
27548.9 162016 27548.9 162016
27550 162016 27550 162016
27550 162019 27550 162019
27551.2 162019 27551.2 162019
27551.2 162021 27551.2 162021
27552.3 162021 27552.3 162021
27553.4 162021 27553.4 162021
27555.6 162028 27555.6 162028
27556.7 162030 27556.7 162030
27557.8 162032 27557.8 162032
27558.9 162032 27558.9 162032
27560.1 162030 27560.1 162030
27558.9 162030 27556.7 161921
27554.5 162019 27554.5 162019
27561.2 162016 27561.2 162016
27563.4 161994 27563.4 161994
27553.4 161994 27557.2 161934
27558.9 161999 27558.9 161999
27558.9 162001 27558.9 162001
27560.1 162003 27560.1 162003
27558.9 162003 27558.9 162003
27566.7 162032 27566.7 162032
27566.7 162030 27550 161976
27562.3 162014 27562.3 162014
27561.2 162001 27564.5 161979
27571.2 161974 27571.2 161974
27567.9 161974 27567.9 161974
27566.7 161974 27566.7 161974
27566.7 161979 27566.7 161979
27565.6 161983 27565.6 161983
27565.6 161990 27565.6 161990
27565.6 161994 27561.2 162061
27575.6 162005 27575.6 162005
27593.5 162039 27593.5 162039
27591.2 162037 27591.2 162037
27590.1 162037 27590.1 162037
27587.9 162037 27587.9 162037
27585.7 162034 27585.7 162034
27584.6 162037 27584.6 162037
27583.4 162037 27583.4 162037
27582.3 162037 27582.3 162037
27581.2 162039 27581.2 162039
27580.1 162039 27580.1 162039
27580.1 162041 27580.1 162041
27579 162041 27579 162041
27579 162043 27579 162043
27577.9 162043 27577.9 162043
27577.9 162041 27577.9 162041
27576.8 162041 27576.8 162041
27575.6 162041 27575.6 162041
27574.5 162039 27574.5 162039
27556.7 162008 27556.7 162008
27557.8 162010 27557.8 162010
27560.1 162014 27560.1 162014
27561.2 162016 27561.2 162016
27562.3 162016 27562.3 162016
27562.3 162019 27562.3 162019
27562.3 162021 27562.3 162021
27562.3 162023 27562.3 162023
27562.3 162025 27562.3 162025
27562.3 162028 27562.3 162028
27562.3 162030 27562.3 162030
27562.3 162041 27562.3 162041
27565.6 162037 27546.7 161990
27542.2 162063 27542.2 162063
27547.8 162050 27547.8 162050
27548.9 162043 27548.9 162043
27550 162043 27550 162043
27550 162041 27550 162041
27551.2 162041 27551.2 162041
27538.9 162008 25312.5 159616
23722.9 156971 23655 153109
24187.1 152385 24181.5 152040
23001.5 151203 23178.5 146574
25130 137617 26724.1 138049
26702.9 137764 27266.2 137085
26642.8 136348 27556.7 134888
27420.9 135184 25466.1 135453
22964.8 144666 21906.1 149538
19083.1 148709 19083.1 148709
19068.6 148705 19068.6 148705
19065.3 148700 19065.3 148700
19066.4 148705 17533.5 148714
15267 148137 11528.9 149092
6949.26 149315 4418.97 152554
5340.69 159242 7046.11 160975
3059.75 157971 2300.56 160055
1769.56 160870 1782.92 160981
1572.53 158525 4422.3 156880
4426.76 143958 5376.31 132808
14216.2 123170 15376.1 114283
15265.9 116284 15324.9 118740
14413.2 122356 11867.4 125918
9563.04 130489 7523.67 131916
7091.75 133200 4909.88 136600
4629.36 141164 1581.43 143350
-1614.55 145339 -4633.54 143468
-4660.25 143206 -4717.03 140294
-7478.86 139345 -13007 137482
-10864.1 137520 -9362.39 135122
-9044.01 139387 -10338.7 150297
-11072.3 149277 -13811.8 147394
-14512 146000 -14512 146000
-14510.9 146004 -14510.9 146004
-14509.8 146007 -14364 145853
-10948.7 145628 -10832.9 132045
-10403.2 128926 -10487.8 128768
-8012.08 134944 -8499.66 139118
-14307.2 139550 -17722.5 143883
