3.29876e+07 1.11551e+07 3.29878e+07 1.11551e+07
3.29873e+07 1.1155e+07 3.29865e+07 1.1154e+07
3.29865e+07 1.11551e+07 3.29887e+07 1.11553e+07
3.2991e+07 1.11612e+07 3.29934e+07 1.11609e+07
3.29938e+07 1.11614e+07 3.29936e+07 1.11611e+07
3.29919e+07 1.11611e+07 3.29896e+07 1.11615e+07
3.29887e+07 1.11563e+07 3.29866e+07 1.11551e+07
3.29865e+07 1.11551e+07 3.29862e+07 1.11552e+07
3.29865e+07 1.11536e+07 3.2987e+07 1.11528e+07
3.29845e+07 1.11525e+07 3.29844e+07 1.11477e+07
3.29844e+07 1.11494e+07 3.29845e+07 1.11599e+07
3.29847e+07 1.11618e+07 3.29849e+07 1.11619e+07
3.2987e+07 1.11617e+07 3.29893e+07 1.11615e+07
3.29893e+07 1.116e+07 3.29892e+07 1.11563e+07
3.29905e+07 1.11547e+07 3.29915e+07 1.11546e+07
3.29916e+07 1.11534e+07 3.29918e+07 1.11532e+07
3.29915e+07 1.11521e+07 3.2991e+07 1.11513e+07
3.29897e+07 1.11504e+07 3.29899e+07 1.11498e+07
3.29891e+07 1.11504e+07 3.29887e+07 1.11504e+07
3.29892e+07 1.11504e+07 3.29896e+07 1.11494e+07
3.29895e+07 1.11483e+07 3.29895e+07 1.11448e+07
3.29893e+07 1.11373e+07 3.29893e+07 1.11353e+07
3.29921e+07 1.1135e+07 3.29965e+07 1.11325e+07
3.29964e+07 1.11317e+07 3.29953e+07 1.11325e+07
3.29953e+07 1.11316e+07 3.29953e+07 1.11312e+07
3.29962e+07 1.11302e+07 3.29961e+07 1.11232e+07
3.29957e+07 1.11213e+07 3.29959e+07 1.11192e+07
3.2996e+07 1.11147e+07 3.29959e+07 1.11144e+07
3.29952e+07 1.11153e+07 3.29958e+07 1.11158e+07
3.29959e+07 1.11193e+07 3.29957e+07 1.11236e+07
3.29983e+07 1.11274e+07 3.30012e+07 1.11289e+07
3.30039e+07 1.11372e+07 3.30029e+07 1.11364e+07
3.30014e+07 1.11331e+07 3.30008e+07 1.11332e+07
3.30014e+07 1.11331e+07 3.30031e+07 1.11349e+07
3.3004e+07 1.11345e+07 3.30043e+07 1.11349e+07
3.30044e+07 1.11382e+07 3.30045e+07 1.11385e+07
3.3005e+07 1.11385e+07 3.3005e+07 1.11385e+07
3.3005e+07 1.11385e+07 3.30059e+07 1.11385e+07
3.30059e+07 1.11398e+07 3.30059e+07 1.11401e+07
3.30057e+07 1.11411e+07 3.30056e+07 1.11423e+07
3.30044e+07 1.11469e+07 3.30044e+07 1.1151e+07
3.30049e+07 1.1152e+07 3.30059e+07 1.1151e+07
3.30061e+07 1.1151e+07 3.30075e+07 1.11508e+07
3.30076e+07 1.11501e+07 3.30075e+07 1.11494e+07
3.30071e+07 1.11476e+07 3.30059e+07 1.11493e+07
3.30058e+07 1.11487e+07 3.3003e+07 1.11494e+07
3.30037e+07 1.11494e+07 3.30064e+07 1.11494e+07
3.30092e+07 1.11492e+07 3.30104e+07 1.11492e+07
3.3011e+07 1.11509e+07 3.30092e+07 1.11507e+07
3.30076e+07 1.11497e+07 3.30075e+07 1.11477e+07
3.30045e+07 1.11471e+07 3.30014e+07 1.11469e+07
3.29986e+07 1.1147e+07 3.29984e+07 1.11454e+07
3.29993e+07 1.11454e+07 3.29999e+07 1.11442e+07
3.29997e+07 1.11443e+07 3.29997e+07 1.11442e+07
3.29991e+07 1.11437e+07 3.29994e+07 1.11401e+07
3.29999e+07 1.11389e+07 3.29994e+07 1.11401e+07
3.29992e+07 1.11398e+07 3.29982e+07 1.11383e+07
3.29987e+07 1.11359e+07 3.29957e+07 1.11359e+07
3.29953e+07 1.11405e+07 3.29945e+07 1.11396e+07
3.29953e+07 1.11403e+07 3.29957e+07 1.11392e+07
3.29961e+07 1.11391e+07 3.29919e+07 1.11393e+07
3.29897e+07 1.11394e+07 3.29863e+07 1.11395e+07
3.29857e+07 1.11396e+07 3.29845e+07 1.11404e+07
3.29844e+07 1.11436e+07 3.2984e+07 1.1144e+07
3.29839e+07 1.11438e+07 3.29844e+07 1.11442e+07
3.29851e+07 1.11456e+07 3.29862e+07 1.11458e+07
3.29877e+07 1.11438e+07 3.29884e+07 1.11435e+07
3.29888e+07 1.11443e+07 3.29847e+07 1.11452e+07
3.29844e+07 1.11432e+07 3.29843e+07 1.1141e+07
3.29834e+07 1.11376e+07 3.29833e+07 1.1135e+07
3.29853e+07 1.11381e+07 3.2989e+07 1.11395e+07
3.29888e+07 1.11403e+07 3.2989e+07 1.11403e+07
3.29895e+07 1.11448e+07 3.29943e+07 1.11493e+07
3.29963e+07 1.11491e+07 3.29964e+07 1.11499e+07
3.29956e+07 1.11498e+07 3.29956e+07 1.115e+07
3.29962e+07 1.11503e+07 3.29964e+07 1.11526e+07
3.29994e+07 1.11526e+07 3.3e+07 1.11517e+07
3.3e+07 1.11525e+07 3.3e+07 1.11516e+07
3.29994e+07 1.11515e+07 3.2999e+07 1.11524e+07
3.2999e+07 1.11526e+07 3.3e+07 1.11527e+07
3.30047e+07 1.1161e+07 3.30056e+07 1.11627e+07
3.30056e+07 1.11631e+07 3.30055e+07 1.116e+07
3.30044e+07 1.11588e+07 3.3004e+07 1.11527e+07
3.30013e+07 1.11502e+07 3.30003e+07 1.11496e+07
3.2999e+07 1.11491e+07 3.29993e+07 1.11485e+07
3.30018e+07 1.11391e+07 3.3007e+07 1.11295e+07
3.30097e+07 1.11213e+07 3.30122e+07 1.11116e+07
3.30127e+07 1.1107e+07 3.30184e+07 1.1106e+07
3.30187e+07 1.11061e+07 3.30187e+07 1.11062e+07
3.30188e+07 1.11061e+07 3.30188e+07 1.11062e+07
3.30194e+07 1.1106e+07 3.30239e+07 1.11085e+07
3.3024e+07 1.11084e+07 3.30233e+07 1.11074e+07
3.30202e+07 1.1106e+07 3.30157e+07 1.11059e+07
3.30125e+07 1.11081e+07 3.30118e+07 1.11167e+07
3.30153e+07 1.11187e+07 3.30157e+07 1.11197e+07
3.30159e+07 1.11145e+07 3.30155e+07 1.11151e+07
3.30159e+07 1.11189e+07 3.30156e+07 1.11213e+07
3.30154e+07 1.11213e+07 3.30151e+07 1.11216e+07
3.30145e+07 1.11231e+07 3.30137e+07 1.11246e+07
3.30148e+07 1.11294e+07 3.30108e+07 1.11302e+07
3.30066e+07 1.11308e+07 3.30044e+07 1.11349e+07
3.30044e+07 1.11357e+07 3.30044e+07 1.11368e+07
3.30043e+07 1.11386e+07 3.30043e+07 1.11386e+07
3.30036e+07 1.1139e+07 3.30008e+07 1.11408e+07
3.29996e+07 1.11419e+07 3.29993e+07 1.11422e+07
3.29983e+07 1.11417e+07 3.29971e+07 1.11413e+07
3.29964e+07 1.11413e+07 3.29954e+07 1.11413e+07
3.29947e+07 1.11402e+07 3.29946e+07 1.11402e+07
3.29953e+07 1.11425e+07 3.29952e+07 1.11431e+07
3.29954e+07 1.11437e+07 3.29976e+07 1.11435e+07
3.29991e+07 1.11454e+07 3.29996e+07 1.11434e+07
3.29994e+07 1.11431e+07 3.29991e+07 1.11412e+07
3.29999e+07 1.114e+07 3.30005e+07 1.11395e+07
3.30007e+07 1.11389e+07 3.30005e+07 1.11367e+07
3.29995e+07 1.11351e+07 3.30008e+07 1.11329e+07
3.30014e+07 1.11335e+07 3.30021e+07 1.11341e+07
3.30031e+07 1.11366e+07 3.30001e+07 1.11419e+07
3.29996e+07 1.11419e+07 3.29999e+07 1.11399e+07
3.29998e+07 1.11402e+07 3.2999e+07 1.11406e+07
3.30002e+07 1.11395e+07 3.30007e+07 1.11398e+07
3.30005e+07 1.11412e+07 3.30003e+07 1.11417e+07
3.29996e+07 1.114e+07 3.30001e+07 1.11398e+07
3.30006e+07 1.11396e+07 3.30002e+07 1.11416e+07
3.30012e+07 1.11428e+07 3.30013e+07 1.11452e+07
3.30022e+07 1.11494e+07 3.30035e+07 1.11492e+07
3.30038e+07 1.11494e+07 3.30031e+07 1.11523e+07
3.30031e+07 1.11525e+07 3.3002e+07 1.11515e+07
3.30016e+07 1.11495e+07 3.30019e+07 1.11492e+07
3.30013e+07 1.11476e+07 3.30009e+07 1.11481e+07
3.2999e+07 1.11485e+07 3.29988e+07 1.11471e+07
3.29985e+07 1.11481e+07 3.29948e+07 1.11527e+07
3.29939e+07 1.11539e+07 3.29916e+07 1.11546e+07
3.29907e+07 1.11546e+07 3.29896e+07 1.11547e+07
3.29885e+07 1.11591e+07 3.29885e+07 1.11591e+07
3.29885e+07 1.11584e+07 3.29885e+07 1.11569e+07
3.2986e+07 1.11559e+07 3.29856e+07 1.11562e+07
3.29864e+07 1.1156e+07 3.29857e+07 1.11545e+07
3.29859e+07 1.11529e+07 3.29865e+07 1.1154e+07
3.29856e+07 1.11539e+07 3.29868e+07 1.11528e+07
3.29859e+07 1.11528e+07 3.29845e+07 1.11525e+07
3.29827e+07 1.11528e+07 3.29805e+07 1.11528e+07
3.29795e+07 1.11513e+07 3.29804e+07 1.11491e+07
3.29805e+07 1.11491e+07 3.29835e+07 1.11472e+07
3.29842e+07 1.1145e+07 3.29844e+07 1.11422e+07
3.29843e+07 1.11421e+07 3.29843e+07 1.11408e+07
3.2984e+07 1.11383e+07 3.29845e+07 1.11368e+07
3.29835e+07 1.11354e+07 3.29805e+07 1.11404e+07
3.29805e+07 1.11481e+07 3.2983e+07 1.11565e+07
3.2985e+07 1.11552e+07 3.29859e+07 1.11552e+07
3.29858e+07 1.11551e+07 3.29859e+07 1.11529e+07
3.2986e+07 1.11539e+07 3.29857e+07 1.11533e+07
3.29881e+07 1.11529e+07 3.29891e+07 1.11529e+07
3.29896e+07 1.11493e+07 3.29903e+07 1.11444e+07
3.29905e+07 1.11443e+07 3.2992e+07 1.11433e+07
3.29921e+07 1.11435e+07 3.29919e+07 1.1143e+07
3.29931e+07 1.11447e+07 3.29937e+07 1.11455e+07
3.2994e+07 1.1147e+07 3.29963e+07 1.11475e+07
3.29964e+07 1.11511e+07 3.29956e+07 1.11505e+07
3.29952e+07 1.11504e+07 3.29941e+07 1.11528e+07
3.29921e+07 1.11529e+07 3.29911e+07 1.11529e+07
3.29895e+07 1.11527e+07 3.29896e+07 1.11546e+07
3.29871e+07 1.1155e+07 3.29864e+07 1.11547e+07
3.29862e+07 1.11551e+07 3.29815e+07 1.11552e+07
3.29768e+07 1.11551e+07 3.2976e+07 1.11551e+07
3.29755e+07 1.11552e+07 3.29754e+07 1.11545e+07
3.29781e+07 1.11529e+07 3.29807e+07 1.11529e+07
3.29814e+07 1.11525e+07 3.29816e+07 1.11487e+07
3.2982e+07 1.11484e+07 3.29833e+07 1.11492e+07
3.29843e+07 1.11492e+07 3.29858e+07 1.11482e+07
3.29861e+07 1.11482e+07 3.29873e+07 1.1146e+07
3.29921e+07 1.1142e+07 3.29922e+07 1.11401e+07
3.29941e+07 1.11349e+07 3.29953e+07 1.11304e+07
3.29959e+07 1.11302e+07 3.29964e+07 1.11248e+07
3.29977e+07 1.11232e+07 3.29982e+07 1.11235e+07
3.29998e+07 1.1127e+07 3.30023e+07 1.11271e+07
3.30027e+07 1.11268e+07 3.30063e+07 1.1127e+07
3.30092e+07 1.11233e+07 3.30094e+07 1.11226e+07
3.30118e+07 1.11172e+07 3.30124e+07 1.11096e+07
3.30153e+07 1.11059e+07 3.30188e+07 1.11062e+07
3.30188e+07 1.11062e+07 3.30193e+07 1.11061e+07
3.30201e+07 1.11061e+07 3.30244e+07 1.11054e+07
3.30243e+07 1.11054e+07 3.30244e+07 1.11063e+07
3.302e+07 1.1106e+07 3.30154e+07 1.11059e+07
3.30153e+07 1.11107e+07 3.30146e+07 1.11124e+07
3.30152e+07 1.11146e+07 3.30135e+07 1.11243e+07
3.30102e+07 1.11268e+07 3.30055e+07 1.11326e+07
3.30006e+07 1.11414e+07 3.2999e+07 1.11435e+07
3.29981e+07 1.11452e+07 3.29982e+07 1.11453e+07
3.29993e+07 1.11453e+07 3.29994e+07 1.11447e+07
3.29994e+07 1.11453e+07 3.3e+07 1.11469e+07
3.30012e+07 1.11478e+07 3.30012e+07 1.11525e+07
3.30015e+07 1.11527e+07 3.30027e+07 1.11526e+07
3.30028e+07 1.11524e+07 3.30014e+07 1.11526e+07
3.29964e+07 1.11494e+07 3.29963e+07 1.11437e+07
3.29933e+07 1.11436e+07 3.29901e+07 1.11406e+07
3.29876e+07 1.11389e+07 3.29877e+07 1.11375e+07
3.29883e+07 1.11375e+07 3.29893e+07 1.11375e+07
3.2991e+07 1.11356e+07 3.29913e+07 1.11436e+07
3.29914e+07 1.11437e+07 3.29921e+07 1.11438e+07
3.29936e+07 1.11437e+07 3.29988e+07 1.11456e+07
3.29993e+07 1.11471e+07 3.29995e+07 1.11485e+07
3.3e+07 1.11494e+07 3.3e+07 1.11473e+07
3.3001e+07 1.1147e+07 3.30043e+07 1.1147e+07
3.30054e+07 1.11467e+07 3.30062e+07 1.11463e+07
3.30103e+07 1.11453e+07 3.30109e+07 1.11445e+07
3.3011e+07 1.11442e+07 3.30109e+07 1.11387e+07
3.30133e+07 1.11384e+07 3.30133e+07 1.11344e+07
3.30125e+07 1.11298e+07 3.30109e+07 1.11302e+07
3.3e+07 1.11411e+07 3.3001e+07 1.11424e+07
3.30019e+07 1.11415e+07 3.30021e+07 1.11443e+07
3.30019e+07 1.11447e+07 3.29994e+07 1.11447e+07
3.29993e+07 1.11449e+07 3.29993e+07 1.11465e+07
3.29995e+07 1.11489e+07 3.29995e+07 1.11493e+07
3.29986e+07 1.11485e+07 3.29983e+07 1.11457e+07
3.29984e+07 1.11455e+07 3.29984e+07 1.11455e+07
3.29984e+07 1.11454e+07 3.29984e+07 1.11454e+07
3.29988e+07 1.11459e+07 3.29993e+07 1.11467e+07
3.29993e+07 1.11469e+07 3.29996e+07 1.11494e+07
3.2999e+07 1.11491e+07 3.29983e+07 1.1149e+07
3.29982e+07 1.11439e+07 3.2998e+07 1.11427e+07
3.29962e+07 1.11434e+07 3.29978e+07 1.11413e+07
3.29992e+07 1.11401e+07 3.29992e+07 1.11412e+07
3.29975e+07 1.11407e+07 3.29971e+07 1.11407e+07
3.29965e+07 1.11413e+07 3.29955e+07 1.11414e+07
3.29953e+07 1.11409e+07 3.29961e+07 1.11401e+07
3.29997e+07 1.11395e+07 3.29995e+07 1.11403e+07
3.29993e+07 1.114e+07 3.29997e+07 1.11396e+07
3.29998e+07 1.11401e+07 3.29997e+07 1.11403e+07
3.29981e+07 1.1139e+07 3.2999e+07 1.11356e+07
3.29963e+07 1.11341e+07 3.29963e+07 1.11303e+07
3.29964e+07 1.11266e+07 3.29956e+07 1.11272e+07
3.29963e+07 1.11314e+07 3.29962e+07 1.11316e+07
3.29949e+07 1.11314e+07 3.29953e+07 1.11311e+07
3.29953e+07 1.11324e+07 3.29892e+07 1.11325e+07
3.29891e+07 1.11289e+07 3.29891e+07 1.11283e+07
3.29894e+07 1.11255e+07 3.29908e+07 1.11234e+07
3.29919e+07 1.11341e+07 3.2995e+07 1.11393e+07
3.29954e+07 1.11407e+07 3.29962e+07 1.11413e+07
3.29979e+07 1.11413e+07 3.29996e+07 1.11405e+07
3.2998e+07 1.11415e+07 3.29981e+07 1.11458e+07
3.29988e+07 1.11455e+07 3.29988e+07 1.11457e+07
3.29985e+07 1.11469e+07 3.29982e+07 1.11467e+07
3.29982e+07 1.11464e+07 3.29959e+07 1.11436e+07
3.29919e+07 1.11436e+07 3.29917e+07 1.11436e+07
3.29903e+07 1.11443e+07 3.29895e+07 1.11394e+07
3.29843e+07 1.11405e+07 3.29835e+07 1.11395e+07
3.29847e+07 1.11403e+07 3.29858e+07 1.11396e+07
3.29887e+07 1.11395e+07 3.29892e+07 1.11401e+07
3.29894e+07 1.11429e+07 3.29894e+07 1.11406e+07
3.29914e+07 1.11354e+07 3.2991e+07 1.11346e+07
3.29972e+07 1.11431e+07 3.29982e+07 1.1142e+07
3.29983e+07 1.11424e+07 3.29994e+07 1.11409e+07
3.29998e+07 1.11382e+07 3.29984e+07 1.11403e+07
3.29994e+07 1.11403e+07 3.29995e+07 1.11408e+07
3.29991e+07 1.11412e+07 3.3001e+07 1.11423e+07
3.30001e+07 1.11411e+07 3.30001e+07 1.11411e+07
3.30001e+07 1.11411e+07 3.30013e+07 1.11445e+07
3.30005e+07 1.11493e+07 3.30003e+07 1.11497e+07
3.30001e+07 1.1151e+07 3.2999e+07 1.11491e+07
3.29989e+07 1.11485e+07 3.29982e+07 1.1146e+07
3.29985e+07 1.11454e+07 3.29995e+07 1.11454e+07
3.30024e+07 1.1145e+07 3.30013e+07 1.11444e+07
3.30026e+07 1.11376e+07 3.30028e+07 1.11353e+07
3.30026e+07 1.11356e+07 3.3005e+07 1.11415e+07
3.30044e+07 1.11392e+07 3.30033e+07 1.11375e+07
3.30033e+07 1.11375e+07 3.3003e+07 1.11382e+07
3.30044e+07 1.11441e+07 3.30062e+07 1.11462e+07
3.30075e+07 1.11455e+07 3.3007e+07 1.11478e+07
3.30058e+07 1.11493e+07 3.30043e+07 1.11346e+07
3.30082e+07 1.11263e+07 3.30115e+07 1.11182e+07
3.30124e+07 1.11098e+07 3.30158e+07 1.11059e+07
3.30188e+07 1.11061e+07 3.30242e+07 1.11047e+07
3.30238e+07 1.11033e+07 3.30214e+07 1.11033e+07
3.30175e+07 1.1106e+07 3.30124e+07 1.11086e+07
3.30121e+07 1.11129e+07 3.30117e+07 1.11174e+07
3.30095e+07 1.11218e+07 3.30087e+07 1.11248e+07
3.30074e+07 1.11287e+07 3.30038e+07 1.11353e+07
3.30025e+07 1.11358e+07 3.30014e+07 1.1133e+07
3.30009e+07 1.11321e+07 3.30014e+07 1.11332e+07
3.30025e+07 1.11342e+07 3.30032e+07 1.11366e+07
3.30018e+07 1.11391e+07 3.30003e+07 1.11415e+07
3.30013e+07 1.11503e+07 3.30012e+07 1.11599e+07
3.29969e+07 1.11639e+07 3.29961e+07 1.1164e+07
3.29956e+07 1.11648e+07 3.29954e+07 1.11648e+07
3.29952e+07 1.11641e+07 3.29954e+07 1.1164e+07
3.29949e+07 1.11623e+07 3.29901e+07 1.11666e+07
3.29899e+07 1.11666e+07 3.29912e+07 1.11657e+07
3.2992e+07 1.11655e+07 3.29921e+07 1.11665e+07
3.2993e+07 1.11651e+07 3.29924e+07 1.1164e+07
3.29916e+07 1.1164e+07 3.29908e+07 1.11643e+07
3.29861e+07 1.11656e+07 3.29827e+07 1.1162e+07
3.29814e+07 1.11618e+07 3.29807e+07 1.1159e+07
3.29816e+07 1.1157e+07 3.29816e+07 1.11569e+07
3.29838e+07 1.11568e+07 3.29845e+07 1.11572e+07
3.29845e+07 1.11561e+07 3.29845e+07 1.11539e+07
3.29853e+07 1.11529e+07 3.29861e+07 1.11529e+07
3.29865e+07 1.11535e+07 3.29865e+07 1.11539e+07
3.29857e+07 1.11549e+07 3.2986e+07 1.11529e+07
3.29865e+07 1.11531e+07 3.29857e+07 1.11547e+07
3.2986e+07 1.11529e+07 3.29895e+07 1.11532e+07
3.29897e+07 1.11553e+07 3.29903e+07 1.11553e+07
3.29912e+07 1.11546e+07 3.29915e+07 1.11546e+07
3.29915e+07 1.11525e+07 3.29917e+07 1.11513e+07
3.29918e+07 1.11513e+07 3.29924e+07 1.11498e+07
3.29922e+07 1.11474e+07 3.29918e+07 1.11458e+07
3.29918e+07 1.11464e+07 3.29909e+07 1.11473e+07
3.29898e+07 1.11473e+07 3.29895e+07 1.11449e+07
3.29894e+07 1.11451e+07 3.29895e+07 1.11471e+07
3.29892e+07 1.11492e+07 3.29873e+07 1.11494e+07
3.29858e+07 1.11492e+07 3.2982e+07 1.11491e+07
3.29804e+07 1.11516e+07 3.29795e+07 1.11528e+07
3.29778e+07 1.11528e+07 3.29761e+07 1.11534e+07
3.29761e+07 1.11537e+07 3.29777e+07 1.11536e+07
3.29818e+07 1.11552e+07 3.29845e+07 1.11552e+07
3.2988e+07 1.1157e+07 3.29877e+07 1.11578e+07
3.29875e+07 1.11587e+07 3.29862e+07 1.11587e+07
3.29862e+07 1.11589e+07 3.29864e+07 1.11612e+07
3.29807e+07 1.11622e+07 3.29794e+07 1.11624e+07
3.29795e+07 1.11633e+07 3.29794e+07 1.11633e+07
3.29794e+07 1.11633e+07 3.29794e+07 1.11607e+07
3.29794e+07 1.11588e+07 3.29794e+07 1.11537e+07
3.29803e+07 1.11529e+07 3.29958e+07 1.11511e+07
3.29954e+07 1.11458e+07 3.29953e+07 1.11409e+07
3.29956e+07 1.11378e+07 3.29952e+07 1.11363e+07
3.29952e+07 1.1136e+07 3.29946e+07 1.11333e+07
3.29952e+07 1.1134e+07 3.29952e+07 1.11359e+07
3.29964e+07 1.11396e+07 3.29964e+07 1.11398e+07
3.29954e+07 1.11414e+07 3.29962e+07 1.11434e+07
3.29979e+07 1.11435e+07 3.3002e+07 1.11407e+07
3.30021e+07 1.11405e+07 3.30042e+07 1.11416e+07
3.30048e+07 1.11402e+07 3.30048e+07 1.11401e+07
3.30055e+07 1.11374e+07 3.30044e+07 1.11376e+07
3.30042e+07 1.11386e+07 3.30035e+07 1.11388e+07
3.30034e+07 1.11386e+07 3.30044e+07 1.11365e+07
3.30042e+07 1.11346e+07 3.30065e+07 1.11305e+07
3.30094e+07 1.11224e+07 3.30114e+07 1.11184e+07
3.30122e+07 1.11115e+07 3.3016e+07 1.11059e+07
3.30188e+07 1.11061e+07 3.30188e+07 1.11063e+07
3.30215e+07 1.11061e+07 3.30244e+07 1.11063e+07
3.30243e+07 1.11059e+07 3.30243e+07 1.11059e+07
3.30257e+07 1.11062e+07 3.30251e+07 1.11064e+07
3.30244e+07 1.11088e+07 3.30244e+07 1.11088e+07
3.30244e+07 1.11069e+07 3.30243e+07 1.11059e+07
3.30244e+07 1.11062e+07 3.30244e+07 1.11063e+07
3.30203e+07 1.1106e+07 3.30155e+07 1.11059e+07
3.30122e+07 1.11118e+07 3.3012e+07 1.11138e+07
3.30111e+07 1.11187e+07 3.30089e+07 1.11244e+07
3.30086e+07 1.11252e+07 3.3006e+07 1.11315e+07
3.29993e+07 1.11435e+07 3.29982e+07 1.11433e+07
3.29984e+07 1.11521e+07 3.29989e+07 1.11611e+07
3.29977e+07 1.11609e+07 3.29943e+07 1.11624e+07
3.29947e+07 1.11641e+07 3.29949e+07 1.11641e+07
3.29959e+07 1.11625e+07 3.29994e+07 1.11601e+07
3.29995e+07 1.11584e+07 3.29981e+07 1.11526e+07
3.29974e+07 1.11499e+07 3.29973e+07 1.1149e+07
3.29976e+07 1.11454e+07 3.29974e+07 1.11456e+07
3.2994e+07 1.11454e+07 3.29939e+07 1.11434e+07
3.29944e+07 1.11431e+07 3.29953e+07 1.11431e+07
3.29939e+07 1.11436e+07 3.29914e+07 1.11455e+07
3.29909e+07 1.11468e+07 3.29909e+07 1.11455e+07
3.29906e+07 1.11489e+07 3.29903e+07 1.11526e+07
3.29903e+07 1.1156e+07 3.29904e+07 1.1161e+07
3.29902e+07 1.11622e+07 3.29901e+07 1.11626e+07
3.29904e+07 1.11622e+07 3.29905e+07 1.11653e+07
3.29913e+07 1.11655e+07 3.29918e+07 1.11657e+07
3.29918e+07 1.11656e+07 3.2993e+07 1.1165e+07
3.29943e+07 1.11641e+07 3.29978e+07 1.11619e+07
3.29979e+07 1.11615e+07 3.29988e+07 1.11598e+07
3.29989e+07 1.11585e+07 3.29993e+07 1.1158e+07
3.2999e+07 1.11527e+07 3.29986e+07 1.11519e+07
3.29985e+07 1.11512e+07 3.29989e+07 1.11481e+07
3.29988e+07 1.11475e+07 3.30012e+07 1.1147e+07
3.30013e+07 1.11442e+07 3.30008e+07 1.11421e+07
3.30044e+07 1.11366e+07 3.30054e+07 1.1133e+07
3.30062e+07 1.11314e+07 3.30052e+07 1.11344e+07
3.30052e+07 1.11349e+07 3.30042e+07 1.11346e+07
3.30033e+07 1.11335e+07 3.30026e+07 1.11325e+07
3.30028e+07 1.11347e+07 3.30034e+07 1.11346e+07
3.30027e+07 1.11338e+07 3.30014e+07 1.11339e+07
3.30014e+07 1.11335e+07 3.30015e+07 1.1132e+07
3.30014e+07 1.11325e+07 3.29981e+07 1.11346e+07
3.29924e+07 1.1135e+07 3.2992e+07 1.11352e+07
3.29906e+07 1.11378e+07 3.299e+07 1.11394e+07
3.29891e+07 1.11394e+07 3.29888e+07 1.11394e+07
3.29876e+07 1.11388e+07 3.29876e+07 1.11388e+07
3.29876e+07 1.11388e+07 3.29876e+07 1.11388e+07
3.29876e+07 1.11388e+07 3.29896e+07 1.11395e+07
3.29911e+07 1.11394e+07 3.30009e+07 1.11371e+07
3.29986e+07 1.11347e+07 3.29938e+07 1.11348e+07
3.29937e+07 1.11361e+07 3.29924e+07 1.11374e+07
3.29921e+07 1.11429e+07 3.29926e+07 1.11431e+07
3.29922e+07 1.11431e+07 3.29913e+07 1.11438e+07
3.29913e+07 1.11439e+07 3.29904e+07 1.11473e+07
3.29892e+07 1.11477e+07 3.29893e+07 1.11473e+07
3.29891e+07 1.11455e+07 3.29892e+07 1.11462e+07
3.29894e+07 1.11399e+07 3.29878e+07 1.11352e+07
3.29882e+07 1.11356e+07 3.29892e+07 1.11362e+07
3.29899e+07 1.11364e+07 3.29906e+07 1.11369e+07
3.29906e+07 1.11378e+07 3.29911e+07 1.11383e+07
3.29893e+07 1.11378e+07 3.29891e+07 1.11266e+07
3.29879e+07 1.11236e+07 3.29861e+07 1.11211e+07
3.29871e+07 1.11233e+07 3.29874e+07 1.11251e+07
3.29877e+07 1.11254e+07 3.29887e+07 1.11273e+07
3.29879e+07 1.11307e+07 3.29876e+07 1.11319e+07
3.2988e+07 1.11338e+07 3.29892e+07 1.11353e+07
3.29901e+07 1.11352e+07 3.2991e+07 1.11363e+07
3.2991e+07 1.1135e+07 3.29913e+07 1.11346e+07
3.2991e+07 1.11346e+07 3.29932e+07 1.1135e+07
3.29949e+07 1.11349e+07 3.30018e+07 1.11382e+07
3.3006e+07 1.11317e+07 3.30073e+07 1.11293e+07
3.3015e+07 1.11215e+07 3.30159e+07 1.11146e+07
3.30152e+07 1.11146e+07 3.30153e+07 1.11111e+07
3.30152e+07 1.11099e+07 3.30186e+07 1.1106e+07
3.30188e+07 1.11061e+07 3.30212e+07 1.11061e+07
3.30242e+07 1.11054e+07 3.30231e+07 1.11058e+07
3.30231e+07 1.11063e+07 3.3024e+07 1.11084e+07
3.30251e+07 1.11079e+07 3.30251e+07 1.11077e+07
3.30244e+07 1.1108e+07 3.3024e+07 1.11084e+07
3.30244e+07 1.11074e+07 3.30244e+07 1.11062e+07
3.30237e+07 1.11061e+07 3.30234e+07 1.11061e+07
3.30123e+07 1.11103e+07 3.30107e+07 1.11194e+07
3.30088e+07 1.11247e+07 3.30087e+07 1.1125e+07
3.30054e+07 1.11316e+07 3.30031e+07 1.11314e+07
3.30032e+07 1.11315e+07 3.30032e+07 1.11315e+07
3.30032e+07 1.11315e+07 3.30031e+07 1.1135e+07
3.30033e+07 1.11352e+07 3.30005e+07 1.11412e+07
3.30012e+07 1.11473e+07 3.30012e+07 1.1156e+07
3.29965e+07 1.1156e+07 3.29963e+07 1.1156e+07
3.29936e+07 1.11575e+07 3.29943e+07 1.11575e+07
3.29967e+07 1.11581e+07 3.29982e+07 1.11587e+07
3.29975e+07 1.11552e+07 3.2997e+07 1.11544e+07
3.29974e+07 1.11534e+07 3.2998e+07 1.11533e+07
3.30006e+07 1.11536e+07 3.30012e+07 1.11536e+07
3.30012e+07 1.11592e+07 3.30012e+07 1.11605e+07
3.3002e+07 1.11612e+07 3.30019e+07 1.11617e+07
3.30013e+07 1.11559e+07 3.29983e+07 1.11506e+07
3.29983e+07 1.11497e+07 3.29993e+07 1.11494e+07
3.29982e+07 1.11449e+07 3.29982e+07 1.11446e+07
3.29999e+07 1.11423e+07 3.3001e+07 1.11424e+07
3.30012e+07 1.11427e+07 3.30009e+07 1.11526e+07
3.29952e+07 1.11528e+07 3.29844e+07 1.11484e+07
3.29834e+07 1.11455e+07 3.29835e+07 1.11455e+07
3.29844e+07 1.11473e+07 3.29878e+07 1.11482e+07
3.2988e+07 1.11482e+07 3.29874e+07 1.11482e+07
3.29908e+07 1.11473e+07 3.29933e+07 1.11471e+07
3.29937e+07 1.11446e+07 3.29937e+07 1.11439e+07
3.29952e+07 1.11437e+07 3.29954e+07 1.11437e+07
3.29961e+07 1.11436e+07 3.29973e+07 1.11435e+07
3.29922e+07 1.11436e+07 3.29891e+07 1.11455e+07
3.29888e+07 1.11447e+07 3.29874e+07 1.11431e+07
3.2986e+07 1.11427e+07 3.29859e+07 1.11417e+07
3.29876e+07 1.11395e+07 3.29918e+07 1.11394e+07
3.29923e+07 1.11374e+07 3.29914e+07 1.11301e+07
3.29916e+07 1.11296e+07 3.29917e+07 1.11308e+07
3.2991e+07 1.11319e+07 3.29906e+07 1.11311e+07
3.29891e+07 1.11321e+07 3.29892e+07 1.11347e+07
3.2989e+07 1.11351e+07 3.29882e+07 1.11353e+07
3.29892e+07 1.11387e+07 3.29892e+07 1.11409e+07
3.29882e+07 1.11473e+07 3.29871e+07 1.11482e+07
3.29867e+07 1.11482e+07 3.29862e+07 1.11471e+07
3.29861e+07 1.11472e+07 3.29844e+07 1.11491e+07
3.29825e+07 1.11528e+07 3.29707e+07 1.11525e+07
3.29707e+07 1.1152e+07 3.2972e+07 1.11529e+07
3.29734e+07 1.11536e+07 3.29734e+07 1.11566e+07
3.29734e+07 1.11536e+07 3.29742e+07 1.11537e+07
3.29781e+07 1.11534e+07 3.29783e+07 1.11529e+07
3.29788e+07 1.11529e+07 3.29811e+07 1.11529e+07
3.29814e+07 1.11499e+07 3.29819e+07 1.11491e+07
3.29844e+07 1.11549e+07 3.29843e+07 1.1158e+07
3.29845e+07 1.11579e+07 3.29888e+07 1.1155e+07
3.29929e+07 1.11545e+07 3.29957e+07 1.11543e+07
3.29957e+07 1.11526e+07 3.29974e+07 1.11509e+07
3.29993e+07 1.11493e+07 3.29995e+07 1.11494e+07
3.30016e+07 1.11493e+07 3.30071e+07 1.11493e+07
3.30075e+07 1.11474e+07 3.30075e+07 1.11494e+07
3.30095e+07 1.11453e+07 3.30073e+07 1.11362e+07
3.30071e+07 1.11359e+07 3.30105e+07 1.11266e+07
3.30155e+07 1.11176e+07 3.30153e+07 1.11091e+07
3.30188e+07 1.11061e+07 3.30188e+07 1.11062e+07
3.30193e+07 1.1106e+07 3.30238e+07 1.1108e+07
3.30239e+07 1.11085e+07 3.30242e+07 1.11055e+07
3.30243e+07 1.11059e+07 3.30244e+07 1.11063e+07
3.30234e+07 1.11061e+07 3.3018e+07 1.1106e+07
3.30154e+07 1.11083e+07 3.30152e+07 1.11143e+07
3.30152e+07 1.11146e+07 3.30124e+07 1.11253e+07
3.30041e+07 1.11351e+07 3.29981e+07 1.11449e+07
3.29995e+07 1.11453e+07 3.29998e+07 1.11453e+07
3.3002e+07 1.11438e+07 3.30021e+07 1.11448e+07
3.30013e+07 1.11436e+07 3.30013e+07 1.11436e+07
3.30002e+07 1.11421e+07 3.29986e+07 1.11369e+07
3.29987e+07 1.11364e+07 3.29965e+07 1.11347e+07
3.29952e+07 1.11391e+07 3.29952e+07 1.11393e+07
3.29964e+07 1.11413e+07 3.29983e+07 1.11424e+07
3.29984e+07 1.11424e+07 3.29987e+07 1.11441e+07
3.29947e+07 1.11436e+07 3.29896e+07 1.11447e+07
3.29895e+07 1.11481e+07 3.29862e+07 1.11551e+07
3.2986e+07 1.11551e+07 3.29854e+07 1.11552e+07
3.29865e+07 1.11545e+07 3.29924e+07 1.11343e+07
3.29961e+07 1.11436e+07 3.29962e+07 1.11436e+07
3.29981e+07 1.11451e+07 3.29993e+07 1.1155e+07
3.29993e+07 1.11579e+07 3.29989e+07 1.11582e+07
3.29994e+07 1.1158e+07 3.30011e+07 1.1158e+07
3.30007e+07 1.11596e+07 3.30007e+07 1.11588e+07
3.29989e+07 1.1158e+07 3.29989e+07 1.11581e+07
3.29995e+07 1.11594e+07 3.29968e+07 1.11628e+07
3.29968e+07 1.11631e+07 3.29929e+07 1.11652e+07
3.29929e+07 1.11641e+07 3.29929e+07 1.11641e+07
3.29973e+07 1.11638e+07 3.30013e+07 1.11576e+07
3.30013e+07 1.11573e+07 3.30008e+07 1.11526e+07
3.29993e+07 1.11516e+07 3.29989e+07 1.11523e+07
3.29987e+07 1.11505e+07 3.29987e+07 1.11505e+07
3.29988e+07 1.11491e+07 3.2999e+07 1.11491e+07
3.29982e+07 1.11461e+07 3.29973e+07 1.11465e+07
3.29973e+07 1.11466e+07 3.29956e+07 1.11491e+07
3.29937e+07 1.11493e+07 3.29917e+07 1.11472e+07
3.29895e+07 1.11462e+07 3.29895e+07 1.11459e+07
3.29879e+07 1.11394e+07 3.29834e+07 1.11367e+07
3.29818e+07 1.11318e+07 3.29814e+07 1.11324e+07
3.29814e+07 1.11328e+07 3.29827e+07 1.1133e+07
3.29839e+07 1.11352e+07 3.29887e+07 1.11352e+07
3.29961e+07 1.11348e+07 3.29994e+07 1.11409e+07
3.29987e+07 1.11412e+07 3.29972e+07 1.11413e+07
3.29964e+07 1.11392e+07 3.29963e+07 1.11378e+07
3.29964e+07 1.11389e+07 3.29964e+07 1.11389e+07
