21949.6 101615 23023.8 101741
23042.7 101512 23077.2 102055
22937 101715 21928.4 102109
19942.5 104464 18099 105978
15451.8 105885 11292.9 109075
11297.4 111778 11073.6 118847
10121.9 120004 8026.83 119343
6791.18 126114 5414.16 127136
4742.91 130088 4029.35 130620
2606.68 130288 2524.31 130451
2581.08 130464 2581.08 130464
2566.61 130471 2566.61 130471
2549.91 130466 2549.91 130466
2568.84 130482 2568.84 130482
2557.7 130506 2561.04 131083
2138.03 132690 3006.32 134964
1821.88 138606 2891.66 140289
2660.12 142634 3206.7 142313
4041.59 141211 3497.24 138675
3045.28 139753 2853.81 141273
3024.13 142738 3024.13 142738
3027.47 142714 3027.47 142714
3024.13 142734 3024.13 142734
3024.13 142720 3024.13 142720
2994.08 142740 2712.44 143001
3338.05 142226 4394.47 151165
2189.24 153376 -729.561 153436
813.327 152708 1169.55 160968
1951.01 161591 1326.51 160877
-4196.05 164047 -5731.15 163973
-5581.98 165574 -5500.71 166761
-5508.51 166017 -5314.81 165040
-4565.63 164149 -4169.33 164123
-4033.52 163330 -4098.09 160745
-3201.97 160064 -3201.97 160064
-3203.08 160066 -3259.85 158345
-1120.29 158011 580.669 158597
679.744 158140 1620.39 157423
1267.51 157826 1298.68 152185
2460.86 147017 3133.23 147253
3753.27 147028 2781.46 153371
472.689 153554 605.16 153160
-16290.9 142028 -17436.4 140127
-17303.9 139539 -17324 141487
-17962.9 141681 -17962.9 141681
-17969.6 141685 -15904.6 145356
-15788.9 146425 -15788.9 146425
-15784.4 146425 -15784.4 146425
-15777.7 146427 -15777.7 146427
-15776.6 146450 -15776.6 146450
-15782.2 146438 -15782.2 146438
-15790 146432 -15790 146432
-15808.9 146443 -15808.9 146443
-15805.6 146441 -15636.4 142393
-15849 139719 -15869 139617
-13985.5 137551 -12589.5 137455
-14045.6 136486 -14045.6 136486
-14013.3 136495 -13011.4 135431
-25739.7 110625 -11936.1 132900
-25739.7 110625 -11957.2 132904
-10242.9 133690 -10165 133686
-9254.41 131945 -8235.83 132020
-9897.83 131949 -12257.8 133795
-12214.4 135055 -12972.5 137629
-12816.6 141654 -11739.1 142068
-11722.4 142017 -10180.6 141598
-7959.76 143377 -7957.54 143473
-6273.27 144012 -6151.93 140790
-5589.77 134926 -4722.59 132441
-3565.98 125976 -3056.14 122431
-2725.52 123832 -3652.81 126325
-3708.47 126254 -3705.13 126294
-3653.92 126345 -3776.38 130716
-4143.73 131677 -3707.36 131628
-3651.7 126321 -1931.81 123440
-2537.39 122549 1906.48 130248
1399.98 133492 3224.51 136827
3388.15 136671 3203.36 138459
4303.19 138671 4303.19 138671
4297.63 138679 4297.63 138679
4287.61 138664 4287.61 138664
4302.08 138637 4416.74 139265
3267.92 138495 3476.09 137143
2288.31 133893 1913.16 128894
6339.23 126998 7383.4 124491
7405.67 123723 7663.93 124560
7898.81 127280 2840.45 137361
709.8 141166 1263.06 147282
-483.545 149555 22.9586 149333
766.573 147264 1499.06 144009
2063.44 143716 2063.44 143716
2052.31 143711 1997.77 143181
2091.27 144299 2102.41 144844
2507.61 144455 2507.61 144455
2483.12 144466 2496.48 146915
3126.55 147505 3041.94 152761
4440.12 152706 4462.38 145539
5165.92 143319 5488.75 141852
5208.22 138477 5310.63 138477
5144.77 138477 4310.99 134783
6149.98 131023 7776.36 127690
11717.1 117455 12465.1 108481
13742 106025 18728 106225
18808.1 106119 19874.6 103609
20359.9 103275 20359.9 103275
20372.2 103313 20372.2 103313
20365.5 103322 19225.6 105313
13421.4 106036 13421.4 106036
13403.6 106041 13442.5 110226
13208.8 116362 13208.8 116362
13222.1 116358 13386.9 116188
13432.5 116257 13432.5 116257
13426.9 116257 13426.9 116257
13433.6 116253 13449.2 116057
13698.6 116137 13442.5 116155
13396.9 116235 13396.9 116235
13396.9 116209 13396.9 116209
13398 116217 13398 116217
13401.3 116217 13401.3 116217
13383.5 116213 13383.5 116213
13395.8 116206 13395.8 116206
13399.1 116217 13399.1 116217
13400.2 116224 13400.2 116224
13401.3 116220 13401.3 116220
13399.1 116215 13399.1 116215
13401.3 116209 13367.9 116300
13183.1 116355 15291.5 118068
15416.2 117787 15416.2 117787
15429.6 117780 15404 117794
15398.4 117455 15398.4 117455
15377.3 117475 15182.4 115129
15450.7 115302 15684.5 114886
14943.1 121599 9151.16 127530
7645 128765 1552.49 139641
-970.011 139741 -1747.02 139022
-7672.56 139338 -12660.8 139459
-15668.6 140534 -15548.4 157882
6546.28 130188 6546.28 130188
6540.71 130206 6540.71 130206
6548.51 130215 6548.51 130215
6544.05 130188 6544.05 130188
6538.49 130192 6538.49 130192
6538.49 130184 6538.49 130184
6540.71 130217 6540.71 130217
6540.71 130201 6540.71 130201
6542.94 130201 6542.94 130201
6547.39 130215 6547.39 130215
6542.94 130239 6542.94 130239
6545.17 130210 6545.17 130210
6544.05 130215 6544.05 130215
6532.92 130199 6532.92 130199
6556.3 130201 6556.3 130201
6541.83 130208 6541.83 130208
6545.17 130206 6545.17 130206
6546.28 130208 6546.28 130208
6535.15 130210 6535.15 130210
6549.62 130212 6549.62 130212
6544.05 130217 6544.05 130217
6541.83 130204 6541.83 130204
6539.6 130212 6539.6 130212
6545.17 130219 6545.17 130219
6554.07 130204 6554.07 130204
6556.3 130206 6556.3 130206
6551.85 130219 6551.85 130219
6560.75 130201 6560.75 130201
6546.28 130192 6546.28 130192
6546.28 130204 6546.28 130204
6546.28 130224 6546.28 130224
6555.19 130215 6555.19 130215
6532.92 130197 6532.92 130197
6542.94 130210 6542.94 130210
6548.51 130217 6548.51 130217
6546.28 130199 6546.28 130199
6561.87 130208 6561.87 130208
6545.17 130184 6545.17 130184
6540.71 130186 6540.71 130186
6528.47 130197 6528.47 130197
6534.04 130199 6534.04 130199
6527.36 130208 6527.36 130208
6535.15 130188 6535.15 130188
6544.05 130201 6331.43 130658
4388.91 137083 5323.99 138508
5179.28 138466 2319.48 147756
1366.58 146935 -1154.8 146997
-633.826 145399 -1338.48 147002
-1673.55 147004 -2446.11 153376
-992.275 153093 -1004.52 152888
-2603.07 151515 -4286.22 151058
-4360.8 150631 -3657.26 148264
-3627.21 150793 -3612.74 151539
-3082.86 152683 1244.13 153587
1231.89 154146 -643.845 155302
-1011.2 153231 -3518.11 152650
-7520.05 152804 -8226.93 153171
-7938.61 152944 -6652.87 149575
-6001.65 145510 -5567.51 145443
-2095.45 145385 275.654 141814
-15481.6 136887 -14553.2 138708
214.428 141536 -95.0401 142226
172.127 141888 172.127 141888
167.674 141892 167.674 141892
167.674 141888 167.674 141888
171.014 141892 171.014 141892
172.127 141890 172.127 141890
174.353 141892 174.353 141892
173.24 141888 173.24 141888
175.466 141879 175.466 141879
176.579 141903 176.579 141903
172.127 141883 172.127 141883
172.127 141885 172.127 141885
166.561 141885 166.561 141885
176.579 141883 176.579 141883
162.108 141863 178.806 141905
178.806 141868 178.806 141868
187.711 141877 187.711 141877
184.372 141870 280.107 141792
1320.94 141966 5306.18 138519
4418.97 137479 4392.25 134977
8489.92 125582 9236.87 123164
11316.3 118482 13268.9 106098
18724.6 106199 19508.3 106058
20366.6 103353 20359.9 103289
11295.2 109251 1382.17 130126
1410 129823 1886.45 127714
1521.32 129086 1384.4 129373
1207.4 130368 7.37387 130440
-2979.33 130186 -3719.6 131194
-3651.7 131987 -5947.11 134861
-7788.33 139370 -7969.78 143335
-6497.02 145312 -6261.03 144760
-4503.29 141894 4421.19 138622
5306.18 138524 5306.18 138524
5307.29 138504 5307.29 138504
5302.84 138497 5302.84 138497
5317.31 138490 1450.07 141705
-11297.1 156635 -11299.3 157700
-10409.9 154605 5499.88 132421
8101.41 126770 11693.7 117584
12347.1 109845 16775.4 103703
20376.6 103338 20376.6 103338
20361 103367 19747.7 103485
19973.6 105916 30939.7 104967
35923.5 100559 39071.6 99207.8
40354 96638.5 39361 87198.6
42079.5 86245.7 48190.9 86804.6
48569.4 86662.1 48216.5 87140.8
36476.8 100243 27878.4 104266
22468.3 106061 17259.7 105947
15439.6 108245 15271.5 114701
14379.8 122710 13957.9 123667
5980.78 131686 4138.44 134561
4024.89 134391 3340.28 132588
3169.96 131524 3169.96 131524
3168.85 131517 3168.85 131517
3179.98 131513 1740.62 134768
989.212 134690 3446.03 137063
4811.92 140859 4413.4 147463
5396.35 152768 4287.61 152365
1317.6 151466 37.4301 148538
375.841 148538 1215.19 147057
1988.86 141943 1963.26 141516
3477.2 138693 612.952 143137
576.216 143241 -283.17 146933
-1531.06 146991 -1773.74 146663
-1799.34 142306 991.438 142424
876.779 142662 2660.12 139494
3338.05 139793 2663.46 139385
2376.25 139848 2554.36 143771
2503.16 146988 2920.6 147020
5060.17 149395 8682.5 149221
12075.5 149451 10169.7 149224
9490.68 149199 7498.06 146759
7048.33 143900 6992.67 143898
6559.64 141979 5563.33 138486
5434.2 138484 2522.08 135876
1414.45 133004 1687.18 132877
2364.01 133617 1450.07 134505
1785.15 134944 2194.8 133904
1835.24 136351 1929.86 136340
4214.14 138121 5306.18 138517
5793.76 134859 4453.47 134915
3073.11 133169 1492.38 132842
1050.44 132519 1446.73 131982
1787.37 132882 4255.33 134643
4358.85 134416 6600.83 130279
7750.76 127779 9517.4 122006
11869.6 115679 12058.8 113374
11728.2 108367 12671.1 107290
14207.3 106001 22406 104268
22684.3 103282 22684.3 103282
22669.8 103300 22669.8 103300
22679.8 103304 22679.8 103304
22680.9 103302 22680.9 103302
22679.8 103287 22679.8 103287
22676.5 103291 22676.5 103291
22677.6 103284 22677.6 103284
22678.7 103293 22678.7 103293
22667.6 103289 22667.6 103289
22674.2 103298 30006.9 102432
34154.6 101517 38448.2 99472.7
39295.4 99267.9 40357.3 95912.7
39269.8 86363.7 41555.1 85624.6
45283.2 87824.3 50788 87726.3
48195.4 86811.3 48206.5 87138.5
46949.7 86806.8 45926.7 82053.5
48199.8 87136.3 48199.8 87136.3
48204.3 87140.8 47409.4 86791.2
46992 82547.7 45003.8 81029.3
42075 87136.3 41304.7 96658.6
41382.6 98096.8 41062 93599.5
43248.3 87078.4 44750 87639.5
48207.6 87131.9 48207.6 87131.9
48195.4 87125.2 48195.4 87125.2
48203.1 87138.5 48203.1 87138.5
48199.8 87147.4 48199.8 87147.4
48194.2 87151.9 48194.2 87151.9
48195.4 87154.1 48195.4 87154.1
48193.1 87147.4 48193.1 87147.4
48193.1 87138.5 48193.1 87138.5
48197.6 87149.7 48197.6 87149.7
48200.9 87149.7 48200.9 87149.7
48193.1 87147.4 48193.1 87147.4
48185.3 87158.6 48185.3 87158.6
48203.1 87147.4 48203.1 87147.4
48197.6 87151.9 44863.6 87708.5
42660.5 87085.1 40867.2 89937.1
39932.1 99116.5 37276 99826.7
33648.1 101775 27455.4 102710
25693.2 102668 23157.4 103253
19948 103469 19273.4 105246
18037.8 105994 12655.5 107225
12379.4 109345 12004.3 113746
10178.6 119913 9616.47 121556
7755.21 127717 4996.71 130963
4466.83 130687 3153.26 131844
1702.77 134861 919.08 135583
-3465.79 134757 -10690.4 135117
-11085.6 139401 -12724.2 137491
-11726.8 137513 -10756.1 139684
-10472.2 144615 -10555.7 145216
-10535.7 146625 -10445.5 150564
-10509 152534 -10814 151550
-10760.6 149373 -11811.4 148344
-12254.5 145904 -15302.4 145234
-15640.8 142689 -16626 136702
-16085 135416 -15572.9 135551
-13864.1 135462 -13629.3 136498
-13893.1 138960 -13883.1 139407
-16197.4 140970 -17843.8 141563
-17833.8 141451 -18026.4 141258
-17138.1 141396 -12548.4 139485
-10549.1 143219 -10558 145263
-10426.6 147349 -9898.95 147362
-7302.98 147164 -5008.68 147077
-4945.23 147583 -4862.85 151074
-4240.58 151112 -4085.84 151098
-3679.53 147748 -1557.78 145421
-841.994 145381 -290.962 145341
1736.17 141289 4444.57 138593
5212.67 138490 5212.67 138490
5208.22 138504 5208.22 138504
5209.33 138497 5308.41 138535
5547.74 138488 7021.61 139933
8998.65 139989 9241.33 139713
7627.19 143114 8239.45 138840
13607.3 115872 13607.3 115872
