58.5808 149411.0
-4387.52 149486.0
-4800.51 154469.0
-4221.65 156707.0
-5849.14 159639.0
-5728.92 178585.0
-5314.81 173738.0
-6375.69 164080.0
-13700.5 165708.0
-15394.8 157813.0
-13972.1 157976.0
-11301.6 157415.0
-10274.1 161565.0
-6953.43 161438.0
-7772.75 159238.0
-9247.73 157936.0
-11001.0 156811.0
-11307.1 171022.0
-11106.8 169916.0
-5409.43 169415.0
-5417.22 157441.0
-4240.58 155186.0
-6469.19 145345.0
-8808.02 141678.0
-9422.5 139223.0
-10641.4 139189.0
-11771.3 135126.0
-11022.2 138212.0
-10505.6 145256.0
-7894.08 142988.0
-9274.45 130929.0
-10476.7 127336.0
-4552.27 126773.0
-4243.92 106406.0
-4680.29 92838.1
-3814.22 92604.3
-4702.55 103547.0
-4157.09 127167.0
-5008.68 134794.0
-8045.48 134839.0
-8756.81 143660.0
-10546.8 144891.0
-6708.53 145018.0
-10541.3 146138.0
-10724.9 150566.0
-12881.2 151446.0
-14361.7 153006.0
-14841.5 154807.0
-14153.6 152862.0
-12804.4 152171.0
-12179.9 148246.0
-11713.5 150468.0
-10198.4 145537.0
-10480.0 149883.0
-11439.6 150428.0
-9530.48 149954.0
-9964.63 145508.0
-12870.1 149860.0
-13784.0 152049.0
-14591.1 152047.0
-12870.1 151519.0
-11893.8 148262.0
-6948.98 147138.0
-691.713 146091.0
-1883.94 145753.0
-2203.43 149043.0
-4394.2 149159.0
-4366.37 152755.0
-1585.61 153574.0
-1199.33 155938.0
637.442 155070.0
-597.091 154376.0
-850.899 154765.0
-1460.93 147037.0
850.062 150680.0
6805.66 150862.0
2160.29 150744.0
1245.25 146171.0
20.7322 146915.0
-1173.73 145352.0
-1882.83 144735.0
-2717.73 147972.0
-6016.12 147149.0
-5022.04 151136.0
-4507.74 156128.0
-8446.23 156958.0
-9576.12 159367.0
-11084.5 160347.0
-8470.72 159340.0
-9570.56 160785.0
-8426.19 157337.0
-8450.68 155720.0
-9431.41 161115.0
-7382.01 158269.0
-2724.41 160665.0
-2852.42 160921.0
-1177.07 160298.0
-1624.57 155972.0
-1800.45 146381.0
1225.21 145312.0
601.82 144757.0
-2033.11 148999.0
-2691.01 147017.0
-10476.7 146481.0
-8153.46 148220.0
-6702.97 149575.0
-5314.81 149355.0
-3709.58 155475.0
-3542.6 164036.0
-9492.63 165430.0
-10148.3 167415.0
-9547.18 162065.0
-8528.6 150406.0
-7628.03 149526.0
-6653.98 152882.0
-1529.95 152476.0
-2227.92 149032.0
-4396.43 149170.0
-5986.07 152804.0
-10488.9 153289.0
-10697.1 154865.0
-14348.4 154496.0
-13283.1 152102.0
-10307.5 149275.0
-9917.87 152933.0
-6069.56 153895.0
-2559.65 154440.0
-2311.41 156555.0
-4822.78 153060.0
-4850.61 151586.0
-5556.37 154442.0
-10847.4 154999.0
-11518.6 156758.0
-13749.5 157363.0
-13477.9 152904.0
-10465.6 150473.0
-10006.9 151719.0
-8064.4 151201.0
-7649.18 149486.0
-5312.58 149433.0
-4850.61 151080.0
-3958.94 147084.0
-4399.76 150406.0
-4472.12 154351.0
-3431.29 156088.0
1221.87 156079.0
409.237 162729.0
3104.28 170472.0
2421.89 168233.0
880.119 168355.0
-585.959 162088.0
-730.674 154910.0
-2270.22 143448.0
-4643.55 143500.0
-4026.84 137722.0
-4338.54 139111.0
-6594.99 138328.0
-6180.88 139341.0
-6188.67 134993.0
-4750.42 135055.0
-3726.28 124996.0
-2016.41 124987.0
-3617.19 125063.0
-4123.69 125537.0
-3887.7 123166.0
-3127.38 122899.0
-4023.5 119889.0
-3653.92 115759.0
-4727.04 130046.0
-3906.62 149141.0
-2645.37 150217.0
-1549.99 154362.0
76.3919 159044.0
-2734.43 155126.0
-4827.23 154286.0
-5078.81 152247.0
-5474.0 156339.0
-3817.56 142999.0
-3800.87 143805.0
-3024.97 128783.0
-864.258 104371.0
-4843.93 151497.0
-4641.33 147095.0
-2718.84 146443.0
-2183.39 135923.0
-2873.57 152692.0
-1616.78 155021.0
-2495.09 155197.0
-1535.51 154240.0
-1285.05 145392.0
-112.851 146358.0
-7795.01 147151.0
-10240.7 137464.0
-10627.0 145552.0
-10359.8 145470.0
-9541.61 147322.0
-7827.29 148317.0
-8150.12 149148.0
-10814.0 149500.0
-9936.8 151837.0
-9127.5 146806.0
-9119.71 145474.0
-11190.3 144168.0
-11779.1 140859.0
-10856.3 145637.0
-8656.62 145653.0
-7424.32 147151.0
-4619.06 147173.0
-4042.43 151112.0
-4850.61 151167.0
-4643.55 143526.0
-5367.13 139519.0
-4371.93 141356.0
-1682.46 141267.0
-663.883 145334.0
-2717.73 146387.0
-3630.55 149126.0
-1794.89 149226.0
-598.204 157971.0
1210.74 158038.0
787.723 163802.0
599.594 166385.0
-185.209 164773.0
-1941.83 163693.0
-4023.5 164454.0
-3958.94 166264.0
-3253.17 158149.0
-2318.09 156540.0
649.687 155197.0
-569.261 155271.0
2513.18 155927.0
1271.96 155865.0
1047.1 153171.0
-1518.82 152666.0
-1794.89 148469.0
153.202 153240.0
3080.91 152688.0
4294.29 151045.0
5380.77 150956.0
3082.02 151441.0
1900.92 152581.0
-10.4373 154665.0
1230.78 155861.0
1362.13 152699.0
8507.73 151690.0
11162.7 150934.0
11525.6 150257.0
2034.5 150740.0
1122.8 142513.0
-1496.55 139111.0
-9420.27 139303.0
-9036.22 136279.0
-7655.86 137326.0
-7649.18 135039.0
-4738.18 134071.0
-5396.07 139200.0
-6136.35 143589.0
-10569.1 145067.0
-11033.3 147300.0
-61357.5 225693.0
-11537.6 149397.0
-10611.4 154863.0
-11067.8 169880.0
-5702.2 158744.0
1234.11 158733.0
-7294.07 157012.0
-8771.28 154591.0
-10394.3 153908.0
-10309.7 151898.0
-9153.11 147362.0
-9570.56 145492.0
-8111.16 149486.0
-5286.98 150339.0
-4847.27 151158.0
-3658.38 150922.0
-2695.46 149115.0
-2665.41 149593.0
-2049.81 146888.0
-2628.67 149077.0
-10391.0 149188.0
-10730.5 145508.0
-15554.0 144884.0
-15721.0 141894.0
-15948.0 138891.0
-17189.3 133692.0
-17189.3 140202.0
-16210.8 137671.0
-12973.6 137537.0
-12392.5 139490.0
-10858.5 139503.0
-10689.3 156874.0
-9622.88 158688.0
-10038.1 157074.0
-11229.2 154988.0
-13493.5 154097.0
-13530.2 152058.0
-14812.6 152031.0
-12798.8 152383.0
-13149.5 151325.0
-11852.6 152993.0
-11741.3 150473.0
-12789.9 153178.0
-13421.1 155222.0
-11337.2 155197.0
-11025.5 161542.0
-10138.3 142999.0
-9873.34 142798.0
-9530.48 144299.0
-8598.74 146728.0
-9597.27 145537.0
-10482.3 147122.0
-10112.7 146160.0
-10541.3 147256.0
-14489.8 148124.0
-17474.2 151597.0
-10438.8 151363.0
-10669.3 195254.0
-9183.16 151541.0
-7335.26 154565.0
-6514.84 152492.0
