-4835.02 152866.0
-4772.69 151633.0
-10996.6 152902.0
-15204.4 152817.0
-16349.9 146160.0
-15284.6 156998.0
-15745.4 141298.0
-12463.7 138147.0
-14791.4 141912.0
-14079.0 139590.0
-7687.03 138383.0
-609.336 127893.0
4687.25 130678.0
11798.3 125722.0
15274.8 121120.0
15557.6 114632.0
15470.8 120606.0
6722.17 130335.0
1180.68 142177.0
-3601.6 139062.0
-7476.64 140523.0
-8868.13 139263.0
-10050.3 144486.0
-12265.6 145980.0
-8017.65 143411.0
-7809.48 136201.0
-5248.02 134890.0
-5289.21 132650.0
-7613.56 137419.0
-12684.2 139423.0
-14006.6 141830.0
-13831.9 149268.0
-8270.34 152953.0
-7309.66 154500.0
-9364.61 157524.0
-8437.32 155671.0
-7124.87 160977.0
-2852.42 162155.0
-4239.46 155613.0
-13761.7 152893.0
-4426.48 157020.0
-14354.0 156346.0
-14292.7 161593.0
-21195.6 161825.0
-26644.7 167988.0
-26586.9 172944.0
-36999.7 192825.0
-51028.2 199513.0
-52198.1 212947.0
-50328.0 214444.0
-54067.2 217917.0
-54017.1 215189.0
-50477.1 214428.0
-52323.9 210454.0
-51607.0 200571.0
-36670.2 192398.0
-28798.8 178659.0
-26000.2 166750.0
-24033.2 166636.0
-21650.9 162306.0
-18961.5 160894.0
-17361.8 165309.0
-15638.6 161809.0
-13247.4 161609.0
-13933.2 159806.0
-15378.1 158523.0
-14965.1 159545.0
-14725.8 158022.0
-15385.9 159554.0
-15731.0 155827.0
-16827.5 156477.0
-15790.0 153115.0
-15568.4 157993.0
-14844.9 157265.0
-15597.4 154086.0
-16079.4 155112.0
-16469.0 153211.0
-16801.9 156865.0
-17247.1 153603.0
-17487.6 150620.0
-15889.0 149188.0
-15552.9 160429.0
-19274.3 159162.0
-20564.5 150542.0
-24536.3 155377.0
-24055.4 158094.0
-21848.0 155974.0
-19569.3 156669.0
-19541.4 144568.0
-15926.9 139574.0
-17191.5 149164.0
-16323.2 146514.0
-17208.2 147247.0
-15605.2 152116.0
-19509.2 146988.0
-19557.0 140884.0
-20345.2 144018.0
-24390.5 142266.0
-27815.8 144216.0
-27871.5 147768.0
-20823.8 149054.0
-18945.9 144132.0
-3213.1 141307.0
-7360.86 143072.0
-8410.61 128759.0
-8912.66 131905.0
-11460.8 127870.0
-11881.5 129725.0
-9459.24 131965.0
-3430.17 154226.0
-9649.59 156887.0
-17263.8 152027.0
-17270.5 154442.0
-25383.5 159950.0
-24185.7 166100.0
-23300.7 159801.0
-21932.6 158196.0
-21183.4 155177.0
-12019.6 154400.0
-11912.7 151902.0
-12029.6 156212.0
-9629.55 158815.0
-10564.6 156840.0
-12867.8 156159.0
-11377.3 153340.0
-14123.5 157949.0
-13076.0 152508.0
-15580.7 152770.0
-14684.6 160442.0
-14561.0 157032.0
-15592.9 153739.0
-18954.8 156019.0
-17655.7 155242.0
-16049.3 158396.0
-12216.6 156793.0
-11526.4 157470.0
-13501.2 154157.0
-11565.4 152937.0
-15315.8 155115.0
-15610.8 148890.0
-15594.1 151054.0
-13584.7 149304.0
-10368.7 150121.0
-10444.4 152231.0
-2605.29 152668.0
-1916.23 155035.0
-4997.55 160732.0
-9537.16 161061.0
-10179.5 156905.0
-13653.8 156720.0
-18191.1 161313.0
-18201.2 167734.0
-19552.6 153029.0
-15725.4 152597.0
-15588.5 156971.0
-14354.0 156560.0
-15599.6 153467.0
-15293.5 162266.0
-11626.6 169248.0
-12002.9 175246.0
-13590.3 177223.0
-12718.7 180119.0
-11527.6 170397.0
-15644.1 168204.0
-11501.9 164935.0
-11921.6 156787.0
-14408.5 156101.0
-14755.8 157192.0
-15598.5 154142.0
-16473.5 154892.0
-15539.5 149297.0
-18632.0 148235.0
-17280.5 152899.0
-15598.5 154046.0
-24010.9 155128.0
-25379.0 159937.0
-24262.5 156874.0
-19496.9 157849.0
-19779.7 155030.0
-17472.0 167489.0
-18183.3 167912.0
-18974.8 155177.0
-4807.19 153514.0
-4842.82 151800.0
-8496.32 152815.0
-7963.1 167369.0
-6323.37 156735.0
-5333.74 156246.0
-9630.67 157245.0
-12118.7 156756.0
-13737.2 159398.0
-15119.8 158434.0
-15551.8 149838.0
-15043.0 157461.0
-16275.3 142440.0
-11250.4 147160.0
-18540.7 149696.0
-18568.5 153049.0
-17080.2 154271.0
-16096.1 152897.0
-15099.8 163132.0
-15372.5 157299.0
-15397.0 160623.0
-6952.32 162114.0
-8451.79 164036.0
-11365.0 162696.0
-12343.5 156720.0
-15490.5 157579.0
-16498.0 146145.0
-18399.3 148892.0
-17427.5 155117.0
-13755.1 155166.0
-9812.12 161462.0
-4633.54 163755.0
-7348.62 162733.0
-12911.3 165812.0
-18503.9 162168.0
-24462.9 165176.0
-27821.4 177332.0
-32123.9 182766.0
-39735.9 202138.0
-44403.5 220974.0
-45052.5 222646.0
-50315.7 220793.0
-51551.4 217509.0
-22125.2 105858.0
-51270.8 214392.0
-51122.8 200152.0
-40379.3 195034.0
-33055.6 187907.0
-29481.2 179627.0
-30705.7 176544.0
-32834.1 176156.0
-32413.3 174524.0
-27188.0 174070.0
-26856.2 167277.0
-24894.8 166839.0
-26909.7 160071.0
-25217.6 155159.0
-21757.8 152870.0
-20661.3 158241.0
-21366.0 163902.0
-20460.9 161293.0
-15061.9 158399.0
-15005.2 163524.0
-17403.0 163953.0
-16729.5 163143.0
-17303.9 164786.0
2527.65 149083.0
-14165.8 155213.0
-15540.6 153928.0
-15738.8 155110.0
-14042.3 143059.0
-15548.4 145274.0
-14342.8 139635.0
-12753.2 152543.0
-15616.3 152485.0
-12980.3 153930.0
-15517.2 153182.0
-18785.6 161386.0
-17775.9 162030.0
-15532.8 154656.0
-15716.5 152543.0
-15397.0 161168.0
-17394.1 161996.0
-18990.4 160536.0
20277.5 160536.0
-15558.4 155976.0
-15499.4 145359.0
-2953.72 143531.0
-1818.27 141280.0
-1716.97 142366.0
-1664.64 141131.0
-1544.42 146601.0
-3764.13 143569.0
-7905.22 143631.0
-10467.8 149749.0
-9952.38 152877.0
-20288.4 152819.0
-20378.6 149584.0
-20656.9 152031.0
-21245.7 149920.0
-18490.6 141721.0
-17594.5 139477.0
-7826.18 139920.0
-8752.36 143108.0
-13396.6 152496.0
-15580.7 154447.0
-11310.5 155967.0
-7410.96 163497.0
-11445.2 164011.0
-12775.4 157915.0
-14017.8 159817.0
-15557.3 156664.0
-24356.0 165614.0
-17197.1 158922.0
-22360.1 162849.0
-31673.0 181883.0
-37294.7 193259.0
-48419.9 198251.0
-46467.4 209227.0
-52322.8 210376.0
-50689.7 214419.0
-53860.1 207720.0
-50921.3 215145.0
