-41354.5 376155.0
26798.6 139401.0
-16354.4 139412.0
26798.6 139401.0
14461.1 147935.0
-18709.9 158862.0
26847.6 139436.0
4440.12 138423.0
9187.89 137141.0
11756.0 141144.0
12238.0 138495.0
18936.1 135073.0
26559.3 135251.0
27038.0 139615.0
22500.6 157225.0
27232.8 145223.0
26728.5 139479.0
28752.3 138034.0
26164.1 140276.0
28856.9 136506.0
-17116.9 159151.0
-15542.8 158505.0
-13942.1 165619.0
-1301.74 163680.0
-3544.83 169441.0
2716.89 163791.0
30227.3 188477.0
88163.5 318848.0
93361.0 301996.0
103631.0 155377.0
109463.0 2911.98
4450.13 155987.0
848.949 156902.0
4439.0 156061.0
26648.4 140271.0
26327.8 141638.0
27630.2 136535.0
27173.8 139924.0
25721.1 137776.0
22186.7 149504.0
15707.9 151724.0
15927.2 148825.0
17819.6 148992.0
5770.38 149299.0
5798.21 146461.0
7464.67 145563.0
-19326.6 121084.0
7492.5 149215.0
8861.73 150706.0
10906.7 151426.0
52595.8 226544.0
53760.2 233717.0
60150.0 244656.0
82607.5 404709.0
3682.03 157813.0
3026.36 161627.0
2583.31 159719.0
1167.32 158884.0
3000.75 160863.0
2959.57 163682.0
-58356.3 92998.4
11452.1 139908.0
6424.94 150938.0
11452.1 139908.0
26695.1 139045.0
30652.5 84642.7
26853.2 139436.0
26203.1 137887.0
26728.5 139136.0
25940.4 137266.0
3607.45 149371.0
4295.4 138212.0
-6264.37 124057.0
-15620.8 105192.0
-33233.7 78649.3
-61403.1 15793.9
-108627.0 -129580.0
-123512.0 -182290.0
8644.65 150635.0
1256.38 150662.0
-1986.36 163575.0
4479.08 187682.0
2471.99 195862.0
23164.1 190770.0
44667.6 115603.0
56256.0 35406.1
51394.7 -56296.6
41695.4 -120345.0
35519.4 -181856.0
26786.4 139396.0
-11279.3 128687.0
26647.2 139503.0
20082.7 143433.0
26574.9 139474.0
27641.3 142097.0
30021.3 126111.0
24583.4 146559.0
19891.3 146839.0
28019.8 138032.0
27218.3 138633.0
26741.9 137497.0
26819.8 138624.0
59771.5 104954.0
104068.0 -7434.06
182173.0 -238974.0
183038.0 -395639.0
174258.0 -460687.0
26932.2 139185.0
25072.1 137686.0
22192.2 149522.0
15652.2 151682.0
15699.0 150179.0
5783.74 149297.0
5708.04 145479.0
4464.61 145441.0
4423.42 134932.0
5769.27 134877.0
3705.41 135540.0
-1106.93 143444.0
-1125.86 142308.0
3571.82 135807.0
7685.08 128899.0
13494.8 136050.0
13100.8 138446.0
9967.13 130451.0
9748.94 134538.0
6009.72 134959.0
2728.02 163798.0
1314.26 160975.0
3026.36 160796.0
3120.98 155994.0
4339.93 155987.0
5154.79 152777.0
14171.7 152136.0
14104.9 156034.0
12507.4 156818.0
14080.4 155248.0
21513.2 156121.0
18665.6 156684.0
19378.1 148658.0
21084.6 148540.0
109903.0 -1240.24
22496.1 154313.0
23190.8 161634.0
28403.9 118542.0
26887.7 139158.0
25587.5 138918.0
22957.0 150778.0
21474.2 151441.0
22139.9 149571.0
14073.7 150435.0
14121.6 148992.0
22901.3 149631.0
23739.6 150444.0
24630.1 152521.0
23090.6 152247.0
22874.6 149453.0
15668.9 151679.0
14831.8 148903.0
5770.38 149259.0
5026.77 146837.0
1327.62 147144.0
2507.61 147062.0
1874.2 148747.0
1210.74 147017.0
3117.64 149382.0
3136.56 147734.0
3910.24 149377.0
3086.47 154409.0
4362.19 154362.0
-10179.5 156836.0
-11955.0 157167.0
-12661.9 161593.0
-4062.47 160736.0
-3926.66 162996.0
