3.29948e+07 1.11466e+07 3.29983e+07 1.11498e+07
3.29983e+07 1.11498e+07 3.30023e+07 1.11629e+07
3.30023e+07 1.11629e+07 3.29985e+07 1.11538e+07
3.29985e+07 1.11538e+07 3.29948e+07 1.11466e+07
3.29948e+07 1.11466e+07 3.29989e+07 1.11485e+07
3.29989e+07 1.11485e+07 3.29985e+07 1.11463e+07
3.29985e+07 1.11463e+07 3.2999e+07 1.1153e+07
3.2999e+07 1.1153e+07 3.30099e+07 1.11524e+07
3.30099e+07 1.11524e+07 3.30196e+07 1.1153e+07
3.30196e+07 1.1153e+07 3.3021e+07 1.11539e+07
3.3021e+07 1.11539e+07 3.3023e+07 1.11542e+07
3.3023e+07 1.11542e+07 3.30231e+07 1.11528e+07
3.30231e+07 1.11528e+07 3.30231e+07 1.11448e+07
3.30231e+07 1.11448e+07 3.30228e+07 1.11353e+07
3.30228e+07 1.11353e+07 3.30229e+07 1.11337e+07
3.30229e+07 1.11337e+07 3.30162e+07 1.11218e+07
3.30162e+07 1.11218e+07 3.30132e+07 1.11165e+07
3.30132e+07 1.11165e+07 3.30083e+07 1.11392e+07
3.30083e+07 1.11392e+07 3.30086e+07 1.11524e+07
3.30086e+07 1.11524e+07 3.30135e+07 1.1116e+07
3.30135e+07 1.1116e+07 3.30136e+07 1.11177e+07
3.30136e+07 1.11177e+07 3.3015e+07 1.1118e+07
3.3015e+07 1.1118e+07 3.30153e+07 1.11166e+07
3.30153e+07 1.11166e+07 3.30155e+07 1.1115e+07
3.30155e+07 1.1115e+07 3.30144e+07 1.11227e+07
3.30144e+07 1.11227e+07 3.30038e+07 1.11408e+07
3.30038e+07 1.11408e+07 3.30031e+07 1.11539e+07
3.30031e+07 1.11539e+07 3.29993e+07 1.11528e+07
3.29993e+07 1.11528e+07 3.30009e+07 1.11493e+07
3.30009e+07 1.11493e+07 3.30027e+07 1.11458e+07
3.30027e+07 1.11458e+07 3.29948e+07 1.11466e+07
3.29948e+07 1.11466e+07 3.2995e+07 1.11414e+07
3.2995e+07 1.11414e+07 3.29982e+07 1.11454e+07
3.29982e+07 1.11454e+07 3.29993e+07 1.1155e+07
3.29993e+07 1.1155e+07 3.30005e+07 1.11571e+07
3.30005e+07 1.11571e+07 3.29984e+07 1.11526e+07
3.29984e+07 1.11526e+07 3.29948e+07 1.11466e+07
3.29948e+07 1.11466e+07 3.29953e+07 1.11393e+07
3.29953e+07 1.11393e+07 3.29962e+07 1.11341e+07
3.29962e+07 1.11341e+07 3.3001e+07 1.11423e+07
3.3001e+07 1.11423e+07 3.30009e+07 1.1155e+07
3.30009e+07 1.1155e+07 3.30023e+07 1.11512e+07
3.30023e+07 1.11512e+07 3.30022e+07 1.11534e+07
3.30022e+07 1.11534e+07 3.29986e+07 1.11526e+07
3.29986e+07 1.11526e+07 3.29908e+07 1.11529e+07
3.29908e+07 1.11529e+07 3.29951e+07 1.11528e+07
3.29951e+07 1.11528e+07 3.30022e+07 1.11534e+07
3.30022e+07 1.11534e+07 3.29993e+07 1.11536e+07
3.29993e+07 1.11536e+07 3.30013e+07 1.11449e+07
3.30013e+07 1.11449e+07 3.29963e+07 1.11374e+07
3.29963e+07 1.11374e+07 3.29952e+07 1.11413e+07
3.29952e+07 1.11413e+07 3.13515e+07 1.39357e+07
3.13515e+07 1.39357e+07 3.29924e+07 1.1135e+07
3.29924e+07 1.1135e+07 3.29873e+07 1.11327e+07
3.29873e+07 1.11327e+07 3.29889e+07 1.1132e+07
3.29889e+07 1.1132e+07 3.2991e+07 1.1135e+07
3.2991e+07 1.1135e+07 3.29923e+07 1.1135e+07
3.29923e+07 1.1135e+07 3.29911e+07 1.1138e+07
3.29911e+07 1.1138e+07 3.29861e+07 1.1139e+07
3.29861e+07 1.1139e+07 3.2987e+07 1.11386e+07
3.2987e+07 1.11386e+07 3.29859e+07 1.1143e+07
3.29859e+07 1.1143e+07 3.29871e+07 1.1146e+07
3.29871e+07 1.1146e+07 3.29904e+07 1.11462e+07
3.29904e+07 1.11462e+07 3.29916e+07 1.11495e+07
3.29916e+07 1.11495e+07 3.29914e+07 1.11466e+07
3.29914e+07 1.11466e+07 3.29913e+07 1.11436e+07
3.29913e+07 1.11436e+07 3.29901e+07 1.11399e+07
3.29901e+07 1.11399e+07 3.30088e+07 1.11612e+07
3.30088e+07 1.11612e+07 3.30058e+07 1.11632e+07
3.30058e+07 1.11632e+07 3.30067e+07 1.11611e+07
3.30067e+07 1.11611e+07 3.3e+07 1.11526e+07
3.3e+07 1.11526e+07 3.29955e+07 1.1148e+07
3.29955e+07 1.1148e+07 3.29949e+07 1.11466e+07
3.29949e+07 1.11466e+07 3.30003e+07 1.11536e+07
3.30003e+07 1.11536e+07 3.29896e+07 1.11544e+07
3.29896e+07 1.11544e+07 3.29917e+07 1.11546e+07
3.29917e+07 1.11546e+07 3.29963e+07 1.11491e+07
3.29963e+07 1.11491e+07 3.30021e+07 1.11494e+07
3.30021e+07 1.11494e+07 3.30051e+07 1.11479e+07
3.30051e+07 1.11479e+07 3.30061e+07 1.11475e+07
3.30061e+07 1.11475e+07 3.30046e+07 1.11494e+07
3.30046e+07 1.11494e+07 3.2997e+07 1.1156e+07
3.2997e+07 1.1156e+07 3.2999e+07 1.11529e+07
3.2999e+07 1.11529e+07 3.30013e+07 1.11463e+07
3.30013e+07 1.11463e+07 3.29899e+07 1.11473e+07
3.29899e+07 1.11473e+07 3.29844e+07 1.11517e+07
3.29844e+07 1.11517e+07 3.29845e+07 1.11499e+07
3.29845e+07 1.11499e+07 3.29853e+07 1.11482e+07
3.29853e+07 1.11482e+07 3.29819e+07 1.11484e+07
3.29819e+07 1.11484e+07 3.29877e+07 1.11473e+07
3.29877e+07 1.11473e+07 3.29824e+07 1.11401e+07
3.29824e+07 1.11401e+07 3.2984e+07 1.11375e+07
3.2984e+07 1.11375e+07 3.29871e+07 1.11399e+07
3.29871e+07 1.11399e+07 3.29947e+07 1.11465e+07
3.29947e+07 1.11465e+07 3.30025e+07 1.11532e+07
3.30025e+07 1.11532e+07 3.29988e+07 1.11526e+07
3.29988e+07 1.11526e+07 3.29975e+07 1.11456e+07
3.29975e+07 1.11456e+07 3.29954e+07 1.11471e+07
3.29954e+07 1.11471e+07 3.29956e+07 1.1151e+07
3.29956e+07 1.1151e+07 3.29983e+07 1.11485e+07
3.29983e+07 1.11485e+07 3.3e+07 1.11484e+07
3.3e+07 1.11484e+07 3.2998e+07 1.1147e+07
3.2998e+07 1.1147e+07 3.29948e+07 1.11466e+07
3.29948e+07 1.11466e+07 3.30239e+07 1.1141e+07
3.30239e+07 1.1141e+07 3.29948e+07 1.11466e+07
3.29948e+07 1.11466e+07 3.29972e+07 1.11436e+07
3.29972e+07 1.11436e+07 3.29967e+07 1.11406e+07
3.29967e+07 1.11406e+07 3.2995e+07 1.11414e+07
3.2995e+07 1.11414e+07 3.2994e+07 1.11431e+07
3.2994e+07 1.11431e+07 3.29951e+07 1.11572e+07
3.29951e+07 1.11572e+07 3.3e+07 1.11635e+07
3.3e+07 1.11635e+07 3.29987e+07 1.11621e+07
3.29987e+07 1.11621e+07 3.30012e+07 1.11563e+07
3.30012e+07 1.11563e+07 3.30061e+07 1.11555e+07
3.30061e+07 1.11555e+07 3.30028e+07 1.11515e+07
3.30028e+07 1.11515e+07 3.30036e+07 1.1147e+07
3.30036e+07 1.1147e+07 3.30046e+07 1.11412e+07
3.30046e+07 1.11412e+07 3.30031e+07 1.114e+07
3.30031e+07 1.114e+07 3.30049e+07 1.11463e+07
3.30049e+07 1.11463e+07 3.29967e+07 1.11347e+07
3.29967e+07 1.11347e+07 3.2995e+07 1.11411e+07
3.2995e+07 1.11411e+07 3.29939e+07 1.11471e+07
3.29939e+07 1.11471e+07 3.30033e+07 1.11519e+07
3.30033e+07 1.11519e+07 3.3003e+07 1.1161e+07
3.3003e+07 1.1161e+07 3.30024e+07 1.11628e+07
3.30024e+07 1.11628e+07 3.29993e+07 1.11526e+07
3.29993e+07 1.11526e+07 3.29948e+07 1.11466e+07
