-5025.38 134806.0
-7984.25 135338.0
-10482.3 139394.0
-13869.7 139227.0
-12142.0 137506.0
-7888.52 140872.0
-7956.42 142698.0
-4659.14 143159.0
-3265.42 141787.0
-2003.06 141547.0
-6314.46 140472.0
-6294.42 143199.0
-4708.12 143241.0
-4124.81 141382.0
-2109.92 141338.0
-2687.67 143368.0
-6139.69 141750.0
-7092.58 139274.0
-12886.8 139136.0
-11689.0 137515.0
-8722.3 143582.0
-1852.77 144490.0
-966.672 147035.0
5081.32 146835.0
7375.61 145568.0
7460.21 148322.0
-481.319 149351.0
1227.44 149128.0
1416.68 133078.0
2208.16 129696.0
3576.28 135698.0
-748.485 143232.0
1266.4 145739.0
1219.64 149255.0
3836.76 150620.0
1560.28 152539.0
1219.64 155259.0
-2447.22 155852.0
-2756.69 157553.0
-8575.36 156869.0
-9255.52 156887.0
-9107.47 154482.0
-10845.2 154919.0
-10776.1 161551.0
5285.03 165438.0
-8804.68 165438.0
-5932.63 166759.0
-2234.6 163786.0
1257.49 156575.0
1305.36 146632.0
-452.376 141888.0
4415.63 136197.0
5360.73 132446.0
11669.2 117702.0
12496.3 108329.0
18827.0 106145.0
28132.2 103917.0
23554.8 106114.0
13202.1 105707.0
8207.17 126370.0
171.014 141307.0
1269.74 151292.0
-3249.83 152630.0
-3741.87 143513.0
-5273.62 134476.0
-10514.5 131230.0
-13876.4 137491.0
-18937.0 124747.0
-16827.5 121287.0
-14968.4 133806.0
-13322.0 139481.0
-1454.25 139163.0
1261.94 147872.0
1316.49 153619.0
-1562.23 147055.0
610.726 148193.0
-967.785 148509.0
2448.61 152681.0
13846.6 152314.0
14781.7 150885.0
4797.45 150954.0
581.782 147674.0
-164.058 147024.0
1848.6 147066.0
2483.12 148923.0
1930.97 147919.0
-457.942 149518.0
-3624.98 149070.0
-4652.46 143159.0
-2253.52 143473.0
-2062.06 145448.0
435.954 141647.0
838.93 147022.0
1888.67 147396.0
-1597.85 147022.0
-3591.59 151434.0
-2940.37 152761.0
4627.13 153033.0
4749.58 151673.0
-3940.02 152688.0
-9617.31 152877.0
-11654.5 137177.0
-15906.9 140699.0
-15880.1 140026.0
-14557.7 141850.0
-9104.13 139421.0
-2486.18 139107.0
649.687 130509.0
3127.66 131174.0
2701.31 137370.0
4407.83 144497.0
4404.49 153534.0
1298.68 155088.0
1493.49 153055.0
3063.09 153848.0
2319.48 159075.0
2569.95 155954.0
1215.19 157430.0
1257.49 159973.0
868.987 143702.0
-1873.93 146285.0
-3207.53 151036.0
-4089.18 152354.0
-3666.17 152405.0
-3435.74 156083.0
2998.53 156001.0
3113.19 151521.0
7942.23 150818.0
4919.9 150994.0
4203.01 141638.0
1413.34 133013.0
1505.73 131139.0
3549.56 138671.0
5549.97 132085.0
12003.2 114167.0
12298.2 110605.0
15370.6 105934.0
24342.9 106328.0
28003.1 103868.0
24768.2 106403.0
13804.3 105998.0
9206.82 123206.0
6802.32 126319.0
7439.06 129039.0
3468.3 137179.0
2818.19 137141.0
559.519 141100.0
-3893.26 139118.0
-10257.4 142856.0
-10407.7 151292.0
-9743.1 147336.0
-10294.1 150016.0
-10867.4 135493.0
-11996.2 137437.0
-14590.0 137493.0
-13705.0 135467.0
-12941.3 139053.0
-14607.8 138317.0
-15470.5 140316.0
-15991.5 137789.0
-14549.9 138608.0
-14042.3 142235.0
-10953.1 145356.0
-15274.6 145283.0
-17055.7 152797.0
-16697.2 149217.0
-13873.1 149286.0
-12674.1 147298.0
-10483.4 145797.0
-10693.8 139419.0
-15478.3 140327.0
-14740.2 138025.0
-13853.0 139590.0
-10847.4 139599.0
-10706.0 141418.0
-18126.6 132575.0
-16217.4 134276.0
-10746.1 165243.0
-2036.45 163159.0
-1297.29 161509.0
-1790.44 163637.0
-14358.4 164875.0
-15522.8 153287.0
-14308.3 154529.0
-15399.2 149230.0
-15120.9 149097.0
-17600.0 147015.0
-15541.7 148286.0
-13826.3 145980.0
-14615.6 129914.0
-12624.0 130680.0
-12174.3 135360.0
-10844.1 135271.0
-10647.0 139474.0
-8990.58 139488.0
-8766.83 143649.0
-10545.7 142703.0
-11016.6 139407.0
-13395.5 139479.0
-15634.1 144827.0
-17015.6 144014.0
-16708.4 147313.0
-15550.6 147198.0
-13890.9 139080.0
-14970.7 124190.0
-12789.9 123841.0
-17236.0 125101.0
-18053.1 130159.0
-16877.6 140541.0
-17956.3 141747.0
-16169.6 140988.0
-16329.9 135587.0
-4732.61 133385.0
-4731.5 131056.0
-2973.76 134785.0
-3203.08 139151.0
-1526.61 139116.0
1056.0 142522.0
-1014.54 150067.0
-1601.19 145432.0
1197.38 145336.0
-180.756 139810.0
-1619.0 141200.0
-2824.59 139180.0
-6630.61 138303.0
-594.865 140274.0
1443.4 149313.0
3668.67 149357.0
3118.75 148342.0
-1147.01 163622.0
-3347.8 164103.0
-983.37 163720.0
1284.21 147732.0
-2114.38 135905.0
-2064.28 141313.0
-313.226 141625.0
134.278 143856.0
-1227.16 145303.0
-219.718 142447.0
-1665.76 145332.0
-5404.98 139648.0
-1754.81 149542.0
-2361.5 153240.0
-1600.08 145414.0
1562.51 144717.0
13061.8 106199.0
24624.6 106397.0
28140.0 103932.0
25990.5 106410.0
16409.2 105923.0
12548.6 107704.0
11994.3 113949.0
4324.34 138602.0
3218.94 137384.0
3613.01 138679.0
154.316 146948.0
-1365.2 145332.0
-2276.9 152592.0
-8465.15 152002.0
-13069.3 141736.0
-13525.7 154407.0
-12550.6 148990.0
-11696.8 141015.0
-12708.7 139085.0
-11270.4 137555.0
-10497.8 144633.0
-13890.9 147231.0
-14846.0 149152.0
-10513.4 147345.0
-8711.17 143818.0
-9128.62 146432.0
-13345.4 145882.0
-10454.4 145376.0
-15433.8 136153.0
-15548.4 137624.0
-12845.6 141073.0
-10424.4 145399.0
-14553.2 138343.0
-15757.7 148269.0
-15407.0 143139.0
-11788.0 147331.0
-10160.5 146165.0
-8531.94 150602.0
-12341.3 151357.0
-11789.2 149331.0
-15588.5 144424.0
-14992.9 138114.0
-15470.5 159514.0
-15165.5 161442.0
-14778.1 138087.0
-15558.4 140503.0
-9286.69 139494.0
-9645.14 141605.0
-7926.37 139456.0
-6144.14 142883.0
-8789.09 141736.0
-10238.5 139419.0
-14414.1 139120.0
-15029.7 123925.0
-12049.6 123524.0
-10373.2 135195.0
-8258.1 135117.0
-7399.83 139338.0
-256.453 140712.0
1273.08 143277.0
867.874 152610.0
103.109 151550.0
1315.38 149446.0
702.007 147004.0
95.3163 142538.0
11667.0 117678.0
13822.1 106027.0
27022.4 105362.0
28140.0 103888.0
33696.0 109685.0
33553.5 110794.0
30697.0 104983.0
28082.1 103897.0
24042.4 106223.0
15747.9 105885.0
12362.7 109540.0
10796.5 119248.0
7626.08 124549.0
5954.06 127040.0
1875.31 127663.0
2596.67 132488.0
4688.36 130406.0
1914.28 129810.0
-5403.87 127240.0
-18801.2 127169.0
-22394.6 117738.0
-25581.6 116979.0
-33073.4 117006.0
-37387.1 108824.0
-35159.6 113557.0
-33194.8 119243.0
-26956.4 123088.0
-22402.4 122039.0
-18718.8 127403.0
-15539.5 126454.0
-14943.9 135318.0
-13372.1 133911.0
-11224.8 135244.0
-3618.3 134801.0
2322.82 138154.0
3974.8 134329.0
2751.4 133029.0
4172.95 134627.0
-1922.91 143693.0
-2554.09 152592.0
-18430.5 152806.0
-18344.8 149130.0
-15539.5 151372.0
-13861.9 147302.0
-13798.5 146202.0
-6040.61 145608.0
-6271.05 144330.0
-2260.2 143455.0
-1721.42 149152.0
-873.163 149175.0
-1834.96 144277.0
-6057.31 143557.0
-6033.93 146053.0
-6264.37 144717.0
-9462.58 144170.0
-14854.9 145626.0
-14812.6 142440.0
-13293.1 142923.0
-14994.0 139975.0
-18001.9 142511.0
-11162.4 139465.0
-9440.31 137464.0
-9733.08 139383.0
-15419.3 140639.0
-14182.5 141166.0
-13890.9 145708.0
-15592.9 147561.0
-15528.4 153672.0
-14323.9 154647.0
-11096.7 152944.0
-10468.9 147837.0
-6283.29 144163.0
-6036.16 145657.0
-5088.83 141812.0
-5825.77 143595.0
-8949.39 142767.0
-12586.2 124388.0
-14515.4 123927.0
-16385.5 126610.0
-14680.1 129594.0
-13683.8 135948.0
-11453.0 137504.0
-10614.7 135209.0
-3140.74 134797.0
942.458 130433.0
2638.97 126808.0
6502.87 126978.0
8847.25 124500.0
-4.87128 146579.0
1343.21 157904.0
960.269 162008.0
-1124.75 163611.0
622.971 175186.0
-3027.2 176590.0
-6528.19 176085.0
-7892.97 177054.0
-8776.85 165559.0
-8441.78 161622.0
-6863.27 160941.0
-4624.63 163782.0
-5853.6 162533.0
-4817.21 163537.0
-4878.44 162275.0
-4000.13 165042.0
-1289.5 163065.0
-10162.8 147316.0
-545.884 157786.0
-1829.4 144375.0
-8720.07 143379.0
-3744.09 145457.0
-1242.74 145207.0
11540.1 118096.0
13595.0 106038.0
25920.3 106437.0
27998.7 103865.0
24251.6 106283.0
14399.9 105963.0
12438.4 108634.0
11638.0 117725.0
1513.53 141572.0
78.6183 149355.0
-3653.92 148656.0
-4705.89 141387.0
-6035.05 141799.0
-10436.6 125486.0
-7428.77 136694.0
-6645.08 139249.0
-7918.57 143068.0
1592.56 143366.0
3076.45 152610.0
2274.95 157956.0
-168.511 163568.0
-5598.68 164806.0
-5671.03 173164.0
-5226.87 160845.0
-3236.48 160972.0
-3256.51 158256.0
1157.3 158025.0
969.174 155930.0
-1100880.0 155195.0
-1858.34 155945.0
-7516.71 156865.0
-9626.21 157967.0
-11289.3 155696.0
-10429.9 152356.0
7990.09 128627.0
12205.8 116645.0
4215.25 134632.0
4838.64 140262.0
1327.62 146069.0
-2457.24 143453.0
-11361.7 143101.0
-12670.8 141572.0
-10639.2 141832.0
-11259.3 154912.0
-14093.5 155936.0
-15530.6 156457.0
-15516.1 145196.0
-11949.5 145998.0
-7857.35 140846.0
-8700.04 128327.0
-6965.68 136135.0
-4762.67 133746.0
-15745.4 135500.0
-19570.4 144691.0
-20635.7 155239.0
-18057.6 141636.0
-21004.2 137820.0
-21931.5 129985.0
-13017.0 136079.0
-12671.9 143110.0
-11448.5 142491.0
-10499.0 145681.0
-12716.4 140685.0
-9500.42 139483.0
-8968.32 141592.0
-10575.8 142792.0
-10533.5 146632.0
-5089.95 147086.0
-4369.71 150003.0
-4659.14 144107.0
-9027.32 143814.0
-12953.6 137626.0
-13817.4 139583.0
-10118.2 139396.0
-15038.6 140042.0
-15579.6 151350.0
-18103.2 152216.0
-18059.8 149152.0
-16580.3 148576.0
-15728.7 145187.0
-15633.0 147129.0
-15834.5 141649.0
-15190.0 143041.0
-14143.6 141923.0
-15913.5 156758.0
-15582.9 143738.0
-10668.2 141596.0
-5664.35 140429.0
-10550.2 145608.0
-12678.6 155063.0
-14331.7 154914.0
-2997.14 153681.0
-2682.11 147048.0
580.669 146746.0
34.0905 143880.0
-2688.78 145368.0
-3729.62 144884.0
865.647 140741.0
11527.8 118108.0
15077.8 105940.0
25634.2 106457.0
28088.8 103908.0
24744.8 106408.0
12943.8 106337.0
11767.2 116687.0
6776.71 126016.0
1854.16 128193.0
2327.27 135665.0
-1623.46 144533.0
-5893.67 143404.0
-1204.9 145319.0
-4209.41 143555.0
-15118.7 145430.0
-19621.6 144254.0
-21412.7 149021.0
-32150.6 149005.0
-32379.9 147928.0
-28533.8 152866.0
-26651.4 154186.0
-25385.7 165899.0
-23701.5 169279.0
-24997.2 166438.0
-26916.4 167093.0
-27273.7 173616.0
-26847.3 167422.0
-21220.1 165619.0
-18628.6 160177.0
-15482.7 157550.0
-15308.0 140291.0
-10637.0 139563.0
-12126.5 136865.0
-10773.9 135923.0
-10772.8 137377.0
-8961.64 137386.0
-11276.0 145641.0
-13828.5 145777.0
-12881.2 142894.0
-12069.7 143811.0
-12767.7 141772.0
-11165.8 145612.0
-8730.09 145472.0
-10575.8 145989.0
-10677.1 149335.0
-9636.23 144922.0
-10898.6 145421.0
-12283.4 141663.0
-9359.05 141645.0
-7842.88 139879.0
-7891.86 141407.0
-7748.26 139608.0
-13505.7 139492.0
-15589.6 147879.0
-15536.2 153875.0
-15176.6 152888.0
-14320.6 154901.0
-13962.1 152882.0
3044.17 152986.0
4369.98 156624.0
