-12399.2 155121.0
-13485.7 153981.0
-11337.2 155259.0
-9048.47 161237.0
-6381.25 161055.0
-10429.9 161538.0
-11287.1 156333.0
-13830.8 155233.0
-13039.3 152801.0
-15495.0 152503.0
-15611.9 147707.0
-15145.4 161896.0
-10683.8 161462.0
-9538.27 154654.0
-8455.13 152134.0
-10948.7 150410.0
-10732.7 135309.0
-3462.45 132503.0
-4710.35 131185.0
-4065.81 119165.0
-4050.22 114405.0
-4347.44 123611.0
1208.51 128877.0
3925.82 137226.0
1391.08 133107.0
4342.15 134855.0
5027.88 138497.0
5567.78 142315.0
4896.53 151953.0
7534.8 149442.0
7055.01 147587.0
5765.93 148709.0
3699.84 149404.0
10445.8 149181.0
10974.6 150876.0
7555.95 149680.0
7498.06 147730.0
-1405.27 146975.0
-149.587 138915.0
-798.579 139842.0
-1349.61 135899.0
-4340.77 135950.0
-4748.19 140501.0
-5497.37 139623.0
-3877.68 139062.0
-15525.0 140414.0
-14916.1 145621.0
-11190.3 144346.0
-15297.9 145243.0
-16730.6 135042.0
-14661.2 138096.0
-11019.9 140294.0
-10481.1 144811.0
-5686.62 149328.0
-4368.6 149751.0
-3599.38 152630.0
16.2794 151595.0
-1026.78 152585.0
5613.42 163136.0
3962.56 152650.0
-716.203 148476.0
4247.53 134641.0
12204.7 111627.0
12744.6 106973.0
19415.9 106038.0
24004.5 108429.0
20217.4 106018.0
15665.6 105894.0
12480.7 108149.0
11770.5 116705.0
15712.3 119706.0
15508.6 115091.0
15146.8 121587.0
13703.0 124580.0
14771.7 129387.0
6581.9 130798.0
4312.1 138635.0
-1723.64 141665.0
-5351.55 140233.0
-4629.08 143711.0
-2409.37 143508.0
-935.502 145352.0
506.085 139497.0
-538.092 135135.0
1387.74 133485.0
2398.52 137907.0
-420.093 141912.0
-207.473 140173.0
484.934 141189.0
589.575 139621.0
2225.97 149359.0
3805.59 149362.0
3072.0 152525.0
920.194 148115.0
-1014.54 148545.0
-1168.16 147100.0
-6050.63 153915.0
-10374.3 154698.0
-11514.2 158365.0
-11528.7 156934.0
-13575.8 155970.0
-14118.0 152884.0
-14350.6 153872.0
-14143.6 152764.0
-19498.0 152795.0
-19643.9 149097.0
-16521.3 147240.0
-15474.9 136787.0
-16529.1 135407.0
-19512.5 140367.0
-19616.0 154010.0
-17272.8 155262.0
-18173.3 156822.0
-14180.3 155106.0
-14132.4 152877.0
-14343.9 153251.0
-10905.3 152931.0
-9512.67 144299.0
-8121.18 142952.0
-6018.35 146991.0
-3688.43 147465.0
-4366.37 150486.0
-5931.52 152824.0
-10505.6 152668.0
-10440.0 154609.0
-24551.9 154478.0
-18551.8 152481.0
-18031.9 148395.0
-14162.5 148237.0
-7886.29 142008.0
-3598.26 124756.0
-1829.4 123531.0
-178.53 126982.0
6331.43 126993.0
11758.3 117157.0
12380.5 109567.0
15307.1 105940.0
24386.3 106272.0
15430.7 105905.0
13452.5 124286.0
5485.41 132575.0
-1832.74 145287.0
-632.713 145254.0
1237.45 150488.0
1474.56 152732.0
2775.89 152421.0
-3637.23 149384.0
-3746.32 143696.0
-6671.8 143611.0
-12307.9 137522.0
-8997.26 135576.0
-7871.82 143807.0
-2338.13 143475.0
-28.2484 149413.0
1001.46 147013.0
10917.8 144450.0
10947.9 138677.0
13286.7 138370.0
12488.5 129843.0
-34.9275 141055.0
966.948 142389.0
1947.67 141467.0
1853.05 144717.0
-742.92 144853.0
-530.299 149308.0
-1244.97 145877.0
-984.483 149137.0
-1969.66 142709.0
-3768.58 143442.0
-780.768 140095.0
-820.843 141215.0
-4698.1 140906.0
-286.51 140343.0
-1921.79 138996.0
-980.03 135591.0
-3687.32 134122.0
-4365.26 127189.0
-3816.45 131597.0
-10831.8 132508.0
-10617.0 125526.0
-9221.01 123398.0
-8131.19 134144.0
-3849.85 141342.0
-357.754 140463.0
-2028.66 141494.0
-1800.45 146412.0
-4051.33 143564.0
-9671.86 144272.0
-10547.9 139399.0
-16489.1 139537.0
-10790.6 140140.0
-10560.2 142905.0
-8635.47 135447.0
-9026.2 134596.0
-2771.16 143077.0
-206.36 138174.0
-1604.53 140307.0
962.495 142315.0
99.769 141053.0
1270.85 144477.0
69.7128 150980.0
-1469.84 145412.0
2441.93 144989.0
1330.96 144404.0
2592.21 135620.0
5014.52 141491.0
3250.11 137453.0
4410.06 144145.0
6187.83 146238.0
7450.2 145528.0
5788.2 149302.0
4257.55 134623.0
11498.9 118174.0
12361.6 109841.0
15756.9 105927.0
23175.2 106533.0
24059.1 108465.0
23787.4 103287.0
17501.2 105958.0
12437.3 108574.0
11698.1 117424.0
3833.42 135322.0
2454.18 135761.0
852.289 132145.0
3156.6 136564.0
303.484 141485.0
1200.72 159886.0
-4595.69 164029.0
-5142.27 162252.0
-10143.9 166578.0
-7034.7 165102.0
-9199.86 164345.0
-13874.2 165594.0
-19026.0 160071.0
-18449.4 156947.0
-15527.3 157181.0
-14728.0 152850.0
-13501.2 153924.0
-14277.1 154852.0
-13505.7 153133.0
-14329.5 154705.0
-14022.2 152857.0
-10499.0 153191.0
-9731.97 155342.0
-7606.88 149827.0
-8222.48 146423.0
-10152.8 147291.0
-10550.2 145826.0
-11707.9 149299.0
-17984.1 149092.0
-20537.8 152813.0
-23895.1 153661.0
-11985.1 157020.0
-13777.3 158944.0
-13561.4 161159.0
-20557.8 163337.0
-19704.0 152857.0
3079.79 152033.0
-2702.14 152634.0
-4635.76 145808.0
-4789.38 133960.0
-3586.02 139806.0
-3794.19 143428.0
2121.33 140525.0
4195.21 141587.0
5514.35 137426.0
3409.3 138595.0
11358.6 118417.0
12225.8 111469.0
16009.6 105934.0
25134.4 106437.0
24385.2 108786.0
24386.3 106277.0
15508.6 105885.0
12007.6 113777.0
6048.68 131548.0
-702.844 143460.0
-1839.42 143339.0
-1118.07 161064.0
-5653.22 162370.0
-5062.12 164123.0
-506.922 158381.0
-2627.56 145595.0
-6001.65 145383.0
-5587.54 143090.0
-9128.62 146797.0
-9092.99 145488.0
-9517.12 165316.0
-2070.96 161547.0
-1033.46 152668.0
-1153.69 147543.0
1207.4 147026.0
837.817 142066.0
6247.94 131421.0
5193.75 134910.0
2582.19 132517.0
3355.86 134603.0
1417.79 133479.0
1384.4 132454.0
-1886.17 134636.0
-7979.8 135222.0
-11200.3 139392.0
-12412.5 138795.0
-8908.2 139436.0
943.571 137079.0
-1350.72 134672.0
-6246.56 134792.0
-7889.63 142950.0
-10735.0 147336.0
-10895.3 145474.0
-10848.5 146182.0
-11813.6 135603.0
-8948.28 138332.0
-10684.9 137840.0
-12099.7 123582.0
-13870.8 121147.0
-11296.0 127334.0
-11970.6 133801.0
-9001.71 136282.0
-9036.22 134552.0
1836.35 138243.0
7303.25 129324.0
15048.9 121503.0
15221.4 109879.0
18797.0 106132.0
24241.6 105426.0
23127.3 106326.0
24013.4 108414.0
24445.3 107980.0
23404.5 106081.0
12306.0 110264.0
8674.71 124996.0
5350.71 131631.0
3184.43 131524.0
3251.22 135246.0
518.33 141189.0
1179.57 155970.0
-6405.74 157546.0
-1792.66 158697.0
-2615.31 153416.0
1233.0 153572.0
1873.09 161651.0
1263.06 155947.0
-1713.63 149740.0
-719.542 149364.0
-1789.32 144642.0
976.967 142413.0
949.137 152648.0
-15511.7 152476.0
-16464.6 145465.0
-15617.4 147307.0
-9170.92 147331.0
-6714.1 147111.0
-6277.72 143898.0
570.65 141903.0
1512.41 146977.0
1306.47 145403.0
-1204.9 145341.0
-2733.31 143462.0
-7835.08 143629.0
-11210.3 144657.0
-14112.4 141727.0
-12407.0 139519.0
-8203.55 139414.0
-8403.93 129567.0
-9432.52 131099.0
-11808.1 135333.0
-10769.5 140872.0
-12893.4 148220.0
-13877.5 147204.0
-18685.4 152815.0
-29324.2 151971.0
-26648.1 153810.0
-26624.7 156631.0
-25763.1 153656.0
-18902.5 152862.0
-18102.1 149139.0
-15525.0 157909.0
-11217.0 155021.0
-4337.43 154318.0
-709.524 149290.0
7083.95 149339.0
7468.01 147367.0
7530.35 149411.0
9487.34 145261.0
7108.44 135868.0
15426.2 117135.0
15302.7 109102.0
19277.9 106043.0
23911.0 108458.0
24383.0 106288.0
18002.2 105974.0
15442.9 108340.0
12421.7 125281.0
-1885.06 144918.0
2082.37 144646.0
-1281.71 136424.0
-3520.34 134683.0
-4794.95 139310.0
-1287.27 144123.0
-10379.8 144686.0
-10441.1 152407.0
-14552.1 155224.0
-9154.22 147507.0
-7741.58 138878.0
-7621.35 134349.0
-3794.19 143589.0
-1870.59 145058.0
-551.45 157976.0
1127.25 158005.0
660.819 158831.0
-1096.92 158071.0
-469.074 159407.0
-7053.62 165187.0
-7110.39 164127.0
-2693.24 163847.0
1253.04 157276.0
837.817 152557.0
-1054.61 152329.0
-1772.62 146136.0
-6266.59 149344.0
-10519.0 145906.0
-12081.9 139428.0
-16629.3 136656.0
-18598.6 132437.0
-16121.7 135224.0
-3902.17 134792.0
-1324.01 141226.0
-2831.27 141293.0
-3651.7 137758.0
-4371.93 139241.0
