-9641.8 156535.0
-10278.5 151664.0
-11195.8 159545.0
-7331.92 156851.0
-14279.4 156048.0
-11325.0 151448.0
-8544.19 152002.0
-15526.1 152419.0
-15533.9 148698.0
-13848.6 148231.0
-14467.5 143740.0
-15509.4 145160.0
-18008.6 141669.0
-18406.0 140300.0
-18042.0 141796.0
-13769.5 139630.0
-10838.5 152815.0
-10133.8 158559.0
-9413.59 156925.0
-5529.66 159688.0
-3503.64 155090.0
-2830.16 157998.0
-509.149 158267.0
-1071.31 152663.0
144.297 152572.0
-2417.16 141364.0
-1282.82 141282.0
-112.851 143228.0
-1819.38 146450.0
6060.93 147476.0
5486.52 151018.0
4324.34 151056.0
16467.1 151829.0
24345.2 149293.0
28534.1 146167.0
29962.3 138227.0
33997.7 131967.0
34095.6 118862.0
28576.4 118457.0
25341.5 124364.0
23148.5 146917.0
15663.3 149725.0
7856.51 149201.0
4414.51 151038.0
-387.81 149304.0
1219.64 146962.0
9779.0 145241.0
10713.0 141429.0
10822.1 145034.0
7470.23 145655.0
3566.26 149388.0
1658.24 149306.0
860.081 147244.0
2539.89 148743.0
2292.76 150751.0
1325.4 150241.0
238.918 152639.0
-2809.01 152441.0
-3678.41 147193.0
-15542.8 146018.0
-3691.77 143553.0
-3549.28 140766.0
-4656.91 140703.0
-4719.25 143667.0
-2.64489 151443.0
-1644.61 152594.0
-2113.26 160725.0
-4106.99 160723.0
-716.203 162099.0
-314.339 163697.0
1454.53 160881.0
1290.89 153260.0
3027.47 152873.0
1300.91 145201.0
126.486 141416.0
678.63 143034.0
1968.82 141607.0
571.764 146686.0
3441.58 147540.0
2506.5 147342.0
4580.38 151185.0
-1011.2 152661.0
1308.7 151546.0
1342.09 143219.0
-2364.84 138052.0
-4661.37 144889.0
-4616.84 146957.0
-764.07 146999.0
-2062.06 143444.0
-4689.2 143021.0
-3747.43 139147.0
-1144.78 141211.0
-3589.36 139276.0
-8592.06 139323.0
-5248.02 139267.0
-1751.47 149368.0
-3520.34 154445.0
-2668.75 151047.0
992.551 153550.0
-2861.33 152815.0
911.288 152717.0
1905.37 154404.0
2164.75 150862.0
14521.2 152220.0
16901.2 154079.0
23149.6 146926.0
23503.6 142217.0
34404.0 127251.0
32291.1 117907.0
28438.4 117711.0
28500.7 120964.0
25007.5 124473.0
25242.4 134029.0
21946.2 148369.0
17653.7 148823.0
15634.4 147995.0
14839.6 149466.0
411.464 148482.0
1494.6 152724.0
4263.12 152977.0
-1369.65 162132.0
-68.3234 152661.0
4442.34 152381.0
5777.06 146779.0
2732.47 145984.0
1888.67 147409.0
591.801 146423.0
-7953.08 167838.0
506.085 148796.0
1661.58 149297.0
998.117 142333.0
-2229.03 139042.0
-10988.8 140218.0
-10740.5 141353.0
-12037.4 123694.0
-14105.7 124090.0
15439.6 118228.0
-20255.0 125225.0
-20022.3 130860.0
-21881.4 129658.0
-14908.3 135658.0
-15569.6 157147.0
-14223.7 165198.0
-11621.1 170414.0
-11357.2 178904.0
-12329.1 182065.0
-11951.7 184009.0
-11260.4 158552.0
-13244.1 156722.0
-8248.08 153149.0
2917.27 152915.0
34559.8 126831.0
32254.4 123257.0
29701.8 123284.0
34380.6 124629.0
33948.7 131250.0
30241.7 135010.0
26574.9 135206.0
22569.6 148260.0
5493.2 149355.0
569.537 143789.0
3812.27 141941.0
4659.42 151270.0
1011.48 153131.0
1530.22 149313.0
5768.16 147903.0
5777.06 148168.0
7486.93 145481.0
9363.78 145897.0
5975.21 145641.0
5752.57 149386.0
3048.62 149400.0
3812.27 147492.0
777.705 147106.0
714.253 146055.0
2145.82 156007.0
-1399.7 152617.0
-4090.3 152140.0
-2999.37 145071.0
-964.445 147013.0
-1873.93 145301.0
-1111.39 154694.0
-2414.94 160919.0
-5655.45 162128.0
-3919.98 168112.0
-3249.83 149119.0
6350.36 150958.0
14387.6 152512.0
15745.7 150827.0
15419.6 147333.0
22940.3 150470.0
23105.1 152637.0
26740.7 151172.0
29946.8 138065.0
33964.3 133078.0
34483.0 127207.0
31692.2 134866.0
26574.9 135215.0
23144.0 146890.0
15602.1 148338.0
15475.2 147278.0
14109.3 151791.0
16007.3 148351.0
15704.5 151239.0
14130.5 151178.0
15414.0 153082.0
9851.36 149170.0
-336.603 148518.0
-5977.16 154522.0
-3484.72 154738.0
-7094.81 156842.0
-7546.77 154770.0
-10406.6 161558.0
-14710.2 161533.0
-13824.1 158096.0
-11948.3 156059.0
-11798.1 151417.0
-8520.81 151949.0
-10130.5 152939.0
-10589.1 145472.0
-12289.0 143952.0
-12060.8 141649.0
-3749.66 139154.0
1089.4 143647.0
3069.77 149406.0
5483.18 152688.0
-1157.03 148874.0
1585.88 148113.0
3108.73 149328.0
2067.9 147886.0
-1238.29 155894.0
-7288.51 156871.0
-7633.6 159216.0
-9602.84 160206.0
-8539.74 156943.0
-8452.91 160859.0
-3245.38 160937.0
-2060.94 163116.0
-1631.25 158100.0
4777.41 158285.0
4437.89 155825.0
34487.5 127260.0
33369.8 140728.0
31432.9 145724.0
33437.7 157744.0
31684.4 147656.0
33865.2 144688.0
37998.5 144887.0
29746.4 145586.0
25263.5 152412.0
17205.1 152296.0
16159.8 151882.0
19391.4 148618.0
-96681.4 294427.0
20237.5 140169.0
20343.2 138192.0
18145.8 141253.0
17877.5 149023.0
13352.4 152294.0
-10409.9 154035.0
-15412.6 155141.0
-10389.9 154251.0
-10027.0 135131.0
1070.48 135565.0
2552.14 132532.0
1337.64 137511.0
793.289 136077.0
-371.112 139986.0
1796.28 135790.0
1643.77 154342.0
3076.45 154030.0
2601.12 152572.0
-2428.3 154360.0
-4216.09 155694.0
-3549.28 154723.0
-3095.1 157383.0
-503.583 159761.0
-1593.4 152695.0
-1250.54 145432.0
-1560.0 147068.0
