-1064.63 143767.0
-1546.65 145356.0
1317.6 145174.0
2385.16 143152.0
1312.04 144706.0
1244.13 144377.0
1241.91 152539.0
3065.32 153256.0
3626.37 154398.0
20.7322 148542.0
-1149.24 145352.0
-2384.88 147048.0
-10513.4 147411.0
-10788.4 149627.0
-10839.6 130542.0
-8422.85 129004.0
-7398.71 131864.0
-5888.11 139241.0
-5342.64 139492.0
5468.71 132633.0
15621.0 119686.0
15254.8 114911.0
14535.7 118531.0
11669.2 117656.0
4199.67 134627.0
2004.45 132884.0
1917.62 136765.0
1473.45 143419.0
1317.6 144684.0
-322.132 144383.0
-1513.25 146588.0
-1231.61 146358.0
-717.316 146421.0
-1568.91 145693.0
-739.58 152677.0
1323.17 151835.0
676.404 143143.0
1283.1 149297.0
278.993 146999.0
-10522.3 147356.0
-11145.7 150413.0
-12873.4 151000.0
-12876.7 152042.0
-2049.81 142093.0
-12402.5 151385.0
-12492.7 152788.0
-14873.8 135551.0
-13020.3 137486.0
-10797.3 137493.0
-10834.0 139686.0
-8932.69 139445.0
-7947.52 137444.0
-7960.88 139414.0
-5351.55 140298.0
-3597.15 141349.0
-1153.69 141117.0
-1199.33 145330.0
-548.11 144479.0
-1747.02 145301.0
-3717.38 134728.0
-5481.79 133637.0
-4752.65 132550.0
-4744.86 131248.0
-4843.93 134877.0
-2908.08 135834.0
-3183.04 139151.0
-1521.04 140436.0
-1379.67 145514.0
-2626.45 155126.0
-3377.85 151034.0
-1738.12 151118.0
-1157.03 152637.0
6396.0 152626.0
1241.91 152610.0
1261.94 157924.0
631.876 141471.0
11689.2 117473.0
7010.48 129500.0
3648.63 133915.0
2032.28 132833.0
1456.75 135306.0
3181.09 135807.0
-637.166 140231.0
1077.15 142406.0
4375.55 138679.0
1753.98 141173.0
-1682.46 145356.0
-2613.09 147004.0
-3725.17 145986.0
-1895.08 145463.0
-614.902 153723.0
865.647 152592.0
-719.542 146365.0
-1177.07 145307.0
-1888.4 143560.0
-10566.9 145000.0
-10849.6 149248.0
-10772.8 147429.0
-9030.66 147284.0
-10524.6 147407.0
-10795.1 152877.0
-15834.5 152837.0
-9398.01 145508.0
-18291.3 154451.0
-16012.6 137660.0
-8962.75 137566.0
-7878.5 141551.0
-6158.61 141177.0
-6214.27 143638.0
-4652.46 145063.0
-2732.2 146358.0
-2689.9 149052.0
-3704.02 145775.0
-3174.14 133975.0
-9001.71 135144.0
-8006.52 137430.0
-5394.96 138401.0
-5678.83 139267.0
-6470.31 134877.0
-10745.0 135048.0
-11278.2 131704.0
-11751.3 133768.0
-14495.3 132855.0
-15915.8 132724.0
-13029.3 135217.0
-12971.4 137533.0
-8949.39 137776.0
-8771.28 139468.0
-5417.22 139289.0
-5253.59 141745.0
-6157.5 141244.0
-5923.73 143103.0
-4708.12 143453.0
-10204.0 143103.0
-10494.5 145635.0
-8780.19 142231.0
-7822.84 139508.0
-7816.16 140536.0
-4738.18 141382.0
-4680.29 143709.0
-1927.36 143667.0
-1276.14 145381.0
1247.47 145336.0
1286.43 148977.0
1205.17 146859.0
-1521.04 147318.0
915.741 151702.0
4.03428 152272.0
-121.757 142324.0
3014.11 134973.0
2007.79 133525.0
3295.75 137466.0
3605.22 138717.0
1497.94 132031.0
6304.72 130736.0
4191.87 134625.0
1974.39 132940.0
2052.31 134231.0
2824.87 132862.0
4221.93 134650.0
8853.93 124486.0
12000.9 113987.0
-10196.2 139423.0
-17704.7 141585.0
-18554.0 142420.0
-13827.4 139601.0
-6203.14 139434.0
-4750.42 145423.0
-22817.6 150802.0
-307.66 144361.0
-1688.02 139167.0
-2339.24 139047.0
-1095.8 143555.0
-611.563 145552.0
-1546.65 146258.0
-2573.01 149054.0
0.694696 149344.0
-614.902 145341.0
-1204.9 145363.0
1221.87 145307.0
1822.99 149310.0
7024.95 149286.0
3142.13 148164.0
-711.75 146792.0
-1187.08 145363.0
-1279.48 144145.0
-1561.12 145726.0
11.8266 146926.0
11.8266 149375.0
-1164.82 145312.0
-715.09 146354.0
-2292.49 145292.0
-1437.55 154525.0
-1277.25 162072.0
-2996.03 160776.0
-8457.36 161019.0
-9498.2 163686.0
-9281.12 156936.0
-3591.59 155237.0
-3731.85 145581.0
324431.0 145581.0
-2924.78 145412.0
1244.13 145356.0
1312.04 147004.0
7440.18 145501.0
4466.83 146950.0
2156.95 138457.0
11858.4 115768.0
4191.87 134636.0
1414.45 132869.0
-647.185 139207.0
-1114.73 143364.0
-1446.46 145345.0
-3759.68 144283.0
-1867.25 144599.0
-1516.59 146739.0
-1031.24 146392.0
-697.279 146732.0
-2256.86 143419.0
-10511.2 144851.0
-10474.5 154692.0
-14342.8 154462.0
-14292.7 152038.0
-11695.6 151357.0
-12331.3 147262.0
-13864.1 145931.0
-15637.5 142536.0
-15776.6 135534.0
-14756.9 137575.0
-8954.96 137577.0
-8606.53 139289.0
-7936.38 136308.0
1998.88 132984.0
256.73 139192.0
-1824.94 144546.0
-3756.34 143900.0
-4023.5 145403.0
-1524.38 146287.0
22.9586 145370.0
744.309 152670.0
20.7322 147095.0
-1741.46 146837.0
-2172.26 143455.0
-10569.1 144956.0
-14985.1 145541.0
-18437.2 141946.0
-18052.0 141115.0
-13995.5 139590.0
-5353.77 140171.0
-4081.39 141367.0
-970.011 141155.0
-1460.93 144510.0
-2776.73 143704.0
-1897.3 147028.0
-2606.41 151103.0
-3598.26 152120.0
-3714.04 145837.0
-11244.8 145742.0
-3739.64 144929.0
-3692.89 130885.0
-3702.9 118562.0
-719.542 146436.0
-1543.31 145503.0
-1541.08 146091.0
-711.75 146993.0
-1218.25 145325.0
-1527.72 146594.0
-47.1727 145359.0
1316.49 143667.0
2913.93 142473.0
1330.96 144702.0
4.03428 143916.0
-1541.08 146617.0
-14112.4 146614.0
-1210.46 146358.0
-720.656 146443.0
-1541.08 145670.0
-1070.2 149460.0
-1683.57 151025.0
-1214.91 149511.0
34.0905 148264.0
852.289 147004.0
5041.24 146904.0
5783.74 148157.0
5739.21 146438.0
4459.04 146948.0
4015.99 141137.0
2143.59 138484.0
9221.29 123193.0
11967.5 113964.0
11102.6 117340.0
11023.6 118662.0
10846.6 114790.0
-10632.5 139592.0
-10928.7 129785.0
-12179.9 135355.0
-10799.5 135311.0
-10821.8 137938.0
-8952.73 137560.0
-7977.57 139289.0
-5367.13 139363.0
-4056.9 141385.0
-2773.39 143299.0
-678.354 145359.0
2680.15 139468.0
4427.87 137693.0
5883.93 131867.0
2950.66 128859.0
3776.65 104246.0
19604.1 71168.6
33187.3 69603.5
42789.7 56200.6
43988.6 49891.0
45371.2 50189.4
45508.1 43913.2
42578.2 33397.9
43307.3 26347.0
40613.4 23508.3
40704.7 17853.3
41353.7 10704.3
41191.1 19912.7
40863.9 13912.6
40790.4 18930.9
41269.1 10069.8
41433.8 22640.0
41060.9 25256.0
43328.5 26418.2
44138.9 46760.7
43150.4 50078.0
31287.0 58985.8
22901.3 61599.6
21329.5 68434.6
21387.4 84994.5
20931.0 95140.2
13022.8 105811.0
10804.3 119243.0
4395.59 136598.0
4423.42 137504.0
4781.87 133634.0
11669.2 117700.0
12789.1 106795.0
20848.6 95353.9
21407.4 67922.6
23118.4 61112.0
30360.9 59090.5
43168.2 50051.3
43367.4 27480.2
40657.9 23439.3
40763.7 17445.9
41361.5 11572.6
41052.0 25238.2
43329.6 26413.7
44125.5 46783.0
43059.1 50102.5
32537.2 58560.6
23007.1 61087.5
20848.6 73343.8
20644.9 95658.9
13006.2 105994.0
8106.98 126657.0
4397.81 136596.0
7991.21 127067.0
11970.9 114289.0
13292.2 105851.0
14407.7 103792.0
21310.6 103235.0
21371.8 101570.0
24577.8 103814.0
27418.7 102634.0
32331.2 85462.1
34220.3 84544.8
36318.7 77663.0
38391.4 77386.9
38222.2 68234.3
42789.7 52794.2
44386.0 45709.9
42572.6 36303.4
43315.1 26351.4
40674.6 23430.4
41478.3 11078.4
