-11321.6 147258.0
-12319.0 146267.0
-10999.9 147304.0
-10446.6 145454.0
-12971.4 141765.0
-10627.0 141983.0
-9331.22 147347.0
-6760.85 147120.0
-4368.6 150386.0
-1112.5 149168.0
696.442 145330.0
-1093.58 139586.0
-13342.1 139481.0
-14764.7 144183.0
-14079.0 139615.0
-8903.75 138642.0
-7747.14 143702.0
-4002.35 143571.0
-1948.51 147033.0
2498.7 147583.0
274.541 149302.0
-1555.55 147823.0
-30.4748 147004.0
-8505.23 139450.0
-4496.61 139185.0
1247.47 148879.0
1270.85 153329.0
47.4489 150279.0
3678.69 151067.0
4437.89 147988.0
2500.93 139089.0
-800.806 135024.0
-4881.78 134777.0
-3302.15 135373.0
-5644.32 139167.0
-6833.21 134910.0
-11812.5 135226.0
-17941.8 145071.0
-11852.6 147296.0
-9716.38 145490.0
-8756.81 147276.0
-6793.13 144867.0
-2741.1 151052.0
-1797.12 146922.0
-14360.6 153705.0
-10502.3 153020.0
-6460.29 157452.0
1152.85 155941.0
2417.44 145922.0
1328.74 146897.0
-3206.42 142489.0
-2890.27 136567.0
-4174.9 139134.0
-10985.4 139421.0
-8597.62 154600.0
1579.21 152670.0
5122.5 147837.0
4386.68 157138.0
1946.56 158835.0
1392.19 142816.0
-1837.19 145434.0
4687.25 141071.0
5029.0 133129.0
13802.1 106009.0
25092.1 106452.0
32383.5 86753.4
27300.7 102730.0
-1219.37 143464.0
-9060.71 143847.0
-9288.92 151853.0
-15735.4 144945.0
-19392.3 144078.0
-19617.1 153596.0
-25737.5 152833.0
-26653.6 154168.0
-21173.4 149295.0
-16135.1 135558.0
-13201.8 135427.0
-13343.2 136466.0
-14856.0 135992.0
-13485.7 136462.0
-14877.2 135643.0
-14440.8 139094.0
-16115.0 144640.0
-19417.9 143081.0
-13132.8 139483.0
-3640.57 139234.0
-3789.73 119564.0
-2252.41 116687.0
-898.767 116954.0
-3915.52 119305.0
-4442.07 114770.0
-4768.23 132978.0
-5941.54 139131.0
-9213.22 139318.0
-8230.27 134868.0
-8930.47 139383.0
-2689.9 139102.0
1277.53 145886.0
1191.81 157927.0
2947.32 160917.0
6243.49 161743.0
2714.66 155974.0
-3481.38 155126.0
-2278.02 152699.0
-4251.71 154318.0
-3708.47 156119.0
-3702.9 145684.0
-7355.3 143604.0
-8943.83 136386.0
-14013.3 133953.0
-18908.0 142455.0
-19411.2 141311.0
-19570.4 146775.0
-12754.3 152939.0
-10866.3 152971.0
-9589.48 137462.0
-8948.28 137270.0
-8180.17 139414.0
-3187.5 139107.0
586.235 141823.0
425.935 152563.0
-1905.09 143569.0
-5959.35 143555.0
-6023.92 139125.0
-8764.6 139298.0
-8899.3 137439.0
-4762.67 143041.0
-5883.65 143397.0
-6136.35 141238.0
2259.37 124900.0
3582.96 111727.0
12489.6 108049.0
15190.2 109414.0
18774.7 106123.0
20028.2 102525.0
23048.3 101036.0
24883.9 94220.7
32482.6 86875.8
30235.1 94935.3
25831.3 102670.0
21906.1 106052.0
17775.1 105967.0
15185.8 109440.0
15001.0 121565.0
7560.4 128883.0
1541.36 139704.0
-9655.16 151497.0
-8272.57 147244.0
-2758.92 147026.0
749.875 142133.0
2724.68 145955.0
-722.882 147048.0
2194.8 140358.0
4651.62 154349.0
6744.43 154549.0
4430.1 154235.0
1379.94 151457.0
560.632 150544.0
1086.06 142335.0
1028.17 155945.0
1092.74 153075.0
63.0336 152784.0
893.477 147487.0
-1138.1 147458.0
8131.47 128280.0
15096.7 121398.0
15889.3 114666.0
15327.2 116952.0
7862.08 122336.0
3073.11 136714.0
286.786 141458.0
772.139 149342.0
1944.33 148816.0
1593.68 142398.0
-1066.86 135805.0
-6338.95 134890.0
-13403.3 120085.0
-14110.2 115187.0
-13607.0 117021.0
-14765.8 115639.0
-11044.4 127220.0
-11061.1 132027.0
-11084.5 125579.0
-10821.8 134445.0
-9124.16 135133.0
-14305.0 135375.0
-13532.4 139541.0
-1501.01 139120.0
2645.65 144301.0
1251.93 144622.0
1283.1 151321.0
-2546.3 152761.0
-1409.72 154482.0
-934.389 152659.0
1208.51 153069.0
1710.56 155979.0
4767.4 156039.0
4056.06 154351.0
1765.11 158525.0
96.4295 146968.0
-1685.8 146873.0
3010.77 137987.0
579.556 145256.0
1762.88 154342.0
1204.06 151463.0
258.956 138455.0
-264.246 145379.0
2823.76 152091.0
1338.75 151882.0
584.009 141754.0
-2010.85 141251.0
-2422.73 139136.0
1093.85 142516.0
193.277 140599.0
1208.51 145314.0
-6006.11 147004.0
-4536.69 126543.0
-3794.19 119581.0
-14300.5 117965.0
-9936.8 118444.0
8174.88 110674.0
10815.4 107234.0
18778.1 106125.0
28002.0 101131.0
32383.5 86860.2
30050.3 96322.4
24892.8 103331.0
20037.1 106014.0
15963.9 105891.0
12458.5 108325.0
11679.2 117553.0
6794.52 126136.0
2319.48 127612.0
809.987 132866.0
4270.91 152908.0
4378.89 157813.0
1222.98 160859.0
91.9767 159810.0
3084.24 152347.0
-4099.2 152416.0
-3598.26 150862.0
-3710.7 141344.0
-1619.0 145443.0
1191.81 145332.0
172.127 142273.0
356.917 145034.0
-1106.93 148090.0
3955.88 166222.0
493.84 162776.0
-3734.07 164025.0
-3768.58 166581.0
-8291.49 153578.0
-8835.85 165481.0
-7618.01 161066.0
-1258.33 161774.0
6309.17 174749.0
5769.27 176239.0
2964.02 169945.0
3452.71 160923.0
12334.9 161524.0
12783.5 162684.0
3343.62 160848.0
3056.41 152563.0
2662.34 154382.0
-4701.44 152730.0
-10509.0 152781.0
-11021.0 154901.0
-14159.1 155106.0
-14062.3 152866.0
-14115.7 154816.0
-11793.6 150421.0
-9512.67 149707.0
-7946.4 147224.0
-2709.93 147712.0
4487.98 134443.0
11339.7 126038.0
15370.6 116427.0
15546.5 110386.0
20022.6 103476.0
21211.5 103215.0
20034.9 102550.0
22461.6 101675.0
32428.1 86107.7
29050.6 94238.5
23895.4 100343.0
20022.6 102583.0
23905.4 100154.0
30544.5 89518.5
30779.4 86742.2
32236.6 86047.6
30594.6 86933.7
32431.4 86161.1
30396.5 92183.5
32302.3 86121.1
30429.9 91435.5
24613.4 96041.9
22383.7 101626.0
19931.3 102489.0
25486.2 94214.0
30310.8 93733.1
31657.7 86219.0
35046.3 78941.0
27881.8 94349.8
21335.1 94111.6
12529.7 107837.0
11699.3 117458.0
2249.35 132488.0
2611.14 136008.0
189.938 141690.0
1268.62 151590.0
-4257.28 152663.0
-5829.11 154507.0
-3787.51 153625.0
-3126.27 163887.0
-1266.12 163766.0
-325.471 158574.0
-2338.13 149066.0
-4376.39 149615.0
2916.15 147013.0
1212.96 153710.0
-1165.93 156179.0
1663.81 155936.0
493.84 145312.0
814.44 141458.0
-2613.09 143393.0
-1753.7 146897.0
-2847.97 143451.0
-6004.99 143564.0
-5357.11 139937.0
-4709.23 143045.0
-8687.79 144533.0
-4755.99 137747.0
-5681.05 130074.0
-10615.8 127389.0
-17414.1 129035.0
-22568.2 121986.0
-22593.8 123798.0
-22667.3 122696.0
-18915.8 126971.0
-12797.7 124166.0
-13725.0 121534.0
-10891.9 130482.0
-11896.0 133779.0
-10718.3 137479.0
-8602.08 137232.0
-10474.5 150335.0
-14395.1 152018.0
-17098.0 148919.0
-18380.4 142491.0
-11835.9 137499.0
-10808.4 138708.0
