3.3005e+07 1.11385e+07 3.30044e+07 1.11355e+07
3.30044e+07 1.11355e+07 3.30037e+07 1.1135e+07
3.30037e+07 1.1135e+07 3.30016e+07 1.1147e+07
3.30016e+07 1.1147e+07 3.29993e+07 1.11466e+07
3.29993e+07 1.11466e+07 3.29929e+07 1.11436e+07
3.29929e+07 1.11436e+07 3.29927e+07 1.11374e+07
3.29927e+07 1.11374e+07 3.29911e+07 1.11391e+07
3.29911e+07 1.11391e+07 3.29896e+07 1.11447e+07
3.29896e+07 1.11447e+07 3.29885e+07 1.11655e+07
3.29885e+07 1.11655e+07 3.29896e+07 1.11665e+07
3.29896e+07 1.11665e+07 3.29921e+07 1.11655e+07
3.29921e+07 1.11655e+07 3.29927e+07 1.11627e+07
3.29927e+07 1.11627e+07 3.2995e+07 1.11572e+07
3.2995e+07 1.11572e+07 3.29967e+07 1.11576e+07
3.29967e+07 1.11576e+07 3.29988e+07 1.1156e+07
3.29988e+07 1.1156e+07 3.30014e+07 1.11561e+07
3.30014e+07 1.11561e+07 3.30014e+07 1.11534e+07
3.30014e+07 1.11534e+07 3.30044e+07 1.11518e+07
3.30044e+07 1.11518e+07 3.30015e+07 1.1158e+07
3.30015e+07 1.1158e+07 3.29974e+07 1.11508e+07
3.29974e+07 1.11508e+07 3.29959e+07 1.11471e+07
3.29959e+07 1.11471e+07 3.29914e+07 1.11469e+07
3.29914e+07 1.11469e+07 3.29914e+07 1.11437e+07
3.29914e+07 1.11437e+07 3.29902e+07 1.11294e+07
3.29902e+07 1.11294e+07 3.29834e+07 1.11074e+07
3.29834e+07 1.11074e+07 3.29835e+07 1.11064e+07
3.29835e+07 1.11064e+07 3.29827e+07 1.11076e+07
3.29827e+07 1.11076e+07 3.29876e+07 1.11227e+07
3.29876e+07 1.11227e+07 3.29923e+07 1.11375e+07
3.29923e+07 1.11375e+07 3.29914e+07 1.11437e+07
3.29914e+07 1.11437e+07 3.29914e+07 1.11471e+07
3.29914e+07 1.11471e+07 3.29924e+07 1.1144e+07
3.29924e+07 1.1144e+07 3.29922e+07 1.11436e+07
3.29922e+07 1.11436e+07 3.29902e+07 1.11426e+07
3.29902e+07 1.11426e+07 3.29911e+07 1.11375e+07
3.29911e+07 1.11375e+07 3.2992e+07 1.11347e+07
3.2992e+07 1.11347e+07 3.29938e+07 1.11374e+07
3.29938e+07 1.11374e+07 3.29968e+07 1.11368e+07
3.29968e+07 1.11368e+07 3.29972e+07 1.11391e+07
3.29972e+07 1.11391e+07 3.3001e+07 1.1147e+07
3.3001e+07 1.1147e+07 3.30014e+07 1.11421e+07
3.30014e+07 1.11421e+07 3.30032e+07 1.11386e+07
3.30032e+07 1.11386e+07 3.3002e+07 1.11315e+07
3.3002e+07 1.11315e+07 3.30019e+07 1.11293e+07
3.30019e+07 1.11293e+07 3.2996e+07 1.11227e+07
3.2996e+07 1.11227e+07 3.29961e+07 1.1118e+07
3.29961e+07 1.1118e+07 3.3001e+07 1.11139e+07
3.3001e+07 1.11139e+07 3.30125e+07 1.1108e+07
3.30125e+07 1.1108e+07 3.30187e+07 1.11062e+07
3.30187e+07 1.11062e+07 3.30213e+07 1.11061e+07
3.30213e+07 1.11061e+07 3.30309e+07 1.10878e+07
3.30309e+07 1.10878e+07 3.30291e+07 1.10942e+07
3.30291e+07 1.10942e+07 3.30134e+07 1.11055e+07
3.30134e+07 1.11055e+07 3.30047e+07 1.11304e+07
3.30047e+07 1.11304e+07 3.30026e+07 1.11309e+07
3.30026e+07 1.11309e+07 3.30022e+07 1.11326e+07
3.30022e+07 1.11326e+07 3.30011e+07 1.1132e+07
3.30011e+07 1.1132e+07 3.3003e+07 1.11398e+07
3.3003e+07 1.11398e+07 3.30046e+07 1.11514e+07
3.30046e+07 1.11514e+07 3.30012e+07 1.115e+07
3.30012e+07 1.115e+07 3.29931e+07 1.11529e+07
3.29931e+07 1.11529e+07 3.29925e+07 1.11531e+07
3.29925e+07 1.11531e+07 3.29981e+07 1.11458e+07
3.29981e+07 1.11458e+07 3.29991e+07 1.11493e+07
3.29991e+07 1.11493e+07 3.30005e+07 1.11534e+07
3.30005e+07 1.11534e+07 3.3e+07 1.11496e+07
3.3e+07 1.11496e+07 3.30004e+07 1.11509e+07
3.30004e+07 1.11509e+07 3.3003e+07 1.11494e+07
3.3003e+07 1.11494e+07 3.29997e+07 1.11354e+07
3.29997e+07 1.11354e+07 3.29963e+07 1.11359e+07
3.29963e+07 1.11359e+07 3.29974e+07 1.11392e+07
3.29974e+07 1.11392e+07 3.29988e+07 1.11411e+07
3.29988e+07 1.11411e+07 3.29994e+07 1.11452e+07
3.29994e+07 1.11452e+07 3.29992e+07 1.1147e+07
3.29992e+07 1.1147e+07 3.29994e+07 1.11495e+07
3.29994e+07 1.11495e+07 3.30006e+07 1.11515e+07
3.30006e+07 1.11515e+07 3.29969e+07 1.1156e+07
3.29969e+07 1.1156e+07 3.29927e+07 1.11583e+07
3.29927e+07 1.11583e+07 3.2993e+07 1.11568e+07
3.2993e+07 1.11568e+07 3.29939e+07 1.1154e+07
3.29939e+07 1.1154e+07 3.29951e+07 1.11497e+07
3.29951e+07 1.11497e+07 3.29954e+07 1.11454e+07
3.29954e+07 1.11454e+07 3.29927e+07 1.11471e+07
3.29927e+07 1.11471e+07 3.29913e+07 1.1144e+07
3.29913e+07 1.1144e+07 3.29965e+07 1.11414e+07
3.29965e+07 1.11414e+07 3.29962e+07 1.1136e+07
3.29962e+07 1.1136e+07 3.29964e+07 1.11391e+07
3.29964e+07 1.11391e+07 3.29972e+07 1.11433e+07
3.29972e+07 1.11433e+07 3.29983e+07 1.11511e+07
3.29983e+07 1.11511e+07 3.30006e+07 1.1158e+07
3.30006e+07 1.1158e+07 3.29991e+07 1.11253e+07
3.29991e+07 1.11253e+07 3.2996e+07 1.11196e+07
3.2996e+07 1.11196e+07 3.29952e+07 1.11158e+07
3.29952e+07 1.11158e+07 3.29986e+07 1.11439e+07
3.29986e+07 1.11439e+07 3.29963e+07 1.11359e+07
3.29963e+07 1.11359e+07 3.29913e+07 1.11394e+07
3.29913e+07 1.11394e+07 3.29851e+07 1.114e+07
3.29851e+07 1.114e+07 3.29844e+07 1.11514e+07
3.29844e+07 1.11514e+07 3.29828e+07 1.11543e+07
3.29828e+07 1.11543e+07 3.29864e+07 1.11529e+07
3.29864e+07 1.11529e+07 3.29885e+07 1.11496e+07
3.29885e+07 1.11496e+07 3.29901e+07 1.11473e+07
3.29901e+07 1.11473e+07 3.29914e+07 1.11518e+07
3.29914e+07 1.11518e+07 3.29915e+07 1.11544e+07
3.29915e+07 1.11544e+07 3.29915e+07 1.11567e+07
3.29915e+07 1.11567e+07 3.29911e+07 1.11643e+07
3.29911e+07 1.11643e+07 3.30012e+07 1.11585e+07
3.30012e+07 1.11585e+07 3.3e+07 1.11517e+07
3.3e+07 1.11517e+07 3.30012e+07 1.11543e+07
3.30012e+07 1.11543e+07 3.30004e+07 1.11507e+07
3.30004e+07 1.11507e+07 3.30015e+07 1.11526e+07
3.30015e+07 1.11526e+07 3.2998e+07 1.1139e+07
3.2998e+07 1.1139e+07 3.29846e+07 1.11406e+07
3.29846e+07 1.11406e+07 3.29848e+07 1.11357e+07
3.29848e+07 1.11357e+07 3.29859e+07 1.11238e+07
3.29859e+07 1.11238e+07 3.2985e+07 1.11282e+07
3.2985e+07 1.11282e+07 3.29883e+07 1.11353e+07
3.29883e+07 1.11353e+07 3.29887e+07 1.1156e+07
3.29887e+07 1.1156e+07 3.29904e+07 1.1145e+07
3.29904e+07 1.1145e+07 3.30013e+07 1.11368e+07
3.30013e+07 1.11368e+07 3.30042e+07 1.11346e+07
3.30042e+07 1.11346e+07 3.30071e+07 1.11294e+07
3.30071e+07 1.11294e+07 3.30135e+07 1.1106e+07
3.30135e+07 1.1106e+07 3.3024e+07 1.11062e+07
3.3024e+07 1.11062e+07 3.30299e+07 1.10967e+07
3.30299e+07 1.10967e+07 3.30302e+07 1.10929e+07
3.30302e+07 1.10929e+07 3.3031e+07 1.10872e+07
3.3031e+07 1.10872e+07 3.30274e+07 1.10909e+07
3.30274e+07 1.10909e+07 3.30166e+07 1.11001e+07
3.30166e+07 1.11001e+07 3.30036e+07 1.11174e+07
3.30036e+07 1.11174e+07 3.29976e+07 1.11382e+07
3.29976e+07 1.11382e+07 3.29992e+07 1.11377e+07
3.29992e+07 1.11377e+07 3.29965e+07 1.11391e+07
3.29965e+07 1.11391e+07 3.29963e+07 1.11448e+07
3.29963e+07 1.11448e+07 3.29992e+07 1.11454e+07
3.29992e+07 1.11454e+07 3.29998e+07 1.11406e+07
3.29998e+07 1.11406e+07 3.29997e+07 1.11395e+07
3.29997e+07 1.11395e+07 3.29905e+07 1.11394e+07
3.29905e+07 1.11394e+07 3.29865e+07 1.11392e+07
3.29865e+07 1.11392e+07 3.2987e+07 1.11355e+07
3.2987e+07 1.11355e+07 3.29908e+07 1.11351e+07
3.29908e+07 1.11351e+07 3.30016e+07 1.1138e+07
3.30016e+07 1.1138e+07 3.3005e+07 1.11385e+07
3.3005e+07 1.11385e+07 3.30051e+07 1.11334e+07
3.30051e+07 1.11334e+07 3.30083e+07 1.11698e+07
3.30083e+07 1.11698e+07 3.30135e+07 1.11878e+07
3.30135e+07 1.11878e+07 3.30258e+07 1.1208e+07
3.30258e+07 1.1208e+07 3.30357e+07 1.12235e+07
3.30357e+07 1.12235e+07 3.30375e+07 1.1223e+07
3.30375e+07 1.1223e+07 3.30371e+07 1.12128e+07
3.30371e+07 1.12128e+07 3.3038e+07 1.11906e+07
3.3038e+07 1.11906e+07 3.30369e+07 1.11821e+07
3.30369e+07 1.11821e+07 3.30307e+07 1.11719e+07
3.30307e+07 1.11719e+07 3.30277e+07 1.11614e+07
3.30277e+07 1.11614e+07 3.30234e+07 1.11564e+07
3.30234e+07 1.11564e+07 3.30219e+07 1.11542e+07
3.30219e+07 1.11542e+07 3.30216e+07 1.1153e+07
3.30216e+07 1.1153e+07 3.30088e+07 1.11523e+07
3.30088e+07 1.11523e+07 3.29951e+07 1.11503e+07
3.29951e+07 1.11503e+07 3.29951e+07 1.11478e+07
3.29951e+07 1.11478e+07 3.29968e+07 1.11436e+07
3.29968e+07 1.11436e+07 3.29957e+07 1.11436e+07
3.29957e+07 1.11436e+07 3.29921e+07 1.11407e+07
3.29921e+07 1.11407e+07 3.2993e+07 1.11361e+07
3.2993e+07 1.11361e+07 3.30036e+07 1.11216e+07
3.30036e+07 1.11216e+07 3.30106e+07 1.11089e+07
3.30106e+07 1.11089e+07 3.30248e+07 1.10942e+07
3.30248e+07 1.10942e+07 3.30305e+07 1.10897e+07
3.30305e+07 1.10897e+07 3.30308e+07 1.10876e+07
3.30308e+07 1.10876e+07 3.30282e+07 1.10943e+07
3.30282e+07 1.10943e+07 3.30234e+07 1.10942e+07
3.30234e+07 1.10942e+07 3.30143e+07 1.1104e+07
3.30143e+07 1.1104e+07 3.30109e+07 1.11191e+07
3.30109e+07 1.11191e+07 3.30068e+07 1.11257e+07
3.30068e+07 1.11257e+07 3.30046e+07 1.11305e+07
3.30046e+07 1.11305e+07 3.30022e+07 1.11326e+07
3.30022e+07 1.11326e+07 3.30012e+07 1.1132e+07
3.30012e+07 1.1132e+07 3.30041e+07 1.11345e+07
3.30041e+07 1.11345e+07 3.29982e+07 1.11478e+07
3.29982e+07 1.11478e+07 3.2997e+07 1.11524e+07
3.2997e+07 1.11524e+07 3.29993e+07 1.11482e+07
3.29993e+07 1.11482e+07 3.29973e+07 1.1147e+07
3.29973e+07 1.1147e+07 3.29973e+07 1.11464e+07
3.29973e+07 1.11464e+07 3.29958e+07 1.11511e+07
3.29958e+07 1.11511e+07 3.29979e+07 1.11495e+07
3.29979e+07 1.11495e+07 3.30002e+07 1.11487e+07
3.30002e+07 1.11487e+07 3.30005e+07 1.11508e+07
3.30005e+07 1.11508e+07 3.30031e+07 1.11503e+07
3.30031e+07 1.11503e+07 3.30025e+07 1.11477e+07
3.30025e+07 1.11477e+07 3.30014e+07 1.11493e+07
3.30014e+07 1.11493e+07 3.30015e+07 1.11421e+07
3.30015e+07 1.11421e+07 3.3003e+07 1.11359e+07
3.3003e+07 1.11359e+07 3.30012e+07 1.1132e+07
3.30012e+07 1.1132e+07 3.30014e+07 1.11336e+07
3.30014e+07 1.11336e+07 3.30037e+07 1.11407e+07
3.30037e+07 1.11407e+07 3.3001e+07 1.11523e+07
3.3001e+07 1.11523e+07 3.29982e+07 1.11456e+07
3.29982e+07 1.11456e+07 3.29952e+07 1.11415e+07
3.29952e+07 1.11415e+07 3.29983e+07 1.11512e+07
3.29983e+07 1.11512e+07 3.29954e+07 1.11624e+07
3.29954e+07 1.11624e+07 3.29959e+07 1.11612e+07
3.29959e+07 1.11612e+07 3.29965e+07 1.11552e+07
3.29965e+07 1.11552e+07 3.29987e+07 1.11544e+07
3.29987e+07 1.11544e+07 3.30019e+07 1.11549e+07
3.30019e+07 1.11549e+07 3.30032e+07 1.11534e+07
3.30032e+07 1.11534e+07 3.30036e+07 1.11418e+07
3.30036e+07 1.11418e+07 3.30032e+07 1.11423e+07
3.30032e+07 1.11423e+07 3.30034e+07 1.11389e+07
3.30034e+07 1.11389e+07 3.30032e+07 1.11325e+07
3.30032e+07 1.11325e+07 3.30014e+07 1.11338e+07
3.30014e+07 1.11338e+07 3.30013e+07 1.1132e+07
3.30013e+07 1.1132e+07 3.30014e+07 1.11343e+07
3.30014e+07 1.11343e+07 3.30008e+07 1.11363e+07
3.30008e+07 1.11363e+07 3.29972e+07 1.11383e+07
3.29972e+07 1.11383e+07 3.29987e+07 1.11362e+07
3.29987e+07 1.11362e+07 3.29972e+07 1.11394e+07
3.29972e+07 1.11394e+07 3.29972e+07 1.11425e+07
3.29972e+07 1.11425e+07 3.30013e+07 1.1147e+07
3.30013e+07 1.1147e+07 3.30039e+07 1.11475e+07
3.30039e+07 1.11475e+07 3.30072e+07 1.11493e+07
3.30072e+07 1.11493e+07 3.30035e+07 1.1151e+07
3.30035e+07 1.1151e+07 3.30004e+07 1.11509e+07
3.30004e+07 1.11509e+07 3.3002e+07 1.1139e+07
3.3002e+07 1.1139e+07 3.30006e+07 1.11365e+07
3.30006e+07 1.11365e+07 3.30032e+07 1.11359e+07
3.30032e+07 1.11359e+07 3.3002e+07 1.11387e+07
3.3002e+07 1.11387e+07 3.29989e+07 1.11453e+07
3.29989e+07 1.11453e+07 3.29975e+07 1.11526e+07
3.29975e+07 1.11526e+07 3.29911e+07 1.11529e+07
3.29911e+07 1.11529e+07 3.29903e+07 1.11567e+07
3.29903e+07 1.11567e+07 3.29957e+07 1.11561e+07
3.29957e+07 1.11561e+07 3.30007e+07 1.11536e+07
3.30007e+07 1.11536e+07 3.29999e+07 1.11515e+07
3.29999e+07 1.11515e+07 3.3e+07 1.11524e+07
3.3e+07 1.11524e+07 3.30016e+07 1.11413e+07
3.30016e+07 1.11413e+07 3.30019e+07 1.11479e+07
3.30019e+07 1.11479e+07 3.30015e+07 1.11416e+07
3.30015e+07 1.11416e+07 3.29999e+07 1.11408e+07
3.29999e+07 1.11408e+07 3.29985e+07 1.11369e+07
3.29985e+07 1.11369e+07 3.29949e+07 1.11344e+07
3.29949e+07 1.11344e+07 3.29953e+07 1.11348e+07
3.29953e+07 1.11348e+07 3.29865e+07 1.11338e+07
3.29865e+07 1.11338e+07 3.29843e+07 1.11355e+07
3.29843e+07 1.11355e+07 3.2985e+07 1.11355e+07
3.2985e+07 1.11355e+07 3.29849e+07 1.11274e+07
3.29849e+07 1.11274e+07 3.29851e+07 1.11399e+07
3.29851e+07 1.11399e+07 3.29844e+07 1.11536e+07
3.29844e+07 1.11536e+07 3.29834e+07 1.11358e+07
3.29834e+07 1.11358e+07 3.2984e+07 1.11372e+07
3.2984e+07 1.11372e+07 3.29845e+07 1.11357e+07
3.29845e+07 1.11357e+07 3.29928e+07 1.1135e+07
3.29928e+07 1.1135e+07 3.29961e+07 1.11348e+07
3.29961e+07 1.11348e+07 3.29916e+07 1.11346e+07
3.29916e+07 1.11346e+07 3.29941e+07 1.11393e+07
3.29941e+07 1.11393e+07 3.29964e+07 1.11416e+07
3.29964e+07 1.11416e+07 3.29994e+07 1.1142e+07
3.29994e+07 1.1142e+07 3.30012e+07 1.11427e+07
3.30012e+07 1.11427e+07 3.30014e+07 1.11421e+07
3.30014e+07 1.11421e+07 3.29912e+07 1.11423e+07
3.29912e+07 1.11423e+07 3.29901e+07 1.11425e+07
3.29901e+07 1.11425e+07 3.3e+07 1.11359e+07
3.3e+07 1.11359e+07 3.30044e+07 1.11344e+07
3.30044e+07 1.11344e+07 3.30309e+07 1.10868e+07
3.30309e+07 1.10868e+07 3.30308e+07 1.1088e+07
3.30308e+07 1.1088e+07 3.30162e+07 1.11007e+07
3.30162e+07 1.11007e+07 3.30012e+07 1.11263e+07
3.30012e+07 1.11263e+07 3.29899e+07 1.11394e+07
3.29899e+07 1.11394e+07 3.29887e+07 1.1161e+07
3.29887e+07 1.1161e+07 3.29879e+07 1.11821e+07
3.29879e+07 1.11821e+07 3.29876e+07 1.11911e+07
3.29876e+07 1.11911e+07 3.29883e+07 1.11889e+07
3.29883e+07 1.11889e+07 3.29886e+07 1.11639e+07
3.29886e+07 1.11639e+07 3.29896e+07 1.11507e+07
3.29896e+07 1.11507e+07 3.29989e+07 1.11358e+07
3.29989e+07 1.11358e+07 3.3002e+07 1.11333e+07
3.3002e+07 1.11333e+07 3.30019e+07 1.11255e+07
3.30019e+07 1.11255e+07 3.30104e+07 1.11049e+07
3.30104e+07 1.11049e+07 3.3021e+07 1.10951e+07
3.3021e+07 1.10951e+07 3.30275e+07 1.10944e+07
3.30275e+07 1.10944e+07 3.30308e+07 1.10876e+07
3.30308e+07 1.10876e+07 3.3032e+07 1.10885e+07
3.3032e+07 1.10885e+07 3.30404e+07 1.10979e+07
3.30404e+07 1.10979e+07 3.30406e+07 1.11169e+07
3.30406e+07 1.11169e+07 3.30445e+07 1.11297e+07
3.30445e+07 1.11297e+07 3.3046e+07 1.11321e+07
3.3046e+07 1.11321e+07 3.30415e+07 1.11253e+07
3.30415e+07 1.11253e+07 3.30308e+07 1.10877e+07
3.30308e+07 1.10877e+07 3.19948e+07 1.33746e+07
3.19948e+07 1.33746e+07 3.30309e+07 1.10868e+07
3.30309e+07 1.10868e+07 3.30304e+07 1.10881e+07
3.30304e+07 1.10881e+07 3.30296e+07 1.1093e+07
3.30296e+07 1.1093e+07 3.30282e+07 1.11006e+07
3.30282e+07 1.11006e+07 3.30281e+07 1.11018e+07
3.30281e+07 1.11018e+07 3.30288e+07 1.10993e+07
3.30288e+07 1.10993e+07 3.30306e+07 1.10877e+07
3.30306e+07 1.10877e+07 3.30345e+07 1.10931e+07
3.30345e+07 1.10931e+07 3.30328e+07 1.10885e+07
3.30328e+07 1.10885e+07 3.30306e+07 1.10877e+07
3.30306e+07 1.10877e+07 3.30357e+07 1.10852e+07
3.30357e+07 1.10852e+07 3.30402e+07 1.10857e+07
3.30402e+07 1.10857e+07 3.30352e+07 1.10851e+07
3.30352e+07 1.10851e+07 3.30305e+07 1.10876e+07
3.30305e+07 1.10876e+07 3.30309e+07 1.10869e+07
3.30309e+07 1.10869e+07 3.30313e+07 1.10867e+07
3.30313e+07 1.10867e+07 3.30343e+07 1.10839e+07
