3.30009e+07 1.11481e+07 3.29988e+07 1.11408e+07
3.29988e+07 1.11408e+07 3.30019e+07 1.11346e+07
3.30019e+07 1.11346e+07 3.29986e+07 1.11453e+07
3.29986e+07 1.11453e+07 3.30011e+07 1.11423e+07
3.30011e+07 1.11423e+07 3.2998e+07 1.1147e+07
3.2998e+07 1.1147e+07 3.29973e+07 1.11503e+07
3.29973e+07 1.11503e+07 3.29924e+07 1.11498e+07
3.29924e+07 1.11498e+07 3.29843e+07 1.11424e+07
3.29843e+07 1.11424e+07 3.29891e+07 1.11351e+07
3.29891e+07 1.11351e+07 3.29877e+07 1.11324e+07
3.29877e+07 1.11324e+07 3.29882e+07 1.11338e+07
3.29882e+07 1.11338e+07 3.29881e+07 1.11535e+07
3.29881e+07 1.11535e+07 3.29896e+07 1.11491e+07
3.29896e+07 1.11491e+07 3.29901e+07 1.11427e+07
3.29901e+07 1.11427e+07 3.29807e+07 1.11419e+07
3.29807e+07 1.11419e+07 3.2982e+07 1.11417e+07
3.2982e+07 1.11417e+07 3.29816e+07 1.11516e+07
3.29816e+07 1.11516e+07 3.29852e+07 1.1152e+07
3.29852e+07 1.1152e+07 3.29887e+07 1.11493e+07
3.29887e+07 1.11493e+07 3.3003e+07 1.11372e+07
3.3003e+07 1.11372e+07 3.30242e+07 1.11226e+07
3.30242e+07 1.11226e+07 3.30421e+07 1.11075e+07
3.30421e+07 1.11075e+07 3.30391e+07 1.11077e+07
3.30391e+07 1.11077e+07 3.30014e+07 1.11293e+07
3.30014e+07 1.11293e+07 3.30026e+07 1.11316e+07
3.30026e+07 1.11316e+07 3.30008e+07 1.11319e+07
3.30008e+07 1.11319e+07 3.29911e+07 1.1135e+07
3.29911e+07 1.1135e+07 3.29906e+07 1.11428e+07
3.29906e+07 1.11428e+07 3.29901e+07 1.11404e+07
3.29901e+07 1.11404e+07 3.2987e+07 1.11361e+07
3.2987e+07 1.11361e+07 3.29852e+07 1.1137e+07
3.29852e+07 1.1137e+07 3.29878e+07 1.11352e+07
3.29878e+07 1.11352e+07 3.30016e+07 1.11375e+07
3.30016e+07 1.11375e+07 3.3e+07 1.11385e+07
3.3e+07 1.11385e+07 3.29972e+07 1.11378e+07
3.29972e+07 1.11378e+07 3.29955e+07 1.11362e+07
3.29955e+07 1.11362e+07 3.29977e+07 1.11332e+07
3.29977e+07 1.11332e+07 3.29972e+07 1.11417e+07
3.29972e+07 1.11417e+07 3.29975e+07 1.11531e+07
3.29975e+07 1.11531e+07 3.29958e+07 1.11522e+07
3.29958e+07 1.11522e+07 3.29957e+07 1.11523e+07
3.29957e+07 1.11523e+07 3.30022e+07 1.1158e+07
3.30022e+07 1.1158e+07 3.29952e+07 1.11416e+07
3.29952e+07 1.11416e+07 3.29915e+07 1.11401e+07
3.29915e+07 1.11401e+07 3.29942e+07 1.11471e+07
3.29942e+07 1.11471e+07 3.30076e+07 1.11282e+07
3.30076e+07 1.11282e+07 3.30188e+07 1.11061e+07
3.30188e+07 1.11061e+07 3.30249e+07 1.11064e+07
3.30249e+07 1.11064e+07 3.3039e+07 1.11078e+07
3.3039e+07 1.11078e+07 3.30378e+07 1.11103e+07
3.30378e+07 1.11103e+07 3.30115e+07 1.11261e+07
3.30115e+07 1.11261e+07 3.30043e+07 1.11387e+07
3.30043e+07 1.11387e+07 3.30007e+07 1.11448e+07
3.30007e+07 1.11448e+07 3.30011e+07 1.11436e+07
3.30011e+07 1.11436e+07 3.30009e+07 1.11523e+07
3.30009e+07 1.11523e+07 3.30146e+07 1.11223e+07
3.30146e+07 1.11223e+07 3.30087e+07 1.11278e+07
3.30087e+07 1.11278e+07 3.30026e+07 1.11376e+07
3.30026e+07 1.11376e+07 3.3001e+07 1.11515e+07
3.3001e+07 1.11515e+07 3.3e+07 1.11517e+07
3.3e+07 1.11517e+07 3.30008e+07 1.1142e+07
3.30008e+07 1.1142e+07 3.30008e+07 1.11526e+07
3.30008e+07 1.11526e+07 3.29935e+07 1.11543e+07
3.29935e+07 1.11543e+07 3.29921e+07 1.11495e+07
3.29921e+07 1.11495e+07 3.30016e+07 1.11565e+07
3.30016e+07 1.11565e+07 3.29974e+07 1.11626e+07
3.29974e+07 1.11626e+07 3.29965e+07 1.11567e+07
3.29965e+07 1.11567e+07 3.29999e+07 1.11527e+07
3.29999e+07 1.11527e+07 3.30015e+07 1.11526e+07
3.30015e+07 1.11526e+07 3.3e+07 1.11518e+07
3.3e+07 1.11518e+07 3.29989e+07 1.11484e+07
3.29989e+07 1.11484e+07 3.29989e+07 1.11496e+07
3.29989e+07 1.11496e+07 3.29981e+07 1.11437e+07
3.29981e+07 1.11437e+07 3.3e+07 1.11485e+07
3.3e+07 1.11485e+07 3.30061e+07 1.1148e+07
3.30061e+07 1.1148e+07 3.30031e+07 1.11518e+07
3.30031e+07 1.11518e+07 3.30012e+07 1.11524e+07
3.30012e+07 1.11524e+07 3.30073e+07 1.11467e+07
3.30073e+07 1.11467e+07 3.30128e+07 1.11497e+07
3.30128e+07 1.11497e+07 3.30084e+07 1.11517e+07
3.30084e+07 1.11517e+07 3.30059e+07 1.11538e+07
3.30059e+07 1.11538e+07 3.30037e+07 1.11499e+07
3.30037e+07 1.11499e+07 3.30008e+07 1.11522e+07
3.30008e+07 1.11522e+07 3.3003e+07 1.1159e+07
3.3003e+07 1.1159e+07 3.3004e+07 1.11545e+07
3.3004e+07 1.11545e+07 3.30006e+07 1.11526e+07
3.30006e+07 1.11526e+07 3.30014e+07 1.115e+07
3.30014e+07 1.115e+07 3.29958e+07 1.11514e+07
3.29958e+07 1.11514e+07 3.29998e+07 1.11415e+07
3.29998e+07 1.11415e+07 3.30008e+07 1.11524e+07
3.30008e+07 1.11524e+07 3.29967e+07 1.11581e+07
3.29967e+07 1.11581e+07 3.29957e+07 1.11522e+07
3.29957e+07 1.11522e+07 3.30021e+07 1.11365e+07
3.30021e+07 1.11365e+07 3.30152e+07 1.11242e+07
3.30152e+07 1.11242e+07 3.30283e+07 1.11145e+07
3.30283e+07 1.11145e+07 3.30391e+07 1.11077e+07
3.30391e+07 1.11077e+07 3.30315e+07 1.11093e+07
3.30315e+07 1.11093e+07 3.3013e+07 1.11063e+07
3.3013e+07 1.11063e+07 3.30014e+07 1.11291e+07
3.30014e+07 1.11291e+07 3.30041e+07 1.11369e+07
3.30041e+07 1.11369e+07 3.30013e+07 1.11436e+07
3.30013e+07 1.11436e+07 3.3001e+07 1.11479e+07
3.3001e+07 1.11479e+07 3.30031e+07 1.11525e+07
3.30031e+07 1.11525e+07 3.30035e+07 1.11403e+07
3.30035e+07 1.11403e+07 3.30154e+07 1.11143e+07
3.30154e+07 1.11143e+07 3.3008e+07 1.11269e+07
3.3008e+07 1.11269e+07 3.29899e+07 1.11649e+07
3.29899e+07 1.11649e+07 3.30026e+07 1.11332e+07
3.30026e+07 1.11332e+07 3.30017e+07 1.11544e+07
3.30017e+07 1.11544e+07 3.30011e+07 1.1151e+07
3.30011e+07 1.1151e+07 3.29986e+07 1.11484e+07
3.29986e+07 1.11484e+07 3.29998e+07 1.11397e+07
3.29998e+07 1.11397e+07 3.29996e+07 1.11405e+07
3.29996e+07 1.11405e+07 3.29915e+07 1.11401e+07
3.29915e+07 1.11401e+07 3.29921e+07 1.11405e+07
3.29921e+07 1.11405e+07 3.29895e+07 1.11467e+07
3.29895e+07 1.11467e+07 3.29994e+07 1.11435e+07
3.29994e+07 1.11435e+07 3.30058e+07 1.1146e+07
3.30058e+07 1.1146e+07 3.30052e+07 1.11407e+07
3.30052e+07 1.11407e+07 3.30051e+07 1.11349e+07
3.30051e+07 1.11349e+07 3.30036e+07 1.11345e+07
3.30036e+07 1.11345e+07 3.30037e+07 1.11355e+07
3.30037e+07 1.11355e+07 3.30026e+07 1.11333e+07
3.30026e+07 1.11333e+07 3.30022e+07 1.11303e+07
3.30022e+07 1.11303e+07 3.30022e+07 1.11338e+07
3.30022e+07 1.11338e+07 3.30011e+07 1.11248e+07
3.30011e+07 1.11248e+07 3.30118e+07 1.11165e+07
3.30118e+07 1.11165e+07 3.30188e+07 1.11062e+07
3.30188e+07 1.11062e+07 3.30383e+07 1.11104e+07
3.30383e+07 1.11104e+07 3.3039e+07 1.11082e+07
3.3039e+07 1.11082e+07 3.3033e+07 1.11093e+07
3.3033e+07 1.11093e+07 3.30131e+07 1.11151e+07
3.30131e+07 1.11151e+07 3.30134e+07 1.11159e+07
3.30134e+07 1.11159e+07 3.30158e+07 1.11149e+07
3.30158e+07 1.11149e+07 3.3005e+07 1.11335e+07
3.3005e+07 1.11335e+07 3.29967e+07 1.11347e+07
3.29967e+07 1.11347e+07 3.2997e+07 1.1136e+07
3.2997e+07 1.1136e+07 3.30016e+07 1.11582e+07
3.30016e+07 1.11582e+07 3.29984e+07 1.1155e+07
3.29984e+07 1.1155e+07 3.29998e+07 1.11535e+07
3.29998e+07 1.11535e+07 3.29906e+07 1.11492e+07
3.29906e+07 1.11492e+07 3.29852e+07 1.11528e+07
3.29852e+07 1.11528e+07 3.29748e+07 1.11536e+07
3.29748e+07 1.11536e+07 3.29781e+07 1.11507e+07
3.29781e+07 1.11507e+07 3.29899e+07 1.11653e+07
3.29899e+07 1.11653e+07 3.29914e+07 1.1163e+07
3.29914e+07 1.1163e+07 3.29961e+07 1.11524e+07
3.29961e+07 1.11524e+07 3.29972e+07 1.1158e+07
3.29972e+07 1.1158e+07 3.29917e+07 1.11522e+07
3.29917e+07 1.11522e+07 3.29959e+07 1.11513e+07
3.29959e+07 1.11513e+07 3.30044e+07 1.1151e+07
3.30044e+07 1.1151e+07 3.29994e+07 1.1143e+07
3.29994e+07 1.1143e+07 3.29885e+07 1.11466e+07
3.29885e+07 1.11466e+07 3.29972e+07 1.11438e+07
3.29972e+07 1.11438e+07 3.29973e+07 1.11478e+07
3.29973e+07 1.11478e+07 3.2996e+07 1.11524e+07
3.2996e+07 1.11524e+07 3.29883e+07 1.11425e+07
3.29883e+07 1.11425e+07 3.29898e+07 1.11457e+07
3.29898e+07 1.11457e+07 3.29914e+07 1.11326e+07
3.29914e+07 1.11326e+07 3.29916e+07 1.11291e+07
3.29916e+07 1.11291e+07 3.29907e+07 1.11336e+07
3.29907e+07 1.11336e+07 3.29895e+07 1.11299e+07
3.29895e+07 1.11299e+07 3.29878e+07 1.11335e+07
3.29878e+07 1.11335e+07 3.2979e+07 1.11309e+07
3.2979e+07 1.11309e+07 3.29894e+07 1.11455e+07
3.29894e+07 1.11455e+07 3.29948e+07 1.1149e+07
3.29948e+07 1.1149e+07 3.30091e+07 1.11276e+07
3.30091e+07 1.11276e+07 3.30184e+07 1.11244e+07
3.30184e+07 1.11244e+07 3.30295e+07 1.11098e+07
3.30295e+07 1.11098e+07 3.30391e+07 1.11077e+07
3.30391e+07 1.11077e+07 3.30421e+07 1.11075e+07
3.30421e+07 1.11075e+07 3.30395e+07 1.11087e+07
3.30395e+07 1.11087e+07 3.30362e+07 1.11101e+07
3.30362e+07 1.11101e+07 3.3019e+07 1.1109e+07
3.3019e+07 1.1109e+07 3.30223e+07 1.11062e+07
3.30223e+07 1.11062e+07 3.30226e+07 1.11051e+07
3.30226e+07 1.11051e+07 3.30235e+07 1.11065e+07
3.30235e+07 1.11065e+07 3.30192e+07 1.11069e+07
3.30192e+07 1.11069e+07 3.30188e+07 1.11089e+07
3.30188e+07 1.11089e+07 3.30234e+07 1.11088e+07
