3163.28 142322.0
2723.57 145837.0
1323.17 144522.0
-1804.91 144947.0
-299.868 140579.0
-7451.03 139307.0
-8785.75 145477.0
-11208.1 147077.0
-10520.1 145443.0
-4689.2 142150.0
-3297.7 134676.0
-6216.5 134828.0
-7169.39 137402.0
-8910.43 136268.0
-8967.2 139372.0
-14241.5 140262.0
-14142.4 141761.0
-15683.1 142825.0
-16203.0 144575.0
-18837.9 143112.0
-19465.7 140369.0
-19521.4 143439.0
-16627.1 135500.0
-18332.5 128207.0
-15295.7 126432.0
-15902.4 123237.0
-18601.9 127465.0
-15591.8 146706.0
-15559.5 149019.0
-15609.6 148772.0
-18475.0 149522.0
-19471.3 152755.0
-20476.5 138935.0
-21122.2 138163.0
-18062.0 141146.0
-17700.2 149092.0
-17548.8 152884.0
-17258.3 156190.0
-18557.4 154195.0
-17387.4 149587.0
-18817.9 154335.0
-14994.0 152844.0
-2891.39 152977.0
-1747.02 147371.0
-1155.91 149123.0
-14298.3 152545.0
-9832.16 151374.0
-8757.92 152510.0
-10414.4 154137.0
-11394.0 162731.0
-17979.6 170205.0
-19478.0 163530.0
-18508.4 165948.0
-15226.7 161520.0
-14496.4 155199.0
-16797.4 157871.0
-17252.7 156936.0
-6515.95 154264.0
-4966.38 152777.0
-3098.44 153763.0
-1708.06 149618.0
-2516.24 147002.0
-9671.86 147280.0
-9895.61 142095.0
-10435.5 143600.0
-10228.5 135106.0
-16870.9 135600.0
-19486.9 148015.0
-19904.3 154986.0
-22188.6 156767.0
-23721.5 155197.0
-18751.1 154518.0
-19446.8 141002.0
-16713.9 134975.0
-18334.7 127303.0
-15230.0 126419.0
-13775.1 121396.0
-15222.2 126359.0
-18548.5 127456.0
-17236.0 133352.0
-19420.1 141741.0
-19619.4 153503.0
-22816.5 156700.0
-22466.9 162969.0
-18493.9 166834.0
-18423.8 170508.0
-19573.7 155422.0
-22639.5 156787.0
-19371.1 158802.0
-17799.3 169840.0
-19589.3 156568.0
-21950.4 155375.0
-23212.8 156818.0
-20641.3 154917.0
-20602.3 152819.0
-18775.6 154413.0
-21334.8 155987.0
-16774.0 152826.0
-14815.9 143357.0
-14086.8 142669.0
-13904.2 145060.0
-15719.8 144971.0
-16474.6 154905.0
-15592.9 152503.0
-19564.8 152710.0
-18544.0 150321.0
-14852.7 152285.0
-18550.7 154004.0
-16904.3 152866.0
-14053.4 152846.0
-13481.2 154456.0
-13379.9 152868.0
1303.13 152138.0
1031.51 142451.0
1245.25 143557.0
3618.58 141832.0
-1214.91 145312.0
1625.96 141402.0
-204.133 141400.0
-2301.39 139029.0
-11849.3 139443.0
-15616.3 143822.0
-16560.3 149159.0
-19082.8 150553.0
-18813.4 154456.0
-20758.2 156119.0
-18810.1 154449.0
-20648.0 155132.0
-21455.0 160663.0
-23140.4 163426.0
-19278.7 160177.0
-19550.3 151593.0
-17407.4 149604.0
-18565.2 153244.0
-18792.3 154424.0
