-10249.6 158131.0
-10411.0 153000.0
-6971.25 136344.0
-7798.35 139169.0
-11943.9 137377.0
-10789.5 135534.0
-12945.8 139067.0
-16847.5 140699.0
-17030.1 139305.0
-22603.8 139236.0
-19912.1 138969.0
-19597.1 151711.0
-21045.4 156350.0
-18396.0 137862.0
-15495.0 145111.0
-10188.4 145437.0
-10802.9 149780.0
-7864.03 154598.0
-2751.12 155068.0
-5733.37 158096.0
-5518.53 167257.0
-5150.06 162275.0
-3626.09 162983.0
-10096.0 165821.0
-1785.98 162773.0
-2167.81 160975.0
-8174.61 161057.0
-8691.13 152870.0
-6770.87 149567.0
-233.076 149391.0
1264.17 154643.0
669.725 159625.0
922.42 158632.0
774.365 163292.0
-18404.9 141703.0
-19962.2 141861.0
-13776.2 147329.0
-10795.1 146514.0
-10090.4 152345.0
-8744.56 152548.0
-8420.62 155996.0
-15955.8 151575.0
-18561.8 151670.0
-17596.7 147296.0
-16431.2 149090.0
-15613.0 146194.0
-5980.5 143613.0
1705.0 147020.0
6289.13 147447.0
8137.04 149201.0
22298.0 148099.0
23958.9 149348.0
26371.2 147046.0
25816.8 149028.0
23249.8 147318.0
24669.1 139145.0
23855.3 118341.0
47514.1 115340.0
52586.9 113421.0
34468.5 117769.0
25272.4 125573.0
24429.8 135260.0
18848.2 135131.0
10838.8 138724.0
10393.5 148300.0
5574.46 152677.0
2028.94 147881.0
909.062 161420.0
1974.39 161182.0
1328.74 153118.0
2165.86 151650.0
1298.68 146356.0
-1566.68 145537.0
-1661.31 147033.0
1909.82 146988.0
2552.14 148758.0
2657.89 144350.0
-1415.29 148342.0
1119.46 151477.0
448.199 149197.0
1238.57 149511.0
254.503 150931.0
1522.43 144001.0
-1804.91 145385.0
-2968.2 152557.0
-9527.14 152864.0
-10504.5 147322.0
-19636.1 140400.0
-14840.4 135462.0
-8359.4 135086.0
-7704.84 133572.0
-6986.83 136023.0
-4721.48 134881.0
-2180.05 135937.0
330.2 130615.0
1853.05 135758.0
1414.45 132147.0
-7281.83 134928.0
-14408.5 135429.0
-18207.8 138664.0
-18463.9 141260.0
-13905.3 138292.0
-10340.9 135204.0
-9408.03 137261.0
-6997.96 137424.0
-4951.91 134906.0
-3993.45 139200.0
-3637.23 131437.0
-4167.11 137715.0
-3719.6 135088.0
-5655.45 140434.0
-4979.74 147053.0
-6256.57 148226.0
-4895.14 145428.0
-1487.65 146717.0
-554.79 157775.0
-4096.98 161360.0
-3321.08 162208.0
-1226.05 158011.0
-718.429 151717.0
4296.51 141471.0
-228.623 133378.0
3519.5 131860.0
2224.86 129411.0
581.782 136380.0
4347.72 142355.0
2892.78 151588.0
5541.07 152717.0
52491.2 113287.0
55663.8 103175.0
52652.6 109394.0
43397.5 116042.0
28521.9 118455.0
24170.4 122353.0
25182.3 132250.0
16866.7 136651.0
2930.62 139690.0
1985.52 148823.0
4388.91 150486.0
-3707.36 149099.0
3117.64 149179.0
1253.04 143629.0
706.46 144762.0
836.704 151170.0
-953.313 151575.0
-623.808 148520.0
4344.38 151049.0
9625.38 150132.0
8552.26 150673.0
8269.51 148736.0
2696.85 149368.0
130.938 147033.0
-1163.71 146645.0
765.46 156025.0
-3484.72 155346.0
-6421.33 154480.0
-6108.52 158470.0
-4290.67 157138.0
-3961.17 152178.0
-1711.4 155898.0
-2129.96 148963.0
833.364 151559.0
1185.13 152590.0
36.3169 146579.0
3720.99 141968.0
4449.02 134552.0
15056.7 121492.0
15868.2 114418.0
13534.9 117680.0
11834.0 117696.0
6833.49 126566.0
2065.67 127637.0
1438.94 134309.0
2499.82 135761.0
2771.44 132958.0
4303.19 134688.0
-454.602 141870.0
1277.53 144199.0
1270.85 154525.0
-4054.67 164118.0
1218.53 159906.0
1275.3 149248.0
15872.6 114370.0
4933.26 127278.0
2595.55 135981.0
3759.95 138677.0
-1030.12 143658.0
-3749.66 144007.0
-4226.11 145372.0
-2805.67 131263.0
-3661.72 132984.0
-3662.83 131337.0
-4682.52 132535.0
-4727.04 130253.0
-3888.81 137259.0
-3709.58 136117.0
-3621.64 139058.0
-7548.99 139209.0
-12991.4 136469.0
-15135.4 136495.0
-14061.2 135502.0
-12925.7 139361.0
-14115.7 141625.0
-13445.6 140118.0
-2893.61 139089.0
498.293 159828.0
-3061.7 157325.0
-2098.79 140418.0
-1787.1 144208.0
-2814.58 140249.0
-1486.53 140461.0
-2807.9 134788.0
555.066 136518.0
2565.5 130426.0
5273.9 132497.0
52582.5 113421.0
42492.5 116262.0
25253.5 125368.0
23599.3 135324.0
11034.7 138688.0
10808.7 145036.0
8551.14 149177.0
7130.71 147527.0
3448.26 153293.0
1348.77 152897.0
3098.72 151178.0
1309.81 147057.0
-2283.58 146349.0
-2274.68 144624.0
-1485.42 151568.0
2556.59 148881.0
2436.37 143417.0
4434.55 141367.0
8889.56 141407.0
10188.7 138929.0
10261.0 145808.0
6857.98 152737.0
12533.0 149079.0
5.14748 149874.0
27.4114 150713.0
-1909.55 145007.0
1130.59 145325.0
2426.35 152151.0
-5977.16 152819.0
-7306.32 156791.0
2676.82 156039.0
1259.72 159636.0
66.3732 158933.0
-1827.17 145563.0
-9890.04 141467.0
-8592.06 135115.0
-3682.87 135302.0
-4160.43 132481.0
-3695.11 135830.0
747.648 135863.0
1949.9 130851.0
-1844.98 123469.0
1894.24 130239.0
838.93 132604.0
2488.69 134233.0
-1206.01 140033.0
852.289 143729.0
2633.4 146492.0
2394.06 152470.0
7267.63 149357.0
7465.78 145499.0
5143.66 145461.0
10819.8 144234.0
9160.06 137105.0
5509.9 138374.0
1905.37 132078.0
2467.53 134193.0
-7639.16 134975.0
-12300.1 131871.0
-9200.97 131965.0
-4148.18 130177.0
-3700.68 135086.0
-9023.98 142789.0
-8973.88 135538.0
-7887.4 136907.0
-4076.94 134850.0
-3223.12 114988.0
12288.1 109487.0
14409.9 105978.0
24745.9 106424.0
36240.8 112248.0
36571.4 117317.0
52496.7 113466.0
34972.8 117409.0
27526.7 118419.0
21660.1 124344.0
11710.4 126009.0
13036.2 132550.0
10820.9 142680.0
8898.46 147972.0
7506.97 147997.0
5865.01 150936.0
956.929 169778.0
3772.2 166380.0
-1700.27 162898.0
-644.958 160469.0
-991.162 147024.0
1226.32 147080.0
1255.27 148667.0
1880.88 147394.0
2171.42 150767.0
2533.21 147783.0
4415.63 156858.0
2345.08 168437.0
-5328.17 169511.0
-5746.73 178000.0
-5378.26 174965.0
-5842.47 178808.0
-5399.41 171096.0
-9990.23 169827.0
-15541.7 155765.0
-11919.4 155066.0
-12116.4 156880.0
-10386.5 154162.0
-2439.43 152532.0
-519.167 149319.0
-1704.72 141204.0
-1027.9 139817.0
-1244.97 142320.0
-717.316 127788.0
-3943.35 126069.0
-4723.7 143460.0
-7688.14 139160.0
-11208.1 124023.0
-12246.7 133741.0
-15421.5 145250.0
-12984.7 148208.0
-11486.4 149264.0
-13776.2 149266.0
-14460.8 137544.0
-15618.5 144818.0
-17075.7 145265.0
-12488.2 137531.0
-8534.17 135919.0
-9405.8 138479.0
-8075.53 135104.0
-11225.9 125749.0
-11995.1 132913.0
-11045.5 130546.0
-11401.8 132076.0
-9356.82 133659.0
-10588.0 139468.0
-8857.0 146763.0
-15575.1 143678.0
-16071.6 135814.0
-18391.5 136083.0
-11327.2 135271.0
-10671.5 141536.0
-7731.56 136798.0
-11004.4 124869.0
-11348.3 133768.0
-14834.9 135416.0
-16874.2 140302.0
-16869.8 135491.0
-17508.7 136255.0
-15822.3 135994.0
-14429.7 129226.0
-14673.4 136495.0
-12422.6 137947.0
-13893.1 138265.0
-13148.4 137520.0
-12528.3 141674.0
-10542.4 142870.0
-8960.52 139441.0
-10075.9 137446.0
-12451.5 137417.0
-13008.1 135672.0
-13909.8 137617.0
-11548.7 125323.0
-14099.0 115267.0
-11199.2 113784.0
-14156.9 115244.0
-4112.56 119383.0
786.61 126924.0
1407.77 125985.0
2539.89 133381.0
3169.96 131364.0
11891.8 125907.0
18249.3 124375.0
20972.2 119417.0
46068.0 115592.0
52585.8 113437.0
54846.7 97480.1
53921.6 95440.7
54372.5 106205.0
52588.0 113423.0
55805.2 102908.0
52625.9 109607.0
52563.5 113470.0
33090.4 113479.0
52583.6 113437.0
52564.6 110393.0
50855.9 114790.0
27923.0 118537.0
24334.0 123375.0
25321.4 134465.0
11255.1 138695.0
8460.98 148745.0
6780.05 152690.0
-12676.4 156749.0
-11291.6 160723.0
-15034.1 161551.0
-14523.2 158036.0
-10104.9 160547.0
-10676.0 158227.0
-9173.14 158227.0
-9552.74 156938.0
-5541.9 156326.0
-5664.35 152942.0
-5678.83 156417.0
-3502.53 155562.0
-3284.34 157982.0
602.933 160910.0
-3126.27 163762.0
-1635.7 159031.0
-1811.59 147271.0
-608.223 145345.0
-3739.64 152657.0
-6967.91 152853.0
-8596.51 151270.0
-8501.89 152755.0
