-7740.46 158249.0
-8436.21 155057.0
-6519.29 153968.0
-5643.2 147055.0
-3738.53 144143.0
-1375.21 154549.0
-1027.9 152748.0
3085.36 152766.0
2867.17 151521.0
1094.97 152675.0
1987.75 141968.0
807.761 143649.0
-1652.4 139951.0
267.861 142812.0
353.577 150671.0
1401.09 151895.0
343.559 140278.0
-9731.97 139428.0
-10627.0 145639.0
-9213.22 145688.0
-8868.13 140160.0
-11822.5 137486.0
-17919.5 141683.0
-19283.2 139561.0
-13664.9 135411.0
-9000.6 135382.0
-8298.17 139412.0
-7159.37 140492.0
-8976.11 136083.0
-7840.65 141026.0
-12987.0 120986.0
-10539.0 118484.0
-12960.2 119350.0
-13243.0 122429.0
-16196.3 122596.0
-13264.1 133790.0
-9527.14 135079.0
-6224.29 139040.0
-5806.84 143649.0
-914.352 151555.0
1315.38 152332.0
2891.66 150998.0
11771.6 149880.0
4637.15 150994.0
3846.78 140864.0
1376.6 135375.0
2439.7 132564.0
4691.7 133817.0
11111.5 118851.0
12294.8 110638.0
15311.6 105952.0
30788.3 102231.0
31317.1 97756.2
22475.0 103220.0
19733.2 103153.0
12632.1 107388.0
10098.5 120125.0
1438.94 134420.0
2582.19 135652.0
1501.28 146930.0
1927.64 143796.0
42.9961 145330.0
-945.521 149121.0
-2841.29 143589.0
-2774.5 142556.0
-3728.51 144355.0
-4583.44 143128.0
-4660.25 145325.0
-6131.9 145437.0
-8406.15 138684.0
-13661.5 139494.0
-14804.8 141914.0
-12858.9 141743.0
-12106.4 139530.0
-8634.36 143502.0
-7304.09 143077.0
-7483.31 140556.0
-7264.02 143121.0
-8025.44 141612.0
-7908.56 143252.0
-7259.56 139332.0
414.803 141794.0
15532.0 118368.0
15861.5 114385.0
15257.0 116137.0
12340.5 117983.0
6604.17 125098.0
7724.04 128100.0
644.121 141941.0
1908.71 140857.0
-3082.86 147026.0
-4649.12 144791.0
-4774.91 139176.0
-7038.04 132784.0
-12304.6 134033.0
-9016.18 131929.0
-8791.32 128296.0
-8146.78 138541.0
-6695.17 142598.0
-821.956 134986.0
2744.72 124293.0
4101.7 111206.0
10458.0 109805.0
14378.7 105974.0
21280.5 105862.0
31316.0 97756.2
21903.9 106049.0
11604.6 108421.0
-1741.46 115935.0
-4002.35 122963.0
-1023.44 151105.0
296.805 149482.0
-1740.34 135681.0
1643.77 138025.0
9321.48 122799.0
11764.9 116952.0
12648.8 107350.0
24105.8 105658.0
8.48706 148553.0
24095.8 105010.0
28274.7 102534.0
31308.2 97754.0
23767.4 104796.0
13508.2 106005.0
12002.0 113942.0
2520.97 132018.0
4244.19 134632.0
4128.42 150974.0
2533.21 150947.0
2074.58 143834.0
89.7503 143426.0
-2623.11 152267.0
-1739.23 152688.0
-558.129 159926.0
-4207.18 156430.0
-10343.1 156820.0
-12661.9 158345.0
-12487.1 175818.0
-13128.3 189221.0
-12277.8 175564.0
-11582.1 167611.0
-9537.16 166625.0
-9300.05 159336.0
-7629.14 158802.0
-7052.51 169818.0
-7062.53 164733.0
-4302.92 164768.0
-2555.2 168101.0
-1988.58 163103.0
-400.055 169110.0
3692.05 169753.0
1881.99 163279.0
1532.45 154360.0
4449.02 152597.0
4628.25 144210.0
1258.6 145319.0
-481.319 163662.0
-5732.26 164042.0
-4814.99 173992.0
-6566.04 164029.0
-13033.7 165864.0
-14515.4 155547.0
-24936.0 154850.0
-14003.3 155188.0
-17266.1 151675.0
-14139.1 141338.0
-11931.6 139499.0
-5382.72 139225.0
-5002.0 142571.0
-3977.86 130774.0
-3598.26 127548.0
1207.4 126405.0
8872.86 110358.0
12770.2 106896.0
19005.2 106036.0
31324.9 97742.8
31025.4 101036.0
16372.5 105916.0
12243.6 111079.0
9672.13 121367.0
4120.63 127356.0
2483.12 126886.0
7336.65 126844.0
16501.6 122057.0
15656.7 114154.0
16028.5 119833.0
19916.9 126214.0
16193.2 121436.0
16112.0 123331.0
12172.4 125695.0
10386.8 130259.0
6065.38 131869.0
3894.65 137626.0
5930.68 140002.0
765.46 133968.0
-408.961 144145.0
-3209.76 149771.0
-3700.68 146345.0
-6597.21 143589.0
-7353.07 132739.0
-8918.22 131940.0
2115.77 127617.0
734.29 135892.0
-248.661 138292.0
-5370.47 137947.0
-8854.77 131929.0
-7327.47 131862.0
-6070.67 134941.0
-4717.03 133467.0
-1917.34 135945.0
-3637.23 137553.0
-3977.86 135981.0
-5388.28 137811.0
-13503.5 120000.0
-14637.8 119844.0
-15263.4 125709.0
-18359.2 127318.0
-15908.0 144813.0
-17674.6 145045.0
-17866.1 141721.0
-8535.28 139456.0
-7616.9 142324.0
11744.9 117333.0
14562.4 105987.0
21236.0 106090.0
21337.3 103745.0
24630.1 103672.0
31301.5 97769.5
-845.333 155912.0
31280.4 96761.0
31156.8 86855.8
28029.8 82763.7
29974.6 84751.8
36551.3 81675.0
36394.4 83013.0
29480.3 84727.4
28027.6 82748.1
30896.3 87428.0
28065.5 82647.9
26003.8 101020.0
28052.1 82623.4
30829.5 86726.6
31332.7 97809.6
31103.4 100014.0
31304.8 97740.6
