40.7697 151432.0
-563.695 147022.0
-703.958 152708.0
-1407.5 141224.0
-5600.9 141102.0
-4660.25 140699.0
-6156.39 139808.0
-1610.1 139802.0
1812.98 134592.0
3703.18 135039.0
1682.73 131967.0
1973.28 141580.0
3498.35 138671.0
498.293 143773.0
-1177.07 141387.0
1324.28 137604.0
2913.93 135934.0
-1024.56 142197.0
-1999.72 141242.0
-6744.15 143631.0
-10569.1 145512.0
-9829.93 149250.0
-8537.51 150163.0
-10501.2 155386.0
-16383.3 157450.0
-15572.9 145125.0
-12551.7 141672.0
-7315.22 140532.0
-6277.72 142932.0
-9523.8 139428.0
-16546.9 138653.0
-16363.3 141031.0
-7954.2 139374.0
-2035.34 139140.0
-1859.45 136558.0
-4360.8 136689.0
-2142.21 136230.0
-4678.06 136021.0
-5864.73 139207.0
-15429.3 140363.0
-14805.9 155166.0
-12342.4 151129.0
-15939.1 149117.0
-10988.8 147318.0
-10758.3 159939.0
-9977.98 145510.0
-8685.57 143791.0
-8930.47 136838.0
-3485.83 142280.0
733.177 141102.0
11795.0 116640.0
32320.1 105355.0
26022.7 105491.0
28366.0 111032.0
23531.4 110342.0
23653.9 106953.0
28354.9 109454.0
29866.6 105720.0
31737.9 107343.0
27918.5 104288.0
30235.1 104863.0
27406.4 102792.0
26484.7 99633.0
29660.7 97197.4
25674.3 105455.0
27287.3 106731.0
26446.9 107341.0
24966.3 104246.0
20431.2 103389.0
19019.6 105658.0
25331.4 106448.0
29593.9 101877.0
27710.3 102579.0
27583.4 104495.0
24172.6 106508.0
32576.1 104277.0
24012.3 107675.0
30003.5 104805.0
32303.4 105228.0
-3491.4 156807.0
32310.1 105306.0
14986.5 105929.0
12378.3 109429.0
11573.5 117963.0
5728.08 131762.0
-525.846 141983.0
8564.5 127975.0
15087.8 121476.0
15172.4 115089.0
15340.5 117177.0
13193.2 116707.0
15397.3 117587.0
15972.8 114741.0
14615.8 122238.0
7207.52 129462.0
-11348.3 125517.0
-14489.8 117195.0
-12556.1 115612.0
-13725.0 115000.0
-12968.0 121476.0
-7025.79 133866.0
559.519 136473.0
3178.87 131991.0
2321.71 138054.0
-593.751 142104.0
-5833.56 140565.0
-3651.7 140705.0
-2692.12 139123.0
-1057.95 144408.0
-1184.86 141013.0
-2752.24 141331.0
-2811.24 139196.0
1251.93 142671.0
-569.261 143170.0
-984.483 141260.0
943.571 142304.0
1709.45 141075.0
-3705.13 146423.0
-2913.65 140677.0
-1223.82 140810.0
-2734.43 145258.0
1566.96 139695.0
1657.13 136633.0
516.104 155981.0
-2247.96 153416.0
-3745.21 151029.0
-1750.36 147095.0
-579.28 143114.0
-1131.42 141126.0
626.31 141868.0
1249.7 156520.0
-1193.76 163648.0
-2044.24 163802.0
-1239.4 165908.0
-1236.06 161660.0
3300.2 160928.0
-1105.82 157114.0
-2230.15 149043.0
542.821 157991.0
1953.24 158746.0
644.121 159360.0
-2389.33 145178.0
-3600.49 147006.0
-9084.09 147287.0
-12879.0 151922.0
-15849.0 151205.0
-15604.1 143947.0
-4743.74 139793.0
-5844.69 141814.0
-2835.73 141304.0
-4741.52 140006.0
-3481.38 142495.0
-3708.47 118655.0
-1407.5 116273.0
-8702.26 107503.0
-2131.07 105954.0
32296.7 105210.0
32660.7 103400.0
29945.6 102438.0
23648.3 107054.0
28376.0 115280.0
26573.8 118201.0
30872.9 118145.0
28533.0 111032.0
24965.2 110346.0
26088.4 105731.0
27379.7 109496.0
24835.0 103937.0
23789.7 101505.0
26677.3 105903.0
31961.6 104694.0
33821.8 102641.0
38256.8 120441.0
36410.0 139448.0
37445.2 142311.0
36234.1 110769.0
33775.0 102683.0
23272.0 107305.0
28740.0 102427.0
32631.8 102590.0
30655.9 104807.0
32307.8 105215.0
18815.9 106034.0
13028.4 105827.0
2526.53 129812.0
51.9017 141950.0
-2095.45 145310.0
-4268.41 145381.0
-1671.32 137444.0
1976.62 135511.0
1833.01 138944.0
-598.204 142113.0
-5541.9 137887.0
-5750.07 139234.0
-4778.25 138205.0
-5095.51 143562.0
-5364.9 140378.0
-1803.79 139062.0
1364.36 142398.0
-3045.01 139094.0
-12051.9 140026.0
-8570.91 148026.0
-9390.22 148789.0
-9408.03 137310.0
-7776.08 138922.0
-13238.5 139488.0
-15585.1 146503.0
-14605.5 148284.0
-13600.3 142943.0
-8919.34 139430.0
-4723.7 139261.0
-3834.26 133365.0
-3641.68 137206.0
-18382.6 149101.0
-17261.6 152891.0
-11721.2 141560.0
-1775.96 139045.0
1275.3 147431.0
3935.84 149444.0
7199.73 149326.0
5841.63 148222.0
7478.02 149313.0
7445.74 146752.0
5042.35 150960.0
3186.66 131622.0
-87.2477 142273.0
1844.15 148333.0
2925.06 142424.0
-1325.12 144083.0
-1285.05 141215.0
-5878.09 140559.0
-5272.51 141690.0
-6087.37 140429.0
-12307.9 157780.0
-9095.22 145937.0
-10290.8 143842.0
-6247.67 140456.0
-1598.97 139672.0
-496.903 141819.0
-4125.92 139163.0
-11558.7 139459.0
-18708.8 149148.0
-15412.6 148237.0
-15539.5 152231.0
-15567.3 146690.0
-3987.88 143586.0
2320.59 138314.0
9119.99 127581.0
15335.0 121013.0
15396.2 106993.0
32315.6 105203.0
27622.4 104469.0
23016.0 106096.0
15417.3 105903.0
12229.1 111199.0
7247.59 126880.0
2636.74 126822.0
1913.16 138813.0
-1787.1 145325.0
-4218.31 145085.0
-3013.84 138223.0
-7943.06 139370.0
-8812.47 145831.0
-3868.77 140071.0
-3564.87 141402.0
-13190.7 145962.0
-13914.2 144457.0
-10254.1 148867.0
-9586.14 165795.0
-9540.5 162230.0
-11229.2 160380.0
-11903.8 153365.0
-10252.9 145517.0
-16513.6 144323.0
-16837.5 143094.0
-14742.5 149266.0
-16205.2 158452.0
-13513.5 165859.0
-9831.04 159389.0
-5535.22 156295.0
-3486.94 156698.0
-3371.17 161295.0
-1241.63 161640.0
1692.75 158042.0
1222.98 149836.0
1971.05 150571.0
2689.06 144493.0
1292.0 151031.0
-13909.8 155210.0
-10405.5 151201.0
-6965.68 134981.0
-328.811 133541.0
2573.29 130593.0
4402.27 146053.0
1694.98 138007.0
-201.907 138341.0
3064.21 136798.0
10334.5 119740.0
12285.9 110692.0
16054.1 105929.0
26055.0 106417.0
32326.8 105175.0
33690.4 101465.0
32313.4 105221.0
28110.0 104199.0
24352.9 106317.0
14480.0 105978.0
4675.0 133806.0
-240.869 142507.0
-3219.78 143513.0
-6140.8 140761.0
-6727.46 137393.0
-5233.55 140545.0
-2871.35 140748.0
-1810.47 139098.0
1643.77 150568.0
4000.4 151426.0
1317.6 143553.0
-553.676 142992.0
-2168.92 157617.0
-1748.13 148073.0
-2453.9 143464.0
-1188.2 160013.0
-3510.32 155400.0
-1701.38 150339.0
-3328.87 135917.0
-2313.64 153391.0
-1077.99 157936.0
-2635.35 144559.0
-2623.11 145592.0
-3746.32 144103.0
5228.26 140770.0
1624.85 143983.0
-3484.72 140697.0
-3771.92 139080.0
-10148.3 139410.0
-11155.7 157735.0
-10470.0 148712.0
-7885.18 142099.0
-9131.96 131348.0
-12572.8 122246.0
-12414.8 118894.0
-7683.69 137241.0
-2714.39 140679.0
-1449.8 139200.0
995.891 143918.0
-1289.5 140225.0
2117.99 150742.0
4641.6 151023.0
-2013.07 141271.0
-10122.7 137410.0
-8959.41 136696.0
-8731.21 143495.0
