-15798.9 152568.0
-16444.5 151479.0
-19485.8 154422.0
-20637.9 155086.0
-18540.7 153086.0
-20642.4 156235.0
-20298.4 166064.0
-21414.9 168876.0
-20435.3 162275.0
-15532.8 157368.0
-15650.8 140414.0
-18331.4 140768.0
-7740.46 139448.0
-8995.03 135015.0
-18101.0 137292.0
-20816.1 138297.0
-26727.1 133577.0
-25522.6 138239.0
-20620.1 138791.0
-19533.6 149809.0
-20633.5 152821.0
-17257.2 152080.0
-18653.1 149716.0
-19639.4 154320.0
-18204.5 167810.0
-19031.6 159973.0
-20974.1 155649.0
-21308.1 156802.0
-24773.5 156473.0
-17059.0 145766.0
-15797.8 136883.0
-13863.0 146218.0
-15603.0 147656.0
-14119.1 154879.0
-12867.8 151134.0
-10453.3 151011.0
-15522.8 152483.0
-18943.7 154438.0
-19636.1 151855.0
-21848.0 152850.0
-20641.3 153336.0
-23949.7 165487.0
-14917.2 157394.0
-9626.21 156905.0
-7042.49 152902.0
-2593.05 153131.0
-7206.13 154489.0
-9659.61 154320.0
-10070.4 149230.0
-18359.2 149086.0
-17248.3 155342.0
-20644.6 155375.0
-18559.6 154482.0
-24597.6 156192.0
-22149.7 152837.0
-19561.5 152681.0
-19622.7 151619.0
-19886.5 158737.0
-19111.7 155186.0
-13590.3 155201.0
-13506.8 153256.0
-13676.0 154418.0
-16909.8 151624.0
-14241.5 165153.0
-4467.67 164145.0
-7042.49 163221.0
-6934.51 161493.0
-11268.2 158049.0
-10637.0 139505.0
-10957.6 145243.0
-11969.5 153768.0
-14339.5 154514.0
-17103.5 150386.0
-16371.1 144530.0
-14010.0 143281.0
-11478.6 142215.0
-11085.6 145632.0
-2729.97 143484.0
-1061.29 149471.0
3070.89 152565.0
9.60025 151762.0
1276.42 151481.0
-781.881 139966.0
-4754.87 138711.0
-3685.09 131640.0
-6510.38 143604.0
-8696.7 143834.0
-9284.46 151826.0
-8500.77 152530.0
-11696.8 151450.0
-11272.6 148251.0
-14994.0 149132.0
-14859.3 153020.0
-17049.0 152801.0
-17043.4 145991.0
-14143.6 145860.0
-13943.2 144655.0
-15284.6 149110.0
-15839.0 144853.0
-19356.7 144078.0
-19640.5 152572.0
-24605.4 154106.0
-21937.0 152441.0
-21957.1 162052.0
-21932.6 156735.0
-19475.8 150290.0
-19493.6 140354.0
-14873.8 139888.0
-15803.3 149092.0
-18560.7 150074.0
-17253.8 154854.0
-24203.5 156613.0
-22927.8 152855.0
-13323.1 152062.0
-16456.8 152730.0
-16592.6 150882.0
-18765.5 152837.0
-16681.6 157468.0
-16859.8 155199.0
-9664.06 153659.0
-2558.54 152793.0
-3679.53 147327.0
-2718.84 145639.0
-2458.35 146991.0
-4869.53 147062.0
-6049.52 145619.0
-10387.6 147311.0
-12723.1 188564.0
-11284.9 161930.0
-7481.09 161050.0
-8263.66 159278.0
-9560.54 159363.0
-10423.3 150864.0
-9363.5 145490.0
-9453.67 151410.0
-8409.49 151252.0
-10054.8 151025.0
-10707.1 149235.0
-10996.6 154231.0
-14361.7 153679.0
-17049.0 152826.0
-17365.1 161990.0
-20655.8 161124.0
-21457.3 156413.0
-24533.0 156092.0
-22077.3 156784.0
-24110.0 156833.0
-21027.6 155645.0
-23973.1 156782.0
-24507.4 155930.0
-20673.6 156121.0
-21561.9 156473.0
