3.2995e+07 1.11392e+07 3.29953e+07 1.11435e+07
3.29953e+07 1.11435e+07 3.29974e+07 1.11325e+07
3.29974e+07 1.11325e+07 3.29967e+07 1.11325e+07
3.29967e+07 1.11325e+07 3.29986e+07 1.11245e+07
3.29986e+07 1.11245e+07 3.29985e+07 1.1124e+07
3.29985e+07 1.1124e+07 3.29963e+07 1.11324e+07
3.29963e+07 1.11324e+07 3.29953e+07 1.11334e+07
3.29953e+07 1.11334e+07 3.29844e+07 1.11499e+07
3.29844e+07 1.11499e+07 3.29844e+07 1.11529e+07
3.29844e+07 1.11529e+07 3.29856e+07 1.11553e+07
3.29856e+07 1.11553e+07 3.29845e+07 1.11456e+07
3.29845e+07 1.11456e+07 3.29869e+07 1.11494e+07
3.29869e+07 1.11494e+07 3.29856e+07 1.11492e+07
3.29856e+07 1.11492e+07 3.29861e+07 1.11451e+07
3.29861e+07 1.11451e+07 3.29902e+07 1.11395e+07
3.29902e+07 1.11395e+07 3.29994e+07 1.1139e+07
3.29994e+07 1.1139e+07 3.30005e+07 1.11367e+07
3.30005e+07 1.11367e+07 3.3002e+07 1.11311e+07
3.3002e+07 1.11311e+07 3.30044e+07 1.11382e+07
3.30044e+07 1.11382e+07 3.30044e+07 1.11354e+07
3.30044e+07 1.11354e+07 3.30046e+07 1.11345e+07
3.30046e+07 1.11345e+07 3.30019e+07 1.11313e+07
3.30019e+07 1.11313e+07 3.3002e+07 1.11305e+07
3.3002e+07 1.11305e+07 3.30023e+07 1.11276e+07
3.30023e+07 1.11276e+07 3.29993e+07 1.11251e+07
3.29993e+07 1.11251e+07 3.29968e+07 1.1123e+07
3.29968e+07 1.1123e+07 3.29973e+07 1.11098e+07
3.29973e+07 1.11098e+07 3.3002e+07 1.11136e+07
3.3002e+07 1.11136e+07 3.30115e+07 1.11085e+07
3.30115e+07 1.11085e+07 3.30202e+07 1.11061e+07
3.30202e+07 1.11061e+07 3.30295e+07 1.11025e+07
3.30295e+07 1.11025e+07 3.30319e+07 1.10973e+07
3.30319e+07 1.10973e+07 3.3028e+07 1.11011e+07
3.3028e+07 1.11011e+07 3.30162e+07 1.11059e+07
3.30162e+07 1.11059e+07 3.30119e+07 1.11148e+07
3.30119e+07 1.11148e+07 3.30084e+07 1.11259e+07
3.30084e+07 1.11259e+07 3.30014e+07 1.11341e+07
3.30014e+07 1.11341e+07 3.29931e+07 1.11349e+07
3.29931e+07 1.11349e+07 3.29894e+07 1.11425e+07
3.29894e+07 1.11425e+07 3.29895e+07 1.11485e+07
3.29895e+07 1.11485e+07 3.29914e+07 1.11512e+07
3.29914e+07 1.11512e+07 3.29914e+07 1.11458e+07
3.29914e+07 1.11458e+07 3.29876e+07 1.11375e+07
3.29876e+07 1.11375e+07 3.29892e+07 1.11391e+07
3.29892e+07 1.11391e+07 3.29895e+07 1.11502e+07
3.29895e+07 1.11502e+07 3.29914e+07 1.11456e+07
3.29914e+07 1.11456e+07 3.2991e+07 1.11337e+07
3.2991e+07 1.11337e+07 3.29923e+07 1.11374e+07
3.29923e+07 1.11374e+07 3.29921e+07 1.11429e+07
3.29921e+07 1.11429e+07 3.29914e+07 1.11461e+07
3.29914e+07 1.11461e+07 3.29884e+07 1.11459e+07
3.29884e+07 1.11459e+07 3.29884e+07 1.11416e+07
3.29884e+07 1.11416e+07 3.29879e+07 1.11407e+07
3.29879e+07 1.11407e+07 3.29874e+07 1.11395e+07
3.29874e+07 1.11395e+07 3.29892e+07 1.11375e+07
3.29892e+07 1.11375e+07 3.29905e+07 1.11363e+07
3.29905e+07 1.11363e+07 3.29906e+07 1.11383e+07
3.29906e+07 1.11383e+07 3.29911e+07 1.11401e+07
3.29911e+07 1.11401e+07 3.29914e+07 1.11438e+07
3.29914e+07 1.11438e+07 3.29928e+07 1.11426e+07
3.29928e+07 1.11426e+07 3.29905e+07 1.11351e+07
3.29905e+07 1.11351e+07 3.29848e+07 1.1136e+07
3.29848e+07 1.1136e+07 3.29872e+07 1.11354e+07
3.29872e+07 1.11354e+07 3.29971e+07 1.11348e+07
3.29971e+07 1.11348e+07 3.29971e+07 1.11357e+07
3.29971e+07 1.11357e+07 3.29972e+07 1.11424e+07
3.29972e+07 1.11424e+07 3.29959e+07 1.11413e+07
3.29959e+07 1.11413e+07 3.29959e+07 1.11391e+07
3.29959e+07 1.11391e+07 3.29945e+07 1.11393e+07
3.29945e+07 1.11393e+07 3.29964e+07 1.11396e+07
3.29964e+07 1.11396e+07 3.29938e+07 1.11374e+07
3.29938e+07 1.11374e+07 3.29906e+07 1.11385e+07
3.29906e+07 1.11385e+07 3.29891e+07 1.11375e+07
3.29891e+07 1.11375e+07 3.29906e+07 1.11375e+07
3.29906e+07 1.11375e+07 3.29899e+07 1.11384e+07
3.29899e+07 1.11384e+07 3.29895e+07 1.11465e+07
3.29895e+07 1.11465e+07 3.29862e+07 1.11563e+07
3.29862e+07 1.11563e+07 3.2987e+07 1.11529e+07
3.2987e+07 1.11529e+07 3.29883e+07 1.11497e+07
3.29883e+07 1.11497e+07 3.29871e+07 1.11494e+07
3.29871e+07 1.11494e+07 3.29817e+07 1.11491e+07
3.29817e+07 1.11491e+07 3.29799e+07 1.11475e+07
3.29799e+07 1.11475e+07 3.29841e+07 1.11448e+07
3.29841e+07 1.11448e+07 3.29859e+07 1.11426e+07
3.29859e+07 1.11426e+07 3.29857e+07 1.11398e+07
3.29857e+07 1.11398e+07 3.29834e+07 1.11395e+07
3.29834e+07 1.11395e+07 3.29852e+07 1.11376e+07
3.29852e+07 1.11376e+07 3.29839e+07 1.11357e+07
3.29839e+07 1.11357e+07 3.29839e+07 1.1134e+07
3.29839e+07 1.1134e+07 3.29922e+07 1.114e+07
3.29922e+07 1.114e+07 3.29906e+07 1.11387e+07
3.29906e+07 1.11387e+07 3.29917e+07 1.1139e+07
3.29917e+07 1.1139e+07 3.2987e+07 1.11366e+07
3.2987e+07 1.11366e+07 3.29861e+07 1.11377e+07
3.29861e+07 1.11377e+07 3.29897e+07 1.11429e+07
3.29897e+07 1.11429e+07 3.2988e+07 1.11407e+07
3.2988e+07 1.11407e+07 3.29844e+07 1.11469e+07
3.29844e+07 1.11469e+07 3.29852e+07 1.11427e+07
3.29852e+07 1.11427e+07 3.29866e+07 1.11395e+07
3.29866e+07 1.11395e+07 3.29892e+07 1.11344e+07
3.29892e+07 1.11344e+07 3.29911e+07 1.11377e+07
3.29911e+07 1.11377e+07 3.29908e+07 1.11428e+07
3.29908e+07 1.11428e+07 3.29937e+07 1.11455e+07
3.29937e+07 1.11455e+07 3.29963e+07 1.11443e+07
3.29963e+07 1.11443e+07 3.29949e+07 1.11407e+07
3.29949e+07 1.11407e+07 3.29967e+07 1.11413e+07
3.29967e+07 1.11413e+07 3.29988e+07 1.11409e+07
3.29988e+07 1.11409e+07 3.29947e+07 1.11392e+07
3.29947e+07 1.11392e+07 3.2996e+07 1.11409e+07
3.2996e+07 1.11409e+07 3.29988e+07 1.11408e+07
3.29988e+07 1.11408e+07 3.29978e+07 1.11373e+07
3.29978e+07 1.11373e+07 3.30007e+07 1.11411e+07
3.30007e+07 1.11411e+07 3.30037e+07 1.11356e+07
3.30037e+07 1.11356e+07 3.30096e+07 1.11218e+07
3.30096e+07 1.11218e+07 3.30108e+07 1.11192e+07
3.30108e+07 1.11192e+07 3.30166e+07 1.1106e+07
3.30166e+07 1.1106e+07 3.30308e+07 1.11031e+07
3.30308e+07 1.11031e+07 3.29937e+07 1.1166e+07
3.29937e+07 1.1166e+07 3.30308e+07 1.11023e+07
3.30308e+07 1.11023e+07 3.30314e+07 1.10978e+07
3.30314e+07 1.10978e+07 3.30257e+07 1.11064e+07
3.30257e+07 1.11064e+07 3.30112e+07 1.11086e+07
3.30112e+07 1.11086e+07 3.30014e+07 1.11138e+07
3.30014e+07 1.11138e+07 3.29972e+07 1.1118e+07
3.29972e+07 1.1118e+07 3.29953e+07 1.11217e+07
3.29953e+07 1.11217e+07 3.29929e+07 1.11197e+07
3.29929e+07 1.11197e+07 3.29897e+07 1.11184e+07
3.29897e+07 1.11184e+07 3.29868e+07 1.11208e+07
3.29868e+07 1.11208e+07 3.29882e+07 1.11294e+07
3.29882e+07 1.11294e+07 3.29889e+07 1.11305e+07
3.29889e+07 1.11305e+07 3.29929e+07 1.11319e+07
3.29929e+07 1.11319e+07 3.29952e+07 1.11312e+07
3.29952e+07 1.11312e+07 3.299e+07 1.11351e+07
3.299e+07 1.11351e+07 3.29871e+07 1.11382e+07
3.29871e+07 1.11382e+07 3.2987e+07 1.11375e+07
3.2987e+07 1.11375e+07 3.29911e+07 1.11363e+07
3.29911e+07 1.11363e+07 3.29953e+07 1.11346e+07
3.29953e+07 1.11346e+07 3.29972e+07 1.11325e+07
3.29972e+07 1.11325e+07 3.2996e+07 1.11316e+07
3.2996e+07 1.11316e+07 3.2995e+07 1.1132e+07
3.2995e+07 1.1132e+07 3.29893e+07 1.11369e+07
3.29893e+07 1.11369e+07 3.29895e+07 1.11489e+07
3.29895e+07 1.11489e+07 3.29895e+07 1.11481e+07
3.29895e+07 1.11481e+07 3.29884e+07 1.11416e+07
3.29884e+07 1.11416e+07 3.29938e+07 1.11391e+07
3.29938e+07 1.11391e+07 3.2998e+07 1.11436e+07
3.2998e+07 1.11436e+07 3.29984e+07 1.11517e+07
3.29984e+07 1.11517e+07 3.29958e+07 1.11607e+07
3.29958e+07 1.11607e+07 3.2994e+07 1.11684e+07
3.2994e+07 1.11684e+07 3.29944e+07 1.11624e+07
3.29944e+07 1.11624e+07 3.29993e+07 1.11553e+07
3.29993e+07 1.11553e+07 3.29982e+07 1.1148e+07
3.29982e+07 1.1148e+07 3.30119e+07 1.11149e+07
3.30119e+07 1.11149e+07 3.30136e+07 1.11061e+07
3.30136e+07 1.11061e+07 3.30244e+07 1.11063e+07
3.30244e+07 1.11063e+07 3.30307e+07 1.11022e+07
3.30307e+07 1.11022e+07 3.30319e+07 1.10973e+07
3.30319e+07 1.10973e+07 3.30304e+07 1.11024e+07
3.30304e+07 1.11024e+07 3.30221e+07 1.11061e+07
3.30221e+07 1.11061e+07 3.30131e+07 1.11057e+07
3.30131e+07 1.11057e+07 3.30106e+07 1.11195e+07
3.30106e+07 1.11195e+07 3.30062e+07 1.11309e+07
3.30062e+07 1.11309e+07 3.30045e+07 1.11306e+07
3.30045e+07 1.11306e+07 3.30044e+07 1.11307e+07
3.30044e+07 1.11307e+07 3.30013e+07 1.11345e+07
3.30013e+07 1.11345e+07 3.29978e+07 1.11391e+07
3.29978e+07 1.11391e+07 3.29994e+07 1.11427e+07
3.29994e+07 1.11427e+07 3.29998e+07 1.11399e+07
3.29998e+07 1.11399e+07 3.30013e+07 1.11514e+07
3.30013e+07 1.11514e+07 3.30006e+07 1.11536e+07
3.30006e+07 1.11536e+07 3.30021e+07 1.11497e+07
3.30021e+07 1.11497e+07 3.30021e+07 1.1147e+07
3.30021e+07 1.1147e+07 3.30011e+07 1.11425e+07
3.30011e+07 1.11425e+07 3.29993e+07 1.114e+07
3.29993e+07 1.114e+07 3.29957e+07 1.11391e+07
3.29957e+07 1.11391e+07 3.29938e+07 1.11405e+07
3.29938e+07 1.11405e+07 3.29972e+07 1.11406e+07
3.29972e+07 1.11406e+07 3.30029e+07 1.11241e+07
3.30029e+07 1.11241e+07 3.30081e+07 1.11067e+07
3.30081e+07 1.11067e+07 3.30186e+07 1.1106e+07
3.30186e+07 1.1106e+07 3.30274e+07 1.11028e+07
3.30274e+07 1.11028e+07 3.30314e+07 1.10978e+07
3.30314e+07 1.10978e+07 3.30294e+07 1.11025e+07
3.30294e+07 1.11025e+07 3.30224e+07 1.11039e+07
3.30224e+07 1.11039e+07 3.30246e+07 1.11037e+07
3.30246e+07 1.11037e+07 3.30275e+07 1.11027e+07
3.30275e+07 1.11027e+07 3.30285e+07 1.11034e+07
3.30285e+07 1.11034e+07 3.30314e+07 1.10978e+07
3.30314e+07 1.10978e+07 3.30329e+07 1.1094e+07
3.30329e+07 1.1094e+07 3.30312e+07 1.10956e+07
3.30312e+07 1.10956e+07 3.30312e+07 1.10986e+07
3.30312e+07 1.10986e+07 3.30319e+07 1.10973e+07
3.30319e+07 1.10973e+07 3.30309e+07 1.10875e+07
3.30309e+07 1.10875e+07 3.30299e+07 1.10967e+07
3.30299e+07 1.10967e+07 3.30311e+07 1.11e+07
3.30311e+07 1.11e+07 3.3031e+07 1.11019e+07
3.3031e+07 1.11019e+07 3.30314e+07 1.10978e+07
3.30314e+07 1.10978e+07 3.30303e+07 1.10937e+07
3.30303e+07 1.10937e+07 3.30314e+07 1.10978e+07
3.30314e+07 1.10978e+07 3.30303e+07 1.10941e+07
3.30303e+07 1.10941e+07 3.30309e+07 1.10869e+07
3.30309e+07 1.10869e+07 3.30309e+07 1.10869e+07
3.30309e+07 1.10869e+07 3.30309e+07 1.10958e+07
3.30309e+07 1.10958e+07 3.30314e+07 1.10978e+07
3.30314e+07 1.10978e+07 3.27422e+07 1.10978e+07
3.27422e+07 1.10978e+07 3.30314e+07 1.10978e+07
