-14499.8 155219.0
-11929.4 150397.0
-10326.4 150958.0
-10855.2 152630.0
-20808.3 152828.0
-22193.1 150731.0
-18423.8 152853.0
-13556.9 145828.0
-13421.1 139514.0
-8107.82 135142.0
-1663.53 134692.0
2585.53 129694.0
3733.24 134046.0
-2719.95 146169.0
-2772.27 143580.0
4417.85 135093.0
2759.19 132751.0
-2861.33 134126.0
-3593.81 127835.0
-1760.38 130326.0
2214.84 129456.0
-4331.86 134799.0
-13326.5 135349.0
-769204.0 4687930.0
-13952.1 135482.0
-12813.3 133848.0
-13944.3 136257.0
-15693.1 136048.0
-16134.0 137702.0
-10240.7 141663.0
-7951.97 137437.0
-6954.55 135542.0
-7231.73 139766.0
-5348.21 140314.0
-4752.65 142985.0
-5928.18 141803.0
-3573.77 139494.0
-2874.69 136193.0
1475.68 135298.0
3188.88 131424.0
8010.13 127076.0
10259.9 117990.0
8295.11 115870.0
10199.8 117348.0
8001.23 115066.0
10114.1 117255.0
9776.77 115222.0
10952.3 117887.0
12157.9 116191.0
11394.2 118357.0
12123.4 115667.0
13352.4 116309.0
10220.9 118094.0
8043.53 114129.0
10618.3 118054.0
9554.13 117037.0
10301.1 118235.0
12625.4 115605.0
11309.6 109353.0
12948.3 106432.0
20671.6 106110.0
19897.9 102919.0
21490.9 101394.0
22419.3 103195.0
20483.5 101334.0
16650.8 100107.0
12956.1 105811.0
4274.25 111146.0
2463.08 124468.0
-941.068 126521.0
-2758.92 123300.0
-5512.96 134494.0
-3771.92 129565.0
-4285.11 121247.0
-3118.48 122605.0
-4626.86 134730.0
-3791.96 133490.0
-1189.31 141246.0
1745.07 142903.0
2060.11 144119.0
971.401 142081.0
213.315 143063.0
820.006 142130.0
1106.1 147026.0
2831.55 147220.0
-318.792 146993.0
-223.057 143252.0
-833.088 141200.0
-2835.73 145365.0
-3641.68 143578.0
-1417.52 152020.0
877.892 147091.0
3102.06 149264.0
2129.12 151815.0
3360.32 151076.0
1386.62 148117.0
1259.72 150706.0
-1015.65 151459.0
965.835 147013.0
670.838 148195.0
-1661.31 147569.0
-1470.95 145399.0
2257.14 142104.0
-265.359 143157.0
687.536 142008.0
15.1662 146915.0
1111.66 150119.0
6903.62 150902.0
8706.99 145245.0
11134.9 144063.0
10826.5 139699.0
8489.92 137194.0
4441.23 137568.0
4406.72 149711.0
449.312 156887.0
667.498 157866.0
1320.94 153149.0
4324.34 151067.0
-3248.72 149095.0
-4612.39 147031.0
-3279.89 145396.0
-1738.12 150145.0
5837.18 155128.0
1339.87 155916.0
1640.43 152675.0
3092.04 152272.0
2725.8 147594.0
1428.92 146975.0
305.71 156152.0
3045.28 156237.0
2694.63 145140.0
-815.277 139327.0
-159.605 138036.0
-1919.57 137417.0
158.768 138045.0
1453.41 135313.0
4088.35 134919.0
7120.69 129549.0
15017.7 121944.0
15371.7 111696.0
21316.2 101543.0
16471.5 100248.0
12528.6 107840.0
11692.6 117355.0
10069.5 117769.0
13320.1 121443.0
3297.98 136553.0
1206.28 142807.0
854.515 151379.0
-3986.77 152563.0
-3388.98 150715.0
-5914.82 152786.0
-8592.06 152650.0
-4659.14 144435.0
-4707.01 139893.0
2545.46 130181.0
3980.37 136190.0
10464.7 132717.0
5231.6 134908.0
5728.08 131660.0
2107.97 125125.0
2981.83 106032.0
218.881 105820.0
7764.12 105337.0
15432.9 107944.0
15175.8 118045.0
12455.1 116253.0
11296.3 109037.0
8004.57 114648.0
11634.7 117607.0
13478.1 121605.0
2067.9 138735.0
1383.28 143488.0
55.2412 142881.0
-3560.42 154117.0
331.314 141968.0
35.2037 144058.0
2097.95 143426.0
-1787.1 148772.0
-1834.96 152641.0
-3473.59 143529.0
-9046.24 142803.0
-14458.6 138887.0
-10740.5 134997.0
-8990.58 128327.0
-12126.5 134253.0
-9009.5 134467.0
-9500.42 133151.0
-12669.7 143439.0
-14087.9 141816.0
-16567.0 149097.0
-10494.5 145690.0
-11372.8 139423.0
-17230.4 124660.0
-14958.4 123881.0
-9015.07 131798.0
-8314.87 130923.0
-7629.14 132748.0
-9060.71 128594.0
-7357.52 132751.0
-12409.2 140665.0
-10553.5 142939.0
-9461.46 141623.0
-1840.53 144562.0
384.747 150706.0
-1111.39 152612.0
-16470.1 152191.0
-15755.5 139679.0
-13702.7 135340.0
-16952.2 135801.0
-14706.8 155197.0
-12836.7 151385.0
-9414.71 142992.0
-2349.26 143502.0
3192.22 136758.0
5488.75 136611.0
5909.53 139748.0
4189.65 138043.0
1111.66 142346.0
2506.5 135738.0
729.837 131878.0
3397.05 129438.0
3147.7 131718.0
15051.1 105934.0
18790.3 106161.0
20543.6 101610.0
21504.3 102452.0
16609.6 100109.0
13325.6 105566.0
3338.05 111417.0
2818.19 123990.0
-675.015 127839.0
-3216.44 123017.0
-4802.74 136867.0
-194.114 140111.0
1396.64 146997.0
5349.6 146714.0
5775.95 148576.0
1917.62 148836.0
635.216 141961.0
-1575.59 145356.0
-1143.67 142919.0
-555.903 150524.0
-2434.98 147035.0
-43.8331 146997.0
946.91 142317.0
3845.67 147483.0
1404.43 146937.0
-1702.49 152412.0
-4315.16 152623.0
-1775.96 147211.0
-3855.41 143540.0
-9153.11 143916.0
-10635.9 139477.0
-14400.7 139134.0
-12610.7 133808.0
-8978.34 135567.0
3884.63 135260.0
10482.5 119593.0
12271.4 110930.0
16149.8 103714.0
20294.2 103525.0
21473.1 101421.0
21476.5 101748.0
24481.0 103578.0
16895.7 103698.0
8781.58 113027.0
10324.5 118034.0
14442.2 118528.0
15900.5 114639.0
12833.6 118226.0
7990.09 114570.0
10735.2 119339.0
-1843.87 145270.0
10498.1 118631.0
-43069.9 196031.0
11641.4 117598.0
12263.6 110959.0
15661.1 101672.0
22753.3 101710.0
23396.7 92403.9
26566.0 84990.1
34240.3 84130.7
29959.0 84776.3
23383.4 92174.6
23056.1 98653.4
21479.8 101381.0
4442.34 101381.0
20972.2 101476.0
18815.9 106021.0
14593.6 105967.0
9136.69 110277.0
10172.0 118016.0
11516.7 117538.0
10327.8 118052.0
8823.88 116010.0
9578.62 121732.0
162.108 140779.0
-584.846 141687.0
-2825.71 139085.0
-7772.75 141919.0
-7815.05 136115.0
-19574.8 131562.0
-13139.5 133944.0
-10827.4 130506.0
-8263.66 131622.0
-6979.04 135565.0
-4766.01 133583.0
-14582.2 135442.0
-19544.8 131571.0
-12176.5 135291.0
-4124.81 134799.0
1416.68 147015.0
733.177 141238.0
1280.87 149295.0
3983.71 152741.0
5141.43 152612.0
3109.85 150922.0
3853.46 148807.0
5598.95 163604.0
5155.9 159890.0
-5597.56 165004.0
-5528.54 167318.0
-7102.6 167006.0
-3078.4 162186.0
66.3732 158116.0
