-2026.43 149415.0
-1719.19 151163.0
-9562.76 152882.0
-12070.8 158657.0
-11729.0 150535.0
-14576.6 149121.0
-14179.2 140774.0
-6731.91 139343.0
-5684.39 143655.0
-1869.47 143816.0
-1749.25 147071.0
-2067.62 146029.0
-7300.75 147135.0
-5996.09 146824.0
-6262.14 144303.0
-3488.06 142035.0
-3573.77 139281.0
-408.961 140554.0
2172.54 152294.0
-1045.71 149631.0
-1799.34 146049.0
-5549.7 141785.0
-1745.91 147340.0
-2263.54 143424.0
-8028.78 143624.0
-12899.0 145998.0
-14148.0 144141.0
-14299.4 145768.0
-16078.3 135968.0
-11770.2 135289.0
-10922.0 145285.0
-13902.0 145292.0
-13809.6 147138.0
-15321.3 124043.0
-16857.5 121636.0
-17190.4 125375.0
-13106.1 133370.0
-11925.0 125401.0
-12749.8 119481.0
-16666.1 121841.0
-11594.3 118838.0
-4060.24 119399.0
-2719.95 123738.0
-5104.42 131079.0
-4062.47 134812.0
3096.49 139888.0
4416.74 151566.0
8685.84 152323.0
7973.4 151316.0
3107.62 152341.0
2509.84 146933.0
4420.08 150876.0
31860.3 91277.4
30418.7 91696.0
28600.9 99668.7
24081.3 104747.0
20140.6 106023.0
12000.9 113926.0
4536.96 130607.0
2592.21 131435.0
3280.17 135273.0
529.462 141048.0
1236.34 157328.0
-2229.03 163722.0
-5625.39 163938.0
-5231.32 165305.0
-1169.27 158650.0
1201.83 158432.0
992.551 162085.0
-3169.68 161569.0
1674.94 159719.0
1302.02 152378.0
-1007.86 152465.0
-2596.39 143462.0
-4682.52 141271.0
295.691 130754.0
13173.1 124591.0
15522.0 114951.0
15876.0 119860.0
11933.0 125893.0
5718.06 132572.0
1824.11 138757.0
-804.145 139940.0
-2312.52 139007.0
-4275.09 143544.0
-10063.7 144515.0
-12877.9 149373.0
-15533.9 147538.0
-10506.8 147540.0
-10662.6 138118.0
-12397.0 137479.0
-9018.41 134547.0
-10752.8 133721.0
-7146.02 135015.0
-3521.45 134799.0
-5945.99 134828.0
-7449.92 131867.0
-6446.93 134950.0
-3681.75 134821.0
-8077.76 133570.0
-7115.96 131864.0
-6109.63 143540.0
-1519.93 139174.0
-858.692 139864.0
-2520.69 135654.0
726.498 136789.0
4416.74 144054.0
4381.12 152510.0
-2344.81 133490.0
-5014.25 134449.0
-1098.03 139652.0
1215.19 159202.0
3267.92 160845.0
1218.53 160013.0
395.879 153601.0
-486.885 149359.0
4434.55 152031.0
3297.98 149415.0
4924.36 150462.0
3119.87 150230.0
6050.91 147995.0
6542.94 148890.0
3295.75 138372.0
11669.2 117698.0
12280.3 110667.0
17944.3 106007.0
26924.4 105533.0
30893.0 87047.2
28754.5 99321.3
23942.2 104754.0
12486.3 108151.0
5073.52 129994.0
3178.87 130322.0
2468.65 132365.0
2359.55 130851.0
2018.92 133552.0
1401.09 129547.0
2162.52 135151.0
723.158 139710.0
-5359.34 138116.0
-4561.18 136386.0
-2236.83 153376.0
-692.826 153180.0
-1630.14 152599.0
-463.508 159414.0
-4092.52 161224.0
-4096.98 162239.0
-3699.57 154750.0
4444.57 150292.0
2448.61 138947.0
-20498.8 162319.0
15037.7 121530.0
15200.3 114922.0
15002.1 118014.0
12098.9 117847.0
2180.33 127630.0
1893.13 129571.0
4623.79 130177.0
1401.09 129487.0
1760.66 141349.0
830.025 141914.0
-3637.23 139243.0
-2803.44 141745.0
-3482.49 139082.0
-7566.8 139287.0
-10376.5 131330.0
-12425.9 131956.0
-14828.2 135939.0
-14063.4 139686.0
-5153.4 140623.0
-1860.57 143807.0
24.0718 157958.0
455.991 159810.0
-1305.08 149112.0
-601.544 155669.0
2262.71 156001.0
4363.31 159935.0
14183.9 161687.0
4437.89 160411.0
3149.92 155999.0
-2378.2 155927.0
-4052.45 150987.0
-7309.66 147131.0
-12548.4 145978.0
-14770.3 137497.0
-9764.25 137482.0
-12687.5 137377.0
-12899.0 148315.0
-10443.3 154084.0
-9942.36 153218.0
-9637.35 157635.0
-5594.22 164608.0
-5431.7 171272.0
-5556.37 164942.0
-4859.51 170421.0
-5490.7 166420.0
-3270.99 158234.0
-3648.36 149522.0
4275.36 147015.0
7897.7 149529.0
9023.14 152427.0
13654.0 152365.0
9004.22 152294.0
31861.4 91279.6
-2816.8 155168.0
31688.9 91315.2
25145.5 103019.0
21266.1 106047.0
17047.0 105940.0
12416.2 108786.0
11530.1 118027.0
6798.98 129885.0
2574.4 131346.0
1385.51 133156.0
3619.69 137673.0
8186.02 128235.0
15257.0 121167.0
15869.3 114403.0
15643.3 120474.0
12821.4 125221.0
6645.36 130693.0
3018.57 136533.0
1416.68 134144.0
-4486.59 133695.0
-3383.42 133550.0
1284.21 146556.0
401.445 151379.0
-624.921 145345.0
-1979.68 145136.0
-284.283 140665.0
1247.47 143390.0
4214.14 141587.0
2382.93 139686.0
1377.72 141888.0
4288.72 138693.0
1317.6 141868.0
3626.37 140625.0
5861.67 147422.0
1475.68 146986.0
1244.13 144501.0
1241.91 152180.0
-10493.4 152592.0
-10868.5 153062.0
-12867.8 140115.0
-8077.76 135035.0
-4754.87 134249.0
-3319.97 125913.0
-4528.9 133817.0
3558.47 135876.0
-2493.98 131887.0
-3673.96 132902.0
-4583.44 130949.0
-2942.59 134494.0
-1348.5 161041.0
-4735.95 162306.0
-4728.16 160796.0
-1374.1 162130.0
-816.39 152946.0
660.819 158463.0
-4108.11 160336.0
-2206.77 161418.0
1260.83 157700.0
1349.89 141872.0
-2675.43 139018.0
-3002.71 140670.0
-3130.72 134788.0
-3680.64 145401.0
-4315.16 141369.0
-2866.9 139127.0
1447.85 141908.0
1396.64 130295.0
956.929 129191.0
2012.24 133545.0
816.667 131949.0
1637.09 134765.0
4234.17 134650.0
10449.1 119588.0
12191.3 111647.0
15317.1 105934.0
20975.5 106065.0
23095.0 98441.9
25979.3 94202.9
30379.8 92475.2
30900.8 87025.0
28104.4 100873.0
23204.1 104872.0
13016.2 106112.0
11844.0 115935.0
8056.89 119196.0
6957.05 124250.0
-57.1914 120951.0
-4104.77 124822.0
-4709.23 143506.0
-1307.31 147008.0
-24.9088 147017.0
663.046 141785.0
6465.02 130820.0
14732.7 122055.0
15867.1 114332.0
13808.8 118388.0
7960.04 119938.0
6708.81 124842.0
1850.82 127619.0
1723.92 139158.0
792.176 143693.0
1991.09 141848.0
398.105 140334.0
-1764.83 141258.0
-3618.3 151715.0
-2063.17 145497.0
-9961.29 143849.0
-4419.8 143615.0
-647.185 144553.0
286.786 143114.0
-7006.87 143622.0
-11519.8 149259.0
-11230.3 148211.0
-15542.8 149095.0
-27306.0 148952.0
3173.3 130337.0
-555.903 134460.0
-7482.2 135001.0
-8612.09 137332.0
-9021.75 133890.0
-17563.3 136237.0
-19458.0 148119.0
-18680.9 154440.0
-17286.1 156818.0
-18202.3 151610.0
-12063.0 153823.0
-11291.6 158387.0
-9263.31 159897.0
-7317.45 155277.0
-4314.05 152361.0
-2650.94 149112.0
9371.57 150749.0
11769.4 149880.0
9654.32 149217.0
4757.38 151746.0
4945.51 140603.0
6116.59 139664.0
4277.59 134598.0
9830.21 120917.0
12352.7 109681.0
18772.5 106130.0
22373.7 106078.0
23929.9 102668.0
28771.2 99312.4
31852.5 91313.0
27228.3 102752.0
22450.5 103258.0
19502.8 105996.0
12976.1 106283.0
9381.59 122576.0
6370.4 130676.0
2534.33 131372.0
3668.67 135652.0
691.989 141064.0
390.313 153485.0
-1781.53 146185.0
-4198.28 145477.0
-2741.1 144637.0
-3653.92 135471.0
-9009.5 135048.0
-10832.9 131228.0
-9088.54 131488.0
-7567.92 141609.0
-8612.09 137248.0
-15621.9 143836.0
-15625.2 148090.0
-20309.5 152817.0
-24572.0 154656.0
-21945.9 152118.0
-18598.6 165790.0
-15761.0 163869.0
-3052.8 164016.0
-1229.39 161919.0
19.619 161578.0
5842.74 167598.0
4671.66 167498.0
3651.97 161749.0
1255.27 159296.0
1273.08 153525.0
-2358.17 152590.0
-2667.63 148832.0
-7773.86 147175.0
-10598.0 147353.0
-12830.0 140703.0
-12466.0 137738.0
-10631.4 141578.0
-10787.3 151408.0
-8547.53 148587.0
-10178.4 147311.0
-10689.3 141621.0
-12355.8 139383.0
-12420.3 137626.0
-15647.5 143126.0
-15574.0 154605.0
-14385.1 155395.0
-15994.8 152732.0
-16973.3 154306.0
-22071.7 151067.0
-21179.0 149473.0
-13824.1 148435.0
-14048.9 144176.0
-12533.9 137911.0
-14836.0 136014.0
-7947.52 135024.0
-7339.71 131898.0
-6984.6 135124.0
1555.83 137882.0
4414.51 148407.0
2391.84 151826.0
3126.55 150250.0
1648.22 149290.0
441.52 141569.0
-1515.48 139049.0
-58.3046 139946.0
-1136.99 140752.0
-5653.22 139200.0
-12867.8 140534.0
-12717.6 142273.0
-14327.2 133944.0
-12192.1 134155.0
-12168.8 135545.0
-9029.54 133759.0
-2914.76 135890.0
-3147.42 134810.0
-1228.27 139269.0
1393.3 134516.0
4304.31 140939.0
5701.37 132606.0
6469.47 134859.0
4422.3 136909.0
11729.3 117377.0
12500.8 108160.0
21177.0 106114.0
28828.0 99187.8
31035.5 86773.4
28832.4 99152.1
24464.3 103623.0
17816.3 103678.0
13168.7 105687.0
11848.4 115496.0
8292.88 119245.0
6914.75 123754.0
8100.3 126650.0
3739.92 135758.0
-3004.93 143495.0
-4662.48 142776.0
-3854.3 135952.0
-1823.83 135905.0
4673.89 111150.0
10878.8 109449.0
-1095.8 114890.0
-4232.79 120741.0
-3778.6 123146.0
-2893.61 121815.0
-3820.9 123148.0
-3378.97 106034.0
-1883.94 108265.0
-2470.6 118021.0
-3896.6 119292.0
-2632.01 122763.0
-2820.14 143395.0
-1601.19 145410.0
691.989 141785.0
-3535.93 139080.0
-3783.05 143426.0
-1788.21 144993.0
-5255.81 143562.0
-6223.18 138735.0
-4670.27 143337.0
-1724.76 146485.0
-3250.95 139214.0
889.024 140984.0
4923.24 131112.0
3590.75 127454.0
4680.57 127225.0
3896.88 127035.0
-1548.87 130342.0
-4360.8 132497.0
-3604.94 131700.0
