1297.57 146719.0
1260.83 144666.0
646.348 159612.0
-4400.88 152574.0
-2611.97 151693.0
-19429.0 152801.0
-27918.2 152835.0
-28704.1 150958.0
-4797.18 131081.0
-1753.7 149395.0
-3122.93 152505.0
-6463.63 152690.0
-5779.01 149328.0
-2095.45 149090.0
-1172.61 147040.0
8.48706 148923.0
2282.74 147026.0
3151.04 148050.0
1865.3 147135.0
4416.74 147874.0
4445.68 155473.0
868.987 151546.0
-961.106 153089.0
5114.71 152750.0
-12962500.0 9037510.0
30848.4 103240.0
28124.5 105212.0
28157.8 109843.0
27928.5 107581.0
30859.6 103013.0
28005.3 109687.0
21193.7 111181.0
20637.1 119354.0
18180.3 124366.0
14041.4 124228.0
4316.55 134683.0
-1863.91 143480.0
-3010.5 141097.0
-2604.18 146374.0
-6091.82 158672.0
-3863.2 152167.0
-838.654 157944.0
-1265.01 165425.0
601.82 169962.0
-1149.24 166549.0
-2434.98 166374.0
-4218.31 156197.0
-6236.54 156626.0
-9505.99 152781.0
-10800.6 150406.0
-11703.4 151060.0
-7685.92 137593.0
-8033.23 131842.0
-12349.1 131557.0
-10875.2 131813.0
-8626.57 139372.0
-1810.47 146962.0
-3264.31 158833.0
-3511.44 164049.0
-9051.81 164267.0
-12777.7 170855.0
-11696.8 171142.0
-11289.3 156088.0
-15464.9 154870.0
-17635.7 150214.0
-6219.84 153888.0
-7014.66 156836.0
-7898.54 144969.0
-2569.67 143497.0
15091.2 121409.0
15864.8 114485.0
15358.3 121133.0
13121.9 125045.0
5699.14 132593.0
2015.58 136856.0
4292.06 142066.0
4394.47 150934.0
7058.35 150898.0
1455.64 150299.0
-1159.25 147443.0
-1079.1 149250.0
-1895.08 146937.0
-1732.55 151132.0
717.592 153596.0
6990.45 154714.0
1273.08 152276.0
876.779 140930.0
7149.63 129618.0
13606.2 124691.0
18038.9 124364.0
20815.2 120254.0
21173.7 112453.0
28140.0 109852.0
28025.4 101078.0
31312.6 84406.8
32144.2 72900.8
37041.1 76389.5
38786.6 69329.6
38574.0 75868.5
31132.3 86838.0
27572.3 103220.0
28155.6 109839.0
30855.1 103131.0
30653.6 104814.0
27995.3 105386.0
27959.7 110144.0
23509.1 113512.0
19030.8 124522.0
13963.5 124328.0
5413.05 132944.0
3862.37 135999.0
2436.37 134679.0
2402.97 135750.0
-235.303 133336.0
1423.36 134376.0
1237.45 148028.0
1659.36 147011.0
2125.78 150767.0
1294.23 145361.0
-1257.22 145301.0
-1633.48 152614.0
1251.93 155364.0
-1377.44 163653.0
-5311.47 165024.0
-6950.09 162197.0
-6794.25 157597.0
-10291.9 150357.0
-11746.9 151325.0
-9556.08 151007.0
-12324.6 161680.0
-5571.96 160313.0
-3601.6 151259.0
-1666.87 149164.0
893.477 141988.0
-510.262 140799.0
1854.16 148522.0
932.439 153552.0
-2011.96 153314.0
-3682.87 148204.0
-1544.42 145465.0
-3252.06 152597.0
-8079.99 152902.0
-23385.3 138187.0
-13132.8 152895.0
-9668.52 152948.0
-9389.1 144121.0
-6333.38 143050.0
-5436.15 140425.0
3738.8 140761.0
3977.03 160986.0
3087.58 152236.0
5859.44 146808.0
4231.95 146975.0
1788.49 141124.0
10664.0 119437.0
12183.5 111989.0
30586.8 102728.0
30677.0 105070.0
28135.6 109825.0
28095.5 107595.0
30711.5 104845.0
29031.7 102467.0
20037.1 114390.0
21347.3 124364.0
14510.1 124406.0
10161.9 127111.0
897.93 142625.0
1261.94 153598.0
-914.352 163671.0
-5258.04 164031.0
-6977.92 160226.0
-7718.2 164953.0
-6883.3 159801.0
-10797.3 156548.0
-11864.8 153078.0
-9179.82 157499.0
-10403.2 155589.0
-9716.38 153347.0
-8988.35 154616.0
-11867.1 153015.0
-12895.7 139568.0
-10423.3 137466.0
-6104.07 141010.0
-6041.73 134973.0
-3749.66 134952.0
-4767.12 139822.0
-1919.57 147015.0
-2822.37 138555.0
-5253.59 141656.0
-4457.65 140683.0
-2640.92 152612.0
17613.7 152474.0
6960.39 150893.0
3411.52 151027.0
2424.12 148836.0
-1059.07 148821.0
-3698.45 145853.0
-1252.76 144798.0
3606.33 141787.0
22.9586 143963.0
-1774.85 139002.0
-12949.1 135404.0
-10930.9 135249.0
-12463.7 137506.0
-14817.0 137642.0
-10058.1 146365.0
-17336.2 143431.0
-18306.9 146614.0
-14436.3 148260.0
-11456.3 147362.0
-9566.1 137448.0
-9148.65 139441.0
-9237.71 135153.0
-8936.03 137381.0
-9297.82 136295.0
-12009.6 139419.0
-7796.12 149431.0
-10389.9 152020.0
-10438.8 154591.0
-17152.5 156482.0
-15557.3 152821.0
-15641.9 142916.0
-8501.89 133020.0
-17921.7 111591.0
-19809.7 116476.0
-15656.4 123711.0
-14323.9 122629.0
-12567.3 125250.0
-12194.4 123691.0
-8506.34 133111.0
-9416.93 136827.0
-7783.88 140541.0
-9018.41 134661.0
-7128.21 134630.0
-8949.39 137395.0
-6133.01 142999.0
-7604.65 143074.0
-7527.84 139439.0
-5353.77 139913.0
-4686.97 144232.0
-2896.95 145410.0
4476.85 136647.0
6193.4 137589.0
5388.56 140260.0
4414.51 136662.0
1180.68 142204.0
1268.62 146926.0
5840.52 147451.0
3600.77 146959.0
2343.97 151886.0
-10487.8 153267.0
-9517.12 163633.0
-7843.99 165536.0
-5767.88 156807.0
-3501.42 155849.0
-3660.6 148754.0
1209.62 142698.0
129.825 137388.0
9780.11 127412.0
14974.3 124304.0
21289.4 124384.0
20294.2 113855.0
23829.7 110781.0
28140.0 109917.0
30850.7 103160.0
28232.4 109469.0
27743.7 106159.0
30796.1 104092.0
30849.6 102779.0
22171.1 102496.0
23351.1 107955.0
28143.4 109839.0
27944.1 104284.0
30838.4 103454.0
28433.9 105504.0
28157.8 109830.0
27408.7 102672.0
31321.5 84489.1
32149.8 72891.9
37421.9 76080.1
38785.5 69338.5
37586.6 77491.6
30855.1 87719.6
29872.2 96756.5
24921.8 108015.0
27933.0 109554.0
25613.1 107160.0
28159.0 109837.0
27338.5 118379.0
21054.5 119052.0
20275.3 113869.0
23711.7 110805.0
28136.7 109870.0
27971.9 104576.0
30598.0 102886.0
30648.1 104792.0
27662.5 106985.0
28177.9 109022.0
28712.2 104302.0
30622.5 102779.0
30643.6 105773.0
27948.6 105471.0
26829.8 109298.0
23554.8 110778.0
23086.1 118602.0
20984.4 119412.0
18870.5 124497.0
14090.4 124215.0
12340.5 127971.0
13365.7 134990.0
11107.0 138642.0
7420.14 136838.0
8593.45 131762.0
6345.91 132054.0
3862.37 135999.0
1781.81 128699.0
-3704.02 126290.0
-4739.29 130177.0
-2253.52 123226.0
-3651.7 123843.0
-3573.77 140694.0
-10540.1 145991.0
-11021.0 150390.0
-12545.0 147360.0
-10660.4 147333.0
-8495.21 152601.0
-14779.2 158412.0
-13450.0 155878.0
-20017.9 130725.0
-21183.4 130909.0
-16191.8 133939.0
-15572.9 151394.0
-16443.4 152768.0
-12320.1 151256.0
-6165.29 141151.0
-6084.03 143424.0
-5813.52 141948.0
-2077.64 148489.0
-1994.15 152826.0
-696.165 140109.0
-7233.96 139316.0
-10745.0 135135.0
-13689.4 134298.0
-10857.4 131421.0
-12928.0 126178.0
