-1780.42 146692.0
-1250.54 143963.0
-585.959 157639.0
-3364.49 160917.0
-4020.17 164701.0
-564.808 157472.0
-1251.65 143949.0
344.672 148520.0
-1448.69 148095.0
-397.829 140616.0
1283.1 143809.0
1258.6 150486.0
2868.28 151481.0
-1013.43 149956.0
-2310.3 152610.0
-1861.68 158038.0
-5977.16 157590.0
-1260.56 155059.0
-3101.78 143497.0
-6415.76 143604.0
-8628.79 137433.0
-7908.56 141051.0
369.162 136368.0
2586.65 132559.0
4166.27 134627.0
-1846.1 145610.0
-3217.55 151040.0
-2876.91 149106.0
7565.97 150778.0
1283.1 151109.0
1176.23 155961.0
-9648.48 157559.0
-9699.69 158225.0
-12935.7 156764.0
-10805.1 156399.0
-12145.4 156818.0
-10865.2 153986.0
-10547.9 146394.0
-7896.31 141496.0
-2854.65 137415.0
706.46 141888.0
484.934 139470.0
-27.1352 141062.0
1090.51 142326.0
904.609 143622.0
-2617.54 145390.0
-3381.19 151677.0
-2741.1 144604.0
-5249.13 139252.0
-4654.69 140692.0
-8636.58 145461.0
-5224.64 139258.0
-3348.91 140694.0
-5822.43 139212.0
-8802.45 142244.0
-10280.8 141616.0
139.844 137410.0
2564.38 132535.0
4396.7 136651.0
2418.55 137591.0
836.704 147138.0
-2406.03 147044.0
-1682.46 147017.0
-2576.35 152267.0
-2578.58 151080.0
-1195.99 156428.0
-2703.26 147095.0
-440.13 138613.0
1275.3 137562.0
2716.89 139305.0
2603.34 134376.0
3959.22 134387.0
1922.07 131891.0
2020.03 135885.0
7396.76 128808.0
11668.1 117673.0
-1822.72 147376.0
-716.203 151546.0
-1030.12 143653.0
6470.58 130495.0
12351.6 109817.0
19004.0 105858.0
21329.5 101937.0
10494.8 109819.0
104.222 113911.0
-2468.37 115748.0
-5081.04 124433.0
-3604.94 125971.0
-5065.46 139194.0
-8498.55 139439.0
-7927.48 141407.0
-10332.0 140042.0
-7370.88 138337.0
-12926.8 136106.0
-13865.3 139338.0
-12667.5 135369.0
-6723.0 136484.0
-3981.2 134781.0
1101.64 135462.0
1555.83 139439.0
-1732.55 150499.0
-1826.06 158025.0
-4079.16 161538.0
-1134.76 156386.0
1076.04 155965.0
-26.022 155907.0
-1739.23 148627.0
-159.605 147022.0
2504.27 148458.0
1292.0 147529.0
-1179.29 163642.0
-4031.3 163753.0
-4004.58 160507.0
-10521.2 161536.0
-10546.8 144793.0
-13878.6 139608.0
-12676.4 135344.0
-10696.0 136458.0
-8491.87 136273.0
-5943.77 142567.0
-3219.78 134939.0
-4763.78 133701.0
-3505.87 141930.0
-2080.98 141280.0
578.443 146047.0
199.957 141293.0
-1988.58 138929.0
-893.201 134944.0
-2880.25 132915.0
-3679.53 133472.0
-3495.85 142923.0
-1840.53 144248.0
-558.129 158031.0
2830.44 162845.0
-226.397 140714.0
-983.37 138806.0
-2757.8 139022.0
-3542.6 137381.0
-3593.81 138978.0
-1710.29 139042.0
1278.64 147514.0
1249.7 159512.0
1346.55 152628.0
-1670.21 151595.0
-3127.38 143493.0
-9414.71 144134.0
-9921.21 140636.0
-8791.32 142520.0
-9896.72 142104.0
-9410.26 137540.0
-7827.29 136380.0
-14632.3 149177.0
-15546.2 148480.0
-13825.2 146102.0
-13902.0 142988.0
-10422.1 147329.0
-726.222 147605.0
-7463.28 147149.0
-11574.3 152073.0
-13979.9 143800.0
-12767.7 142331.0
-9588.37 146158.0
-10143.9 147244.0
-10562.4 142153.0
-677.241 138976.0
-4601.25 133414.0
-3647.25 118540.0
5244.96 111088.0
15287.1 105934.0
19509.4 105014.0
21699.1 102498.0
13655.1 106003.0
2179.22 132615.0
2593.33 132503.0
984.759 132904.0
2662.34 132679.0
3772.2 135681.0
265.635 141333.0
-1234.95 144016.0
-333.264 141634.0
-1856.11 143903.0
-1722.53 150729.0
-3163.01 152801.0
-1621.23 142373.0
-1267.23 143992.0
-2371.52 143506.0
-2575.24 153111.0
-1802.68 145514.0
-1337.37 144210.0
-6350.08 143602.0
-7628.03 137633.0
-9412.48 136771.0
-7446.58 140516.0
-4827.23 139180.0
-10579.1 139252.0
-11015.5 128843.0
-12586.2 124943.0
-7979.8 135224.0
-9164.24 137439.0
-9246.62 136304.0
-7786.1 139100.0
-3503.64 139151.0
1856.39 144773.0
-681.694 144078.0
-1046.82 141222.0
-3555.96 140766.0
-4363.03 138497.0
-6328.93 139394.0
-1310.65 139370.0
-1769.29 142282.0
-1616.78 139612.0
1022.61 147046.0
6339.23 147917.0
4390.02 142351.0
1984.41 132383.0
2563.27 129709.0
6069.83 131159.0
11713.7 117495.0
12862.5 106622.0
21272.7 103304.0
23036.0 101011.0
23404.5 102412.0
22414.9 101822.0
22746.6 106789.0
21445.3 101746.0
23380.0 102639.0
21331.7 101957.0
10813.2 109683.0
-99.4928 113993.0
-4168.22 116810.0
-2711.05 122970.0
-6379.03 136115.0
-8927.13 135004.0
-10222.9 139399.0
-10150.5 136335.0
-7124.87 136170.0
-7247.32 132746.0
-4683.63 129409.0
-3360.04 123052.0
-4793.84 133946.0
-9494.86 135059.0
-11800.3 147260.0
-9885.59 142259.0
-12911.3 138958.0
-7944.18 135549.0
-10171.7 137315.0
-14686.8 137537.0
-14524.3 135500.0
-12945.8 138339.0
-15607.4 144326.0
-16449.0 152779.0
-21756.7 152806.0
-20363.0 149079.0
-11835.9 149384.0
-10539.0 142618.0
-14659.0 136506.0
-11651.1 137475.0
-9922.32 140485.0
-8934.92 139472.0
-8691.13 143952.0
-10456.7 145345.0
-11778.0 137446.0
-14820.4 136916.0
-12311.2 137540.0
-11534.2 130551.0
-2724.41 127340.0
5240.5 132423.0
13067.4 124682.0
15287.1 114303.0
14037.0 117825.0
13158.7 112729.0
13723.0 108726.0
21074.6 103333.0
21515.4 101588.0
20308.7 103454.0
21393.0 103253.0
14844.0 105925.0
1401.09 133565.0
1455.64 134055.0
1656.02 129369.0
792.176 135647.0
1406.66 132488.0
3587.41 133919.0
1944.33 130397.0
3162.17 131907.0
2854.93 136331.0
1422.24 131306.0
2378.48 127376.0
2595.55 132523.0
-1537.74 134605.0
-9285.58 135106.0
-14561.0 132815.0
-12163.2 139501.0
-7969.78 141623.0
-5369.36 138931.0
-1199.33 145319.0
-6656.21 143606.0
-8626.57 143606.0
-9136.41 146888.0
-9041.79 139345.0
-13997.7 138285.0
-7063.64 165763.0
-3232.02 162943.0
-7911.89 159238.0
-1511.02 153973.0
-1675.78 151365.0
2158.07 149413.0
2070.12 143025.0
-6485.89 139274.0
-14500.9 139677.0
-15721.0 149046.0
-17978.5 148211.0
-2950.39 143497.0
6429.4 152726.0
21448.6 150375.0
14177.2 151161.0
3095.38 151426.0
858.968 151555.0
-3742.98 144533.0
-5274.74 145414.0
-3726.28 145083.0
-4717.03 136041.0
-20329.6 165750.0
-20617.9 162816.0
-22730.7 164176.0
-17375.2 159316.0
-15405.9 155246.0
-15571.8 146886.0
-13610.3 141792.0
-10680.4 141594.0
-8893.73 139490.0
-7109.28 143054.0
-5331.51 140405.0
-4734.84 143063.0
-8736.77 141627.0
-7823.95 139632.0
-4340.77 140721.0
-6008.33 139198.0
-12914.6 139617.0
-12813.3 141144.0
-9082.98 139423.0
-2313.64 139111.0
-2798.99 141821.0
-6279.95 136117.0
-6133.01 142540.0
-5270.28 140469.0
-1802.68 147213.0
-2613.09 153358.0
-8428.42 152906.0
-12896.8 139561.0
-16410.0 140890.0
-21988.2 147881.0
-15433.8 147062.0
-14772.5 142400.0
-12257.8 139468.0
-4098.09 139158.0
5733.65 145851.0
-3680.64 147445.0
-3848.73 123560.0
-5522.98 121741.0
2575.51 132412.0
-2086.55 143453.0
-2472.82 135932.0
-2927.01 139060.0
-1188.2 141892.0
-2027.55 146999.0
-4585.67 148391.0
-3593.81 141336.0
-467.96 140409.0
1825.22 131148.0
4717.3 149404.0
7523.67 149393.0
3014.11 148444.0
2463.08 147006.0
7471.35 145639.0
4622.68 146966.0
2742.49 150947.0
-3594.92 149088.0
-18400.4 148322.0
-15545.1 149765.0
-12971.4 147302.0
-10455.5 149831.0
-10619.2 160362.0
-10807.3 149749.0
-13597.0 145868.0
-11677.8 146220.0
-7769.41 143655.0
1317.6 145154.0
1731.71 143232.0
4332.14 147008.0
7482.48 146690.0
7553.72 149326.0
4435.66 144766.0
3407.07 138366.0
12160.1 112223.0
21659.0 101619.0
23748.5 106308.0
24534.4 105241.0
23648.3 106321.0
21386.3 103260.0
12371.6 109463.0
11477.7 118174.0
6160.0 130987.0
1070.48 132060.0
2611.14 132466.0
-1108.05 139521.0
-2997.14 139051.0
-3392.32 141340.0
-1583.38 142357.0
-3609.4 139169.0
-5351.55 139764.0
-4620.18 143039.0
-5860.28 142936.0
-5321.49 140282.0
-1847.21 144515.0
-3296.59 149092.0
-1611.21 139198.0
-678.354 140205.0
-14223.7 139552.0
-16737.3 141267.0
-14081.2 136480.0
-12602.9 139508.0
-6258.8 140474.0
-6334.5 143068.0
-4709.23 139209.0
-1159.25 142562.0
-4381.95 149101.0
-2815.69 139376.0
-2925.89 134830.0
-2870.23 139062.0
1336.53 143513.0
68.5996 143072.0
2289.42 127136.0
313.502 133561.0
2605.57 131809.0
1492.38 135384.0
2316.14 139114.0
-485.771 143411.0
