3.30027e+07 1.11464e+07 3.30023e+07 1.11445e+07
3.30023e+07 1.11445e+07 3.29974e+07 1.11449e+07
3.29974e+07 1.11449e+07 3.29972e+07 1.11421e+07
3.29972e+07 1.11421e+07 3.29942e+07 1.11404e+07
3.29942e+07 1.11404e+07 3.2994e+07 1.11418e+07
3.2994e+07 1.11418e+07 3.29962e+07 1.11392e+07
3.29962e+07 1.11392e+07 3.29969e+07 1.11317e+07
3.29969e+07 1.11317e+07 3.29919e+07 1.11501e+07
3.29919e+07 1.11501e+07 3.29903e+07 1.11545e+07
3.29903e+07 1.11545e+07 3.29904e+07 1.1161e+07
3.29904e+07 1.1161e+07 3.29949e+07 1.11608e+07
3.29949e+07 1.11608e+07 3.29964e+07 1.11519e+07
3.29964e+07 1.11519e+07 3.3e+07 1.11465e+07
3.3e+07 1.11465e+07 3.30016e+07 1.11397e+07
3.30016e+07 1.11397e+07 3.30014e+07 1.11353e+07
3.30014e+07 1.11353e+07 3.2997e+07 1.11347e+07
3.2997e+07 1.11347e+07 3.29891e+07 1.11374e+07
3.29891e+07 1.11374e+07 3.29893e+07 1.11358e+07
3.29893e+07 1.11358e+07 3.29878e+07 1.11338e+07
3.29878e+07 1.11338e+07 3.29849e+07 1.11274e+07
3.29849e+07 1.11274e+07 3.2983e+07 1.11228e+07
3.2983e+07 1.11228e+07 3.2983e+07 1.11268e+07
3.2983e+07 1.11268e+07 3.2979e+07 1.11309e+07
3.2979e+07 1.11309e+07 3.2985e+07 1.11332e+07
3.2985e+07 1.11332e+07 3.29872e+07 1.11339e+07
3.29872e+07 1.11339e+07 3.29886e+07 1.11338e+07
3.29886e+07 1.11338e+07 3.2991e+07 1.11346e+07
3.2991e+07 1.11346e+07 3.2987e+07 1.11339e+07
3.2987e+07 1.11339e+07 3.29894e+07 1.11419e+07
3.29894e+07 1.11419e+07 3.299e+07 1.11547e+07
3.299e+07 1.11547e+07 3.29928e+07 1.11569e+07
3.29928e+07 1.11569e+07 3.29976e+07 1.11563e+07
3.29976e+07 1.11563e+07 3.29989e+07 1.11579e+07
3.29989e+07 1.11579e+07 3.29987e+07 1.1162e+07
3.29987e+07 1.1162e+07 3.29923e+07 1.1161e+07
3.29923e+07 1.1161e+07 3.29903e+07 1.11594e+07
3.29903e+07 1.11594e+07 3.29891e+07 1.11569e+07
3.29891e+07 1.11569e+07 3.29892e+07 1.11543e+07
3.29892e+07 1.11543e+07 3.29896e+07 1.11515e+07
3.29896e+07 1.11515e+07 3.29894e+07 1.11548e+07
3.29894e+07 1.11548e+07 3.29877e+07 1.11574e+07
3.29877e+07 1.11574e+07 3.29859e+07 1.11598e+07
3.29859e+07 1.11598e+07 3.29864e+07 1.11568e+07
3.29864e+07 1.11568e+07 3.29927e+07 1.11569e+07
3.29927e+07 1.11569e+07 3.29915e+07 1.11582e+07
3.29915e+07 1.11582e+07 3.29927e+07 1.1161e+07
3.29927e+07 1.1161e+07 3.29962e+07 1.11631e+07
3.29962e+07 1.11631e+07 3.29987e+07 1.11621e+07
3.29987e+07 1.11621e+07 3.30013e+07 1.11447e+07
3.30013e+07 1.11447e+07 3.29911e+07 1.11393e+07
3.29911e+07 1.11393e+07 3.29906e+07 1.11375e+07
3.29906e+07 1.11375e+07 3.29948e+07 1.11436e+07
3.29948e+07 1.11436e+07 3.29992e+07 1.1147e+07
3.29992e+07 1.1147e+07 3.29992e+07 1.11433e+07
3.29992e+07 1.11433e+07 3.30024e+07 1.11379e+07
3.30024e+07 1.11379e+07 3.3007e+07 1.11295e+07
3.3007e+07 1.11295e+07 3.3015e+07 1.11059e+07
3.3015e+07 1.11059e+07 3.30189e+07 1.11061e+07
3.30189e+07 1.11061e+07 3.30302e+07 1.11024e+07
3.30302e+07 1.11024e+07 3.30255e+07 1.11027e+07
3.30255e+07 1.11027e+07 3.30224e+07 1.10942e+07
3.30224e+07 1.10942e+07 3.30209e+07 1.10891e+07
3.30209e+07 1.10891e+07 3.30213e+07 1.10906e+07
3.30213e+07 1.10906e+07 3.30093e+07 1.1123e+07
3.30093e+07 1.1123e+07 3.30046e+07 1.11339e+07
3.30046e+07 1.11339e+07 3.30031e+07 1.11367e+07
3.30031e+07 1.11367e+07 3.29952e+07 1.11365e+07
3.29952e+07 1.11365e+07 3.29964e+07 1.11386e+07
3.29964e+07 1.11386e+07 3.30001e+07 1.11413e+07
3.30001e+07 1.11413e+07 3.30019e+07 1.11477e+07
3.30019e+07 1.11477e+07 3.29992e+07 1.11393e+07
3.29992e+07 1.11393e+07 3.29932e+07 1.11418e+07
3.29932e+07 1.11418e+07 3.30136e+07 1.11162e+07
3.30136e+07 1.11162e+07 3.30133e+07 1.11173e+07
3.30133e+07 1.11173e+07 3.30152e+07 1.1115e+07
3.30152e+07 1.1115e+07 3.30154e+07 1.11076e+07
3.30154e+07 1.11076e+07 3.30187e+07 1.11062e+07
3.30187e+07 1.11062e+07 3.30205e+07 1.11061e+07
3.30205e+07 1.11061e+07 3.30271e+07 1.11051e+07
3.30271e+07 1.11051e+07 3.30325e+07 1.11034e+07
3.30325e+07 1.11034e+07 3.30328e+07 1.11017e+07
3.30328e+07 1.11017e+07 3.30275e+07 1.11045e+07
3.30275e+07 1.11045e+07 3.30188e+07 1.1106e+07
3.30188e+07 1.1106e+07 3.30142e+07 1.1106e+07
3.30142e+07 1.1106e+07 3.3012e+07 1.11139e+07
3.3012e+07 1.11139e+07 3.3009e+07 1.11241e+07
3.3009e+07 1.11241e+07 3.30061e+07 1.11317e+07
3.30061e+07 1.11317e+07 3.30093e+07 1.11306e+07
3.30093e+07 1.11306e+07 3.30135e+07 1.11364e+07
3.30135e+07 1.11364e+07 3.3016e+07 1.11376e+07
3.3016e+07 1.11376e+07 3.30126e+07 1.11382e+07
3.30126e+07 1.11382e+07 3.30063e+07 1.11413e+07
3.30063e+07 1.11413e+07 3.30078e+07 1.1138e+07
3.30078e+07 1.1138e+07 3.30033e+07 1.11385e+07
3.30033e+07 1.11385e+07 3.30018e+07 1.1141e+07
3.30018e+07 1.1141e+07 3.29995e+07 1.1143e+07
3.29995e+07 1.1143e+07 3.30007e+07 1.1143e+07
3.30007e+07 1.1143e+07 3.3e+07 1.11439e+07
3.3e+07 1.11439e+07 3.29988e+07 1.11448e+07
3.29988e+07 1.11448e+07 3.29988e+07 1.1142e+07
3.29988e+07 1.1142e+07 3.30009e+07 1.11424e+07
3.30009e+07 1.11424e+07 3.30013e+07 1.11438e+07
3.30013e+07 1.11438e+07 3.29976e+07 1.11348e+07
3.29976e+07 1.11348e+07 3.29983e+07 1.11359e+07
3.29983e+07 1.11359e+07 3.29934e+07 1.11368e+07
3.29934e+07 1.11368e+07 3.29928e+07 1.11398e+07
3.29928e+07 1.11398e+07 3.29939e+07 1.11393e+07
3.29939e+07 1.11393e+07 3.29984e+07 1.11394e+07
3.29984e+07 1.11394e+07 3.29988e+07 1.11414e+07
3.29988e+07 1.11414e+07 3.30013e+07 1.11456e+07
3.30013e+07 1.11456e+07 3.30017e+07 1.11527e+07
3.30017e+07 1.11527e+07 3.30044e+07 1.11593e+07
3.30044e+07 1.11593e+07 3.3003e+07 1.11567e+07
3.3003e+07 1.11567e+07 3.30044e+07 1.11586e+07
3.30044e+07 1.11586e+07 3.30071e+07 1.11626e+07
3.30071e+07 1.11626e+07 3.30085e+07 1.11397e+07
3.30085e+07 1.11397e+07 3.30024e+07 1.11288e+07
3.30024e+07 1.11288e+07 3.30031e+07 1.11311e+07
3.30031e+07 1.11311e+07 3.30031e+07 1.11379e+07
3.30031e+07 1.11379e+07 3.3005e+07 1.11405e+07
3.3005e+07 1.11405e+07 3.30044e+07 1.11381e+07
3.30044e+07 1.11381e+07 3.30033e+07 1.11385e+07
3.30033e+07 1.11385e+07 3.30007e+07 1.1143e+07
3.30007e+07 1.1143e+07 3.30006e+07 1.11468e+07
3.30006e+07 1.11468e+07 3.30013e+07 1.1146e+07
3.30013e+07 1.1146e+07 3.3e+07 1.11409e+07
3.3e+07 1.11409e+07 3.2998e+07 1.11412e+07
3.2998e+07 1.11412e+07 3.29976e+07 1.11446e+07
3.29976e+07 1.11446e+07 3.29959e+07 1.11413e+07
3.29959e+07 1.11413e+07 3.29942e+07 1.11421e+07
3.29942e+07 1.11421e+07 3.29959e+07 1.11407e+07
3.29959e+07 1.11407e+07 3.29971e+07 1.11373e+07
3.29971e+07 1.11373e+07 3.29964e+07 1.11364e+07
3.29964e+07 1.11364e+07 3.29953e+07 1.11315e+07
3.29953e+07 1.11315e+07 3.29951e+07 1.11349e+07
3.29951e+07 1.11349e+07 3.29964e+07 1.11389e+07
3.29964e+07 1.11389e+07 3.29964e+07 1.11413e+07
3.29964e+07 1.11413e+07 3.29956e+07 1.11436e+07
3.29956e+07 1.11436e+07 3.29939e+07 1.11407e+07
3.29939e+07 1.11407e+07 3.2991e+07 1.11348e+07
3.2991e+07 1.11348e+07 3.29893e+07 1.1132e+07
3.29893e+07 1.1132e+07 3.29863e+07 1.11353e+07
3.29863e+07 1.11353e+07 3.29861e+07 1.11375e+07
3.29861e+07 1.11375e+07 3.29875e+07 1.11378e+07
3.29875e+07 1.11378e+07 3.29884e+07 1.11376e+07
3.29884e+07 1.11376e+07 3.29903e+07 1.11513e+07
3.29903e+07 1.11513e+07 3.29924e+07 1.11516e+07
3.29924e+07 1.11516e+07 3.29919e+07 1.11545e+07
3.29919e+07 1.11545e+07 3.29912e+07 1.11513e+07
3.29912e+07 1.11513e+07 3.29912e+07 1.11454e+07
3.29912e+07 1.11454e+07 3.29913e+07 1.11443e+07
3.29913e+07 1.11443e+07 3.29934e+07 1.11426e+07
3.29934e+07 1.11426e+07 3.29938e+07 1.11376e+07
3.29938e+07 1.11376e+07 3.30008e+07 1.11358e+07
3.30008e+07 1.11358e+07 3.30022e+07 1.11351e+07
3.30022e+07 1.11351e+07 3.30055e+07 1.11385e+07
3.30055e+07 1.11385e+07 3.30093e+07 1.11372e+07
3.30093e+07 1.11372e+07 3.3014e+07 1.11412e+07
3.3014e+07 1.11412e+07 3.30159e+07 1.11477e+07
3.30159e+07 1.11477e+07 3.30168e+07 1.11525e+07
3.30168e+07 1.11525e+07 3.30202e+07 1.11531e+07
3.30202e+07 1.11531e+07 3.30231e+07 1.11542e+07
3.30231e+07 1.11542e+07 3.3019e+07 1.11529e+07
3.3019e+07 1.11529e+07 3.30156e+07 1.11517e+07
3.30156e+07 1.11517e+07 3.30112e+07 1.11509e+07
3.30112e+07 1.11509e+07 3.30046e+07 1.1151e+07
3.30046e+07 1.1151e+07 3.30013e+07 1.11475e+07
3.30013e+07 1.11475e+07 3.30013e+07 1.11465e+07
3.30013e+07 1.11465e+07 3.30012e+07 1.11447e+07
3.30012e+07 1.11447e+07 3.29974e+07 1.11518e+07
3.29974e+07 1.11518e+07 3.29983e+07 1.11492e+07
3.29983e+07 1.11492e+07 3.30129e+07 1.11065e+07
3.30129e+07 1.11065e+07 3.30187e+07 1.11061e+07
3.30187e+07 1.11061e+07 3.30211e+07 1.11061e+07
3.30211e+07 1.11061e+07 3.30277e+07 1.11045e+07
3.30277e+07 1.11045e+07 3.30294e+07 1.11045e+07
3.30294e+07 1.11045e+07 3.30181e+07 1.1106e+07
3.30181e+07 1.1106e+07 3.30125e+07 1.11084e+07
3.30125e+07 1.11084e+07 3.30102e+07 1.112e+07
3.30102e+07 1.112e+07 3.30063e+07 1.11307e+07
3.30063e+07 1.11307e+07 3.30036e+07 1.11356e+07
3.30036e+07 1.11356e+07 3.30076e+07 1.11289e+07
3.30076e+07 1.11289e+07 3.30148e+07 1.11219e+07
3.30148e+07 1.11219e+07 3.30155e+07 1.11183e+07
3.30155e+07 1.11183e+07 3.30159e+07 1.11145e+07
3.30159e+07 1.11145e+07 3.30156e+07 1.11165e+07
3.30156e+07 1.11165e+07 3.30143e+07 1.11235e+07
3.30143e+07 1.11235e+07 3.30118e+07 1.11269e+07
3.30118e+07 1.11269e+07 3.30135e+07 1.11358e+07
3.30135e+07 1.11358e+07 3.30108e+07 1.11443e+07
3.30108e+07 1.11443e+07 3.30103e+07 1.11483e+07
3.30103e+07 1.11483e+07 3.30078e+07 1.11756e+07
3.30078e+07 1.11756e+07 3.30098e+07 1.11828e+07
3.30098e+07 1.11828e+07 3.30077e+07 1.11783e+07
3.30077e+07 1.11783e+07 3.30059e+07 1.11761e+07
3.30059e+07 1.11761e+07 3.30029e+07 1.11698e+07
3.30029e+07 1.11698e+07 3.30009e+07 1.11683e+07
3.30009e+07 1.11683e+07 3.29982e+07 1.11685e+07
3.29982e+07 1.11685e+07 3.29978e+07 1.11638e+07
3.29978e+07 1.11638e+07 3.29985e+07 1.11611e+07
3.29985e+07 1.11611e+07 3.29994e+07 1.11553e+07
3.29994e+07 1.11553e+07 3.29983e+07 1.1151e+07
3.29983e+07 1.1151e+07 3.29993e+07 1.11464e+07
3.29993e+07 1.11464e+07 3.3001e+07 1.11423e+07
3.3001e+07 1.11423e+07 3.29972e+07 1.11424e+07
3.29972e+07 1.11424e+07 3.29989e+07 1.11436e+07
3.29989e+07 1.11436e+07 3.30013e+07 1.11463e+07
3.30013e+07 1.11463e+07 3.30027e+07 1.11544e+07
3.30027e+07 1.11544e+07 3.29984e+07 1.11532e+07
3.29984e+07 1.11532e+07 3.29983e+07 1.11494e+07
3.29983e+07 1.11494e+07 3.29963e+07 1.11474e+07
3.29963e+07 1.11474e+07 3.29981e+07 1.11472e+07
3.29981e+07 1.11472e+07 3.29986e+07 1.11519e+07
3.29986e+07 1.11519e+07 3.29992e+07 1.1146e+07
3.29992e+07 1.1146e+07 3.29996e+07 1.11453e+07
3.29996e+07 1.11453e+07 3.29988e+07 1.1144e+07
3.29988e+07 1.1144e+07 3.2998e+07 1.11423e+07
3.2998e+07 1.11423e+07 3.29989e+07 1.11433e+07
3.29989e+07 1.11433e+07 3.3e+07 1.11444e+07
3.3e+07 1.11444e+07 3.3e+07 1.11465e+07
3.3e+07 1.11465e+07 3.30069e+07 1.11481e+07
3.30069e+07 1.11481e+07 3.29989e+07 1.11431e+07
3.29989e+07 1.11431e+07 3.29963e+07 1.11465e+07
3.29963e+07 1.11465e+07 3.29963e+07 1.1144e+07
3.29963e+07 1.1144e+07 3.29982e+07 1.11468e+07
3.29982e+07 1.11468e+07 3.29995e+07 1.11486e+07
3.29995e+07 1.11486e+07 3.3e+07 1.11525e+07
3.3e+07 1.11525e+07 3.30085e+07 1.11523e+07
3.30085e+07 1.11523e+07 3.30067e+07 1.11509e+07
3.30067e+07 1.11509e+07 3.30045e+07 1.11482e+07
3.30045e+07 1.11482e+07 3.30056e+07 1.11465e+07
3.30056e+07 1.11465e+07 3.30046e+07 1.11466e+07
3.30046e+07 1.11466e+07 3.3002e+07 1.11429e+07
3.3002e+07 1.11429e+07 3.30001e+07 1.11439e+07
3.30001e+07 1.11439e+07 3.30013e+07 1.11471e+07
3.30013e+07 1.11471e+07 3.30019e+07 1.1156e+07
3.30019e+07 1.1156e+07 3.29998e+07 1.11535e+07
3.29998e+07 1.11535e+07 3.29998e+07 1.11494e+07
3.29998e+07 1.11494e+07 3.3e+07 1.11474e+07
3.3e+07 1.11474e+07 3.3e+07 1.11443e+07
3.3e+07 1.11443e+07 3.29996e+07 1.11414e+07
3.29996e+07 1.11414e+07 3.29987e+07 1.11439e+07
3.29987e+07 1.11439e+07 3.29932e+07 1.11418e+07
3.29932e+07 1.11418e+07 3.29921e+07 1.11352e+07
3.29921e+07 1.11352e+07 3.29953e+07 1.11338e+07
3.29953e+07 1.11338e+07 3.2999e+07 1.11396e+07
3.2999e+07 1.11396e+07 3.29963e+07 1.11334e+07
3.29963e+07 1.11334e+07 3.29952e+07 1.11343e+07
3.29952e+07 1.11343e+07 3.2996e+07 1.11391e+07
3.2996e+07 1.11391e+07 3.29946e+07 1.11392e+07
3.29946e+07 1.11392e+07 3.29921e+07 1.11412e+07
3.29921e+07 1.11412e+07 3.29884e+07 1.11415e+07
3.29884e+07 1.11415e+07 3.29867e+07 1.11395e+07
3.29867e+07 1.11395e+07 3.29898e+07 1.11394e+07
3.29898e+07 1.11394e+07 3.29952e+07 1.11349e+07
3.29952e+07 1.11349e+07 3.29966e+07 1.11348e+07
3.29966e+07 1.11348e+07 3.29976e+07 1.11347e+07
3.29976e+07 1.11347e+07 3.30039e+07 1.11494e+07
3.30039e+07 1.11494e+07 3.30013e+07 1.11493e+07
3.30013e+07 1.11493e+07 3.3e+07 1.11492e+07
3.3e+07 1.11492e+07 3.29991e+07 1.11453e+07
3.29991e+07 1.11453e+07 3.29987e+07 1.1144e+07
3.29987e+07 1.1144e+07 3.29982e+07 1.11457e+07
3.29982e+07 1.11457e+07 3.30008e+07 1.11453e+07
3.30008e+07 1.11453e+07 3.30012e+07 1.11428e+07
3.30012e+07 1.11428e+07 3.3e+07 1.11447e+07
3.3e+07 1.11447e+07 3.29983e+07 1.11454e+07
3.29983e+07 1.11454e+07 3.30043e+07 1.11347e+07
3.30043e+07 1.11347e+07 3.30116e+07 1.11258e+07
3.30116e+07 1.11258e+07 3.30154e+07 1.11143e+07
3.30154e+07 1.11143e+07 3.30152e+07 1.11096e+07
3.30152e+07 1.11096e+07 3.30209e+07 1.11061e+07
3.30209e+07 1.11061e+07 3.30272e+07 1.11051e+07
3.30272e+07 1.11051e+07 3.30325e+07 1.11034e+07
3.30325e+07 1.11034e+07 3.30319e+07 1.11047e+07
3.30319e+07 1.11047e+07 3.30155e+07 1.11059e+07
3.30155e+07 1.11059e+07 3.30108e+07 1.11192e+07
3.30108e+07 1.11192e+07 3.30051e+07 1.11328e+07
3.30051e+07 1.11328e+07 3.30044e+07 1.11357e+07
3.30044e+07 1.11357e+07 3.30022e+07 1.11351e+07
3.30022e+07 1.11351e+07 3.30027e+07 1.11356e+07
3.30027e+07 1.11356e+07 3.3002e+07 1.11354e+07
3.3002e+07 1.11354e+07 3.30031e+07 1.11383e+07
3.30031e+07 1.11383e+07 3.30046e+07 1.11404e+07
3.30046e+07 1.11404e+07 3.30036e+07 1.11356e+07
3.30036e+07 1.11356e+07 3.30016e+07 1.11346e+07
3.30016e+07 1.11346e+07 3.30023e+07 1.11323e+07
3.30023e+07 1.11323e+07 3.30032e+07 1.11385e+07
3.30032e+07 1.11385e+07 3.30063e+07 1.11413e+07
3.30063e+07 1.11413e+07 3.30046e+07 1.11385e+07
3.30046e+07 1.11385e+07 3.30025e+07 1.11359e+07
3.30025e+07 1.11359e+07 3.30023e+07 1.11318e+07
3.30023e+07 1.11318e+07 3.30029e+07 1.11364e+07
3.30029e+07 1.11364e+07 3.30013e+07 1.11438e+07
3.30013e+07 1.11438e+07 3.29994e+07 1.11453e+07
3.29994e+07 1.11453e+07 3.29974e+07 1.11516e+07
3.29974e+07 1.11516e+07 3.3e+07 1.11494e+07
3.3e+07 1.11494e+07 3.30029e+07 1.1151e+07
3.30029e+07 1.1151e+07 3.30031e+07 1.11531e+07
3.30031e+07 1.11531e+07 3.29989e+07 1.11537e+07
3.29989e+07 1.11537e+07 3.29974e+07 1.11525e+07
3.29974e+07 1.11525e+07 3.2999e+07 1.115e+07
3.2999e+07 1.115e+07 3.30008e+07 1.11493e+07
3.30008e+07 1.11493e+07 3.30013e+07 1.11438e+07
3.30013e+07 1.11438e+07 3.29996e+07 1.11464e+07
3.29996e+07 1.11464e+07 3.29963e+07 1.11492e+07
3.29963e+07 1.11492e+07 3.29966e+07 1.11576e+07
3.29966e+07 1.11576e+07 3.29926e+07 1.1161e+07
3.29926e+07 1.1161e+07 3.29904e+07 1.11631e+07
3.29904e+07 1.11631e+07 3.29947e+07 1.11608e+07
3.29947e+07 1.11608e+07 3.29995e+07 1.11652e+07
3.29995e+07 1.11652e+07 3.30013e+07 1.1158e+07
3.30013e+07 1.1158e+07 3.29995e+07 1.11598e+07
3.29995e+07 1.11598e+07 3.30007e+07 1.11582e+07
3.30007e+07 1.11582e+07 3.30013e+07 1.11533e+07
3.30013e+07 1.11533e+07 3.3e+07 1.11486e+07
3.3e+07 1.11486e+07 3.30013e+07 1.11471e+07
3.30013e+07 1.11471e+07 3.30013e+07 1.11438e+07
3.30013e+07 1.11438e+07 3.29986e+07 1.1147e+07
3.29986e+07 1.1147e+07 3.3e+07 1.11439e+07
3.3e+07 1.11439e+07 3.30009e+07 1.11423e+07
3.30009e+07 1.11423e+07 3.30028e+07 1.11515e+07
3.30028e+07 1.11515e+07 3.29994e+07 1.11577e+07
3.29994e+07 1.11577e+07 3.29983e+07 1.11629e+07
3.29983e+07 1.11629e+07 3.29998e+07 1.11637e+07
3.29998e+07 1.11637e+07 3.30012e+07 1.11595e+07
3.30012e+07 1.11595e+07 3.30013e+07 1.11512e+07
3.30013e+07 1.11512e+07 3.29998e+07 1.11407e+07
3.29998e+07 1.11407e+07 3.29971e+07 1.11339e+07
3.29971e+07 1.11339e+07 3.29972e+07 1.11318e+07
3.29972e+07 1.11318e+07 3.29958e+07 1.11349e+07
3.29958e+07 1.11349e+07 3.29971e+07 1.11354e+07
3.29971e+07 1.11354e+07 3.30002e+07 1.11283e+07
3.30002e+07 1.11283e+07 3.29989e+07 1.11251e+07
3.29989e+07 1.11251e+07 3.30019e+07 1.11298e+07
3.30019e+07 1.11298e+07 3.30032e+07 1.1132e+07
3.30032e+07 1.1132e+07 3.30033e+07 1.11375e+07
3.30033e+07 1.11375e+07 3.3e+07 1.11447e+07
3.3e+07 1.11447e+07 3.29972e+07 1.1144e+07
3.29972e+07 1.1144e+07 3.29994e+07 1.11464e+07
3.29994e+07 1.11464e+07 3.29981e+07 1.11464e+07
3.29981e+07 1.11464e+07 3.30012e+07 1.1156e+07
3.30012e+07 1.1156e+07 3.30013e+07 1.11543e+07
3.30013e+07 1.11543e+07 3.30012e+07 1.11602e+07
3.30012e+07 1.11602e+07 3.29945e+07 1.11687e+07
3.29945e+07 1.11687e+07 3.29945e+07 1.11729e+07
3.29945e+07 1.11729e+07 3.29945e+07 1.11644e+07
3.29945e+07 1.11644e+07 3.29884e+07 1.11673e+07
3.29884e+07 1.11673e+07 3.29881e+07 1.11804e+07
3.29881e+07 1.11804e+07 3.29912e+07 1.11642e+07
3.29912e+07 1.11642e+07 3.29925e+07 1.11641e+07
3.29925e+07 1.11641e+07 3.29979e+07 1.11621e+07
3.29979e+07 1.11621e+07 3.30054e+07 1.11324e+07
3.30054e+07 1.11324e+07 3.30101e+07 1.11201e+07
3.30101e+07 1.11201e+07 3.3013e+07 1.11064e+07
3.3013e+07 1.11064e+07 3.30188e+07 1.11062e+07
3.30188e+07 1.11062e+07 3.30241e+07 1.11063e+07
3.30241e+07 1.11063e+07 3.30325e+07 1.11034e+07
3.30325e+07 1.11034e+07 3.30275e+07 1.11027e+07
3.30275e+07 1.11027e+07 3.30257e+07 1.11085e+07
3.30257e+07 1.11085e+07 3.30188e+07 1.1106e+07
3.30188e+07 1.1106e+07 3.3012e+07 1.11134e+07
3.3012e+07 1.11134e+07 3.30037e+07 1.11356e+07
3.30037e+07 1.11356e+07 3.30023e+07 1.11356e+07
3.30023e+07 1.11356e+07 3.29987e+07 1.1144e+07
3.29987e+07 1.1144e+07 3.29992e+07 1.11439e+07
3.29992e+07 1.11439e+07 3.29993e+07 1.11559e+07
3.29993e+07 1.11559e+07 3.2995e+07 1.11632e+07
3.2995e+07 1.11632e+07 3.29931e+07 1.11611e+07
3.29931e+07 1.11611e+07 3.29997e+07 1.1156e+07
3.29997e+07 1.1156e+07 3.30013e+07 1.11437e+07
3.30013e+07 1.11437e+07 3.29991e+07 1.11399e+07
3.29991e+07 1.11399e+07 3.29984e+07 1.11453e+07
3.29984e+07 1.11453e+07 3.29995e+07 1.11553e+07
3.29995e+07 1.11553e+07 3.29954e+07 1.11436e+07
3.29954e+07 1.11436e+07 3.29881e+07 1.11352e+07
3.29881e+07 1.11352e+07 3.29819e+07 1.11297e+07
3.29819e+07 1.11297e+07 3.29807e+07 1.11259e+07
3.29807e+07 1.11259e+07 3.29816e+07 1.11294e+07
3.29816e+07 1.11294e+07 3.29882e+07 1.11485e+07
3.29882e+07 1.11485e+07 3.2988e+07 1.11549e+07
3.2988e+07 1.11549e+07 3.29845e+07 1.11577e+07
3.29845e+07 1.11577e+07 3.29847e+07 1.11403e+07
3.29847e+07 1.11403e+07 3.29865e+07 1.11396e+07
3.29865e+07 1.11396e+07 3.29893e+07 1.11372e+07
3.29893e+07 1.11372e+07 3.29891e+07 1.11394e+07
3.29891e+07 1.11394e+07 3.29915e+07 1.11437e+07
3.29915e+07 1.11437e+07 3.29954e+07 1.11435e+07
3.29954e+07 1.11435e+07 3.29973e+07 1.11413e+07
3.29973e+07 1.11413e+07 3.29991e+07 1.11437e+07
3.29991e+07 1.11437e+07 3.29981e+07 1.11435e+07
3.29981e+07 1.11435e+07 3.3e+07 1.1141e+07
3.3e+07 1.1141e+07 3.30098e+07 1.11271e+07
3.30098e+07 1.11271e+07 3.30152e+07 1.11146e+07
3.30152e+07 1.11146e+07 3.30154e+07 1.11212e+07
3.30154e+07 1.11212e+07 3.30067e+07 1.11307e+07
3.30067e+07 1.11307e+07 3.30079e+07 1.11327e+07
3.30079e+07 1.11327e+07 3.30052e+07 1.11348e+07
3.30052e+07 1.11348e+07 3.29998e+07 1.11436e+07
3.29998e+07 1.11436e+07 3.29983e+07 1.11508e+07
3.29983e+07 1.11508e+07 3.29959e+07 1.11512e+07
3.29959e+07 1.11512e+07 3.29982e+07 1.11457e+07
3.29982e+07 1.11457e+07 3.29972e+07 1.11426e+07
3.29972e+07 1.11426e+07 3.29988e+07 1.11423e+07
3.29988e+07 1.11423e+07 3.30035e+07 1.1147e+07
3.30035e+07 1.1147e+07 3.30058e+07 1.11466e+07
3.30058e+07 1.11466e+07 3.30045e+07 1.11469e+07
3.30045e+07 1.11469e+07 3.30015e+07 1.1147e+07
3.30015e+07 1.1147e+07 3.30011e+07 1.11618e+07
3.30011e+07 1.11618e+07 3.30011e+07 1.11586e+07
3.30011e+07 1.11586e+07 3.29987e+07 1.1158e+07
3.29987e+07 1.1158e+07 3.29982e+07 1.11581e+07
3.29982e+07 1.11581e+07 3.29973e+07 1.11551e+07
3.29973e+07 1.11551e+07 3.29984e+07 1.1158e+07
3.29984e+07 1.1158e+07 3.30017e+07 1.11562e+07
3.30017e+07 1.11562e+07 3.30013e+07 1.11469e+07
3.30013e+07 1.11469e+07 3.29902e+07 1.11394e+07
3.29902e+07 1.11394e+07 3.29873e+07 1.11394e+07
3.29873e+07 1.11394e+07 3.29871e+07 1.11406e+07
3.29871e+07 1.11406e+07 3.29886e+07 1.11445e+07
3.29886e+07 1.11445e+07 3.2988e+07 1.11405e+07
3.2988e+07 1.11405e+07 3.29889e+07 1.11395e+07
3.29889e+07 1.11395e+07 3.29901e+07 1.11425e+07
3.29901e+07 1.11425e+07 3.29873e+07 1.11429e+07
3.29873e+07 1.11429e+07 3.29858e+07 1.11406e+07
3.29858e+07 1.11406e+07 3.29846e+07 1.11418e+07
3.29846e+07 1.11418e+07 3.29871e+07 1.11395e+07
3.29871e+07 1.11395e+07 3.29884e+07 1.11395e+07
3.29884e+07 1.11395e+07 3.29931e+07 1.11426e+07
3.29931e+07 1.11426e+07 3.29984e+07 1.11435e+07
3.29984e+07 1.11435e+07 3.29997e+07 1.1142e+07
3.29997e+07 1.1142e+07 3.30019e+07 1.11396e+07
3.30019e+07 1.11396e+07 3.30006e+07 1.11437e+07
3.30006e+07 1.11437e+07 3.29982e+07 1.11464e+07
3.29982e+07 1.11464e+07 3.29965e+07 1.11527e+07
3.29965e+07 1.11527e+07 3.29939e+07 1.11548e+07
3.29939e+07 1.11548e+07 3.29916e+07 1.11547e+07
3.29916e+07 1.11547e+07 3.29942e+07 1.11545e+07
3.29942e+07 1.11545e+07 3.29963e+07 1.11527e+07
3.29963e+07 1.11527e+07 3.29978e+07 1.11518e+07
3.29978e+07 1.11518e+07 3.29982e+07 1.11468e+07
3.29982e+07 1.11468e+07 3.29997e+07 1.11444e+07
3.29997e+07 1.11444e+07 3.29993e+07 1.11432e+07
3.29993e+07 1.11432e+07 3.29987e+07 1.1144e+07
3.29987e+07 1.1144e+07 3.29953e+07 1.11434e+07
3.29953e+07 1.11434e+07 3.29993e+07 1.1155e+07
3.29993e+07 1.1155e+07 3.29968e+07 1.11609e+07
3.29968e+07 1.11609e+07 3.29942e+07 1.1165e+07
3.29942e+07 1.1165e+07 3.29967e+07 1.11641e+07
3.29967e+07 1.11641e+07 3.29922e+07 1.1161e+07
3.29922e+07 1.1161e+07 3.29886e+07 1.11614e+07
3.29886e+07 1.11614e+07 3.29896e+07 1.11526e+07
3.29896e+07 1.11526e+07 3.29896e+07 1.11513e+07
3.29896e+07 1.11513e+07 3.29916e+07 1.11437e+07
3.29916e+07 1.11437e+07 3.29981e+07 1.11446e+07
3.29981e+07 1.11446e+07 3.3e+07 1.1144e+07
3.3e+07 1.1144e+07 3.30168e+07 1.1106e+07
3.30168e+07 1.1106e+07 3.30246e+07 1.11064e+07
3.30246e+07 1.11064e+07 3.30327e+07 1.11038e+07
3.30327e+07 1.11038e+07 3.30324e+07 1.11023e+07
3.30324e+07 1.11023e+07 3.30301e+07 1.11024e+07
3.30301e+07 1.11024e+07 3.30346e+07 1.1096e+07
