-1751.47 145307.0
-5288.09 143582.0
-7348.62 143584.0
-8678.89 141598.0
-10601.4 140131.0
-8970.54 139552.0
-8190.19 133826.0
-13505.7 117034.0
-12694.2 117669.0
-14105.7 115129.0
-12900.1 115536.0
-12500.5 117026.0
-13622.6 114060.0
-12560.6 117742.0
-7205.02 117927.0
-1434.21 115456.0
3515.05 111386.0
4667.21 111054.0
5157.01 103494.0
4656.08 111115.0
-1516.59 116360.0
-4035.75 113212.0
-4034.64 114568.0
-13870.8 115073.0
-16700.6 115908.0
-14128.0 115095.0
-20199.3 103324.0
-24664.4 87091.8
-23045.8 84771.9
-25254.4 85003.4
-19502.5 106210.0
-14124.6 115262.0
-15483.8 114490.0
-7753.82 138666.0
-10360.9 139387.0
-10682.6 137526.0
-15377.0 136569.0
-2388.22 134708.0
1303.13 137560.0
2982.94 137130.0
9348.19 127409.0
15188.0 121274.0
15608.8 114617.0
16501.6 122073.0
13343.4 117927.0
12368.3 109583.0
3047.51 112101.0
-2831.27 117275.0
-4396.43 121605.0
-2207.88 115741.0
-4076.94 115743.0
-2039.79 116772.0
-3572.66 117139.0
-4745.97 139819.0
-4609.05 141336.0
-5623.17 134875.0
-12069.7 135244.0
-12511.6 133844.0
-9180.94 133652.0
-8760.15 137450.0
-7265.13 135057.0
-4100.32 133387.0
-3694.0 117141.0
4929.92 108703.0
5228.26 103560.0
3253.45 111785.0
-9020.64 139416.0
-878.729 114626.0
-4335.2 123482.0
-4771.57 133931.0
-7825.07 139891.0
-8117.84 149257.0
-4329.63 149128.0
-3869.88 150337.0
-3402.34 149139.0
-1810.47 149012.0
-2401.58 147296.0
-583.733 157448.0
-2337.01 160928.0
-6930.06 164034.0
-4595.69 164058.0
-5274.74 165127.0
342.446 163045.0
895.703 152585.0
-256.453 143037.0
439.293 141576.0
-3186.38 139078.0
-9956.83 139410.0
-11336.1 133788.0
-9775.38 139445.0
-6194.23 139830.0
-6108.52 143415.0
-1873.93 144268.0
-2407.15 145236.0
-1876.15 143978.0
-1701.38 152452.0
804.421 151432.0
543.934 149057.0
7245.37 147514.0
7201.95 145641.0
1337.64 146950.0
-489.111 144878.0
-1794.89 147496.0
-711.75 153040.0
-1827.17 144450.0
2367.35 138642.0
-3917.75 134797.0
-8474.06 133100.0
-9127.5 127169.0
3510.6 128999.0
6402.68 130974.0
15142.4 121349.0
15421.8 114254.0
15435.1 118317.0
11752.7 117629.0
4711.74 110048.0
5155.9 103507.0
4755.15 109727.0
-3239.82 118491.0
-2373.75 117388.0
-4437.61 124709.0
-3748.55 145428.0
-1299.52 149066.0
-2358.17 147915.0
577.33 148017.0
-1018.99 152372.0
-1844.98 143782.0
3628.6 135994.0
5495.42 137747.0
3410.41 137032.0
-1443.12 145365.0
-2402.69 145038.0
-1562.23 149005.0
-2377.09 147057.0
-2404.92 147732.0
-1030.12 145354.0
1178.45 145307.0
1362.13 141839.0
-2837.95 138194.0
516.104 129556.0
6109.91 131490.0
15500.8 120590.0
15572.1 114274.0
15749.1 119762.0
11091.5 117268.0
10315.6 118266.0
6707.69 115754.0
4683.91 111195.0
5001.17 106377.0
-4043.54 164127.0
5150.33 103545.0
4957.75 108519.0
-3067.27 116445.0
-2832.39 117932.0
-1950.74 115770.0
-1488.76 116289.0
-3219.78 115318.0
-2105.47 116493.0
-3741.87 115752.0
-2942.59 133427.0
-4745.97 133040.0
-4052.45 134278.0
-8088.89 135004.0
-10786.2 140367.0
-9497.08 149286.0
-10772.8 147988.0
-10562.4 141698.0
-12369.1 140712.0
-11106.8 139485.0
-9563.88 142832.0
-10841.8 154654.0
-9871.12 144435.0
-4673.61 143261.0
-4727.04 140282.0
-34.9275 132566.0
3614.13 120448.0
5154.79 103500.0
4661.64 110963.0
-1752.59 115999.0
-2219.02 116712.0
-2195.64 115741.0
-1867.25 109418.0
-3778.6 109066.0
-1981.91 109164.0
-1841.64 112444.0
-4100.32 112564.0
-2465.03 118030.0
-5393.85 121719.0
-3853.19 123783.0
-2364.84 123052.0
96.4295 128327.0
2529.87 129324.0
1405.55 131328.0
2559.93 132597.0
2308.35 134939.0
3454.94 137114.0
9894.77 138802.0
9907.02 139833.0
11451.0 139813.0
8967.48 141155.0
6925.88 145788.0
-2967.08 147020.0
-5354.89 147062.0
-5964.92 144751.0
-4259.5 154772.0
-5766.77 162224.0
-6954.55 162219.0
-3197.51 161070.0
-3111.8 155199.0
-1248.31 155999.0
-10802.9 156840.0
-15359.2 155115.0
-15894.6 149103.0
-18043.1 150829.0
-17252.7 152692.0
-19442.4 152819.0
-20646.8 154979.0
-22099.6 148591.0
-29221.8 148979.0
-27091.1 150295.0
-27941.6 151437.0
-26966.5 149028.0
-19502.5 150148.0
-18885.8 162203.0
-11473.0 161634.0
-10483.4 147298.0
-13868.6 145762.0
-3818.68 143584.0
-1800.45 148870.0
-4045.77 149081.0
-2672.09 148480.0
1828.56 138996.0
15773.6 119851.0
9909.24 115563.0
8384.17 111511.0
4729.55 111106.0
5259.43 103968.0
8396.41 102458.0
23488.0 103280.0
24074.6 105099.0
20733.9 102984.0
5142.54 103507.0
4502.45 111139.0
-4041.32 115745.0
-1518.82 116340.0
-2837.95 118277.0
-3229.8 117905.0
-2201.2 117651.0
-3980.09 119354.0
-4633.54 127171.0
-10742.7 135115.0
-345.509 141669.0
-3737.41 139123.0
-6558.25 139269.0
-7764.95 132138.0
-10849.6 132670.0
-10189.5 136366.0
-15797.8 141008.0
-15662.0 148965.0
-16810.8 149584.0
-16844.2 149123.0
-19541.4 150600.0
-18273.5 167395.0
-19554.8 152570.0
-18310.2 147340.0
-15566.2 146280.0
-15639.7 142836.0
-14179.2 139546.0
-16535.8 138032.0
-19504.7 125668.0
-18758.9 127334.0
-196444.0 130713.0
-17053.5 133897.0
-11204.7 135242.0
-10855.2 139517.0
-8106.7 140788.0
-13387.7 142914.0
-13760.6 141828.0
-8017.65 141627.0
-7919.69 143662.0
-6547.12 143660.0
-8359.4 143172.0
-8677.77 147244.0
-10511.2 148135.0
-10755.0 150328.0
-10969.8 144911.0
-10307.5 141612.0
-11310.5 143362.0
-10789.5 141580.0
-9209.88 141618.0
-8889.28 139488.0
-4749.31 138740.0
-5096.62 134498.0
-742.92 135106.0
2465.31 138083.0
8932.97 127721.0
15212.5 121227.0
15874.9 114378.0
15035.5 118631.0
11631.4 117598.0
12832.5 121461.0
8712.56 112749.0
4749.58 103066.0
4619.34 93688.6
