21949.6 101615.0
22937.0 101715.0
18099.0 105978.0
15451.8 105885.0
11292.9 109075.0
10121.9 120004.0
8026.83 119343.0
4742.91 130088.0
2561.04 131083.0
1821.88 138606.0
3206.7 142313.0
3497.24 138675.0
2712.44 143001.0
4394.47 151165.0
2189.24 153376.0
-729.561 153436.0
813.327 152708.0
1326.51 160877.0
-5731.15 163973.0
-5508.51 166017.0
-3259.85 158345.0
1267.51 157826.0
3133.23 147253.0
2781.46 153371.0
605.16 153160.0
-17436.4 140127.0
-15805.6 146441.0
-15869.0 139617.0
-12589.5 137455.0
-14013.3 136495.0
-13011.4 135431.0
-25739.7 110625.0
-11936.1 132900.0
-25739.7 110625.0
-10242.9 133690.0
-8235.83 132020.0
-12257.8 133795.0
-12816.6 141654.0
-6273.27 144012.0
-3056.14 122431.0
-3707.36 131628.0
-3651.7 126321.0
-2537.39 122549.0
1906.48 130248.0
1399.98 133492.0
4416.74 139265.0
1913.16 128894.0
6339.23 126998.0
7663.93 124560.0
7898.81 127280.0
709.8 141166.0
1263.06 147282.0
22.9586 149333.0
1997.77 143181.0
3041.94 152761.0
4440.12 152706.0
5144.77 138477.0
4310.99 134783.0
11717.1 117455.0
13742.0 106025.0
18808.1 106119.0
20365.5 103322.0
19225.6 105313.0
13403.6 106041.0
13183.1 116355.0
15377.3 117475.0
15684.5 114886.0
14943.1 121599.0
7645.0 128765.0
1552.49 139641.0
-12660.8 139459.0
-15668.6 140534.0
-15548.4 157882.0
6331.43 130658.0
4388.91 137083.0
5179.28 138466.0
2319.48 147756.0
-1154.8 146997.0
-633.826 145399.0
-2446.11 153376.0
-1004.52 152888.0
-4360.8 150631.0
-3657.26 148264.0
-3082.86 152683.0
1231.89 154146.0
-643.845 155302.0
-1011.2 153231.0
-7938.61 152944.0
-5567.51 145443.0
-2095.45 145385.0
275.654 141814.0
-15481.6 136887.0
-14553.2 138708.0
1320.94 141966.0
5306.18 138519.0
4392.25 134977.0
11316.3 118482.0
13268.9 106098.0
19508.3 106058.0
20361.0 103333.0
11295.2 109251.0
1410.0 129823.0
1886.45 127714.0
7.37387 130440.0
-3719.6 131194.0
-7919.69 141759.0
-6261.03 144760.0
-4503.29 141894.0
5317.31 138490.0
-11299.3 157700.0
8101.41 126770.0
11693.7 117584.0
12347.1 109845.0
16775.4 103703.0
19747.7 103485.0
19973.6 105916.0
30939.7 104967.0
39071.6 99207.8
40354.0 96638.5
39361.0 87198.6
48216.5 87140.8
36476.8 100243.0
21534.3 106043.0
17259.7 105947.0
15389.5 109077.0
13957.9 123667.0
4024.89 134391.0
3179.98 131513.0
989.212 134690.0
4811.92 140859.0
4572.59 152445.0
1317.6 151466.0
375.841 148538.0
3477.2 138693.0
-283.17 146933.0
-1773.74 146663.0
-1799.34 142306.0
876.779 142662.0
2376.25 139848.0
2920.6 147020.0
5060.17 149395.0
12075.5 149451.0
9490.68 149199.0
6559.64 141979.0
5434.2 138484.0
1687.18 132877.0
1785.15 134944.0
2194.8 133904.0
1929.86 136340.0
5306.18 138517.0
5793.76 134859.0
1446.73 131982.0
4358.85 134416.0
12058.8 113374.0
12671.1 107290.0
22674.2 103298.0
39295.4 99267.9
40357.3 95912.7
39269.8 86363.7
41555.1 85624.6
45283.2 87824.3
50788.0 87726.3
46949.7 86806.8
45926.7 82053.5
47409.4 86791.2
46992.0 82547.7
45003.8 81029.3
42075.0 87136.3
41382.6 98096.8
41062.0 93599.5
43248.3 87078.4
48197.6 87151.9
42660.5 87085.1
40867.2 89937.1
39932.1 99116.5
27455.4 102710.0
19948.0 103469.0
18037.8 105994.0
12655.5 107225.0
7755.21 127717.0
919.08 135583.0
-10690.4 135117.0
-11085.6 139401.0
-11726.8 137513.0
-10445.5 150564.0
-10509.0 152534.0
-12254.5 145904.0
-15302.4 145234.0
-16085.0 135416.0
-13629.3 136498.0
-13883.1 139407.0
-17138.1 141396.0
-12548.4 139485.0
-9898.95 147362.0
-4945.23 147583.0
-4085.84 151098.0
-1554.44 145430.0
5547.74 138488.0
9241.33 139713.0
7627.19 143114.0
13607.3 115872.0
