-15864.6 123829.0
-16630.4 121296.0
-12352.4 116843.0
-14102.4 117927.0
-15190.0 115647.0
-13874.2 124330.0
-10099.3 127173.0
-2165.58 127363.0
5134.75 131628.0
12539.7 125205.0
15618.8 119626.0
15426.2 115218.0
15696.7 119671.0
13222.1 116709.0
14055.9 117838.0
15815.9 114136.0
15099.0 121316.0
3591.86 135992.0
580.669 136382.0
4890.96 133699.0
15601.0 119310.0
15932.7 114481.0
15046.6 121378.0
-2584.14 143453.0
-10295.2 144624.0
-10787.3 149228.0
-18023.0 149500.0
-15590.7 149540.0
-13895.3 165617.0
-9493.74 167326.0
-11289.3 149230.0
-15565.1 147941.0
-17532.1 131987.0
-19351.1 131673.0
-14919.5 135362.0
-17893.9 136894.0
-19671.7 154810.0
-23209.4 154008.0
-19886.5 152824.0
-19062.8 147242.0
-15548.4 147004.0
-13861.9 145882.0
-15672.0 141814.0
-17072.4 151617.0
-14940.6 152764.0
-15678.7 142028.0
-9046.24 139470.0
-8909.32 137419.0
-16887.6 134084.0
-16219.7 133292.0
-13686.0 136001.0
-13969.9 137081.0
-8110.04 135030.0
-663.883 134968.0
1664.92 128886.0
4544.76 130386.0
12262.5 110928.0
14188.4 105989.0
15941.6 105916.0
17677.1 102681.0
22587.4 105974.0
21636.8 103240.0
14475.6 103750.0
11782.7 111651.0
3900.22 111184.0
-61.6442 113973.0
2034.5 114675.0
1920.96 115714.0
575.103 113800.0
-1696.93 116006.0
-3519.23 115741.0
-2310.3 115944.0
-4014.6 114510.0
-4072.49 112390.0
-1547.76 117823.0
-2166.7 115737.0
-3030.54 115757.0
-1517.7 117892.0
-4065.81 119374.0
-4766.01 131691.0
-9072.96 137092.0
-7920.8 139359.0
-1621.23 139305.0
-246.435 144145.0
-1587.83 145356.0
-2515.13 143321.0
-10558.0 144953.0
-10438.8 152875.0
-15002.9 157408.0
-15228.9 155230.0
-12699.7 155106.0
-11321.6 161224.0
-11859.3 171699.0
-11336.1 162315.0
-8438.44 160563.0
-8186.85 151829.0
-1002.29 152643.0
1219.64 154921.0
1216.3 160057.0
674.178 152606.0
-22.6824 146995.0
-1794.89 148391.0
-846.447 153748.0
12634.3 152419.0
19394.8 153042.0
21966.3 155874.0
20963.3 153714.0
11583.5 150954.0
9918.15 152280.0
8172.66 152470.0
9386.04 143203.0
5691.35 132541.0
8001.23 128411.0
15002.1 121576.0
15451.8 114247.0
14250.7 117874.0
13204.3 116747.0
15471.9 118450.0
15586.5 114835.0
15495.3 120525.0
12598.7 125101.0
8277.3 128137.0
1054.89 140559.0
-2627.56 139009.0
-3704.02 134712.0
-4717.03 134993.0
-1037.92 135282.0
-4184.92 135954.0
-6168.63 143602.0
-7091.47 147091.0
-9775.38 147258.0
-11641.1 137528.0
-12954.7 137377.0
-12134.2 130820.0
-10450.0 127187.0
-10482.3 124600.0
-12620.7 133779.0
-14916.1 135373.0
-15591.8 148037.0
-16500.2 151595.0
-9560.54 150406.0
-8144.55 143691.0
-4662.48 143457.0
-4160.43 116556.0
-4053.56 114579.0
-2127.73 115759.0
15066.7 105949.0
22614.1 105992.0
21575.5 103226.0
19722.1 106009.0
13009.5 105923.0
10272.1 109908.0
3394.83 111569.0
-1714.74 115899.0
-4173.79 122344.0
-3106.23 122999.0
-4885.12 131070.0
-3796.41 143464.0
-2646.48 150034.0
-4721.48 140031.0
-2753.35 144003.0
-3742.98 143842.0
-3576.0 139267.0
-6476.99 139269.0
-7782.76 133581.0
-12271.2 132089.0
-13689.4 135427.0
-16479.0 121868.0
-14926.1 135264.0
-12294.5 137511.0
-9678.54 137468.0
-9273.33 135013.0
-14930.6 136970.0
-14541.0 136478.0
-14151.4 140766.0
-13885.3 139577.0
-10632.5 139470.0
-10948.7 129048.0
-11778.0 130558.0
-4243.92 130188.0
-3637.23 138588.0
-8402.81 138648.0
-8890.39 133029.0
-13357.6 135436.0
-3583.79 134781.0
1909.82 138766.0
565.085 141712.0
-1033.46 142288.0
-564.808 140222.0
-7955.31 139298.0
-10621.4 139394.0
-11920.5 141578.0
-13005.9 133842.0
-14860.5 135400.0
-16100.6 135649.0
-15148.8 137615.0
-14327.2 135473.0
-10755.0 135972.0
-11624.4 137537.0
-14837.1 135819.0
-14801.5 137248.0
-17231.6 133125.0
-20049.1 130994.0
-17367.4 132962.0
-15394.8 132276.0
-13878.6 133911.0
-14842.6 136478.0
-10703.8 135162.0
-9910.08 125546.0
-13227.4 119619.0
-12381.4 117865.0
-7988.71 118370.0
3617.46 111286.0
9775.66 110099.0
14826.2 105954.0
17991.0 106009.0
17645.9 101819.0
22871.3 106548.0
23425.7 100212.0
22392.6 103151.0
18880.5 105802.0
14993.2 105905.0
11292.9 109302.0
-1730.32 115895.0
-2768.93 117858.0
-3957.83 117132.0
-4167.11 122364.0
-2807.9 122990.0
-6183.1 141209.0
-5022.04 137764.0
-5465.09 139169.0
-7712.63 139318.0
-8391.68 152022.0
-15853.4 137602.0
-13838.5 135424.0
-10777.3 140461.0
-10779.5 147946.0
-10786.2 145474.0
-13531.3 145842.0
-14375.1 141812.0
-15379.2 142694.0
-15994.8 137804.0
-5997.2 134910.0
-2137.75 136489.0
-4685.86 132515.0
-3641.68 138290.0
-5667.69 139091.0
-5407.21 138842.0
-8223.59 139646.0
-6317.8 139312.0
-5088.83 130624.0
-4879.55 134645.0
-11755.8 135200.0
-14299.4 138308.0
-16199.6 138183.0
-16040.4 136181.0
-2906.97 134772.0
-922.144 138728.0
-14430.8 139628.0
-16515.8 144366.0
-18949.2 142943.0
-14156.9 141431.0
-13415.5 139563.0
-9857.76 145998.0
-8938.26 145468.0
-12537.2 145951.0
-15594.1 144234.0
-16008.2 135587.0
-14512.0 137571.0
-11713.5 137484.0
-13959.9 135919.0
-10679.3 137348.0
-10818.4 133784.0
-10885.2 145385.0
-12563.9 143406.0
-10907.5 145506.0
-15616.3 145657.0
-15607.4 149246.0
-10396.5 149095.0
-11644.4 146173.0
-12027.4 154387.0
-10906.4 145238.0
-13083.8 139521.0
-11606.6 137502.0
-8907.09 138370.0
-9802.1 135042.0
-12478.2 133824.0
-8972.77 137299.0
-10680.4 137408.0
-12626.3 133799.0
-14910.6 135398.0
-14792.6 137555.0
-15982.6 126523.0
-12605.1 133784.0
-10817.3 133911.0
-9151.99 139425.0
-634.94 140258.0
-4744.86 137408.0
2793.7 132853.0
4178.52 134632.0
11315.2 118508.0
12476.3 108421.0
15184.7 105934.0
22590.8 105985.0
22121.0 103238.0
19853.4 106001.0
13117.5 105691.0
9952.66 110028.0
3635.28 111239.0
-1731.44 115899.0
-3209.76 118582.0
-1514.36 116382.0
-4199.39 117128.0
-1515.48 117687.0
-4079.16 113521.0
-1712.51 117780.0
-3224.23 115271.0
-4061.35 118898.0
-1521.04 116778.0
-1708.06 117794.0
-1518.82 116896.0
-1763.72 118542.0
-2892.5 118390.0
-1512.14 116402.0
-3986.77 119319.0
-4407.56 134868.0
-3643.91 137586.0
-5890.33 139160.0
-6970.13 136667.0
-7830.63 139234.0
-14848.2 136475.0
-12381.4 133793.0
-12933.5 135398.0
-2949.27 134754.0
3814.5 140877.0
4365.53 153046.0
19186.6 153342.0
10126.3 150844.0
-3552.62 153202.0
-2815.69 147040.0
1251.93 145305.0
4323.23 140690.0
3050.85 134901.0
1300.91 134999.0
1756.2 136611.0
-3679.53 135983.0
-3976.75 140665.0
-4743.74 137811.0
-4821.67 139163.0
-10747.2 135037.0
-11880.4 125383.0
-14171.4 121015.0
-15438.2 124083.0
-13878.6 139483.0
-14287.2 135498.0
-14768.1 137580.0
-13037.0 134458.0
-15610.8 144657.0
-15418.2 153060.0
-15535.1 147331.0
-12904.6 148983.0
-11883.8 146158.0
-12722.0 146832.0
-14495.3 135491.0
-8123.4 134298.0
-1381.89 134737.0
19265.6 106047.0
22469.4 106036.0
23631.6 101272.0
25056.5 94218.5
28213.5 88752.7
24932.9 103280.0
22096.5 103235.0
6663.17 110965.0
3497.24 106339.0
-8789.09 106582.0
-4302.92 108024.0
-3611.62 114565.0
-1517.7 116743.0
-5730.03 119401.0
-2402.69 123048.0
-5161.19 127214.0
-9125.28 128322.0
-11772.5 125403.0
-9489.29 133583.0
-6845.45 135028.0
-7041.38 141538.0
-7767.18 136602.0
-1856.11 134685.0
2499.82 124602.0
3595.2 111771.0
21328.4 92855.9
20994.4 89017.6
18643.4 97651.5
11189.4 106722.0
11274.0 108750.0
-1335.14 115278.0
-4001.24 119292.0
-2387.11 115772.0
-1517.7 116986.0
-3750.77 117130.0
-4771.57 132537.0
-2885.82 135992.0
-3796.41 134734.0
-6558.25 134903.0
-8334.91 132922.0
-7225.05 132735.0
-5022.04 137762.0
-6133.01 139274.0
-896.54 141209.0
-2635.35 141271.0
-3588.25 139196.0
-6930.06 139356.0
-4384.18 139111.0
-8991.69 139336.0
-11067.8 133708.0
-12562.8 133806.0
-11749.1 130413.0
-10452.2 153772.0
-11746.9 153650.0
-10500.1 147053.0
-13017.0 141638.0
-10977.6 144929.0
-13495.7 145871.0
-14131.3 141527.0
-8490.76 138642.0
-10869.7 133717.0
-9415.82 137604.0
-10395.4 135202.0
-4644.67 134901.0
-6626.15 130037.0
-12700.9 133821.0
-14809.3 137110.0
-9489.29 135119.0
-6219.84 138575.0
-2825.71 140619.0
-3246.49 150259.0
-2809.01 141097.0
-1865.02 146959.0
3120.98 147547.0
2673.48 160914.0
-1906.21 164811.0
-3992.34 167360.0
-666.109 141037.0
-605.997 148533.0
3826.75 151063.0
11546.8 150784.0
2929.51 149377.0
1290.89 149241.0
1234.11 142736.0
-128.436 142300.0
-1456.48 144519.0
-2758.92 135941.0
4181.85 134652.0
11885.2 115503.0
14797.3 105965.0
22580.7 105987.0
20975.5 99811.1
21273.8 105960.0
13020.6 105811.0
10933.4 109614.0
3654.2 111221.0
-43.8331 113958.0
1934.31 113601.0
1774.01 121884.0
1330.96 120795.0
1139.49 126986.0
-10448.9 127004.0
-8128.97 134358.0
-8969.43 137319.0
-13687.1 134380.0
-18112.1 137332.0
-19561.5 148830.0
-21935.9 149747.0
-23079.2 152828.0
-24605.4 152819.0
-24514.1 155190.0
-17063.5 155161.0
-15560.7 157773.0
-10409.9 153472.0
-10426.6 147338.0
-7888.52 147202.0
-8505.23 149159.0
-9095.22 145510.0
-11886.0 145884.0
-14101.3 142375.0
-17415.2 143684.0
-15625.2 143226.0
-13943.2 137540.0
-14095.7 134612.0
-13031.5 136460.0
-8993.92 135091.0
-3676.19 136422.0
110361.0 394752.0
-3642.79 137684.0
-6049.52 139238.0
-6320.03 142406.0
-7720.43 139223.0
-10708.2 136262.0
-14572.1 136462.0
-14124.6 123553.0
-15384.8 125070.0
-15024.1 131090.0
