-9049.58 131005.0
-9317.86 135055.0
-10773.9 135538.0
-10562.4 149224.0
-12924.6 148162.0
-11741.3 145935.0
-6967.91 143631.0
-3805.32 143578.0
-4290.67 140719.0
-5704.43 141792.0
-7015.77 133236.0
-5308.13 145434.0
-7778.31 143488.0
-7426.54 135046.0
-4835.02 134881.0
-3665.06 131704.0
-6913.36 138733.0
-7055.85 131217.0
-1260.56 129520.0
3038.6 127122.0
6729.96 127013.0
-7527.84 127000.0
-8448.45 131864.0
-9085.2 131043.0
9264.7 131043.0
-10210.6 128400.0
-8509.68 133127.0
-8989.47 131947.0
-7065.87 132762.0
-6999.07 134817.0
-13701.6 134358.0
-8900.41 132098.0
-8183.51 133984.0
-19784.1 131016.0
-17254.9 133252.0
-14775.9 158022.0
-15649.7 142861.0
-10578.0 135222.0
-7854.01 135097.0
-7113.73 132731.0
-6943.42 137308.0
-2633.12 141750.0
-3963.39 139091.0
-6235.42 137488.0
-8123.4 131853.0
-9984.66 128986.0
-9193.18 128336.0
-7953.08 132833.0
-8352.72 130121.0
-10761.7 126655.0
-10563.5 124301.0
-8149.01 134621.0
-6256.57 137353.0
-6117.42 142921.0
-3334.44 143522.0
-1688.02 151621.0
-2328.11 153360.0
-3710.7 144568.0
-6186.44 139376.0
-6971.25 134685.0
-10079.3 128736.0
-8398.36 133329.0
-8578.7 143622.0
-6687.38 142317.0
-7827.29 140601.0
-6908.91 138866.0
-1739.23 149990.0
-2573.01 152732.0
1194.04 150203.0
3009.66 151038.0
2476.44 143557.0
1276.42 151136.0
-2330.34 153367.0
-3819.79 141327.0
-5360.45 139922.0
-4398.65 142567.0
-5339.3 139739.0
-4740.4 143484.0
-9302.28 144016.0
-11120.1 154903.0
-15565.1 157023.0
-15930.2 158655.0
-15887.9 156177.0
-18558.5 154004.0
-19578.2 146487.0
-18884.7 155170.0
-13477.9 154113.0
-7274.03 142654.0
-5945.99 143057.0
-7018.0 133156.0
-8892.62 131911.0
-7761.61 136800.0
-3843.17 132503.0
-5556.37 130070.0
-8364.97 130259.0
-9076.3 131112.0
-9822.14 128338.0
-8939.37 132045.0
-9495.97 132871.0
-10802.9 131998.0
-6798.7 134957.0
-282.057 135493.0
3806.71 137557.0
-518.054 134276.0
-3678.41 134113.0
-3950.03 125945.0
-9029.54 130112.0
-7748.26 139316.0
-11485.3 125308.0
-9056.26 131237.0
253386.0 1262160.0
-10052.6 128810.0
-8399.47 133349.0
-7908.56 143039.0
-10497.8 147574.0
-10429.9 150847.0
-10490.1 146129.0
-7866.25 142435.0
-8895.96 131978.0
-14251.5 115342.0
-14354.0 113973.0
-12864.5 116095.0
-13959.9 118916.0
-7650.29 137241.0
-9746.44 128347.0
-8992.81 132067.0
-7751.59 138577.0
-14579.9 138421.0
-7646.95 137145.0
-8407.27 129184.0
-1262.78 130077.0
2548.8 126873.0
6697.68 127040.0
2298.33 127376.0
1907.6 130295.0
6739.98 135010.0
10316.7 147647.0
1877.54 160859.0
-5229.09 165329.0
1434.49 151508.0
3114.3 151098.0
2390.72 143141.0
4401.15 135004.0
4264.23 130963.0
4985.58 130052.0
-503.583 134196.0
-2941.48 132508.0
-8721.19 128322.0
-9491.52 133338.0
-10145.0 128356.0
-3627.21 130172.0
1347.66 130362.0
2488.69 126873.0
6257.96 127220.0
10529.3 123268.0
10915.6 124664.0
9969.36 123366.0
6692.11 127067.0
-255.34 128077.0
-7998.72 127124.0
-9062.94 131034.0
430625.0 2168850.0
-10889.7 127260.0
-8208.0 134759.0
-14782.5 135529.0
-10934.2 130540.0
-8950.51 130130.0
-6116.31 143101.0
-1843.87 145795.0
-1046.82 151023.0
-2714.39 143435.0
-3604.94 141338.0
-1448.69 135685.0
-5184.57 139198.0
-10778.4 139254.0
-11533.1 154957.0
-15532.8 153888.0
-15569.6 147057.0
-13367.7 139508.0
-7712.63 138711.0
-10072.6 128750.0
-8885.94 129157.0
-14927.2 135324.0
-16214.1 133479.0
1286.43 137535.0
15012.1 121601.0
15861.5 114314.0
15402.9 118729.0
12036.6 117809.0
4273.14 134523.0
2663.46 133082.0
-1536.63 139053.0
-4211.63 139120.0
-7136.0 136195.0
-7025.79 132869.0
-5589.77 142578.0
-6677.36 142598.0
-5073.25 138909.0
-11169.1 125927.0
-16790.7 126699.0
-15201.1 126385.0
-17962.9 131286.0
-15478.3 140454.0
-12915.7 139639.0
-12157.6 143963.0
-11378.4 141578.0
-7151.58 142573.0
-6810.94 147120.0
-4263.95 147097.0
