-3823.13 132479.0
-2930.35 134501.0
-4173.79 135059.0
594.028 136353.0
2555.48 139187.0
4410.06 149593.0
3077.57 151826.0
2846.02 146957.0
3212.26 142308.0
4494.66 139770.0
1438.94 135269.0
2724.68 132862.0
1280.87 147233.0
1358.79 152919.0
1558.05 141549.0
4116.18 134550.0
10944.5 119098.0
14382.1 103819.0
18404.0 97900.9
17433.3 93942.4
19254.5 97083.8
20103.9 96248.9
19311.3 97017.0
18488.6 94975.4
15395.1 102078.0
8315.15 106508.0
-4278.43 120855.0
675.291 128683.0
2487.57 129640.0
-335.49 133641.0
1386.62 132962.0
3703.18 138691.0
1168.44 142104.0
-224.171 138170.0
1127.25 137353.0
-1088.01 145359.0
-2495.09 153447.0
-688.373 155279.0
-258.68 170000.0
561.745 173783.0
-1912.89 176081.0
578.443 173665.0
-1291.72 164247.0
292.352 163127.0
1251.93 152919.0
9.60025 151706.0
1248.59 151192.0
1268.62 147754.0
2524.31 147817.0
-1984.13 138548.0
-4773.8 133993.0
-2826.82 139078.0
-4000.13 140701.0
-4725.93 140394.0
-4015.71 143580.0
-1843.87 144688.0
-349.962 155943.0
1307.59 155718.0
1109.44 153160.0
-571.487 159864.0
-8133.42 161144.0
-1289.5 161449.0
-1192.65 158652.0
-709.524 152995.0
856.742 153358.0
-1580.04 155037.0
-2581.92 154398.0
-1005.63 152968.0
-1178.18 161106.0
-302.094 152770.0
855.628 153247.0
-3569.32 156052.0
-1032.35 151869.0
-581.506 164659.0
230.013 164143.0
3035.26 159476.0
3119.87 148594.0
3184.43 152601.0
2308.35 147745.0
4225.27 152470.0
2926.17 151470.0
4012.65 154545.0
3072.0 152200.0
4420.08 150103.0
2504.27 139038.0
8685.84 127877.0
15064.4 121469.0
15267.0 114278.0
14720.5 117958.0
11742.7 117651.0
6595.26 126929.0
2457.52 126875.0
2155.84 129097.0
7651.68 137335.0
10812.0 145172.0
14589.1 141734.0
17043.7 144038.0
10822.1 144595.0
9274.72 137134.0
5498.76 137477.0
5158.13 133249.0
431.501 128491.0
-3032.76 122322.0
1499.06 127681.0
2563.27 131319.0
1896.47 129545.0
5438.65 141609.0
4407.83 134345.0
-179.643 142805.0
-6100.73 143589.0
-7541.2 149473.0
-10781.7 149237.0
-10573.5 147313.0
-4605.71 147565.0
-2684.33 151067.0
1866.41 140979.0
3434.9 139666.0
-415.64 141792.0
1743.96 135701.0
959.156 142353.0
2750.29 139365.0
4445.68 139728.0
5715.84 131780.0
11780.5 116774.0
12693.3 107156.0
20228.6 96458.2
17456.7 94249.6
18770.3 97034.8
20102.8 95750.2
14370.9 103808.0
8708.11 124869.0
5910.65 131390.0
1418.91 135284.0
2339.52 137312.0
-1868.36 145503.0
1326.51 144501.0
-570.374 140220.0
-357.754 139160.0
-1662.42 142353.0
-1271.69 139414.0
1497.94 141652.0
1131.7 145314.0
-1794.89 147476.0
-2804.56 152681.0
-1590.06 152677.0
-1298.4 144152.0
491.614 141267.0
-246.435 138227.0
-329.924 144415.0
-2557.43 152534.0
34.0905 146015.0
-916.578 139568.0
-544.771 137428.0
-2165.58 136048.0
1418.91 135286.0
3158.83 131548.0
4175.18 134636.0
-1710.29 151254.0
-2667.63 158067.0
1630.41 155996.0
1295.34 144241.0
3008.55 137108.0
4397.81 135035.0
1899.81 135097.0
1693.86 137194.0
3023.02 135019.0
5030.11 138484.0
1957.69 134365.0
1398.87 132958.0
2480.89 132100.0
2286.08 129645.0
2261.59 135565.0
-1131.42 145312.0
744.309 141881.0
-2861.33 137299.0
-3061.7 134774.0
-10726.1 136823.0
-11699.0 141095.0
-7988.71 141589.0
-5560.83 139229.0
-698.392 140164.0
-1539.97 134728.0
1133.93 134645.0
1914.28 128750.0
-3141.85 122995.0
-3520.34 123930.0
-1503.23 124023.0
1900.92 130642.0
2018.92 135226.0
-7537.86 134941.0
-8848.09 131909.0
-7081.45 131867.0
-4512.2 139218.0
-404.508 140394.0
714.253 136019.0
3401.51 134625.0
3086.47 131793.0
4359.97 134403.0
11992.0 114196.0
13648.5 105057.0
18142.4 98172.5
17676.0 93733.1
20245.3 96498.3
18208.1 94396.6
18562.1 97769.5
14418.8 103738.0
8106.98 106702.0
3921.37 111204.0
-3994.56 119328.0
-3978.98 122972.0
-2042.02 123340.0
-4800.51 121688.0
-3704.02 123885.0
-12284.5 132704.0
-12251.1 132882.0
-11457.4 128850.0
-12989.2 133839.0
-10890.8 130673.0
-10935.3 129242.0
-11872.6 132072.0
-12592.9 133659.0
-10845.2 133735.0
-11660.0 139452.0
-13315.3 139550.0
-11742.4 141527.0
-4538.91 139169.0
-3200.85 134868.0
-1804.91 136315.0
-4715.91 130371.0
-4700.33 140621.0
-3193.06 134981.0
-1164.82 134941.0
-3195.29 135175.0
1715.01 139105.0
1086.06 142478.0
1314.26 145904.0
1326.51 143831.0
1229.66 152975.0
3068.66 154745.0
2164.75 152608.0
-1272.8 154556.0
629.65 152695.0
-3106.23 155135.0
-1551.1 153777.0
-2091.0 166719.0
-1993.04 153345.0
-455.715 159340.0
-2197.87 161669.0
3953.65 160926.0
1190.7 153104.0
1673.83 156495.0
3075.34 153420.0
8537.79 151995.0
10037.3 150838.0
14717.1 151292.0
3587.41 152053.0
3174.41 149391.0
2496.48 150934.0
1461.21 150344.0
2211.5 160879.0
615.178 156090.0
-2539.62 153131.0
-2716.61 146441.0
-5286.98 144141.0
-4863.97 150441.0
-6251.01 152819.0
-10505.6 152815.0
-10777.3 157250.0
-9113.03 156922.0
-8595.4 147207.0
-6101.84 143629.0
-4496.61 145452.0
4597.08 141796.0
3187.77 138570.0
-2578.58 146394.0
-1061.29 145370.0
1275.3 146741.0
1186.25 159100.0
1297.57 145710.0
4839.75 140803.0
4386.68 134964.0
10709.6 119366.0
16512.7 99864.6
20141.7 96240.0
18794.8 97257.5
17525.7 93626.2
19672.0 96687.5
22260.1 80797.8
21349.5 68445.8
22993.7 61368.1
36830.7 54806.9
43609.0 47994.1
44203.4 40918.7
42823.1 37401.0
42662.8 25921.7
39483.5 6661.22
41743.3 6679.03
43960.8 -937.45
46202.7 -3577.95
48449.2 2346.48
51926.8 5650.44
52828.5 3348.35
51873.4 5040.41
49293.0 4218.87
46423.1 -2400.19
44124.4 -1122.24
39840.8 7046.38
41302.5 11764.1
42568.2 36303.4
44319.2 46288.7
36061.5 55512.7
29744.1 59108.3
23549.2 60439.7
20990.0 75238.5
21397.4 84783.0
17391.0 93931.2
22687.6 92989.5
17653.7 94461.1
19822.2 96525.0
17491.2 93624.0
19119.8 97228.5
20247.5 96500.5
