5039.01 149388.0
3540.65 140461.0
101.995 141135.0
-3189.72 139038.0
-1703.61 142346.0
-152.926 142324.0
-618.242 146401.0
2552.14 148482.0
2168.09 150684.0
4432.32 151439.0
3090.92 153721.0
2168.09 152171.0
4115.06 151154.0
3602.99 151078.0
9433.91 150346.0
2913.93 151029.0
-1700.27 148703.0
-1851.66 143911.0
-2463.92 151074.0
-3919.98 151864.0
-2524.03 157256.0
1955.46 159113.0
-1240.52 163749.0
1260.83 176998.0
-425.659 166340.0
676.404 162782.0
-2036.45 163230.0
-4145.96 162319.0
-2826.82 158120.0
2507.61 153423.0
1358.79 151757.0
2533.21 132038.0
3832.31 137422.0
4410.06 149624.0
10149.7 150842.0
15732.4 151252.0
11406.5 152087.0
11061.4 150878.0
-245.321 152719.0
1185.13 154600.0
-3285.46 155128.0
-3415.7 164022.0
-7412.07 163715.0
-2518.47 158933.0
-2467.26 156170.0
-1664.64 157488.0
-2281.35 156631.0
3016.34 154402.0
3807.82 151094.0
7894.36 150519.0
7897.7 149627.0
3576.28 149379.0
2777.0 151497.0
-2241.28 149034.0
-3635.0 150735.0
-5735.6 156370.0
-8407.27 156862.0
-9385.76 161945.0
-6149.71 157602.0
-15250.1 155092.0
-15597.4 149756.0
-15588.5 152227.0
-14397.4 149246.0
-11080.0 148164.0
-8153.46 147776.0
-7874.05 151786.0
-7205.02 161066.0
-3708.47 160480.0
-6956.77 161150.0
-7059.19 166077.0
-6533.76 164129.0
-3978.98 165630.0
-2050.92 162114.0
-1042.37 162114.0
-3586.02 154295.0
743.196 155985.0
1501.28 151510.0
11178.3 150934.0
11633.6 151719.0
5701.37 150976.0
4443.46 143718.0
-1529.95 139094.0
-14151.4 140031.0
-6763.08 144904.0
-4832.8 151584.0
-10102.7 152309.0
-10126.0 151401.0
-7542.31 152561.0
-6459.18 154478.0
-677.241 155560.0
4696.15 152519.0
5139.2 133234.0
12247.0 125441.0
15375.0 114278.0
15260.4 118718.0
3083.13 136909.0
5788.2 162642.0
5321.77 159258.0
5620.1 163156.0
5315.09 159260.0
700.894 158619.0
951.363 160369.0
3037.49 158523.0
1265.28 157840.0
1278.64 147728.0
-1915.11 145189.0
2551.02 148562.0
1152.85 149357.0
5591.16 151018.0
8016.81 151728.0
-3371.17 156050.0
-2067.62 163056.0
-752.938 163720.0
2738.04 159837.0
2646.76 155994.0
1290.89 155486.0
1339.87 151733.0
7554.84 150054.0
5768.16 149224.0
8299.56 151684.0
10425.8 149324.0
13196.5 149143.0
11945.3 149108.0
11610.2 151552.0
4396.7 151290.0
3959.22 165153.0
-164.058 170410.0
129.825 175328.0
-3666.17 176054.0
-5465.09 164198.0
1913.16 160906.0
1372.15 152345.0
-8202.44 152174.0
-4288.45 154418.0
-5909.26 160627.0
-8894.85 161275.0
-7551.22 159196.0
-4197.16 162228.0
-2268.0 156557.0
-3346.68 164737.0
-2119.94 161015.0
2488.69 158009.0
2499.82 155849.0
1697.2 155115.0
2768.1 159828.0
3857.92 161155.0
1569.19 159810.0
4481.3 151163.0
9219.06 150733.0
11265.1 143724.0
10808.7 145089.0
4462.38 146788.0
4385.57 149673.0
8007.91 152085.0
10207.6 150867.0
12657.7 148772.0
12747.9 147131.0
10577.2 150873.0
9359.32 150361.0
11389.8 152078.0
7079.5 146881.0
7078.39 149126.0
4435.66 147171.0
3175.53 136765.0
15576.5 120238.0
15888.2 114463.0
15326.0 121193.0
11728.2 126621.0
13438.1 135596.0
10835.4 139989.0
9991.62 150842.0
8886.22 150649.0
11362.0 151942.0
6928.11 150902.0
-1266.12 149099.0
-2875.8 143511.0
-8007.63 143655.0
-13485.7 145933.0
-15670.9 145040.0
-14586.6 148315.0
-11812.5 148046.0
-12902.3 148248.0
-7768.29 143480.0
-6546.0 145232.0
-2801.22 143555.0
-3499.19 154255.0
-2126.62 155700.0
-6130.78 157809.0
-4709.23 162290.0
640.782 160547.0
683.083 157550.0
3072.0 154990.0
3098.72 151682.0
10509.3 150902.0
11370.9 152044.0
9695.51 150791.0
8272.85 152454.0
3057.53 153621.0
3021.91 160857.0
557.292 160888.0
-1110.27 157383.0
-2707.71 149086.0
-1066.86 157942.0
-3584.91 155021.0
-2420.5 155947.0
-585.959 154525.0
2522.08 155687.0
-650.524 155426.0
-1998.6 142527.0
1171.78 147097.0
1225.21 152637.0
241.145 149631.0
4464.61 146634.0
595.141 136500.0
-2473.94 139002.0
-1774.85 140463.0
-1570.02 139111.0
930.212 147151.0
557.292 149059.0
3450.49 148110.0
3852.35 149233.0
-1119.18 149865.0
845.61 152496.0
2032.28 143023.0
4407.83 151379.0
143.184 152926.0
3110.96 152454.0
