-14766.9 139957.0
-13340.9 133935.0
-14374.0 135389.0
-13070.4 134020.0
-6922.26 143800.0
-7629.14 137624.0
-8635.47 143751.0
-7743.8 139049.0
2203.71 138748.0
4650.51 137105.0
3765.52 135923.0
5898.4 139296.0
-142.907 133200.0
-10621.4 135111.0
-10707.1 127216.0
-9320.09 125208.0
-11752.4 130562.0
-11493.0 141053.0
-7904.1 142825.0
-9434.75 138268.0
-15167.7 136030.0
-8973.88 136798.0
-10062.6 136380.0
-8688.9 128349.0
-8564.23 131907.0
-10856.3 132165.0
-12972.5 136992.0
-18139.9 139027.0
-14957.3 135226.0
-15113.2 127612.0
-19746.3 116738.0
-12596.2 131649.0
-12883.4 133810.0
-15131.0 127249.0
-14439.7 123342.0
-15941.4 123246.0
-15103.1 121254.0
-14193.7 122462.0
-16298.7 122816.0
-13433.3 135286.0
-18944.8 138417.0
-11322.7 155466.0
-4269.52 164087.0
1975.5 158468.0
3096.49 150268.0
885.685 150544.0
-2640.92 161910.0
1246.36 155967.0
991.438 151252.0
7986.75 125624.0
10308.9 123970.0
-4377.5 149297.0
3447.15 152022.0
501.632 151247.0
1324.28 153369.0
2482.01 146997.0
15048.9 121550.0
15491.9 117651.0
12917.1 118261.0
11670.3 116119.0
10713.0 119357.0
1019.27 119441.0
-2483.96 123442.0
-4428.71 138984.0
-162.945 140812.0
1280.87 149215.0
1722.81 142480.0
-1223.82 139283.0
753.214 128995.0
14298.6 122934.0
15872.6 114772.0
15284.9 116493.0
13497.1 116050.0
15369.5 117291.0
15942.8 114492.0
9780.11 127053.0
10471.4 119590.0
15286.0 116476.0
15928.3 114418.0
7473.57 129026.0
3051.96 153282.0
904.609 151820.0
3448.26 151949.0
848.949 155918.0
-3551.51 153260.0
-4311.82 150508.0
-1195.99 149166.0
7298.8 150827.0
5301.73 152761.0
-3812.0 143250.0
-7859.57 141022.0
-8959.41 136607.0
-4079.16 134091.0
-7557.9 134966.0
-10329.8 142834.0
-9870.0 141863.0
-14028.9 141816.0
-17386.3 145423.0
-15537.3 145895.0
-15587.4 143569.0
-17140.3 143279.0
-14543.2 139928.0
-16044.9 146403.0
-14537.6 140614.0
-3804.21 143123.0
-4661.37 144753.0
-3820.9 143130.0
-14450.8 145771.0
-19018.2 142892.0
-19612.7 152795.0
-18562.9 153763.0
-19562.6 153015.0
-15577.4 145194.0
-7639.16 137867.0
-14544.3 140601.0
-15492.8 137644.0
-15873.5 158848.0
-14145.8 165303.0
-5443.94 170933.0
-3495.85 177784.0
-2891.39 142475.0
-4389.75 140705.0
-649.411 141086.0
-3978.98 135948.0
-6681.81 136119.0
-8533.06 139332.0
-9413.59 138283.0
-8321.55 139330.0
-9288.92 141373.0
-8447.34 139441.0
-5382.72 139423.0
-8029.89 132833.0
-12114.2 133768.0
-10751.7 134681.0
-12612.9 133944.0
-15038.6 135765.0
-14446.3 137464.0
-11481.9 137511.0
-8916.0 139741.0
-8749.02 143179.0
-15353.6 152853.0
-15540.6 149729.0
-12755.4 151392.0
-11116.8 145681.0
-9952.38 150962.0
-10768.4 147273.0
-12284.5 147256.0
-14118.0 141752.0
-14152.5 134641.0
-8258.1 132530.0
-10786.2 133695.0
-10478.9 118453.0
-12590.7 119183.0
-13592.5 124277.0
-15895.7 123233.0
-13128.3 119470.0
-10448.9 124793.0
-12349.1 133788.0
-14008.9 136406.0
-12939.1 135019.0
-10949.8 128868.0
-5229.09 131103.0
-2721.07 138544.0
-4763.78 134754.0
-5345.98 148079.0
-7091.47 142551.0
-6136.35 146180.0
-4665.82 142769.0
-1924.02 141242.0
-4740.4 138608.0
-3248.72 145396.0
-5983.84 140445.0
-13875.3 139020.0
-13187.3 137397.0
-13720.5 139465.0
-15503.9 136028.0
-16998.9 139837.0
-15030.8 140140.0
-15345.8 132577.0
-8225.82 137297.0
-17295.0 157065.0
-3486.94 155673.0
-3696.23 146205.0
-4050.22 151063.0
-6020.58 146258.0
-10957.6 145203.0
-13526.8 139505.0
-16529.1 138517.0
-9089.65 135102.0
-3790.85 134832.0
-6987.94 134930.0
1549.15 137905.0
6888.03 129640.0
979.193 132886.0
4390.02 136437.0
1619.28 142473.0
757.667 151742.0
-1662.42 151018.0
-1829.4 147198.0
530.575 141917.0
-3112.91 141331.0
-3786.39 139203.0
-14278.3 140340.0
-10589.1 142340.0
-9485.95 154654.0
-4453.2 156212.0
-4665.82 144174.0
-8686.68 143954.0
-8633.25 145307.0
-13403.3 145917.0
-14230.4 139612.0
-8307.08 133545.0
-19253.1 104841.0
-16166.2 115489.0
-15350.3 119279.0
-18225.6 141754.0
-6208.71 139577.0
-14643.4 138116.0
-14742.5 159231.0
-12889.0 159999.0
-12303.4 156838.0
-4045.77 156123.0
-4414.24 149867.0
2659.0 152692.0
7050.56 150321.0
4063.86 152597.0
960.269 152436.0
1240.79 150161.0
11.8266 151869.0
-1735.89 145949.0
-5584.2 147066.0
-6584.97 150201.0
-3794.19 143130.0
1280.87 147618.0
625.197 155511.0
529.462 146995.0
-1740.34 146962.0
643.008 155219.0
1053.78 152367.0
-2410.49 147011.0
-8492.98 146748.0
-2741.1 146009.0
-3786.39 143150.0
-8902.64 141609.0
-7954.2 137646.0
-3801.98 143130.0
-3653.92 149179.0
-1448.69 147616.0
-3604.94 145414.0
-6057.31 148191.0
-3806.43 143137.0
-10440.0 150871.0
-7014.66 162651.0
-4325.18 151052.0
1176.23 152683.0
-34.9275 149464.0
745.422 151784.0
-2609.75 151840.0
-4634.65 146109.0
-3794.19 143217.0
-11754.6 156526.0
-15528.4 157040.0
-15273.5 140207.0
-14499.8 155308.0
-15572.9 146421.0
-14546.5 139788.0
-2400.47 139120.0
6207.87 131319.0
11740.4 117028.0
5984.12 131263.0
-8635.47 136685.0
-9818.8 136319.0
-12375.8 145891.0
-14093.5 141892.0
-4826.12 139837.0
-1775.96 135888.0
-3633.89 137853.0
-593.751 140302.0
-4554.5 140732.0
-4354.12 139107.0
-8932.69 137502.0
-9696.35 133534.0
-9038.45 128730.0
-5518.53 131660.0
-15775.5 155308.0
-14518.7 155210.0
-15518.4 152105.0
-12010.7 145942.0
-20452.0 148852.0
-19164.1 142616.0
-19955.6 145343.0
-18073.1 143591.0
-10838.5 149415.0
-12930.2 147567.0
-18863.5 148611.0
-16257.5 146294.0
-16322.1 148262.0
-4641.33 147089.0
-2862.44 137188.0
-10797.3 133706.0
-11463.0 130509.0
-7900.76 141894.0
-2705.48 146590.0
-2166.7 151610.0
-2875.8 136402.0
-884.295 139946.0
-16331.0 139367.0
-14295.0 138343.0
-15668.6 140570.0
-12935.7 139356.0
-11312.7 141598.0
-12638.5 143154.0
-18561.8 127505.0
-13690.5 134347.0
-14292.7 137471.0
-11051.1 139401.0
-4157.09 132519.0
-8293.72 136233.0
-10886.4 132156.0
-11026.6 133715.0
-12199.9 132092.0
-11219.2 133779.0
-9603.95 132539.0
-12852.3 133873.0
-9089.65 133672.0
-8841.41 123716.0
-10268.5 125390.0
-9360.16 133646.0
-14380.7 136484.0
-11762.4 137479.0
-7847.33 136279.0
-6253.23 139314.0
-1483.19 134759.0
-2711.05 141707.0
-1524.38 134714.0
1309.81 134572.0
1684.96 131958.0
2454.18 137829.0
-726.222 147975.0
137.618 139617.0
-8844.75 140648.0
-1566.68 140360.0
15309.4 105954.0
69948.3 99795.6
68401.0 103171.0
63971.6 100403.0
51648.5 98003.3
35116.4 101007.0
18878.3 106003.0
14199.5 105931.0
2585.53 132532.0
4568.13 134100.0
11928.6 117776.0
15411.8 117943.0
15987.3 114710.0
6315.85 131074.0
766.573 150769.0
2696.85 144789.0
175.466 142669.0
185.485 143751.0
-4417.58 143533.0
-2471.71 136286.0
-4393.09 139305.0
-12049.6 130457.0
-12167.6 136415.0
-13858.6 139345.0
-12756.5 153247.0
-12010.7 151394.0
-16571.4 149083.0
-15613.0 143190.0
-12523.9 141703.0
-5022.04 143054.0
-5979.39 147102.0
-8187.97 141625.0
-8369.42 143689.0
-3758.56 143119.0
-5899.24 147026.0
-8631.02 143871.0
-4722.59 145434.0
-4415.35 149667.0
-3810.88 143261.0
-5423.9 143092.0
-2737.76 145147.0
-4941.89 141712.0
-1814.93 146523.0
-755.165 161740.0
-1842.76 146111.0
-10457.8 126953.0
-11646.7 117355.0
-12699.7 122204.0
-8988.35 134610.0
-12191.0 149727.0
-10062.6 145503.0
-5389.4 148865.0
-6021.69 145835.0
-10445.5 152781.0
-11390.6 159518.0
-9739.76 137876.0
-3799.75 143266.0
521.67 133425.0
5418.61 148008.0
-2152.22 134634.0
-5146.72 133436.0
-4110.33 141344.0
3482.77 140436.0
6692.11 129919.0
5527.71 131620.0
2593.33 131831.0
4431.21 139782.0
1117.23 142333.0
-174.077 152630.0
-7596.86 154195.0
-8692.24 143807.0
-10647.0 138526.0
-10136.1 136319.0
-7931.93 136624.0
-2746.67 144470.0
-2534.05 149462.0
4524.72 140449.0
-2845.74 138230.0
717.592 141885.0
-11262.6 139405.0
-15598.5 149175.0
-14311.7 155070.0
-15501.7 149727.0
-19046.1 147287.0
-15555.1 144820.0
-14021.1 136409.0
-10859.6 130600.0
-11737.9 115102.0
-10579.1 113984.0
-14531.0 115498.0
-14122.4 129317.0
-11358.3 130092.0
-12191.0 134180.0
-9792.08 135055.0
-19360.0 138804.0
-20686.9 147997.0
-19442.4 147763.0
-15863.4 137784.0
-12963.6 137361.0
-2231.26 123150.0
-3691.77 124362.0
-3345.57 127360.0
2907.25 131076.0
-1851.66 136313.0
