-3697.34 146719.0
-4887.34 149103.0
-7537.86 149473.0
-8195.76 151775.0
-5536.34 138693.0
-5329.28 140095.0
625.197 138655.0
-3466.91 139129.0
-1572.25 139087.0
1280.87 146893.0
1493.49 149319.0
3134.34 148507.0
7488.04 145490.0
7876.55 139715.0
6236.81 150900.0
2507.61 146888.0
1177.34 142785.0
137.618 143878.0
271.201 139185.0
-322.132 141999.0
-83.9081 140975.0
1260.83 153968.0
4559.23 151399.0
3659.77 149413.0
7049.44 149324.0
7488.04 145563.0
5770.38 146412.0
10179.7 139802.0
8622.39 140394.0
6368.17 130673.0
8072.47 126808.0
5275.01 127165.0
4151.8 129894.0
1954.35 129665.0
-598.204 134681.0
-2508.45 131889.0
-2918.1 134570.0
596.254 136357.0
2171.42 129694.0
3489.45 135605.0
2729.14 139416.0
5918.44 148990.0
6155.55 146238.0
10819.8 144773.0
7298.8 145581.0
4455.7 149219.0
4206.35 141594.0
1650.45 137891.0
3897.99 134278.0
5189.3 140213.0
4418.97 137012.0
7268.74 131982.0
6056.47 131784.0
11848.4 115961.0
13391.3 106134.0
23491.3 106221.0
14710.5 105940.0
12257.0 110838.0
11731.5 117197.0
7326.63 128939.0
2793.7 131804.0
2557.7 130504.0
4710.62 130738.0
5365.18 132829.0
15518.6 120552.0
15389.5 115367.0
4737.34 130740.0
3414.86 128923.0
1928.75 130969.0
3156.6 135142.0
4146.23 134828.0
4408.95 138254.0
3529.52 139523.0
3294.64 138519.0
1313.15 141961.0
-371.112 141716.0
-3940.02 139125.0
-15463.8 140300.0
-15909.1 139171.0
-16915.4 140202.0
-15744.3 141614.0
-15523.9 152427.0
-13466.7 141792.0
-11154.6 139445.0
-1613.44 139468.0
-1689.14 140888.0
101.995 141195.0
851.176 152485.0
580.669 146772.0
69.7128 141164.0
2134.69 138584.0
-3938.9 134754.0
-8990.58 135618.0
-10694.9 137477.0
-10470.0 143967.0
-13523.5 146082.0
-10978.7 145087.0
-12894.6 142885.0
-13769.5 137544.0
-8867.02 137453.0
-8292.61 139305.0
-14145.8 139550.0
-15577.4 153899.0
-15444.9 157724.0
-16629.3 144301.0
-19026.0 142832.0
-19345.5 139717.0
-18991.5 140788.0
-18723.2 144147.0
-10910.8 145354.0
-12083.0 143849.0
-11168.0 144562.0
-13867.5 145813.0
-15090.9 144357.0
-11873.8 139492.0
-10637.0 139557.0
-9795.42 136313.0
-12604.0 133875.0
-13609.2 129251.0
-16180.7 123320.0
-15571.8 121009.0
-13297.5 122518.0
-10905.3 130330.0
-10431.1 153129.0
-13684.9 155106.0
-16549.2 147369.0
-14409.6 142622.0
-15594.1 145272.0
-15673.1 152848.0
-12368.0 151377.0
-13013.7 149353.0
-15459.4 148997.0
-16946.6 144168.0
-14477.5 152833.0
-3571.55 153209.0
-3727.4 155124.0
-3679.53 147160.0
-2029.77 146376.0
-1743.68 150853.0
-4376.39 149709.0
-4689.2 142524.0
-10913.1 145428.0
-12471.5 143562.0
-9811.01 139450.0
-797.466 140064.0
-1180.41 142070.0
-1614.55 139528.0
1268.62 146214.0
86.4107 152637.0
-1022.33 152842.0
-721.769 149961.0
979.193 149324.0
1927.64 130061.0
8990.86 124119.0
11669.2 117687.0
12356.0 109903.0
16777.7 105956.0
22594.1 105987.0
13216.5 105704.0
11199.4 109583.0
3580.73 111288.0
-495.79 115547.0
-4297.35 120986.0
-1443.12 125265.0
-2300.28 127289.0
-3810.88 127098.0
-5658.79 139178.0
-7599.09 131807.0
-7120.41 134826.0
-8305.97 131893.0
-6218.73 138991.0
-7645.84 139216.0
-11732.4 151978.0
-15499.4 151788.0
-17358.5 139383.0
-15010.7 135556.0
-10527.9 132414.0
-11994.0 123760.0
-16249.7 114056.0
-14427.4 118836.0
-15793.3 119515.0
-12579.5 125310.0
-11038.9 126474.0
-10885.2 130415.0
-7685.92 130059.0
-7760.5 128053.0
-4704.78 127327.0
-7169.39 140521.0
-1611.21 139434.0
-447.923 140449.0
-1859.45 134641.0
-16578.1 135536.0
-19083.9 138675.0
-15515.0 135583.0
-12520.5 134788.0
-9861.1 133692.0
-318.792 140403.0
1362.13 141905.0
-5392.73 139158.0
-3307.72 136081.0
-2784.52 141206.0
-110.625 142233.0
-1715.85 145394.0
-2711.05 146792.0
-1754.81 145666.0
-3565.98 139730.0
1279.76 145922.0
1148.4 161260.0
-3186.38 163985.0
-5576.41 163464.0
-6798.7 160894.0
-10665.9 161789.0
-548.11 159881.0
412.577 155972.0
1573.64 154353.0
3013.0 158394.0
1795.16 159803.0
1993.31 154409.0
1333.19 151797.0
2546.57 149170.0
-3744.09 149103.0
-4600.14 147166.0
1877.54 147209.0
248.937 144956.0
410.35 141569.0
-2797.88 131709.0
-3623.87 138063.0
1310.93 143480.0
-3609.4 127739.0
-1094.69 125147.0
-545.884 127496.0
6832.37 126891.0
11657.0 117749.0
13834.4 106021.0
17937.6 105972.0
15261.5 106604.0
15333.8 111273.0
-1620.12 152430.0
-2426.07 155934.0
-7290.73 157615.0
-8091.12 147195.0
-10500.1 145601.0
-12355.8 140064.0
-1171.5 139497.0
1447.85 150372.0
5958.51 150929.0
-1063.52 149179.0
-1759.27 147741.0
11894.1 115369.0
13076.3 106185.0
23148.5 105785.0
14198.4 105974.0
11534.5 118034.0
-546.997 134405.0
-4006.81 134472.0
-6059.54 143045.0
-7967.55 141603.0
-6641.74 140474.0
-5311.47 143615.0
-2760.03 144395.0
-2080.98 146162.0
644.121 145332.0
1482.36 141665.0
-2011.96 142008.0
-2677.65 145372.0
-4023.5 140901.0
-4709.23 142898.0
-10058.1 144528.0
-12867.8 155101.0
-14338.4 155075.0
-15461.6 149279.0
-11817.0 148273.0
-10490.1 148148.0
-8421.74 158430.0
-8488.53 149513.0
-8526.38 151170.0
-10189.5 151109.0
-11827.0 147641.0
-11402.9 142703.0
-12238.9 143736.0
-12844.5 139523.0
-9362.39 139445.0
-7527.84 135037.0
-639.392 135182.0
2201.48 138557.0
8193.81 128251.0
15595.4 120147.0
15372.8 106181.0
22588.5 105987.0
21252.7 105878.0
22614.1 105183.0
9915.92 105488.0
23144.0 105827.0
13388.0 106132.0
13207.6 116770.0
14398.8 117901.0
15366.1 115427.0
14786.1 121895.0
6319.19 131041.0
-4050.22 126991.0
-4238.35 130270.0
-2798.99 117872.0
-1878.38 114554.0
-13440.0 113978.0
-4929.65 112524.0
-4386.41 124277.0
-4748.19 129562.0
-7083.68 130048.0
-7857.35 140953.0
-3397.89 139118.0
26.2982 141075.0
2437.48 150969.0
15695.6 151437.0
15634.4 149061.0
12663.3 149057.0
12594.3 145697.0
11894.1 150911.0
5313.97 151034.0
6334.77 150956.0
4931.03 150982.0
2684.61 137439.0
11664.8 117687.0
13146.4 106139.0
22055.3 105874.0
24948.5 107766.0
27223.9 108087.0
23840.9 106174.0
22505.0 102029.0
22767.8 105021.0
23958.9 104064.0
24965.2 110785.0
23550.3 110761.0
23562.6 113826.0
23476.9 104832.0
21868.3 105827.0
22402.6 103605.0
21366.2 89115.6
19991.4 85079.1
12810.2 85488.8
12299.3 83640.9
