-731.788 149297.0
-723.995 147618.0
1831.9 149331.0
3142.13 147276.0
4697.26 149386.0
6850.18 148772.0
4404.49 150457.0
1233.0 155878.0
1507.96 159810.0
4914.34 159690.0
4572.59 152977.0
-7225.05 156825.0
-9538.27 156862.0
-10506.8 146701.0
-1063.52 143497.0
2582.19 131722.0
1618.17 137344.0
1604.81 134641.0
-846.447 134981.0
-2068.73 138537.0
-10627.0 139387.0
-10476.7 143620.0
-13077.1 146454.0
-10574.7 142527.0
-15145.4 140129.0
-17189.3 132922.0
-12486.0 133826.0
-10812.9 137566.0
-11670.0 135275.0
-8881.49 140282.0
-9659.61 144265.0
-7732.67 139379.0
-5476.22 139258.0
-4669.16 143250.0
-533.639 140372.0
-5374.92 137967.0
872.326 140710.0
3648.63 133917.0
2435.25 132178.0
4139.55 134536.0
1971.05 129685.0
1637.09 131949.0
4540.3 140432.0
3689.82 135774.0
-433.451 134153.0
2661.23 133080.0
1240.79 132417.0
976.967 140501.0
-2741.1 145891.0
-1200.44 160413.0
1129.47 157232.0
-1566.68 152216.0
-1952.96 145408.0
-2492.86 152621.0
-14263.8 152842.0
-14215.9 154436.0
-13293.1 157971.0
-10113.8 152926.0
-2560.77 152675.0
-886.522 146995.0
-4692.54 141928.0
-1991.92 143582.0
-764.07 147020.0
1189.59 147002.0
8.48706 147823.0
17.3926 150713.0
-285.396 147256.0
9235.76 145715.0
9897.0 146706.0
-317.679 147089.0
-1840.53 144628.0
-10248.5 144619.0
-11350.6 156279.0
-8012.08 166630.0
-6121.88 164116.0
-4118.13 164123.0
-1437.55 154491.0
-731.788 147017.0
-937.729 145299.0
727.611 147006.0
2244.9 135547.0
1206.28 140069.0
-2874.69 152724.0
1014.82 142409.0
3635.28 133902.0
2834.89 132869.0
1406.66 133846.0
1740.62 132900.0
-373.339 140498.0
-4861.74 143010.0
-2824.59 143488.0
-1463.16 147975.0
-715.09 146545.0
1204.06 159425.0
-3233.14 159872.0
-1259.44 156907.0
-1758.15 162101.0
-1027.9 163693.0
833.364 162241.0
2626.72 152617.0
10139.7 139450.0
5479.84 139425.0
2742.49 142226.0
3817.84 144415.0
-1856.11 145840.0
-1721.42 151584.0
-9621.76 152891.0
-14372.9 152619.0
-14310.5 154896.0
-14937.3 149239.0
-12922.4 149411.0
-11286.0 158701.0
-6955.66 161206.0
-7389.81 163223.0
-3201.97 164054.0
-619.355 160429.0
-2815.69 153454.0
-3075.06 157415.0
1770.67 157991.0
2045.63 159797.0
480.482 152623.0
-1523.27 151178.0
-524.733 149290.0
1406.66 152432.0
-75.0026 140852.0
-1062.41 135774.0
-8086.67 134253.0
-10546.8 124431.0
-9713.04 136326.0
-15840.1 135790.0
-18004.1 142478.0
-12873.4 150232.0
-11882.7 153826.0
-9686.33 154333.0
-12620.7 157900.0
-11405.1 165612.0
-7063.64 165821.0
-1010.09 162119.0
-1791.55 147004.0
3710.97 134013.0
-2085.43 138684.0
-736.24 140002.0
502.746 136629.0
2813.74 136273.0
5070.18 138526.0
4058.29 137882.0
-356.641 147093.0
-1799.34 146336.0
-1986.36 142504.0
-1847.21 146877.0
542.821 147011.0
2143.59 159084.0
-2095.45 157953.0
-2098.79 155963.0
5254.97 159153.0
5581.14 161587.0
5306.18 159196.0
3117.64 157949.0
4434.55 145238.0
1610.37 129656.0
-353.301 147089.0
854.515 147011.0
1281.98 151958.0
4579.27 154433.0
4435.66 152027.0
1303.13 149400.0
1297.57 144228.0
-1400.82 139187.0
-6897.77 139096.0
-447.923 147004.0
-1312.88 162907.0
-1716.97 149709.0
-357.754 147035.0
-4711.46 141413.0
-4189.37 132597.0
-390.037 147258.0
-630.487 142758.0
-390.037 147258.0
1253.04 147209.0
3053.08 156088.0
1323.17 149268.0
-428.999 149337.0
-2546.3 146385.0
-762.957 146997.0
-6154.16 145470.0
-5864.73 139289.0
-4626.86 147026.0
-1762.61 146759.0
11063.6 118925.0
12527.5 107929.0
25517.3 106452.0
38973.6 99305.8
42736.2 97522.4
41557.4 98032.3
38108.7 99470.5
33965.4 98729.1
32356.8 91130.4
6264.64 130653.0
31995.0 91324.1
41058.7 93652.9
41881.3 96950.2
30319.7 102394.0
25925.9 102668.0
22353.6 101171.0
26519.2 102721.0
42714.0 98415.2
15319.4 118758.0
10.7134 144147.0
-369.999 147102.0
5397.46 154342.0
3305.77 154389.0
-381.131 147084.0
3053.08 151025.0
6649.81 150778.0
27.4114 146993.0
1289.77 144078.0
-14851.6 136088.0
-15693.1 127171.0
-13268.6 133873.0
-16256.4 146434.0
-13050.4 139483.0
-5413.89 161458.0
-1729.21 161050.0
1150.63 142262.0
3650.86 133917.0
1391.08 133122.0
2725.8 135387.0
1394.41 133127.0
3029.7 133113.0
256.73 133009.0
-927.71 134616.0
-2932.57 132532.0
-6030.6 134879.0
-10869.7 132374.0
-15227.8 136956.0
-16034.9 136204.0
-18852.4 134342.0
-20600.1 148024.0
-19509.2 140093.0
-13613.7 135396.0
-3679.53 135382.0
-2842.41 138704.0
-12476.0 139450.0
-13975.5 124315.0
-12240.0 123166.0
-14692.4 116640.0
-12338.0 114423.0
-9081.86 114142.0
-14859.3 116643.0
-11925.0 124152.0
-9156.45 124241.0
-11202.5 125653.0
-8731.21 137399.0
-11061.1 147273.0
-12124.2 148211.0
-6839.89 139347.0
-3597.15 138960.0
-2890.27 133033.0
-4745.97 131974.0
-4737.06 132931.0
-3033.87 115748.0
-2744.44 115734.0
-4754.87 138116.0
-3758.56 132519.0
-2918.1 134630.0
766.573 135338.0
1926.52 129705.0
-4232.79 121877.0
-4042.43 114628.0
-3941.13 126283.0
-990.049 125063.0
1844.15 127683.0
2587.76 134347.0
3541.77 133795.0
-115.078 135596.0
834.478 132915.0
2133.58 133781.0
2233.76 129380.0
2417.44 132174.0
-5232.43 134799.0
-6493.68 138268.0
-5390.51 139519.0
-4766.01 134104.0
14.053 152472.0
710.913 152588.0
-47.1727 147763.0
-4564.52 152726.0
-9675.2 154901.0
-11520.9 157412.0
-9778.72 154705.0
-10708.2 154986.0
-11723.5 149295.0
-13850.8 145935.0
-14506.5 141834.0
-16991.1 169259.0
-18580.8 163740.0
-15815.6 161832.0
-9563.88 161239.0
-8613.21 146516.0
-10207.3 145450.0
-367.773 147104.0
2012.24 144673.0
-1872.81 146953.0
-16167.3 147282.0
-25075.1 148934.0
-20435.3 150551.0
-20432.0 149161.0
-9019.52 145470.0
-8682.23 143905.0
-4778.25 143613.0
-377.792 147017.0
-11434.0 141997.0
-9597.27 145477.0
-7632.48 143658.0
-1799.34 146536.0
-3462.45 143515.0
-16948.8 139948.0
-18097.6 141745.0
-14399.6 139666.0
-1777.08 146732.0
-9930.12 144415.0
-11259.3 129540.0
-10812.9 138272.0
-8724.53 143613.0
-3891.03 143564.0
-390.037 147169.0
-3493.62 154260.0
-6914.47 156853.0
-607.11 155965.0
-509.149 147020.0
49.6753 149393.0
-4444.29 149106.0
-525.846 147017.0
1956.58 156003.0
3289.07 155979.0
4612.66 152376.0
3354.75 140191.0
6909.18 130043.0
15588.8 120145.0
15463.0 108318.0
29435.8 104591.0
42800.8 97540.2
42803.0 97564.7
23933.3 106194.0
12264.8 110745.0
8823.88 124529.0
5773.72 131651.0
3175.53 131827.0
2103.52 129649.0
1994.43 135507.0
4868.7 140768.0
-2673.2 148360.0
-1136.99 149159.0
-1604.53 139628.0
2064.56 143980.0
18.5058 143876.0
1236.34 144706.0
1199.61 160057.0
-3974.52 164040.0
-3464.68 166592.0
-3551.51 155208.0
-1263.89 155878.0
-12939.1 156753.0
-14836.0 157228.0
-13753.9 157308.0
-15522.8 156793.0
-15588.5 154064.0
-15791.1 155106.0
-16156.2 152888.0
-14399.6 154387.0
-9929.0 151630.0
-7384.24 154066.0
-3687.32 154709.0
-4849.5 151593.0
-10486.7 153249.0
-13775.1 157005.0
-9716.38 156907.0
-8411.72 154763.0
-4943.0 154355.0
-3921.09 152167.0
531.689 152657.0
877.892 136907.0
5950.72 131364.0
12180.2 111898.0
32883.4 103999.0
42589.3 97021.5
36049.3 101236.0
42672.8 97845.2
37165.8 99882.4
37523.2 103304.0
37181.4 100666.0
33898.6 101643.0
33794.0 100646.0
41879.1 96945.8
40443.1 98459.7
