2921.72 142357.0
723.158 143664.0
1003.68 140732.0
15390.6 120908.0
15396.2 106780.0
20054.9 106045.0
23677.2 107236.0
21348.4 105188.0
15527.5 105887.0
8351.88 110382.0
3342.51 111346.0
3008.55 123783.0
-1386.35 139338.0
506.085 141605.0
9280.29 127474.0
15241.4 121178.0
15258.1 110240.0
16197.7 105929.0
21929.5 106061.0
23783.0 107221.0
20056.0 106007.0
3837.88 111184.0
3599.65 120517.0
-6302.21 134788.0
-7695.93 138662.0
-7182.75 135033.0
-5217.96 134024.0
-6108.52 134830.0
-7789.44 133129.0
-6159.73 143653.0
-4039.09 140358.0
-3706.24 132773.0
-5585.32 143043.0
-4852.84 137373.0
-3789.73 143475.0
-1832.74 145445.0
-1516.59 146837.0
-2458.35 139123.0
582.896 144196.0
-3907.73 135957.0
-4790.5 138686.0
-6186.44 138728.0
-4744.86 132967.0
-4766.01 134236.0
3159.94 136582.0
4243.08 134750.0
2013.35 136838.0
3076.45 136645.0
96.4295 140681.0
1260.83 149275.0
1840.81 152697.0
-737.354 152755.0
2148.05 138653.0
7902.15 128520.0
15007.7 121632.0
15474.1 119145.0
7746.3 114683.0
11044.7 117275.0
13361.3 116068.0
13894.5 117807.0
15434.0 114238.0
16625.1 105945.0
22381.5 106061.0
16911.2 105934.0
15426.2 114289.0
15055.5 121383.0
7433.5 129070.0
4182.97 134721.0
1939.88 130386.0
3122.09 130217.0
3126.55 131502.0
7.37387 133160.0
1396.64 132161.0
-648.298 140087.0
-1757.04 135901.0
-7821.73 139327.0
-14683.5 139784.0
-16103.9 145597.0
-16797.4 144230.0
-14161.4 155193.0
-12812.2 152873.0
243.371 153676.0
3013.0 156691.0
3117.64 152603.0
5730.31 150980.0
1993.31 138408.0
-7895.2 140930.0
-8461.81 139401.0
-1659.08 137531.0
4080.55 129502.0
8324.05 126074.0
11758.3 117072.0
12503.0 108173.0
22391.5 106092.0
15479.7 105907.0
14693.8 113310.0
15332.7 116068.0
12673.3 125032.0
2512.06 135727.0
1395.53 132225.0
-2487.3 140652.0
-3661.72 143121.0
-2815.69 141222.0
-2802.33 142475.0
561.745 141507.0
6172.25 131370.0
15003.2 121596.0
15721.2 114194.0
15408.4 120808.0
-657.203 143453.0
-1283.93 152799.0
31.8642 144119.0
1189.59 142805.0
-3659.49 147011.0
-7831.74 146706.0
-8724.53 139352.0
-14787.0 139859.0
-16359.9 137722.0
-15145.4 161903.0
-15414.8 155328.0
-11987.3 154059.0
-10568.0 147313.0
-8183.51 143724.0
-2768.93 143918.0
-2687.67 149406.0
-1681.34 149092.0
-4301.8 153236.0
-3366.72 151025.0
-1771.51 151728.0
-1257.22 141235.0
-196.341 143208.0
1244.13 143350.0
-1883.94 145744.0
-1152.58 154683.0
-6248.78 157630.0
47.4489 152646.0
3669.79 152706.0
3345.85 140178.0
793.289 135767.0
1265.28 132924.0
664.159 141073.0
-945.521 139677.0
1928.75 131862.0
-803.032 134710.0
-2915.88 135585.0
-2783.41 143889.0
-1321.78 152583.0
-1820.49 146470.0
-4375.27 143578.0
-10454.4 143544.0
-12168.8 137504.0
-7966.44 136237.0
-4980.85 140697.0
-1645.72 142324.0
501.632 143771.0
-1236.06 145310.0
-1811.59 153391.0
317.955 151063.0
-1067.97 148582.0
2081.26 147017.0
4408.95 152748.0
4775.19 160977.0
6881.35 160812.0
4451.25 157898.0
1309.81 147207.0
2110.2 152659.0
8478.79 152483.0
8485.47 151290.0
10716.3 152416.0
5539.95 132301.0
17447.8 105992.0
24218.2 107339.0
22398.2 104095.0
8095.85 107214.0
-1070.2 114911.0
-3226.46 115799.0
-4728.16 141710.0
-6106.29 142645.0
-7818.39 140510.0
-12894.6 139379.0
-13915.4 137486.0
-13326.5 139530.0
-10739.4 149273.0
-10052.6 151245.0
-9212.11 148017.0
-10497.8 146158.0
-7781.65 139508.0
-7781.65 132739.0
-7191.66 135039.0
-2118.83 135912.0
-3660.6 137698.0
-3729.62 139053.0
-13697.2 139521.0
-15741.0 155130.0
-20279.5 154438.0
-17254.9 150969.0
-15882.4 144898.0
-3344.46 143517.0
15333.8 117077.0
6594.15 122511.0
4241.97 130969.0
2549.91 132483.0
3699.84 134334.0
2576.63 131916.0
2154.73 133744.0
2525.42 133316.0
747.648 135313.0
-2874.69 134703.0
-2059.83 143533.0
15622.2 119684.0
15475.2 114247.0
15052.2 118019.0
8006.79 119170.0
3637.5 130998.0
3092.04 134834.0
122.033 137393.0
-98.3797 139993.0
2435.25 138130.0
9123.33 127576.0
15271.5 121136.0
15550.9 114227.0
15323.8 118070.0
11808.4 117633.0
4149.57 127329.0
1974.39 127641.0
755.441 135476.0
-4659.14 139163.0
-10440.0 152499.0
-8152.34 159314.0
-530.299 158045.0
2062.33 152692.0
835.591 150464.0
20.7322 151490.0
1873.09 148057.0
270.088 145316.0
-1804.91 144205.0
-3069.5 141743.0
-4653.57 141338.0
-7321.9 143028.0
-7837.31 135146.0
-4181.58 133341.0
-4712.57 141832.0
-628.26 156727.0
-3175.25 162689.0
-7729.33 165543.0
-7946.4 168707.0
-5024.27 169602.0
3067.55 167489.0
4425.64 152494.0
3269.03 140084.0
13648.5 106027.0
23243.1 107129.0
23291.0 105918.0
16120.9 105909.0
14431.0 122598.0
6650.92 130457.0
333.54 141692.0
1244.13 149128.0
707.573 147015.0
1947.67 162041.0
2971.81 160280.0
353.577 159788.0
-288.736 155972.0
1263.06 153578.0
-343.283 153668.0
-28.2484 149413.0
850.062 152307.0
-1704.72 151201.0
-4326.29 143580.0
-10457.8 143555.0
-11582.1 135177.0
-16110.6 135565.0
-14168.1 139608.0
-6926.72 140490.0
-4702.55 143025.0
-3436.85 147011.0
-7780.54 147160.0
-9445.88 151381.0
-7611.33 149932.0
-3337.78 151054.0
953.59 142424.0
1474.56 152672.0
5573.35 161451.0
4544.76 153147.0
1326.51 151764.0
59.694 141028.0
-567.035 143546.0
-1065.75 139592.0
-1745.91 142371.0
1273.08 143867.0
1240.79 155475.0
8308.47 156043.0
7965.6 161077.0
1332.08 154340.0
1221.87 149364.0
-633.826 143702.0
715.366 142979.0
1261.94 146837.0
-174.077 143170.0
-6723.0 143170.0
-178.53 143175.0
614.065 141946.0
1240.79 143382.0
4168.5 135010.0
11370.9 126005.0
15439.6 117259.0
15579.9 114316.0
15761.3 119034.0
12182.4 117887.0
4933.26 127276.0
2851.59 132719.0
1406.66 133770.0
1971.05 141567.0
-289.849 143112.0
1021.49 142204.0
563.971 144633.0
4384.46 148215.0
3137.68 150969.0
-9082.98 152891.0
-11317.2 155609.0
-11325.0 158906.0
573.99 155954.0
-772.976 155898.0
-344.396 159810.0
-1693.59 145472.0
-56.0782 144208.0
-1818.27 147146.0
-1246.08 155918.0
-1286.16 154859.0
-833.088 155932.0
-2673.2 147011.0
-7813.93 148251.0
-2855.76 138056.0
3362.54 144902.0
4620.45 141191.0
6750.0 141952.0
7905.49 140801.0
4834.19 140247.0
4423.42 137172.0
8755.97 129048.0
9364.89 122645.0
10566.0 119512.0
15351.7 117250.0
15209.2 109618.0
19535.0 106036.0
24029.0 107218.0
20007.0 106007.0
18793.7 105965.0
20896.5 104896.0
24375.2 107229.0
20236.4 106018.0
15418.4 107942.0
14536.8 122356.0
6636.45 130482.0
-1773.74 148781.0
-2348.15 152966.0
-1037.92 150998.0
-716.203 153478.0
1897.58 150702.0
2824.87 152603.0
-2598.62 151802.0
-2717.73 147710.0
-5035.4 147060.0
-6374.57 144290.0
-4681.4 145425.0
-2762.26 144408.0
-830.862 147022.0
10261.0 145250.0
10818.7 140850.0
9242.44 145225.0
7462.44 146694.0
6389.32 152677.0
2145.82 149324.0
219.994 145319.0
-1365.2 145383.0
757.667 142155.0
1387.74 133002.0
-296.528 138281.0
-2831.27 138167.0
-2486.18 131533.0
-4770.46 134703.0
-4571.2 150408.0
255.616 144461.0
-1057.95 149072.0
2494.25 142878.0
3923.59 140964.0
5851.65 131954.0
13637.3 124146.0
15348.3 114267.0
15595.4 120563.0
10125.2 127145.0
8193.81 130529.0
10844.3 130237.0
5981.89 131898.0
3142.13 136555.0
3447.15 141206.0
587.348 144401.0
615.178 141919.0
-1339.59 144203.0
-5880.31 143364.0
-3933.34 143578.0
-5330.4 143571.0
-5911.48 137386.0
-8577.59 136596.0
-6699.63 136175.0
-7326.35 139261.0
-8538.62 139345.0
-7900.76 140806.0
-17247.1 162074.0
-15008.5 161613.0
-15529.5 157116.0
-12481.6 151388.0
