-7783.88 133519.0
-8874.81 131998.0
-8932.69 137945.0
-9726.4 135033.0
1984.41 131136.0
2045.63 135382.0
3776.65 137497.0
1308.7 141961.0
254.503 141460.0
208.862 149649.0
1303.13 149382.0
581.782 143526.0
-2979.33 143555.0
-6202.03 143081.0
-1763.72 145668.0
-1190.42 141289.0
-2863.56 138388.0
-1494.33 134721.0
-2682.11 135934.0
-2927.01 133652.0
5129.18 140338.0
5836.06 139568.0
1319.83 143448.0
-492.451 140331.0
-3917.75 139080.0
-4357.46 135986.0
-2706.6 146659.0
-3377.85 143566.0
-1997.49 145145.0
-4059.13 147071.0
-7747.14 147151.0
-8429.53 151256.0
-10438.8 149533.0
-10605.8 141055.0
-15662.0 123749.0
-13550.2 139525.0
-10549.1 146038.0
-427.885 147033.0
7495.84 145408.0
-36.0407 147004.0
7495.84 145837.0
1768.45 146982.0
-10585.8 141683.0
-10220.7 138212.0
-10966.5 165361.0
-1967.43 164071.0
-10750.5 165222.0
-17317.3 161994.0
-17667.9 163003.0
-15183.3 161438.0
-13797.4 156724.0
-9231.03 175569.0
-6925.6 164058.0
-14784.8 157909.0
-4788.27 156183.0
-4399.76 148914.0
-6272.16 144473.0
-10622.5 140372.0
-12665.2 130446.0
-11949.5 135349.0
-9141.98 137471.0
-8578.7 142743.0
-7331.92 140514.0
-13853.0 146639.0
-11559.8 150161.0
2466.42 144435.0
5903.97 139601.0
-1621.23 145359.0
-3647.25 149344.0
-4226.11 145096.0
-7418.75 149471.0
-6174.2 139508.0
-4754.87 134903.0
-12303.4 135226.0
-13888.6 138822.0
-14100.1 142469.0
-15968.1 136128.0
-8908.2 139425.0
-1777.08 139040.0
2416.33 142119.0
-2457.24 148402.0
-6149.71 140536.0
-2763.37 143486.0
-1104.71 147972.0
-1782.64 146917.0
1319.83 144929.0
-12530.5 139846.0
579.556 136535.0
-2932.57 134269.0
-10750.5 134739.0
-9044.01 133690.0
-7911.89 142999.0
-10894.1 145612.0
-14888.3 136161.0
-15259.0 125615.0
-14849.3 123849.0
-14424.1 133942.0
-12953.6 134973.0
-14008.9 139470.0
-9553.86 137466.0
-8865.9 139234.0
-6029.48 139278.0
-5262.49 141750.0
-536.978 140260.0
-2623.11 135934.0
-494.677 135367.0
5305.07 140993.0
5463.14 141694.0
5720.29 140091.0
-719.542 145334.0
-1728.1 150706.0
-555.903 157924.0
-2701.03 162146.0
-4774.91 162669.0
-2743.33 154409.0
-2698.8 148030.0
287.899 149455.0
-1839.42 149030.0
-3439.08 145385.0
-2717.73 146392.0
-4766.01 138844.0
-6892.21 137410.0
-10474.5 144123.0
-9088.54 145612.0
-6258.8 144813.0
-6013.9 147055.0
-1772.62 148562.0
1289.77 153694.0
-22065.1 152826.0
-29332.0 152755.0
-29340.9 154852.0
-28315.6 152859.0
-21035.3 150557.0
-20829.4 152815.0
-23591.2 153979.0
-14348.4 152036.0
-17665.7 147327.0
-12920.2 148213.0
-7477.75 144568.0
-6325.59 145824.0
-3201.97 145403.0
-2657.61 150246.0
-4342.99 151040.0
-4223.88 141883.0
-2735.54 145982.0
-3695.11 147022.0
-6275.5 144121.0
-2008.62 135928.0
-3391.21 140710.0
-6268.82 137410.0
-7095.92 130969.0
-7630.26 137410.0
-8025.44 136253.0
-4340.77 141872.0
-2776.73 141304.0
-14652.3 156963.0
-9667.4 156891.0
-6035.05 145559.0
1156.19 143660.0
5830.5 139552.0
4356.63 141416.0
-1187.08 142231.0
-2832.39 139147.0
-1802.68 146694.0
-3652.81 152677.0
-4828.34 152209.0
-4944.12 147445.0
-8754.58 142669.0
-10761.7 135260.0
-16140.6 135473.0
-13088.3 137497.0
-14042.3 141834.0
-15881.3 139630.0
-15926.9 136235.0
-13914.2 137493.0
-16193.0 147300.0
-15625.2 142776.0
-14033.4 143408.0
-14073.4 147262.0
-16477.9 147329.0
-15559.5 144513.0
-11342.8 143230.0
-12886.8 139608.0
-10521.2 136386.0
-8485.19 137477.0
-7905.22 142320.0
-6355.65 143059.0
-5693.3 139301.0
1887.56 141307.0
3779.99 141986.0
5841.63 139590.0
2343.97 142841.0
2421.89 152191.0
-1735.89 149682.0
-3218.66 145381.0
-4610.16 151114.0
-9526.03 152895.0
-6876.62 158216.0
-8478.51 159316.0
-9630.67 157602.0
-2835.73 156012.0
1214.08 156874.0
-1529.95 153941.0
-1029.01 152561.0
-8334.91 152895.0
-10527.9 154770.0
-11038.9 158236.0
-8481.85 153229.0
-8448.45 155544.0
-3580.45 156105.0
-1181.52 157982.0
-4843.93 151390.0
-4630.2 146109.0
267.861 146973.0
-1543.31 146338.0
-2634.24 150767.0
-3509.21 142491.0
-6366.78 140449.0
-6135.24 142418.0
-11454.1 146915.0
-11220.3 150450.0
-9541.61 150355.0
-9192.07 156922.0
-3617.19 156088.0
64.1468 158392.0
-2450.56 156183.0
-1017.88 152804.0
-3976.75 151047.0
-3715.15 145871.0
-1643.49 158692.0
-2813.46 141467.0
-2264.66 152639.0
-3524.79 154721.0
-4571.2 145457.0
4845.32 146937.0
5134.75 140309.0
2569.95 135928.0
5833.84 139546.0
1312.04 143756.0
8032.4 126935.0
6955.94 124620.0
9315.91 122776.0
2297.22 137255.0
549.5 136442.0
-2780.07 143321.0
-1632.36 151697.0
1228.55 153460.0
-706.184 153672.0
-2971.54 149110.0
-2186.73 135919.0
-2798.99 131811.0
-5576.41 142662.0
-3492.51 149115.0
2510.95 135850.0
-2119.94 139323.0
-4922.97 147066.0
-5996.09 145490.0
-7849.56 146432.0
-8829.17 140628.0
-9138.64 142792.0
-10775.0 139390.0
-10155.0 146392.0
-6945.64 140498.0
-12945.8 149364.0
-20463.2 150339.0
-20643.5 155478.0
-16845.3 140347.0
-14387.3 139336.0
-10861.9 131210.0
-10691.5 126713.0
-4986.42 141104.0
1684.96 150539.0
6123.27 150922.0
-820.843 146398.0
-6803.15 143615.0
-8943.83 136947.0
-4181.58 135099.0
1044.87 142447.0
3570.71 137894.0
551.726 143749.0
-742.92 151552.0
3579.62 137878.0
14765.0 105960.0
31337.1 104925.0
42129.6 98782.6
51060.7 98012.2
60397.1 100397.0
69356.1 99915.8
75617.8 97005.9
76313.5 98864.9
73718.7 89652.1
73109.8 99365.9
77211.9 56091.5
73543.9 92798.0
76218.9 98646.7
73981.4 83073.1
73857.8 106535.0
