-24490.7 155210.0
-18589.7 154391.0
-17325.1 152837.0
-15527.3 152459.0
-14271.6 148251.0
-13512.4 146002.0
-10985.4 145637.0
-10408.8 154360.0
-11371.7 178950.0
-5314.81 176110.0
-5175.66 160814.0
-1231.61 161068.0
-1174.84 154554.0
-2544.07 153006.0
1839.69 152688.0
1307.59 154077.0
2950.66 152948.0
-1300.63 155061.0
-4296.24 152341.0
-4138.16 133476.0
-2807.9 141209.0
-502.469 144619.0
-308.773 141531.0
-1565.57 145354.0
11.8266 139799.0
-2038.68 143419.0
-2250.19 152599.0
-6498.14 152732.0
-8357.17 156876.0
-9655.16 156591.0
-8454.02 161081.0
-4376.39 160367.0
-6354.54 158274.0
-3425.72 157323.0
-3626.09 152352.0
-2426.07 166825.0
-3191.95 161674.0
-8098.91 161064.0
-8403.93 155250.0
-6985.72 158871.0
-7974.23 167803.0
-6686.27 156822.0
-7304.09 156219.0
-6538.21 163252.0
-6218.73 157582.0
-5058.78 157221.0
-1985.25 163127.0
-1187.08 160543.0
-4182.69 156105.0
-12126.5 156767.0
-12293.4 157875.0
-6038.39 145779.0
-4344.11 131620.0
1007.02 137172.0
8531.11 128302.0
16225.5 124811.0
14434.4 124411.0
15823.6 120036.0
14087.1 118114.0
15594.3 121338.0
16098.6 124099.0
12206.9 125706.0
12510.8 128785.0
6929.22 133879.0
4558.11 137455.0
6237.93 131459.0
10210.9 127340.0
6183.38 134899.0
4417.85 134926.0
3802.26 140754.0
3231.19 139986.0
1274.19 144486.0
1303.13 151659.0
1424.47 146973.0
-1803.79 147910.0
-1710.29 151178.0
5951.83 142731.0
-2565.22 153478.0
-6037.27 154420.0
-6785.34 156813.0
-12221.1 157183.0
-12677.5 157851.0
-11310.5 157722.0
-11243.7 159901.0
-2880.25 160897.0
-1122.52 156936.0
-2816.8 158080.0
-5665.47 157512.0
-6426.89 160888.0
-585.959 160765.0
-31.588 158595.0
73.0524 158822.0
-2093.22 155066.0
-3504.76 154433.0
650.801 153634.0
-708.41 152701.0
1241.91 154794.0
2461.97 156003.0
337.993 157230.0
1178.45 142611.0
-4048.0 139134.0
-14168.1 139550.0
-15738.8 141685.0
-15196.6 135868.0
-4604.59 134828.0
1972.16 138408.0
3817.84 140790.0
1587.0 142440.0
-617.128 142914.0
-3541.49 152661.0
-9035.11 152906.0
-11763.5 156787.0
-15529.5 156960.0
-11872.6 155030.0
-10533.5 161571.0
461.557 160857.0
-1536.63 155889.0
-2453.9 156065.0
-1595.63 154306.0
-4295.12 154131.0
-7933.05 156891.0
-10167.2 156871.0
-11514.2 159757.0
-7330.81 155288.0
-6934.51 161963.0
-6126.33 157880.0
-4377.5 160741.0
643.008 160585.0
-1686.91 150980.0
1226.32 145323.0
5313.97 133118.0
12184.6 125704.0
16221.1 124849.0
-15149.9 179552.0
16083.0 124640.0
11649.2 126085.0
12643.2 129763.0
5876.14 132105.0
3783.33 137524.0
1081.61 143168.0
4698.38 141037.0
-2835.73 134692.0
-4425.37 135997.0
-2286.92 137702.0
-4662.48 145417.0
-5661.01 143807.0
-643.845 143488.0
9869.17 127058.0
13219.9 124544.0
15593.2 114461.0
15821.4 121619.0
11623.6 126401.0
12469.6 128489.0
5999.7 134895.0
4324.34 138236.0
2581.08 133287.0
2976.26 132648.0
901.269 142647.0
1111.66 160890.0
2453.06 160832.0
660.819 157911.0
1181.79 155996.0
4437.89 152258.0
4643.83 134140.0
11767.2 125762.0
15479.7 115200.0
15823.6 121327.0
15788.0 120140.0
6135.51 131392.0
758.78 141091.0
-9062.94 143849.0
-11880.4 152857.0
-13483.4 154273.0
-12323.5 151312.0
-2607.52 153162.0
-3980.09 152610.0
-440.13 149368.0
-3273.21 154095.0
-2442.77 155090.0
-4310.71 152236.0
-4615.72 132325.0
-10955.4 125577.0
-9332.33 130845.0
-11045.5 139399.0
-12651.9 138045.0
-10008.0 140024.0
-6635.06 138279.0
-3591.59 140033.0
-3947.81 134830.0
4052.72 134964.0
6190.06 130457.0
13989.1 124306.0
16097.5 124506.0
15814.7 121338.0
16759.8 124123.0
21453.1 123780.0
19977.0 110335.0
21563.3 106081.0
23027.1 106105.0
22959.2 103480.0
21806.0 106061.0
19977.0 106439.0
19501.6 124633.0
16262.2 124785.0
21531.0 124226.0
19961.4 111878.0
21896.1 106085.0
22940.3 103462.0
22624.2 106043.0
19972.5 107842.0
21268.3 122863.0
19623.0 124595.0
14068.1 124197.0
12644.4 120149.0
14063.7 118479.0
15874.9 122142.0
15908.2 124041.0
10179.7 127116.0
6050.91 131778.0
15.1662 147002.0
11.8266 151935.0
1343.21 152980.0
939.118 142346.0
1196.27 156012.0
1237.45 151463.0
2385.16 152632.0
1878.65 147414.0
99.769 145316.0
-1261.67 145007.0
-362.207 144154.0
-1224.93 146260.0
3755.5 137546.0
2252.69 135538.0
-2506.22 134652.0
-3607.17 138984.0
2210.39 142135.0
980.306 155132.0
5731.42 152724.0
14234.0 152098.0
8040.19 151677.0
8782.69 149647.0
4605.98 146265.0
3201.13 146979.0
974.74 143613.0
-5964.92 143602.0
-12847.8 149357.0
-13441.1 145980.0
-10500.1 145278.0
-10608.1 140022.0
-9233.26 139372.0
-15849.0 139993.0
-19282.1 126138.0
-19657.2 131201.0
-13959.9 135520.0
-3307.72 135520.0
-4784.93 137134.0
-4993.1 143057.0
-5239.11 139263.0
-2830.16 138862.0
-692.826 137444.0
1669.37 131985.0
2141.37 135418.0
14110.4 124270.0
16105.3 124108.0
15695.6 121336.0
12815.8 125225.0
11500.0 130208.0
7462.44 131918.0
4898.75 136609.0
3027.47 137263.0
4732.89 138481.0
-1238.29 145802.0
-1999.72 152659.0
-707.297 152719.0
-1429.76 150457.0
-2526.26 152641.0
-10114.9 152574.0
-9536.05 150660.0
-11769.1 149255.0
-10148.3 150426.0
-8556.43 149264.0
-7361.98 144203.0
-3697.34 147080.0
-3655.04 148863.0
-4632.42 146216.0
-2708.82 147046.0
-3452.44 153654.0
-4763.78 135934.0
-5095.51 131259.0
-4428.71 134843.0
476.029 136489.0
1028.17 132922.0
4430.1 138564.0
6419.38 139131.0
5539.95 140131.0
3333.6 133516.0
836.704 132673.0
1949.9 128990.0
-3551.51 124972.0
-2896.95 133120.0
-10522.3 135095.0
-12408.1 138804.0
-12949.1 138421.0
-12175.4 140296.0
-10585.8 141229.0
-8489.64 138361.0
-8108.93 148351.0
-8073.31 151777.0
-5889.22 145445.0
2385.16 144277.0
2919.49 142455.0
-620.468 145292.0
2182.56 150802.0
-5668.81 148213.0
-6036.16 145966.0
-3661.72 146997.0
-6562.7 147064.0
-2344.81 147035.0
-1705.83 150702.0
255.616 142050.0
-937.729 126238.0
-2975.99 123727.0
-140.681 128057.0
-1270.57 129950.0
558.405 130477.0
16096.4 124201.0
15734.6 121329.0
5050.15 133588.0
4432.32 134903.0
2574.4 131050.0
3016.34 135006.0
3592.97 129113.0
5645.71 132499.0
15427.3 120817.0
15382.8 114280.0
16258.9 124785.0
21065.7 124471.0
20824.1 106065.0
23034.9 103609.0
22175.5 106045.0
19973.6 106544.0
20749.5 124491.0
16098.6 124121.0
16016.2 119748.0
15755.7 120871.0
15775.8 117019.0
15977.3 119272.0
1271.96 144366.0
1226.32 155818.0
1270.85 152581.0
-975.577 152592.0
-2168.92 143444.0
-6342.29 143660.0
-4681.4 143397.0
-4737.06 139405.0
-1249.42 139401.0
2682.38 144771.0
2794.81 147022.0
5210.45 144359.0
-8445.12 154712.0
5067.96 140565.0
6603.05 142186.0
5906.19 139167.0
3380.35 138544.0
4020.44 141645.0
140.957 142634.0
1227.44 142892.0
1266.4 153783.0
-7048.06 164877.0
-2030.89 163655.0
278.993 172777.0
370.275 163110.0
1937.65 157860.0
1959.92 161369.0
1175.12 150205.0
3703.18 146962.0
1913.16 146973.0
579.556 143230.0
1303.13 147004.0
7496.95 147035.0
7472.46 143063.0
10160.8 145216.0
621.857 146993.0
-1240.52 145430.0
3872.39 140881.0
4040.48 137878.0
6609.73 130765.0
11375.3 126274.0
11740.4 126503.0
14541.2 124435.0
16217.7 124838.0
16218.8 3433360.0
16094.2 124475.0
11894.1 117736.0
9015.35 120254.0
66019.8 120254.0
9271.38 119651.0
12693.3 118210.0
