-7899.65 136224.0
-9418.05 137853.0
-8554.21 149086.0
-10427.7 154017.0
-9175.37 157183.0
-8477.4 152646.0
-14595.5 152810.0
-15597.4 144003.0
-21557.4 138780.0
-16868.7 141351.0
-13618.1 139577.0
-14011.1 143638.0
-21349.3 122053.0
-14910.6 136558.0
-14067.9 144188.0
-17280.5 143640.0
-17244.9 152452.0
-17069.0 144085.0
-13179.5 142562.0
-9383.54 137475.0
-9512.67 133850.0
-3186.38 134981.0
-4279.54 139105.0
-14434.1 139697.0
-11106.8 139472.0
-8569.79 151929.0
-11299.3 152888.0
-10444.4 149273.0
-2802.33 142927.0
-3190.84 137386.0
-4334.09 139013.0
-13013.7 139452.0
-15562.9 152425.0
-14488.7 156980.0
-14808.1 152855.0
-2551.86 152439.0
2091.27 144789.0
-7712.63 137533.0
-11204.7 125693.0
-12559.5 132882.0
-11591.0 135300.0
-13032.6 139450.0
-10930.9 126512.0
-16142.9 115387.0
-15304.6 125495.0
-10731.6 136749.0
-4776.02 133962.0
-4778.25 136582.0
-4783.82 133975.0
-2181.17 143473.0
-2621.99 151742.0
-4654.69 144575.0
-8408.38 147229.0
-10667.1 137506.0
-9737.53 136317.0
-15562.9 140490.0
-14291.6 155092.0
-16581.5 140205.0
-16279.8 141863.0
-9064.05 139432.0
1888.67 146999.0
2725.8 145846.0
611.839 148171.0
-1881.72 145572.0
-5531.88 152759.0
-10141.6 152109.0
-10530.1 147647.0
-14130.2 141565.0
-13333.2 139566.0
-15210.0 137593.0
-6004.99 134921.0
1780.69 138343.0
2603.34 137491.0
-2350.37 145363.0
3144.36 136667.0
-1640.15 141242.0
-1901.76 145105.0
2004.45 143068.0
-1784.87 145076.0
-487.998 143257.0
1084.95 148725.0
-9439.2 152877.0
-10050.3 151100.0
-1710.29 152590.0
966.948 149941.0
-3940.02 152174.0
-2735.54 154387.0
1412.23 155812.0
-2171.15 152169.0
-4561.18 152739.0
-6712.98 163252.0
-8470.72 152899.0
-7591.29 150388.0
-4423.14 149088.0
-3371.17 151176.0
-1056.84 148585.0
-3434.62 147008.0
-8466.27 147229.0
-10547.9 148979.0
-16440.1 149141.0
-14938.4 145608.0
-6344.52 143633.0
-1910.66 145109.0
-4671.38 143399.0
-2126.62 143511.0
2246.01 137143.0
-9396.9 144125.0
-11034.4 161513.0
-9760.91 154658.0
-18018.6 144956.0
-11922.7 145940.0
-8454.02 143716.0
-2150.0 143480.0
-1907.32 145114.0
3086.47 136711.0
-3085.08 134710.0
-7710.41 138027.0
-1216.03 139793.0
-4096.98 134737.0
-9890.04 142647.0
-7768.29 139911.0
-8677.77 144332.0
-4672.5 143397.0
-10514.5 147610.0
-7926.37 139225.0
-11779.1 148945.0
-6652.87 145078.0
-2852.42 145381.0
-3707.36 146116.0
14284.1 122983.0
15405.1 116899.0
15537.6 118651.0
6538.49 130673.0
4380.0 150266.0
4436.78 147267.0
331.314 143885.0
-2849.08 137889.0
-9429.18 139421.0
-15057.5 137597.0
-15183.3 126532.0
-15921.3 134518.0
-12542.8 133788.0
-10562.4 136947.0
-4813.87 134837.0
2896.11 137005.0
1349.89 139822.0
-4358.58 138517.0
1097.19 142226.0
-3591.59 137729.0
-4337.43 139352.0
-2099.9 139053.0
1023.72 149613.0
769.912 141957.0
1217.42 143021.0
4290.95 140668.0
1995.54 142072.0
-3601.6 138154.0
-10558.0 145160.0
-10298.6 151762.0
-10452.2 150281.0
-10865.2 153888.0
-10771.7 150606.0
-14018.9 143137.0
-12294.5 139465.0
-7795.01 139263.0
-6102.95 142921.0
-6264.37 134790.0
-7488.88 134358.0
-7721.54 137756.0
-9541.61 135037.0
-10476.7 146750.0
-17278.3 150744.0
-12840.0 152191.0
-10632.5 150404.0
-11503.1 150397.0
-8952.73 136767.0
-4615.72 143444.0
-4718.14 131706.0
-8985.01 135709.0
-9411.37 142985.0
-4859.51 139241.0
-4025.73 130353.0
-8052.16 134405.0
-8421.74 128264.0
-10425.5 150849.0
-15275.7 152688.0
-16688.3 140245.0
-3599.38 143088.0
-2863.56 140685.0
-4750.42 138887.0
-4768.23 134340.0
-1957.42 143591.0
-1780.42 152641.0
-7890.74 141937.0
-8506.34 135113.0
-5391.62 139047.0
-6367.89 138263.0
-15665.3 157973.0
-16801.9 157508.0
-15539.5 149384.0
-12796.6 151383.0
-9267.77 139434.0
-4328.52 139318.0
-3850.96 141115.0
-3444.64 137713.0
-5372.7 137845.0
-3685.09 134434.0
-3560.42 127376.0
2183.67 137983.0
-1985.25 143021.0
-2364.84 146494.0
-1730.32 141251.0
-1939.6 145147.0
1895.35 139107.0
-8721.19 152501.0
-6687.38 149564.0
-2610.86 151960.0
-7300.75 154496.0
-2933.69 151043.0
-33.8143 152817.0
-2327.0 151036.0
-3601.6 152557.0
1430.04 152610.0
-7505.58 147191.0
-5037.63 151141.0
-2716.61 147903.0
-11.5504 149395.0
-2476.16 149072.0
71.9392 158946.0
-2620.88 151036.0
-4315.16 151023.0
118.693 153598.0
-5941.54 160812.0
-14984.0 163829.0
-8587.6 147414.0
-7666.99 143896.0
-5304.79 149707.0
-3652.81 149197.0
-3525.91 141877.0
-1914.0 145127.0
1212.96 145319.0
4496.89 141322.0
213.315 142736.0
824.459 128725.0
-4199.39 122144.0
-1915.11 118208.0
-4256.16 122044.0
-4383.07 133361.0
-4873.99 139234.0
-4550.05 133392.0
-661.656 135131.0
-2905.86 134583.0
1448.96 132891.0
-1466.5 134647.0
-8146.78 134932.0
-4664.71 133425.0
-9847.74 139423.0
-11724.6 139463.0
-4507.74 136075.0
-7925.25 134968.0
-7634.71 143945.0
-4755.99 139851.0
-4591.23 150760.0
-3788.62 130146.0
-3881.02 133997.0
2650.1 137511.0
75828.2 101492.0
74840.8 103832.0
75847.1 101862.0
72656.7 99998.2
70406.9 100446.0
75690.2 101684.0
71878.6 99733.2
70607.3 100633.0
73461.5 100521.0
76628.6 97820.7
74867.5 99864.6
77708.4 101730.0
74356.5 98780.3
71129.4 100192.0
63708.8 99940.3
61993.4 89376.1
63587.5 98740.2
70421.4 100655.0
75287.2 98344.0
75726.9 101679.0
74113.9 102534.0
76958.1 90613.9
75254.9 92428.4
75826.0 101479.0
