-22475.8 152837.0
-25490.4 152935.0
-21949.3 150573.0
-15700.9 135587.0
-9488.18 133047.0
-8644.38 128331.0
-9217.67 141418.0
-9027.32 136286.0
-7961.99 140821.0
-11559.8 145924.0
-7849.56 141039.0
-8703.38 139343.0
-6317.8 136333.0
-7943.06 142952.0
-11906.0 145880.0
-12257.8 140726.0
-11303.8 135280.0
-10718.3 136698.0
-10170.6 133710.0
-7891.86 135754.0
-8579.81 143642.0
-4740.4 133585.0
-4738.18 132276.0
1281.98 143613.0
481.595 151274.0
2644.53 152614.0
-828.636 154237.0
-657.203 156203.0
-5431.7 160801.0
-2972.65 162101.0
-1112.5 157116.0
2192.58 152574.0
106.448 141084.0
581.782 145508.0
2648.99 144272.0
3356.98 147011.0
1662.69 141351.0
-2606.41 153078.0
-3648.36 148587.0
-1826.06 147144.0
1325.4 151227.0
1946.56 159320.0
-3676.19 143582.0
-2774.5 141716.0
2066.78 143876.0
-813.051 140024.0
-15326.9 140323.0
-4740.4 134365.0
-4701.44 130644.0
5052.37 131441.0
15037.7 121574.0
15863.7 114392.0
1722.81 141222.0
-161.832 141442.0
15097.8 121407.0
15892.7 114581.0
13361.3 117769.0
11648.1 116015.0
4990.03 129070.0
1235.23 148277.0
658.593 141988.0
-483.545 141937.0
-246.435 138274.0
133.165 143916.0
-2016.41 148046.0
-10106.0 149215.0
-11594.3 145929.0
-8133.42 140859.0
-9432.52 138290.0
-13864.1 139192.0
-13207.4 136506.0
-14483.1 139697.0
-14123.5 154917.0
-10637.0 150401.0
-10050.3 151470.0
-10740.5 134926.0
-8093.35 138642.0
-9837.72 143782.0
-8960.52 135888.0
-8737.89 143224.0
-8019.87 140768.0
-8209.12 143146.0
-7525.62 137381.0
-9828.82 128347.0
-8411.72 129551.0
-7937.5 141538.0
-10534.6 146427.0
-11351.7 154418.0
-10785.1 148199.0
-10316.4 147313.0
-10809.5 149130.0
-10753.9 147374.0
-10433.3 150769.0
-12418.1 155046.0
-18215.6 155139.0
-21924.8 152777.0
-21220.1 147970.0
-18008.6 144720.0
-11581.0 145980.0
-9369.07 144379.0
-10756.1 145621.0
-9123.05 144499.0
-10934.2 129329.0
-15906.9 136066.0
-12214.4 135046.0
-11589.9 145924.0
-6690.72 147084.0
-6376.8 154449.0
-10116.0 146385.0
-11391.7 162575.0
-8123.4 149179.0
-13546.9 141745.0
-13181.8 139532.0
-11699.0 141126.0
-15613.0 145296.0
-10571.3 146325.0
-11291.6 148536.0
-10559.1 146312.0
-13994.4 143014.0
-11827.0 129529.0
-14003.3 135963.0
-9464.8 134423.0
-4710.35 142489.0
-6524.85 152904.0
-4783.82 145414.0
-1203.78 140852.0
-1214.91 149139.0
-7211.7 164071.0
-15250.1 165238.0
-10796.2 166583.0
-9325.65 150853.0
-9671.86 152790.0
-9408.03 150985.0
-9676.31 153498.0
-9312.29 150873.0
-7718.2 153572.0
-9657.38 137471.0
-7856.23 135077.0
-3639.45 139187.0
358.03 137108.0
1817.43 138671.0
-2684.33 139114.0
-2184.51 140656.0
-4724.82 131177.0
-6779.78 136175.0
-6049.52 146022.0
-7865.14 144481.0
-3013.84 140688.0
-1189.31 160609.0
3049.74 152971.0
2004.45 146984.0
3102.06 150145.0
-139.568 147002.0
-11172.4 150408.0
-11576.5 152541.0
-11060.0 145673.0
-12835.6 140741.0
-9045.13 135133.0
-6947.87 135318.0
-7840.65 140970.0
-9180.94 131913.0
-8489.64 139354.0
-15679.8 142242.0
-17891.7 149785.0
-13303.1 139539.0
-7198.34 140516.0
-2260.2 143433.0
-584.846 163873.0
1977.73 160961.0
-150.7 141344.0
-1212.69 139392.0
-2088.77 140022.0
-3745.21 130426.0
-4403.1 117253.0
-5793.48 140409.0
-6583.85 139209.0
-3573.77 139285.0
-10631.4 141578.0
-12340.2 146919.0
-13867.5 145506.0
-13574.7 132664.0
-9497.08 139372.0
-10847.4 137807.0
-14198.1 140897.0
-329.924 147031.0
2003.33 142226.0
-1794.89 148329.0
-1804.91 141779.0
589.575 143442.0
-5354.89 131390.0
-1064.63 152804.0
-11021.0 156811.0
-12144.3 158472.0
-15637.5 142162.0
-15893.5 138268.0
-12943.5 139530.0
-14722.4 137653.0
-10502.3 145512.0
-10254.1 143831.0
-1844.98 145332.0
-2327.0 153358.0
-1852.77 145454.0
1978.84 141857.0
1769.56 138323.0
39.6565 138541.0
-2600.84 148415.0
2612.25 147636.0
822.233 148213.0
-1870.59 145539.0
-2024.21 148077.0
1287.55 133532.0
-1267.23 140710.0
-3256.51 141761.0
-1113.61 143117.0
-1659.08 147616.0
-4065.81 137742.0
-2198.98 135925.0
-4781.59 136141.0
-15617.4 147073.0
-15576.2 155184.0
-11998.4 154774.0
-10574.7 150419.0
-8149.01 148667.0
-9219.9 146775.0
-12103.1 151372.0
-10802.9 149168.0
-13696.1 144452.0
-11616.6 145951.0
-10955.4 130549.0
-11795.8 137034.0
-8289.27 140777.0
-10176.1 157254.0
-14848.2 137192.0
-10993.2 145583.0
-16385.5 148113.0
-13279.7 148211.0
-18414.9 142752.0
-15994.8 144773.0
-10640.3 166534.0
-10136.1 158376.0
-7325.24 154663.0
-11965.0 155938.0
-11958.4 153883.0
-1586.72 153654.0
-1409.72 155876.0
-4311.82 152198.0
74.1656 158425.0
-2638.69 150243.0
-2741.1 144428.0
-2105.47 146145.0
-3030.54 145374.0
4354.4 146997.0
4741.79 141534.0
2418.55 138967.0
-13111.6 135324.0
-18676.5 130905.0
-16772.9 135427.0
-23004.6 121924.0
-10408.8 146256.0
-10788.4 150181.0
-6262.14 140429.0
-4719.25 141560.0
-15382.5 140249.0
-14852.7 141823.0
-11761.3 132345.0
-7543.43 169758.0
-3238.7 179743.0
-5310.36 173767.0
-2508.45 148378.0
-3053.91 153661.0
-3791.96 143063.0
-12690.8 145971.0
-10461.1 150108.0
-2347.03 152744.0
-2163.36 147972.0
-181.869 149604.0
-1750.36 149898.0
-605.997 155852.0
-1582.27 153162.0
-15733.2 155809.0
-15560.7 151020.0
-11245.9 146258.0
-7876.27 146180.0
-4994.21 141124.0
1205.17 143215.0
346.898 137096.0
1797.39 138795.0
-2115.49 139410.0
-4708.12 141454.0
-4686.97 144083.0
29.6378 145022.0
637.442 142375.0
-159.605 143578.0
-4641.33 142634.0
-11208.1 125833.0
-15134.3 120619.0
-11050.0 130520.0
-11326.1 134748.0
-10277.4 133376.0
-2890.27 134262.0
-9504.88 132370.0
15658.9 105918.0
27866.2 104313.0
41782.2 98842.7
56002.2 98504.3
67345.6 95258.2
67588.3 101764.0
69121.2 100635.0
67325.6 95240.4
69119.0 100463.0
68442.1 103652.0
68310.8 102650.0
75002.2 102227.0
70626.2 99909.1
68344.2 102928.0
62524.4 99183.3
64783.1 88953.0
67818.8 91457.7
65959.7 88521.1
62708.1 99080.9
69332.7 103086.0
74954.3 102302.0
67156.4 99555.1
50495.2 97974.4
20116.1 106049.0
12011.0 113875.0
4992.26 128963.0
1784.03 119390.0
4997.83 129081.0
3165.51 131900.0
5865.01 139601.0
-626.034 145129.0
-2738.88 144116.0
1150.63 143560.0
2300.56 147734.0
-3152.99 135108.0
-3725.17 139107.0
-4803.85 137664.0
-7154.92 140360.0
-8063.29 151067.0
-7634.71 152982.0
831.138 152668.0
6739.98 154436.0
5115.83 154295.0
3550.67 148211.0
2090.16 147848.0
-1306.2 135912.0
-3650.58 148578.0
-2016.41 148235.0
-8085.55 149489.0
-6303.33 147460.0
-7366.43 152891.0
-8206.89 152113.0
-15482.7 159323.0
-15188.8 161442.0
-7577.94 152911.0
-7587.95 150341.0
-7510.03 152790.0
1939.88 157884.0
537.255 155818.0
-1868.36 155950.0
-2016.41 148148.0
-619304.0 1571730.0
-460.168 158817.0
-3767.47 166552.0
-4034.64 162773.0
3029.7 158477.0
-2768.93 153427.0
-590.412 155375.0
-1791.55 153374.0
-862.031 155429.0
666.385 156007.0
2858.27 137395.0
15428.5 117235.0
15852.6 114365.0
11736.0 117660.0
6377.08 126986.0
-3106.23 134668.0
-2872.46 133423.0
-18820.1 154563.0
-13495.7 154687.0
-11736.8 149310.0
-13750.6 146167.0
-11995.1 146116.0
-10798.4 140536.0
-7439.9 135048.0
-3744.09 144214.0
-2854.65 137308.0
1810.75 138468.0
45.2225 139761.0
1295.34 151123.0
-5533.0 160638.0
-11519.8 156266.0
-13228.5 158301.0
-12692.0 161048.0
-7820.61 161059.0
-2866.9 164241.0
-3809.77 166318.0
175.466 163321.0
5273.9 154342.0
3084.24 154293.0
2659.0 146407.0
4465.72 145310.0
2030.05 143929.0
2003.33 142137.0
653.027 143141.0
-132.889 141364.0
-3997.9 144421.0
-3676.19 152191.0
-4563.4 148409.0
-8588.72 147527.0
-10079.3 149302.0
-5525.2 138833.0
-9670.74 139365.0
-13890.9 146278.0
-16286.5 141730.0
