-6184.22 143103.0
-2037.57 139105.0
-425.659 141763.0
-2005.28 141255.0
-3795.3 143531.0
-8104.48 143611.0
-9472.59 149221.0
-10546.8 147632.0
-12894.6 148787.0
-12771.0 152701.0
-2585.26 152997.0
-1122.52 149119.0
-1787.1 144105.0
-10434.4 144143.0
-10691.5 136393.0
-14458.6 135445.0
-19682.8 131096.0
-26109.3 133666.0
-19404.5 129607.0
-16782.9 134512.0
-1868.36 134708.0
5893.95 139040.0
5503.22 137956.0
7907.72 149279.0
5794.87 149279.0
4570.36 141002.0
443.746 145321.0
-3692.89 145844.0
-2940.37 143546.0
-7552.33 143591.0
-11234.8 123340.0
-12509.4 133726.0
-10084.9 133652.0
-13039.3 133835.0
-11221.4 135233.0
-17466.4 136063.0
-18107.6 140875.0
-13442.2 139557.0
-15577.4 149315.0
-11421.8 191948.0
-11652.2 174362.0
-9473.71 166075.0
-3921.09 164107.0
-2758.92 153434.0
-983.37 152933.0
-579.28 148153.0
793.289 147625.0
1058.23 159779.0
586.235 146594.0
-5714.45 147719.0
-1115.84 149032.0
594.028 147122.0
-285.396 147033.0
826.685 147249.0
-2679.88 146982.0
-2243.51 145412.0
452.652 146530.0
-2761.14 133499.0
-1232.73 140788.0
428.162 142999.0
5475.39 138492.0
2611.14 144446.0
7299.91 129689.0
5493.2 136651.0
1061.57 147097.0
3074.23 154358.0
2104.63 143005.0
-3270.99 143515.0
-3496.96 141790.0
-2508.45 153460.0
-632.713 156669.0
-6199.8 162244.0
-11300.5 155364.0
-9428.07 138804.0
-8728.98 143431.0
-7049.17 143081.0
-9969.08 144455.0
-12442.6 165888.0
-9411.37 165476.0
-8307.08 153220.0
-7412.07 160572.0
-9549.4 150604.0
-11279.3 146267.0
-10316.4 145526.0
-10428.8 152781.0
-14340.6 155026.0
-11163.5 150462.0
-10384.3 151345.0
-10622.5 141592.0
-12106.4 140398.0
-10614.7 142665.0
-9413.59 137994.0
-7333.03 135055.0
-3602.72 134821.0
-734.014 160792.0
-2625.33 160943.0
653.027 160080.0
195.504 154774.0
1072.7 152610.0
-1725.87 150210.0
-1837.19 144682.0
-9536.05 144225.0
-11336.1 144401.0
-12246.7 141560.0
-10592.5 142827.0
-10554.6 108011.0
-10153.9 139454.0
-4586.78 139185.0
759.894 142099.0
3995.95 138668.0
5826.04 139543.0
4441.23 136709.0
5912.87 139630.0
4415.63 137450.0
3384.81 138194.0
4402.27 149331.0
-616.015 152628.0
-2605.29 151247.0
-1820.49 144297.0
1235.23 143050.0
-1383.01 149088.0
-4052.45 143566.0
-10279.7 144606.0
-11346.1 143359.0
-8771.28 159839.0
-18743.3 142498.0
-16730.6 144272.0
-15578.5 156275.0
-8221.36 154563.0
-5853.6 152855.0
-3558.19 153173.0
-4505.52 136177.0
-3289.91 143580.0
-341.056 141794.0
842.27 147563.0
523.896 146527.0
-706.184 148560.0
-4112.56 148943.0
-1694.7 148965.0
797.742 133111.0
5922.89 139815.0
1323.17 143887.0
1864.18 149077.0
-1072.43 149417.0
-108.398 147024.0
-1286.16 148505.0
-4753.76 143593.0
-11222.5 145630.0
-26212.8 143569.0
-27956.1 143862.0
-26596.9 147011.0
-12268.9 149393.0
-10155.0 145011.0
-10639.2 154847.0
-14340.6 155052.0
-10166.1 144985.0
-10826.2 138390.0
-10350.9 139481.0
-4881.78 139245.0
-4732.61 137230.0
-1610.1 140033.0
336.88 148493.0
1510.19 149324.0
696.442 152585.0
-3594.92 151532.0
-1539.97 150864.0
-1828.28 145929.0
215.541 141244.0
224.447 142723.0
3655.31 142050.0
649.687 143081.0
160.995 146977.0
-1051.27 145283.0
-4758.21 145437.0
-1254.99 145893.0
-1250.54 144680.0
1600.36 149457.0
1431.15 142763.0
-101.719 152539.0
-14848.2 153106.0
-15064.2 155099.0
-14784.8 145735.0
-12880.1 150751.0
-14348.4 153861.0
-12306.8 150448.0
-11518.6 152870.0
-11540.9 141779.0
-10433.3 145563.0
-8765.72 143776.0
-7855.12 147193.0
-7908.56 145114.0
1374.38 141863.0
4411.17 138628.0
5898.4 138695.0
3863.48 137341.0
591.801 141857.0
1259.72 153739.0
114.241 155916.0
-7289.62 157000.0
-8433.98 152519.0
-17262.7 158759.0
-18294.7 161322.0
-14215.9 155994.0
-10172.8 152924.0
-6325.59 157548.0
-3778.6 155146.0
8164.87 152481.0
1238.57 147451.0
320.182 148491.0
1153.96 146948.0
-1059.07 138924.0
-3738.53 143132.0
-14785.9 145670.0
-15487.2 153151.0
-4842.82 152381.0
-4014.6 151072.0
-3985.66 152630.0
-5164.53 142923.0
-3395.66 154193.0
-3620.53 155453.0
4462.38 152908.0
5168.15 145169.0
3841.22 148928.0
2749.17 146100.0
747.648 147264.0
1638.2 151561.0
2898.34 151860.0
854.515 147565.0
1326.51 143802.0
3359.2 141703.0
409.237 142985.0
3005.21 138913.0
5937.36 139234.0
2615.59 143987.0
2725.8 137609.0
15051.1 121474.0
15867.1 114732.0
15333.8 121233.0
3280.17 136858.0
608.499 133679.0
2267.16 135540.0
15803.6 121420.0
14680.4 118007.0
12379.4 128057.0
6621.98 134739.0
-762.957 135055.0
-4698.1 134006.0
-3160.78 134078.0
-3951.15 126216.0
-3603.83 138929.0
-1606.76 139158.0
-1222.71 144744.0
-1848.32 143949.0
-1708.06 151724.0
-2586.37 151895.0
-2969.31 147031.0
-6008.33 146986.0
-4646.89 145316.0
-1612.32 139848.0
212.202 141344.0
-1796.0 143976.0
-10552.4 144902.0
-12142.0 159087.0
-10839.6 149139.0
-13790.7 146145.0
-14320.6 139737.0
-15340.2 140209.0
-12199.9 140645.0
-7112.62 135042.0
-2895.84 134995.0
2060.11 138419.0
3225.62 136829.0
5507.67 142484.0
4846.43 140256.0
1521.32 143364.0
-1908.43 139022.0
-5352.66 139074.0
-4375.27 136275.0
-2492.86 138495.0
-2894.73 136017.0
376.955 136406.0
1621.51 139327.0
-175.19 163566.0
-15672.0 165363.0
-12823.3 165933.0
-3436.85 164060.0
3872.39 152692.0
5924.0 139946.0
799.969 143687.0
-50.5123 148505.0
-1507.68 149046.0
-3668.4 135727.0
-2868.01 123925.0
-4789.38 136771.0
-5249.13 147060.0
-5274.74 145445.0
-1907.32 145381.0
-1132.54 142988.0
-1267.23 149054.0
-2369.3 149426.0
-2736.65 147158.0
-3619.42 150014.0
-3646.13 149188.0
-13490.1 147654.0
-11715.7 150381.0
-14153.6 154781.0
-12401.4 152931.0
-12105.3 156689.0
-13359.9 157915.0
-10183.9 156940.0
-7894.08 167821.0
-7048.06 164510.0
-4535.57 163911.0
-5530.77 159677.0
-4590.12 147750.0
-4257.28 137119.0
-3511.44 143593.0
-2916.99 133588.0
-1480.97 135914.0
-2853.54 138350.0
-661.656 143682.0
-1187.08 140924.0
-3491.4 141302.0
-1257.22 161070.0
-3294.36 164022.0
-4960.82 164047.0
-4772.69 156250.0
-6277.72 160670.0
-18640.9 161471.0
-18516.2 160088.0
-20882.8 162711.0
-13300.9 157978.0
-3707.36 155155.0
-1015.65 149725.0
2036.73 154436.0
1315.38 144902.0
6192.28 138535.0
6842.39 134120.0
15307.1 121207.0
15389.5 106731.0
25280.2 106448.0
41241.2 98885.0
55740.6 98462.0
62819.4 100688.0
73528.3 99842.3
74942.1 101822.0
81199.4 103861.0
75177.0 101928.0
72640.0 98074.6
67932.3 99628.6
67386.8 97186.2
69318.2 99895.7
73114.2 99245.6
71140.5 100566.0
81222.7 103645.0
84399.8 100840.0
80881.0 103870.0
72566.5 99853.4
69330.5 99824.5
74562.5 102111.0
69326.0 99829.0
71686.0 99893.5
73744.3 102541.0
76060.8 101899.0
80985.6 103707.0
74951.0 100800.0
72681.2 98815.9
69160.2 99866.8
67272.2 96349.1
71122.7 101868.0
