-10499.000000 148899.000000
-10437.700000 150297.000000
-10766.100000 151394.000000
-10920.900000 153449.000000
-12431.500000 153792.000000
-12688.600000 153679.000000
-14231.500000 152773.000000
-14424.100000 152815.000000
-16718.400000 152828.000000
-16968.800000 152815.000000
-16977.800000 152813.000000
-17258.300000 153249.000000
-18512.800000 154422.000000
-18568.500000 154427.000000
-19446.800000 154422.000000
-19452.400000 154424.000000
-20262.800000 152819.000000
-20353.000000 152815.000000
-20633.500000 152744.000000
-18948.100000 152857.000000
-18803.400000 152857.000000
-17243.800000 154088.000000
-18527.300000 154436.000000
-19714.000000 155311.000000
-19642.700000 155671.000000
-18559.600000 165091.000000
-17189.300000 167427.000000
-17051.200000 167346.000000
-15852.300000 166656.000000
-15859.000000 166674.000000
-15887.900000 168638.000000
-15736.500000 168346.000000
-15742.100000 168086.000000
-17317.300000 166805.000000
-17489.800000 166901.000000
-18590.800000 163965.000000
-18588.500000 163370.000000
-19515.800000 155353.000000
-19256.500000 155208.000000
-17299.500000 156473.000000
-16728.400000 155219.000000
-16333.200000 155206.000000
-16298.700000 158519.000000
-17335.100000 161228.000000
-17359.600000 161887.000000
-15737.700000 162687.000000
-15417.100000 159948.000000
-15554.000000 157452.000000
-12710.900000 155137.000000
-12065.200000 155092.000000
-11379.500000 154678.000000
-11365.000000 154629.000000
-13270.800000 155144.000000
-16796.300000 155119.000000
-16744.000000 155219.000000
-16745.100000 155208.000000
-16476.800000 154805.000000
-16483.500000 153501.000000
-14402.900000 152846.000000
-13774.000000 152870.000000
-12951.300000 153810.000000
-12972.500000 153761.000000
-12851.100000 151884.000000
-11564.300000 150386.000000
-11564.300000 150388.000000
-13840.800000 147126.000000
-16234.100000 144522.000000
-16294.300000 143698.000000
-17325.100000 143854.000000
-17085.700000 148859.000000
-16284.200000 149188.000000
-15580.700000 152405.000000
-11537.600000 153358.000000
-11057.800000 153331.000000
-12156.500000 153812.000000
-13690.500000 152781.000000
-16477.900000 152000.000000
-17409.700000 152793.000000
-17882.800000 152236.000000
-17851.600000 152819.000000
-19228.600000 152835.000000
-13056.000000 135391.000000
-12723.100000 134993.000000
-12483.800000 133821.000000
-12215.500000 133960.000000
-11900.500000 133768.000000
-9883.360000 133677.000000
-9247.730000 133641.000000
-8991.690000 135705.000000
-8554.210000 136602.000000
-8047.700000 136765.000000
-7886.290000 137197.000000
-8894.850000 137430.000000
-8953.850000 138844.000000
-10411.000000 139365.000000
-10668.200000 137575.000000
-9419.160000 137818.000000
-9558.310000 138263.000000
-9716.380000 139383.000000
-11112.300000 139412.000000
-14509.800000 139661.000000
-15686.400000 142239.000000
-15606.300000 145942.000000
-15617.400000 148876.000000
-18117.700000 149083.000000
-18694.300000 149057.000000
-19632.700000 151967.000000
-20617.900000 152788.000000
-21912.500000 152775.000000
-20737.000000 152833.000000
-20283.900000 152835.000000
-19781.900000 155124.000000
-19295.400000 159461.000000
-16475.700000 158786.000000
-15687.600000 158234.000000
-16471.300000 154335.000000
-15759.900000 152545.000000
-15830.100000 152610.000000
-18154.400000 152804.000000
-18171.100000 152804.000000
-20217.200000 149050.000000
-20634.600000 148144.000000
-20634.600000 148077.000000
-20645.700000 147968.000000
-20642.400000 150760.000000
-20642.400000 150784.000000
-19912.100000 152846.000000
-19840.900000 152862.000000
-19640.500000 155834.000000
-19639.400000 156074.000000
-19163.000000 158169.000000
-19504.700000 155382.000000
-19395.600000 155262.000000
-19078.400000 154418.000000
-19092.800000 154431.000000
-19635.000000 155872.000000
-19557.000000 153968.000000
-19554.800000 153765.000000
-19446.800000 148629.000000
-19447.900000 148286.000000
-18667.600000 141787.000000
-18531.800000 141772.000000
-16402.200000 141104.000000
-16398.900000 141104.000000
-15920.200000 138751.000000
-15827.800000 140924.000000
-15821.100000 141097.000000
-15606.300000 145641.000000
-15613.000000 145851.000000
-15616.300000 148952.000000
-15598.500000 151641.000000
-15598.500000 151646.000000
-15324.700000 153084.000000
-15247.800000 152933.000000
-12414.800000 153935.000000
-12801.000000 153779.000000
-13018.100000 153830.000000
-13385.500000 153921.000000
-13483.400000 154086.000000
-14976.200000 155112.000000
-16803.000000 155117.000000
-16726.200000 155222.000000
-15578.500000 155820.000000
-15587.400000 157089.000000
-15636.400000 161631.000000
-15643.000000 161792.000000
-15669.800000 162667.000000
-15659.700000 162671.000000
-16983.300000 162366.000000
-16990.000000 162402.000000
-16708.400000 162433.000000
-15747.700000 162179.000000
-15843.400000 162749.000000
-15469.400000 162631.000000
-15305.700000 161854.000000
-15557.300000 153574.000000
-15546.200000 153118.000000
-12000.700000 153812.000000
-11382.800000 154643.000000
-11946.100000 154957.000000
-11956.100000 154954.000000
-16599.300000 155130.000000
-17141.400000 155086.000000
-16728.400000 155210.000000
-15547.300000 154226.000000
-15537.300000 153115.000000
-13470.100000 153926.000000
-13014.800000 153801.000000
-12813.300000 153801.000000
-12772.100000 153765.000000
-10863.000000 153955.000000
-10837.400000 154607.000000
-10256.300000 155342.000000
-11989.500000 156744.000000
-12050.800000 158973.000000
-12738.700000 161518.000000
-8200.210000 165430.000000
-7854.010000 165523.000000
-7658.090000 167832.000000
-7098.150000 167286.000000
-5432.810000 160874.000000
-5140.040000 157243.000000
-3784.170000 157114.000000
-7238.410000 156827.000000
-10699.300000 156827.000000
-11999.500000 155119.000000
-14103.500000 155106.000000
-14219.300000 155110.000000
-14843.800000 152957.000000
-16011.500000 152779.000000
-18042.000000 152372.000000
-17257.200000 152848.000000
-15370.300000 152848.000000
-14347.300000 154723.000000
-14349.500000 154925.000000
-14337.300000 152917.000000
-14271.600000 152864.000000
-12166.500000 153799.000000
-14300.500000 152668.000000
-16099.400000 158345.000000
-16402.200000 157956.000000
-17253.800000 155509.000000
-17268.300000 158837.000000
-17357.400000 161947.000000
-17940.700000 162963.000000
-18546.200000 163001.000000
-19268.700000 159029.000000
-18868.000000 154409.000000
-18549.600000 154055.000000
-15518.400000 153086.000000
-15579.600000 144272.000000
-12797.700000 141580.000000
-13797.400000 141808.000000
-15588.500000 148304.000000
-15821.100000 149090.000000
-16474.600000 152080.000000
-17428.600000 152804.000000
-19648.300000 154398.000000
-20369.700000 153516.000000
-19665.000000 152837.000000
-19322.100000 152853.000000
-21170.000000 155885.000000
-23173.800000 156822.000000
-22935.600000 157544.000000
-19667.200000 152884.000000
-15830.100000 162698.000000
-17336.200000 161809.000000
-17276.100000 160108.000000
-17248.300000 156898.000000
-17244.900000 155544.000000
-16740.600000 155217.000000
-10919.700000 153423.000000
-12020.700000 154293.000000
-12014.000000 154750.000000
-13985.500000 155135.000000
-15018.500000 155137.000000
-16471.300000 154195.000000
-16467.900000 153244.000000
-13697.200000 152877.000000
-13497.900000 153547.000000
-12979.200000 153777.000000
-12946.900000 153806.000000
-12941.300000 153881.000000
-13490.100000 153167.000000
-13083.800000 152895.000000
-11710.100000 151354.000000
-11568.700000 150397.000000
-12786.600000 152501.000000
-14851.600000 152265.000000
-15578.500000 155938.000000
-13758.400000 158254.000000
-13057.100000 159579.000000
-12144.300000 161420.000000
-13751.700000 158980.000000
-13742.800000 159432.000000
-13885.300000 159741.000000
-13766.200000 157127.000000
-13766.200000 156784.000000
-11143.500000 156976.000000
-10429.900000 152612.000000
-10415.500000 151096.000000
-10505.600000 143045.000000
-10476.700000 143731.000000
-10503.400000 144717.000000
-13001.400000 145960.000000
-13423.300000 145882.000000
-13858.600000 145909.000000
-13875.300000 146857.000000
-15070.900000 146735.000000
-15072.000000 147051.000000
-15611.900000 148807.000000
-16115.000000 149108.000000
-18369.200000 148313.000000
-18396.000000 148950.000000
-18603.000000 152813.000000
-19323.300000 152815.000000
-19637.200000 152712.000000
-19638.300000 152712.000000
-19553.700000 154447.000000
-19152.900000 154422.000000
-18826.800000 154422.000000
-19346.600000 154438.000000
-19513.600000 153118.000000
-19370.000000 152960.000000
-19410.100000 152770.000000
-19509.200000 152764.000000
-19570.400000 145296.000000
-19437.900000 143041.000000
-16701.700000 135598.000000
-15487.200000 135545.000000
-14978.500000 136952.000000
-15463.800000 137573.000000
-15649.700000 137615.000000
-15844.500000 140472.000000
-15835.600000 140714.000000
-15616.300000 145196.000000
-15617.400000 146541.000000
-15609.600000 150239.000000
-15597.400000 151354.000000
-14440.800000 152859.000000
-14042.300000 152862.000000
-10999.900000 153398.000000
-10932.000000 153443.000000
-11508.600000 153360.000000
-11573.200000 153565.000000
-12776.600000 153289.000000
-15059.700000 152810.000000
-15263.400000 152726.000000
-15540.600000 148317.000000
-15539.500000 148195.000000
-16890.900000 149132.000000
-16479.000000 151528.000000
-16333.200000 151601.000000
-15305.700000 152505.000000
-15446.000000 152419.000000
-15468.300000 152412.000000
-15443.800000 154970.000000
-15521.700000 154703.000000
-17246.000000 154859.000000
-17246.000000 154794.000000
-17720.300000 152775.000000
-17849.400000 152770.000000
-19656.100000 154233.000000
-19159.600000 160002.000000
-18942.500000 160859.000000
-18247.900000 168155.000000
-18244.600000 168259.000000
-18118.800000 168609.000000
-18176.700000 168110.000000
-18534.000000 164864.000000
-18535.100000 164566.000000
-18732.100000 162008.000000
-18885.800000 162181.000000
-18406.000000 162404.000000
-19285.400000 158989.000000
-19559.300000 154609.000000
-19557.000000 154600.000000
-19558.100000 153734.000000
-19562.600000 153411.000000
-18525.100000 152844.000000
-18308.000000 152837.000000
-16474.600000 152882.000000
-16480.200000 153247.000000
-17254.900000 154787.000000
-17247.100000 154467.000000
-18524.000000 152810.000000
-19512.500000 147015.000000
-19562.600000 145971.000000
-20802.700000 138330.000000
-20865.000000 138179.000000
-24488.500000 138196.000000
-24565.300000 138196.000000
-27053.300000 136242.000000
-27049.900000 135774.000000
-26989.800000 138726.000000
-27016.500000 139285.000000
-26269.600000 143869.000000
-26494.500000 144709.000000
-17109.100000 162014.000000
-16966.600000 162357.000000
-16695.000000 162671.000000
-17111.300000 163900.000000
-16053.800000 155193.000000
-14444.100000 155197.000000
-13474.500000 154750.000000
-12943.500000 153910.000000
-13020.300000 153834.000000
-12182.100000 153944.000000
-11375.000000 154676.000000
-11377.300000 154683.000000
-11381.700000 154683.000000
-10915.300000 153425.000000
-10992.100000 153440.000000
-11003.200000 153425.000000
-12267.800000 153797.000000
-12773.200000 153329.000000
-13992.200000 152815.000000
-14374.000000 152817.000000
-16482.400000 152274.000000
-16467.900000 151704.000000
-14375.100000 152695.000000
-14273.800000 152848.000000
-12951.300000 153817.000000
-12865.600000 153861.000000
-12811.100000 153788.000000
-10996.600000 153396.000000
-11448.500000 153073.000000
-11581.000000 153029.000000
-7749.370000 152915.000000
-4918.510000 152777.000000
-4908.490000 152777.000000
-3509.210000 155970.000000
-2479.500000 156048.000000
-5589.770000 156350.000000
-5782.350000 156435.000000
-8235.830000 156878.000000
-8347.150000 156874.000000
-9322.310000 157517.000000
-9330.110000 157517.000000
-10771.700000 157726.000000
-10776.100000 157506.000000
-10792.800000 156960.000000
-10790.600000 156922.000000
-12696.400000 156749.000000
-14884.900000 157232.000000
-14888.300000 157116.000000
-12038.500000 156796.000000
-11824.800000 156813.000000
-8694.470000 156934.000000
-8565.340000 156936.000000
-6739.700000 158223.000000
-6734.130000 158223.000000
-6700.740000 158207.000000
-6739.700000 158212.000000
-8130.080000 156887.000000
-8290.380000 156880.000000
-9659.610000 154943.000000
-9662.950000 154870.000000
-11813.600000 154999.000000
-15887.900000 156713.000000
-15987.000000 156742.000000
-16994.500000 158859.000000
-17168.100000 158906.000000
-16713.900000 162457.000000
-16755.100000 162468.000000
-17003.400000 162375.000000
-16472.400000 161954.000000
-16047.100000 161874.000000
-15116.500000 155193.000000
-14714.600000 155190.000000
-13056.000000 153935.000000
-12951.300000 153932.000000
-13028.100000 153841.000000
-12284.500000 153812.000000
-12031.800000 153823.000000
-11003.200000 153445.000000
-12109.800000 155014.000000
-12309.000000 155026.000000
-17265.000000 154896.000000
-17272.800000 155275.000000
-17293.900000 156435.000000
-17286.100000 156430.000000
-17272.800000 156753.000000
-17317.300000 160427.000000
-17349.600000 161914.000000
-17388.500000 163929.000000
-17362.900000 163907.000000
-17263.800000 159835.000000
-17244.900000 156911.000000
-17112.500000 155206.000000
-26647.000000 148827.000000
-30571.000000 149217.000000
-35345.500000 146832.000000
-38865.400000 141371.000000
-36179.300000 141741.000000
-34960.300000 144259.000000
-34177.700000 145490.000000
-32312.000000 148171.000000
-31245.600000 149032.000000
-28703.000000 148992.000000
-28152.000000 148990.000000
-24947.100000 149021.000000
-24230.200000 150735.000000
-23872.900000 154665.000000
-22307.700000 155175.000000
-16726.200000 155213.000000
-12014.000000 155072.000000
-11996.200000 154925.000000
-10916.400000 153434.000000
-10918.600000 153432.000000
-11927.200000 153810.000000
-12008.500000 154928.000000
-16191.800000 155104.000000
-17113.600000 155110.000000
-13116.100000 155177.000000
-12041.800000 155088.000000
-11948.300000 153817.000000
-12010.700000 154963.000000
-16229.700000 155101.000000
-16475.700000 154291.000000
-14178.100000 152859.000000
-13501.200000 153532.000000
-12990.300000 153821.000000
-13024.800000 153808.000000
-12882.300000 153289.000000
-12661.900000 153719.000000
-10977.600000 153403.000000
-11582.100000 153656.000000
-11996.200000 153808.000000
-12777.700000 152842.000000
-14955.100000 152810.000000
-15579.600000 154554.000000
-16243.000000 155101.000000
-16375.500000 155108.000000
-16441.200000 152826.000000
-15343.600000 152799.000000
-16475.700000 151728.000000
-16529.100000 152056.000000
-16471.300000 151842.000000
-16485.700000 151829.000000
-16453.400000 151822.000000
-16449.000000 151820.000000
-16528.000000 152051.000000
-16570.300000 152824.000000
-18518.400000 152810.000000
-20983.000000 152819.000000
-22227.600000 152821.000000
-23800.500000 152819.000000
-25462.500000 152830.000000
-26533.400000 152830.000000
-26828.400000 152686.000000
-26938.600000 152550.000000
-27081.100000 152548.000000
-27097.800000 152552.000000
-28374.600000 152821.000000
-29000.300000 152819.000000
-29063.700000 151254.000000
-28730.900000 151112.000000
-27133.400000 151434.000000
-27072.200000 149290.000000
-24749.000000 149010.000000
-24131.100000 151508.000000
-23869.500000 153541.000000
-23684.800000 155201.000000
-20123.600000 155173.000000
-16991.100000 155159.000000
-12875.600000 155148.000000
-12017.400000 154511.000000
-10945.400000 153400.000000
-10922.000000 153427.000000
-11166.900000 153859.000000
-11156.900000 154017.000000
-11926.100000 154652.000000
-13359.900000 155130.000000
-16296.500000 155106.000000
-16698.300000 155213.000000
-16699.500000 155215.000000
-15541.700000 155170.000000
-15351.400000 152601.000000
-15972.500000 151597.000000
-14508.700000 152031.000000
-12960.200000 153794.000000
-12981.400000 153803.000000
-12958.000000 153799.000000
-12860.000000 153518.000000
-11577.600000 153676.000000
-10995.400000 153389.000000
-12015.100000 154736.000000
-13588.100000 155130.000000
-15574.000000 155954.000000
-15479.400000 159067.000000
-16848.600000 161907.000000
-17094.600000 162019.000000
-12808.800000 161631.000000
-9361.270000 161322.000000
-8372.760000 161144.000000
-5364.900000 160975.000000
-5697.750000 158846.000000
-5143.380000 157245.000000
-4745.970000 156277.000000
-5496.260000 157432.000000
-5637.640000 157497.000000
-6334.500000 157526.000000
-7284.050000 157330.000000
-7289.620000 156951.000000
-7944.180000 156887.000000
-9169.800000 156902.000000
-9607.290000 156882.000000
-9634.010000 157014.000000
-9676.310000 156887.000000
-11522.000000 157152.000000
-11520.900000 157423.000000
-11960.600000 156132.000000
-12002.900000 154707.000000
-11494.200000 152922.000000
-11360.600000 153066.000000
-10928.700000 153443.000000
-10858.500000 153656.000000
-11143.500000 153826.000000
-11582.100000 154638.000000
-11124.600000 153627.000000
-11129.000000 153331.000000
-12029.600000 154977.000000
-13491.200000 155101.000000
-15605.200000 156194.000000
-15601.800000 156217.000000
-15328.000000 161925.000000
-14971.800000 163833.000000
-15851.200000 163858.000000
-14887.200000 163867.000000
-14456.400000 166037.000000
-14974.000000 166037.000000
