-10330.900000 151434.000000
-10424.400000 150010.000000
-10170.600000 151788.000000
-10245.200000 151708.000000
-10236.200000 151699.000000
-10389.900000 151323.000000
-10097.100000 151938.000000
-10308.600000 144666.000000
-2096.560000 143506.000000
3614.130000 135732.000000
1900.920000 136758.000000
-276.491000 138254.000000
-4894.020000 139167.000000
-4813.870000 143611.000000
415.916000 142883.000000
-1926.250000 146984.000000
-10067.000000 150063.000000
-10157.200000 151802.000000
-10132.700000 152824.000000
-10136.100000 152830.000000
-9703.030000 151735.000000
-9268.880000 152292.000000
-9262.200000 152276.000000
-2953.720000 143506.000000
3979.250000 135355.000000
10896.600000 126321.000000
15005.400000 121607.000000
16336.800000 120410.000000
11543.400000 126145.000000
7749.640000 128854.000000
5542.180000 132882.000000
4398.930000 136308.000000
1811.860000 141051.000000
-333.264000 140527.000000
1265.280000 147440.000000
3060.870000 152815.000000
1333.190000 151495.000000
-1673.550000 148999.000000
-4504.410000 149095.000000
-6006.110000 147169.000000
-7610.220000 143972.000000
-7705.950000 138882.000000
-7815.050000 137430.000000
-8567.570000 132764.000000
-7816.160000 136415.000000
-6843.230000 137404.000000
-5409.430000 138141.000000
-7396.490000 139258.000000
-8064.400000 139307.000000
-12339.100000 139403.000000
-15747.700000 140523.000000
-16884.200000 140454.000000
-16416.700000 140280.000000
-16391.100000 140808.000000
-16030.400000 142542.000000
-15596.300000 150864.000000
-22955.600000 152826.000000
-24349.300000 157564.000000
-24442.800000 156226.000000
-25686.300000 154741.000000
-23866.200000 153877.000000
-10045.900000 150982.000000
-11784.700000 147276.000000
-10523.400000 146690.000000
-12789.900000 142061.000000
-13490.100000 145964.000000
-10658.100000 150395.000000
-8461.810000 152928.000000
-7022.450000 152870.000000
-10303.000000 151381.000000
-12923.500000 147276.000000
-15609.600000 147456.000000
-13169.500000 149364.000000
-9576.120000 150379.000000
-11459.600000 147296.000000
-9736.420000 151773.000000
-9735.310000 151775.000000
-11123.500000 152877.000000
-15580.700000 155916.000000
-16026.000000 158399.000000
-15522.800000 153191.000000
-11144.600000 152904.000000
-4806.080000 152773.000000
-3589.360000 151987.000000
-4321.840000 151052.000000
-5944.880000 148193.000000
-6318.910000 145443.000000
-8314.870000 141589.000000
-8873.700000 140523.000000
-9664.060000 143246.000000
-9552.740000 143268.000000
-10463.300000 142921.000000
-10781.700000 146910.000000
-11240.300000 145695.000000
-10488.900000 143566.000000
-10510.100000 145621.000000
-5075.470000 143622.000000
-4138.160000 145183.000000
-4617.950000 146977.000000
-2767.820000 147040.000000
-2554.090000 146995.000000
-3718.490000 145512.000000
-5870.300000 145439.000000
-7796.120000 143152.000000
-9839.950000 141596.000000
-11770.200000 140868.000000
-12884.500000 139532.000000
-10880.800000 141574.000000
-13607.000000 141785.000000
-15709.800000 142420.000000
-16430.100000 140274.000000
-15843.400000 140556.000000
-14638.900000 142629.000000
-14759.200000 145661.000000
-16480.200000 147051.000000
-18065.300000 149090.000000
-19639.400000 152561.000000
-21866.900000 152813.000000
-23950.800000 153625.000000
-24646.600000 153619.000000
-20253.900000 155161.000000
-11589.900000 155003.000000
-10082.600000 150473.000000
-10264.100000 152879.000000
-10323.100000 151432.000000
-10082.600000 152200.000000
-10627.000000 151421.000000
-10804.000000 149515.000000
-10222.900000 151808.000000
-10235.100000 151768.000000
-10207.300000 151739.000000
-10198.400000 151746.000000
-10176.100000 151773.000000
-10181.700000 151804.000000
-10187.300000 151820.000000
-10072.600000 151488.000000
-10336.400000 151570.000000
-9951.270000 151459.000000
-9681.870000 154607.000000
-7000.190000 156856.000000
-3483.610000 155976.000000
-3603.830000 150388.000000
-2693.240000 145403.000000
-1790.440000 148206.000000
-2584.140000 155930.000000
-7325.240000 156833.000000
-8474.060000 154542.000000
-11302.700000 160794.000000
-15159.900000 161444.000000
-9689.670000 151597.000000
-9756.460000 151800.000000
-9752.010000 151802.000000
-9755.350000 151797.000000
-9753.120000 151797.000000
-9750.890000 151813.000000
-10098.200000 151995.000000
-10448.900000 148663.000000
-11221.400000 146690.000000
-10446.600000 150277.000000
-9639.570000 151343.000000
-9934.570000 151726.000000
-10746.100000 150392.000000
-12890.100000 151840.000000
-15581.800000 154485.000000
-15736.500000 161756.000000
-17257.200000 158274.000000
-17254.900000 154805.000000
-18038.600000 152813.000000
-17269.400000 152614.000000
-18550.700000 150637.000000
-17175.900000 150306.000000
-17268.300000 152594.000000
-17266.100000 159213.000000
-15851.200000 159251.000000
-16697.200000 161887.000000
-17955.100000 160407.000000
-19283.200000 159020.000000
-20640.200000 157550.000000
-21937.000000 155246.000000
-25753.100000 154663.000000
-24649.900000 153636.000000
-20766.000000 152848.000000
-18343.600000 152830.000000
-14868.200000 152835.000000
-11770.200000 151399.000000
-10052.600000 151421.000000
-10123.800000 152726.000000
-10027.000000 151383.000000
-11004.400000 150415.000000
-10080.400000 152272.000000
-19730.700000 152806.000000
-24615.400000 152821.000000
-25491.500000 153420.000000
-24283.700000 150602.000000
-22225.400000 152839.000000
-18845.700000 152846.000000
-16844.200000 151597.000000
-12795.500000 152247.000000
-10053.700000 151339.000000
-10121.600000 152868.000000
-10229.600000 151426.000000
-10412.100000 149798.000000
-9755.350000 151826.000000
-9668.520000 155999.000000
-7612.450000 161039.000000
-4694.760000 163355.000000
-5732.260000 158085.000000
-8426.190000 155625.000000
-14008.900000 155150.000000
-21914.800000 155130.000000
-20658.000000 155181.000000
-12129.800000 155052.000000
-10319.700000 151394.000000
-10432.200000 150194.000000
-12766.500000 132831.000000
-11454.100000 135269.000000
-8479.620000 143673.000000
-2787.860000 141551.000000
-1865.020000 137019.000000
-3552.620000 139062.000000
-8867.020000 141609.000000
-10485.600000 144441.000000
-11448.500000 154948.000000
-13384.400000 152870.000000
-8063.290000 152951.000000
-4296.240000 152703.000000
-8528.600000 151443.000000
-9767.590000 151820.000000
-9772.040000 151795.000000
-9770.930000 151791.000000
-9772.040000 151780.000000
-9943.480000 151791.000000
-10071.500000 151566.000000
-11229.200000 155023.000000
-14794.800000 157228.000000
-15260.100000 152964.000000
-12006.200000 153799.000000
-10462.200000 151397.000000
-10482.300000 144907.000000
-2288.030000 143486.000000
4571.470000 134276.000000
12761.200000 124996.000000
15067.800000 121521.000000
15487.500000 120626.000000
15574.300000 119036.000000
15428.500000 117201.000000
15404.000000 115162.000000
15333.800000 114294.000000
11832.800000 117696.000000
9747.830000 121127.000000
8102.530000 126675.000000
4396.700000 134311.000000
-336.603000 140521.000000
-853.126000 139884.000000
-3565.980000 139062.000000
-8347.150000 139312.000000
-9691.890000 141596.000000
-10632.500000 147296.000000
-12836.700000 149364.000000
-15501.700000 149052.000000
-17277.200000 152677.000000
-19608.200000 152799.000000
-23359.700000 152833.000000
-25724.100000 154331.000000
-22259.900000 155177.000000
-13669.300000 155164.000000
-8861.450000 154547.000000
-9569.440000 154594.000000
-14343.900000 154910.000000
-18717.700000 152810.000000
-21695.500000 152808.000000
-23872.900000 152893.000000
-27183.500000 153639.000000
-27979.500000 151532.000000
-28135.300000 148611.000000
-28065.200000 151426.000000
-27023.200000 152844.000000
-25762.000000 154676.000000
-25972.400000 154796.000000
-23954.100000 155177.000000
-17271.600000 156277.000000
-17901.700000 155135.000000
-25667.400000 155135.000000
-25779.800000 154558.000000
-22384.500000 153623.000000
-19652.800000 152844.000000
-17223.800000 152842.000000
-15991.500000 151595.000000
-12462.600000 151363.000000
-11192.500000 149268.000000
-11601.000000 168653.000000
-11142.400000 158468.000000
-11807.000000 152859.000000
-10866.300000 148228.000000
-13467.900000 149306.000000
-16443.400000 147478.000000
-15562.900000 149264.000000
-11879.300000 147309.000000
-9180.940000 147318.000000
-6533.760000 147097.000000
-2254.640000 147035.000000
-355.528000 147017.000000
-4150.410000 143557.000000
-9118.600000 142794.000000
-10570.200000 141667.000000
-11549.800000 138005.000000
-8077.760000 139425.000000
-3750.770000 143555.000000
-678.354000 144428.000000
-2589.710000 145359.000000
-3001.590000 148910.000000
-5734.490000 147071.000000
-3696.230000 146563.000000
-1983.020000 142471.000000
-2800.100000 140879.000000
-8509.680000 139350.000000
-14771.400000 137671.000000
-16501.300000 139258.000000
-15679.800000 142914.000000
-15242.300000 147304.000000
-12929.100000 148211.000000
-10780.600000 148137.000000
-10078.200000 151837.000000
-9785.400000 151866.000000
-10137.200000 152873.000000
-10138.300000 152873.000000
-10139.400000 152868.000000
-13612.600000 152826.000000
-17266.100000 152919.000000
-14410.700000 156945.000000
-13718.300000 157152.000000
-15467.100000 157662.000000
-17311.700000 152808.000000
-19951.100000 152819.000000
-23820.600000 152830.000000
-25762.000000 154638.000000
-26546.800000 155638.000000
-25342.300000 166129.000000
-23166.000000 165879.000000
