-4835.020000 152866.000000
-4768.230000 151118.000000
-4772.690000 151633.000000
-5743.390000 152799.000000
-8243.630000 152891.000000
-9320.090000 152897.000000
-10996.600000 152902.000000
-15204.400000 152817.000000
-15567.300000 150192.000000
-15572.900000 145904.000000
-15611.900000 146374.000000
-16349.900000 146160.000000
-16639.300000 146187.000000
-16643.800000 146196.000000
-16650.500000 146211.000000
-16256.400000 146171.000000
-15591.800000 149518.000000
-15594.100000 151786.000000
-15724.300000 152599.000000
-15570.700000 155206.000000
-15100.900000 157535.000000
-14966.200000 157797.000000
-15040.800000 157630.000000
-15399.200000 157314.000000
-15451.600000 157720.000000
-15284.600000 156998.000000
-15533.900000 156820.000000
-15569.600000 150962.000000
-15572.900000 144517.000000
-15745.400000 141298.000000
-13201.800000 139519.000000
-12472.700000 137729.000000
-12461.500000 138130.000000
-12463.700000 138147.000000
-12693.100000 139381.000000
-12884.500000 140280.000000
-13930.900000 141823.000000
-14791.400000 141912.000000
-14172.500000 140990.000000
-14079.000000 139590.000000
-10955.400000 139430.000000
-9956.830000 139439.000000
-7687.030000 138383.000000
-609.336000 127893.000000
4687.250000 130678.000000
10463.600000 126608.000000
11798.300000 125722.000000
15274.800000 121120.000000
15263.700000 114672.000000
15557.600000 114632.000000
15470.800000 120606.000000
12097.800000 125506.000000
6722.170000 130335.000000
3978.140000 137139.000000
3271.260000 138417.000000
1460.090000 141661.000000
1180.680000 142177.000000
-3009.380000 138996.000000
-3601.600000 139062.000000
-6045.070000 139229.000000
-7476.640000 140523.000000
-8360.510000 138655.000000
-8385.000000 138644.000000
-8505.230000 139087.000000
-8868.130000 139263.000000
-8911.540000 139612.000000
-8833.620000 141458.000000
-8794.660000 142489.000000
-10110.500000 143651.000000
-9925.660000 144034.000000
-10050.300000 144486.000000
-11536.500000 145771.000000
-11663.400000 145256.000000
-11668.900000 145196.000000
-11668.900000 145194.000000
-11959.500000 145895.000000
-12265.600000 145980.000000
-10940.900000 145601.000000
-10431.100000 144842.000000
-8017.650000 143411.000000
-7851.780000 140501.000000
-7809.480000 136201.000000
-5248.020000 134890.000000
-5046.530000 132096.000000
-5046.530000 132103.000000
-5048.760000 132105.000000
-5044.300000 132107.000000
-5042.080000 132118.000000
-4968.610000 132519.000000
-5289.210000 132650.000000
-5492.920000 134777.000000
-6951.210000 137041.000000
-7613.560000 137419.000000
-10986.500000 139412.000000
-12225.500000 139412.000000
-12684.200000 139423.000000
-12919.000000 141678.000000
-14006.600000 141830.000000
-14808.100000 142711.000000
-14559.900000 143749.000000
-13948.800000 144533.000000
-13859.700000 146957.000000
-13831.900000 149268.000000
-12866.700000 149522.000000
-9921.210000 152928.000000
-9636.230000 152924.000000
-8846.980000 152928.000000
-8274.800000 152953.000000
-8270.340000 152953.000000
-7150.470000 153558.000000
-6514.840000 154291.000000
-6652.870000 154440.000000
-7309.660000 154500.000000
-8462.930000 157635.000000
-9108.580000 158220.000000
-9228.800000 157944.000000
-9231.030000 157947.000000
-9364.610000 157524.000000
-8420.620000 156139.000000
-8437.320000 155671.000000
-8437.320000 156802.000000
-6986.830000 159343.000000
-7124.870000 160977.000000
-2587.480000 162337.000000
-2852.420000 162155.000000
-3276.550000 157971.000000
-3785.280000 155193.000000
-4239.460000 155613.000000
-13761.700000 152893.000000
-4426.480000 157020.000000
-6094.050000 157553.000000
-7367.540000 156853.000000
-8264.780000 156878.000000
-9580.570000 156851.000000
-13644.800000 156693.000000
-14343.900000 156756.000000
-14354.000000 156346.000000
-13752.800000 158343.000000
-13752.800000 159603.000000
-13579.200000 160621.000000
-14292.700000 161593.000000
-16650.500000 161930.000000
-21195.600000 161825.000000
-26644.700000 167988.000000
-26586.900000 172944.000000
-29864.100000 180337.000000
-34321.300000 188357.000000
-35169.600000 190470.000000
-36999.700000 192825.000000
-41846.500000 195421.000000
-43547.500000 196013.000000
-48805.100000 198182.000000
-50213.300000 198995.000000
-51028.200000 199513.000000
-51932.100000 202419.000000
-52198.100000 212947.000000
-50801.100000 214417.000000
-50346.900000 214221.000000
-50343.500000 214221.000000
-50328.000000 214444.000000
-52356.200000 215310.000000
-54082.800000 217629.000000
-54067.200000 217917.000000
-54017.100000 215189.000000
-51855.300000 214472.000000
-51384.400000 214406.000000
-50306.800000 214343.000000
-50305.700000 214219.000000
-50341.300000 214219.000000
-50352.500000 214183.000000
-50477.100000 214428.000000
-52347.300000 210919.000000
-52323.900000 210454.000000
-51957.700000 202842.000000
-51692.700000 200807.000000
-51607.000000 200571.000000
-48784.000000 198351.000000
-48795.100000 198347.000000
-48558.000000 198035.000000
-48358.700000 197895.000000
-41669.500000 195399.000000
-36863.900000 192663.000000
-36670.200000 192398.000000
-34352.500000 189517.000000
-32336.500000 186202.000000
-32255.200000 185981.000000
-28798.800000 178659.000000
-26984.300000 173451.000000
-26898.500000 173168.000000
-26000.200000 166750.000000
-24045.400000 166625.000000
-23984.200000 166772.000000
-24033.200000 166636.000000
-21650.900000 162306.000000
-18981.500000 160859.000000
-18961.500000 160894.000000
-18254.600000 165207.000000
-17361.800000 165309.000000
-15638.600000 161809.000000
-13247.400000 161609.000000
-13053.700000 159979.000000
-13049.300000 159977.000000
-13933.200000 159806.000000
-14726.900000 159790.000000
-15378.100000 158523.000000
-14965.100000 159545.000000
-14799.200000 157878.000000
-14822.600000 157724.000000
-14375.100000 157357.000000
-14721.300000 158027.000000
-14725.800000 158022.000000
-15074.200000 159536.000000
-15310.200000 159545.000000
-15385.900000 159554.000000
-15481.600000 157613.000000
-16413.400000 157118.000000
-16407.800000 156865.000000
-15735.400000 155881.000000
-15735.400000 155829.000000
-15731.000000 155827.000000
-16405.600000 156778.000000
-16827.500000 156477.000000
-17151.400000 155204.000000
-16479.000000 155070.000000
-16021.500000 152886.000000
-15790.000000 153115.000000
-15594.100000 154046.000000
-15586.300000 157219.000000
-15935.800000 158548.000000
-15568.400000 157993.000000
-14565.500000 156762.000000
-14844.900000 157265.000000
-15306.800000 157639.000000
-15536.200000 155972.000000
-15531.700000 153908.000000
-15597.400000 154086.000000
-16079.400000 155112.000000
-16469.000000 153211.000000
-17265.000000 156629.000000
-16845.300000 157061.000000
-16848.600000 157058.000000
-16847.500000 157061.000000
-16852.000000 157056.000000
-16801.900000 156865.000000
-15998.100000 156751.000000
-16106.100000 156731.000000
-16039.300000 155213.000000
-16279.800000 155097.000000
-17247.100000 153603.000000
-18042.000000 152641.000000
-18036.400000 152643.000000
-18252.400000 151630.000000
-17280.500000 151613.000000
-17487.600000 150620.000000
-16800.800000 149190.000000
-15889.000000 149188.000000
-15592.900000 151198.000000
-15572.900000 153797.000000
-15567.300000 156867.000000
-15900.200000 158690.000000
-15506.100000 160598.000000
-15552.900000 160429.000000
-19274.300000 159162.000000
-20564.500000 150542.000000
-21943.700000 150651.000000
-21943.700000 150660.000000
-23386.400000 152833.000000
-24543.000000 155295.000000
-24536.300000 155377.000000
-24055.400000 158094.000000
-23857.300000 156829.000000
-23809.400000 156827.000000
-21848.000000 155974.000000
-20951.900000 156829.000000
-20682.500000 156101.000000
-20694.700000 156825.000000
-19569.300000 156669.000000
-19548.100000 144688.000000
-19541.400000 144568.000000
-16416.700000 141137.000000
-15919.100000 138742.000000
-15926.900000 139574.000000
-15728.700000 142640.000000
-15721.000000 142687.000000
-17598.900000 149649.000000
-17603.400000 149644.000000
-17191.500000 149164.000000
-16309.800000 146478.000000
-16323.200000 146514.000000
-17702.400000 146893.000000
-17208.200000 147247.000000
-15609.600000 149357.000000
-15605.200000 152107.000000
-15605.200000 152116.000000
-16856.400000 149132.000000
-19503.600000 147071.000000
-19509.200000 146988.000000
-19557.000000 140884.000000
-20285.100000 144018.000000
-20345.200000 144018.000000
-24390.500000 142266.000000
-26807.300000 144633.000000
-27811.400000 144254.000000
-27815.800000 144216.000000
-28069.600000 147605.000000
-27871.500000 147768.000000
-25042.900000 149030.000000
-20853.900000 149054.000000
-20823.800000 149054.000000
-18945.900000 144132.000000
-4735.950000 141378.000000
-4050.220000 141364.000000
-3213.100000 141307.000000
-4717.030000 141999.000000
-4924.080000 143045.000000
-7360.860000 143072.000000
-7701.500000 138150.000000
-8923.790000 130780.000000
-8410.610000 128759.000000
-8912.660000 131905.000000
-10884.100000 129959.000000
-11460.800000 127870.000000
-11881.500000 129725.000000
-9495.970000 131965.000000
-9459.240000 131965.000000
-3430.170000 154226.000000
-9649.590000 156887.000000
-16472.400000 152396.000000
-17263.800000 152027.000000
-17270.500000 154442.000000
-25549.400000 159986.000000
-25383.500000 159950.000000
-24439.500000 161489.000000
-23666.900000 164679.000000
-23668.100000 164688.000000
-24185.700000 166100.000000
-23643.600000 165033.000000
-23607.900000 161994.000000
-23386.400000 159795.000000
-23300.700000 159801.000000
-21930.400000 159545.000000
-21932.600000 158196.000000
-21183.400000 155177.000000
-12181.000000 155086.000000
-12019.600000 154400.000000
-11693.400000 151577.000000
-11721.200000 152033.000000
-11912.700000 151902.000000
-12080.800000 152721.000000
-12758.700000 152813.000000
-12648.500000 153868.000000
-12001.800000 154943.000000
-11959.500000 155934.000000
-12029.600000 156212.000000
-11124.600000 156853.000000
-9634.010000 157452.000000
-9642.910000 158508.000000
-9369.070000 158241.000000
-9294.480000 158223.000000
-9629.550000 158815.000000
-10005.800000 158924.000000
-10128.300000 158926.000000
-10190.600000 157659.000000
-10181.700000 157143.000000
-10564.600000 156840.000000
-12533.900000 156749.000000
-12873.400000 155491.000000
-12867.800000 156159.000000
-13297.500000 156617.000000
-12515.000000 155117.000000
-10894.100000 153342.000000
-11377.300000 153340.000000
-12571.700000 155066.000000
-13328.700000 156097.000000
-13582.500000 156724.000000
-13779.500000 156733.000000
-14021.100000 157960.000000
-14123.500000 157949.000000
-14348.400000 156413.000000
-13492.300000 154075.000000
-13288.600000 152875.000000
-13076.000000 152508.000000
-15580.700000 152770.000000
-15550.600000 157737.000000
-15350.300000 160676.000000
-14684.600000 160442.000000
-14738.000000 159033.000000
-15415.900000 157969.000000
-15172.200000 157005.000000
-14516.500000 156686.000000
-14437.400000 156502.000000
-14561.000000 157032.000000
-15186.600000 157539.000000
-15507.200000 157268.000000
-15592.900000 153739.000000
-16200.700000 155126.000000
-17955.100000 155259.000000
-18954.800000 156019.000000
-17655.700000 155242.000000
-17164.800000 156453.000000
-16237.500000 156762.000000
-15930.200000 158194.000000
-16800.800000 158323.000000
-16049.300000 158396.000000
-13861.900000 156718.000000
-12216.600000 156793.000000
-11314.900000 158232.000000
-11526.400000 157470.000000
-11997.300000 155175.000000
-13491.200000 154378.000000
-13501.200000 154157.000000
-11565.400000 152937.000000
-12000.700000 154013.000000
-12019.600000 154289.000000
-13775.100000 154567.000000
-15208.900000 155115.000000
-15315.800000 155115.000000
-15556.200000 154371.000000
-15545.100000 149339.000000
-16175.100000 148260.000000
-16174.000000 148262.000000
-16178.500000 148266.000000
-16171.800000 148262.000000
-15610.800000 148890.000000
-15764.400000 149747.000000
-15960.300000 149976.000000
-15975.900000 149863.000000
-15594.100000 150900.000000
-15594.100000 151054.000000
-15551.800000 149849.000000
-13584.700000 149304.000000
-11960.600000 149348.000000
-10767.200000 149253.000000
-10701.600000 149250.000000
-10368.700000 150121.000000
-10443.300000 151103.000000
-10444.400000 152231.000000
-8977.220000 152915.000000
-8793.550000 152919.000000
-7277.370000 152922.000000
-5063.230000 152790.000000
-3819.790000 152717.000000
-2674.310000 152670.000000
-2605.290000 152668.000000
-1527.720000 154485.000000
-1916.230000 155035.000000
-2876.910000 155115.000000
-2911.420000 155112.000000
-3357.810000 157679.000000
-3316.630000 157824.000000
-4997.550000 160732.000000
-6828.760000 161340.000000
-9537.160000 161061.000000
-9807.670000 159398.000000
-10006.900000 158946.000000
-10179.500000 156905.000000
-13653.800000 156720.000000
-18669.800000 161081.000000
-18217.900000 161101.000000
-18191.100000 161313.000000
-18195.600000 168636.000000
-18201.200000 167734.000000
-19434.600000 158323.000000
-19552.600000 153029.000000
-17276.100000 152875.000000
-17257.200000 153033.000000
-15712.100000 152534.000000
-15725.400000 152597.000000
-16324.300000 157078.000000
-16323.200000 157076.000000
-15588.500000 156971.000000
-14376.200000 156506.000000
-14354.000000 156560.000000
-14952.900000 157334.000000
-15496.100000 155322.000000
-15409.300000 155250.000000
-15599.600000 153467.000000
-15293.500000 162266.000000
-11626.600000 169248.000000
-11987.300000 175235.000000
-12002.900000 175246.000000
-13590.300000 177223.000000
-12555.000000 180117.000000
-12718.700000 180119.000000
-12904.600000 176381.000000
-11594.300000 170851.000000
-11527.600000 170397.000000
-13630.400000 169646.000000
-15808.900000 168010.000000
-15644.100000 168204.000000
-14387.300000 166073.000000
-11501.900000 164935.000000
-11921.600000 156787.000000
-14389.600000 155992.000000
-14408.500000 156101.000000
-14755.800000 157192.000000
-15436.000000 155014.000000
-15517.200000 154741.000000
-15598.500000 154142.000000
-16452.300000 155108.000000
-16473.500000 154892.000000
-15721.000000 152568.000000
-15539.500000 149297.000000
-18219.000000 149074.000000
-18719.900000 148206.000000
-18632.000000 148235.000000
-17280.500000 152899.000000
-16081.600000 152888.000000
-15600.700000 153997.000000
-15598.500000 154046.000000
-23799.400000 155128.000000
-24010.900000 155128.000000
-24363.800000 159643.000000
-24383.800000 159890.000000
-25154.200000 159973.000000
-25379.000000 159937.000000
-25492.600000 159926.000000
-25562.700000 159966.000000
-24331.500000 157831.000000
-24262.500000 156874.000000
-21411.600000 156829.000000
-19496.900000 157849.000000
-19179.700000 156014.000000
-19779.700000 155030.000000
-19599.300000 157319.000000
-18586.300000 165258.000000
-18289.100000 167645.000000
-17472.000000 167489.000000
-17324.000000 166817.000000
-17720.300000 167110.000000
-17713.600000 167146.000000
-17822.700000 168644.000000
-18183.300000 167912.000000
-18573.000000 164568.000000
-18974.800000 155177.000000
-16664.900000 155166.000000
-12490.500000 155097.000000
-8410.610000 154576.000000
-6951.210000 154491.000000
-5725.580000 154500.000000
-4832.800000 153872.000000
-4807.190000 153514.000000
-4822.780000 153309.000000
-4842.820000 152663.000000
-4634.650000 151626.000000
-4842.820000 151800.000000
-6501.480000 152844.000000
-7475.520000 152911.000000
-8625.450000 152294.000000
-8539.740000 152272.000000
-8496.320000 152815.000000
-8470.720000 154235.000000
-8455.130000 156068.000000
-8467.380000 160834.000000
-8736.770000 163535.000000
-8643.260000 165516.000000
-7963.100000 167369.000000
-7781.650000 165467.000000
-7078.110000 164114.000000
-6981.260000 159492.000000
-6994.620000 158236.000000
-6323.370000 156735.000000
-4358.580000 156123.000000
-5333.740000 156246.000000
-6371.230000 156689.000000
-6655.100000 156767.000000
-8343.810000 156887.000000
-8471.830000 157252.000000
-9247.730000 158067.000000
-9419.160000 157506.000000
-9630.670000 157245.000000
-9645.140000 156951.000000
-9650.710000 156900.000000
-12118.700000 156756.000000
-12901.200000 159280.000000
-13741.700000 159058.000000
-13737.200000 159398.000000
-15099.800000 159559.000000
-15053.000000 159565.000000
-14915.000000 159563.000000
-15119.800000 158434.000000
-15485.000000 157544.000000
-15526.100000 157261.000000
-15551.800000 149838.000000
-15595.200000 151644.000000
-15597.400000 152011.000000
-15604.100000 152461.000000
-15594.100000 153801.000000
-15578.500000 157969.000000
-15525.000000 157911.000000
-15043.000000 157461.000000
-14374.000000 157904.000000
-14351.700000 157971.000000
-14382.900000 157092.000000
-15537.300000 156052.000000
-15568.400000 151241.000000
-15630.800000 142680.000000
-15635.200000 142576.000000
-16272.000000 141531.000000
-16275.300000 142440.000000
-16266.400000 142576.000000
-13063.800000 145995.000000
-10783.900000 147080.000000
-10785.100000 147242.000000
-11250.400000 147160.000000
-13004.800000 148211.000000
-14567.700000 149177.000000
-14846.000000 149175.000000
-18540.700000 149696.000000
-18568.500000 153049.000000
-17080.200000 154271.000000
-16136.200000 152895.000000
-16096.100000 152897.000000
-15576.200000 154538.000000
-15522.800000 158316.000000
-15503.900000 158699.000000
-15687.600000 158216.000000
-15413.700000 160331.000000
-15392.600000 160997.000000
-14193.700000 162802.000000
-15099.800000 163132.000000
-14736.900000 159207.000000
-14746.900000 158908.000000
-15378.100000 158488.000000
-15503.900000 157332.000000
-15372.500000 157299.000000
-15427.100000 159930.000000
-15397.000000 160623.000000
-12059.700000 161631.000000
-7290.730000 161326.000000
-6952.320000 162114.000000
-8141.210000 164020.000000
-8451.790000 164036.000000
-11365.000000 162696.000000
-12320.100000 156744.000000
-12343.500000 156720.000000
-15490.500000 157579.000000
-15546.200000 149302.000000
-16545.800000 147405.000000
-16499.100000 146151.000000
-16498.000000 146145.000000
-18399.300000 148892.000000
-18561.800000 152955.000000
-18558.500000 153358.000000
-17427.500000 155117.000000
-13755.100000 155166.000000
-9812.120000 161462.000000
-4633.540000 163755.000000
-5937.090000 164063.000000
-6456.950000 163094.000000
-6453.610000 163041.000000
-6446.930000 162651.000000
-6769.760000 162591.000000
-7348.620000 162733.000000
-11188.000000 165414.000000
-12911.300000 165812.000000
-17191.500000 161959.000000
-18503.900000 162168.000000
-20356.300000 162148.000000
-22326.700000 163880.000000
-23582.300000 164156.000000
-24462.900000 165176.000000
-26423.200000 172496.000000
-27821.400000 177332.000000
-32123.900000 182766.000000
-38009.300000 196185.000000
-39735.900000 202138.000000
-41507.000000 212092.000000
-43580.900000 221390.000000
-44403.500000 220974.000000
-45234.000000 222510.000000
-45055.900000 222628.000000
-45052.500000 222646.000000
-45333.100000 221650.000000
-50315.700000 220793.000000
-51551.400000 217509.000000
-50598.500000 214426.000000
-50343.500000 214216.000000
-22125.200000 105858.000000
-50312.400000 214212.000000
-50322.400000 214214.000000
-50329.100000 214219.000000
-51270.800000 214392.000000
-51819.600000 201150.000000
-51081.600000 200308.000000
-51086.000000 200310.000000
-51074.900000 200315.000000
-51122.800000 200152.000000
-46745.700000 197445.000000
-43133.400000 195853.000000
-40379.300000 195034.000000
-34618.600000 189835.000000
-33055.600000 187907.000000
-29481.200000 179627.000000
-30705.700000 176544.000000
-32834.100000 176156.000000
-32413.300000 174524.000000
-27188.000000 174070.000000
-26808.400000 170363.000000
-26856.200000 167277.000000
-24894.800000 166839.000000
-26909.700000 160071.000000
-25217.600000 155159.000000
-21855.800000 152877.000000
-21789.000000 152879.000000
-21757.800000 152870.000000
-20642.400000 154382.000000
-20644.600000 155609.000000
-20661.300000 158241.000000
-21175.600000 162604.000000
-21128.900000 162943.000000
-21966.000000 163597.000000
-21851.300000 163606.000000
-21864.700000 163564.000000
-21366.000000 163902.000000
-20766.000000 162591.000000
-20460.900000 161293.000000
-14775.900000 157987.000000
-15061.900000 158399.000000
-14902.800000 159527.000000
-14715.700000 159835.000000
-15006.300000 159541.000000
-15433.800000 159207.000000
-15005.200000 163524.000000
-16484.600000 163515.000000
-17455.300000 164192.000000
-17403.000000 163953.000000
-16729.500000 163143.000000
-17387.400000 164969.000000
-17303.900000 164786.000000
-15108.700000 161809.000000
2527.650000 149083.000000
-14463.000000 155246.000000
-14165.800000 155213.000000
-15540.600000 153928.000000
-15738.800000 155110.000000
-16147.300000 152873.000000
-15538.400000 152036.000000
-15576.200000 147374.000000
-14012.200000 143246.000000
-14042.300000 143059.000000
-14025.600000 143911.000000
-14024.400000 144139.000000
-14759.200000 144223.000000
-15139.900000 145390.000000
-15444.900000 145339.000000
-15548.400000 145274.000000
-14440.800000 138929.000000
-14313.900000 139581.000000
-14342.800000 139635.000000
-13875.300000 145797.000000
-13843.000000 149233.000000
-13699.400000 149324.000000
-12753.200000 152543.000000
-14370.700000 152020.000000
-14565.500000 152016.000000
-15616.300000 152485.000000
-13501.200000 153316.000000
-13492.300000 153688.000000
-12979.200000 153928.000000
-12981.400000 153930.000000
-15540.600000 153371.000000
-15517.200000 153182.000000
-15569.600000 154796.000000
-18835.700000 161202.000000
-18785.600000 161386.000000
-17680.200000 163009.000000
-17779.300000 162658.000000
-17775.900000 162030.000000
-16245.300000 158601.000000
-16077.200000 158425.000000
-15532.800000 154656.000000
-16482.400000 153432.000000
-15716.500000 152543.000000
-15394.800000 160796.000000
-15397.000000 161168.000000
-17346.200000 162551.000000
-17360.700000 162072.000000
-17394.100000 161996.000000
-18990.400000 160536.000000
20277.500000 160536.000000
-15558.400000 155976.000000
-15499.400000 145359.000000
-10187.300000 144617.000000
-9991.340000 144497.000000
-2953.720000 143531.000000
-1964.090000 141282.000000
-1818.270000 141280.000000
-1716.970000 142366.000000
-1647.950000 141004.000000
-1664.640000 141131.000000
-1959.640000 143647.000000
-1544.420000 146601.000000
-2717.730000 146461.000000
-3754.110000 143687.000000
-3764.130000 143569.000000
-7905.220000 143631.000000
-10468.900000 149426.000000
-10467.800000 149749.000000
-9349.030000 151575.000000
-9795.420000 152870.000000
-9952.380000 152877.000000
-16936.600000 152817.000000
-20093.600000 152819.000000
-20288.400000 152819.000000
-20378.600000 149584.000000
-20643.500000 151987.000000
-20656.900000 152031.000000
-21209.000000 149923.000000
-21307.000000 149927.000000
-21245.700000 149920.000000
-19480.200000 147503.000000
-18490.600000 141721.000000
-18872.400000 141658.000000
-18800.100000 141814.000000
-18557.400000 141785.000000
-17809.300000 139679.000000
-17627.900000 139579.000000
-17594.500000 139477.000000
-17070.100000 140409.000000
-14935.000000 140018.000000
-14627.800000 139786.000000
-7826.180000 139920.000000
-7646.950000 142607.000000
-8752.360000 143108.000000
-10509.000000 147532.000000
-10493.400000 147950.000000
-12656.300000 152801.000000
-13312.000000 152467.000000
-13396.600000 152496.000000
-15588.500000 154295.000000
-15580.700000 154447.000000
-11310.500000 155967.000000
-7997.610000 161099.000000
-7724.880000 161061.000000
-7410.960000 163497.000000
-11445.200000 164011.000000
-12604.000000 159587.000000
-12669.700000 157931.000000
-12775.400000 157915.000000
-14017.800000 159817.000000
-15555.100000 157156.000000
-15557.300000 156664.000000
-15959.200000 158249.000000
-23348.600000 163684.000000
-24356.000000 165614.000000
-19722.900000 160578.000000
-19496.900000 160380.000000
-17084.600000 158879.000000
-17197.100000 158922.000000
-22360.100000 162849.000000
-26497.800000 169428.000000
-26455.500000 170025.000000
-31673.000000 181883.000000
-34841.200000 190078.000000
-34961.400000 190225.000000
-37294.700000 193259.000000
-44222.100000 196169.000000
-44527.100000 196074.000000
-48419.900000 198251.000000
-48336.500000 200471.000000
-48343.100000 200700.000000
-46693.400000 205427.000000
-46639.900000 205749.000000
-46449.600000 208835.000000
-46467.400000 209227.000000
-52322.800000 210376.000000
-50304.600000 214265.000000
-50328.000000 214223.000000
-50342.400000 214221.000000
-50343.500000 214223.000000
-50359.100000 214150.000000
-50322.400000 214214.000000
-50462.700000 213642.000000
-50446.000000 213600.000000
-50417.000000 213840.000000
-50472.700000 213658.000000
-50484.900000 214341.000000
-50343.500000 214219.000000
-50305.700000 214208.000000
-50689.700000 214419.000000
-52187.000000 213154.000000
-52311.700000 210325.000000
-52311.700000 210322.000000
-53020.800000 208715.000000
-53820.100000 207744.000000
-53860.100000 207720.000000
-53057.500000 208677.000000
-52160.300000 213377.000000
-52110.200000 213731.000000
-50782.100000 214377.000000
-50725.400000 214415.000000
-50709.800000 214459.000000
-50710.900000 214555.000000
-50921.300000 215145.000000
