-5212.400000 146581.000000
-5212.400000 146585.000000
-5211.280000 146585.000000
-5212.400000 146590.000000
-5202.380000 146643.000000
-5205.720000 146641.000000
-5206.830000 146637.000000
-5206.830000 146621.000000
-5202.380000 146601.000000
-5202.380000 146596.000000
-5204.600000 146596.000000
-5204.600000 146599.000000
-5205.720000 146601.000000
-5222.420000 146570.000000
-5221.300000 146574.000000
-5220.190000 146570.000000
-5217.960000 146576.000000
-5216.850000 146579.000000
-5213.510000 146579.000000
-5212.400000 146581.000000
-5210.170000 146581.000000
-5210.170000 146583.000000
-5206.830000 146585.000000
-5206.830000 146588.000000
-5214.620000 146592.000000
-5216.850000 146592.000000
-5216.850000 146585.000000
-5216.850000 146588.000000
-5216.850000 146585.000000
-5215.740000 146585.000000
-5215.740000 146594.000000
-5215.740000 146590.000000
-5213.510000 146583.000000
-5213.510000 146588.000000
-5214.620000 146588.000000
-5214.620000 146592.000000
-5211.280000 146594.000000
-5211.280000 146596.000000
-5210.170000 146596.000000
-5210.170000 146599.000000
-5225.760000 146612.000000
-1860.570000 146392.000000
-1698.040000 149831.000000
2435.250000 160919.000000
2305.010000 162925.000000
1259.720000 156980.000000
-1534.400000 153848.000000
-2694.350000 146982.000000
-5206.830000 146594.000000
-5207.940000 146608.000000
-5207.940000 146603.000000
-5207.940000 146605.000000
-5207.940000 146603.000000
-5205.720000 146603.000000
-5204.600000 146601.000000
-5210.170000 146570.000000
-5204.600000 146594.000000
-5205.720000 146594.000000
-5204.600000 146594.000000
-5205.720000 146594.000000
-5201.270000 146632.000000
-5202.380000 146605.000000
-5205.720000 146599.000000
-5203.490000 146599.000000
-5204.600000 146601.000000
-5206.830000 146599.000000
-5212.400000 146588.000000
-5209.060000 146554.000000
-5211.280000 146561.000000
-5215.740000 146570.000000
-5214.620000 146561.000000
-5215.740000 146592.000000
-5217.960000 146599.000000
-5220.190000 146599.000000
-5220.190000 146596.000000
-5219.080000 146596.000000
-5219.080000 146599.000000
-5216.850000 146599.000000
-5217.960000 146599.000000
-5216.850000 146599.000000
-5215.740000 146594.000000
-5214.620000 146594.000000
-5213.510000 146559.000000
-5211.280000 146570.000000
-5211.280000 146603.000000
-5210.170000 146601.000000
-5209.060000 146603.000000
-5209.060000 146599.000000
-5210.170000 146605.000000
-5210.170000 146599.000000
-5211.280000 146599.000000
-5211.280000 146594.000000
-5212.400000 146594.000000
-5211.280000 146594.000000
-5211.280000 146592.000000
-5201.270000 146563.000000
-5203.490000 146592.000000
-5202.380000 146581.000000
-5203.490000 146581.000000
-5202.380000 146581.000000
-5204.600000 146588.000000
-5205.720000 146588.000000
-5204.600000 146588.000000
-5202.380000 146621.000000
-5209.060000 146610.000000
-5210.170000 146605.000000
-5210.170000 146603.000000
-5206.830000 146601.000000
-5205.720000 146594.000000
-5205.720000 146592.000000
-5206.830000 146590.000000
-5209.060000 146592.000000
-5210.170000 146592.000000
-5209.060000 146590.000000
-5209.060000 146588.000000
-5211.280000 146590.000000
-5212.400000 146588.000000
-5211.280000 146588.000000
-5212.400000 146588.000000
-5211.280000 146590.000000
-5211.280000 146592.000000
-5211.280000 146594.000000
-5224.640000 146585.000000
-5219.080000 146599.000000
-5216.850000 146601.000000
-5215.740000 146596.000000
-5214.620000 146594.000000
-5214.620000 146596.000000
-4631.310000 146038.000000
-1993.040000 145376.000000
-1525.500000 146942.000000
-1073.540000 148464.000000
-787.447000 149513.000000
-1091.350000 148364.000000
-1545.530000 146283.000000
-1535.510000 146893.000000
-1745.910000 150428.000000
-1026.780000 152982.000000
1440.060000 152661.000000
9853.580000 152432.000000
16734.200000 152479.000000
19582.900000 153033.000000
20072.700000 154253.000000
21007.800000 153870.000000
22974.800000 154235.000000
23665.000000 154422.000000
23547.000000 152862.000000
23141.800000 152750.000000
23006.000000 151123.000000
23102.800000 144775.000000
23280.900000 139837.000000
22829.000000 135306.000000
20329.900000 134935.000000
22861.300000 133657.000000
16708.600000 124101.000000
16150.900000 121848.000000
15522.000000 119270.000000
13180.900000 116522.000000
13665.200000 116193.000000
13572.800000 116048.000000
13573.900000 116048.000000
13570.500000 116044.000000
13571.700000 116044.000000
13339.000000 116318.000000
8306.240000 139156.000000
9165.630000 142725.000000
8625.730000 152354.000000
13479.300000 116033.000000
13481.500000 116033.000000
13482.600000 116033.000000
13192.100000 116344.000000
13552.700000 117689.000000
13552.700000 117691.000000
14023.600000 117827.000000
14878.500000 117985.000000
14976.500000 118005.000000
15218.100000 118061.000000
15470.800000 118528.000000
15361.700000 117219.000000
15318.300000 116558.000000
15312.700000 116556.000000
15254.800000 115901.000000
15251.500000 115875.000000
15534.200000 114962.000000
15682.300000 114864.000000
15682.300000 114868.000000
15961.700000 114741.000000
15975.000000 114712.000000
15921.600000 114347.000000
14412.100000 122656.000000
6142.190000 131408.000000
3772.200000 140810.000000
4391.140000 152285.000000
3106.510000 153928.000000
3109.850000 153716.000000
123.146000 153694.000000
-719.542000 152781.000000
-1115.840000 151031.000000
854.515000 149310.000000
1868.640000 147244.000000
2723.570000 145766.000000
-3219.780000 145385.000000
-5155.620000 146588.000000
-5249.130000 146628.000000
-5248.020000 146625.000000
-5249.130000 146623.000000
-5249.130000 146621.000000
-5248.020000 146621.000000
-5245.790000 146625.000000
-5275.850000 146265.000000
-5242.450000 146650.000000
-5242.450000 146648.000000
-5245.790000 146648.000000
-5251.360000 146605.000000
-5249.130000 146617.000000
-5248.020000 146621.000000
-5249.130000 146628.000000
-5248.020000 146628.000000
-5248.020000 146625.000000
-5249.130000 146623.000000
-5222.420000 146574.000000
-5224.640000 146594.000000
-5220.190000 146596.000000
-5219.080000 146596.000000
-5216.850000 146585.000000
-5214.620000 146585.000000
-5214.620000 146588.000000
-5215.740000 146588.000000
-5215.740000 146550.000000
-5216.850000 146585.000000
-5213.510000 146581.000000
-5203.490000 146596.000000
-5205.720000 146594.000000
-5215.740000 146585.000000
-5212.400000 146579.000000
-5210.170000 146579.000000
-5210.170000 146596.000000
-5211.280000 146594.000000
-5212.400000 146592.000000
-5212.400000 146590.000000
-5210.170000 146594.000000
-5209.060000 146599.000000
-5209.060000 146601.000000
-5210.170000 146596.000000
-5212.400000 146596.000000
-5212.400000 146592.000000
-5212.400000 146590.000000
-5211.280000 146594.000000
-5211.280000 146592.000000
-4970.830000 146111.000000
-4733.720000 141496.000000
-4974.170000 141298.000000
-4959.700000 141389.000000
-4705.890000 142520.000000
-1847.210000 145352.000000
-1722.530000 151047.000000
-742.920000 154974.000000
509.425000 156974.000000
520.557000 157069.000000
614.065000 156876.000000
622.971000 156520.000000
-1606.760000 152570.000000
-1760.380000 148188.000000
-5205.720000 146599.000000
-5201.270000 146596.000000
-5202.380000 146599.000000
-5203.490000 146601.000000
-5204.600000 146596.000000
-5205.720000 146599.000000
-5206.830000 146599.000000
-5207.940000 146596.000000
-5207.940000 146599.000000
-5630.960000 146596.000000
-6251.010000 145388.000000
-5014.250000 143633.000000
-4739.290000 139287.000000
-4750.420000 133982.000000
-3756.340000 134118.000000
-3564.870000 138991.000000
1044.870000 142311.000000
1275.300000 153574.000000
858.968000 155039.000000
1299.790000 152968.000000
2347.310000 151241.000000
2247.120000 152512.000000
2244.900000 153369.000000
-241.982000 153616.000000
-1399.700000 152599.000000
-5466.210000 152777.000000
-9172.030000 152886.000000
-10858.500000 153988.000000
-8568.680000 152928.000000
-4932.990000 152790.000000
-1684.680000 152757.000000
2154.730000 153387.000000
926.873000 153543.000000
-739.580000 153619.000000
17.392600 148081.000000
1314.260000 144942.000000
1737.280000 144737.000000
-1958.530000 138989.000000
-3725.170000 137355.000000
-3600.490000 138964.000000
-4809.420000 141347.000000
-6207.590000 138735.000000
-1648510.000000 2935710.000000
-7619.120000 134970.000000
-1648510.000000 2935710.000000
-7619.120000 134970.000000
-13050.400000 133922.000000
-12708.700000 132713.000000
-10804.000000 133323.000000
-11134.600000 132007.000000
-10071.500000 133686.000000
-9005.050000 134993.000000
-5540.790000 132898.000000
-7730.440000 134968.000000
-8967.200000 136909.000000
-8946.050000 137989.000000
-11886.000000 139410.000000
-13886.400000 138956.000000
-12990.300000 138138.000000
-12971.400000 138555.000000
-12968.000000 138559.000000
-12964.700000 138561.000000
-14198.100000 140768.000000
-14054.500000 142985.000000
-11812.500000 143664.000000
-12869.000000 145975.000000
-12418.100000 147322.000000
-10788.400000 148963.000000
-9592.820000 146194.000000
-8622.110000 146545.000000
-8418.400000 149524.000000
-8507.450000 151080.000000
-8612.090000 146559.000000
-6292.200000 145454.000000
-8693.360000 143642.000000
-10103.800000 141625.000000
-9925.660000 139920.000000
-5364.900000 139227.000000
1280.870000 143219.000000
4283.160000 160378.000000
8787.140000 161242.000000
5824.930000 159728.000000
5848.310000 163185.000000
6742.200000 164245.000000
6695.450000 161075.000000
4433.440000 154636.000000
45.222500 152639.000000
-1772.620000 147803.000000
-4639.100000 145915.000000
-4540.030000 148030.000000
-5138.930000 146599.000000
-5138.930000 146601.000000
-5137.810000 146599.000000
-5138.930000 146601.000000
-5138.930000 146605.000000
-5136.700000 146610.000000
-5137.810000 146605.000000
-5152.280000 146574.000000
-5150.060000 146583.000000
-5147.830000 146585.000000
-5145.610000 146581.000000
-5143.380000 146588.000000
-5142.270000 146588.000000
-5142.270000 146603.000000
-5136.700000 146596.000000
-5133.360000 146594.000000
-5128.910000 146590.000000
-5130.020000 146588.000000
-5128.910000 146585.000000
-5132.250000 146585.000000
-5133.360000 146583.000000
-5140.040000 146590.000000
-5158.960000 146657.000000
-5151.170000 146639.000000
-5140.040000 146590.000000
-5142.270000 146599.000000
-5134.470000 146608.000000
-5133.360000 146599.000000
-5137.810000 146603.000000
-5136.700000 146603.000000
-5138.930000 146605.000000
-5135.590000 146605.000000
-5133.360000 146605.000000
-5132.250000 146605.000000
-5131.130000 146605.000000
-5132.250000 146605.000000
-5127.790000 146556.000000
-5131.130000 146581.000000
-5134.470000 146585.000000
-5135.590000 146583.000000
-5143.380000 146630.000000
-5140.040000 146612.000000
-5138.930000 146610.000000
-5138.930000 146608.000000
-5142.270000 146619.000000
-5145.610000 146625.000000
-5144.490000 146619.000000
-5143.380000 146619.000000
-5133.360000 146588.000000
-5132.250000 146596.000000
-5135.590000 146588.000000
-5137.810000 146581.000000
-5136.700000 146574.000000
-5135.590000 146574.000000
-5125.570000 146612.000000
-5130.020000 146623.000000
-5128.910000 146608.000000
-5131.130000 146608.000000
-5134.470000 146581.000000
-5132.250000 146579.000000
-5132.250000 146574.000000
-5132.250000 146576.000000
-5131.130000 146574.000000
-5132.250000 146576.000000
-5132.250000 146579.000000
-5133.360000 146581.000000
-5245.790000 146394.000000
-3578.230000 147048.000000
-1725.870000 150860.000000
-27.135200 152666.000000
84.184300 153033.000000
317.955000 153630.000000
4483.530000 152891.000000
-10444.400000 154402.000000
-9665.180000 155934.000000
-8269.230000 154578.000000
-4837.250000 150466.000000
-3671.740000 149148.000000
-679.467000 149302.000000
2096.840000 149353.000000
5341.800000 149373.000000
5118.050000 147854.000000
5765.930000 148431.000000
5779.290000 149197.000000
6053.140000 147469.000000
4643.830000 149377.000000
1285.320000 153507.000000
-2986.010000 155974.000000
-4277.310000 154367.000000
-1017.880000 152937.000000
-1024.560000 152416.000000
1308.700000 151078.000000
1319.830000 146303.000000
-1739.230000 145343.000000
-4615.720000 147084.000000
-10050.300000 147307.000000
-11969.500000 150401.000000
-15619.700000 151728.000000
-16003.700000 151597.000000
-15318.000000 154647.000000
-15547.300000 149907.000000
-16157.300000 147316.000000
-14683.500000 148228.000000
-17229.300000 147298.000000
-18066.500000 148389.000000
-15625.200000 147307.000000
-12253.400000 147318.000000
-13142.800000 147287.000000
-16489.100000 147278.000000
-17647.900000 140060.000000
-18114.300000 136001.000000
-16029.300000 137468.000000
-15808.900000 140614.000000
-12903.500000 139937.000000
-11019.900000 141587.000000
-8706.720000 143626.000000
-6011.670000 146358.000000
-5258.040000 146465.000000
-5223.530000 146588.000000
-5226.870000 146579.000000
-5226.870000 146576.000000
-5224.640000 146576.000000
-5224.640000 146579.000000
-5225.760000 146581.000000
-4909.610000 146450.000000
-2433.860000 147033.000000
-1597.850000 153545.000000
2460.860000 153187.000000
2463.080000 153200.000000
1969.940000 153403.000000
-1154.800000 152606.000000
-3499.190000 147035.000000
-5233.550000 146096.000000
-2481.730000 145561.000000
-4142.620000 145417.000000
-5226.870000 146581.000000
-4610.160000 147109.000000
-3496.960000 151152.000000
-4550.050000 152728.000000
-4405.330000 151045.000000
-2689.900000 149168.000000
-1735.890000 148473.000000
-1074.650000 148509.000000
313.502000 148498.000000
10.713400 148418.000000
-745.146000 148159.000000
-1536.630000 145866.000000
-2011.960000 146962.000000
-3697.340000 145405.000000
-5232.430000 146570.000000
-5209.060000 146576.000000
-5210.170000 146585.000000
-5211.280000 146585.000000
-5211.280000 146588.000000
-5210.170000 146590.000000
-5210.170000 146585.000000
-5211.280000 146585.000000
-5211.280000 146588.000000
-5210.170000 146590.000000
-5209.060000 146592.000000
-5232.430000 146628.000000
-5205.720000 146608.000000
-5204.600000 146605.000000
-5204.600000 146603.000000
-5204.600000 146605.000000
-5215.740000 146632.000000
-5207.940000 146601.000000
-5210.170000 146612.000000
-5212.400000 146632.000000
23928.800000 140973.000000
-5210.170000 146601.000000
-5210.170000 146590.000000
-5209.060000 146585.000000
-5207.940000 146583.000000
-5206.830000 146583.000000
-5205.720000 146585.000000
-5205.720000 146588.000000
-5206.830000 146588.000000
-5206.830000 146594.000000
-5207.940000 146594.000000
-5206.830000 146596.000000
-5206.830000 146599.000000
-5215.740000 146625.000000
-5213.510000 146588.000000
-5211.280000 146576.000000
-5217.960000 146561.000000
-5210.170000 146550.000000
-5207.940000 146552.000000
-5206.830000 146561.000000
-5207.940000 146565.000000
-5206.830000 146568.000000
-5207.940000 146570.000000
-5206.830000 146570.000000
-5206.830000 146574.000000
-5205.720000 146574.000000
-5206.830000 146576.000000
-5205.720000 146576.000000
-5206.830000 146576.000000
-5206.830000 146581.000000
-5205.720000 146581.000000
-5206.830000 146583.000000
-5205.720000 146585.000000
-5204.600000 146583.000000
-5205.720000 146585.000000
-5204.600000 146585.000000
-5203.490000 146585.000000
-5204.600000 146585.000000
-5204.600000 146572.000000
-5207.940000 146574.000000
-5206.830000 146576.000000
-5206.830000 146579.000000
-5207.940000 146579.000000
-5204.600000 146585.000000
-5205.720000 146585.000000
-5206.830000 146585.000000
-5205.720000 146585.000000
-5205.720000 146588.000000
-5223.530000 146639.000000
-5211.280000 146585.000000
-5209.060000 146576.000000
-5205.720000 146576.000000
-5205.720000 146574.000000
-5207.940000 146581.000000
-5209.060000 146581.000000
-5209.060000 146590.000000
-5207.940000 146590.000000
-5207.940000 146592.000000
-5240.230000 146418.000000
-3687.320000 145432.000000
-2107.700000 144597.000000
-2264.660000 147006.000000
-2758.920000 143571.000000
-2154.450000 140643.000000
-3302.150000 140648.000000
-5015.360000 141389.000000
-4974.170000 141763.000000
-6047.290000 143057.000000
-6322.250000 143061.000000
-6032.820000 146136.000000
-4626.860000 145704.000000
-3527.020000 157297.000000
-4915.170000 157179.000000
-2944.820000 163936.000000
40.769700 163452.000000
-460.168000 163608.000000
-2618.650000 162128.000000
-1300.630000 162097.000000
-603.770000 156301.000000
1214.080000 156295.000000
1212.960000 155616.000000
4102.820000 156030.000000
6119.930000 155504.000000
3083.130000 154380.000000
2847.130000 151499.000000
1304.250000 149820.000000
3552.900000 147026.000000
4214.140000 141583.000000
4601.530000 141209.000000
4219.700000 138651.000000
3125.430000 139966.000000
2612.250000 143987.000000
4890.960000 146294.000000
4363.310000 146984.000000
1654.900000 137956.000000
-3334.440000 134672.000000
-4671.380000 134794.000000
-4964.150000 140685.000000
-4624.630000 141607.000000
-4981.970000 141117.000000
-4621.290000 141785.000000
-4699.210000 142787.000000
-5118.890000 143569.000000
-4661.370000 144802.000000
-4632.420000 146583.000000
-6108.520000 147126.000000
-1935.150000 147060.000000
352.464000 149774.000000
3115.410000 151421.000000
3267.920000 151889.000000
3036.380000 155493.000000
3028.580000 160963.000000
2414.100000 162805.000000
2213.730000 162811.000000
1234.110000 157996.000000
-723.995000 152601.000000
-3282.120000 147013.000000
-5195.700000 146579.000000
-5195.700000 146576.000000
-5197.930000 146576.000000
-5197.930000 146574.000000
-5200.150000 146579.000000
-5202.380000 146579.000000
-5202.380000 146576.000000
-5203.490000 146581.000000
-5204.600000 146581.000000
-5205.720000 146585.000000
-5205.720000 146588.000000
-5205.720000 146590.000000
-5192.360000 146572.000000
-5201.270000 146594.000000
-5203.490000 146605.000000
-5205.720000 146603.000000
-5207.940000 146603.000000
-5220.190000 146630.000000
-5220.190000 146625.000000
-5226.870000 146619.000000
-5219.080000 146617.000000
-5213.510000 146605.000000
-5215.740000 146605.000000
-5215.740000 146579.000000
-5215.740000 146581.000000
-5214.620000 146581.000000
-5213.510000 146576.000000
-5212.400000 146574.000000
-5211.280000 146574.000000
-5211.280000 146583.000000
-5210.170000 146588.000000
-5209.060000 146590.000000
-5207.940000 146588.000000
-5206.830000 146588.000000
-5207.940000 146590.000000
-5206.830000 146592.000000
-5206.830000 146590.000000
-5203.490000 146590.000000
-5202.380000 146588.000000
