-13482.300000 155150.000000
-14359.500000 153416.000000
-11953.900000 153768.000000
-8421.740000 157602.000000
-8389.460000 157459.000000
-8391.680000 157439.000000
-3580.450000 156010.000000
-5366.020000 156270.000000
1171.780000 155918.000000
-575.940000 153665.000000
840.044000 149444.000000
926.873000 149428.000000
931.326000 149415.000000
932.439000 149422.000000
932.439000 149426.000000
1090.510000 149400.000000
1280.870000 151000.000000
1127.250000 152603.000000
922.420000 152826.000000
673.064000 152719.000000
-297.642000 152835.000000
-1719.190000 152630.000000
-8239.170000 152207.000000
-9645.140000 151475.000000
-9124.160000 146930.000000
-8760.150000 145472.000000
-7669.220000 143709.000000
-2802.330000 143562.000000
-1239.400000 141275.000000
506.085000 141734.000000
2061.220000 143851.000000
1263.060000 144566.000000
-1750.360000 145365.000000
-1753.700000 150462.000000
-2593.050000 152122.000000
-3581.570000 152229.000000
-1844.980000 151080.000000
949.137000 152585.000000
882.345000 150279.000000
14422.100000 147494.000000
15401.700000 150074.000000
18477.500000 153302.000000
22773.300000 149553.000000
23115.100000 146084.000000
23157.400000 154197.000000
26808.700000 160823.000000
28258.000000 166171.000000
28397.200000 166739.000000
28382.700000 166761.000000
27950.800000 176212.000000
29175.300000 193747.000000
29199.800000 193665.000000
29198.700000 193662.000000
29196.500000 193660.000000
29198.700000 193671.000000
29197.600000 193671.000000
29196.500000 193647.000000
29199.800000 193658.000000
29200.900000 193665.000000
29200.900000 193676.000000
29199.800000 193676.000000
29200.900000 193678.000000
29198.700000 193676.000000
29199.800000 193674.000000
29200.900000 193674.000000
29199.800000 193676.000000
29198.700000 193678.000000
29197.600000 193676.000000
29198.700000 193671.000000
29193.100000 193669.000000
29195.300000 193674.000000
29194.200000 193678.000000
29193.100000 193676.000000
29192.000000 193676.000000
29170.900000 193745.000000
29170.900000 193751.000000
29113.000000 193560.000000
22439.400000 179347.000000
6831.260000 162531.000000
4450.130000 150891.000000
6043.120000 131593.000000
15552.000000 118822.000000
15513.100000 116008.000000
15785.800000 116814.000000
15998.400000 119564.000000
15916.000000 121325.000000
8611.260000 128242.000000
6069.830000 131889.000000
6217.890000 137448.000000
4324.340000 141442.000000
11.826600 145486.000000
320.182000 147033.000000
1860.840000 147670.000000
561.745000 149333.000000
1053.780000 149680.000000
905.722000 149426.000000
1052.660000 149631.000000
882.345000 149431.000000
916.854000 149426.000000
1295.340000 149820.000000
1240.790000 150192.000000
3561.810000 151076.000000
3259.020000 138602.000000
4402.270000 143112.000000
6987.110000 152777.000000
8086.940000 153102.000000
7741.850000 153389.000000
14809.500000 152289.000000
20844.200000 153550.000000
28000.900000 174531.000000
29271.000000 193268.000000
29194.200000 193680.000000
29192.000000 193674.000000
29192.000000 193676.000000
29192.000000 193674.000000
29193.100000 193676.000000
29193.100000 193674.000000
29189.800000 193674.000000
29190.900000 193669.000000
-834910.000000 2699250.000000
29197.600000 193671.000000
29196.500000 193669.000000
29194.200000 193669.000000
29193.100000 193671.000000
29193.100000 193674.000000
29194.200000 193676.000000
29195.300000 193676.000000
29194.200000 193676.000000
29165.300000 193609.000000
29196.500000 193671.000000
-53879.100000 193671.000000
29196.500000 193671.000000
29195.300000 193669.000000
29194.200000 193669.000000
29194.200000 193676.000000
29195.300000 193676.000000
29174.200000 193754.000000
22614.100000 187640.000000
15164.600000 176043.000000
9112.200000 165165.000000
4286.500000 158134.000000
1391.080000 155945.000000
-4650.230000 156128.000000
-5669.920000 152926.000000
-6091.820000 152833.000000
-6727.460000 152864.000000
-9236.600000 151869.000000
-10254.100000 152906.000000
-16460.100000 151588.000000
-17256.100000 151641.000000
-16636.000000 149210.000000
-14066.700000 139568.000000
-690.599000 140162.000000
10544.900000 126597.000000
15822.500000 120022.000000
15412.900000 119150.000000
4115.060000 135093.000000
-4987.530000 143604.000000
-10763.900000 146102.000000
-9912.310000 142222.000000
-8779.070000 142785.000000
-9896.720000 142364.000000
-7471.070000 139385.000000
-7413.180000 139381.000000
-7414.300000 139385.000000
-5314.810000 137388.000000
-2932.570000 133650.000000
-1425.310000 134721.000000
-1501.010000 134645.000000
-1519.930000 134774.000000
-161.832000 140080.000000
1274.190000 147075.000000
914.628000 149453.000000
914.628000 149455.000000
914.628000 149451.000000
913.515000 149453.000000
913.515000 149455.000000
1304.250000 149640.000000
418.143000 151063.000000
450.425000 151299.000000
1107.210000 150911.000000
658.593000 155936.000000
1643.770000 157495.000000
1443.400000 157704.000000
841.157000 149987.000000
284.559000 148520.000000
874.553000 147011.000000
2333.950000 138706.000000
3225.620000 135217.000000
2469.760000 133398.000000
1404.430000 133231.000000
-3656.150000 132550.000000
-1442.010000 124433.000000
-4347.440000 127185.000000
7220.880000 129460.000000
15464.100000 114959.000000
12156.800000 125479.000000
-853.126000 134975.000000
-2954.840000 137707.000000
-2921.440000 135091.000000
4374.440000 138297.000000
4947.730000 137455.000000
2440.820000 137825.000000
-2857.990000 137925.000000
1217.420000 153200.000000
3655.310000 158007.000000
8580.090000 164610.000000
16011.800000 176020.000000
24712.500000 186705.000000
29197.600000 193676.000000
29198.700000 193674.000000
29199.800000 193674.000000
29197.600000 193678.000000
29198.700000 193678.000000
29197.600000 193678.000000
29197.600000 193674.000000
29198.700000 193676.000000
29198.700000 193678.000000
29198.700000 193676.000000
29196.500000 193676.000000
29196.500000 193674.000000
29196.500000 193676.000000
29195.300000 193674.000000
29196.500000 193676.000000
29196.500000 193674.000000
29195.300000 193674.000000
29195.300000 193671.000000
29193.100000 193671.000000
29193.100000 193669.000000
29178.600000 193751.000000
23859.800000 186954.000000
22311.300000 177120.000000
23891.000000 160218.000000
24423.100000 154480.000000
22531.800000 152773.000000
13832.100000 152229.000000
909.062000 149451.000000
1285.320000 144795.000000
-8556.430000 139383.000000
-10910.800000 141585.000000
-7207.240000 139989.000000
-9403.580000 139325.000000
-10838.500000 137960.000000
-11296.000000 137584.000000
-11282.600000 137471.000000
-6878.850000 139323.000000
-1801.570000 147011.000000
-1692.470000 151684.000000
-2863.560000 152764.000000
1172.890000 152708.000000
3110.960000 151196.000000
3115.410000 152545.000000
6291.360000 150969.000000
9083.250000 153908.000000
7988.980000 150873.000000
4679.450000 151029.000000
5273.900000 159345.000000
4430.100000 156139.000000
4371.100000 159153.000000
1241.910000 158537.000000
1245.250000 158537.000000
1279.760000 154939.000000
4876.490000 151096.000000
8426.470000 150657.000000
13632.900000 151065.000000
14797.300000 150969.000000
14167.200000 152926.000000
14714.900000 151294.000000
15822.500000 151815.000000
20276.400000 155576.000000
24138.100000 157733.000000
27968.600000 173013.000000
29169.700000 193754.000000
29190.900000 193665.000000
29190.900000 193660.000000
29193.100000 193660.000000
29194.200000 193658.000000
29195.300000 193660.000000
29195.300000 193658.000000
29193.100000 193662.000000
29175.300000 193676.000000
29183.100000 193671.000000
29187.600000 193671.000000
29186.400000 193671.000000
29187.600000 193669.000000
29189.800000 193667.000000
-8989.470000 124079.000000
29189.800000 193667.000000
29172.000000 193656.000000
29176.400000 193656.000000
29177.500000 193658.000000
29179.800000 193658.000000
29182.000000 193658.000000
29184.200000 193658.000000
29186.400000 193658.000000
29187.600000 193658.000000
29188.700000 193658.000000
29190.900000 193669.000000
29193.100000 193665.000000
29194.200000 193665.000000
29193.100000 193665.000000
29173.100000 193745.000000
26531.500000 186186.000000
22421.600000 181842.000000
13743.100000 176076.000000
7523.670000 163579.000000
1297.570000 157942.000000
-2116.600000 161524.000000
-2161.130000 162696.000000
927.986000 162148.000000
4327.680000 166941.000000
3532.860000 161340.000000
3543.990000 160930.000000
4640.490000 159815.000000
4854.220000 159861.000000
7102.880000 162531.000000
1756.200000 164773.000000
-221.944000 140699.000000
-1258.330000 139488.000000
-52.738700 138606.000000
-6229.860000 137415.000000
-2865.780000 137330.000000
-5333.740000 134921.000000
-892.088000 134984.000000
2508.720000 135879.000000
3184.430000 130907.000000
1382.170000 132909.000000
1397.750000 132811.000000
-62.757400 141966.000000
820.006000 141983.000000
1294.230000 143604.000000
1485.700000 144740.000000
3109.850000 151254.000000
4578.150000 151094.000000
8409.770000 150649.000000
14039.200000 151165.000000
23114.000000 156580.000000
28246.900000 167533.000000
29204.200000 193667.000000
29202.000000 193669.000000
29203.100000 193674.000000
29203.100000 193671.000000
29202.000000 193674.000000
29199.800000 193676.000000
29198.700000 193676.000000
29198.700000 193671.000000
29198.700000 193674.000000
29199.800000 193674.000000
29199.800000 193671.000000
29199.800000 193674.000000
29199.800000 193671.000000
29200.900000 193669.000000
29200.900000 193671.000000
29198.700000 193667.000000
29185.300000 193738.000000
29184.200000 193736.000000
29187.600000 193720.000000
29187.600000 193665.000000
29190.900000 193660.000000
29194.200000 193660.000000
29195.300000 193660.000000
29198.700000 193667.000000
29199.800000 193669.000000
29199.800000 193674.000000
29198.700000 193680.000000
29198.700000 193678.000000
29196.500000 193678.000000
29197.600000 193678.000000
29195.300000 193671.000000
29193.100000 193660.000000
29193.100000 193658.000000
29194.200000 193658.000000
29195.300000 193665.000000
29197.600000 193665.000000
29198.700000 193667.000000
29199.800000 193665.000000
29202.000000 193665.000000
29202.000000 193669.000000
29200.900000 193671.000000
29174.200000 193736.000000
29175.300000 193734.000000
27837.200000 180155.000000
27737.100000 164893.000000
28219.100000 167745.000000
28172.300000 193544.000000
29207.600000 193658.000000
29204.200000 193669.000000
29202.000000 193674.000000
29200.900000 193676.000000
29199.800000 193676.000000
29198.700000 193669.000000
29197.600000 193667.000000
29195.300000 193667.000000
29195.300000 193665.000000
29197.600000 193665.000000
29197.600000 193662.000000
29197.600000 193665.000000
29199.800000 193665.000000
29199.800000 193667.000000
29195.300000 193658.000000
29195.300000 193660.000000
29196.500000 193660.000000
29196.500000 193662.000000
29192.000000 193658.000000
29192.000000 193662.000000
29194.200000 193662.000000
29195.300000 193665.000000
29189.800000 193680.000000
29197.600000 193687.000000
29199.800000 193689.000000
29202.000000 193689.000000
29203.100000 193689.000000
29202.000000 193687.000000
29202.000000 193685.000000
29202.000000 193687.000000
29194.200000 193694.000000
29194.200000 193691.000000
29164.200000 193765.000000
29167.500000 193763.000000
29170.900000 193756.000000
29173.100000 193756.000000
28843.600000 194542.000000
29178.600000 193789.000000
28191.200000 192667.000000
27968.600000 171815.000000
28386.100000 166714.000000
28387.200000 166723.000000
28342.600000 166456.000000
25714.400000 160222.000000
26062.800000 155193.000000
22481.700000 152764.000000
23098.400000 152608.000000
9118.870000 152338.000000
-1239.400000 145744.000000
-656.090000 145374.000000
327.974000 147008.000000
1690.520000 146997.000000
