-1064.630000 143767.000000
-1045.710000 143722.000000
-519.167000 144123.000000
-333.264000 144127.000000
-313.226000 144317.000000
-598.204000 145323.000000
-1118.070000 145325.000000
-1548.870000 145336.000000
-1546.650000 145356.000000
-1897.300000 145341.000000
-1899.530000 145396.000000
-1869.470000 145445.000000
-1554.440000 145470.000000
-1538.850000 145434.000000
1199.610000 145359.000000
1211.850000 145356.000000
1305.360000 145292.000000
1317.600000 145174.000000
2922.830000 142513.000000
2371.800000 142887.000000
2362.890000 142903.000000
2368.460000 142907.000000
2502.040000 142814.000000
2499.820000 142852.000000
2502.040000 142892.000000
2536.550000 142870.000000
2416.330000 142930.000000
2407.420000 142954.000000
2399.630000 143037.000000
2385.160000 143152.000000
2657.890000 144346.000000
2655.660000 144406.000000
1312.040000 144706.000000
1305.360000 144350.000000
1299.790000 143564.000000
939.118000 143731.000000
850.062000 143898.000000
1244.130000 144377.000000
1253.040000 145178.000000
1260.830000 145189.000000
1261.940000 148525.000000
1253.040000 148614.000000
1255.270000 148874.000000
1241.910000 152539.000000
2327.270000 152492.000000
2485.350000 152514.000000
2837.120000 152726.000000
2850.470000 152739.000000
2928.400000 152737.000000
3065.320000 152788.000000
3065.320000 153256.000000
3054.190000 153995.000000
3059.750000 154046.000000
3061.980000 154057.000000
3054.190000 154142.000000
3065.320000 154224.000000
3069.770000 154275.000000
3073.110000 154391.000000
3837.880000 154376.000000
3849.010000 154380.000000
3857.920000 154380.000000
3922.480000 154418.000000
3928.050000 154429.000000
4130.650000 154852.000000
3626.370000 154398.000000
3195.560000 154235.000000
3148.810000 154380.000000
3103.170000 154373.000000
3058.640000 153984.000000
3053.080000 153984.000000
3047.510000 153890.000000
3082.020000 152971.000000
3041.940000 153037.000000
2964.020000 152966.000000
2922.830000 153073.000000
2930.620000 152821.000000
3026.360000 152581.000000
2920.600000 152632.000000
9.600250 149705.000000
-2.644890 149664.000000
-32.701200 149426.000000
-413.414000 149388.000000
-431.225000 149408.000000
-36.040700 149486.000000
-1.531690 149453.000000
30.751000 148765.000000
20.732200 148542.000000
8.487060 147229.000000
-1.531690 147015.000000
-715.090000 146973.000000
-719.542000 146514.000000
-630.487000 145592.000000
-628.260000 145579.000000
-648.298000 145497.000000
-647.185000 145470.000000
-639.392000 145437.000000
-644.958000 145352.000000
-652.751000 145345.000000
-676.128000 145334.000000
-1149.240000 145352.000000
-1576.700000 145368.000000
-1889.510000 145341.000000
-1899.530000 145414.000000
-1866.130000 145448.000000
-1644.610000 145457.000000
-1541.080000 145897.000000
-1543.310000 145931.000000
-1521.040000 146666.000000
-1552.210000 146739.000000
-1557.780000 146425.000000
-1565.570000 146236.000000
-1571.140000 146158.000000
-1524.380000 146717.000000
-1521.040000 146739.000000
-1524.380000 146906.000000
-1535.510000 146950.000000
-1560.000000 146971.000000
-1600.080000 146984.000000
-1610.100000 146988.000000
-2384.880000 147048.000000
-4521.100000 147093.000000
-4916.290000 147082.000000
-4955.250000 147089.000000
-5851.370000 147077.000000
-5869.180000 147073.000000
-6146.370000 147077.000000
-10265.200000 147307.000000
-10274.100000 147405.000000
-10418.800000 147382.000000
-10513.400000 147411.000000
-10546.800000 149108.000000
-10552.400000 149226.000000
-10624.800000 149244.000000
-10772.800000 149259.000000
-10855.200000 149282.000000
-10850.700000 149397.000000
-10797.300000 149575.000000
-10788.400000 149627.000000
-10783.900000 148565.000000
-10789.500000 148502.000000
-10789.500000 148398.000000
-10783.900000 148369.000000
-10780.600000 147901.000000
-10780.600000 147846.000000
-10791.700000 147616.000000
-10786.200000 147507.000000
-10655.900000 147282.000000
-10510.100000 146403.000000
-10721.600000 136796.000000
-10704.900000 135206.000000
-10800.600000 133815.000000
-10849.600000 131582.000000
-10839.600000 130542.000000
-8357.170000 130046.000000
-8406.150000 129240.000000
-8741.220000 129233.000000
-8737.890000 129182.000000
-8485.190000 129195.000000
-8433.980000 129173.000000
-8439.550000 128992.000000
-8422.850000 129004.000000
-8381.660000 130028.000000
-8267.000000 131844.000000
-8253.650000 131882.000000
-7398.710000 131864.000000
-7087.020000 131878.000000
-6931.170000 137286.000000
-6926.720000 137370.000000
-6917.810000 137397.000000
-6249.890000 137508.000000
-6252.120000 137887.000000
-6229.860000 137900.000000
-6219.840000 138161.000000
-6190.900000 138087.000000
-6174.200000 139163.000000
-6218.730000 139245.000000
-6322.250000 139367.000000
-6377.910000 139385.000000
-6392.380000 139347.000000
-6381.250000 139325.000000
-6303.330000 139318.000000
-5888.110000 139241.000000
-5373.810000 139307.000000
-5372.700000 139425.000000
-5372.700000 139470.000000
-5364.900000 140316.000000
-5337.070000 140316.000000
-5322.600000 140138.000000
-5359.340000 139574.000000
-5342.640000 139492.000000
-5331.510000 139278.000000
-5177.890000 139234.000000
5468.710000 132633.000000
12648.800000 125087.000000
15001.000000 121601.000000
15036.600000 121547.000000
15621.000000 119686.000000
15878.200000 114777.000000
15861.500000 114361.000000
15858.200000 114316.000000
15830.300000 114260.000000
15705.600000 114182.000000
15254.800000 114305.000000
15303.800000 114911.000000
15254.800000 114911.000000
15170.200000 114962.000000
15240.300000 115625.000000
15243.700000 115959.000000
15248.100000 115993.000000
15265.900000 116180.000000
15271.500000 116224.000000
15282.600000 116398.000000
15362.800000 117404.000000
15392.800000 117794.000000
15405.100000 118012.000000
15424.000000 118691.000000
15335.000000 118740.000000
14535.700000 118531.000000
12403.900000 118030.000000
12401.700000 118027.000000
11839.500000 117711.000000
11669.200000 117656.000000
11134.900000 118747.000000
10843.200000 119199.000000
9271.380000 122959.000000
9215.720000 123184.000000
5847.190000 131533.000000
4233.060000 134598.000000
4227.500000 134605.000000
4199.670000 134627.000000
2600.000000 132544.000000
2463.080000 132332.000000
2458.630000 132294.000000
2402.970000 132279.000000
2154.730000 132666.000000
2040.070000 132855.000000
2004.450000 132884.000000
1401.090000 132929.000000
1403.320000 133741.000000
1427.810000 134376.000000
1453.410000 134547.000000
1501.280000 135300.000000
1497.940000 135329.000000
1483.470000 135355.000000
1859.730000 136696.000000
1917.620000 136765.000000
2438.590000 137464.000000
2425.230000 137486.000000
2082.370000 137998.000000
2099.070000 138143.000000
1804.070000 138606.000000
1807.410000 141071.000000
1820.770000 141059.000000
1303.130000 141990.000000
1139.490000 142275.000000
1091.630000 142364.000000
1086.060000 142353.000000
1082.720000 142342.000000
1071.590000 142458.000000
1250.810000 143337.000000
1275.300000 143615.000000
1303.130000 143611.000000
1364.360000 143578.000000
1373.260000 143582.000000
1473.450000 143419.000000
2018.920000 143137.000000
2045.630000 143878.000000
2102.410000 144522.000000
2101.290000 144633.000000
2085.710000 144640.000000
2087.940000 144657.000000
1336.530000 144740.000000
1330.960000 144717.000000
1333.190000 144702.000000
1317.600000 144684.000000
607.386000 144762.000000
601.820000 144424.000000
532.802000 143771.000000
48.562100 143900.000000
-7.097670 143938.000000
-18.229600 144121.000000
-73.889400 144134.000000
-358.867000 144145.000000
-364.433000 144179.000000
-327.698000 144306.000000
-325.471000 144328.000000
-322.132000 144383.000000
-447.923000 144606.000000
-622.694000 145330.000000
-1165.930000 145314.000000
-1622.340000 145359.000000
-1877.270000 145334.000000
-1900.640000 145368.000000
-1905.090000 145414.000000
-1878.380000 145448.000000
-1643.490000 145508.000000
-1588.950000 145437.000000
-1561.120000 145448.000000
-1557.780000 145470.000000
-1522.160000 146561.000000
-1515.480000 146614.000000
-1529.950000 146621.000000
-1522.160000 146621.000000
-1513.250000 146588.000000
-1533.290000 145425.000000
-1348.500000 145403.000000
-1248.310000 145414.000000
-1238.290000 145597.000000
-1231.610000 146358.000000
-1010.090000 146409.000000
-742.920000 146405.000000
11.826600 146381.000000
11.826600 146826.000000
-706.184000 146988.000000
-711.750000 146950.000000
-717.316000 146421.000000
-631.600000 145797.000000
-639.392000 145512.000000
-639.392000 145341.000000
-648.298000 145319.000000
-925.483000 145325.000000
-959.993000 145336.000000
-1193.760000 145336.000000
-1201.560000 145347.000000
-1749.250000 145347.000000
-1856.110000 145274.000000
-1899.530000 145323.000000
-1900.640000 145368.000000
-1878.380000 145414.000000
-1665.760000 145448.000000
-1654.630000 145459.000000
-1622.340000 145430.000000
-1565.570000 145412.000000
-1546.650000 145430.000000
-1548.870000 145535.000000
-1538.850000 145586.000000
-1568.910000 145693.000000
-1522.160000 146732.000000
-1532.170000 146906.000000
-1527.720000 146928.000000
-1533.290000 146982.000000
-1565.570000 146993.000000
-1830.510000 146917.000000
-1850.550000 146948.000000
-1802.680000 147984.000000
-1802.680000 148028.000000
-1800.450000 148075.000000
-1800.450000 148113.000000
-1799.340000 148206.000000
-1789.320000 148395.000000
-1783.760000 148569.000000
-1749.250000 148985.000000
-1802.680000 149030.000000
-1765.950000 149437.000000
-1769.290000 149567.000000
-1767.060000 149589.000000
-1760.380000 149653.000000
-1755.930000 149693.000000
-1735.890000 150936.000000
-1732.550000 151011.000000
-1730.320000 151100.000000
-1732.550000 151134.000000
-1730.320000 151214.000000
-1649.060000 152928.000000
-1669.100000 152917.000000
-1678.000000 152670.000000
-1657.970000 152637.000000
-739.580000 152677.000000
-720.656000 152715.000000
-715.090000 152884.000000
-722.882000 152926.000000
-692.826000 153155.000000
-672.788000 153162.000000
-648.298000 153144.000000
-659.430000 153178.000000
-700.618000 153371.000000
-720.656000 153383.000000
-793.013000 153405.000000
-791.900000 153434.000000
-800.806000 153483.000000
-764.070000 153434.000000
-754.051000 153438.000000
-747.372000 153416.000000
-734.014000 153360.000000
-731.788000 153338.000000
-736.240000 153273.000000
-736.240000 153260.000000
-728.448000 153218.000000
-726.222000 153207.000000
-725.108000 153073.000000
-720.656000 152951.000000
-742.920000 152784.000000
-750.712000 152759.000000
-739.580000 152688.000000
-227.510000 152717.000000
-188.548000 152739.000000
-177.416000 152699.000000
36.316900 152703.000000
905.722000 152732.000000
1116.120000 152728.000000
1336.530000 152592.000000
1323.170000 151835.000000
1299.790000 150996.000000
1277.530000 146049.000000
1286.430000 144412.000000
1289.770000 144372.000000
1125.020000 142418.000000
949.137000 142431.000000
821.119000 142847.000000
757.667000 142932.000000
729.837000 142976.000000
732.064000 143021.000000
715.366000 143054.000000
694.215000 143130.000000
676.404000 143143.000000
612.952000 143215.000000
604.046000 143241.000000
598.480000 143259.000000
596.254000 143299.000000
587.348000 143370.000000
588.462000 143578.000000
587.348000 143575.000000
579.556000 143626.000000
581.782000 143722.000000
587.348000 144633.000000
587.348000 145207.000000
581.782000 146516.000000
579.556000 146536.000000
592.914000 146617.000000
604.046000 146726.000000
604.046000 146748.000000
599.594000 146784.000000
668.612000 147040.000000
581.782000 146933.000000
551.726000 148732.000000
549.500000 148758.000000
540.594000 148899.000000
559.519000 149126.000000
562.858000 149099.000000
551.726000 149359.000000
310.163000 149404.000000
306.823000 149455.000000
496.066000 149449.000000
499.406000 149442.000000
526.123000 149426.000000
531.689000 149397.000000
559.519000 149337.000000
1180.680000 149344.000000
1283.100000 149297.000000
1300.910000 149166.000000
1280.870000 147690.000000
1284.210000 147674.000000
1294.230000 147505.000000
1300.910000 147434.000000
1299.790000 147416.000000
1300.910000 147256.000000
1299.790000 147033.000000
1275.300000 146984.000000
894.590000 146995.000000
893.477000 146999.000000
861.194000 147015.000000
832.251000 146999.000000
799.969000 146984.000000
774.365000 146993.000000
618.518000 146988.000000
278.993000 146999.000000
100.882000 146993.000000
-1.531690 146988.000000
-689.486000 146995.000000
-1485.420000 147015.000000
-1593.400000 147015.000000
-1611.210000 147017.000000
-1632.360000 147033.000000
-1683.570000 147017.000000
-1747.020000 146939.000000
-1847.210000 146937.000000
-2355.940000 147028.000000
-2620.880000 147017.000000
-4006.810000 147084.000000
-4446.520000 147089.000000
-4777.140000 147089.000000
-5791.260000 147077.000000
-7774.970000 147173.000000
-8106.700000 147204.000000
-8248.080000 147222.000000
-8574.250000 147238.000000
-8849.200000 147262.000000
-8902.640000 147267.000000
-8924.900000 147267.000000
-9196.520000 147284.000000
-9411.370000 147293.000000
-10305.300000 147307.000000
-10522.300000 147356.000000
-10494.500000 148331.000000
-10499.000000 148402.000000
-10463.300000 150232.000000
-10450.000000 150323.000000
-10452.200000 150332.000000
-10686.000000 150406.000000
-10680.400000 150435.000000
-10688.200000 150457.000000
-11145.700000 150413.000000
-11665.600000 150413.000000
-12703.100000 150435.000000
-12776.600000 150439.000000
-12862.300000 150462.000000
-12871.200000 150510.000000
-12873.400000 151000.000000
-12876.700000 152031.000000
-13248.600000 152087.000000
-13402.200000 152071.000000
-13610.300000 152069.000000
-13747.300000 152058.000000
-13810.700000 152053.000000
-13800.700000 152058.000000
-13196.200000 152076.000000
-12921.300000 152042.000000
-12876.700000 152042.000000
-2049.810000 142093.000000
-12845.600000 152116.000000
-12787.700000 152258.000000
-12402.500000 151385.000000
-11707.900000 151368.000000
-11699.000000 151401.000000
-11710.100000 151975.000000
-11763.500000 152265.000000
-11780.200000 152376.000000
-11818.100000 152594.000000
-11852.600000 152833.000000
-12492.700000 152788.000000
-12876.700000 151503.000000
-12867.800000 150473.000000
-12856.700000 149426.000000
-12953.600000 147485.000000
-13029.300000 146414.000000
-13077.100000 146416.000000
-13841.900000 146710.000000
-13951.000000 144310.000000
-14033.400000 143141.000000
-14320.600000 139675.000000
-14735.800000 137666.000000
-14846.000000 136558.000000
-14841.500000 136551.000000
-14873.800000 135551.000000
-13942.100000 136424.000000
-13905.300000 136469.000000
-13910.900000 137482.000000
-13914.200000 137520.000000
-13263.000000 137493.000000
-13020.300000 137486.000000
-11776.900000 137471.000000
-11712.300000 137486.000000
-11385.100000 137488.000000
-11367.300000 137515.000000
-10797.300000 137493.000000
-10782.800000 139724.000000
-10816.200000 139724.000000
-10834.000000 139686.000000
-9695.230000 139474.000000
-8962.750000 139448.000000
-8932.690000 139445.000000
-8918.220000 137475.000000
-8891.510000 137453.000000
-7947.520000 137444.000000
-7728.220000 137453.000000
-7806.140000 139407.000000
-7827.290000 139468.000000
-7949.740000 139463.000000
-7966.440000 139436.000000
-7960.880000 139414.000000
-6394.610000 139314.000000
-5673.260000 139269.000000
-5384.940000 139289.000000
-5372.700000 139608.000000
-5351.550000 140258.000000
-5351.550000 140298.000000
-5305.910000 140465.000000
-5220.190000 140481.000000
-5190.130000 140683.000000
-4984.190000 140683.000000
-4964.150000 140692.000000
-4967.490000 141367.000000
-4750.420000 141344.000000
-4738.180000 141327.000000
-4738.180000 141360.000000
-3597.150000 141349.000000
-2142.210000 141300.000000
-1671.320000 141240.000000
-1621.230000 140881.000000
-1499.890000 140587.000000
-1457.590000 140527.000000
-1216.030000 140788.000000
-1212.690000 140817.000000
-1179.290000 141006.000000
-1181.520000 141033.000000
-1173.730000 141111.000000
-1164.820000 141106.000000
-1153.690000 141117.000000
-1173.730000 141574.000000
-1159.250000 143037.000000
-1154.800000 143081.000000
-1095.800000 143553.000000
-1065.750000 143582.000000
-826.409000 143887.000000
-346.622000 144216.000000
-447.923000 144722.000000
-455.715000 144778.000000
-536.978000 144835.000000
-552.563000 145408.000000
-1199.330000 145330.000000
-1922.910000 145296.000000
-1914.000000 145368.000000
-1934.040000 145379.000000
-1782.640000 145425.000000
-691.713000 145341.000000
-620.468000 145325.000000
-613.789000 145312.000000
-592.638000 145325.000000
-397.829000 145036.000000
-420.093000 144951.000000
-491.337000 144889.000000
-472.413000 144822.000000
-294.302000 144343.000000
-335.490000 144194.000000
-364.433000 144161.000000
-661.656000 144067.000000
-680.581000 144094.000000
-672.788000 144116.000000
-352.188000 144199.000000
-313.226000 144368.000000
-446.810000 144568.000000
-457.942000 144499.000000
-463.508000 144383.000000
-469.074000 144401.000000
-475.753000 144412.000000
-508.035000 144446.000000
-520.281000 144457.000000
-533.639000 144468.000000
-548.110000 144479.000000
-589.299000 145169.000000
-1226.050000 145363.000000
-1268.350000 145363.000000
-1277.250000 145363.000000
-1705.830000 145363.000000
-1747.020000 145301.000000
-1928.470000 143431.000000
-1984.130000 143393.000000
-2038.680000 141371.000000
-2078.750000 141351.000000
-2501.770000 141271.000000
-2635.350000 141260.000000
-2646.480000 141255.000000
-2784.520000 141249.000000
-2793.420000 141162.000000
-2824.590000 139278.000000
-2860.220000 137292.000000
-2893.610000 136095.000000
-2912.540000 134861.000000
-2941.480000 134665.000000
-3717.380000 134728.000000
-5439.490000 134792.000000
-5453.960000 134759.000000
-5467.320000 133913.000000
-5461.750000 133886.000000
-5465.090000 133670.000000
-5481.790000 133637.000000
-5490.700000 133548.000000
-5506.280000 133485.000000
-5517.410000 132662.000000
-5209.060000 132621.000000
-5197.930000 132539.000000
-5216.850000 132495.000000
-5298.110000 132501.000000
-5322.600000 132517.000000
-5334.850000 132523.000000
-5339.300000 132517.000000
-5339.300000 132546.000000
-5351.550000 132510.000000
-5364.900000 132499.000000
-5357.110000 132521.000000
-5342.640000 132512.000000
-5303.680000 132521.000000
-5300.340000 132506.000000
-5307.020000 132421.000000
-5307.020000 132390.000000
-5303.680000 132256.000000
-5231.320000 132243.000000
-5212.400000 132239.000000
-5192.360000 132223.000000
-5170.100000 132167.000000
-5177.890000 132109.000000
-5166.760000 132109.000000
-5150.060000 132105.000000
-5105.530000 132078.000000
-5061.000000 132112.000000
-5075.470000 132094.000000
-5095.510000 132087.000000
-5155.620000 132045.000000
-5161.190000 132067.000000
-5162.300000 132198.000000
-5166.760000 132205.000000
-5167.870000 132183.000000
-5167.870000 132105.000000
-5156.740000 131967.000000
-5156.740000 131960.000000
-5142.270000 131931.000000
-5112.210000 131942.000000
-5094.400000 131949.000000
-4995.320000 132379.000000
-5022.040000 132521.000000
-4980.850000 132546.000000
-4752.650000 132550.000000
-4750.420000 133091.000000
-4769.350000 133370.000000
-5546.360000 131715.000000
-5551.920000 131136.000000
-5038.740000 131099.000000
-4863.970000 131052.000000
-4750.420000 131025.000000
-4739.290000 131052.000000
-4744.860000 131248.000000
-4741.520000 131553.000000
-4804.970000 132127.000000
-4789.380000 135082.000000
-4894.020000 134899.000000
-4843.930000 134877.000000
-3196.400000 134814.000000
-2999.370000 134792.000000
-2924.780000 134794.000000
-2908.080000 135834.000000
-2860.220000 137633.000000
-2840.180000 138851.000000
-2852.420000 139022.000000
-3201.970000 139051.000000
-3214.210000 139022.000000
-3229.800000 138980.000000
-3402.340000 138969.000000
-3407.910000 138840.000000
-3397.890000 138844.000000
-3400.120000 138935.000000
-3370.060000 138951.000000
-3216.440000 138947.000000
-3183.040000 139151.000000
-1607.870000 139129.000000
-1594.510000 139942.000000
-1521.040000 140436.000000
-1182.630000 140895.000000
-1182.630000 142012.000000
-1179.290000 142257.000000
-1170.390000 142462.000000
-1047.930000 143604.000000
-809.711000 143905.000000
-795.240000 143934.000000
-806.372000 143954.000000
-1276.140000 144867.000000
-1293.950000 145425.000000
-1379.670000 145514.000000
-1650.170000 145559.000000
-1960.750000 145481.000000
-1950.740000 145497.000000
-1708.060000 151537.000000
-1669.100000 151875.000000
-1615.660000 154246.000000
-1602.310000 154313.000000
-1666.870000 155059.000000
-1975.230000 155052.000000
-1994.150000 155052.000000
-2422.730000 155077.000000
-2626.450000 155126.000000
-3386.760000 155166.000000
-3397.890000 155164.000000
-3422.380000 155144.000000
-3481.380000 155144.000000
-3480.270000 154747.000000
-3486.940000 154620.000000
-3570.430000 152917.000000
-3574.890000 152439.000000
-3581.570000 152436.000000
-3589.360000 152410.000000
-3592.700000 152216.000000
-3592.700000 152076.000000
-3626.090000 151147.000000
-3609.400000 151125.000000
-3377.850000 151034.000000
-2684.330000 151069.000000
-2092.110000 150985.000000
-1738.120000 151118.000000
-1674.660000 152661.000000
-1157.030000 152637.000000
3256.790000 152699.000000
4227.500000 152888.000000
4466.830000 153211.000000
5145.880000 152759.000000
6396.000000 152793.000000
6473.920000 152939.000000
6752.220000 152915.000000
6763.350000 152859.000000
6766.690000 152492.000000
6787.840000 152494.000000
6813.450000 152494.000000
6865.770000 152483.000000
7102.880000 152465.000000
7093.970000 152154.000000
6761.130000 152160.000000
6737.750000 152899.000000
6748.880000 152877.000000
6748.880000 152639.000000
6396.000000 152626.000000
4043.820000 152643.000000
3126.550000 152628.000000
1854.160000 152594.000000
1241.910000 152610.000000
1266.400000 157998.000000
1422.240000 158009.000000
1436.720000 157991.000000
1929.860000 157982.000000
1932.090000 157947.000000
1915.390000 157942.000000
1261.940000 157924.000000
1303.130000 153861.000000
1312.040000 153623.000000
1303.130000 153227.000000
1316.490000 153089.000000
1328.740000 151575.000000
1295.340000 150335.000000
1294.230000 143626.000000
1108.320000 142451.000000
631.876000 141471.000000
2246.010000 138521.000000
2312.800000 138499.000000
2362.890000 138561.000000
2364.010000 138662.000000
2316.140000 138735.000000
2246.010000 138713.000000
2145.820000 138533.000000
2798.150000 137237.000000
3596.310000 135796.000000
6231.250000 130885.000000
6298.040000 130774.000000
6312.510000 130725.000000
6273.550000 130629.000000
6282.450000 130653.000000
6303.600000 130684.000000
6334.770000 130725.000000
6353.700000 130707.000000
11689.200000 117473.000000
10690.700000 119359.000000
10188.700000 119889.000000
9557.470000 121625.000000
9470.640000 121581.000000
9481.780000 121570.000000
9498.470000 121574.000000
9520.740000 121585.000000
9588.640000 121625.000000
9381.590000 122516.000000
7010.480000 129500.000000
6980.430000 129549.000000
6412.700000 130542.000000
5004.510000 132072.000000
4581.490000 131900.000000
4203.010000 134636.000000
3648.630000 133915.000000
2040.070000 132846.000000
2032.280000 132833.000000
1403.320000 134454.000000
1244.130000 134581.000000
848.949000 135683.000000
1456.750000 135306.000000
1863.070000 135734.000000
2069.010000 135344.000000
2073.460000 135340.000000
2390.720000 134788.000000
2397.400000 134750.000000
2421.890000 134714.000000
2425.230000 134705.000000
2416.330000 134710.000000
2375.140000 134781.000000
2369.570000 134788.000000
3181.090000 135807.000000
-637.166000 140231.000000
156.542000 141273.000000
164.334000 141284.000000
206.636000 141371.000000
304.597000 141507.000000
868.987000 142262.000000
1077.150000 142406.000000
1703.880000 141262.000000
3125.430000 138684.000000
3210.040000 138535.000000
3247.880000 138472.000000
3857.920000 138668.000000
3865.710000 138666.000000
4375.550000 138679.000000
4436.780000 139659.000000
4417.850000 139659.000000
4372.210000 139668.000000
4411.170000 139675.000000
4423.420000 139670.000000
4411.170000 138666.000000
4411.170000 138624.000000
4406.720000 138613.000000
4394.470000 138599.000000
3548.450000 138635.000000
3382.580000 138595.000000
3303.540000 138544.000000
3232.300000 138501.000000
2831.550000 139223.000000
2742.490000 139379.000000
1753.980000 141173.000000
1475.680000 141656.000000
1294.230000 141941.000000
1356.570000 142202.000000
1200.720000 142435.000000
771.026000 142865.000000
677.517000 143030.000000
615.178000 143143.000000
265.635000 143820.000000
17.392600 143883.000000
11.826600 143932.000000
14.053000 144087.000000
-19.342800 144116.000000
-355.528000 144123.000000
-335.490000 144301.000000
-329.924000 144328.000000
-439.017000 144539.000000
-636.053000 145292.000000
-1115.840000 145301.000000
-1511.020000 145352.000000
-1533.290000 145363.000000
-1682.460000 145356.000000
-1893.960000 145379.000000
-1872.810000 145414.000000
-1652.400000 145434.000000
-1632.360000 145414.000000
-1541.080000 145430.000000
-1538.850000 146283.000000
-1598.970000 146995.000000
-1722.530000 146966.000000
-1769.290000 146910.000000
-2613.090000 147004.000000
-3675.070000 146999.000000
-3720.720000 145991.000000
-3834.260000 145975.000000
-3925.540000 145915.000000
-3908.850000 146069.000000
-3731.850000 146002.000000
-3725.170000 145986.000000
-1955.190000 145390.000000
-1945.170000 145401.000000
-1895.080000 145463.000000
-1760.380000 150435.000000
-1750.360000 150896.000000
-1747.020000 150951.000000
-1671.320000 151891.000000
-1669.100000 151909.000000
-1639.040000 152265.000000
-614.902000 153723.000000
1147.290000 153512.000000
1116.120000 153483.000000
1110.550000 153396.000000
1097.190000 153082.000000
1091.630000 153073.000000
843.383000 152982.000000
863.421000 152761.000000
865.647000 152715.000000
877.892000 152706.000000
915.741000 152688.000000
1089.400000 152744.000000
1099.420000 152728.000000
1094.970000 152643.000000
1080.490000 152632.000000
865.647000 152592.000000
626.310000 152599.000000
596.254000 152610.000000
30.751000 152599.000000
15.166200 152470.000000
26.298200 152465.000000
17.392600 151608.000000
11.826600 149782.000000
9.600250 149620.000000
8.487060 149522.000000
17.392600 149477.000000
-38.267100 149415.000000
-158.492000 149375.000000
-377.792000 149342.000000
-444.583000 149315.000000
-461.281000 149032.000000
-470.187000 148525.000000
-492.451000 148507.000000
-539.205000 148507.000000
-670.562000 148507.000000
-709.524000 148487.000000
-713.976000 147060.000000
-719.542000 146358.000000
-719.542000 146365.000000
-620.468000 145296.000000
-388.924000 144922.000000
-439.017000 144900.000000
-522.507000 144657.000000
-505.809000 144706.000000
-522.507000 144673.000000
-639.392000 144684.000000
-1060.180000 145091.000000
-1148.120000 145307.000000
-1177.070000 145307.000000
-1743.680000 145330.000000
-1747.020000 145281.000000
-1888.400000 143560.000000
-4524.440000 143593.000000
-6815.400000 143626.000000
-7928.590000 143655.000000
-8006.520000 143642.000000
-8261.440000 143642.000000
-8496.320000 143664.000000
-9428.070000 144154.000000
-9459.240000 144172.000000
-9463.690000 144188.000000
-9472.590000 144194.000000
-9856.650000 144595.000000
-10465.600000 144751.000000
-10566.900000 145000.000000
-10555.700000 145670.000000
-10338.700000 145969.000000
-10513.400000 146514.000000
-10544.600000 149010.000000
-10543.500000 149070.000000
-10543.500000 149086.000000
-10537.900000 149137.000000
-10535.700000 149188.000000
-10558.000000 149233.000000
-10602.500000 149233.000000
-10839.600000 149248.000000
-11723.500000 149319.000000
-11723.500000 149299.000000
-11713.500000 149344.000000
-11546.500000 149377.000000
-11545.400000 149397.000000
-11537.600000 149653.000000
-11398.400000 149649.000000
-10830.700000 149331.000000
-10825.100000 149342.000000
-10825.100000 149426.000000
-10816.200000 149475.000000
-10821.800000 149511.000000
-10814.000000 149575.000000
-10805.100000 149687.000000
-10825.100000 149587.000000
-10827.400000 149587.000000
-10821.800000 149453.000000
-10745.000000 149342.000000
-10743.900000 149353.000000
-10752.800000 149342.000000
-10732.700000 149143.000000
-10745.000000 149108.000000
-10782.800000 148643.000000
-10783.900000 148607.000000
-10780.600000 148458.000000
-10775.000000 148413.000000
-10786.200000 148264.000000
-10780.600000 147485.000000
-10778.400000 147463.000000
-10772.800000 147429.000000
-9030.660000 147284.000000
-10271.900000 147338.000000
-10276.300000 147338.000000
-10441.100000 147289.000000
-10524.600000 147407.000000
-10457.800000 149778.000000
-10452.200000 150268.000000
-10457.800000 150279.000000
-10450.000000 151078.000000
-10443.300000 151245.000000
-10438.800000 151980.000000
-10443.300000 152093.000000
-10482.300000 152403.000000
-10541.300000 152906.000000
-10795.100000 152877.000000
-11732.400000 152904.000000
-11735.700000 152877.000000
-11774.700000 152873.000000
-15643.000000 152788.000000
-15611.900000 152817.000000
-15634.100000 152821.000000
-15665.300000 152821.000000
-15834.500000 152837.000000
-9398.010000 145508.000000
-15879.000000 152850.000000
-15909.100000 152855.000000
-15926.900000 152804.000000
-15959.200000 152804.000000
-17079.100000 152826.000000
-17251.600000 152855.000000
-17278.300000 153516.000000
-18291.300000 154451.000000
-16016.000000 137811.000000
-16018.200000 137771.000000
-16012.600000 137660.000000
-14754.700000 137582.000000
-13215.200000 137488.000000
-12860.000000 137504.000000
-12845.600000 137499.000000
-12834.400000 137488.000000
-12503.800000 137508.000000
-12498.300000 137515.000000
-12498.300000 137611.000000
-12502.700000 137698.000000
-12492.700000 137533.000000
-12470.400000 137493.000000
-11028.800000 137482.000000
-10888.600000 137486.000000
-9442.540000 137475.000000
-8962.750000 137566.000000
-8929.350000 139245.000000
-8808.020000 141494.000000
-8815.810000 141538.000000
-8823.600000 141616.000000
-8806.900000 141629.000000
-8000.950000 141596.000000
-7995.380000 141600.000000
-7878.500000 141551.000000
-7326.350000 140516.000000
-7215.030000 140514.000000
-6194.230000 140465.000000
-6163.070000 141162.000000
-6158.610000 141177.000000
-6119.650000 143041.000000
-6124.100000 143304.000000
-6116.310000 143437.000000
-6116.310000 143471.000000
-6121.880000 143578.000000
-6140.800000 143589.000000
-6153.050000 143598.000000
-6158.610000 143560.000000
-6240.990000 143555.000000
-6247.670000 143575.000000
-6238.760000 143615.000000
-6214.270000 143638.000000
-4708.120000 143704.000000
-4685.860000 144016.000000
-4655.800000 144962.000000
-4652.460000 145063.000000
-4652.460000 145185.000000
-4646.890000 145319.000000
-4644.670000 145390.000000
-4626.860000 145445.000000
-4248.370000 145452.000000
-2754.460000 145403.000000
-2732.200000 146358.000000
-2726.630000 147171.000000
-2689.900000 148202.000000
-2679.880000 148017.000000
-2144.430000 147968.000000
-2123.280000 147952.000000
-2084.320000 147939.000000
-2077.640000 147979.000000
-2072.070000 147968.000000
-2077.640000 148264.000000
-2053.150000 148375.000000
-2033.110000 148424.000000
-1991.920000 148547.000000
-2000.830000 148542.000000
-2017.530000 148380.000000
-2011.960000 148821.000000
-2017.530000 148847.000000
-2008.620000 148919.000000
-2006.400000 148907.000000
-2535.160000 149043.000000
-2689.900000 149052.000000
-3191.950000 149021.000000
-3191.950000 149003.000000
-3208.650000 149010.000000
-3631.660000 149081.000000
-3672.850000 147901.000000
-3661.720000 147785.000000
-3678.410000 147623.000000
-3680.640000 147589.000000
-3672.850000 147583.000000
-3686.210000 147456.000000
-3683.980000 147374.000000
-3683.980000 147260.000000
-3686.210000 147229.000000
-3698.450000 147095.000000
-3704.020000 145775.000000
-3720.720000 145481.000000
-3739.640000 144546.000000
-3750.770000 143649.000000
-3765.240000 143181.000000
-3681.750000 143119.000000
-3502.530000 143003.000000
-3502.530000 142495.000000
-3539.270000 141396.000000
-3552.620000 140748.000000
-3559.300000 140369.000000
-3572.660000 139713.000000
-3578.230000 139423.000000
-3622.750000 137916.000000
-3663.940000 136130.000000
-3672.850000 133378.000000
-2908.080000 133392.000000
-2915.880000 133390.000000
-2929.230000 133385.000000
-2957.060000 133378.000000
-3105.120000 133267.000000
-3108.460000 133303.000000
-3101.780000 133412.000000
-3058.360000 133436.000000
-3019.400000 133456.000000
-2997.140000 133447.000000
-2990.460000 133459.000000
-2997.140000 133552.000000
-2918.100000 133663.000000
-2965.970000 133679.000000
-3157.440000 133697.000000
-3169.680000 133801.000000
-3174.140000 133975.000000
-3213.100000 134676.000000
-3218.660000 134681.000000
-3240.930000 134681.000000
-3249.830000 134705.000000
-3268.760000 134710.000000
-3552.620000 134692.000000
-3553.740000 134688.000000
-4515.540000 134765.000000
-6491.460000 134872.000000
-8123.400000 134959.000000
-8952.730000 135021.000000
-9001.710000 135144.000000
-8947.170000 136858.000000
-8913.770000 137419.000000
-8006.520000 137430.000000
-7112.620000 137375.000000
-6962.340000 137366.000000
-6279.950000 137422.000000
-5468.430000 137393.000000
-5415.000000 137410.000000
-5398.300000 138354.000000
-5394.960000 138401.000000
-5390.510000 138855.000000
-5401.640000 138878.000000
-5394.960000 138895.000000
-5389.400000 139158.000000
-5693.300000 139200.000000
-6389.040000 139214.000000
-6391.270000 139180.000000
-6370.120000 139158.000000
-6224.290000 139163.000000
-6208.710000 139341.000000
-6361.210000 139396.000000
-6380.140000 139390.000000
-6391.270000 139356.000000
-6386.820000 139334.000000
-6055.090000 139445.000000
-6057.310000 139407.000000
-5740.050000 139289.000000
-5678.830000 139267.000000
-5389.400000 139252.000000
-5378.260000 139359.000000
-5379.380000 139396.000000
-5364.900000 139635.000000
-5383.830000 139637.000000
-5908.140000 139670.000000
-5943.770000 140075.000000
-6016.120000 140075.000000
-6062.880000 140091.000000
-6149.710000 140091.000000
-6166.410000 140049.000000
-6246.560000 137560.000000
-6208.710000 136262.000000
-6255.460000 134788.000000
-6307.780000 134781.000000
-6383.480000 134817.000000
-6470.310000 134877.000000
-10745.000000 135048.000000
-10797.300000 133837.000000
-10845.200000 132172.000000
-10844.100000 132132.000000
-10866.300000 132016.000000
-11050.000000 132009.000000
-11270.400000 132016.000000
-11279.300000 131738.000000
-11268.200000 131221.000000
-11209.200000 131199.000000
-11194.700000 130918.000000
-11183.600000 131199.000000
-11259.300000 131219.000000
-11261.500000 131319.000000
-11257.000000 131631.000000
-11262.600000 131655.000000
-11268.200000 131666.000000
-11278.200000 131704.000000
-11273.700000 131998.000000
-11273.700000 132016.000000
-11262.600000 132049.000000
-10880.800000 132083.000000
-10883.000000 132154.000000
-10845.200000 133724.000000
-11751.300000 133768.000000
-12166.500000 133808.000000
-12389.200000 133826.000000
-12901.200000 133826.000000
-12923.500000 133830.000000
-14256.000000 133919.000000
-14307.200000 133886.000000
-14418.500000 133541.000000
-14495.300000 132855.000000
-14567.700000 132802.000000
-14877.200000 132791.000000
-15005.200000 132443.000000
-15014.100000 132432.000000
-15030.800000 132339.000000
-15040.800000 132272.000000
-15077.500000 132245.000000
-15806.700000 132517.000000
-16131.700000 132768.000000
-16572.600000 132833.000000
-16632.700000 132833.000000
-16677.200000 132844.000000
-16672.700000 133096.000000
-16658.300000 133111.000000
-16663.800000 132851.000000
-16290.900000 132806.000000
-15915.800000 132724.000000
-15053.000000 132272.000000
-14949.500000 133890.000000
-14925.000000 133993.000000
-14852.700000 133993.000000
-13064.900000 133897.000000
-13029.300000 135217.000000
-13010.300000 136373.000000
-12984.700000 137381.000000
-12990.300000 137526.000000
-12971.400000 137533.000000
-11730.200000 137504.000000
-10830.700000 137493.000000
-10168.300000 137477.000000
-8991.690000 137497.000000
-8949.390000 137776.000000
-8927.130000 139218.000000
-8923.790000 139236.000000
-8873.700000 139269.000000
-8771.280000 139468.000000
-5752.300000 139256.000000
-5417.220000 139289.000000
-5307.020000 140465.000000
-5186.790000 140605.000000
-5151.170000 140605.000000
-5156.740000 140661.000000
-5049.870000 140692.000000
-4995.320000 140699.000000
-4988.640000 140710.000000
-5028.720000 141808.000000
-5042.080000 141812.000000
-5240.230000 141794.000000
-5253.590000 141745.000000
-6121.880000 141783.000000
-6157.500000 141244.000000
-6325.590000 143021.000000
-6335.610000 143070.000000
-6645.080000 143063.000000
-6636.170000 143088.000000
-6625.040000 143092.000000
-6419.100000 143054.000000
-6338.950000 143041.000000
-6160.840000 143030.000000
-5923.730000 143103.000000
-5587.540000 143097.000000
-5027.610000 143052.000000
-5000.890000 143085.000000
-4730.380000 143037.000000
-4713.690000 143032.000000
-4699.210000 143099.000000
-4708.120000 143453.000000
-7621.350000 143631.000000
-8181.290000 143620.000000
-9505.990000 144139.000000
-9595.050000 143820.000000
-9595.050000 143842.000000
-9558.310000 143945.000000
-9541.610000 143965.000000
-10188.400000 143266.000000
-10204.000000 143103.000000
-10240.700000 142930.000000
-10372.100000 142910.000000
-10382.100000 142903.000000
-10472.200000 142865.000000
-10560.200000 142999.000000
-10663.700000 145452.000000
-10821.800000 145490.000000
-10905.300000 145474.000000
-10939.800000 145111.000000
-10944.200000 145114.000000
-10938.700000 145345.000000
-10910.800000 145479.000000
-10914.200000 145624.000000
-10871.900000 145868.000000
-10866.300000 145837.000000
-10880.800000 145624.000000
-10853.000000 145612.000000
-10409.900000 145559.000000
-10411.000000 145590.000000
-10455.500000 145657.000000
-10474.500000 145668.000000
-10494.500000 145635.000000
-10463.300000 144989.000000
-10204.000000 144657.000000
-8796.880000 143756.000000
-8695.580000 143916.000000
-8698.920000 143787.000000
-8746.790000 143809.000000
-8749.020000 143252.000000
-8780.190000 142231.000000
-8916.000000 139635.000000
-7822.840000 139508.000000
-7856.230000 140138.000000
-7875.160000 140343.000000
-7939.720000 140414.000000
-7905.220000 141489.000000
-7816.160000 140536.000000
-7187.200000 140481.000000
-7121.530000 140492.000000
-6277.720000 140432.000000
-6230.970000 140454.000000
-5209.060000 140536.000000
-5095.510000 140650.000000
-4986.420000 141033.000000
-4973.060000 141367.000000
-4777.140000 141329.000000
-4760.440000 141344.000000
-4741.520000 141362.000000
-4738.180000 141382.000000
-4705.890000 142836.000000
-4702.550000 142843.000000
-4715.910000 143687.000000
-4680.290000 143709.000000
-1927.360000 143667.000000
-1875.040000 144884.000000
-1799.340000 145423.000000
-1276.140000 145381.000000
-34.927500 145356.000000
1247.470000 145336.000000
1244.130000 149037.000000
1241.910000 149099.000000
1280.870000 149282.000000
1286.430000 148977.000000
1330.960000 147182.000000
1316.490000 147066.000000
1199.610000 146948.000000
1205.170000 146859.000000
53.014900 147004.000000
-23.795600 146993.000000
-681.694000 147004.000000
-1730.320000 146995.000000
-1788.210000 146933.000000
-1869.470000 146973.000000
-1883.940000 147037.000000
-1856.110000 147104.000000
-1771.510000 147111.000000
-1524.380000 147040.000000
-1515.480000 147282.000000
-1524.380000 147300.000000
-1537.740000 147296.000000
-1560.000000 147293.000000
-1607.870000 147340.000000
-1655.740000 147289.000000
-1683.570000 147300.000000
-1696.930000 147311.000000
-1719.190000 147300.000000
-1705.830000 147278.000000
-1688.020000 147282.000000
-1661.310000 146955.000000
-1646.830000 146955.000000
-1582.270000 146944.000000
-1568.910000 146984.000000
-1549.990000 147238.000000
-1568.910000 147289.000000
-1560.000000 147311.000000
-1527.720000 147307.000000
-1521.040000 147318.000000
-1394.140000 148536.000000
-1262.780000 148518.000000
-1092.460000 148525.000000
-1064.630000 149066.000000
-967.785000 149143.000000
-420.093000 149353.000000
-41.606700 149420.000000
833.364000 150043.000000
821.119000 150457.000000
802.195000 151230.000000
863.421000 151492.000000
860.081000 151508.000000
863.421000 151497.000000
855.628000 151481.000000
860.081000 151408.000000
915.741000 151702.000000
826.685000 152606.000000
162.108000 152606.000000
34.090500 152592.000000
26.298200 152528.000000
30.751000 152403.000000
4.034280 152272.000000
2.921090 151590.000000
22.958600 150588.000000
17.392600 149571.000000
39.656500 148558.000000
36.316900 147233.000000
37.430100 147189.000000
34.090500 147140.000000
28.524600 147026.000000
19.619000 147006.000000
36.316900 145412.000000
39.656500 145403.000000
20.732200 143943.000000
8.487060 143943.000000
-182.982000 143653.000000
-185.209000 143642.000000
-578.167000 143032.000000
-121.757000 142324.000000
644.121000 141095.000000
824.459000 140870.000000
2909.470000 137030.000000
2945.100000 136963.000000
2989.620000 136869.000000
3008.550000 136820.000000
3047.510000 136763.000000
3089.810000 136687.000000
3097.600000 136676.000000
3108.730000 136624.000000
2569.950000 135930.000000
2518.740000 135816.000000
2572.170000 135683.000000
2675.700000 135433.000000
3014.110000 134988.000000
3014.110000 134973.000000
2290.540000 133908.000000
2010.010000 133314.000000
2002.220000 133044.000000
2007.790000 133525.000000
2586.650000 134347.000000
3014.110000 134950.000000
2948.430000 135088.000000
2505.380000 135796.000000
2503.160000 135830.000000
2514.290000 135868.000000
3446.030000 137141.000000
3295.750000 137466.000000
2954.000000 138116.000000
2992.960000 138172.000000
3214.490000 138435.000000
3240.090000 138468.000000
3631.940000 138766.000000
3535.090000 139492.000000
3526.180000 139519.000000
3621.920000 138944.000000
3605.220000 138717.000000
3251.220000 138479.000000
3373.680000 138250.000000
3373.680000 138232.000000
3554.010000 137900.000000
3737.690000 137571.000000
3754.390000 137520.000000
3738.800000 137471.000000
1472.340000 134509.000000
1431.150000 134405.000000
1533.560000 132428.000000
1420.020000 132421.000000
1406.660000 132390.000000
1427.810000 132067.000000
1497.940000 132031.000000
1904.260000 131900.000000
3131.000000 131798.000000
3165.510000 131764.000000
5165.920000 131221.000000
5364.070000 130785.000000
6290.250000 130673.000000
6304.720000 130736.000000
4217.480000 134621.000000
4191.870000 134625.000000
3095.380000 133211.000000
2416.330000 132334.000000
2362.890000 132312.000000
1974.390000 132940.000000
2007.790000 133490.000000
2195.920000 133924.000000
2099.070000 134064.000000
2104.630000 134091.000000
2096.840000 134120.000000
2040.070000 134242.000000
2052.310000 134231.000000
2824.870000 132862.000000
3610.790000 133886.000000
4164.040000 134603.000000
4221.930000 134650.000000
4856.450000 133512.000000
6303.600000 130769.000000
6314.740000 130736.000000
6292.470000 130662.000000
6282.450000 130647.000000
6304.720000 130698.000000
6325.870000 130736.000000
6340.340000 130729.000000
8099.190000 126744.000000
8099.190000 126750.000000
8853.930000 124486.000000
11817.300000 116291.000000
11959.700000 114873.000000
12065.500000 114844.000000
11989.800000 114746.000000
12000.900000 113987.000000
11377.500000 114265.000000
11646.900000 114160.000000
11733.800000 114120.000000
11698.100000 114145.000000
11481.100000 114227.000000
11485.500000 114216.000000
11776.100000 114494.000000
11453.200000 114323.000000
-10196.200000 139423.000000
-15316.900000 140220.000000
-15380.300000 140254.000000
-15658.600000 140432.000000
-16257.500000 141022.000000
-17613.400000 141572.000000
-17654.600000 141589.000000
-17704.700000 141585.000000
-18414.900000 142551.000000
-18797.800000 143054.000000
-18554.000000 142420.000000
-17952.900000 141616.000000
-17949.600000 141638.000000
-17307.300000 141516.000000
-16847.500000 141344.000000
-13997.700000 139664.000000
-13827.400000 139601.000000
-10196.200000 139490.000000
-9658.500000 139470.000000
-9597.270000 139463.000000
-8962.750000 139481.000000
-6203.140000 139434.000000
-6116.310000 140487.000000
-6114.080000 140498.000000
-6119.650000 140610.000000
-6071.780000 143175.000000
-6069.560000 143675.000000
-5292.550000 143620.000000
-5283.640000 143642.000000
-5272.510000 143876.000000
-5290.320000 143898.000000
-5262.490000 145359.000000
-5250.250000 145392.000000
-4760.440000 145414.000000
-4750.420000 145423.000000
-4098.090000 145501.000000
-4093.640000 145445.000000
-22817.600000 150802.000000
-3171.910000 145414.000000
-3086.190000 145347.000000
-2824.590000 145379.000000
-2830.160000 145396.000000
-2807.900000 145347.000000
-1925.130000 145445.000000
-1906.210000 145470.000000
-1660.190000 145468.000000
-1649.060000 145452.000000
-1630.140000 145425.000000
-1594.510000 145423.000000
-1546.650000 145530.000000
-1538.850000 145490.000000
-1544.420000 145352.000000
-676.128000 145363.000000
-661.656000 145352.000000
-617.128000 145301.000000
-550.337000 144929.000000
-546.997000 144891.000000
-407.848000 144535.000000
-305.434000 144399.000000
-305.434000 144390.000000
-307.660000 144361.000000
-336.603000 144127.000000
-341.056000 144123.000000
-536.978000 143700.000000
-536.978000 143600.000000
-553.676000 143600.000000
-591.525000 143077.000000
-575.940000 143014.000000
-180.756000 142409.000000
-175.190000 142402.000000
-144.021000 142335.000000
-136.228000 142186.000000
-869.824000 141249.000000
-661.656000 141066.000000
-667.222000 141048.000000
-585.959000 140899.000000
-598.204000 140899.000000
-592.638000 140895.000000
-435.678000 140625.000000
-405.621000 140621.000000
-425.659000 140603.000000
-386.697000 140436.000000
-1688.020000 139167.000000
-3164.120000 139029.000000
-3201.970000 139045.000000
-3155.210000 139118.000000
-2373.750000 139051.000000
-2339.240000 139047.000000
-1622.340000 139129.000000
-1613.440000 139178.000000
-1626.800000 139615.000000
-1630.140000 140216.000000
-1615.660000 140314.000000
-1607.870000 140403.000000
-1552.210000 140420.000000
-1507.680000 140427.000000
-1393.030000 140592.000000
-1242.740000 140848.000000
-1195.990000 140906.000000
-1227.160000 141155.000000
-1242.740000 141189.000000
-1216.030000 141200.000000
-1220.480000 141251.000000
-1259.440000 141382.000000
-1198.220000 141723.000000
-1182.630000 141801.000000
-1232.730000 142362.000000
-1095.800000 143555.000000
-1029.010000 143611.000000
-826.409000 143894.000000
-496.903000 144127.000000
-366.660000 144112.000000
-308.773000 144339.000000
-441.244000 144550.000000
-455.715000 144557.000000
-447.923000 144550.000000
-461.281000 144624.000000
-464.621000 144633.000000
-564.808000 144666.000000
-602.657000 144684.000000
-609.336000 144702.000000
-598.204000 144795.000000
-572.601000 144784.000000
-611.563000 145552.000000
-1221.590000 145336.000000
-1610.100000 145359.000000
-1872.810000 145307.000000
-1889.510000 145270.000000
-1906.210000 145341.000000
-1891.740000 145412.000000
-1646.830000 145512.000000
-1585.610000 145441.000000
-1561.120000 145441.000000
-1552.210000 145445.000000
-1548.870000 145448.000000
-1549.990000 145425.000000
-1552.210000 145470.000000
-1455.360000 145559.000000
-1443.120000 145575.000000
-1546.650000 146258.000000
-1537.740000 146314.000000
-1513.250000 146503.000000
-1470.950000 146592.000000
-1465.380000 146539.000000
-1498.780000 146436.000000
-1537.740000 146481.000000
-1533.290000 146447.000000
-1548.870000 146409.000000
-1561.120000 146113.000000
-1546.650000 146127.000000
-1585.610000 146472.000000
-1574.480000 146548.000000
-1566.680000 146594.000000
-1549.990000 146654.000000
-1521.040000 146648.000000
-1548.870000 147037.000000
-1613.440000 147033.000000
-1616.780000 147033.000000
-1633.480000 147071.000000
-1635.700000 147040.000000
-1726.980000 146999.000000
-1819.380000 146906.000000
-1839.420000 146906.000000
-1895.080000 146977.000000
-2701.030000 147095.000000
-2689.900000 147104.000000
-2440.540000 147048.000000
-2440.540000 147062.000000
-2418.280000 147073.000000
-2411.600000 147084.000000
-2414.940000 147129.000000
-2411.600000 147211.000000
-2414.940000 147218.000000
-2406.030000 147117.000000
-2355.940000 146966.000000
-2066.510000 146982.000000
-2025.320000 149041.000000
-2512.900000 149066.000000
-2573.010000 149054.000000
-1886.170000 148936.000000
-1877.270000 149108.000000
-1856.110000 150032.000000
-1861.680000 149927.000000
-1849.440000 149894.000000
-1832.740000 149834.000000
-1783.760000 149689.000000
-1281.710000 149092.000000
-1257.220000 149108.000000
-1229.390000 149099.000000
-1071.310000 149248.000000
-1088.010000 149170.000000
-40.493500 149386.000000
-23.795600 149382.000000
0.694696 149344.000000
-2.644890 148540.000000
31.864200 148525.000000
45.222500 148529.000000
123.146000 148562.000000
147.636000 148484.000000
181.032000 148542.000000
73.052400 148487.000000
-561.469000 145381.000000
-614.902000 145341.000000
-1666.870000 145408.000000
-1908.430000 145385.000000
-1866.130000 145412.000000
-1722.530000 145425.000000
-1797.120000 145385.000000
-1774.850000 145390.000000
-1657.970000 145526.000000
-1561.120000 145441.000000
-1582.270000 145445.000000
-1204.900000 145363.000000
-780.768000 145336.000000
-764.070000 145341.000000
-177.416000 145314.000000
-10.437300 145390.000000
1208.510000 145303.000000
1221.870000 145307.000000
1294.230000 147583.000000
1236.340000 149244.000000
1314.260000 149293.000000
1503.510000 149310.000000
1822.990000 149310.000000
3082.020000 149397.000000
6481.720000 149355.000000
7067.260000 149270.000000
7043.880000 149052.000000
7041.650000 149066.000000
7043.880000 149275.000000
7024.950000 149286.000000
3841.220000 149299.000000
3846.780000 148997.000000
3846.780000 148251.000000
3142.130000 148164.000000
3132.110000 147968.000000
3145.470000 147728.000000
3153.260000 147705.000000
3139.900000 147630.000000
2552.140000 147656.000000
2522.080000 147656.000000
2424.120000 147690.000000
2115.770000 147850.000000
2056.770000 147872.000000
1926.520000 147930.000000
1328.740000 148097.000000
1317.600000 148050.000000
1319.830000 147734.000000
1323.170000 147690.000000
1325.400000 147178.000000
1361.020000 147238.000000
1322.060000 147073.000000
1249.700000 147095.000000
958.042000 147011.000000
900.156000 147017.000000
685.310000 146995.000000
638.555000 146995.000000
640.782000 147026.000000
557.292000 146984.000000
529.462000 147060.000000
164.334000 147011.000000
-708.410000 146999.000000
-711.750000 146792.000000
-717.316000 145548.000000
-661.656000 145434.000000
-663.883000 145408.000000
-687.260000 145336.000000
-828.636000 145336.000000
-978.917000 145296.000000
-631.600000 144706.000000
-631.600000 144724.000000
-636.053000 144735.000000
-631.600000 145330.000000
-1084.670000 145347.000000
-1115.840000 145359.000000
-1173.730000 145363.000000
-1187.080000 145363.000000
-1546.650000 145374.000000
-1560.000000 145463.000000
-1741.460000 145474.000000
-1771.510000 145000.000000
-1836.080000 144867.000000
-1279.480000 144145.000000
-1999.720000 145401.000000
-1566.680000 145414.000000
-1560.000000 145425.000000
-1554.440000 145808.000000
-1541.080000 146628.000000
-1538.850000 146648.000000
-1552.210000 145753.000000
-1561.120000 145726.000000
-1552.210000 145481.000000
-1554.440000 145448.000000
-1563.340000 145441.000000
-1535.510000 145412.000000
-1440.890000 145392.000000
-1203.780000 146369.000000
-1042.370000 146394.000000
-1026.780000 146416.000000
-870.937000 146403.000000
-856.465000 146398.000000
-756.278000 146387.000000
-185.209000 146403.000000
14.053000 146392.000000
11.826600 146926.000000
22.958600 148435.000000
67.486400 149388.000000
-12.663600 149564.000000
-23.795600 149578.000000
-52.738700 149578.000000
-386.697000 149526.000000
-388.924000 149531.000000
-436.791000 149366.000000
-23.795600 149382.000000
11.826600 149375.000000
11.826600 148565.000000
14.053000 147084.000000
-12.663600 147006.000000
-734.014000 146955.000000
-769.636000 146104.000000
-720.656000 145546.000000
-706.184000 145468.000000
-882.069000 145352.000000
-876.503000 145345.000000
-1164.820000 145312.000000
-1621.230000 145359.000000
-1832.740000 145296.000000
-1847.210000 145290.000000
-1858.340000 145292.000000
-1878.380000 145325.000000
-1867.250000 145425.000000
-1649.060000 145441.000000
-1588.950000 145401.000000
-1571.140000 145392.000000
-1533.290000 145523.000000
-1598.970000 145730.000000
-1544.420000 145713.000000
-1544.420000 145612.000000
-1543.310000 145441.000000
-1518.820000 145445.000000
-1243.860000 145463.000000
-1221.590000 146387.000000
-1064.630000 146376.000000
-1043.480000 146369.000000
-936.615000 146392.000000
-739.580000 146387.000000
-730.674000 146383.000000
-711.750000 146383.000000
-190.775000 146394.000000
-706.184000 146398.000000
-715.090000 146354.000000
-642.732000 145470.000000
-661.656000 145312.000000
-912.125000 145323.000000
-1741.460000 145336.000000
-1769.290000 145207.000000
-2292.490000 145292.000000
-2331.450000 145370.000000
-1908.430000 145381.000000
-1644.610000 145414.000000
-1610.100000 145381.000000
-1555.550000 145381.000000
-1527.720000 146487.000000
-1516.590000 146815.000000
-1505.460000 146873.000000
-1518.820000 146999.000000
-1587.830000 146966.000000
-1797.120000 146928.000000
-1858.340000 146971.000000
-1875.040000 147044.000000
-1437.550000 154525.000000
-708.410000 155077.000000
-747.372000 160841.000000
-945.521000 161041.000000
-1254.990000 161121.000000
-1240.520000 161449.000000
-1277.250000 162072.000000
-1828.280000 162106.000000
-1847.210000 162132.000000
-1843.870000 162206.000000
-1833.850000 162221.000000
-1838.300000 162139.000000
-1844.980000 162054.000000
-1841.640000 162023.000000
-1880.600000 161745.000000
-1910.660000 161731.000000
-1906.210000 161567.000000
-2006.400000 161542.000000
-2025.320000 161544.000000
-2036.450000 161544.000000
-2112.150000 161522.000000
-2637.580000 161576.000000
-3191.950000 160988.000000
-3146.310000 160796.000000
-2996.030000 160776.000000
-8183.510000 161059.000000
-8220.250000 160952.000000
-8387.230000 160977.000000
-8457.360000 161019.000000
-8529.720000 162635.000000
-8682.230000 163279.000000
-8930.470000 163693.000000
-9119.710000 163715.000000
-9400.240000 163697.000000
-9409.140000 163697.000000
-9498.200000 163686.000000
-9542.730000 162290.000000
-9548.290000 161994.000000
-9556.080000 161500.000000
-9587.250000 159579.000000
-9631.780000 158310.000000
-9611.740000 156922.000000
-9281.120000 156936.000000
-7360.860000 156878.000000
-6179.760000 156684.000000
-3541.490000 156072.000000
-3498.080000 156061.000000
-3481.380000 155943.000000
-3513.660000 155210.000000
-3591.590000 155237.000000
-3580.450000 152788.000000
-3594.920000 151659.000000
-3628.320000 151185.000000
-3641.680000 151185.000000
-3652.810000 151163.000000
-3652.810000 149244.000000
-3680.640000 147184.000000
-3731.850000 145581.000000
324431.000000 145581.000000
-3708.470000 145434.000000
-2924.780000 145412.000000
-2423.840000 145392.000000
-931.049000 145356.000000
1244.130000 145356.000000
1260.830000 146870.000000
1312.040000 147004.000000
3098.720000 147011.000000
3106.510000 147006.000000
5725.860000 146492.000000
7811.980000 145356.000000
7820.890000 145396.000000
7837.590000 145880.000000
7995.660000 145882.000000
7501.400000 145880.000000
7484.700000 145559.000000
7466.890000 145508.000000
7440.180000 145501.000000
5455.350000 146625.000000
4466.830000 146950.000000
2156.950000 138457.000000
3103.170000 136691.000000
3610.790000 135772.000000
4742.910000 133730.000000
6306.940000 130774.000000
6301.380000 130691.000000
6286.910000 130658.000000
6298.040000 130664.000000
6304.720000 130702.000000
6334.770000 130725.000000
11858.400000 115768.000000
11945.300000 114868.000000
12009.800000 114857.000000
4191.870000 134636.000000
2335.060000 132345.000000
2040.070000 132840.000000
1414.450000 132869.000000
1403.320000 133659.000000
1389.960000 134503.000000
749.875000 134817.000000
215.541000 137186.000000
15.166200 137611.000000
-667.222000 139114.000000
-647.185000 139207.000000
317.955000 139318.000000
270.088000 139412.000000
117.580000 139637.000000
117.580000 139704.000000
-214.152000 140176.000000
-313.226000 140409.000000
-369.999000 140494.000000
-834.201000 141184.000000
-850.899000 141238.000000
-1177.070000 140933.000000
-1187.080000 140944.000000
-1190.420000 140982.000000
-1188.200000 141033.000000
-1182.630000 141115.000000
-1192.650000 141215.000000
-1198.220000 141206.000000
-1214.910000 141215.000000
-1190.420000 141449.000000
-1187.080000 141507.000000
-1114.730000 143364.000000
-1086.900000 143464.000000
-841.994000 143865.000000
-613.789000 144744.000000
-626.034000 145307.000000
-770.749000 145312.000000
-923.257000 145330.000000
-943.295000 145336.000000
-976.690000 145312.000000
-1446.460000 145345.000000
-3709.580000 145396.000000
-3719.600000 145385.000000
-3728.510000 144873.000000
-3728.510000 144524.000000
-3725.170000 144499.000000
-3742.980000 144328.000000
-3759.680000 144283.000000
-3747.430000 143589.000000
-2801.220000 143542.000000
-2784.520000 143537.000000
-2774.500000 143586.000000
-2739.990000 144310.000000
-2734.430000 144528.000000
-2401.580000 144562.000000
-1867.250000 144599.000000
-1899.530000 145307.000000
-1906.210000 145347.000000
-1897.300000 145403.000000
-1828.280000 145423.000000
-1637.930000 145403.000000
-1611.210000 145381.000000
-1557.780000 145403.000000
-1560.000000 145445.000000
-1563.340000 145445.000000
-1571.140000 145463.000000
-1524.380000 146605.000000
-1513.250000 146944.000000
-1507.680000 146955.000000
-1516.590000 146739.000000
-1572.250000 145909.000000
-1565.570000 145657.000000
-1554.440000 145626.000000
-1253.880000 145423.000000
-1240.520000 145960.000000
-1240.520000 146009.000000
-1210.460000 146358.000000
-1125.860000 146369.000000
-1054.610000 146369.000000
-1042.370000 146381.000000
-1031.240000 146392.000000
-1025.670000 146403.000000
-1008.970000 146416.000000
9.600250 146365.000000
17.392600 146839.000000
-697.279000 146962.000000
-697.279000 146732.000000
-624.921000 145648.000000
-664.996000 145519.000000
-1140.330000 145392.000000
-1238.290000 145330.000000
-1234.950000 145336.000000
-1490.990000 145368.000000
-1728.100000 145352.000000
-1749.250000 145314.000000
-1804.910000 144288.000000
-1867.250000 143611.000000
-2256.860000 143419.000000
-8578.700000 143671.000000
-10511.200000 144851.000000
-10465.600000 149052.000000
-10474.500000 154692.000000
-13221.800000 155137.000000
-14328.400000 155092.000000
-14337.300000 155063.000000
-14342.800000 154462.000000
-14346.200000 152873.000000
-14292.700000 152038.000000
-13027.000000 152091.000000
-12990.300000 152098.000000
-12895.700000 152060.000000
-12881.200000 152053.000000
-12815.500000 152249.000000
-12795.500000 152247.000000
-12782.100000 152214.000000
-12773.200000 152176.000000
-12786.600000 152138.000000
-12789.900000 152120.000000
-12765.400000 151401.000000
-12563.900000 151397.000000
-12428.100000 151397.000000
-12090.800000 151401.000000
-11871.500000 151397.000000
-11841.500000 151403.000000
-11818.100000 151408.000000
-11754.600000 151385.000000
-11735.700000 151408.000000
-11713.500000 151385.000000
-11695.600000 151357.000000
-11729.000000 150517.000000
-11752.400000 149638.000000
-11751.300000 149444.000000
-11824.800000 148313.000000
-11827.000000 147834.000000
-11834.800000 147345.000000
-11847.000000 147278.000000
-12331.300000 147262.000000
-13836.300000 147249.000000
-13849.700000 147200.000000
-13886.400000 146817.000000
-13864.100000 145931.000000
-13894.200000 145815.000000
-15592.900000 144688.000000
-15645.300000 142540.000000
-15637.500000 142536.000000
-15664.200000 141879.000000
-15684.200000 141874.000000
-15910.200000 139136.000000
-15943.600000 138844.000000
-16018.200000 137720.000000
-16066.000000 136235.000000
-16081.600000 135963.000000
-16068.300000 135945.000000
-16077.200000 135600.000000
-15898.000000 135578.000000
-15810.000000 135563.000000
-15776.600000 135534.000000
-14925.000000 135549.000000
-14884.900000 135928.000000
-14866.000000 135972.000000
-14846.000000 136486.000000
-14773.600000 137526.000000
-14765.800000 137555.000000
-14756.900000 137575.000000
-11535.300000 137482.000000
-10864.100000 137448.000000
-9976.870000 137415.000000
-9453.670000 137455.000000
-9433.630000 137430.000000
-9396.900000 137453.000000
-9091.880000 137453.000000
-8954.960000 137577.000000
-8936.030000 138967.000000
-8936.030000 139102.000000
-8968.320000 138991.000000
-8941.600000 139334.000000
-8929.350000 139490.000000
-8606.530000 139289.000000
-7936.380000 136308.000000
2296.100000 132399.000000
2023.370000 132866.000000
1998.880000 132984.000000
1392.190000 132911.000000
1412.230000 133441.000000
1411.110000 133470.000000
1412.230000 133592.000000
1414.450000 134438.000000
759.894000 134739.000000
192.164000 137221.000000
-670.562000 139158.000000
-653.864000 139218.000000
-630.487000 139218.000000
120.920000 139085.000000
232.239000 139180.000000
256.730000 139192.000000
303.484000 139325.000000
248.937000 139423.000000
30.751000 139726.000000
30.751000 139686.000000
-86.134500 139913.000000
-155.153000 140020.000000
-175.190000 140082.000000
-188.548000 140071.000000
-268.698000 140249.000000
-825.296000 141111.000000
-1112.500000 141010.000000
-1136.990000 140982.000000
-1165.930000 140955.000000
-1184.860000 140906.000000
-1193.760000 140904.000000
-1198.220000 140944.000000
-1192.650000 141033.000000
-1192.650000 141082.000000
-1184.860000 141160.000000
-1168.160000 141251.000000
-1143.670000 141233.000000
-1138.100000 142297.000000
-1115.840000 143419.000000
-1134.760000 143455.000000
-1090.240000 143564.000000
-997.841000 143649.000000
-1494.330000 144562.000000
-1824.940000 144546.000000
-2138.870000 143442.000000
-3669.510000 143508.000000
-3758.560000 143520.000000
-3756.340000 143900.000000
-3754.110000 144450.000000
-3747.430000 144640.000000
-3750.770000 144644.000000
-3747.430000 145085.000000
-3739.640000 145185.000000
-3722.940000 145292.000000
-3730.730000 145374.000000
-3951.150000 145396.000000
-4029.070000 145390.000000
-4034.640000 145385.000000
-4023.500000 145403.000000
-2862.440000 145408.000000
-2852.420000 145401.000000
-1637.930000 145519.000000
-1583.380000 145408.000000
-1566.680000 145425.000000
-1552.210000 145437.000000
-1549.990000 145463.000000
-1535.510000 146260.000000
-1524.380000 146287.000000
-1552.210000 146928.000000
-1544.420000 146926.000000
-1537.740000 146937.000000
-1529.950000 146962.000000
-1513.250000 146973.000000
-1527.720000 146637.000000
-1538.850000 146666.000000
-1538.850000 146643.000000
-1571.140000 146603.000000
-1435.330000 146243.000000
-1535.510000 145942.000000
-1585.610000 145746.000000
-1591.170000 145708.000000
-1576.700000 145535.000000
-1563.340000 145497.000000
-711.750000 145363.000000
22.958600 145370.000000
34.090500 146926.000000
41.882900 149255.000000
58.580800 149415.000000
95.316300 149411.000000
540.594000 149805.000000
941.344000 149967.000000
876.779000 150762.000000
752.101000 152004.000000
655.253000 152648.000000
722.045000 152681.000000
744.309000 152670.000000
153.202000 152581.000000
137.618000 152561.000000
42.996100 152537.000000
67.486400 152131.000000
0.694696 150680.000000
4.034280 150566.000000
9.600250 149593.000000
9.600250 148948.000000
15.166200 148941.000000
9.600250 148830.000000
14.053000 148709.000000
20.732200 147095.000000
15.166200 147089.000000
17.392600 147028.000000
-650.524000 147028.000000
-1377.440000 146973.000000
-1420.860000 146950.000000
-1632.360000 146966.000000
-1741.460000 146837.000000
-2172.260000 143455.000000
-9313.410000 144083.000000
-10569.100000 144956.000000
-10650.400000 145497.000000
-14985.100000 145541.000000
-16739.500000 144254.000000
-16736.200000 144250.000000
-16750.700000 144239.000000
-17949.600000 143620.000000
-18420.500000 143386.000000
-18419.300000 143308.000000
-18437.200000 141946.000000
-18431.600000 141790.000000
-18463.900000 141255.000000
-18514.000000 140576.000000
-18508.400000 140472.000000
-18515.100000 140376.000000
-18520.600000 140392.000000
-18503.900000 140636.000000
-18487.200000 140770.000000
-18458.300000 140815.000000
-18138.800000 140777.000000
-18108.800000 140988.000000
-18068.700000 141171.000000
-18052.000000 141115.000000
-18007.500000 141262.000000
-18001.900000 141211.000000
-18013.000000 141672.000000
-17986.300000 141727.000000
-16788.500000 141327.000000
-15901.300000 140754.000000
-15892.400000 140717.000000
-14578.800000 139848.000000
-14556.600000 139804.000000
-14448.600000 139748.000000
-14261.600000 139641.000000
-13995.500000 139590.000000
-13986.600000 139597.000000
-13973.200000 139601.000000
-13955.400000 139601.000000
-13939.800000 139601.000000
-13928.700000 139615.000000
-13897.500000 139615.000000
-8982.790000 139456.000000
-8812.470000 139474.000000
-8808.020000 139497.000000
-8804.680000 139534.000000
-8791.320000 139503.000000
-5378.260000 139289.000000
-5376.040000 139407.000000
-5370.470000 139503.000000
-5372.700000 139512.000000
-5361.570000 140098.000000
-5353.770000 140171.000000
-5322.600000 140376.000000
-4980.850000 140692.000000
-4975.290000 141260.000000
-4975.290000 141273.000000
-4978.630000 141289.000000
-4958.590000 141351.000000
-4856.170000 141360.000000
-4735.950000 141378.000000
-4713.690000 141362.000000
-4081.390000 141367.000000
-2089.890000 141300.000000
-1688.020000 141262.000000
-1672.440000 141251.000000
-1466.500000 140503.000000
-1440.890000 140536.000000
-1383.010000 140625.000000
-1376.330000 140625.000000
-1229.390000 140806.000000
-1220.480000 140837.000000
-1182.630000 140948.000000
-1177.070000 140993.000000
-1173.730000 141100.000000
-1126.970000 141206.000000
-1114.730000 141222.000000
-970.011000 141155.000000
-1088.010000 142251.000000
-1034.580000 143598.000000
-1014.540000 143638.000000
-1112.500000 143798.000000
-1154.800000 143831.000000
-1460.930000 144510.000000
-3630.550000 143504.000000
-3528.130000 143549.000000
-2771.160000 143600.000000
-2771.160000 143687.000000
-2776.730000 143693.000000
-2748.900000 144522.000000
-2732.200000 145323.000000
-2737.760000 145385.000000
-2726.630000 145408.000000
-1650.170000 145468.000000
-1544.420000 145425.000000
-1537.740000 145653.000000
-1537.740000 145664.000000
-1577.820000 145764.000000
-1522.160000 146982.000000
-1529.950000 146988.000000
-1650.170000 146995.000000
-1680.230000 146993.000000
-1778.190000 146915.000000
-1877.270000 146966.000000
-1897.300000 147028.000000
-1761.490000 150023.000000
-1760.380000 150201.000000
-1752.590000 150268.000000
-1747.020000 150384.000000
-1743.680000 150557.000000
-1747.020000 150588.000000
-1747.020000 151056.000000
-2600.840000 151036.000000
-2584.140000 151141.000000
-2606.410000 151103.000000
-3253.170000 151107.000000
-3258.740000 151129.000000
-3513.660000 151096.000000
-3531.470000 151011.000000
-3513.660000 151074.000000
-3603.830000 152187.000000
-3854.300000 152214.000000
-3864.320000 152214.000000
-3871.000000 152436.000000
-3859.870000 152532.000000
-3823.130000 152494.000000
-3848.730000 152383.000000
-3858.750000 152225.000000
-3648.360000 152258.000000
-3626.090000 152136.000000
-3598.260000 152120.000000
-3637.230000 149934.000000
-3650.580000 149277.000000
-3642.790000 149241.000000
-3667.280000 148636.000000
-3663.940000 148614.000000
-3661.720000 148596.000000
-3687.320000 147138.000000
-3683.980000 147149.000000
-3697.340000 146565.000000
-3683.980000 146536.000000
-3697.340000 146470.000000
-3698.450000 146438.000000
-3711.810000 146291.000000
-3709.580000 146247.000000
-3709.580000 145993.000000
-3714.040000 145837.000000
-11244.800000 145742.000000
-3711.810000 145742.000000
-3739.640000 144951.000000
-3737.410000 144729.000000
-3756.340000 144577.000000
-3741.870000 143152.000000
-3469.130000 142881.000000
-3508.100000 142921.000000
-3485.830000 142587.000000
-3505.870000 142565.000000
-3514.770000 141830.000000
-3564.870000 140347.000000
-3602.720000 139724.000000
-3598.260000 139508.000000
-3583.790000 139223.000000
-3620.530000 137760.000000
-3676.190000 136106.000000
-3687.320000 133492.000000
-3680.640000 133467.000000
-3692.890000 130885.000000
-3828.700000 130595.000000
-3825.360000 130562.000000
-3823.130000 123796.000000
-3837.600000 123752.000000
-3886.580000 123516.000000
-3898.830000 123507.000000
-3730.730000 119265.000000
-3745.210000 119118.000000
-3731.850000 118929.000000
-3734.070000 118769.000000
-3715.150000 118094.000000
-3714.040000 118083.000000
-3714.040000 117994.000000
-3714.040000 117952.000000
-3711.810000 117927.000000
-3715.150000 117918.000000
-3730.730000 117889.000000
-3747.430000 117863.000000
-3753.000000 117867.000000
-3728.510000 117907.000000
-3697.340000 118506.000000
-3739.640000 118535.000000
-3756.340000 118535.000000
-3761.900000 118580.000000
-3702.900000 118562.000000
-3709.580000 119036.000000
-3709.580000 119058.000000
-3736.300000 119325.000000
-3887.700000 119343.000000
-3923.320000 119419.000000
-709.524000 146984.000000
-719.542000 146436.000000
-637.166000 145423.000000
-656.090000 145352.000000
-906.559000 145336.000000
-1902.870000 145345.000000
-1914.000000 145403.000000
-1883.940000 145445.000000
-1626.800000 145441.000000
-1571.140000 145412.000000
-1549.990000 145425.000000
-1543.310000 145503.000000
-1526.610000 146298.000000
-1516.590000 146336.000000
-1543.310000 146628.000000
-1541.080000 146258.000000
-1543.310000 145448.000000
-1537.740000 145437.000000
-1266.120000 145403.000000
-1248.310000 145423.000000
-1246.080000 145457.000000
-1207.120000 146387.000000
-1062.410000 146403.000000
-1053.500000 146416.000000
-1054.610000 146447.000000
-1004.520000 146443.000000
-981.143000 146447.000000
-509.149000 146394.000000
17.392600 146383.000000
-13.776800 146984.000000
-711.750000 146993.000000
-719.542000 146966.000000
-641.619000 145479.000000
-648.298000 145319.000000
-678.354000 145307.000000
-908.786000 145325.000000
-1218.250000 145325.000000
-1899.530000 145347.000000
-1902.870000 145408.000000
-1871.700000 145448.000000
-1726.980000 145441.000000
-1604.530000 145392.000000
-1557.780000 145414.000000
-1538.850000 146594.000000
-1527.720000 146594.000000
-1557.780000 145425.000000
-683.920000 145374.000000
-47.172700 145359.000000
1191.810000 145307.000000
1200.720000 145303.000000
1308.700000 145241.000000
1316.490000 143667.000000
1342.090000 143553.000000
1377.720000 143497.000000
1984.410000 143092.000000
2936.190000 142453.000000
2922.830000 142340.000000
2909.470000 142335.000000
2915.040000 142342.000000
2913.930000 142473.000000
2024.480000 143103.000000
2084.600000 144640.000000
1770.670000 144713.000000
1330.960000 144702.000000
1312.040000 143600.000000
1322.060000 143566.000000
1217.420000 143555.000000
53.014900 143900.000000
4.034280 143916.000000
11.826600 144038.000000
9.600250 144098.000000
-40.493500 144121.000000
-338.830000 144127.000000
-346.622000 144150.000000
-313.226000 144383.000000
-592.638000 144751.000000
-622.694000 145345.000000
-661.656000 145325.000000
-1895.080000 145325.000000
-1908.430000 145370.000000
-1893.960000 145437.000000
-1644.610000 145434.000000
-1605.650000 145401.000000
-1554.440000 145445.000000
-1546.650000 145486.000000
-1535.510000 145730.000000
-1544.420000 145759.000000
-1544.420000 145815.000000
-1535.510000 145835.000000
-1513.250000 146403.000000
-1515.480000 146421.000000
-1521.040000 146654.000000
-1541.080000 146617.000000
-14112.400000 146614.000000
-1541.080000 145668.000000
-1532.170000 145570.000000
-1555.550000 145445.000000
-1560.000000 145434.000000
-1552.210000 145419.000000
-1259.440000 145401.000000
-1251.650000 145419.000000
-1210.460000 146358.000000
-1051.270000 146447.000000
-1047.930000 146458.000000
-1026.780000 146472.000000
-764.070000 146394.000000
-734.014000 146414.000000
-21.569200 146372.000000
-32.701200 146347.000000
-4.871280 146349.000000
2.921090 146383.000000
-711.750000 146982.000000
-722.882000 146710.000000
-720.656000 146659.000000
-719.542000 146447.000000
-720.656000 146443.000000
-631.600000 145481.000000
-644.958000 145319.000000
-865.371000 145319.000000
-876.503000 145325.000000
-1587.830000 145345.000000
-1711.400000 145390.000000
-1888.400000 145325.000000
-1905.090000 145368.000000
-1897.300000 145412.000000
-1856.110000 145445.000000
-1598.970000 145412.000000
-1566.680000 145408.000000
-1552.210000 145430.000000
-1538.850000 145657.000000
-1541.080000 145670.000000
-1533.290000 146038.000000
-1524.380000 146421.000000
-1529.950000 146973.000000
-1716.970000 146971.000000
-1847.210000 146939.000000
-1880.600000 147015.000000
-1855.000000 147111.000000
-1832.740000 147345.000000
-1802.680000 148954.000000
-1785.980000 149059.000000
-1800.450000 149204.000000
-1716.970000 149204.000000
-1145.900000 149092.000000
-1138.100000 149041.000000
-1082.440000 149070.000000
-1070.200000 149460.000000
-886.522000 149520.000000
-703.958000 149531.000000
-725.108000 149912.000000
-745.146000 149954.000000
-1059.070000 149994.000000
-1053.500000 150517.000000
-953.313000 151045.000000
-1082.440000 151029.000000
-1120.290000 151000.000000
-1494.330000 151023.000000
-1683.570000 151025.000000
-1699.150000 150168.000000
-1669.100000 149108.000000
-1538.850000 149059.000000
-1388.570000 149088.000000
-1393.030000 149355.000000
-1383.010000 149504.000000
-1359.630000 149520.000000
-1214.910000 149511.000000
-539.205000 149504.000000
-486.885000 149538.000000
-474.640000 149533.000000
-29.361600 149415.000000
25.185000 149355.000000
42.996100 149143.000000
53.014900 149092.000000
34.090500 148264.000000
26.298200 147184.000000
20.732200 147060.000000
30.751000 147037.000000
69.712800 147017.000000
844.496000 147004.000000
2425.230000 147015.000000
3103.170000 147017.000000
5041.240000 146904.000000
5151.450000 148224.000000
5282.800000 148228.000000
5503.220000 148240.000000
5635.690000 148217.000000
5783.740000 148157.000000
5780.400000 147512.000000
5785.970000 146605.000000
5785.970000 146592.000000
5775.950000 146447.000000
5739.210000 146438.000000
4459.040000 146948.000000
4453.470000 145804.000000
4015.990000 141137.000000
2143.590000 138484.000000
4141.780000 134821.000000
4147.350000 134806.000000
4772.960000 133657.000000
6310.280000 130769.000000
6298.040000 130669.000000
6275.770000 130631.000000
6275.770000 130651.000000
6306.940000 130702.000000
6331.430000 130731.000000
7420.140000 128743.000000
9221.290000 123193.000000
10734.100000 119321.000000
11717.100000 117406.000000
12064.400000 114799.000000
12073.300000 114766.000000
12070.000000 114755.000000
12070.000000 114746.000000
12047.700000 114732.000000
12037.700000 114728.000000
11978.700000 114690.000000
12043.200000 114790.000000
11967.500000 113964.000000
11544.500000 113788.000000
11452.100000 114316.000000
11502.200000 114276.000000
11525.600000 114256.000000
11494.400000 114272.000000
11505.600000 114254.000000
11516.700000 114238.000000
11500.000000 114256.000000
11511.100000 114243.000000
11469.900000 114289.000000
11480.000000 114278.000000
11488.900000 114267.000000
11466.600000 114294.000000
11492.200000 114256.000000
11488.900000 114265.000000
11485.500000 114278.000000
11458.800000 114833.000000
11458.800000 114862.000000
11441.000000 115189.000000
11444.300000 115095.000000
11438.800000 115129.000000
11313.000000 114688.000000
11318.500000 114583.000000
11346.400000 114390.000000
11341.900000 114899.000000
11385.300000 114855.000000
11353.100000 114283.000000
11358.600000 114276.000000
11372.000000 114294.000000
11374.200000 114298.000000
11402.000000 114327.000000
11413.200000 114343.000000
11461.000000 114405.000000
11463.300000 114398.000000
11468.800000 114412.000000
11463.300000 114405.000000
11464.400000 114401.000000
11438.800000 114361.000000
11444.300000 114356.000000
11424.300000 114345.000000
11355.300000 114238.000000
11358.600000 114238.000000
11360.800000 114231.000000
11347.500000 114249.000000
11102.600000 117340.000000
10996.800000 118495.000000
11030.200000 118664.000000
11024.700000 118662.000000
11023.600000 118662.000000
11152.700000 117482.000000
11310.800000 116013.000000
11372.000000 115391.000000
11413.200000 114646.000000
11383.100000 114461.000000
11399.800000 114405.000000
11413.200000 114401.000000
11431.000000 114398.000000
11442.100000 114423.000000
11357.500000 114401.000000
11318.500000 114434.000000
10846.600000 114790.000000
11480.000000 115240.000000
11511.100000 115300.000000
11464.400000 114267.000000
11452.100000 114276.000000
11433.200000 114300.000000
-10491.200000 139525.000000
-10605.800000 139623.000000
-10632.500000 139592.000000
-10788.400000 133781.000000
-10791.700000 133701.000000
-10836.300000 132087.000000
-10871.900000 130598.000000
-10891.900000 129422.000000
-10593.600000 129449.000000
-10576.900000 129440.000000
-10683.800000 129433.000000
-10738.300000 129467.000000
-10878.600000 129473.000000
-10899.700000 129444.000000
-10925.300000 128950.000000
-10933.100000 128872.000000
-10949.800000 128892.000000
-10950.900000 128910.000000
-10938.700000 129204.000000
-10928.700000 129785.000000
-10919.700000 129890.000000
-12227.800000 132094.000000
-12246.700000 133797.000000
-12242.200000 133826.000000
-12235.500000 133848.000000
-12179.900000 135355.000000
-11815.900000 135329.000000
-11785.800000 135318.000000
-11779.100000 135306.000000
-11051.100000 135266.000000
-10799.500000 135311.000000
-10821.800000 137938.000000
-9125.280000 137455.000000
-9035.110000 137466.000000
-9018.410000 137466.000000
-8952.730000 137560.000000
-8924.900000 139234.000000
-8891.510000 139258.000000
-8918.220000 139452.000000
-8845.870000 139459.000000
-8083.330000 139303.000000
-7977.570000 139289.000000
-5384.940000 139269.000000
-5367.130000 139363.000000
-5351.550000 140394.000000
-5328.170000 140403.000000
-5325.940000 140447.000000
-4977.510000 140710.000000
-4988.640000 141028.000000
-4973.060000 141218.000000
-4980.850000 141262.000000
-4973.060000 141393.000000
-4771.570000 141389.000000
-4724.820000 141349.000000
-4694.760000 141333.000000
-4062.470000 141349.000000
-4076.940000 141393.000000
-4101.430000 141407.000000
-4090.300000 141407.000000
-4071.370000 141411.000000
-4059.130000 141407.000000
-4056.900000 141385.000000
-3550.400000 141378.000000
-3533.700000 141734.000000
-2893.610000 141750.000000
-2896.950000 141801.000000
-2963.740000 141861.000000
-2969.310000 141839.000000
-2958.180000 141850.000000
-2918.100000 141828.000000
-2902.520000 141861.000000
-2895.840000 141830.000000
-2826.820000 141905.000000
-2773.390000 143299.000000
-2698.800000 143415.000000
-1960.750000 143560.000000
-1877.270000 144288.000000
-1900.640000 145419.000000
-1861.680000 145441.000000
-700.618000 145363.000000
-678.354000 145359.000000
-397.829000 144985.000000
-388.924000 144896.000000
-447.923000 144862.000000
-477.979000 144829.000000
-502.469000 144800.000000
-485.771000 144766.000000
-548.110000 144702.000000
-561.469000 144700.000000
-578.167000 144706.000000
-591.525000 144644.000000
-609.336000 144677.000000
-613.789000 144706.000000
-550.337000 144822.000000
-461.281000 144766.000000
-388.924000 144644.000000
-269.812000 144461.000000
-357.754000 143760.000000
-536.978000 143493.000000
-530.299000 143477.000000
-466.847000 143370.000000
590.688000 141908.000000
1011.480000 142219.000000
1097.190000 142447.000000
1735.050000 141211.000000
2680.150000 139468.000000
2685.720000 139459.000000
3249.000000 138484.000000
3503.920000 138651.000000
4383.340000 138657.000000
4416.740000 138646.000000
4420.080000 137709.000000
4427.870000 137693.000000
4425.640000 136691.000000
4388.910000 135148.000000
4338.820000 134783.000000
4328.800000 134781.000000
5883.930000 131867.000000
5856.100000 131731.000000
5731.420000 131666.000000
5143.660000 131537.000000
2950.660000 128859.000000
2644.530000 124397.000000
3776.650000 104246.000000
19604.100000 71168.600000
33187.300000 69603.500000
42012.700000 56251.800000
42432.300000 56145.000000
42427.900000 56151.600000
42911.000000 55991.300000
42919.900000 56122.700000
42844.200000 56225.100000
42789.700000 56200.600000
42794.100000 52772.000000
42795.200000 52763.100000
43220.500000 50066.900000
43990.800000 49913.300000
43988.600000 49891.000000
44931.500000 50652.500000
45382.300000 50258.400000
45491.400000 50612.400000
45402.300000 50300.700000
45399.000000 50258.400000
45382.300000 50200.500000
45371.200000 50189.400000
45133.000000 49528.100000
44620.900000 49757.400000
44595.300000 49312.200000
44584.200000 49343.300000
44598.600000 49298.800000
44609.800000 49276.500000
44615.300000 48955.900000
44973.800000 45994.800000
45035.000000 45743.300000
45265.400000 44981.800000
45322.200000 44803.700000
45446.900000 44300.600000
45439.100000 44347.300000
45443.500000 44334.000000
45508.100000 43913.200000
42578.200000 33397.900000
43331.800000 26413.700000
43307.300000 26347.000000
40986.300000 24554.700000
40548.800000 23975.900000
40613.400000 23508.300000
41398.200000 22303.800000
41049.800000 21279.700000
41409.300000 20277.800000
41016.400000 19149.000000
40704.700000 17853.300000
40671.300000 15938.600000
41450.500000 11163.000000
41486.100000 11160.800000
41491.700000 11138.500000
41481.700000 11094.000000
41465.000000 11149.600000
41456.100000 11163.000000
41492.800000 11118.500000
41497.300000 11116.200000
41511.700000 11096.200000
41481.700000 11134.000000
41383.700000 10650.900000
41355.900000 10666.500000
41353.700000 10704.300000
41322.500000 11675.000000
40907.300000 14255.400000
40991.900000 15259.500000
40662.400000 16049.900000
40782.600000 17067.400000
40704.700000 17383.500000
40773.700000 17617.300000
40802.600000 19133.500000
40847.200000 19189.100000
41064.200000 19193.600000
41341.400000 20222.200000
41413.800000 20302.300000
41417.100000 20473.700000
41383.700000 20228.800000
41191.100000 19912.700000
41035.300000 19153.500000
40779.300000 19031.000000
40762.600000 17441.400000
40695.800000 17294.500000
40740.300000 16132.300000
40656.800000 15983.100000
40757.000000 15615.800000
41033.100000 15085.900000
40946.200000 14645.100000
40880.600000 14611.700000
40886.100000 14384.600000
40785.900000 14357.800000
40780.400000 14257.700000
40777.000000 14277.700000
40790.400000 14355.600000
40799.300000 14377.900000
40860.500000 14395.700000
40868.300000 14391.200000
40873.900000 14389.000000
40899.500000 14400.100000
40916.200000 14518.100000
40880.600000 14618.300000
40888.300000 14625.000000
40897.200000 14629.500000
40893.900000 14389.000000
40784.800000 14344.500000
40788.200000 14328.900000
40741.400000 14050.600000
40749.200000 14043.900000
40758.100000 14017.200000
40847.200000 13999.400000
40860.500000 13899.200000
40863.900000 13912.600000
40962.900000 15442.100000
40951.800000 15435.400000
40843.800000 15513.300000
40660.100000 15992.000000
40682.400000 16081.100000
40771.500000 16415.000000
40729.200000 17445.900000
40774.800000 17572.800000
40791.500000 19022.100000
40773.700000 19037.700000
40777.000000 19033.300000
40790.400000 18953.100000
40790.400000 18930.900000
40760.300000 17430.300000
40690.200000 17296.700000
40732.500000 16110.000000
40654.600000 15992.000000
40738.100000 15631.300000
41035.300000 15085.900000
41208.900000 12002.300000
41264.600000 11902.100000
41263.500000 11895.500000
41325.800000 10187.800000
41261.300000 10058.700000
41269.100000 10069.800000
41303.600000 11817.500000
41403.800000 11835.300000
41394.800000 11913.300000
41391.500000 11935.500000
41358.100000 12053.500000
41319.200000 12062.400000
41328.100000 12080.300000
41352.500000 12075.800000
41355.900000 12046.900000
41378.100000 12024.600000
41383.700000 11986.700000
41402.600000 11850.900000
41398.200000 11839.800000
41296.900000 11802.000000
41442.700000 11171.900000
41476.100000 11163.000000
41486.100000 11151.800000
41487.200000 11138.500000
41483.900000 11167.400000
41439.400000 11189.700000
40944.000000 14373.400000
41019.700000 15226.100000
40674.600000 16049.900000
40788.200000 17051.800000
40741.400000 17138.600000
40812.600000 19198.000000
40875.000000 19233.600000
41047.500000 19164.600000
41202.300000 19823.600000
41311.400000 20233.300000
41378.100000 20930.200000
41303.600000 21820.700000
41433.800000 22640.000000
40562.200000 23880.100000
40607.800000 24136.200000
41047.500000 24715.000000
41060.900000 25256.000000
43328.500000 26418.200000
43908.400000 40359.900000
44374.900000 42853.400000
44376.000000 45636.400000
44142.200000 46751.800000
43265.000000 48744.400000
43181.500000 50058.000000
43150.400000 50078.000000
40328.400000 51436.100000
38261.200000 53397.600000
31287.000000 58985.800000
23040.500000 60889.400000
22901.300000 61599.600000
22094.300000 64244.600000
21329.500000 68436.900000
22227.900000 80659.700000
22153.300000 81648.300000
21387.400000 84994.500000
20931.000000 95140.200000
15251.500000 102311.000000
13216.500000 105682.000000
13022.800000 105811.000000
12203.500000 111540.000000
11700.400000 117377.000000
10804.300000 119243.000000
8168.210000 126450.000000
8165.980000 126461.000000
7056.120000 129415.000000
7052.780000 129440.000000
4244.190000 134570.000000
4238.630000 134587.000000
4216.360000 134654.000000
4347.720000 134859.000000
4383.340000 134973.000000
4394.470000 136584.000000
4420.080000 138312.000000
4431.210000 138312.000000
4434.550000 138254.000000
4444.570000 137711.000000
4425.640000 137686.000000
4423.420000 137504.000000
4422.300000 137255.000000
4436.780000 134959.000000
4423.420000 134977.000000
4366.650000 134843.000000
4233.060000 134643.000000
4790.770000 133626.000000
4781.870000 133634.000000
8085.830000 126768.000000
9234.650000 123159.000000
11669.200000 117700.000000
12789.100000 106795.000000
18065.600000 98234.900000
20848.600000 95353.900000
21407.400000 84422.300000
21435.300000 83380.400000
20897.600000 72586.800000
21407.400000 67922.600000
23118.400000 61112.000000
30360.900000 59090.500000
37315.000000 54326.000000
41859.000000 50351.900000
42708.400000 50189.400000
43151.500000 50089.200000
43168.200000 50051.300000
44242.400000 41023.300000
43367.400000 27480.200000
43331.800000 26422.700000
43331.800000 26418.200000
43312.900000 26362.500000
41010.800000 25115.800000
40997.400000 24532.400000
40556.600000 23931.300000
40657.900000 23439.300000
41441.600000 22548.700000
41088.700000 21235.200000
41409.300000 20268.900000
41389.300000 20224.400000
41196.700000 19888.200000
41040.900000 19155.700000
40763.700000 17445.900000
40693.500000 17301.100000
40754.800000 16143.400000
40663.500000 15972.000000
41450.500000 11171.900000
41487.200000 11149.600000
41487.200000 11138.500000
41495.000000 11138.500000
41480.600000 11174.100000
41447.200000 11185.200000
41361.500000 11572.600000
40799.300000 13433.900000
40662.400000 16065.500000
40785.900000 17029.500000
40784.800000 17595.000000
40801.500000 19155.700000
40862.700000 19209.200000
41058.700000 19186.900000
41397.100000 20736.500000
41372.600000 22818.100000
40556.600000 24029.300000
41052.000000 25238.200000
43329.600000 26413.700000
44347.000000 42214.400000
44125.500000 46783.000000
43059.100000 50102.500000
40334.000000 51449.500000
40335.100000 51454.000000
32537.200000 58560.600000
28290.300000 59152.800000
23068.300000 60844.900000
23007.100000 61087.500000
21335.100000 68425.700000
20848.600000 73343.800000
21390.700000 84961.100000
21393.000000 84965.600000
20644.900000 95658.900000
14397.600000 103734.000000
13006.200000 105994.000000
12377.200000 109407.000000
10834.300000 119230.000000
9353.760000 122616.000000
9243.550000 123070.000000
8106.980000 126650.000000
8106.980000 126657.000000
7038.310000 129467.000000
6354.810000 130662.000000
4798.560000 133597.000000
4256.440000 134565.000000
4244.190000 134754.000000
4388.910000 135033.000000
4400.040000 136596.000000
4397.810000 136596.000000
4414.510000 137442.000000
4425.640000 137433.000000
4427.870000 137419.000000
4425.640000 137410.000000
4416.740000 136647.000000
4412.290000 136562.000000
4400.040000 135004.000000
4395.590000 134973.000000
4355.510000 134817.000000
4239.740000 134676.000000
4228.610000 134647.000000
7991.210000 127067.000000
10340.000000 119699.000000
11614.700000 117845.000000
11620.200000 117818.000000
11970.900000 114294.000000
12176.800000 111816.000000
12236.900000 111083.000000
12340.500000 109837.000000
12482.900000 108222.000000
13041.800000 106196.000000
13292.200000 105851.000000
14407.700000 103792.000000
21075.700000 103347.000000
21270.500000 103302.000000
21273.800000 103311.000000
21301.700000 103280.000000
21310.600000 103235.000000
21184.800000 101586.000000
21371.800000 101570.000000
22428.200000 101666.000000
22429.300000 101641.000000
22423.800000 101563.000000
22412.600000 101525.000000
22411.500000 101510.000000
22418.200000 101519.000000
22401.500000 101641.000000
22407.100000 102877.000000
22407.100000 102939.000000
22429.300000 102957.000000
22453.800000 102961.000000
22498.400000 102961.000000
22529.500000 103013.000000
22496.100000 102913.000000
22540.700000 102977.000000
22434.900000 102968.000000
22423.800000 102990.000000
22403.700000 103224.000000
22406.000000 103340.000000
22414.900000 103347.000000
22429.300000 103329.000000
22821.200000 103280.000000
22982.600000 103280.000000
22990.400000 103266.000000
23847.600000 103311.000000
23867.600000 103329.000000
23878.700000 103329.000000
23887.600000 103302.000000
24401.900000 103458.000000
24533.300000 103841.000000
24577.800000 103814.000000
25414.900000 102739.000000
27344.100000 102746.000000
27418.700000 102634.000000
30466.600000 90867.700000
30852.900000 87784.200000
32331.200000 85462.100000
34220.300000 84544.800000
36318.700000 77663.000000
37596.600000 77513.800000
38391.400000 77386.900000
38817.800000 70438.400000
38222.200000 68234.300000
41289.100000 60259.300000
42650.500000 56692.700000
42667.200000 56579.100000
42789.700000 52794.200000
44398.200000 45850.100000
44422.700000 45881.300000
44459.500000 45954.800000
44450.600000 46017.100000
44481.700000 46010.400000
44472.800000 45972.600000
44380.400000 45814.500000
44386.000000 45709.900000
42572.600000 36303.400000
43334.000000 26436.000000
43315.100000 26351.400000
41019.700000 25131.300000
41001.900000 24521.300000
40573.300000 23918.000000
40674.600000 23430.400000
41441.600000 22582.100000
41259.000000 21682.700000
41411.500000 20177.600000
41208.900000 19872.600000
41029.700000 19109.000000
40804.900000 19144.600000
40704.700000 17817.700000
40763.700000 16159.000000
40691.300000 15816.100000
40952.900000 14384.600000
40813.800000 13356.000000
41442.700000 11171.900000
41448.300000 11185.200000
41481.700000 11167.400000
41480.600000 11096.200000
41478.300000 11078.400000
