-11321.600000 147258.000000
-11765.800000 147269.000000
-12319.000000 146267.000000
-10999.900000 147304.000000
-10201.700000 146084.000000
-10446.600000 145454.000000
-12058.500000 143916.000000
-12971.400000 141765.000000
-10627.000000 141983.000000
-10561.300000 145641.000000
-9331.220000 147347.000000
-6760.850000 147120.000000
-5470.660000 149310.000000
-4368.600000 150386.000000
-1112.500000 149168.000000
-700.618000 146539.000000
696.442000 145330.000000
-1093.580000 139586.000000
-7722.650000 139332.000000
-12090.800000 139439.000000
-13342.100000 139481.000000
-14032.200000 143433.000000
-14764.700000 144183.000000
-13825.200000 142994.000000
-14297.200000 139713.000000
-14394.000000 139463.000000
-14079.000000 139615.000000
-12952.400000 139521.000000
-10153.900000 139468.000000
-8903.750000 138642.000000
-7902.990000 141912.000000
-7747.140000 143702.000000
-4002.350000 143571.000000
-1801.570000 147311.000000
-1948.510000 147033.000000
621.857000 147004.000000
1148.400000 147033.000000
2498.700000 147583.000000
1937.650000 149273.000000
274.541000 149302.000000
-1072.430000 149117.000000
-1758.150000 148260.000000
-1555.550000 147823.000000
-30.474800 147004.000000
-8505.230000 139450.000000
-6933.400000 139906.000000
-6156.390000 140071.000000
-4496.610000 139185.000000
1247.470000 148879.000000
1172.890000 152272.000000
1270.850000 153329.000000
47.448900 150279.000000
1511.300000 150401.000000
3678.690000 151067.000000
4437.890000 147988.000000
2500.930000 139089.000000
-800.806000 135024.000000
-4881.780000 134777.000000
-3404.570000 134821.000000
-3302.150000 135373.000000
-5644.320000 139167.000000
-6227.630000 137707.000000
-6833.210000 134910.000000
-11812.500000 135226.000000
-17941.800000 145071.000000
-15963.600000 144867.000000
-13422.200000 145978.000000
-11852.600000 147296.000000
-11667.800000 146214.000000
-9716.380000 145490.000000
-8756.810000 147276.000000
-6793.130000 144867.000000
-4114.790000 148812.000000
-3031.650000 149103.000000
-2741.100000 151052.000000
-2453.900000 149097.000000
-1797.120000 146922.000000
-10461.100000 151205.000000
-14360.600000 153705.000000
-10502.300000 153020.000000
-8460.700000 155466.000000
-6729.680000 156876.000000
-6460.290000 157452.000000
-5707.770000 156442.000000
-1324.010000 155869.000000
1152.850000 155941.000000
2017.800000 146988.000000
2417.440000 145922.000000
1328.740000 146897.000000
57.467600 145312.000000
-1868.360000 143611.000000
-3206.420000 142489.000000
-2821.250000 139347.000000
-2857.990000 137326.000000
-2890.270000 136567.000000
-4174.900000 139134.000000
-10985.400000 139421.000000
-8597.620000 154600.000000
-6104.070000 154494.000000
-4818.330000 154284.000000
-2610.860000 153191.000000
-2322.540000 152670.000000
1579.210000 152670.000000
4794.110000 149411.000000
5122.500000 147837.000000
4799.680000 146944.000000
4386.680000 157138.000000
1946.560000 158835.000000
1399.980000 157553.000000
1280.870000 149322.000000
1392.190000 142816.000000
-1358.520000 145339.000000
-1837.190000 145434.000000
4687.250000 141071.000000
4431.210000 137446.000000
5029.000000 133129.000000
7112.900000 129382.000000
9455.060000 122264.000000
11989.800000 114189.000000
13802.100000 106009.000000
18710.200000 106119.000000
18720.200000 106161.000000
18740.200000 106216.000000
25092.100000 106452.000000
27697.000000 101864.000000
30354.200000 92911.600000
32381.300000 86753.400000
32383.500000 86753.400000
30396.500000 92096.700000
27300.700000 102730.000000
-1219.370000 143464.000000
-9060.710000 143847.000000
-9288.920000 151853.000000
-9492.630000 150464.000000
-10783.900000 149003.000000
-13828.500000 147209.000000
-15735.400000 144945.000000
-19392.300000 144078.000000
-19617.100000 153596.000000
-22720.700000 152819.000000
-25737.500000 152833.000000
-26653.600000 154168.000000
-25806.500000 152848.000000
-23815.000000 152844.000000
-21934.800000 151098.000000
-21173.400000 149295.000000
-19517.000000 144085.000000
-16135.100000 135558.000000
-13201.800000 135427.000000
-12972.500000 137292.000000
-13343.200000 136466.000000
-14856.000000 135992.000000
-12950.200000 137088.000000
-13485.700000 136462.000000
-14877.200000 135643.000000
-14473.100000 137573.000000
-14240.400000 139456.000000
-14440.800000 139094.000000
-15551.800000 140412.000000
-16115.000000 144640.000000
-19645.000000 144052.000000
-19417.900000 143081.000000
-17391.900000 141527.000000
-15943.600000 140781.000000
-13132.800000 139483.000000
-7252.880000 140307.000000
-3640.570000 139234.000000
-3668.400000 136039.000000
-3773.040000 129943.000000
-3760.790000 124039.000000
-3789.730000 119564.000000
-2252.410000 116687.000000
-898.767000 116954.000000
-3915.520000 119305.000000
-4042.430000 114781.000000
-4442.070000 114770.000000
-4193.820000 116912.000000
-4278.430000 120837.000000
-3945.580000 123222.000000
-3823.130000 130168.000000
-4768.230000 132978.000000
-4787.160000 137522.000000
-5941.540000 139131.000000
-9213.220000 139318.000000
-8987.240000 135182.000000
-8230.270000 134868.000000
-8966.090000 137259.000000
-8966.090000 137272.000000
-8930.470000 139383.000000
-2689.900000 139102.000000
1276.420000 144490.000000
1277.530000 145886.000000
1279.760000 152590.000000
1191.810000 157927.000000
2947.320000 160917.000000
6243.490000 161743.000000
4449.020000 158185.000000
2714.660000 155974.000000
-164.058000 155907.000000
-2506.220000 155284.000000
-3481.380000 155126.000000
-2278.020000 152699.000000
-3299.930000 154119.000000
-4251.710000 154318.000000
-3708.470000 156119.000000
-3517.000000 154402.000000
-3578.230000 150809.000000
-3680.640000 147251.000000
-3702.900000 145684.000000
-7355.300000 143604.000000
-8128.970000 139316.000000
-8831.390000 137442.000000
-8943.830000 136386.000000
-14013.300000 133953.000000
-15362.500000 135453.000000
-16381.100000 137767.000000
-16746.200000 139588.000000
-17978.500000 141683.000000
-18841.200000 142798.000000
-18846.800000 142834.000000
-18908.000000 142455.000000
-18008.600000 142698.000000
-18003.000000 142749.000000
-18031.900000 142756.000000
-19411.200000 141311.000000
-19570.400000 146775.000000
-12754.300000 152939.000000
-10866.300000 152971.000000
-10641.400000 151421.000000
-10456.700000 151426.000000
-10467.800000 148556.000000
-10568.000000 142567.000000
-9589.480000 137462.000000
-8626.570000 136952.000000
-8633.250000 136756.000000
-8963.860000 137277.000000
-8952.730000 137288.000000
-8947.170000 137288.000000
-8948.280000 137270.000000
-8942.710000 137762.000000
-8180.170000 139414.000000
-3187.500000 139107.000000
586.235000 141823.000000
1278.640000 146668.000000
1265.280000 148553.000000
425.935000 152563.000000
32.977300 150090.000000
27.411400 147327.000000
-664.996000 146988.000000
-1905.090000 143569.000000
-3940.020000 143546.000000
-5959.350000 143555.000000
-6023.920000 139125.000000
-8764.600000 139298.000000
-8772.390000 136611.000000
-8899.300000 137439.000000
-7245.090000 140060.000000
-6325.590000 142090.000000
-4762.670000 143041.000000
-5691.070000 143569.000000
-5883.650000 143397.000000
-6136.350000 141238.000000
2259.370000 124900.000000
3582.960000 111727.000000
8997.540000 110326.000000
12489.600000 108049.000000
15404.000000 109077.000000
15190.200000 109414.000000
18610.000000 106032.000000
18774.700000 106123.000000
20036.000000 102581.000000
20040.400000 102590.000000
20028.200000 102525.000000
22163.300000 101637.000000
23048.300000 101036.000000
24883.900000 94220.700000
30702.600000 88327.400000
32435.900000 86118.800000
32482.600000 86875.800000
31960.500000 88478.800000
30235.100000 94935.300000
25831.300000 102670.000000
21906.100000 106052.000000
17775.100000 105967.000000
15185.800000 109440.000000
15310.500000 114779.000000
15001.000000 121565.000000
7560.400000 128883.000000
1541.360000 139704.000000
-9649.590000 151308.000000
-9215.450000 151833.000000
-9249.950000 151795.000000
-9236.600000 151853.000000
-9239.940000 151862.000000
-9225.460000 151842.000000
-9655.160000 151497.000000
-9482.610000 149279.000000
-8272.570000 147244.000000
-6061.760000 147104.000000
-3795.300000 147075.000000
-2758.920000 147026.000000
-1234.950000 145428.000000
-328.811000 143793.000000
-657.203000 143669.000000
-649.411000 143658.000000
-649.411000 143655.000000
-130.662000 142807.000000
749.875000 142133.000000
1236.340000 143333.000000
2724.680000 145955.000000
608.499000 146997.000000
-722.882000 147048.000000
1299.790000 143021.000000
2194.800000 140358.000000
4407.830000 147683.000000
4651.620000 154349.000000
6744.430000 154549.000000
4430.100000 154235.000000
3105.400000 151969.000000
2003.330000 151450.000000
1379.940000 151457.000000
155.429000 151027.000000
560.632000 150544.000000
1309.810000 147422.000000
1326.510000 143644.000000
1472.340000 142064.000000
1086.060000 142335.000000
1246.360000 149854.000000
1028.170000 155945.000000
1267.510000 154494.000000
1361.020000 152606.000000
1092.740000 153075.000000
63.033600 152784.000000
1084.950000 149894.000000
893.477000 147487.000000
-1138.100000 147458.000000
-592.638000 145777.000000
277.880000 145339.000000
2202.590000 138541.000000
8131.470000 128280.000000
15096.700000 121398.000000
15889.300000 114666.000000
15327.200000 116952.000000
10773.100000 119265.000000
7862.080000 122336.000000
6835.710000 126579.000000
6865.770000 126904.000000
5570.010000 132023.000000
3073.110000 136714.000000
286.786000 141458.000000
1240.790000 148505.000000
1268.620000 149956.000000
772.139000 149342.000000
2473.100000 148816.000000
2471.990000 148896.000000
1944.330000 148816.000000
2748.060000 146156.000000
2063.440000 143952.000000
1593.680000 142398.000000
609.612000 141707.000000
-1066.860000 135805.000000
-6338.950000 134890.000000
-9796.530000 129369.000000
-11505.300000 125054.000000
-11908.300000 124021.000000
-13403.300000 120085.000000
-14645.600000 114536.000000
-14110.200000 115187.000000
-13607.000000 117021.000000
-14765.800000 115639.000000
-14124.600000 118495.000000
-12463.700000 122852.000000
-11835.900000 124482.000000
-11044.400000 127220.000000
-11061.100000 132027.000000
-10905.300000 129024.000000
-11084.500000 125579.000000
-10909.700000 130831.000000
-10867.400000 132793.000000
-10821.800000 134445.000000
-9124.160000 135133.000000
-14305.000000 135375.000000
-14866.000000 137016.000000
-14502.000000 138882.000000
-13532.400000 139541.000000
-8911.540000 139410.000000
-6003.880000 138793.000000
-6306.670000 139225.000000
-6284.400000 139385.000000
-5718.900000 139287.000000
-5718.900000 139289.000000
-5715.560000 139287.000000
-5705.540000 139285.000000
-1501.010000 139120.000000
1246.360000 143444.000000
2645.650000 144301.000000
1251.930000 144622.000000
1258.600000 147852.000000
1283.100000 151321.000000
-968.898000 152570.000000
-2566.330000 153149.000000
-2847.970000 152942.000000
-2546.300000 152761.000000
-1725.870000 154298.000000
-1409.720000 154482.000000
-934.389000 152659.000000
1208.510000 153069.000000
824.459000 155941.000000
1279.760000 155400.000000
1710.560000 155979.000000
4767.400000 156039.000000
4056.060000 154351.000000
2997.420000 157969.000000
1765.110000 158525.000000
1267.510000 157853.000000
1302.020000 155377.000000
1280.870000 151141.000000
96.429500 146968.000000
-1685.800000 146873.000000
-338.830000 145354.000000
1946.560000 141416.000000
3010.770000 137987.000000
1493.490000 141609.000000
571.764000 143684.000000
-326.585000 145354.000000
579.556000 145256.000000
865.647000 147169.000000
1263.060000 153033.000000
1762.880000 154342.000000
1296.450000 150502.000000
1204.060000 151463.000000
2095.730000 151468.000000
1338.750000 147046.000000
594.028000 145526.000000
221.107000 141307.000000
258.956000 138455.000000
-95.040100 142239.000000
-264.246000 145379.000000
1254.150000 147990.000000
2823.760000 152091.000000
1338.750000 151882.000000
1296.450000 143562.000000
584.009000 141754.000000
-2010.850000 141251.000000
-2422.730000 139136.000000
718.705000 142039.000000
1093.850000 142516.000000
110.901000 140754.000000
193.277000 140599.000000
1208.510000 145314.000000
-5939.310000 147062.000000
-6006.110000 147004.000000
-6287.740000 143680.000000
-6240.990000 143065.000000
-4833.910000 139256.000000
-4741.520000 133387.000000
-4536.690000 126543.000000
-3794.190000 119581.000000
-14300.500000 117965.000000
-12386.900000 119147.000000
-9720.840000 118555.000000
-9936.800000 118444.000000
-7464.390000 117346.000000
-3716.260000 116424.000000
-1400.820000 114483.000000
2357.330000 113172.000000
8174.880000 110674.000000
10815.400000 107234.000000
15045.500000 105947.000000
18718.000000 106152.000000
18726.900000 106192.000000
18750.200000 106203.000000
18778.100000 106125.000000
28002.000000 101131.000000
30498.900000 90360.100000
32381.300000 86751.100000
32386.900000 86751.100000
32383.500000 86860.200000
30050.300000 96322.400000
24892.800000 103331.000000
20037.100000 106014.000000
15963.900000 105891.000000
12458.500000 108325.000000
11679.200000 117553.000000
9323.700000 122716.000000
6794.520000 126136.000000
3041.940000 127131.000000
2319.480000 127612.000000
1514.640000 131139.000000
824.459000 131907.000000
822.233000 131929.000000
811.101000 131889.000000
816.667000 131893.000000
821.119000 131911.000000
809.987000 132866.000000
1802.960000 134975.000000
2156.950000 138668.000000
4403.380000 148338.000000
4270.910000 152908.000000
4378.890000 157813.000000
2460.860000 160718.000000
1222.980000 160859.000000
91.976700 159810.000000
1245.250000 157032.000000
2616.700000 152579.000000
3084.240000 152347.000000
-874.277000 152550.000000
-4099.200000 152416.000000
-4211.630000 151361.000000
-3819.790000 152254.000000
-2653.160000 151080.000000
-3598.260000 150862.000000
-3681.750000 147267.000000
-3688.430000 147077.000000
-4644.670000 145205.000000
-3710.700000 141344.000000
-3099.550000 143537.000000
-1619.000000 145443.000000
1191.810000 145332.000000
207.749000 142711.000000
189.938000 142734.000000
172.127000 142273.000000
1237.450000 143451.000000
356.917000 145034.000000
-697.279000 146997.000000
-1106.930000 148090.000000
-47.172700 149484.000000
1224.100000 155562.000000
1945.450000 158503.000000
1945.450000 160175.000000
2299.440000 163479.000000
3955.880000 166222.000000
2784.800000 163882.000000
493.840000 162776.000000
-3734.070000 164025.000000
-3768.580000 166581.000000
-7294.070000 156048.000000
-7851.780000 153915.000000
-8204.660000 153071.000000
-8211.340000 153033.000000
-8220.250000 153004.000000
-8291.490000 153578.000000
-8456.250000 154803.000000
-8449.570000 158009.000000
-8538.620000 162602.000000
-8835.850000 165481.000000
-7618.010000 161066.000000
-1968.550000 161039.000000
-1258.330000 161774.000000
-1293.950000 163350.000000
3584.070000 168206.000000
6309.170000 174749.000000
5769.270000 176239.000000
2964.020000 169945.000000
2946.210000 164185.000000
2329.500000 163510.000000
3452.710000 160923.000000
12334.900000 161524.000000
12783.500000 162684.000000
9477.320000 161231.000000
3343.620000 160848.000000
3027.470000 157087.000000
3008.550000 156446.000000
3053.080000 154565.000000
3080.910000 153311.000000
3117.640000 152029.000000
3056.410000 152563.000000
1892.010000 154774.000000
2662.340000 154382.000000
3092.040000 153663.000000
-1595.630000 152599.000000
-4701.440000 152730.000000
-7353.070000 152897.000000
-10509.000000 152781.000000
-11021.000000 154901.000000
-14159.100000 155106.000000
-14062.300000 152866.000000
-14115.700000 154816.000000
-13094.900000 152893.000000
-11793.600000 150421.000000
-9821.020000 150838.000000
-9512.670000 149707.000000
-7946.400000 147224.000000
-5177.890000 147084.000000
-3337.780000 147046.000000
-2709.930000 147712.000000
-815.277000 145363.000000
-445.696000 143377.000000
4487.980000 134443.000000
11339.700000 126038.000000
15370.600000 116427.000000
15546.500000 110386.000000
19975.900000 102592.000000
20032.600000 102510.000000
20022.600000 103476.000000
21211.500000 103215.000000
19935.800000 103438.000000
20039.300000 102572.000000
20034.900000 102550.000000
22461.600000 101675.000000
26283.200000 94227.400000
31429.500000 86475.100000
32437.000000 86114.400000
32435.900000 86118.800000
32428.100000 86107.700000
29050.600000 94238.500000
23895.400000 100343.000000
20986.600000 101372.000000
19886.800000 103086.000000
20022.600000 102583.000000
22008.600000 101608.000000
23905.400000 100154.000000
27506.600000 94392.100000
28642.100000 94191.700000
28643.200000 94196.200000
30544.500000 89518.500000
30574.600000 86911.400000
30567.900000 87065.100000
30779.400000 86742.200000
32433.600000 86125.500000
32236.600000 86047.600000
30592.400000 86938.200000
30594.600000 86933.700000
32432.500000 86154.500000
32431.400000 86161.100000
30551.200000 89246.900000
30396.500000 92183.500000
31732.300000 86134.400000
32302.300000 86121.100000
30429.900000 91435.500000
27595.700000 94358.700000
24613.400000 96041.900000
22383.700000 101626.000000
19896.800000 102913.000000
19939.100000 102567.000000
19931.300000 102489.000000
20512.400000 101236.000000
25486.200000 94214.000000
30310.800000 93733.100000
31657.700000 86219.000000
35046.300000 78941.000000
34104.500000 79508.700000
34102.300000 79524.300000
33964.300000 81421.200000
32442.500000 86158.900000
32381.300000 86771.200000
32381.300000 86744.500000
32379.100000 86740.000000
32379.100000 86769.000000
30618.000000 88763.800000
27881.800000 94349.800000
21335.100000 94111.600000
16654.100000 99947.000000
12529.700000 107837.000000
11699.300000 117458.000000
9217.950000 123117.000000
6777.830000 125922.000000
5073.520000 129589.000000
3172.190000 130892.000000
2249.350000 132488.000000
2611.140000 136008.000000
189.938000 141690.000000
1268.620000 151590.000000
-4257.280000 152663.000000
-5829.110000 154507.000000
-3787.510000 153625.000000
-3297.700000 157973.000000
-3126.270000 163887.000000
-1266.120000 163766.000000
-1260.560000 162212.000000
-1141.440000 161128.000000
-325.471000 158574.000000
-2338.130000 149066.000000
-4376.390000 149615.000000
-2049.810000 147986.000000
99.769000 147022.000000
2916.150000 147013.000000
2825.980000 149072.000000
1212.960000 153710.000000
-1165.930000 156179.000000
1129.470000 155958.000000
1663.810000 155936.000000
1316.490000 150871.000000
1308.700000 145488.000000
493.840000 145312.000000
-175.190000 143186.000000
900.156000 142286.000000
814.440000 141458.000000
-1792.660000 143914.000000
-2613.090000 143393.000000
-3537.040000 143582.000000
-1547.760000 145479.000000
-1753.700000 146897.000000
-2847.970000 143451.000000
-6004.990000 143564.000000
-5757.860000 142540.000000
-5357.110000 139937.000000
-4723.700000 141845.000000
-4701.440000 142157.000000
-4709.230000 143045.000000
-5725.580000 143057.000000
-6110.750000 143457.000000
-8687.790000 144533.000000
-7852.900000 142959.000000
-6527.080000 139321.000000
-4755.990000 137747.000000
-5429.470000 134503.000000
-5681.050000 130074.000000
-10615.800000 127389.000000
-17414.100000 129035.000000
-20297.300000 125203.000000
-22568.200000 121986.000000
-22593.800000 123798.000000
-22667.300000 122696.000000
-20595.600000 124862.000000
-18915.800000 126971.000000
-16333.200000 126583.000000
-14547.600000 125424.000000
-12797.700000 124166.000000
-13725.000000 121534.000000
-11678.900000 124840.000000
-10958.700000 127755.000000
-10891.900000 130482.000000
-11896.000000 133779.000000
-10718.300000 137479.000000
-8602.080000 137232.000000
-8893.730000 139984.000000
-9091.880000 143849.000000
-10474.500000 150335.000000
-12217.700000 151383.000000
-14395.100000 152018.000000
-16982.200000 150508.000000
-17098.000000 148919.000000
-17632.300000 143773.000000
-18380.400000 142491.000000
-14123.500000 139583.000000
-11835.900000 137499.000000
-10808.400000 138708.000000
