38.543300 161573.000000
36.316900 161593.000000
-607.110000 160295.000000
-555.903000 159944.000000
-567.035000 161620.000000
-946.634000 162724.000000
-687.260000 162121.000000
-583.733000 157138.000000
1198.490000 153630.000000
769.912000 151610.000000
773.252000 151092.000000
620.744000 151377.000000
1241.910000 154549.000000
2482.010000 155814.000000
1954.350000 155934.000000
1935.430000 155996.000000
1709.450000 155987.000000
1292.000000 148763.000000
1366.580000 143508.000000
2030.050000 143299.000000
2058.990000 143854.000000
1985.520000 143753.000000
-837.541000 139922.000000
-7044.720000 139301.000000
-12348.000000 139430.000000
-13487.900000 140458.000000
-7954.200000 135160.000000
-7334.150000 131564.000000
-7498.900000 132755.000000
-7503.350000 132759.000000
-7430.990000 132733.000000
-9346.800000 133657.000000
-8992.810000 134888.000000
-8923.790000 135131.000000
-7316.340000 135019.000000
-7285.170000 135091.000000
-7059.190000 135039.000000
-8713.400000 139276.000000
-14051.200000 139657.000000
-10596.900000 137455.000000
-8391.680000 137459.000000
-8213.570000 137455.000000
-7679.240000 135104.000000
-6960.110000 135968.000000
-6982.380000 133441.000000
-6987.940000 135636.000000
-6849.910000 135010.000000
-6676.250000 135039.000000
-4778.250000 138984.000000
-4703.670000 141975.000000
-2894.730000 143531.000000
-1224.930000 145405.000000
34.090500 145356.000000
1337.640000 143544.000000
1984.410000 141868.000000
3218.940000 138539.000000
4397.810000 135233.000000
4395.590000 134944.000000
6896.940000 129747.000000
9253.570000 123121.000000
11744.900000 117204.000000
12662.200000 107292.000000
17835.200000 105996.000000
19019.600000 105880.000000
19992.600000 103692.000000
19989.200000 103685.000000
19994.800000 103701.000000
19997.000000 103703.000000
19998.100000 103707.000000
19975.900000 103649.000000
20012.600000 103710.000000
19952.500000 103460.000000
19994.800000 103618.000000
19980.300000 103625.000000
19990.300000 103656.000000
19980.300000 103565.000000
20011.500000 103672.000000
20013.700000 103652.000000
19970.300000 103618.000000
20001.500000 103665.000000
20004.800000 103672.000000
19968.100000 103652.000000
19999.200000 103674.000000
19922.400000 103725.000000
20292.000000 103113.000000
20268.600000 103055.000000
18638.900000 101294.000000
18371.800000 101628.000000
18375.100000 101635.000000
18376.200000 101637.000000
18375.100000 101639.000000
18372.900000 101635.000000
18370.600000 101635.000000
18370.600000 101632.000000
18369.500000 101632.000000
18368.400000 101630.000000
18368.400000 101626.000000
18369.500000 101626.000000
18367.300000 101643.000000
18365.100000 101641.000000
18362.800000 101630.000000
18359.500000 101623.000000
18360.600000 101626.000000
18361.700000 101626.000000
18361.700000 101623.000000
18364.000000 101619.000000
18364.000000 101621.000000
18368.400000 101621.000000
18370.600000 101621.000000
18371.800000 101621.000000
18370.600000 101621.000000
18371.800000 101621.000000
18371.800000 101628.000000
18371.800000 101626.000000
18370.600000 101626.000000
18370.600000 101621.000000
18369.500000 101621.000000
17737.200000 103353.000000
17924.200000 105978.000000
15362.800000 106123.000000
15380.600000 112250.000000
15130.100000 114844.000000
15331.600000 114826.000000
13982.400000 123654.000000
5316.200000 132857.000000
4336.590000 152650.000000
5285.030000 152768.000000
6678.750000 152944.000000
6748.880000 152917.000000
6734.410000 152741.000000
-1853.890000 137315.000000
-1857.230000 137308.000000
-1859.450000 137310.000000
-2018.640000 137321.000000
-3483.610000 139067.000000
-7964.210000 143390.000000
-7930.820000 145047.000000
-7879.610000 144775.000000
-9907.850000 144401.000000
-13032.600000 145962.000000
-14053.400000 143640.000000
-14002.200000 143157.000000
42647.200000 177265.000000
-14037.800000 142890.000000
-14082.300000 142531.000000
-14554.300000 138597.000000
-16011.500000 136930.000000
-15797.800000 136883.000000
-13965.400000 137542.000000
-12333.500000 137526.000000
-11671.200000 137989.000000
-9485.950000 137491.000000
-9431.410000 138321.000000
-9434.750000 138871.000000
-9425.840000 138299.000000
-9415.820000 138265.000000
-10183.900000 137428.000000
-10839.600000 132087.000000
-10905.300000 129449.000000
-10804.000000 134966.000000
-10750.500000 141113.000000
-10460.000000 144713.000000
-10521.200000 146405.000000
-10535.700000 147229.000000
-7582.390000 147151.000000
-4401.990000 148905.000000
-4545.590000 147492.000000
-4574.540000 147371.000000
-4597.910000 147240.000000
-4625.740000 145561.000000
-2453.900000 145403.000000
-1831.620000 148923.000000
-1190.420000 149112.000000
-0.418499 149642.000000
-12.663600 150867.000000
-11.550400 152176.000000
-36.040700 152274.000000
-21.569200 152191.000000
-57.191400 152283.000000
17.392600 152158.000000
-13.776800 152496.000000
1306.470000 151461.000000
1286.430000 148264.000000
1433.380000 144368.000000
5.147480 146868.000000
95.316300 149324.000000
391.426000 151080.000000
6.260670 152398.000000
3152.150000 152688.000000
4306.530000 154645.000000
4160.700000 154663.000000
3115.410000 154402.000000
2618.930000 155965.000000
2356.220000 155976.000000
-978.917000 155901.000000
-3486.940000 155869.000000
-3965.620000 154262.000000
-4799.400000 153712.000000
-4587.890000 152806.000000
-4304.030000 152810.000000
-4457.650000 152692.000000
-4649.120000 152766.000000
-5082.150000 152746.000000
-5308.130000 149428.000000
-6753.060000 149553.000000
-6891.090000 149500.000000
-7147.130000 149493.000000
-7423.200000 149475.000000
-7809.480000 148340.000000
-7825.070000 147318.000000
-7854.010000 147178.000000
-9085.200000 147282.000000
-10545.700000 145394.000000
-16164.000000 144624.000000
-17997.400000 142834.000000
-17991.900000 141529.000000
-18030.800000 141300.000000
-17212.600000 145347.000000
-18350.300000 149070.000000
-20381.900000 150559.000000
-22135.200000 151047.000000
-22875.500000 150842.000000
-21163.400000 150557.000000
-19555.900000 150557.000000
-17171.400000 149164.000000
-15957.000000 149184.000000
-14163.600000 145862.000000
-13450.000000 145982.000000
-13258.600000 145973.000000
-6261.030000 134939.000000
-1794.890000 135919.000000
-1464.270000 135957.000000
-2358.170000 135941.000000
-3727.400000 137390.000000
-3630.550000 137237.000000
-3188.610000 135137.000000
-2508.450000 134772.000000
-1881.720000 136767.000000
74.165600 137337.000000
3614.130000 135763.000000
4240.850000 134650.000000
6333.660000 130747.000000
9301.440000 122890.000000
11899.600000 115383.000000
13067.400000 108418.000000
17849.700000 104280.000000
18360.600000 101628.000000
18364.000000 101628.000000
18365.100000 101626.000000
18366.200000 101626.000000
18365.100000 101628.000000
18367.300000 101626.000000
18367.300000 101623.000000
18368.400000 101623.000000
18367.300000 101623.000000
18368.400000 101623.000000
18368.400000 101628.000000
18367.300000 101630.000000
18366.200000 101628.000000
-1907.320000 137344.000000
18369.500000 101632.000000
18368.400000 101637.000000
18369.500000 101639.000000
18367.300000 101635.000000
18368.400000 101635.000000
18368.400000 101632.000000
18369.500000 101632.000000
18370.600000 101668.000000
18379.500000 101628.000000
18380.700000 101628.000000
18377.300000 101626.000000
18376.200000 101623.000000
18375.100000 101621.000000
18374.000000 101619.000000
18378.400000 101621.000000
18376.200000 101619.000000
18372.900000 101619.000000
18371.800000 101619.000000
18369.500000 101621.000000
18361.700000 101684.000000
18358.400000 101655.000000
18358.400000 101650.000000
18360.600000 101648.000000
18362.800000 101646.000000
18361.700000 101643.000000
18360.600000 101641.000000
18358.400000 101641.000000
18359.500000 101639.000000
19978.100000 103079.000000
19929.100000 104375.000000
19048.600000 105874.000000
19044.100000 105869.000000
18828.200000 106003.000000
17671.600000 105954.000000
15164.600000 109117.000000
15112.300000 112384.000000
15389.500000 115334.000000
15957.200000 118971.000000
16112.000000 121287.000000
16107.500000 121285.000000
16115.300000 121358.000000
18431.900000 122536.000000
18463.000000 122458.000000
15832.600000 121523.000000
16240.000000 122059.000000
15298.200000 121200.000000
13609.500000 122667.000000
12547.500000 125461.000000
8870.630000 128064.000000
7089.520000 129349.000000
5191.520000 131201.000000
5200.430000 131230.000000
5198.200000 131221.000000
4659.420000 130480.000000
2486.460000 131804.000000
1413.340000 133361.000000
1128.360000 134612.000000
1029.290000 134663.000000
1614.830000 137967.000000
4417.850000 147097.000000
3132.110000 152626.000000
2801.490000 153042.000000
3059.750000 153191.000000
3038.600000 156306.000000
3134.340000 156695.000000
4272.020000 156012.000000
4422.300000 153552.000000
4249.760000 141819.000000
5755.910000 132118.000000
13596.100000 124188.000000
15435.100000 115037.000000
15860.400000 114583.000000
15444.000000 115260.000000
16040.700000 120254.000000
16532.800000 121739.000000
15390.600000 124148.000000
2011.120000 132806.000000
781.044000 132911.000000
-2367.070000 133643.000000
-3660.600000 133361.000000
-6249.890000 137433.000000
-7297.410000 138343.000000
-6926.720000 138789.000000
-12305.700000 139436.000000
-15308.000000 136600.000000
-15297.900000 136491.000000
-15338.000000 136624.000000
-15223.400000 136366.000000
-15606.300000 151459.000000
-15604.100000 152361.000000
-15548.400000 145356.000000
-14002.200000 143168.000000
-13986.600000 143177.000000
-14031.100000 143199.000000
-14057.800000 142754.000000
-14071.200000 142622.000000
-13854.100000 147725.000000
-12864.500000 150114.000000
-11725.700000 151225.000000
-13856.400000 152853.000000
-17134.700000 152781.000000
-19034.900000 152786.000000
-19650.500000 152806.000000
-20429.800000 152824.000000
-21925.900000 152249.000000
-21940.400000 148723.000000
-7781.650000 169791.000000
-5485.130000 170875.000000
-5320.380000 175675.000000
-4348.560000 175666.000000
-3763.020000 175535.000000
-3705.130000 175586.000000
-5343.750000 173039.000000
-5322.600000 169526.000000
-4892.910000 166589.000000
-5196.810000 165403.000000
-5253.590000 165243.000000
-5293.660000 165165.000000
-5728.920000 158212.000000
-6129.670000 158212.000000
-6111.860000 158207.000000
-6264.370000 156724.000000
-5546.360000 154823.000000
1955.460000 161079.000000
-4865.080000 154264.000000
-4840.590000 153966.000000
-4821.670000 153552.000000
-4869.530000 150130.000000
-4891.800000 147322.000000
-4615.720000 147022.000000
-4525.560000 145450.000000
-4653.570000 143433.000000
-4652.460000 143433.000000
-4570.080000 143065.000000
-7395.370000 143624.000000
-8868.130000 143729.000000
-10560.200000 145040.000000
-10525.700000 146563.000000
-10490.100000 148910.000000
-9669.630000 150401.000000
-9066.280000 150657.000000
-9287.800000 150860.000000
-10405.500000 150413.000000
-11224.800000 150713.000000
-11132.400000 150415.000000
-10663.700000 150388.000000
-10649.200000 150439.000000
-10635.900000 150450.000000
-11681.200000 150408.000000
-12877.900000 151203.000000
-13681.600000 152042.000000
-14710.200000 151982.000000
-15804.400000 151606.000000
-16349.900000 151595.000000
-16656.000000 151584.000000
-17044.500000 151597.000000
-16473.500000 151074.000000
-16485.700000 151203.000000
-16482.400000 152314.000000
-18871.300000 152821.000000
-20554.400000 152824.000000
-23850.600000 153547.000000
-24676.600000 155678.000000
-24678.800000 155685.000000
-25481.400000 153950.000000
-25481.400000 152873.000000
-23841.700000 153621.000000
-23151.500000 153750.000000
-20717.000000 153630.000000
-19573.700000 152436.000000
-19573.700000 152363.000000
-16680.500000 149208.000000
-15522.800000 149248.000000
-13869.700000 147329.000000
-13873.100000 147104.000000
-13680.500000 142972.000000
-12759.900000 142845.000000
-12110.900000 139630.000000
-8987.240000 139456.000000
-8918.220000 139145.000000
-8892.620000 139042.000000
1483.470000 141347.000000
3064.210000 138797.000000
3133.230000 136624.000000
4245.310000 134654.000000
4243.080000 134663.000000
6280.230000 130843.000000
8626.840000 125188.000000
11761.600000 116997.000000
13391.300000 106052.000000
22368.100000 103222.000000
26279.900000 102719.000000
27318.500000 104812.000000
21214.900000 106027.000000
19018.500000 105876.000000
18358.400000 101652.000000
18355.100000 101652.000000
18353.900000 101652.000000
18357.300000 101646.000000
18356.200000 101646.000000
18358.400000 101643.000000
18358.400000 101639.000000
18359.500000 101641.000000
18360.600000 101641.000000
18360.600000 101637.000000
18361.700000 101637.000000
18361.700000 101632.000000
18362.800000 101635.000000
18362.800000 101632.000000
18364.000000 101632.000000
18364.000000 101630.000000
18365.100000 101628.000000
18366.200000 101630.000000
18364.000000 101630.000000
18364.000000 101628.000000
18365.100000 101628.000000
18366.200000 101630.000000
18365.100000 101630.000000
18366.200000 101630.000000
18364.000000 101626.000000
17770.600000 103614.000000
15324.900000 106279.000000
14759.400000 113946.000000
15500.800000 117433.000000
16241.100000 122106.000000
16208.800000 121616.000000
15873.700000 122164.000000
14106.000000 124244.000000
7291.010000 129536.000000
4423.420000 134723.000000
2930.620000 134000.000000
1151.740000 134598.000000
1146.170000 134621.000000
1293.110000 134603.000000
2604.460000 136019.000000
150.976000 137304.000000
-2019.750000 137326.000000
-766.297000 140102.000000
-1981.910000 141284.000000
-2321.430000 142495.000000
-3539.270000 141503.000000
-3648.360000 140046.000000
-1779.300000 139071.000000
2900.570000 137328.000000
9489.570000 127314.000000
15070.000000 121576.000000
15867.100000 114461.000000
15868.200000 114470.000000
15391.700000 115964.000000
15891.600000 119993.000000
15867.100000 122175.000000
13973.500000 124326.000000
10481.400000 126904.000000
7249.820000 129614.000000
4869.810000 133928.000000
1090.510000 140438.000000
-3937.790000 139131.000000
-8741.220000 139334.000000
-8880.370000 139165.000000
-8966.090000 139165.000000
-9414.710000 138608.000000
-9421.390000 138234.000000
-7760.500000 137437.000000
-6727.460000 137373.000000
-4802.740000 137767.000000
-4760.440000 139993.000000
-4631.310000 143502.000000
-4681.400000 143244.000000
-4784.930000 138829.000000
-4755.990000 133154.000000
-4204.960000 132040.000000
-2998.250000 133189.000000
-3056.140000 133162.000000
-3724.060000 134699.000000
-7736.010000 138435.000000
-10021.400000 144488.000000
-9655.160000 151321.000000
-9210.990000 151797.000000
-9238.820000 151777.000000
-8526.380000 152018.000000
-8479.620000 152280.000000
-8536.400000 152345.000000
-8477.400000 154128.000000
-8425.080000 155426.000000
-8450.680000 158107.000000
-8540.850000 162618.000000
-9492.630000 165683.000000
-11153.500000 166797.000000
-10996.600000 167387.000000
-10738.300000 166184.000000
-7334.150000 164107.000000
-713.976000 163675.000000
1270.850000 156181.000000
3034.150000 156292.000000
-7229.510000 139281.000000
3076.450000 153567.000000
-720.656000 153643.000000
-1468.720000 151597.000000
-1406.380000 151595.000000
31.864200 149880.000000
27.411400 147959.000000
69.712800 146525.000000
270.088000 146648.000000
260.069000 146957.000000
241.145000 146982.000000
21.845400 148415.000000
-433.451000 149362.000000
-1261.670000 150159.000000
-469.074000 149604.000000
1247.470000 150310.000000
2192.580000 152701.000000
4299.850000 160832.000000
2379.590000 168043.000000
2188.120000 167039.000000
2073.460000 166874.000000
2021.140000 166663.000000
-332.151000 163619.000000
-1277.250000 162451.000000
-814.164000 154485.000000
3083.130000 152926.000000
2395.180000 152552.000000
1809.640000 152606.000000
10.713400 149880.000000
8.487060 149511.000000
-465.734000 149395.000000
-481.319000 149889.000000
-715.090000 152454.000000
-248.661000 153538.000000
-720.656000 153202.000000
-171.851000 152650.000000
140.957000 152837.000000
1295.340000 146180.000000
1132.810000 143615.000000
990.325000 143667.000000
1265.280000 148718.000000
-362.207000 155925.000000
-3415.700000 156034.000000
-6021.690000 156566.000000
-8236.950000 156840.000000
-8411.720000 155319.000000
-8442.890000 154823.000000
-8426.190000 153314.000000
-8457.360000 152960.000000
-8461.810000 152603.000000
-8823.600000 152895.000000
-10443.300000 153155.000000
-11859.300000 156724.000000
-12660.800000 159040.000000
-12370.200000 159899.000000
-9757.570000 156920.000000
-8484.080000 156922.000000
-8401.700000 155745.000000
-8399.470000 154892.000000
-8405.040000 154807.000000
-6131.900000 156555.000000
-2502.880000 155987.000000
1080.490000 158005.000000
2342.860000 158016.000000
2998.530000 156655.000000
3047.510000 156348.000000
5725.860000 156054.000000
6080.970000 155562.000000
5082.430000 154342.000000
5165.920000 152759.000000
3126.550000 152574.000000
3114.300000 152294.000000
3135.450000 148291.000000
2220.410000 147431.000000
1138.380000 146988.000000
257.843000 146973.000000
29.637800 146205.000000
-1241.630000 145336.000000
-1230.500000 145327.000000
-1234.950000 145274.000000
-1237.180000 145276.000000
-1222.710000 145296.000000
-1234.950000 145299.000000
-1244.970000 145292.000000
-1260.560000 145307.000000
-1067.970000 145381.000000
-828.636000 145370.000000
-1241.630000 145301.000000
-1076.880000 144455.000000
2720.230000 137368.000000
5012.300000 133156.000000
8235.000000 126339.000000
11739.300000 117308.000000
12803.500000 106806.000000
22403.700000 106081.000000
24347.400000 104707.000000
22334.700000 101641.000000
18374.000000 101681.000000
18360.600000 101623.000000
18359.500000 101626.000000
18360.600000 101626.000000
18361.700000 101628.000000
18361.700000 101632.000000
18360.600000 101632.000000
18360.600000 101635.000000
18360.600000 101632.000000
18359.500000 101630.000000
18359.500000 101632.000000
18362.800000 101630.000000
18362.800000 101628.000000
18362.800000 101630.000000
18361.700000 101630.000000
18361.700000 101626.000000
18364.000000 101626.000000
18364.000000 101623.000000
18361.700000 101623.000000
18360.600000 101626.000000
18613.300000 101828.000000
19486.100000 106009.000000
19024.100000 105869.000000
18170.300000 105967.000000
15435.100000 108191.000000
15196.900000 114343.000000
16089.700000 121249.000000
16094.200000 121262.000000
16143.100000 121683.000000
14521.200000 120770.000000
11378.700000 125987.000000
3471.640000 128968.000000
1385.510000 130061.000000
1937.650000 131811.000000
1393.300000 132686.000000
-117.304000 141963.000000
-949.974000 142366.000000
-1268.350000 142297.000000
-1175.950000 142308.000000
3134.340000 131141.000000
2506.500000 135745.000000
2605.570000 136021.000000
-520.281000 144644.000000
-3037.210000 145417.000000
-4499.950000 145412.000000
-4669.160000 143435.000000
-4524.440000 139229.000000
-3596.040000 138130.000000
-3647.250000 136070.000000
-1295.060000 134739.000000
3503.920000 135990.000000
5248.300000 132711.000000
4546.980000 130607.000000
3176.640000 131715.000000
4220.820000 134647.000000
4397.810000 142896.000000
2357.330000 153367.000000
-3264.310000 156027.000000
-6051.750000 156573.000000
-8423.960000 156671.000000
-8154.570000 154618.000000
-8427.300000 155435.000000
-10374.300000 152470.000000
-11192.500000 150408.000000
-11542.000000 150372.000000
-10806.200000 148444.000000
-15556.200000 145316.000000
-13820.700000 144156.000000
-13619.200000 144085.000000
-15614.100000 145007.000000
-15664.200000 155288.000000
-14379.600000 155275.000000
-14028.900000 152888.000000
-11325.000000 152948.000000
-11092.300000 152946.000000
-11267.100000 160563.000000
-4023.500000 160721.000000
-2078.750000 163016.000000
-2163.360000 162700.000000
-1753.700000 158777.000000
-1393.030000 158033.000000
-1741.460000 158650.000000
-1253.880000 162014.000000
-4010.150000 164120.000000
-4180.470000 166187.000000
-2340.350000 165757.000000
-877.616000 166089.000000
-1251.650000 165116.000000
-252.001000 163913.000000
-490.224000 163942.000000
-3150.760000 163312.000000
-3480.270000 156589.000000
-4247.260000 154674.000000
-4256.160000 154583.000000
-4298.460000 152296.000000
-4256.160000 152189.000000
-2151.110000 152710.000000
-32.701200 151428.000000
24.071800 150642.000000
-710.637000 146599.000000
588.462000 145020.000000
454.878000 143807.000000
447.086000 143682.000000
410.350000 143778.000000
420.369000 143765.000000
-30.474800 143793.000000
3240.090000 136437.000000
7191.930000 129226.000000
11934.100000 114917.000000
12238.000000 111275.000000
12480.700000 108040.000000
16886.700000 105972.000000
19037.400000 105889.000000
18367.300000 101643.000000
18361.700000 101646.000000
18385.100000 101641.000000
18377.300000 101646.000000
18374.000000 101646.000000
19931.300000 102561.000000
20221.900000 103102.000000
21372.900000 103295.000000
22090.900000 103333.000000
22090.900000 103338.000000
22093.200000 103342.000000
22090.900000 103340.000000
22084.300000 103331.000000
22059.800000 103182.000000
22086.500000 103320.000000
22089.800000 103333.000000
22089.800000 103331.000000
22089.800000 103333.000000
22090.900000 103331.000000
20624.900000 102966.000000
20225.200000 103062.000000
20226.300000 103057.000000
20227.400000 103059.000000
20228.600000 103057.000000
20229.700000 103057.000000
20230.800000 103059.000000
20229.700000 103059.000000
20231.900000 103075.000000
20234.100000 103068.000000
20221.900000 103077.000000
20223.000000 103077.000000
20219.700000 103073.000000
20217.400000 103064.000000
20214.100000 103057.000000
20213.000000 103057.000000
20225.200000 103117.000000
20228.600000 103073.000000
19852.300000 103433.000000
18493.100000 101626.000000
18367.300000 101637.000000
18368.400000 101643.000000
18367.300000 101643.000000
18366.200000 101637.000000
18368.400000 101623.000000
18367.300000 101621.000000
18368.400000 101619.000000
18368.400000 101621.000000
18369.500000 101623.000000
18370.600000 101621.000000
18369.500000 101621.000000
18370.600000 101623.000000
18369.500000 101623.000000
18369.500000 136333.000000
18370.600000 101626.000000
18429.600000 101548.000000
18388.400000 101592.000000
18389.600000 101588.000000
18376.200000 101603.000000
18371.800000 101612.000000
18372.900000 101612.000000
18370.600000 101608.000000
18370.600000 101612.000000
18369.500000 101612.000000
18369.500000 101615.000000
18367.300000 101615.000000
18367.300000 101617.000000
18337.200000 101637.000000
18357.300000 101635.000000
18358.400000 101630.000000
18359.500000 101632.000000
18358.400000 101637.000000
18361.700000 101637.000000
18361.700000 101632.000000
18364.000000 101630.000000
18365.100000 101628.000000
18364.000000 101626.000000
18365.100000 101628.000000
18349.500000 101601.000000
18372.900000 101619.000000
18366.200000 101628.000000
18366.200000 101632.000000
18365.100000 101632.000000
18364.000000 101632.000000
18359.500000 101650.000000
20224.100000 103039.000000
18060.100000 105976.000000
15353.900000 105787.000000
15300.400000 111046.000000
15853.700000 114712.000000
16107.500000 121231.000000
15955.000000 121271.000000
13257.700000 124900.000000
9344.850000 127343.000000
1947.670000 128679.000000
1403.320000 132063.000000
1403.320000 132060.000000
2168.090000 133759.000000
1889.790000 134507.000000
2272.730000 135616.000000
562.858000 141166.000000
-858.692000 143370.000000
-710.637000 143831.000000
-713.976000 146352.000000
-463.508000 149466.000000
-1102.480000 148440.000000
-1548.870000 154048.000000
-2122.170000 160970.000000
-9028.430000 161224.000000
-13987.700000 161620.000000
-18608.600000 163216.000000
-18205.600000 167736.000000
-17716.900000 162103.000000
-11858.200000 161660.000000
-10049.200000 162121.000000
-10098.200000 161402.000000
-10401.000000 153988.000000
-9665.180000 147327.000000
-6815.400000 147117.000000
-5992.750000 147405.000000
-4760.440000 147093.000000
-4340.770000 145412.000000
-5918.160000 147075.000000
-7581.280000 149484.000000
-8213.570000 152044.000000
-8022.100000 151846.000000
-2519.580000 152666.000000
-176.303000 153721.000000
-632.713000 152937.000000
-404.508000 150617.000000
-464.621000 149201.000000
-487.998000 149290.000000
-1852.770000 149322.000000
-592.638000 155956.000000
912.401000 156052.000000
2553.250000 155990.000000
2567.720000 155967.000000
2555.480000 155965.000000
882.345000 152305.000000
940.231000 151726.000000
-1018.990000 151212.000000
-1016.770000 151034.000000
834.478000 149319.000000
2803.720000 149575.000000
1316.490000 149143.000000
1298.680000 149048.000000
2323.930000 147728.000000
2303.890000 147743.000000
1258.600000 146875.000000
1890.900000 147249.000000
2598.890000 144971.000000
2365.120000 147970.000000
1868.640000 147191.000000
-764.070000 146991.000000
-2878.030000 143435.000000
-4438.730000 143529.000000
-4550.050000 143488.000000
-4672.500000 143370.000000
-4636.880000 143272.000000
-4646.890000 143141.000000
-3589.360000 141318.000000
-1630.140000 142794.000000
-1716.970000 142342.000000
-1809.360000 142295.000000
-1798.230000 141805.000000
-1283.930000 142302.000000
-1369.650000 142422.000000
-4530.010000 141389.000000
-4680.290000 142473.000000
-5311.470000 143106.000000
-5618.710000 143097.000000
-4722.590000 143275.000000
-7894.080000 143114.000000
-7965.330000 147191.000000
-8174.610000 147260.000000
-7921.910000 145973.000000
-7884.060000 141360.000000
-5630.960000 134897.000000
-3590.470000 134679.000000
-3465.790000 134843.000000
-2935.910000 136210.000000
-2843.520000 138232.000000
-2853.540000 142059.000000
-2855.760000 142460.000000
-2964.860000 143348.000000
-1917.340000 144849.000000
-1292.840000 149115.000000
-727.335000 149279.000000
-729.561000 149288.000000
-732.901000 149286.000000
-531.412000 149326.000000
-3038.330000 149072.000000
-6255.460000 149346.000000
-8015.420000 151310.000000
-8066.630000 151312.000000
-7414.300000 152906.000000
-3085.080000 152701.000000
2225.970000 153405.000000
5788.200000 149025.000000
5798.210000 148500.000000
3370.340000 149422.000000
2369.570000 148607.000000
2301.670000 147625.000000
2242.670000 147732.000000
2274.950000 146525.000000
2329.500000 147716.000000
2123.560000 147886.000000
1141.720000 149664.000000
3070.890000 153109.000000
4205.230000 154652.000000
3109.850000 152592.000000
2946.210000 152612.000000
2170.310000 152537.000000
1305.360000 150366.000000
1312.040000 147102.000000
156.542000 146964.000000
49.675300 146937.000000
-18.229600 146971.000000
-1522.160000 145430.000000
-1436.440000 145383.000000
1276.420000 147149.000000
1189.590000 157085.000000
1186.250000 157087.000000
1106.100000 157960.000000
-2522.920000 161028.000000
-4591.230000 161217.000000
-4584.560000 161173.000000
-3296.590000 158991.000000
-3661.720000 155522.000000
-3656.150000 155518.000000
622.971000 156239.000000
1080.490000 156375.000000
1313.150000 156288.000000
-1834.960000 155863.000000
-3917.750000 154240.000000
-4247.260000 153612.000000
-5488.470000 152819.000000
-9824.360000 152980.000000
-11028.800000 152935.000000
-13777.300000 139443.000000
-13784.000000 139450.000000
-13752.800000 139539.000000
-13588.100000 139568.000000
-9396.900000 138630.000000
-9534.930000 138504.000000
-8951.620000 136357.000000
-9454.780000 134650.000000
-9510.440000 132040.000000
-8110.040000 132873.000000
-5956.010000 130112.000000
-1049.050000 127686.000000
5940.700000 131406.000000
8908.480000 124366.000000
11997.600000 114254.000000
14521.200000 105989.000000
20233.000000 103019.000000
19915.800000 103002.000000
18362.800000 101619.000000
18361.700000 101623.000000
18360.600000 101621.000000
18364.000000 101617.000000
18367.300000 101617.000000
18369.500000 101617.000000
18370.600000 101621.000000
18371.800000 101621.000000
18370.600000 101621.000000
18371.800000 101621.000000
18370.600000 101621.000000
18370.600000 101623.000000
18371.800000 101623.000000
18369.500000 101623.000000
18368.400000 101621.000000
18370.600000 101621.000000
18370.600000 101619.000000
18369.500000 101619.000000
18369.500000 101626.000000
18367.300000 101626.000000
18362.800000 101608.000000
18364.000000 101608.000000
18364.000000 101610.000000
18467.500000 101635.000000
21366.200000 103275.000000
22393.700000 103013.000000
22404.900000 102986.000000
22403.700000 102982.000000
22402.600000 102979.000000
22380.400000 102966.000000
21372.900000 103304.000000
20975.500000 106742.000000
20809.600000 106682.000000
20808.500000 106682.000000
20808.500000 106688.000000
20809.600000 106688.000000
20794.100000 106684.000000
20807.400000 106695.000000
20805.200000 106691.000000
20806.300000 106688.000000
20809.600000 106691.000000
20813.000000 106691.000000
20815.200000 106684.000000
20814.100000 106682.000000
20888.700000 106599.000000
20821.900000 106644.000000
20806.300000 106668.000000
20808.500000 106668.000000
20809.600000 106668.000000
20809.600000 106675.000000
20810.800000 106675.000000
21163.600000 106105.000000
24246.100000 106355.000000
24694.700000 104691.000000
25069.800000 104580.000000
25064.300000 104591.000000
23077.200000 104219.000000
21382.900000 103253.000000
20226.300000 103053.000000
20225.200000 103068.000000
20231.900000 103086.000000
20230.800000 103059.000000
20225.200000 103082.000000
20229.700000 103095.000000
20249.700000 103284.000000
20253.000000 103280.000000
20246.400000 103186.000000
20236.400000 103240.000000
20238.600000 103307.000000
20230.800000 103157.000000
20230.800000 103169.000000
20225.200000 103144.000000
20223.000000 103171.000000
20221.900000 103166.000000
20213.000000 103213.000000
20219.700000 103126.000000
20254.200000 102975.000000
20248.600000 103031.000000
20225.200000 103117.000000
20229.700000 103035.000000
20231.900000 103035.000000
