-14134.700000 141919.000000
-14005.500000 139641.000000
-1794.890000 139047.000000
1762.880000 141409.000000
1807.410000 141224.000000
-6337.840000 139247.000000
-7153.810000 139209.000000
-9700.800000 137464.000000
-10762.800000 134950.000000
-11926.100000 133828.000000
-11343.900000 133779.000000
-11153.500000 133717.000000
-9141.980000 133668.000000
-11168.000000 135153.000000
-12641.900000 137426.000000
-14707.900000 136506.000000
-14779.200000 136509.000000
-13688.300000 135402.000000
-13564.700000 133857.000000
-3242.040000 134692.000000
-4462.100000 136311.000000
-4316.280000 136275.000000
-4462.100000 136226.000000
-1306.200000 135974.000000
-1401.930000 136344.000000
-1405.270000 136342.000000
-1410.840000 136340.000000
-1403.040000 136342.000000
-1400.820000 136353.000000
-1399.700000 136355.000000
-1370.760000 136511.000000
-2053.150000 137239.000000
-1421.970000 135269.000000
-1423.080000 134454.000000
-1926.250000 137430.000000
-2807.900000 139076.000000
-2852.420000 137324.000000
-2854.650000 136627.000000
1920.960000 136901.000000
1837.470000 136613.000000
2687.950000 133125.000000
2603.340000 132414.000000
2434.140000 132230.000000
-3749.660000 134730.000000
-9477.050000 133485.000000
-6579.400000 139294.000000
1248.590000 142874.000000
-30.474800 149259.000000
1.807890 152361.000000
1250.810000 154807.000000
3077.570000 154462.000000
3085.360000 153550.000000
1405.550000 151501.000000
-0.418499 152378.000000
-0.418499 152196.000000
22.958600 147471.000000
-559.242000 143181.000000
-191.888000 141307.000000
-575.940000 143146.000000
-495.790000 143259.000000
18.505800 149135.000000
-1030.120000 148522.000000
-459.055000 149239.000000
1575.870000 150390.000000
4633.810000 145924.000000
4539.190000 146271.000000
4324.340000 141460.000000
6184.490000 137326.000000
5895.060000 138461.000000
4404.490000 135204.000000
4297.630000 134783.000000
2893.890000 132909.000000
2438.590000 132172.000000
2557.700000 132530.000000
3183.320000 131337.000000
1563.620000 131980.000000
1570.300000 131987.000000
2612.250000 132537.000000
2608.910000 132530.000000
2596.670000 132515.000000
2593.330000 132517.000000
1247.470000 130440.000000
-218.605000 133341.000000
-214.152000 133372.000000
-115.078000 133225.000000
3606.330000 132341.000000
2591.100000 132503.000000
2589.990000 132508.000000
2589.990000 132510.000000
2515.400000 132072.000000
3523.960000 131441.000000
2612.250000 132521.000000
2240.440000 132517.000000
827.799000 131991.000000
1811.860000 134701.000000
2037.840000 134267.000000
1902.030000 129749.000000
1936.540000 131054.000000
2634.510000 133140.000000
2667.910000 132503.000000
2419.670000 132305.000000
-3144.080000 135917.000000
-3415.700000 136658.000000
-2859.100000 136593.000000
-2894.730000 136562.000000
-2893.610000 136415.000000
-5263.600000 132728.000000
-5078.810000 132969.000000
-4728.160000 133205.000000
-4755.990000 135144.000000
-4975.290000 143557.000000
-10442.200000 151359.000000
-9659.610000 156473.000000
-9490.410000 164668.000000
-9471.480000 168197.000000
-8193.530000 165715.000000
-7035.810000 165198.000000
-706.184000 160825.000000
-1191.540000 155789.000000
1209.620000 157152.000000
1206.280000 157575.000000
1288.660000 156014.000000
1334.300000 151581.000000
1300.910000 147060.000000
2621.160000 139570.000000
4422.300000 136466.000000
4748.470000 133728.000000
7553.720000 128342.000000
15487.500000 105925.000000
24406.400000 106279.000000
24408.600000 105829.000000
24877.300000 104869.000000
24877.300000 104872.000000
24875.000000 104872.000000
24873.900000 104881.000000
24859.500000 104883.000000
24873.900000 104901.000000
24872.800000 104932.000000
24869.500000 104921.000000
24867.200000 104914.000000
24869.500000 104861.000000
24870.600000 104867.000000
24875.000000 104869.000000
24877.300000 104865.000000
24876.100000 104858.000000
24878.400000 104892.000000
24882.800000 104876.000000
24880.600000 104890.000000
24862.800000 104941.000000
24889.500000 104885.000000
24880.600000 104918.000000
24877.300000 104934.000000
24861.700000 104861.000000
24860.600000 104861.000000
24861.700000 104867.000000
24847.200000 104890.000000
24862.800000 104905.000000
24867.200000 104892.000000
24851.700000 104878.000000
24856.100000 104867.000000
24859.500000 104865.000000
24861.700000 104858.000000
24868.400000 104845.000000
24868.400000 104874.000000
24871.700000 104858.000000
24875.000000 104892.000000
24875.000000 104885.000000
24875.000000 104890.000000
24876.100000 104887.000000
24876.100000 104890.000000
24876.100000 104885.000000
24877.300000 104885.000000
24887.300000 104923.000000
24870.600000 104800.000000
24879.500000 104885.000000
24883.900000 104881.000000
24881.700000 104990.000000
24655.700000 104709.000000
24240.500000 102933.000000
20768.500000 106036.000000
14228.400000 105974.000000
8165.980000 108287.000000
3358.090000 111457.000000
3528.410000 122313.000000
-169.624000 132771.000000
-6277.720000 134928.000000
-16290.900000 135770.000000
-16112.800000 136148.000000
-15975.900000 137148.000000
-15961.400000 137163.000000
-15867.900000 137366.000000
-16086.100000 135961.000000
-13682.700000 135781.000000
-14869.400000 135611.000000
-14664.500000 133997.000000
-14428.500000 133973.000000
-14716.900000 137515.000000
-13143.900000 139445.000000
-19279.800000 154874.000000
-19263.100000 154990.000000
-14862.700000 155173.000000
-8527.490000 154576.000000
-8780.190000 153387.000000
-8705.600000 153242.000000
-7756.050000 151288.000000
-7639.160000 149493.000000
-10441.100000 144824.000000
-10617.000000 139904.000000
-9458.120000 139470.000000
-15980.300000 138174.000000
-16041.600000 136653.000000
-17581.100000 136266.000000
-18934.800000 138415.000000
-17379.600000 136092.000000
-9586.140000 135173.000000
-9592.820000 136324.000000
-9569.440000 136302.000000
-9575.010000 136324.000000
-9570.560000 136308.000000
-10120.500000 136331.000000
-8920.450000 139379.000000
-584.846000 143134.000000
-44.946300 150528.000000
-1729.210000 149497.000000
-1813.810000 146298.000000
-2014.190000 141529.000000
-2000.830000 141280.000000
-1773.740000 142415.000000
-1204.900000 142308.000000
-275.378000 146781.000000
-1168.160000 145301.000000
-1116.950000 143154.000000
-583.733000 140950.000000
-410.074000 140634.000000
2595.550000 143927.000000
1239.680000 144152.000000
993.665000 143869.000000
-8249.190000 139374.000000
-10834.000000 133806.000000
-11328.300000 134739.000000
-11148.000000 134737.000000
-13310.900000 139481.000000
-15019.600000 149213.000000
-14073.400000 149562.000000
-14071.200000 149593.000000
-14074.500000 149580.000000
-14815.900000 149170.000000
-17568.900000 136705.000000
-16329.900000 135625.000000
-15447.100000 136030.000000
-15448.200000 135560.000000
-13946.500000 136088.000000
-12938.000000 139158.000000
-13662.700000 139450.000000
-14433.000000 138334.000000
-14504.200000 136480.000000
-13882.000000 139459.000000
-14150.200000 139726.000000
-14408.500000 142518.000000
-15608.500000 146819.000000
-18034.200000 151341.000000
-18030.800000 150234.000000
-18388.200000 149204.000000
-13448.900000 148226.000000
-13027.000000 148171.000000
-13839.700000 146492.000000
-13935.400000 144461.000000
-15087.500000 144328.000000
-10899.700000 145604.000000
-4691.420000 141707.000000
-4729.270000 141950.000000
-6147.480000 141324.000000
-7206.130000 139312.000000
-10875.200000 139423.000000
-12858.900000 137448.000000
-15030.800000 137597.000000
-15895.700000 137620.000000
-15894.600000 137615.000000
-16059.400000 135974.000000
-11178.000000 135202.000000
-6354.540000 134944.000000
-1147.010000 134924.000000
2638.970000 124417.000000
5054.600000 119254.000000
10094.000000 120053.000000
11823.900000 116144.000000
12826.900000 106706.000000
18805.900000 106176.000000
19794.400000 106052.000000
24413.100000 105789.000000
24879.500000 104858.000000
24875.000000 104865.000000
24872.800000 104869.000000
24872.800000 104865.000000
24871.700000 104869.000000
24867.200000 104867.000000
24866.100000 104905.000000
24219.400000 104562.000000
24209.300000 102966.000000
24210.500000 102957.000000
24211.600000 102957.000000
24140.300000 102864.000000
24613.400000 104843.000000
24607.900000 104827.000000
24605.600000 104825.000000
24604.500000 104816.000000
24605.600000 104803.000000
24603.400000 104800.000000
24602.300000 104798.000000
24601.200000 104796.000000
24606.800000 104869.000000
24603.400000 104783.000000
24606.800000 104758.000000
24605.600000 104769.000000
24595.600000 104738.000000
24620.100000 104731.000000
24613.400000 104789.000000
24609.000000 104774.000000
24605.600000 104778.000000
24604.500000 104778.000000
24603.400000 104785.000000
24604.500000 104792.000000
24605.600000 104754.000000
24603.400000 104827.000000
24605.600000 104823.000000
24604.500000 104818.000000
24603.400000 104818.000000
24602.300000 104823.000000
24605.600000 104809.000000
24584.500000 104872.000000
24599.000000 104821.000000
24601.200000 104818.000000
24601.200000 104832.000000
24602.300000 104818.000000
24601.200000 104816.000000
24593.400000 104858.000000
24600.100000 104834.000000
24597.800000 104787.000000
24600.100000 104789.000000
24601.200000 104796.000000
24600.100000 104803.000000
24621.200000 104705.000000
24605.600000 104743.000000
24605.600000 104812.000000
24609.000000 104816.000000
24566.700000 104874.000000
24622.300000 104821.000000
24615.700000 104836.000000
24617.900000 104829.000000
24617.900000 104823.000000
24614.500000 104825.000000
24612.300000 104821.000000
24610.100000 104823.000000
24607.900000 104825.000000
24606.800000 104827.000000
24605.600000 104829.000000
24606.800000 104823.000000
24621.200000 104809.000000
24605.600000 104876.000000
24601.200000 104869.000000
24596.700000 104856.000000
24595.600000 104843.000000
24604.500000 104883.000000
24571.100000 104749.000000
24582.300000 104785.000000
24588.900000 104787.000000
24594.500000 104789.000000
24596.700000 104785.000000
24606.800000 104798.000000
24620.100000 104758.000000
24612.300000 104792.000000
24614.500000 104700.000000
24592.300000 104890.000000
24596.700000 104843.000000
24588.900000 104834.000000
24588.900000 104849.000000
24586.700000 104832.000000
24588.900000 104816.000000
24592.300000 104814.000000
24577.800000 104752.000000
24578.900000 104749.000000
24590.100000 104758.000000
24594.500000 104778.000000
24602.300000 104825.000000
24601.200000 104792.000000
24602.300000 104834.000000
24600.100000 104805.000000
24599.000000 104805.000000
24600.100000 104812.000000
24599.000000 104816.000000
24599.000000 104814.000000
24619.000000 105415.000000
20927.600000 106047.000000
15529.800000 105885.000000
11431.000000 108501.000000
12028.800000 113555.000000
9570.830000 121697.000000
7516.990000 124569.000000
5032.340000 127196.000000
4346.610000 130905.000000
3141.020000 131428.000000
3151.040000 131729.000000
-243.095000 133390.000000
291.239000 133004.000000
2854.930000 137976.000000
2750.290000 137813.000000
3127.660000 137771.000000
2356.220000 134823.000000
3129.890000 131787.000000
2416.330000 132216.000000
3080.910000 133189.000000
2392.950000 133298.000000
2355.100000 132811.000000
2168.090000 135195.000000
1100.530000 137212.000000
4303.190000 151060.000000
11152.700000 150916.000000
11533.400000 150361.000000
8600.130000 150662.000000
7425.700000 152699.000000
-9607.290000 147331.000000
-6076.240000 147091.000000
-6031.710000 146516.000000
-4434.270000 145461.000000
-2972.650000 145410.000000
-2723.290000 151401.000000
-3043.890000 151365.000000
-3612.740000 150840.000000
-2753.350000 149097.000000
-1332.910000 149059.000000
-1420.860000 148901.000000
29.637800 146988.000000
-1057.950000 144871.000000
1.807890 143938.000000
-962.219000 144987.000000
639.669000 152679.000000
34.090500 152574.000000
24.071800 149765.000000
36.316900 149241.000000
1259.720000 151777.000000
1228.550000 152523.000000
1.807890 149086.000000
140.957000 148516.000000
17.392600 146283.000000
-3219.780000 143569.000000
-8792.430000 141814.000000
-8774.620000 141743.000000
-8885.940000 139203.000000
-8869.240000 140592.000000
-9754.230000 142798.000000
-9804.330000 142794.000000
-11821.400000 139423.000000
-14198.100000 139530.000000
-14337.300000 139766.000000
-14431.900000 139065.000000
-14576.600000 138495.000000
-15861.200000 135725.000000
-16139.500000 136019.000000
-13434.500000 135449.000000
-14036.700000 135349.000000
-16097.200000 135598.000000
-16102.800000 135761.000000
-16805.200000 141059.000000
-17876.100000 141678.000000
-18044.200000 141238.000000
-16898.700000 141353.000000
-15884.600000 140701.000000
-16009.300000 137691.000000
-16041.600000 136961.000000
-15202.200000 136291.000000
-15943.600000 136856.000000
-16043.800000 137241.000000
-15975.900000 137235.000000
-15980.300000 137257.000000
-16000.400000 137232.000000
-15987.000000 137279.000000
-13148.400000 135353.000000
-7131.550000 134986.000000
-2088.770000 134723.000000
1723.920000 125631.000000
18602.200000 106025.000000
18800.300000 106132.000000
24004.500000 104738.000000
24232.700000 102888.000000
24228.300000 102892.000000
24228.300000 102895.000000
24211.600000 102939.000000
23994.500000 104540.000000
24603.400000 104789.000000
24616.800000 104754.000000
24624.600000 104905.000000
25118.800000 105431.000000
24668.000000 104892.000000
24789.300000 105426.000000
25072.100000 105419.000000
25074.300000 105426.000000
25074.300000 105439.000000
25076.500000 105390.000000
25072.100000 105399.000000
25069.800000 105368.000000
25069.800000 105362.000000
25069.800000 105359.000000
25069.800000 105357.000000
24675.800000 105270.000000
24548.900000 104876.000000
24590.100000 104783.000000
24591.200000 104776.000000
24659.100000 105290.000000
24590.100000 104776.000000
24594.500000 104785.000000
24594.500000 104778.000000
24595.600000 104780.000000
24594.500000 104787.000000
24593.400000 104787.000000
24593.400000 104792.000000
24868.400000 104874.000000
24869.500000 104878.000000
24870.600000 104881.000000
24868.400000 104881.000000
24873.900000 104876.000000
24871.700000 104874.000000
24871.700000 104872.000000
24872.800000 104887.000000
24896.200000 104854.000000
24858.300000 104890.000000
24867.200000 104890.000000
24867.200000 104894.000000
24865.000000 104896.000000
24865.000000 104901.000000
24855.000000 104876.000000
24871.700000 104950.000000
24870.600000 104907.000000
24868.400000 104927.000000
24870.600000 104854.000000
24871.700000 104865.000000
24865.000000 104869.000000
24867.200000 104858.000000
24867.200000 104863.000000
24869.500000 104867.000000
24867.200000 104898.000000
24868.400000 104898.000000
24858.300000 104898.000000
24861.700000 104910.000000
24860.600000 104916.000000
24865.000000 104912.000000
24866.100000 104907.000000
24867.200000 104905.000000
24863.900000 104883.000000
24862.800000 104885.000000
24862.800000 104896.000000
24863.900000 104903.000000
24872.800000 104847.000000
24872.800000 104854.000000
24873.900000 104858.000000
24876.100000 104861.000000
24876.100000 104858.000000
24894.000000 104890.000000
24877.300000 104887.000000
24875.000000 104892.000000
24873.900000 104901.000000
24860.600000 104910.000000
24859.500000 104896.000000
24861.700000 104885.000000
24862.800000 104881.000000
24866.100000 104876.000000
24829.400000 104883.000000
24851.700000 104876.000000
24849.400000 104876.000000
24849.400000 104874.000000
24838.300000 104856.000000
24866.100000 104874.000000
24866.100000 104885.000000
24839.400000 104838.000000
24867.200000 104881.000000
24862.800000 104867.000000
24862.800000 104869.000000
24871.700000 104865.000000
24871.700000 104861.000000
24869.500000 104863.000000
24868.400000 104863.000000
24867.200000 104858.000000
24866.100000 104849.000000
24863.900000 104854.000000
24862.800000 104856.000000
24870.600000 104861.000000
24871.700000 104865.000000
24869.500000 104863.000000
24835.000000 104901.000000
24860.600000 104872.000000
24861.700000 104878.000000
24862.800000 104885.000000
24863.900000 104887.000000
24879.500000 104872.000000
24867.200000 104883.000000
24851.700000 104932.000000
24851.700000 104881.000000
23912.100000 103429.000000
24271.700000 102953.000000
23063.900000 105025.000000
17951.000000 105978.000000
8240.560000 110159.000000
3431.560000 111351.000000
2274.950000 124834.000000
-2160.020000 134674.000000
-16090.500000 136462.000000
-16092.800000 136464.000000
-16090.500000 135696.000000
-14985.100000 135206.000000
-14825.900000 136649.000000
-13909.800000 137609.000000
-18241.200000 167703.000000
-18267.900000 162275.000000
-15775.500000 161881.000000
-15462.700000 154919.000000
-16430.100000 152844.000000
-15550.600000 151263.000000
-16534.700000 147267.000000
-15618.500000 145951.000000
-15630.800000 142662.000000
-14620.000000 138234.000000
-10515.700000 146565.000000
-9125.280000 151902.000000
-9671.860000 152283.000000
-10446.600000 148202.000000
-10391.000000 148360.000000
-8255.870000 136898.000000
-9342.350000 136293.000000
-9609.520000 136297.000000
-9605.060000 136291.000000
-9603.950000 136286.000000
-9601.720000 136286.000000
-10053.700000 136311.000000
-10679.300000 127260.000000
-13338.700000 119713.000000
-12486.000000 122774.000000
-11063.300000 127111.000000
-10908.600000 130502.000000
-10327.500000 133105.000000
-9027.320000 134554.000000
-9006.170000 134759.000000
-12712.000000 133833.000000
-11427.400000 132034.000000
-11389.500000 134712.000000
-10974.300000 134681.000000
-3614.960000 139171.000000
-3092.870000 142451.000000
-2804.560000 140325.000000
-664.996000 140098.000000
-1259.440000 139292.000000
-1398.590000 139147.000000
-4137.050000 135001.000000
-2164.470000 135885.000000
-2922.560000 135028.000000
-13871.900000 133345.000000
-2901.400000 133345.000000
-2902.520000 135652.000000
-4486.590000 141347.000000
-4866.190000 143121.000000
-5779.010000 142549.000000
-4383.070000 139180.000000
-6597.210000 138521.000000
-8960.520000 139372.000000
-10592.500000 140418.000000
-10682.600000 137653.000000
-12440.400000 138390.000000
-12946.900000 138225.000000
-14588.800000 136504.000000
-15193.300000 137021.000000
-12987.000000 134044.000000
-13020.300000 135264.000000
-13875.300000 138958.000000
-13888.600000 138987.000000
-13928.700000 137074.000000
-12348.000000 137520.000000
-12346.900000 137542.000000
-14703.500000 137448.000000
-16036.000000 137226.000000
-16077.200000 137268.000000
-16041.600000 137235.000000
-16060.500000 137235.000000
-16063.800000 137230.000000
-16042.700000 137223.000000
-16072.700000 137197.000000
-16066.000000 137214.000000
-16091.700000 137188.000000
-16066.000000 137181.000000
-16028.200000 137168.000000
-16038.200000 137170.000000
-16037.100000 137168.000000
-16040.400000 137170.000000
-16040.400000 137172.000000
-16038.200000 137170.000000
-16029.300000 137181.000000
-15990.400000 137177.000000
-16008.200000 137132.000000
-16004.800000 137128.000000
-15981.400000 137128.000000
-12027.400000 135255.000000
-4804.970000 134850.000000
2151.390000 138675.000000
7226.440000 129413.000000
14775.000000 121946.000000
14662.600000 112415.000000
16506.000000 105938.000000
22913.600000 106094.000000
29032.800000 104440.000000
35501.600000 100791.000000
39139.500000 99301.300000
45078.400000 98141.300000
46774.900000 99076.400000
46774.900000 99074.200000
46776.000000 99085.300000
46777.100000 99085.300000
46776.000000 99085.300000
46776.000000 99087.600000
46778.300000 99085.300000
46778.300000 99080.900000
46780.500000 99078.700000
46780.500000 99074.200000
46781.600000 99074.200000
46780.500000 99072.000000
46778.300000 99069.800000
46779.400000 99072.000000
46778.300000 99074.200000
46777.100000 99074.200000
46776.000000 99074.200000
46771.600000 99036.400000
46772.700000 99036.400000
46778.300000 99094.200000
46776.000000 99080.900000
46774.900000 99074.200000
46776.000000 99067.500000
46776.000000 99056.400000
46774.900000 99056.400000
46773.800000 99049.700000
46772.700000 99051.900000
46772.700000 99058.600000
46773.800000 99058.600000
46773.800000 99065.300000
46774.900000 99065.300000
46801.600000 99129.900000
46766.000000 98945.100000
41648.700000 98856.000000
33993.200000 102305.000000
26600.500000 105994.000000
20041.500000 106016.000000
15233.700000 105900.000000
12068.800000 113094.000000
14122.700000 123264.000000
56.354400 142531.000000
108.675000 144377.000000
-341.056000 144150.000000
-1269.460000 145290.000000
-11387.300000 145735.000000
-19576.000000 146398.000000
-17829.300000 171813.000000
-18305.800000 180324.000000
-17885.000000 177007.000000
-17780.400000 172396.000000
-18158.900000 168148.000000
-18549.600000 164477.000000
-17439.700000 162070.000000
-17153.600000 162028.000000
-16993.300000 162344.000000
-15070.900000 161956.000000
-15420.400000 159343.000000
-15397.000000 157804.000000
-16404.500000 152630.000000
-16483.500000 152472.000000
-16896.500000 150584.000000
-17240.500000 151606.000000
-15852.300000 152993.000000
-15528.400000 152176.000000
-16584.800000 149081.000000
-15183.300000 146447.000000
-13892.000000 145111.000000
-14302.700000 139664.000000
-13760.600000 139579.000000
-15070.900000 142912.000000
-15141.000000 142921.000000
-14797.000000 142600.000000
-13722.800000 139577.000000
-11700.100000 141068.000000
-11542.000000 141714.000000
-12081.900000 139724.000000
-8968.320000 139485.000000
-4513.310000 142598.000000
-2605.290000 143482.000000
-2493.980000 150764.000000
-2639.800000 150219.000000
-1633.480000 145428.000000
-1285.050000 145441.000000
-1238.290000 145185.000000
-4673.610000 142725.000000
-3778.600000 143437.000000
-3028.310000 153730.000000
-2793.420000 153454.000000
-1664.640000 151388.000000
-1544.420000 145372.000000
-1263.890000 145345.000000
-2945.930000 144018.000000
-1710.290000 145421.000000
-1320.670000 145263.000000
-1254.990000 145042.000000
4260.890000 141474.000000
4591.510000 140476.000000
4410.060000 137546.000000
4273.140000 134690.000000
4140.670000 134561.000000
7794.170000 127599.000000
9352.650000 122926.000000
9351.530000 122939.000000
9886.980000 120755.000000
12032.100000 113797.000000
18712.400000 106317.000000
18706.800000 106339.000000
18782.500000 106098.000000
24363.000000 106341.000000
31288.200000 104918.000000
39913.200000 99118.700000
45916.600000 98083.500000
46795.000000 99109.800000
46796.100000 99109.800000
46796.100000 99116.500000
46795.000000 99118.700000
46772.700000 99080.900000
46773.800000 99076.400000
46774.900000 99078.700000
46791.600000 99072.000000
46815.000000 99040.800000
46808.300000 99045.300000
46799.400000 99058.600000
46797.200000 99067.500000
46797.200000 99069.800000
46796.100000 99067.500000
46793.800000 99067.500000
46781.600000 99083.100000
46781.600000 99078.700000
46780.500000 99076.400000
46771.600000 99074.200000
46772.700000 99076.400000
46774.900000 99078.700000
46778.300000 99080.900000
46789.400000 99083.100000
46791.600000 99087.600000
46791.600000 99085.300000
46782.700000 99089.800000
46779.400000 99085.300000
46784.900000 99078.700000
46789.400000 99098.700000
46786.100000 99094.200000
46783.800000 99092.000000
46774.900000 99085.300000
46773.800000 99085.300000
46777.100000 99069.800000
46771.600000 99089.800000
46778.300000 99076.400000
46776.000000 99078.700000
46776.000000 99065.300000
46779.400000 99072.000000
46782.700000 99069.800000
46790.500000 99065.300000
46787.200000 99063.100000
46786.100000 99067.500000
46784.900000 99063.100000
46786.100000 99067.500000
46783.800000 99056.400000
46786.100000 99063.100000
46787.200000 99067.500000
46783.800000 99065.300000
46782.700000 99080.900000
46779.400000 99085.300000
46784.900000 99078.700000
46780.500000 99065.300000
46781.600000 99063.100000
46782.700000 99067.500000
46778.300000 99072.000000
46779.400000 99060.800000
46784.900000 99065.300000
46786.100000 99072.000000
46782.700000 99074.200000
46780.500000 99074.200000
46769.400000 99065.300000
46771.600000 99067.500000
46776.000000 99078.700000
46788.300000 99085.300000
46790.500000 99080.900000
46782.700000 99058.600000
46776.000000 99049.700000
46781.600000 99056.400000
46780.500000 99058.600000
46780.500000 99060.800000
46786.100000 99058.600000
46792.700000 99060.800000
46787.200000 99067.500000
46786.100000 99067.500000
46782.700000 99087.600000
46782.700000 99089.800000
46783.800000 99087.600000
46774.900000 99085.300000
46776.000000 99083.100000
46787.200000 99074.200000
46783.800000 99080.900000
-32746.200000 152984.000000
46795.000000 99078.700000
46793.800000 99080.900000
46791.600000 99080.900000
46786.100000 99069.800000
46784.900000 99067.500000
46786.100000 99060.800000
46787.200000 99060.800000
46789.400000 99065.300000
46786.100000 99074.200000
46789.400000 99076.400000
46778.300000 99063.100000
46773.800000 99060.800000
46772.700000 99063.100000
46774.900000 99067.500000
46768.200000 99076.400000
46772.700000 99069.800000
46774.900000 99069.800000
46774.900000 99072.000000
46773.800000 99074.200000
46776.000000 99067.500000
46779.400000 99069.800000
46778.300000 99072.000000
46778.300000 99067.500000
46773.800000 99076.400000
46776.000000 99078.700000
46778.300000 99083.100000
46779.400000 99085.300000
46778.300000 99092.000000
46779.400000 99092.000000
46782.700000 99083.100000
46782.700000 99080.900000
46786.100000 99065.300000
46783.800000 99076.400000
46781.600000 99083.100000
46786.100000 99076.400000
46783.800000 99076.400000
46783.800000 99074.200000
46790.500000 99069.800000
46791.600000 99072.000000
46789.400000 99069.800000
46781.600000 99067.500000
46784.900000 99069.800000
46782.700000 99074.200000
46782.700000 99076.400000
46776.000000 99080.900000
46768.200000 99067.500000
46769.400000 99067.500000
46772.700000 99069.800000
46776.000000 99080.900000
46774.900000 99083.100000
46784.900000 99098.700000
46787.200000 99094.200000
46778.300000 99076.400000
46776.000000 99078.700000
46777.100000 99080.900000
46771.600000 99087.600000
46781.600000 99096.500000
46783.800000 99098.700000
46782.700000 99096.500000
46782.700000 99092.000000
46784.900000 99083.100000
46776.000000 99072.000000
46778.300000 99063.100000
46781.600000 99074.200000
46784.900000 99067.500000
46787.200000 99063.100000
46782.700000 99067.500000
46784.900000 99065.300000
46784.900000 99063.100000
46784.900000 99060.800000
46762.700000 99080.900000
46799.400000 99067.500000
46790.500000 99063.100000
46789.400000 99067.500000
46788.300000 99069.800000
46782.700000 99069.800000
46780.500000 99072.000000
46779.400000 99069.800000
46779.400000 99072.000000
46777.100000 99072.000000
46774.900000 99072.000000
46777.100000 99069.800000
46777.100000 99067.500000
46778.300000 99067.500000
46796.100000 99134.300000
46781.600000 99112.100000
46783.800000 99105.400000
46786.100000 99103.200000
46787.200000 99100.900000
46789.400000 99103.200000
46787.200000 99096.500000
46787.200000 99094.200000
46787.200000 99092.000000
46787.200000 99089.800000
46787.200000 99092.000000
47173.400000 98887.200000
48227.600000 98424.100000
48229.900000 98321.700000
41117.700000 98880.500000
39192.900000 85698.100000
38894.600000 70854.700000
41596.300000 59152.800000
44618.700000 49784.200000
49944.200000 44483.100000
54636.300000 39090.800000
57098.700000 34667.000000
55545.800000 41092.300000
61518.100000 35566.400000
65049.100000 26923.600000
69422.900000 19267.000000
74195.100000 12251.700000
76596.300000 13311.400000
77761.800000 8110.600000
80559.300000 -928.544000
79687.600000 1569.470000
76603.000000 1876.710000
72369.500000 -955.261000
68681.500000 4272.300000
65210.500000 6060.090000
61483.600000 8270.900000
61482.400000 8266.450000
61481.300000 8266.450000
61482.400000 8268.670000
61481.300000 8270.900000
61481.300000 8275.350000
61483.600000 8275.350000
61484.700000 8275.350000
61484.700000 8273.130000
61484.700000 8270.900000
64284.400000 6166.960000
67679.600000 3729.060000
71415.500000 627.702000
76994.800000 -124.817000
77767.400000 7908.000000
73682.000000 12986.400000
69405.100000 19287.100000
66057.700000 24833.000000
63075.400000 32182.300000
59322.900000 41490.900000
53567.600000 41987.300000
49118.200000 46239.800000
44662.100000 49766.400000
42888.800000 52357.900000
39696.100000 63601.100000
38629.700000 75454.400000
39516.900000 88262.900000
42708.400000 98626.700000
47171.200000 98891.600000
46809.400000 99114.300000
46790.500000 99100.900000
46793.800000 99100.900000
46792.700000 99098.700000
46793.800000 99100.900000
46792.700000 99103.200000
46790.500000 99105.400000
46788.300000 99105.400000
46787.200000 99105.400000
46787.200000 99100.900000
46780.500000 99067.500000
46772.700000 99069.800000
46773.800000 99065.300000
46776.000000 99063.100000
46777.100000 99063.100000
46776.000000 99065.300000
46774.900000 99063.100000
46777.100000 99063.100000
46778.300000 99074.200000
46778.300000 99072.000000
46778.300000 99074.200000
46779.400000 99076.400000
46779.400000 99074.200000
46781.600000 99074.200000
46781.600000 99076.400000
46783.800000 99078.700000
46784.900000 99076.400000
46782.700000 99076.400000
46781.600000 99076.400000
46782.700000 99080.900000
46781.600000 99078.700000
46781.600000 99080.900000
46782.700000 99080.900000
46781.600000 99076.400000
46781.600000 99078.700000
46783.800000 99078.700000
46783.800000 99083.100000
46772.700000 99132.100000
46780.500000 99067.500000
46780.500000 99078.700000
46806.100000 99123.200000
46803.900000 99121.000000
46805.000000 99116.500000
46808.300000 99112.100000
46808.300000 99109.800000
46774.900000 99056.400000
46778.300000 99069.800000
46784.900000 99060.800000
46780.500000 99060.800000
46770.500000 99074.200000
46771.600000 99080.900000
46771.600000 99085.300000
46769.400000 99076.400000
46770.500000 99076.400000
46769.400000 99074.200000
46782.700000 99078.700000
46783.800000 99080.900000
46777.100000 99076.400000
46770.500000 99067.500000
46772.700000 99065.300000
46793.800000 99051.900000
46784.900000 99063.100000
46776.000000 99078.700000
46777.100000 99087.600000
46779.400000 99072.000000
46782.700000 99074.200000
46778.300000 99069.800000
46780.500000 99069.800000
46793.800000 99076.400000
46791.600000 99076.400000
46782.700000 99083.100000
46781.600000 99080.900000
46782.700000 99085.300000
46786.100000 99083.100000
46789.400000 99085.300000
46791.600000 99080.900000
46787.200000 99074.200000
46791.600000 99072.000000
46786.100000 99069.800000
46787.200000 99058.600000
46790.500000 99076.400000
46791.600000 99074.200000
46790.500000 99069.800000
46791.600000 99074.200000
46789.400000 99076.400000
46789.400000 99080.900000
46788.300000 99080.900000
46789.400000 99078.700000
46788.300000 99076.400000
