883.458000 148130.000000
-542.544000 143188.000000
-1597.850000 140120.000000
-1209.350000 140819.000000
1694.980000 134908.000000
1879.770000 134592.000000
3751.050000 137491.000000
4141.780000 138668.000000
-1355.180000 145325.000000
-1964.090000 145319.000000
-1880.600000 145935.000000
412.577000 144597.000000
610.726000 143464.000000
1115.000000 142313.000000
-484.658000 148502.000000
-1568.910000 147643.000000
-2037.570000 146979.000000
-2707.710000 147207.000000
-2650.940000 147151.000000
-2024.210000 147467.000000
-2652.050000 150259.000000
-5288.090000 149762.000000
-7624.690000 149798.000000
-8672.210000 144058.000000
-15682.000000 142373.000000
-11702.300000 132072.000000
-10940.900000 135139.000000
-11658.900000 133775.000000
-12348.000000 132363.000000
-11897.100000 133779.000000
-11800.300000 133786.000000
-14699.000000 155155.000000
-14347.300000 153875.000000
-11928.300000 153527.000000
-10910.800000 152423.000000
-10436.600000 149079.000000
-10252.900000 144522.000000
-9913.420000 142678.000000
-10386.500000 143842.000000
-17128.000000 141416.000000
-19316.600000 141865.000000
-18039.700000 141240.000000
-18014.100000 141676.000000
-17706.900000 150174.000000
-18394.900000 151624.000000
-18732.100000 154030.000000
-14831.500000 152029.000000
-14979.600000 152018.000000
-16543.600000 150994.000000
-11333.900000 149313.000000
-10787.300000 149135.000000
-10776.100000 148553.000000
2989.620000 137179.000000
13694.100000 124631.000000
24184.900000 122589.000000
28053.200000 118544.000000
34099.000000 109574.000000
42091.700000 107483.000000
42089.500000 107483.000000
41666.500000 104055.000000
41689.800000 104015.000000
39099.400000 107655.000000
39096.100000 107655.000000
39093.900000 107661.000000
39096.100000 107661.000000
39096.100000 107664.000000
39097.200000 107664.000000
39098.300000 107666.000000
39098.300000 107670.000000
39099.400000 107659.000000
39100.600000 107659.000000
39099.400000 107664.000000
39099.400000 107661.000000
39099.400000 107664.000000
39099.400000 107666.000000
39099.400000 107668.000000
39099.400000 107670.000000
39099.400000 107673.000000
11734.900000 117342.000000
8271.730000 126181.000000
1385.510000 129300.000000
1407.770000 129235.000000
1386.620000 129602.000000
2582.190000 131557.000000
1428.920000 131807.000000
830.025000 131893.000000
832.251000 132138.000000
-1453.140000 133717.000000
-8939.370000 134986.000000
-9428.070000 137985.000000
-9406.920000 142798.000000
-9666.290000 142825.000000
-9882.250000 140659.000000
-9922.320000 140360.000000
-11609.900000 137468.000000
-12978.000000 136070.000000
-15055.300000 137143.000000
-14844.900000 137027.000000
-14089.000000 129700.000000
-14625.600000 129738.000000
-12197.700000 135215.000000
-115.078000 135712.000000
1554.710000 137473.000000
162.108000 138666.000000
26.298200 138515.000000
-2269.110000 139029.000000
-2831.270000 137804.000000
-3941.130000 137568.000000
-4499.950000 136179.000000
-2539.620000 133654.000000
-2252.410000 133227.000000
-2230.150000 133352.000000
-2233.490000 133494.000000
-2220.130000 133490.000000
-2200.090000 133599.000000
-2827.930000 141652.000000
-2688.780000 149090.000000
-2542.960000 153075.000000
-3801.980000 153806.000000
-4169.330000 152194.000000
-3551.510000 155987.000000
-3553.740000 154669.000000
-4307.370000 152508.000000
-4317.390000 152269.000000
-1678.000000 152857.000000
2175.880000 158025.000000
2183.670000 158031.000000
4435.660000 155689.000000
-4753.760000 141600.000000
-5831.330000 142128.000000
-8484.080000 140140.000000
-6822.080000 144806.000000
-5790.150000 147102.000000
-5790.150000 147100.000000
-5789.030000 147102.000000
-3691.770000 146795.000000
2276.070000 138230.000000
7623.850000 128171.000000
11929.700000 114984.000000
18791.400000 106143.000000
24881.700000 106446.000000
35132.000000 109888.000000
39046.000000 107831.000000
38964.700000 108167.000000
38964.700000 108169.000000
38963.600000 108171.000000
38964.700000 108167.000000
38967.000000 108167.000000
38967.000000 108165.000000
38967.000000 108167.000000
38970.300000 108169.000000
38970.300000 108167.000000
38969.200000 108165.000000
38969.200000 108167.000000
38967.000000 108167.000000
38967.000000 108169.000000
38965.900000 108167.000000
38964.700000 108167.000000
37846.000000 110344.000000
24988.600000 110814.000000
11518.900000 126145.000000
4396.700000 134850.000000
4336.590000 138695.000000
4273.140000 138688.000000
3767.750000 138697.000000
664.159000 144757.000000
573.990000 148193.000000
1091.630000 143582.000000
891.251000 151619.000000
854.515000 152292.000000
4203.010000 141690.000000
14616.900000 122284.000000
15881.500000 114828.000000
15889.300000 114610.000000
8735.940000 127817.000000
1395.530000 130328.000000
1373.260000 130384.000000
2554.360000 137600.000000
3174.410000 150985.000000
1025.950000 151515.000000
14.053000 151815.000000
16.279400 151711.000000
1189.590000 142495.000000
769.912000 141999.000000
981.419000 142357.000000
1958.800000 141589.000000
700.894000 141859.000000
15867.100000 114414.000000
6157.780000 131395.000000
965.835000 142553.000000
789.950000 152610.000000
-2290.260000 152626.000000
-6520.400000 154251.000000
-7409.840000 153342.000000
-7859.570000 149491.000000
-7572.370000 149484.000000
1226.320000 156163.000000
1637.090000 156486.000000
-555.903000 157889.000000
-2644.260000 162573.000000
-2696.580000 163203.000000
-2960.400000 158710.000000
-3474.700000 156658.000000
-3887.700000 152347.000000
-52.738700 152655.000000
4435.660000 152058.000000
1476.790000 152581.000000
840.044000 152109.000000
10.713400 152450.000000
12.939800 151820.000000
-1041.260000 148553.000000
-1076.880000 148351.000000
758.780000 148195.000000
725.385000 148251.000000
-1112.500000 149103.000000
-997.841000 149275.000000
-1145.900000 149624.000000
-2568.560000 143482.000000
-1919.570000 143733.000000
12.939800 146893.000000
18.505800 148496.000000
2611.140000 147035.000000
6128.830000 148010.000000
6119.930000 148186.000000
3217.830000 149428.000000
3077.570000 151837.000000
2833.780000 152928.000000
1244.130000 152367.000000
7185.250000 149348.000000
7265.400000 146674.000000
8710.330000 149210.000000
12756.800000 149671.000000
9461.740000 150771.000000
8427.580000 151650.000000
8063.570000 151715.000000
7603.820000 152688.000000
5921.780000 153808.000000
4538.080000 152269.000000
3656.430000 149914.000000
1401.090000 151501.000000
848.949000 152234.000000
3055.300000 153336.000000
3004.090000 159046.000000
3009.660000 159102.000000
3087.580000 154885.000000
4018.220000 154500.000000
3107.620000 152321.000000
617.405000 152608.000000
809.987000 151978.000000
1049.320000 149139.000000
1358.790000 150034.000000
-651.638000 152612.000000
-4184.920000 151414.000000
-4174.900000 151388.000000
-2628.670000 149110.000000
-1109.160000 143818.000000
-185.209000 141514.000000
708.687000 143702.000000
2364.010000 161667.000000
1268.620000 156070.000000
834.478000 152381.000000
-1806.020000 162647.000000
-3272.100000 158060.000000
-4276.200000 152559.000000
-4334.090000 152249.000000
-3247.610000 147035.000000
-1369.650000 145356.000000
2474.210000 137511.000000
2148.050000 136500.000000
6737.750000 130041.000000
15192.500000 124248.000000
24141.400000 120154.000000
28342.600000 114510.000000
39096.100000 107670.000000
39093.900000 107673.000000
39092.800000 107673.000000
39092.800000 107670.000000
39091.600000 107670.000000
39090.500000 107670.000000
39092.800000 107668.000000
39093.900000 107666.000000
39092.800000 107661.000000
39092.800000 107664.000000
39092.800000 107661.000000
39080.500000 107650.000000
31489.600000 109291.000000
22532.900000 106058.000000
12992.800000 106257.000000
9915.920000 120626.000000
1403.320000 129070.000000
1376.600000 129282.000000
1340.980000 129375.000000
4096.140000 136885.000000
1195.150000 143028.000000
1258.600000 143638.000000
621.857000 147460.000000
950.250000 147943.000000
1194.040000 152051.000000
1369.920000 152116.000000
3114.300000 152503.000000
3174.410000 152049.000000
3098.720000 151902.000000
3452.710000 140316.000000
14248.500000 123101.000000
15371.700000 114276.000000
12457.300000 118050.000000
8034.620000 126933.000000
1761.770000 129086.000000
1428.920000 129300.000000
-10123.800000 164862.000000
1956.580000 131466.000000
2683.490000 133093.000000
2601.120000 133067.000000
2634.510000 133174.000000
2583.310000 133182.000000
4421.190000 145361.000000
3054.190000 153703.000000
1671.600000 154355.000000
1299.790000 153387.000000
1096.080000 151036.000000
110.901000 147008.000000
-1391.910000 148420.000000
-1601.190000 147338.000000
-1114.730000 141235.000000
-285.396000 139548.000000
-264.246000 139559.000000
-178.530000 139677.000000
1260.830000 150864.000000
1379.940000 153095.000000
1320.940000 152804.000000
-362.207000 140536.000000
-8285.930000 139784.000000
-8486.300000 140084.000000
-8491.870000 139977.000000
-8189.080000 140069.000000
-7335.260000 140554.000000
-7870.710000 140481.000000
-7966.440000 143261.000000
-10506.800000 146677.000000
-10543.500000 148988.000000
-10483.400000 146837.000000
-592.638000 143462.000000
4386.680000 146654.000000
4644.940000 145788.000000
5767.040000 145962.000000
5340.690000 141068.000000
5224.920000 140748.000000
4936.600000 140089.000000
5131.410000 134908.000000
7342.220000 130068.000000
4288.720000 134792.000000
3568.480000 134518.000000
1420.020000 133761.000000
1437.830000 131842.000000
3736.580000 135498.000000
2582.190000 133267.000000
2574.400000 133207.000000
2610.020000 133274.000000
2728.020000 132987.000000
2150.270000 130257.000000
1396.640000 129493.000000
2166.970000 133821.000000
1451.190000 132049.000000
1089.400000 124818.000000
2456.400000 122364.000000
11795.000000 116525.000000
12354.900000 109921.000000
18809.200000 106165.000000
25623.100000 106452.000000
38297.900000 110422.000000
38968.100000 108171.000000
38967.000000 108173.000000
38965.900000 108173.000000
38965.900000 108167.000000
38967.000000 108162.000000
38967.000000 108167.000000
38964.700000 108165.000000
38967.000000 108169.000000
38967.000000 108167.000000
38965.900000 108169.000000
32995.800000 109340.000000
20100.500000 106021.000000
13101.900000 115077.000000
13621.700000 116251.000000
13431.400000 115870.000000
13432.500000 115872.000000
13432.500000 115877.000000
13431.400000 115875.000000
13430.300000 115872.000000
15749.100000 114877.000000
15772.400000 114870.000000
15771.300000 114866.000000
15901.600000 114643.000000
15912.700000 114657.000000
15938.300000 114467.000000
4954.410000 133541.000000
-9632.890000 144272.000000
-3302.150000 134745.000000
-200.794000 135520.000000
-4083.620000 135990.000000
-3007.160000 135952.000000
1404.430000 142498.000000
737.630000 142934.000000
1571.410000 158232.000000
1539.130000 158180.000000
620.744000 156502.000000
-1624.570000 155012.000000
-1939.600000 155035.000000
-977.804000 152931.000000
-158.492000 153505.000000
-130.662000 153202.000000
-6608.340000 152864.000000
-9369.070000 149184.000000
-14769.200000 152830.000000
-20561.100000 152817.000000
-25151.900000 153625.000000
-21786.800000 150588.000000
-21941.500000 150720.000000
-17096.900000 155168.000000
-10109.300000 165254.000000
-9308.950000 166581.000000
-8576.470000 162965.000000
-8301.510000 156967.000000
-7228.390000 155560.000000
-3941.130000 152434.000000
-4178.240000 157136.000000
-2847.970000 158047.000000
-5673.260000 152975.000000
-8323.780000 152167.000000
-5997.200000 147937.000000
-4095.860000 151301.000000
-3906.620000 152292.000000
4433.440000 151023.000000
3983.710000 137782.000000
3299.090000 138472.000000
-584.846000 143001.000000
-10579.100000 145392.000000
-15148.800000 146327.000000
-11504.200000 146639.000000
-11493.000000 146654.000000
-10187.300000 145555.000000
-2773.390000 143811.000000
-2727.750000 145365.000000
-2746.670000 147819.000000
-1865.020000 148266.000000
-1970.770000 148863.000000
-4019.050000 152416.000000
-11782.500000 142511.000000
-11666.700000 142504.000000
-10658.100000 145461.000000
-10190.600000 145701.000000
-10081.500000 146387.000000
-9586.140000 146305.000000
-8645.490000 132601.000000
-8727.870000 130651.000000
-8417.290000 129117.000000
-7770.520000 131896.000000
-9316.750000 133632.000000
-10492.300000 129892.000000
-12245.600000 133516.000000
-12772.100000 133890.000000
-16601.500000 132840.000000
-21006.400000 130883.000000
-20334.000000 131079.000000
-16742.900000 135042.000000
-10645.900000 145535.000000
-5989.410000 147523.000000
-5195.700000 149017.000000
-4918.510000 147080.000000
-3737.410000 144152.000000
9142.250000 127572.000000
18352.800000 124426.000000
24161.500000 120129.000000
29474.800000 109834.000000
39089.400000 107652.000000
39091.600000 107666.000000
39092.800000 107668.000000
39095.000000 107668.000000
39095.000000 107670.000000
39093.900000 107668.000000
39095.000000 107673.000000
39095.000000 107670.000000
39093.900000 107670.000000
39093.900000 107668.000000
39096.100000 107668.000000
39095.000000 107668.000000
39095.000000 107664.000000
39093.900000 107666.000000
39092.800000 107666.000000
39093.900000 107666.000000
39092.800000 107661.000000
39091.600000 107661.000000
39091.600000 107664.000000
39092.800000 107664.000000
39092.800000 107666.000000
39092.800000 107664.000000
39091.600000 107664.000000
39095.000000 107675.000000
39093.900000 107639.000000
39095.000000 107637.000000
39097.200000 107635.000000
39101.700000 107681.000000
39093.900000 107650.000000
39097.200000 107661.000000
39091.600000 107670.000000
39091.600000 107673.000000
39090.500000 107673.000000
39091.600000 107670.000000
39091.600000 107666.000000
39090.500000 107668.000000
39090.500000 107664.000000
39090.500000 107661.000000
39091.600000 107664.000000
39091.600000 107661.000000
39092.800000 107661.000000
39091.600000 107661.000000
39091.600000 107664.000000
39093.900000 107664.000000
38971.400000 108156.000000
38977.000000 108156.000000
38978.100000 108158.000000
38978.100000 108160.000000
38975.900000 108160.000000
38977.000000 108162.000000
38975.900000 108162.000000
38975.900000 108165.000000
38974.800000 108167.000000
38973.600000 108167.000000
38973.600000 108169.000000
38972.500000 108167.000000
38971.400000 108167.000000
38972.500000 108169.000000
38972.500000 108171.000000
42091.700000 107501.000000
39462.300000 108674.000000
38962.500000 108198.000000
38961.400000 108178.000000
38958.100000 108171.000000
38957.000000 108173.000000
38958.100000 108173.000000
38957.000000 108173.000000
38958.100000 108176.000000
38958.100000 108173.000000
38959.200000 108173.000000
38957.000000 108176.000000
38958.100000 108178.000000
38951.400000 108167.000000
38952.500000 108169.000000
38953.600000 108171.000000
38955.800000 108173.000000
36233.000000 110126.000000
20886.500000 110667.000000
18982.900000 108988.000000
18988.500000 108986.000000
18989.600000 108982.000000
18989.600000 108979.000000
18988.500000 108979.000000
18988.500000 108977.000000
18987.300000 108977.000000
18987.300000 108975.000000
18989.600000 108977.000000
22320.300000 106161.000000
22382.600000 103736.000000
22562.900000 105090.000000
23485.800000 106515.000000
23484.700000 106510.000000
23486.900000 106510.000000
23488.000000 106510.000000
23484.700000 106526.000000
23488.000000 106537.000000
23488.000000 106530.000000
23463.500000 106619.000000
23471.300000 106597.000000
23480.200000 106548.000000
23490.200000 106579.000000
23504.700000 106497.000000
23503.600000 106530.000000
23493.600000 106537.000000
19213.300000 106851.000000
18844.900000 108924.000000
18842.600000 108930.000000
18844.900000 108928.000000
18846.000000 108926.000000
18844.900000 108930.000000
18844.900000 108933.000000
21276.100000 105765.000000
23433.400000 108795.000000
31666.600000 109289.000000
35041.800000 109810.000000
