3163.280000 142322.000000
2488.690000 143615.000000
2723.570000 145837.000000
2669.020000 144439.000000
1323.170000 144522.000000
197.730000 145323.000000
-1714.740000 145390.000000
-1804.910000 144947.000000
-1032.350000 143658.000000
424.822000 141505.000000
-51.625500 140908.000000
-299.868000 140579.000000
-412.301000 140414.000000
-1079.100000 139603.000000
-4394.200000 139140.000000
-7451.030000 139307.000000
-7901.880000 142293.000000
-7908.560000 142967.000000
-8595.400000 143647.000000
-8652.170000 143655.000000
-8676.660000 144675.000000
-8025.440000 145049.000000
-8785.750000 145477.000000
-10142.700000 146759.000000
-10432.200000 147289.000000
-10865.200000 147271.000000
-11208.100000 147077.000000
-11796.900000 146401.000000
-10520.100000 145443.000000
-5480.680000 143626.000000
-4689.200000 142150.000000
-4466.560000 140699.000000
-3873.220000 140042.000000
-3663.940000 136072.000000
-3187.500000 135091.000000
-3297.700000 134676.000000
-4712.570000 134799.000000
-6216.500000 134828.000000
-6965.680000 136640.000000
-7169.390000 137402.000000
-7899.650000 136682.000000
-8910.430000 136268.000000
-8933.810000 138276.000000
-8967.200000 139372.000000
-10692.700000 139430.000000
-11888.200000 139428.000000
-13217.400000 139468.000000
-13750.600000 139512.000000
-14241.500000 140262.000000
-14142.400000 141761.000000
-15592.900000 141812.000000
-15683.100000 142825.000000
-16203.000000 144575.000000
-17546.600000 143829.000000
-18837.900000 143112.000000
-19465.700000 140369.000000
-19463.500000 141721.000000
-19455.700000 142667.000000
-19521.400000 143439.000000
-19422.300000 141391.000000
-17907.300000 136974.000000
-16627.100000 135500.000000
-17222.700000 133345.000000
-18332.500000 128207.000000
-17384.100000 126873.000000
-15295.700000 126432.000000
-15846.700000 124818.000000
-15892.400000 124021.000000
-15902.400000 123237.000000
-16375.500000 124555.000000
-17065.700000 126655.000000
-18601.900000 127465.000000
-17952.900000 131461.000000
-16653.800000 136429.000000
-15931.400000 139216.000000
-15903.500000 139692.000000
-15883.500000 139982.000000
-15843.400000 140307.000000
-15800.000000 140654.000000
-15793.300000 141077.000000
-15686.400000 142195.000000
-15656.400000 142821.000000
-15621.900000 143900.000000
-15609.600000 144902.000000
-15604.100000 145494.000000
-15595.200000 146038.000000
-15591.800000 146706.000000
-15561.800000 147995.000000
-15607.400000 148925.000000
-15516.100000 149720.000000
-15057.500000 149863.000000
-15550.600000 149529.000000
-15559.500000 149019.000000
-16573.700000 148513.000000
-15610.800000 148489.000000
-15609.600000 148772.000000
-15695.400000 149008.000000
-15700.900000 149017.000000
-16430.100000 149150.000000
-17967.400000 149106.000000
-18475.000000 149522.000000
-18556.300000 151918.000000
-19471.300000 152755.000000
-19469.100000 150288.000000
-19442.400000 146231.000000
-19515.800000 146274.000000
-19433.500000 141149.000000
-20476.500000 138935.000000
-21447.200000 138170.000000
-21807.900000 138268.000000
-21122.200000 138163.000000
-20228.300000 138958.000000
-19111.700000 139724.000000
-18103.200000 139786.000000
-18101.000000 140950.000000
-18062.000000 141146.000000
-17266.100000 143858.000000
-17132.500000 148821.000000
-17700.200000 149092.000000
-18351.400000 149043.000000
-18212.300000 148353.000000
-18079.800000 149090.000000
-18426.000000 149413.000000
-18554.000000 151426.000000
-18551.800000 152385.000000
-18550.700000 152614.000000
-17548.800000 152884.000000
-17331.800000 152882.000000
-17248.300000 153899.000000
-17256.100000 154807.000000
-17265.000000 156419.000000
-17258.300000 156190.000000
-17260.500000 155299.000000
-18551.800000 154734.000000
-18787.800000 154413.000000
-18617.500000 154371.000000
-18556.300000 154204.000000
-18557.400000 154195.000000
-18546.200000 151670.000000
-17970.700000 149774.000000
-17573.300000 149669.000000
-17531.000000 149673.000000
-17387.400000 149587.000000
-18558.500000 150257.000000
-18557.400000 151243.000000
-18549.600000 153846.000000
-18557.400000 154436.000000
-18817.900000 154335.000000
-17529.900000 152873.000000
-14994.000000 152844.000000
-12096.400000 152895.000000
-11991.800000 152899.000000
-9558.310000 152926.000000
-5455.070000 152808.000000
-4875.100000 152773.000000
-2891.390000 152977.000000
-1740.340000 148333.000000
-1747.020000 147371.000000
-1059.070000 148435.000000
-1155.910000 149123.000000
-12294.500000 151357.000000
-14175.800000 152752.000000
-14298.300000 152545.000000
-12776.600000 151666.000000
-12734.300000 151381.000000
-11914.900000 151372.000000
-10845.200000 151401.000000
-9832.160000 151374.000000
-8757.920000 152508.000000
-8757.920000 152510.000000
-10414.400000 154137.000000
-11394.000000 162731.000000
-17979.600000 170205.000000
-17981.900000 168644.000000
-17821.600000 167159.000000
-19260.900000 163508.000000
-19443.500000 163533.000000
-19478.000000 163530.000000
-18509.500000 166703.000000
-18476.100000 166699.000000
-18508.400000 165948.000000
-15235.600000 161976.000000
-15226.700000 161520.000000
-15428.200000 159648.000000
-15436.000000 159550.000000
-15546.200000 155985.000000
-15282.400000 155224.000000
-14496.400000 155199.000000
-14190.300000 155177.000000
-14620.000000 155095.000000
-14833.700000 155095.000000
-15578.500000 155807.000000
-15594.100000 156321.000000
-16624.900000 157875.000000
-16797.400000 157871.000000
-17252.700000 156936.000000
-12430.400000 155083.000000
-8668.870000 154609.000000
-8527.490000 154603.000000
-6515.950000 154264.000000
-6342.290000 152868.000000
-5298.110000 152781.000000
-4966.380000 152777.000000
-2608.630000 153093.000000
-2713.270000 153394.000000
-3098.440000 153763.000000
-3562.640000 152826.000000
-2958.180000 152701.000000
-1641.270000 151722.000000
-1705.830000 149914.000000
-1708.060000 149618.000000
-1721.420000 147002.000000
-2516.240000 147002.000000
-3495.850000 147002.000000
-5248.020000 147042.000000
-5948.220000 147051.000000
-8474.060000 147222.000000
-9671.860000 147280.000000
-10572.400000 141756.000000
-10386.500000 141614.000000
-9895.610000 142095.000000
-10143.900000 143589.000000
-10435.500000 143600.000000
-10149.400000 136340.000000
-9450.330000 136304.000000
-9413.590000 136386.000000
-10228.500000 135106.000000
-11717.900000 135195.000000
-16870.900000 135600.000000
-18148.800000 137393.000000
-19600.400000 145267.000000
-19486.900000 148015.000000
-19904.300000 154986.000000
-21390.500000 155130.000000
-22188.600000 156767.000000
-23846.200000 155930.000000
-23721.500000 155197.000000
-21313.600000 155186.000000
-20640.200000 155097.000000
-19551.500000 154460.000000
-19542.600000 154449.000000
-19419.000000 154424.000000
-19200.800000 154422.000000
-18790.000000 154427.000000
-18771.100000 154436.000000
-18618.600000 154424.000000
-18653.100000 154422.000000
-18780.000000 154409.000000
-18783.400000 154416.000000
-18803.400000 154431.000000
-18751.100000 154518.000000
-19571.500000 152995.000000
-19569.300000 152269.000000
-19422.300000 142874.000000
-19446.800000 141002.000000
-16628.200000 135509.000000
-16713.900000 134975.000000
-18493.900000 127839.000000
-18334.700000 127303.000000
-15560.700000 126465.000000
-15230.000000 126419.000000
-14156.900000 124208.000000
-14114.600000 123847.000000
-13496.800000 121975.000000
-13775.100000 121396.000000
-14119.100000 123738.000000
-14292.700000 124085.000000
-15279.000000 125646.000000
-15222.200000 126359.000000
-18241.200000 127196.000000
-18548.500000 127456.000000
-17656.800000 132263.000000
-17236.000000 133352.000000
-19528.100000 139866.000000
-19420.100000 141741.000000
-19598.200000 151993.000000
-19619.400000 153503.000000
-21949.300000 155259.000000
-21962.600000 156635.000000
-22816.500000 156700.000000
-21958.200000 159750.000000
-21960.400000 160592.000000
-22963.400000 163368.000000
-22466.900000 162969.000000
-18547.400000 165857.000000
-18493.900000 166834.000000
-18322.500000 170457.000000
-18423.800000 170508.000000
-18211.200000 167912.000000
-18521.800000 165743.000000
-19565.900000 157561.000000
-19573.700000 155422.000000
-21953.700000 156533.000000
-22542.600000 156798.000000
-23237.200000 156840.000000
-22639.500000 156787.000000
-21967.100000 156822.000000
-21790.100000 156820.000000
-19459.100000 158327.000000
-19371.100000 158802.000000
-18072.000000 169248.000000
-18290.200000 170441.000000
-18278.000000 170450.000000
-17799.300000 169840.000000
-18374.800000 167153.000000
-18964.800000 160743.000000
-19589.300000 156568.000000
-21854.700000 155128.000000
-21950.400000 155375.000000
-22815.300000 156702.000000
-23212.800000 156818.000000
-22127.400000 156856.000000
-22543.700000 156673.000000
-22813.100000 156709.000000
-22006.100000 156833.000000
-21616.400000 156827.000000
-20641.300000 155311.000000
-20641.300000 154917.000000
-20636.800000 152824.000000
-20632.400000 152365.000000
-20585.600000 152819.000000
-20602.300000 152819.000000
-19631.600000 154315.000000
-18992.600000 154407.000000
-18980.400000 154413.000000
-18555.200000 154487.000000
-18552.900000 154609.000000
-18555.200000 154542.000000
-18775.600000 154413.000000
-19637.200000 154451.000000
-21448.300000 156232.000000
-21455.000000 156426.000000
-21588.600000 156453.000000
-21334.800000 155987.000000
-20626.800000 156059.000000
-20648.000000 155852.000000
-20634.600000 155861.000000
-19651.600000 154424.000000
-18771.100000 154460.000000
-18798.900000 154453.000000
-18801.200000 154391.000000
-18629.700000 154440.000000
-18302.500000 154433.000000
-17711.300000 154438.000000
-17247.100000 154304.000000
-16774.000000 152826.000000
-15557.300000 150192.000000
-15559.500000 145793.000000
-14722.400000 142669.000000
-14305.000000 142538.000000
-14815.900000 143357.000000
-14812.600000 142943.000000
-14089.000000 142665.000000
-14086.800000 142669.000000
-13904.200000 145060.000000
-15719.800000 144971.000000
-15584.000000 149103.000000
-15598.500000 152223.000000
-15596.300000 154153.000000
-16474.600000 154905.000000
-16414.500000 152857.000000
-15472.700000 153124.000000
-15592.900000 152503.000000
-17139.200000 152801.000000
-18529.500000 152777.000000
-19564.800000 152710.000000
-18854.600000 150566.000000
-18544.000000 150321.000000
-18029.700000 151501.000000
-17575.500000 151633.000000
-16373.300000 151601.000000
-15675.300000 151706.000000
-14951.700000 152011.000000
-14852.700000 152285.000000
-16297.600000 152826.000000
-18195.600000 152824.000000
-18550.700000 153545.000000
-18545.100000 153779.000000
-18550.700000 154004.000000
-18561.800000 152966.000000
-17292.800000 152868.000000
-14427.400000 152853.000000
-14053.400000 152846.000000
-13476.800000 154634.000000
-13481.200000 154456.000000
-13379.900000 152868.000000
-11342.800000 152875.000000
-9805.440000 152886.000000
-8517.470000 152908.000000
-7277.370000 152906.000000
-6568.270000 152864.000000
-5409.430000 152779.000000
-3805.320000 152701.000000
-2497.310000 152643.000000
-1059.070000 152614.000000
1303.130000 152138.000000
1283.100000 147785.000000
1299.790000 143068.000000
982.533000 142495.000000
1031.510000 142451.000000
1245.250000 143557.000000
3165.510000 142322.000000
3618.580000 141832.000000
2770.320000 142556.000000
2646.760000 142625.000000
44.109300 143878.000000
8.487060 143985.000000
-1135.880000 145312.000000
-1214.910000 145312.000000
-543.658000 143495.000000
1494.600000 141649.000000
1625.960000 141402.000000
1059.340000 142353.000000
961.382000 142224.000000
-204.133000 141400.000000
-393.376000 140418.000000
-408.961000 140398.000000
-2301.390000 139029.000000
-2693.240000 139051.000000
-6445.820000 139247.000000
-6672.910000 139265.000000
-11517.500000 139439.000000
-11849.300000 139443.000000
-15627.400000 143502.000000
-15616.300000 143822.000000
-16493.500000 149159.000000
-16560.300000 149159.000000
-18596.300000 150470.000000
-19013.800000 150562.000000
-19082.800000 150553.000000
-19803.000000 154429.000000
-18813.400000 154456.000000
-20658.000000 155593.000000
-21556.300000 156604.000000
-21558.600000 156591.000000
-20758.200000 156119.000000
-20637.900000 155217.000000
-18810.100000 154449.000000
-20648.000000 155132.000000
-20711.400000 160672.000000
-21455.000000 160663.000000
-22320.000000 162123.000000
-22369.000000 162128.000000
-22549.300000 162778.000000
-23140.400000 163426.000000
-20093.600000 160937.000000
-19278.700000 160177.000000
-19550.300000 151593.000000
-18016.400000 149791.000000
-17751.400000 149733.000000
-17396.300000 149593.000000
-17407.400000 149604.000000
-18561.800000 149994.000000
-18565.200000 153244.000000
-18659.800000 154411.000000
-18792.300000 154424.000000
