-7063.640000 163967.000000
-7032.470000 165625.000000
-8737.890000 165485.000000
-8814.700000 166558.000000
-9478.160000 165806.000000
-7827.290000 165539.000000
-7091.470000 166305.000000
-7042.490000 165202.000000
-7055.850000 163996.000000
-6947.870000 160948.000000
-7960.880000 161048.000000
-8433.980000 159485.000000
-8438.440000 158900.000000
-8694.470000 157835.000000
-8613.210000 156922.000000
-9560.540000 156882.000000
-10150.500000 156842.000000
-10032.500000 156958.000000
-9660.720000 157528.000000
-9099.670000 158261.000000
-8854.770000 159251.000000
-8488.530000 159572.000000
-8464.040000 160919.000000
-7085.900000 161061.000000
-7066.980000 162938.000000
-6921.150000 162393.000000
-6839.890000 160754.000000
-8789.090000 161179.000000
-10054.800000 161498.000000
-11271.500000 157254.000000
-11229.200000 156402.000000
-12262.300000 157179.000000
-12498.300000 157192.000000
-13769.500000 157573.000000
-13913.100000 157361.000000
-13752.800000 157860.000000
-13080.500000 157924.000000
-12335.700000 156802.000000
-11101.200000 155061.000000
-10855.200000 154607.000000
-10871.900000 153224.000000
-10869.700000 152398.000000
-10860.700000 151829.000000
-10861.900000 151408.000000
-11385.100000 151372.000000
-11745.700000 149887.000000
-11749.100000 149725.000000
-11793.600000 148881.000000
-11838.100000 148282.000000
-13589.200000 148226.000000
-13824.100000 148220.000000
-13553.600000 147273.000000
-12955.800000 149359.000000
-13379.900000 149322.000000
-14252.700000 149188.000000
-14611.100000 149139.000000
-15370.300000 148235.000000
-14532.100000 148244.000000
-13096.000000 148235.000000
-12577.300000 148240.000000
-11927.200000 148251.000000
-10890.800000 149282.000000
-10281.900000 149248.000000
-8898.190000 149199.000000
-8870.360000 149199.000000
-8816.920000 149201.000000
-8546.420000 149615.000000
-8531.940000 149981.000000
-8524.150000 150813.000000
-8527.490000 150936.000000
-8495.210000 151822.000000
-8498.550000 152494.000000
-8507.450000 152793.000000
-8470.720000 153968.000000
-8470.720000 154091.000000
-8459.590000 154478.000000
-7536.750000 154520.000000
-6216.500000 155157.000000
-6144.140000 156555.000000
-5728.920000 158697.000000
-5850.260000 159454.000000
-5658.790000 161803.000000
-5662.130000 161878.000000
-5484.020000 162224.000000
-5254.700000 162651.000000
-4644.670000 164011.000000
-5497.370000 164038.000000
-7006.870000 163301.000000
-7010.210000 162457.000000
-7810.590000 161032.000000
-8240.290000 161084.000000
-10462.200000 161542.000000
-11228.100000 160456.000000
-11274.900000 157907.000000
-11281.500000 157040.000000
-11292.700000 155823.000000
-11294.900000 155653.000000
-11053.300000 154932.000000
-10856.300000 154894.000000
-10395.400000 154327.000000
-10404.300000 154073.000000
-10434.400000 152614.000000
-10416.600000 151519.000000
-10412.100000 150958.000000
-10464.500000 148796.000000
-10505.600000 145922.000000
-10522.300000 145363.000000
-15281.200000 145287.000000
-16578.100000 144330.000000
-16810.800000 144165.000000
-17291.700000 144245.000000
-16798.500000 144263.000000
-16093.900000 144778.000000
-15605.200000 146873.000000
-15606.300000 146890.000000
-15601.800000 148531.000000
-15626.300000 149255.000000
-15597.400000 151751.000000
-15598.500000 152113.000000
-15597.400000 153863.000000
-8438.440000 156292.000000
-8442.890000 156707.000000
-8440.660000 156776.000000
-7517.820000 156885.000000
-7376.450000 156880.000000
-5392.730000 156295.000000
-4224.990000 156197.000000
-3266.530000 158728.000000
-2817.910000 158074.000000
-4249.480000 157125.000000
-6347.860000 157686.000000
-6342.290000 157675.000000
-6925.600000 158209.000000
-7002.410000 158755.000000
-6955.660000 162097.000000
-7071.430000 162978.000000
-7079.220000 163404.000000
-7068.090000 163644.000000
-7078.110000 163864.000000
-7071.430000 165156.000000
-6751.950000 165592.000000
-6908.910000 165643.000000
-7058.070000 164383.000000
-7054.730000 164192.000000
-6952.320000 162391.000000
-6948.980000 162386.000000
-6957.890000 162404.000000
-6941.190000 162386.000000
-7063.640000 163248.000000
-6480.330000 163263.000000
-5401.640000 164639.000000
-5425.020000 164492.000000
-6236.540000 163582.000000
-6389.040000 163250.000000
-8492.980000 164067.000000
-9465.910000 164512.000000
-14586.600000 164376.000000
-15163.200000 163027.000000
-15647.500000 157773.000000
-15522.800000 158399.000000
-15886.800000 158768.000000
-15910.200000 158717.000000
-15005.200000 157439.000000
-14736.900000 157228.000000
-12969.100000 157920.000000
-10797.300000 156851.000000
-10293.000000 156871.000000
-8511.910000 159303.000000
-6969.020000 160567.000000
-1311.760000 162037.000000
-1470.950000 159343.000000
-1797.120000 158171.000000
-3334.440000 156010.000000
-3565.980000 154654.000000
-1104.710000 157582.000000
-1159.250000 157942.000000
-1173.730000 157953.000000
-1369.650000 157973.000000
-1189.310000 160229.000000
-1207.120000 160616.000000
-6967.910000 160068.000000
-6981.260000 159365.000000
-8159.020000 159267.000000
-8789.090000 159296.000000
-8858.110000 158917.000000
-10183.900000 157201.000000
-10421.000000 155112.000000
-10499.000000 154883.000000
-10374.300000 153712.000000
-10366.500000 153233.000000
-13671.600000 152830.000000
-15548.400000 149319.000000
20417.800000 198180.000000
-17346.200000 149110.000000
-17460.900000 149070.000000
-14697.900000 149208.000000
-13275.300000 149335.000000
-13004.800000 149364.000000
-10900.800000 149277.000000
-10283.000000 149246.000000
-10035.900000 151259.000000
-10023.600000 151316.000000
-9703.030000 152323.000000
-9697.460000 152632.000000
-9686.330000 154108.000000
-9666.290000 155411.000000
-9661.840000 156335.000000
-9463.690000 157530.000000
-9412.480000 157508.000000
-9138.640000 158247.000000
-8836.960000 158381.000000
-7976.460000 159258.000000
-7508.920000 159220.000000
-3538.150000 160968.000000
-1922.910000 162085.000000
-1979.680000 162085.000000
-3249.830000 160912.000000
-4081.390000 160694.000000
-8190.190000 161003.000000
-8220.250000 160970.000000
-8606.530000 162175.000000
-8927.130000 162197.000000
-8447.340000 161809.000000
-8166.820000 161153.000000
-7043.600000 162711.000000
-403544.000000 1759690.000000
-7585.730000 160863.000000
-8261.440000 160966.000000
-6743.040000 160939.000000
-6947.870000 160770.000000
-7949.740000 159225.000000
-8074.420000 159225.000000
-8324.890000 159249.000000
-8731.210000 159280.000000
-9351.260000 158207.000000
-9610.630000 158399.000000
-9631.780000 160930.000000
-9602.840000 161010.000000
-11362.800000 161607.000000
-12546.100000 161602.000000
-13185.100000 161976.000000
-13147.300000 162037.000000
-11306.000000 161700.000000
-11223.600000 160425.000000
-11008.800000 159498.000000
-10412.100000 159458.000000
-10151.600000 158330.000000
-10166.100000 157866.000000
-10179.500000 157276.000000
-10183.900000 157036.000000
-10428.800000 155119.000000
-10360.900000 153249.000000
-10378.700000 152508.000000
-9723.060000 151824.000000
-9704.140000 152127.000000
-9705.250000 152427.000000
-9690.780000 153022.000000
-9689.670000 153817.000000
-9690.780000 154258.000000
-9677.420000 154471.000000
-9678.540000 154558.000000
-9664.060000 156326.000000
-9665.180000 156364.000000
-9650.710000 156715.000000
-9650.710000 156731.000000
-7589.070000 156918.000000
-7049.170000 156860.000000
-4682.520000 156181.000000
-4221.650000 156399.000000
-3308.830000 157907.000000
-3297.700000 157982.000000
-3207.530000 161317.000000
-3199.740000 161565.000000
-3193.060000 161872.000000
-3191.950000 161878.000000
-2479.500000 162155.000000
-2131.070000 162134.000000
-1808.250000 163025.000000
-1820.490000 163058.000000
-1957.420000 163121.000000
-1966.320000 163123.000000
-2480.620000 163617.000000
-2908.080000 163851.000000
-3345.570000 164002.000000
-3807.550000 164018.000000
-4030.180000 163470.000000
-4027.960000 163090.000000
-4056.900000 162542.000000
-4037.980000 162370.000000
-3050.570000 160910.000000
-1627.910000 161024.000000
-148.473000 157953.000000
265.635000 157973.000000
657.480000 159042.000000
645.235000 159456.000000
-484.658000 159572.000000
-505.809000 157613.000000
-1445.350000 161006.000000
-2087.660000 160934.000000
-3240.930000 160926.000000
-3217.550000 161324.000000
-3292.140000 162201.000000
-3891.030000 162232.000000
-5412.770000 162190.000000
-5580.860000 162224.000000
-5575.300000 166207.000000
-5541.900000 167313.000000
-5420.560000 171481.000000
-5419.450000 171552.000000
-4742.630000 172151.000000
-4650.230000 171886.000000
-5465.090000 168631.000000
-5903.690000 168337.000000
-7014.660000 166721.000000
-7060.300000 165986.000000
-7691.480000 163951.000000
-7424.320000 163595.000000
-7370.880000 162871.000000
-7063.640000 163009.000000
-7046.940000 162713.000000
-6937.850000 162382.000000
-10395.400000 151570.000000
-6944.530000 162397.000000
-7061.410000 162724.000000
-7066.980000 163065.000000
-7628.030000 165576.000000
-7802.800000 165505.000000
-9414.710000 165472.000000
-9566.100000 161618.000000
-11235.900000 160480.000000
-11224.800000 160269.000000
-11290.400000 156021.000000
-11291.600000 155903.000000
-11188.000000 155032.000000
-10399.900000 153999.000000
-10405.500000 153685.000000
-9851.080000 154709.000000
-9690.780000 154727.000000
-10809.500000 156553.000000
-10811.800000 156720.000000
-9664.060000 157490.000000
-9659.610000 157633.000000
-10717.100000 158227.000000
-10402.100000 158232.000000
-8854.770000 159262.000000
-8677.770000 159298.000000
-8486.300000 159726.000000
-8514.130000 159314.000000
-8442.890000 157069.000000
-8444.000000 157036.000000
-9170.920000 156889.000000
-9492.630000 156889.000000
-13644.800000 156724.000000
-13811.800000 158303.000000
-13870.800000 158323.000000
-13753.900000 158045.000000
-13757.300000 157797.000000
-8466.270000 158089.000000
-8471.830000 158116.000000
-8260.320000 159278.000000
-8181.290000 159278.000000
-7264.020000 157684.000000
-7239.520000 157613.000000
-6356.760000 158541.000000
-6111.860000 157691.000000
-6131.900000 157602.000000
-8195.760000 158261.000000
-8258.100000 158258.000000
-9109.690000 158225.000000
-9231.030000 157831.000000
-10112.700000 156867.000000
-10217.300000 156865.000000
-12757.600000 156898.000000
-12887.900000 157334.000000
-12675.300000 157775.000000
-12405.900000 157183.000000
-10912.000000 156902.000000
-10802.900000 156938.000000
-10556.800000 158726.000000
-10739.400000 159300.000000
-11018.800000 159481.000000
-11448.500000 161398.000000
-12090.800000 161582.000000
-14227.000000 161578.000000
-14956.200000 161600.000000
-15249.000000 161315.000000
-15404.800000 159688.000000
-15427.100000 159296.000000
-14504.200000 158018.000000
-14416.300000 158007.000000
-12915.700000 156756.000000
-12253.400000 156778.000000
-9898.950000 156902.000000
-9745.330000 156867.000000
-8593.170000 156909.000000
-8587.600000 156909.000000
-8401.700000 155400.000000
-8399.470000 155088.000000
-8370.530000 155500.000000
-8449.570000 156591.000000
-8465.150000 159171.000000
-8466.270000 160369.000000
-9326.770000 161353.000000
-9123.050000 161315.000000
-8308.190000 159285.000000
-7827.290000 159247.000000
-6981.260000 158779.000000
-6976.810000 158666.000000
-6356.760000 157619.000000
-6348.970000 157929.000000
-5672.150000 161560.000000
-5644.320000 163241.000000
-5623.170000 164924.000000
-5622.050000 164935.000000
-5924.840000 165296.000000
-5923.730000 164452.000000
-5543.020000 164263.000000
-5589.770000 163241.000000
-7052.510000 160926.000000
-7644.730000 160992.000000
-8430.640000 159846.000000
-8417.290000 159476.000000
-6965.680000 160458.000000
-6907.790000 162397.000000
-6971.250000 162404.000000
-6991.280000 159356.000000
-7724.880000 159227.000000
-8184.630000 159227.000000
-8519.700000 159287.000000
-9577.230000 159345.000000
-10652.600000 159456.000000
-11468.600000 159496.000000
-11603.200000 160340.000000
-12351.300000 160474.000000
-12346.900000 159512.000000
-12063.000000 158782.000000
-11999.500000 157179.000000
-12651.900000 157170.000000
-13375.500000 157913.000000
-13578.100000 157931.000000
-13673.800000 157880.000000
-14262.700000 157949.000000
-14831.500000 158425.000000
-15426.000000 158501.000000
-13986.600000 156782.000000
-11391.700000 156825.000000
-10150.500000 156898.000000
-9649.590000 157412.000000
-9239.940000 158011.000000
-8850.320000 158824.000000
-8559.770000 159325.000000
-7098.150000 159225.000000
-6347.860000 158808.000000
-5589.770000 159699.000000
-5500.710000 159701.000000
-5726.690000 158267.000000
-6043.950000 157570.000000
-7000.190000 157586.000000
-7790.560000 156865.000000
-8423.960000 155676.000000
-8421.740000 155112.000000
-8419.510000 154752.000000
-8447.340000 153469.000000
-8472.940000 153269.000000
-8482.960000 153089.000000
-8467.380000 152630.000000
-8241.400000 152721.000000
-8968.320000 152899.000000
-5386.060000 152775.000000
-11537.600000 152882.000000
-12749.800000 152828.000000
-12778.800000 153779.000000
-13215.200000 153924.000000
-13479.000000 154986.000000
-13979.900000 156016.000000
-14280.500000 155983.000000
-14887.200000 157067.000000
-14887.200000 157232.000000
-14881.600000 157366.000000
-14699.000000 158020.000000
-14418.500000 158027.000000
-14360.600000 157940.000000
-14364.000000 156992.000000
-15515.000000 157472.000000
-15546.200000 156722.000000
-15552.900000 156174.000000
-15556.200000 153098.000000
-15541.700000 149342.000000
-15923.600000 149081.000000
-16564.800000 148355.000000
-16499.100000 147164.000000
-16513.600000 147169.000000
-15607.400000 148364.000000
-15606.300000 150735.000000
-15608.500000 151475.000000
-15604.100000 151964.000000
-15603.000000 152381.000000
-15603.000000 153525.000000
-15566.200000 157132.000000
-15373.600000 160857.000000
-13590.300000 165801.000000
-11614.400000 166547.000000
-11722.400000 173113.000000
-11508.600000 177263.000000
-12084.100000 183020.000000
-11765.800000 188568.000000
-11719.000000 190977.000000
-11867.100000 190548.000000
-11705.700000 188749.000000
-11903.800000 185086.000000
-12048.500000 182860.000000
-11667.800000 180551.000000
-11635.500000 175250.000000
-11599.900000 168900.000000
-10157.200000 166563.000000
-9483.730000 166340.000000
-9544.950000 161985.000000
-9588.370000 160621.000000
-9595.050000 160084.000000
-9602.840000 159559.000000
-8432.870000 157105.000000
-8444.000000 155678.000000
-7304.090000 156081.000000
-7308.540000 156602.000000
-7307.430000 156735.000000
-7290.730000 157452.000000
-7000.190000 158619.000000
-6967.910000 159966.000000
-7073.660000 163800.000000
-7061.410000 165029.000000
-7050.280000 163878.000000
-7043.600000 163795.000000
-11290.400000 158189.000000
-10413.200000 153817.000000
-10461.100000 149366.000000
-10541.300000 145428.000000
-10610.300000 140844.000000
-12930.200000 138684.000000
-12990.300000 136538.000000
-13238.500000 136504.000000
-13003.600000 137039.000000
-12956.900000 139060.000000
-13815.200000 139454.000000
-14389.600000 140078.000000
-14515.400000 140133.000000
-14170.300000 141302.000000
-14066.700000 142981.000000
-13951.000000 144499.000000
-13565.800000 145951.000000
-11970.600000 146147.000000
-11829.200000 148291.000000
-10838.500000 149275.000000
-9989.120000 150395.000000
-9652.930000 151319.000000
-9686.330000 153106.000000
-9621.760000 154647.000000
-8426.190000 155473.000000
-8433.980000 154747.000000
-7313.000000 155518.000000
-7308.540000 156651.000000
-7308.540000 156769.000000
-7271.810000 158007.000000
-6969.020000 160044.000000
-7172.730000 162471.000000
-7675.900000 162943.000000
-7575.710000 162756.000000
-7052.510000 163087.000000
-7000.190000 162455.000000
-6930.060000 162375.000000
-6938.960000 162388.000000
-6937.850000 161896.000000
-4485.480000 160750.000000
-1781.530000 161019.000000
69.712800 160191.000000
-475.753000 159567.000000
-2160.020000 156929.000000
-2763.370000 155976.000000
-5255.810000 156241.000000
-4229.450000 156315.000000
-5293.660000 157308.000000
-6269.930000 157575.000000
-6969.020000 158212.000000
-8205.780000 159262.000000
-8872.580000 159917.000000
-9221.010000 158227.000000
-9541.610000 158229.000000
-10176.100000 159443.000000
-8521.930000 159325.000000
-8412.830000 159300.000000
-6931.170000 162008.000000
-3226.460000 160033.000000
-2581.920000 157288.000000
-2183.390000 157490.000000
-1236.060000 161322.000000
-2648.710000 161939.000000
-3008.270000 162139.000000
-4621.290000 162275.000000
-7018.000000 163250.000000
-7241.750000 165748.000000
-9491.520000 166002.000000
-9514.900000 163651.000000
-9585.030000 160476.000000
-9601.720000 159572.000000
-9812.120000 159392.000000
-10159.400000 158746.000000
-9400.240000 156940.000000
-9179.820000 157294.000000
-8848.090000 158995.000000
-8760.150000 159309.000000
-8410.610000 157368.000000
-7369.770000 156894.000000
-3533.700000 156101.000000
-2373.750000 154409.000000
-1538.850000 154471.000000
-1227.160000 155771.000000
-1088.010000 157746.000000
-1243.860000 161077.000000
-2650.940000 161798.000000
-2644.260000 162010.000000
-3073.950000 162152.000000
-3303.270000 162212.000000
-4138.160000 162264.000000
-5666.580000 162938.000000
-6941.190000 163210.000000
-7602.430000 159104.000000
-6989.060000 157577.000000
-6403.520000 157548.000000
-6346.740000 157760.000000
-6976.810000 158777.000000
-7232.850000 162368.000000
-6926.720000 162284.000000
-6923.380000 162259.000000
-6997.960000 159296.000000
-7061.410000 158234.000000
-7277.370000 155649.000000
-7325.240000 155195.000000
-6498.140000 153467.000000
-6511.500000 152405.000000
-5675.490000 149315.000000
-5049.870000 149119.000000
-4390.860000 150257.000000
-3741.870000 150339.000000
-3609.400000 152234.000000
-3815.340000 152659.000000
-4915.170000 152735.000000
-6616.140000 152848.000000
-7077.000000 152884.000000
-8420.620000 152895.000000
-8731.210000 152775.000000
-9210.990000 151900.000000
-9323.430000 152385.000000
-9674.080000 154202.000000
-9680.760000 154300.000000
-9664.060000 154418.000000
-9664.060000 155168.000000
-10052.600000 156871.000000
-10895.300000 156847.000000
-11973.900000 156221.000000
-11973.900000 157052.000000
-12422.600000 157036.000000
-12299.000000 156813.000000
-9750.890000 156936.000000
-9656.270000 157161.000000
-9179.820000 157156.000000
-9123.050000 156945.000000
-7337.490000 156880.000000
-5103.300000 156203.000000
-4036.860000 156125.000000
-1718.080000 155843.000000
-1251.650000 155829.000000
684.196000 157223.000000
1113.890000 157234.000000
628.537000 157947.000000
-1770.400000 158009.000000
-2386.000000 158719.000000
-3293.250000 160451.000000
-3439.080000 160271.000000
-3564.870000 160469.000000
-4216.090000 160505.000000
-5726.690000 158216.000000
-6070.670000 158167.000000
-6419.100000 158196.000000
-7125.980000 158218.000000
-7290.730000 157165.000000
-7294.070000 157087.000000
-7548.990000 156847.000000
-8374.980000 156867.000000
-8427.300000 155642.000000
-8433.980000 154763.000000
-8458.470000 153652.000000
-8486.300000 153253.000000
-8471.830000 153011.000000
-8487.420000 152383.000000
-8515.250000 152174.000000
-8305.970000 152076.000000
-8258.100000 152067.000000
-7600.200000 152138.000000
-7537.860000 152632.000000
-7367.540000 154295.000000
-7208.360000 156882.000000
-6830.980000 156887.000000
-6724.120000 157332.000000
-6715.210000 157530.000000
-6659.550000 158209.000000
-6951.210000 158212.000000
-8287.040000 156878.000000
-9176.480000 156885.000000
-9804.330000 156902.000000
-11286.000000 154847.000000
-12159.800000 155026.000000
-15548.400000 153380.000000
-15546.200000 151372.000000
-15544.000000 148398.000000
-14949.500000 148242.000000
-13941.000000 148240.000000
-13633.700000 148237.000000
-12983.600000 148237.000000
-12541.700000 148244.000000
-10870.800000 149228.000000
-10127.200000 149237.000000
-9557.200000 150956.000000
-9707.480000 152276.000000
-9697.460000 154538.000000
-9697.460000 154545.000000
-9661.840000 154745.000000
-8937.150000 154629.000000
-8446.230000 155538.000000
-8445.120000 156190.000000
-8452.910000 156582.000000
-8461.810000 158873.000000
-8460.700000 160487.000000
-8457.360000 161709.000000
-8531.940000 162627.000000
-8804.680000 165450.000000
-8419.510000 165512.000000
-7959.760000 165527.000000
-7065.870000 164414.000000
-7060.300000 163130.000000
-6930.060000 162415.000000
-7070.320000 163334.000000
-7068.090000 164443.000000
-7534.520000 165623.000000
-8413.950000 165507.000000
-9489.290000 166240.000000
-8789.090000 166155.000000
-7822.840000 165530.000000
-7113.730000 165799.000000
-4714.800000 164103.000000
-3148.530000 164031.000000
-2990.460000 162179.000000
-2200.090000 161711.000000
-648.298000 160756.000000
1052.660000 160883.000000
1953.240000 160496.000000
1962.140000 159550.000000
1785.150000 158741.000000
1664.920000 158626.000000
1159.530000 158619.000000
535.028000 158599.000000
177.693000 158590.000000
-253.114000 158583.000000
-1175.950000 157949.000000
-1806.020000 158652.000000
-1201.560000 160865.000000
-2145.550000 161536.000000
-2712.160000 162130.000000
-2989.350000 162166.000000
-4948.570000 160750.000000
-6914.470000 160926.000000
-8470.720000 161845.000000
-9182.050000 159832.000000
-9165.350000 159365.000000
-8429.530000 157032.000000
-8422.850000 155101.000000
-8458.470000 153120.000000
-8505.230000 152249.000000
-8028.780000 151791.000000
-7543.430000 152599.000000
-7353.070000 155006.000000
-7305.200000 156065.000000
-7301.860000 156756.000000
-6189.780000 157014.000000
-5826.880000 157537.000000
-6336.720000 157731.000000
-7927.480000 159238.000000
-8295.950000 159269.000000
-8855.880000 159245.000000
-9229.920000 158234.000000
-10114.900000 158216.000000
-10244.000000 156876.000000
-10773.900000 156829.000000
-11889.300000 156217.000000
-11980.600000 155279.000000
-9719.720000 154698.000000
-9666.290000 156929.000000
-9664.060000 158212.000000
-10582.400000 156829.000000
-10871.900000 153040.000000
-9985.780000 151813.000000
-9704.140000 152390.000000
-9686.330000 154576.000000
-9675.200000 155059.000000
-9854.420000 156920.000000
-9650.710000 157570.000000
-8466.270000 156909.000000
-8474.060000 152735.000000
-7641.390000 151780.000000
-7522.280000 152781.000000
-7364.200000 154387.000000
-8407.270000 156887.000000
-8476.280000 158904.000000
-9327.880000 160678.000000
-9465.910000 160676.000000
-9588.370000 159979.000000
-9608.400000 159485.000000
-8772.390000 154560.000000
-9679.650000 154215.000000
-9665.180000 156408.000000
-9660.720000 156793.000000
-6969.020000 160068.000000
-6887.760000 162397.000000
-3641.680000 160946.000000
-2981.550000 162195.000000
-3039.440000 162206.000000
-4050.220000 162914.000000
-4434.270000 163568.000000
-6971.250000 163250.000000
-6932.280000 162384.000000
-7059.190000 162281.000000
-6938.960000 161126.000000
-5049.870000 160767.000000
-594.865000 157121.000000
1190.700000 153547.000000
4226.380000 153060.000000
5455.350000 149371.000000
7476.910000 149302.000000
8693.630000 149177.000000
8929.630000 147839.000000
8929.630000 145971.000000
7557.060000 149299.000000
4367.760000 149373.000000
4146.230000 149371.000000
3502.810000 149404.000000
7848.720000 149257.000000
8040.190000 149179.000000
8929.630000 145975.000000
8921.840000 145973.000000
8908.480000 145946.000000
7850.950000 149224.000000
7617.170000 149306.000000
3893.540000 149373.000000
3746.600000 149382.000000
3082.020000 150987.000000
15.166200 153641.000000
-353.301000 153643.000000
-1859.450000 160986.000000
-4050.220000 163101.000000
-4035.750000 163432.000000
-6235.420000 163631.000000
-6936.740000 162370.000000
-6946.750000 162386.000000
-6942.300000 162402.000000
-6928.940000 162377.000000
-6877.740000 161032.000000
-5018.700000 163103.000000
-4760.440000 163566.000000
-4464.330000 163588.000000
-4021.280000 163904.000000
-3423.490000 164134.000000
-1453.140000 163711.000000
-1312.880000 163720.000000
-957.766000 164666.000000
-1000.070000 164684.000000
-1268.350000 164261.000000
-1286.160000 163766.000000
-2278.020000 163720.000000
-4454.310000 163546.000000
-5015.360000 164087.000000
-6931.170000 162397.000000
-6925.600000 162375.000000
-6950.090000 162355.000000
-6944.530000 162346.000000
-6961.230000 162364.000000
-4817.210000 160759.000000
-2206.770000 162168.000000
-1840.530000 162074.000000
-1944.060000 161947.000000
-1960.750000 161930.000000
-3277.660000 162197.000000
-3884.360000 162230.000000
-5534.110000 161072.000000
-5474.000000 161199.000000
-5566.390000 161037.000000
-5669.920000 158966.000000
-4263.950000 157121.000000
-4223.880000 155611.000000
-4259.500000 154445.000000
-4318.500000 152875.000000
-4280.650000 152294.000000
-3606.060000 152601.000000
-3553.740000 154209.000000
-3552.620000 155181.000000
-4188.260000 155179.000000
-5195.700000 157248.000000
-6269.930000 157561.000000
-7602.430000 158274.000000
-7907.440000 159294.000000
-7906.330000 159289.000000
-7043.600000 159231.000000
-5898.130000 158639.000000
-6311.120000 158203.000000
-8824.710000 158661.000000
-8839.190000 158926.000000
-8647.720000 159327.000000
-8849.200000 159298.000000
-8307.080000 156965.000000
-8155.680000 156947.000000
-7286.280000 157691.000000
-7270.690000 158160.000000
-8135.650000 159222.000000
-8191.310000 159225.000000
-8486.300000 161999.000000
-8491.870000 162050.000000
-8540.850000 162137.000000
-8540.850000 162134.000000
-5678.830000 156424.000000
-5603.130000 156390.000000
-4233.900000 155230.000000
-3754.110000 155128.000000
-4080.280000 155130.000000
-4239.460000 156032.000000
