40.769700 151432.000000
32.977300 148794.000000
-563.695000 147022.000000
-464.621000 149400.000000
-499.130000 151550.000000
-751.825000 152975.000000
-703.958000 152708.000000
-1034.580000 150036.000000
-721.769000 147518.000000
-387.810000 145025.000000
-1145.900000 143034.000000
-1172.610000 142228.000000
-1407.500000 141224.000000
-3491.400000 141284.000000
-5131.130000 141801.000000
-5597.560000 141093.000000
-5600.900000 141102.000000
-4713.690000 140095.000000
-4660.250000 140699.000000
-4722.590000 141438.000000
-6156.390000 139808.000000
-4732.610000 140761.000000
-2796.760000 140202.000000
-1603.420000 140009.000000
-1610.100000 139802.000000
-1170.390000 139434.000000
-1822.720000 138960.000000
147.636000 137388.000000
512.764000 136607.000000
1666.030000 134993.000000
1812.980000 134592.000000
2358.440000 135672.000000
3703.180000 135039.000000
3394.830000 134607.000000
1683.850000 131967.000000
1682.730000 131967.000000
1966.600000 135202.000000
2094.610000 138185.000000
1795.160000 141200.000000
1974.390000 141592.000000
1973.280000 141580.000000
3279.050000 138537.000000
3498.350000 138671.000000
1841.920000 141031.000000
498.293000 143773.000000
-1177.070000 141387.000000
-601.544000 138938.000000
1324.280000 137604.000000
2913.930000 135934.000000
2290.540000 137212.000000
586.235000 141111.000000
-1024.560000 142197.000000
-1350.720000 140641.000000
-1999.720000 141242.000000
-3224.230000 141736.000000
-3430.170000 141750.000000
-4998.660000 143571.000000
-6744.150000 143631.000000
-8121.180000 143640.000000
-9564.990000 144254.000000
-10569.100000 145512.000000
-10550.200000 146995.000000
-10684.900000 148244.000000
-10779.500000 147405.000000
-10733.800000 147342.000000
-10539.000000 147371.000000
-9829.930000 149250.000000
-8833.620000 149230.000000
-8251.420000 149179.000000
-8484.080000 149522.000000
-8537.510000 150163.000000
-8524.150000 150666.000000
-9470.370000 151379.000000
-9681.870000 152539.000000
-9647.370000 153349.000000
-9676.310000 154171.000000
-9649.590000 154522.000000
-10375.400000 155355.000000
-10501.200000 155386.000000
-11901.600000 156789.000000
-13658.200000 156678.000000
-14722.400000 157147.000000
-16223.000000 158421.000000
-16383.300000 157450.000000
-15585.100000 157479.000000
-15518.400000 154705.000000
-15550.600000 151958.000000
-15545.100000 147367.000000
-16500.200000 147182.000000
-16338.800000 146625.000000
-15572.900000 145125.000000
-14011.100000 143137.000000
-12551.700000 141672.000000
-9859.990000 141612.000000
-7847.330000 141004.000000
-7315.220000 140532.000000
-6927.830000 141874.000000
-6546.000000 142282.000000
-6277.720000 142932.000000
-7870.710000 141649.000000
-9523.800000 139428.000000
-15957.000000 138882.000000
-16546.900000 138653.000000
-16363.300000 141031.000000
-13425.500000 139541.000000
-7954.200000 139374.000000
-2035.340000 139140.000000
-1859.450000 136558.000000
-2857.990000 137444.000000
-4664.710000 136865.000000
-4360.800000 136689.000000
-4142.620000 135999.000000
-2137.750000 136228.000000
-2142.210000 136230.000000
-4678.060000 136021.000000
-5864.730000 139207.000000
-11045.500000 139407.000000
-15429.300000 140363.000000
-15713.200000 141641.000000
-15674.200000 142255.000000
-15662.000000 142778.000000
-15608.500000 144744.000000
-15579.600000 153173.000000
-15502.800000 155155.000000
-14805.900000 155166.000000
-14562.100000 155175.000000
-14506.500000 155262.000000
-14504.200000 155268.000000
-14037.800000 155195.000000
-13476.800000 153868.000000
-12329.100000 151330.000000
-12342.400000 151129.000000
-13692.700000 149257.000000
-15569.600000 148939.000000
-15939.100000 149117.000000
-13860.800000 148222.000000
-11505.300000 147327.000000
-10988.800000 147318.000000
-10742.700000 150820.000000
-10849.600000 153641.000000
-10807.300000 156284.000000
-10757.200000 159939.000000
-10758.300000 159939.000000
-10768.400000 157550.000000
-10844.100000 154315.000000
-10752.800000 150323.000000
-10327.500000 146076.000000
-9977.980000 145510.000000
-8685.570000 143791.000000
-8923.790000 137698.000000
-8930.470000 136838.000000
-7715.970000 137998.000000
-5344.870000 140046.000000
-4948.570000 141407.000000
-3790.850000 141356.000000
-3485.830000 142280.000000
-1679.120000 141278.000000
733.177000 141102.000000
4158.480000 134806.000000
6958.160000 129671.000000
9057.650000 123914.000000
11795.000000 116640.000000
31117.800000 104932.000000
32313.400000 105208.000000
32323.400000 105195.000000
32330.100000 105183.000000
32334.600000 105210.000000
32349.000000 105190.000000
32341.200000 105183.000000
32334.600000 105183.000000
32317.900000 105221.000000
32326.800000 105201.000000
32327.900000 105203.000000
32326.800000 105208.000000
32323.400000 105212.000000
32322.300000 105217.000000
32312.300000 105237.000000
32281.100000 105264.000000
32302.300000 105221.000000
32313.400000 105230.000000
32317.900000 105226.000000
32312.300000 105306.000000
32303.400000 105304.000000
32298.900000 105355.000000
32281.100000 105286.000000
32287.800000 105297.000000
32292.300000 105297.000000
32331.200000 105157.000000
32330.100000 105166.000000
32327.900000 105175.000000
32326.800000 105186.000000
32350.100000 105159.000000
32311.200000 105201.000000
32311.200000 105199.000000
32312.300000 105210.000000
32317.900000 105208.000000
32321.200000 105210.000000
32322.300000 105210.000000
32327.900000 105179.000000
32307.800000 105025.000000
32297.800000 105197.000000
32302.300000 105203.000000
32303.400000 105208.000000
32303.400000 105210.000000
32319.000000 105226.000000
32319.000000 105232.000000
32319.000000 105235.000000
32325.600000 105168.000000
32321.200000 105186.000000
32322.300000 105195.000000
32334.600000 105103.000000
32326.800000 105170.000000
32319.000000 105181.000000
32322.300000 105150.000000
32326.800000 105246.000000
32325.600000 105210.000000
32314.500000 105188.000000
32309.000000 105228.000000
32321.200000 105239.000000
32324.500000 105241.000000
32327.900000 105299.000000
32320.100000 105355.000000
32325.600000 105417.000000
32293.400000 105226.000000
32016.200000 105050.000000
27533.300000 104571.000000
26022.700000 105491.000000
28366.000000 111032.000000
24155.900000 110789.000000
23757.400000 110772.000000
23531.400000 110342.000000
23648.300000 106900.000000
23648.300000 106916.000000
23653.900000 106953.000000
25006.400000 108031.000000
28123.300000 109471.000000
28122.200000 109465.000000
28123.300000 109465.000000
28354.900000 109454.000000
28288.100000 107888.000000
29866.600000 105720.000000
31737.900000 107343.000000
27918.500000 104288.000000
30235.100000 104863.000000
28315.900000 104175.000000
27406.400000 102792.000000
26484.700000 99633.000000
29353.400000 97927.600000
29660.700000 97197.400000
27461.000000 102394.000000
27420.900000 102494.000000
25810.100000 106428.000000
25675.400000 105945.000000
25684.300000 105533.000000
25686.600000 105533.000000
25661.000000 105562.000000
25664.300000 105557.000000
25667.600000 105557.000000
25669.900000 105555.000000
25666.500000 105544.000000
25689.900000 105546.000000
25679.900000 105468.000000
25674.300000 105455.000000
27287.300000 106731.000000
26445.800000 107339.000000
24966.300000 104246.000000
22594.100000 103266.000000
22531.800000 103235.000000
20954.400000 103344.000000
20677.200000 103391.000000
20431.200000 103389.000000
19945.800000 104442.000000
19019.600000 105664.000000
19015.200000 105678.000000
19017.400000 105662.000000
19018.500000 105660.000000
19019.600000 105658.000000
19978.100000 105972.000000
25331.400000 106448.000000
28527.400000 102487.000000
29568.300000 102389.000000
29429.100000 101120.000000
29593.900000 101877.000000
29453.600000 102447.000000
27715.900000 102567.000000
27710.300000 102579.000000
27583.400000 104495.000000
24057.900000 106070.000000
24155.900000 106550.000000
24113.600000 106321.000000
24073.500000 106294.000000
24114.700000 106366.000000
24172.600000 106508.000000
24390.800000 107229.000000
24386.300000 107303.000000
28730.000000 104297.000000
30639.200000 104805.000000
32576.100000 104277.000000
32302.300000 105232.000000
32304.500000 105199.000000
32295.600000 105217.000000
32309.000000 105197.000000
32309.000000 105199.000000
32310.100000 105197.000000
32250.000000 105215.000000
31490.800000 104849.000000
25777.800000 106428.000000
24145.900000 107361.000000
24025.700000 107757.000000
24022.300000 107748.000000
24023.400000 107690.000000
24021.200000 107695.000000
24012.300000 107675.000000
24135.900000 107323.000000
25437.200000 106452.000000
30003.500000 104805.000000
32307.800000 105210.000000
32305.600000 105206.000000
32313.400000 105210.000000
32320.100000 105252.000000
32327.900000 105272.000000
32309.000000 105223.000000
32290.000000 105219.000000
32320.100000 105215.000000
32321.200000 105212.000000
32317.900000 105223.000000
32295.600000 105230.000000
32307.800000 105219.000000
32310.100000 105217.000000
32310.100000 105219.000000
32307.800000 105217.000000
32312.300000 105183.000000
32311.200000 105192.000000
32311.200000 105206.000000
32311.200000 105208.000000
32300.000000 105223.000000
32341.200000 105150.000000
32303.400000 105228.000000
-3491.400000 156807.000000
32319.000000 105154.000000
32283.300000 105179.000000
32284.500000 105181.000000
32286.700000 105181.000000
32291.100000 105183.000000
32333.400000 105206.000000
32309.000000 105212.000000
32314.500000 105203.000000
32313.400000 105195.000000
32317.900000 105199.000000
32313.400000 105195.000000
32278.900000 105201.000000
32300.000000 105201.000000
32304.500000 105199.000000
32312.300000 105206.000000
32306.700000 105219.000000
32312.300000 105210.000000
32336.800000 105226.000000
32331.200000 105226.000000
32329.000000 105223.000000
32327.900000 105223.000000
32326.800000 105223.000000
32325.600000 105223.000000
32329.000000 105239.000000
32333.400000 105270.000000
32341.200000 105266.000000
32350.100000 105210.000000
32287.800000 105295.000000
32301.200000 105212.000000
32307.800000 105219.000000
32309.000000 105219.000000
32307.800000 105226.000000
32307.800000 105219.000000
32316.700000 105255.000000
32310.100000 105241.000000
32302.300000 105235.000000
32290.000000 105068.000000
32297.800000 105081.000000
32305.600000 105248.000000
32310.100000 105235.000000
32314.500000 105246.000000
32316.700000 105246.000000
32316.700000 105237.000000
32315.600000 105252.000000
32302.300000 105210.000000
32304.500000 105210.000000
32307.800000 105206.000000
32309.000000 105206.000000
32307.800000 105206.000000
32309.000000 105208.000000
32309.000000 105206.000000
32311.200000 105206.000000
32310.100000 105206.000000
32310.100000 105212.000000
32312.300000 105197.000000
32310.100000 105217.000000
32309.000000 105221.000000
32296.700000 105226.000000
32313.400000 105226.000000
32311.200000 105226.000000
32320.100000 105275.000000
32305.600000 105223.000000
32303.400000 105219.000000
32295.600000 105370.000000
32294.500000 105252.000000
32309.000000 105252.000000
32311.200000 105246.000000
32307.800000 105281.000000
32305.600000 105255.000000
32296.700000 105197.000000
32305.600000 105203.000000
32311.200000 105230.000000
32312.300000 105223.000000
32313.400000 105223.000000
32314.500000 105219.000000
32314.500000 105217.000000
32350.100000 105170.000000
32325.600000 105230.000000
32315.600000 105215.000000
32314.500000 105212.000000
32315.600000 105215.000000
32316.700000 105215.000000
32315.600000 105212.000000
32315.600000 105217.000000
32314.500000 105221.000000
32312.300000 105219.000000
32370.200000 105268.000000
32311.200000 105201.000000
32311.200000 105210.000000
32310.100000 105210.000000
32309.000000 105157.000000
32312.300000 105192.000000
32312.300000 105199.000000
32283.300000 105319.000000
32307.800000 105230.000000
32303.400000 105239.000000
32305.600000 105281.000000
32310.100000 105306.000000
24904.000000 106441.000000
20018.200000 106043.000000
14986.500000 105929.000000
12378.300000 109429.000000
11573.500000 117963.000000
9342.630000 122656.000000
7645.000000 128084.000000
5728.080000 131762.000000
3173.300000 134683.000000
2345.080000 138000.000000
-442.357000 141865.000000
-525.846000 141983.000000
2573.290000 137896.000000
8564.500000 127975.000000
15087.800000 121476.000000
15552.000000 118760.000000
15367.200000 116418.000000
15883.800000 114614.000000
15883.800000 114610.000000
15310.500000 114817.000000
15172.400000 115089.000000
15340.500000 117177.000000
13236.600000 116353.000000
13193.200000 116707.000000
13720.800000 117751.000000
13720.800000 117747.000000
13720.800000 117749.000000
15441.800000 118139.000000
15440.700000 118139.000000
15440.700000 118148.000000
15445.200000 118141.000000
15444.000000 118141.000000
15441.800000 118145.000000
15431.800000 118163.000000
15434.000000 118159.000000
15434.000000 118061.000000
15435.100000 118059.000000
15415.100000 117816.000000
15414.000000 117816.000000
15397.300000 117589.000000
15396.200000 117584.000000
15397.300000 117587.000000
15214.700000 115590.000000
15345.000000 115042.000000
15343.900000 115037.000000
15485.200000 115200.000000
15486.300000 115198.000000
15487.500000 115200.000000
15487.500000 115202.000000
15612.100000 114919.000000
15762.400000 114868.000000
15972.800000 114741.000000
14615.800000 122238.000000
7207.520000 129462.000000
656.366000 128656.000000
-7970.890000 127176.000000
-11348.300000 125517.000000
-14489.800000 117195.000000
-12407.000000 115619.000000
-12556.100000 115612.000000
-13725.000000 115000.000000
-14405.200000 117691.000000
-12968.000000 121476.000000
-11813.600000 124508.000000
-10107.100000 128830.000000
-7972.010000 131840.000000
-7025.790000 133866.000000
-4532.230000 134821.000000
559.519000 136473.000000
2362.890000 133646.000000
3178.870000 131991.000000
2922.830000 134035.000000
2644.530000 135507.000000
2076.800000 134748.000000
2321.710000 138054.000000
-593.751000 142104.000000
-2772.270000 141302.000000
-4674.720000 141344.000000
-5833.560000 140538.000000
-5835.790000 140541.000000
-5853.600000 140550.000000
-5833.560000 140565.000000
-4897.360000 140699.000000
-3651.700000 140705.000000
-2692.120000 139123.000000
-1604.530000 139953.000000
-1620.120000 140921.000000
-1051.270000 143611.000000
-1057.950000 144408.000000
-1171.500000 142473.000000
-1184.860000 141013.000000
-2752.240000 141331.000000
-2811.240000 139196.000000
-1092.460000 139588.000000
1269.740000 143286.000000
1251.930000 142671.000000
643.008000 143045.000000
-569.261000 143170.000000
-984.483000 141260.000000
943.571000 142304.000000
1709.450000 141075.000000
1198.490000 142162.000000
70.826000 143878.000000
-1201.560000 145347.000000
-2738.880000 146018.000000
-3705.130000 146423.000000
-3739.640000 145069.000000
-3494.740000 142970.000000
-2913.650000 140677.000000
-1601.190000 140091.000000
-1223.820000 140810.000000
-2018.640000 141908.000000
-2750.010000 143428.000000
-2112.150000 145388.000000
-2734.430000 145258.000000
-2762.260000 143751.000000
1566.960000 139695.000000
1334.300000 136856.000000
1657.130000 136633.000000
1368.810000 139775.000000
1273.080000 145363.000000
1265.280000 148039.000000
1270.850000 152935.000000
592.914000 156301.000000
516.104000 155981.000000
-1840.530000 154327.000000
-3066.160000 153806.000000
-2935.910000 153603.000000
-2537.390000 153427.000000
-2493.980000 153449.000000
-2247.960000 153416.000000
-1413.060000 153759.000000
-2299.170000 152597.000000
-3245.380000 151036.000000
-4006.810000 150931.000000
-3745.210000 151029.000000
-2660.950000 149415.000000
-1710.290000 149139.000000
-1750.360000 147095.000000
-1543.310000 145399.000000
144.297000 143905.000000
224.447000 143865.000000
-579.280000 143114.000000
-1131.420000 141126.000000
626.310000 141868.000000
1286.430000 146757.000000
1287.550000 153029.000000
1249.700000 156520.000000
-1193.760000 163648.000000
-2849.080000 164287.000000
-2044.240000 163802.000000
-1239.400000 165908.000000
-1271.690000 163735.000000
-1236.060000 161660.000000
1108.320000 160894.000000
2985.170000 160917.000000
3300.200000 160928.000000
596.254000 159792.000000
520.557000 158597.000000
-1105.820000 157114.000000
-1544.420000 154453.000000
-1702.490000 149894.000000
-2230.150000 149043.000000
542.821000 157991.000000
1925.410000 158025.000000
1953.240000 158746.000000
644.121000 159360.000000
-607.110000 156954.000000
-1519.930000 152891.000000
-1728.100000 147859.000000
-2163.360000 146979.000000
-2389.330000 145178.000000
-3600.490000 147006.000000
-5952.670000 147066.000000
-9084.090000 147287.000000
-10683.800000 149237.000000
-12336.800000 150640.000000
-12879.000000 151922.000000
-15975.900000 151601.000000
-15849.000000 151205.000000
-16716.200000 149224.000000
-16203.000000 149204.000000
-15604.100000 143947.000000
-6037.270000 139281.000000
-4743.740000 139793.000000
-4534.460000 140732.000000
-5653.220000 141803.000000
-5844.690000 141814.000000
-2909.200000 141322.000000
-2026.430000 141449.000000
-2835.730000 141304.000000
-4555.610000 140739.000000
-4741.520000 140006.000000
-5044.300000 141240.000000
-4734.840000 141385.000000
-3481.380000 142495.000000
-3633.890000 137301.000000
-3698.450000 130780.000000
-3573.770000 125063.000000
-3708.470000 118655.000000
-1330.690000 116551.000000
-1407.500000 116273.000000
-8702.260000 107503.000000
-6990.170000 106223.000000
-2131.070000 105954.000000
2661.230000 105885.000000
9331.490000 105063.000000
13084.100000 106067.000000
32314.500000 105208.000000
32303.400000 105197.000000
32307.800000 105208.000000
32309.000000 105206.000000
32310.100000 105210.000000
32311.200000 105215.000000
32312.300000 105219.000000
32309.000000 105223.000000
32307.800000 105226.000000
32297.800000 105203.000000
32343.500000 105244.000000
32331.200000 105232.000000
32329.000000 105228.000000
32309.000000 105219.000000
32304.500000 105221.000000
32305.600000 105246.000000
32303.400000 105239.000000
32321.200000 105163.000000
32303.400000 105246.000000
32307.800000 105266.000000
32317.900000 105210.000000
32313.400000 105210.000000
32311.200000 105210.000000
32326.800000 105250.000000
32325.600000 105250.000000
32322.300000 105270.000000
32321.200000 105250.000000
32313.400000 105210.000000
32304.500000 105228.000000
32292.300000 105237.000000
32324.500000 105203.000000
32320.100000 105203.000000
32321.200000 105228.000000
32316.700000 105223.000000
32315.600000 105217.000000
32311.200000 105221.000000
32291.100000 105141.000000
32292.300000 105141.000000
32317.900000 105230.000000
32315.600000 105226.000000
32313.400000 105223.000000
32311.200000 105219.000000
32300.000000 105221.000000
32297.800000 105239.000000
32294.500000 105175.000000
32305.600000 105146.000000
32311.200000 105228.000000
32312.300000 105232.000000
32310.100000 105175.000000
32307.800000 105246.000000
32295.600000 105210.000000
32301.200000 105228.000000
32301.200000 105275.000000
32293.400000 105223.000000
32296.700000 105215.000000
32296.700000 105210.000000
32660.700000 103400.000000
29945.600000 102438.000000
27247.300000 104939.000000
25553.000000 106452.000000
23809.700000 107245.000000
23648.300000 107054.000000
24410.800000 109089.000000
26417.900000 110896.000000
28376.000000 115280.000000
26159.700000 118105.000000
26573.800000 118201.000000
30872.900000 118145.000000
30034.700000 114926.000000
28533.000000 111032.000000
24965.200000 110346.000000
26088.400000 105731.000000
27461.000000 109518.000000
27917.400000 109567.000000
27658.000000 109489.000000
27658.000000 109483.000000
27630.200000 109545.000000
27652.500000 109483.000000
27654.700000 109487.000000
27379.700000 109496.000000
26511.400000 106130.000000
25832.400000 105742.000000
26077.300000 105916.000000
26076.200000 105920.000000
26073.900000 105927.000000
26073.900000 105925.000000
26078.400000 105927.000000
26144.100000 105914.000000
26161.900000 105874.000000
26193.100000 105851.000000
26176.400000 105867.000000
26169.700000 105874.000000
26203.100000 105867.000000
26180.800000 105880.000000
24835.000000 103937.000000
23066.100000 102102.000000
23789.700000 101505.000000
26677.300000 105903.000000
31961.600000 104694.000000
33821.800000 102641.000000
34071.100000 104023.000000
36234.100000 110268.000000
38256.800000 120441.000000
37004.400000 132003.000000
36410.000000 139448.000000
37460.800000 142369.000000
37458.600000 142373.000000
37457.500000 142375.000000
37445.200000 142311.000000
36919.800000 141166.000000
36998.800000 131913.000000
36234.100000 110769.000000
33775.000000 102683.000000
32396.900000 103371.000000
32409.100000 103476.000000
26453.500000 106161.000000
23462.400000 107343.000000
23515.800000 107029.000000
23514.700000 107040.000000
23514.700000 107047.000000
23493.600000 107118.000000
23513.600000 107047.000000
23513.600000 107065.000000
23513.600000 107107.000000
23505.800000 107080.000000
23514.700000 107060.000000
23519.200000 107042.000000
23519.200000 107087.000000
23542.500000 106998.000000
23529.200000 107011.000000
23506.900000 107132.000000
23511.400000 107125.000000
23272.000000 107305.000000
24130.300000 106508.000000
24105.800000 106417.000000
24095.800000 106372.000000
24101.400000 106408.000000
24111.400000 106468.000000
24100.300000 106399.000000
24110.300000 106439.000000
24135.900000 106584.000000
24122.500000 106524.000000
24125.900000 106517.000000
24106.900000 106348.000000
24111.400000 106219.000000
24116.900000 106245.000000
24138.100000 106363.000000
24147.000000 106341.000000
24142.600000 106510.000000
24125.900000 106392.000000
24213.800000 106575.000000
24157.000000 106448.000000
24159.300000 106452.000000
24088.000000 106381.000000
24147.000000 106544.000000
24144.800000 106555.000000
24137.000000 106493.000000
24134.800000 106468.000000
24131.400000 106470.000000
24189.300000 106210.000000
24082.400000 106619.000000
24125.900000 106488.000000
24141.400000 106457.000000
24124.700000 106484.000000
24125.900000 106470.000000
24124.700000 106466.000000
24122.500000 106464.000000
24142.600000 106479.000000
24127.000000 106441.000000
24127.000000 106446.000000
23951.100000 106399.000000
27424.300000 104694.000000
28605.400000 102458.000000
28730.000000 102463.000000
28734.500000 102441.000000
28740.000000 102427.000000
32631.800000 102590.000000
30655.900000 104807.000000
32307.800000 105212.000000
32304.500000 105210.000000
32306.700000 105210.000000
32304.500000 105206.000000
32304.500000 105203.000000
32311.200000 105186.000000
32319.000000 105183.000000
32316.700000 105168.000000
32317.900000 105168.000000
32315.600000 105168.000000
32316.700000 105170.000000
32319.000000 105170.000000
32319.000000 105175.000000
32315.600000 105188.000000
32314.500000 105188.000000
32313.400000 105195.000000
32312.300000 105195.000000
32310.100000 105199.000000
32295.600000 105264.000000
32301.200000 105241.000000
32304.500000 105219.000000
32303.400000 105219.000000
32304.500000 105221.000000
32304.500000 105217.000000
32306.700000 105217.000000
32307.800000 105210.000000
32309.000000 105210.000000
32309.000000 105208.000000
32298.900000 105203.000000
32297.800000 105212.000000
32310.100000 105188.000000
32306.700000 105203.000000
32306.700000 105208.000000
32307.800000 105206.000000
32306.700000 105203.000000
32307.800000 105201.000000
32310.100000 105177.000000
32305.600000 105186.000000
32303.400000 105183.000000
32304.500000 105181.000000
32300.000000 105172.000000
32302.300000 105197.000000
32303.400000 105197.000000
32298.900000 105163.000000
32300.000000 105172.000000
32300.000000 105177.000000
32301.200000 105170.000000
32297.800000 105148.000000
32298.900000 105148.000000
32298.900000 105154.000000
32300.000000 105159.000000
32290.000000 105117.000000
32291.100000 105141.000000
32294.500000 105126.000000
32295.600000 105126.000000
32295.600000 105128.000000
32295.600000 105130.000000
32296.700000 105132.000000
32307.800000 105215.000000
25032.000000 106459.000000
18815.900000 106034.000000
13028.400000 105827.000000
2557.700000 130406.000000
2526.530000 129812.000000
2302.780000 133750.000000
2022.260000 136651.000000
51.901700 141950.000000
-771.863000 142248.000000
-1027.900000 145332.000000
-2095.450000 145310.000000
-4063.580000 145381.000000
-4268.410000 145381.000000
-3608.280000 143110.000000
-2822.370000 139635.000000
-1671.320000 137444.000000
1976.620000 135511.000000
1833.010000 138944.000000
-598.204000 142113.000000
-2259.090000 141238.000000
-2811.240000 140376.000000
-5354.890000 138935.000000
-5373.810000 139009.000000
-5541.900000 137887.000000
-4803.850000 138900.000000
-5750.070000 139234.000000
-4778.250000 138205.000000
-5704.430000 140423.000000
-5035.400000 140639.000000
-5013.140000 140654.000000
-5095.510000 143562.000000
-5364.900000 140378.000000
-3740.750000 140674.000000
-2797.880000 139679.000000
-1803.790000 139062.000000
1269.740000 142277.000000
1364.360000 142398.000000
-1152.580000 141249.000000
-1050.160000 141231.000000
-3045.010000 139094.000000
-10022.500000 139421.000000
-12051.900000 140026.000000
-8570.910000 148026.000000
-9439.200000 149043.000000
-9390.220000 148789.000000
-8708.940000 145472.000000
-8653.280000 144735.000000
-8838.070000 140928.000000
-9384.650000 137424.000000
-9408.030000 137310.000000
-7931.930000 137533.000000
-7776.080000 138922.000000
-13238.500000 139488.000000
-15585.100000 146503.000000
-14519.800000 148182.000000
-14605.500000 148284.000000
-14514.300000 146300.000000
-13600.300000 142943.000000
-11759.100000 141567.000000
-11588.800000 141500.000000
-8919.340000 139430.000000
-4723.700000 139261.000000
-4754.870000 135903.000000
-3834.260000 133365.000000
-3661.720000 136718.000000
-3641.680000 137206.000000
-7556.790000 139310.000000
-18382.600000 149101.000000
-18345.900000 150226.000000
-18536.200000 149749.000000
-18548.500000 149825.000000
-18059.800000 152830.000000
-17261.600000 152891.000000
-15533.900000 150513.000000
-14351.700000 148248.000000
-11721.200000 141560.000000
-7802.800000 140380.000000
-1775.960000 139045.000000
1275.300000 147431.000000
3935.840000 149444.000000
7530.350000 149366.000000
7199.730000 149326.000000
6014.170000 148191.000000
5841.630000 148222.000000
7478.020000 149313.000000
7230.900000 146799.000000
7445.740000 146752.000000
5883.930000 150905.000000
5042.350000 150960.000000
4208.570000 141690.000000
3186.660000 131620.000000
2783.680000 133850.000000
2502.040000 135776.000000
1195.150000 140071.000000
-87.247700 142273.000000
1254.150000 146772.000000
1844.150000 148333.000000
1325.400000 146209.000000
1320.940000 145840.000000
2925.060000 142424.000000
-164.058000 143696.000000
-181.869000 143644.000000
-1325.120000 144083.000000
-1168.160000 142749.000000
-522.507000 141767.000000
-1285.050000 141215.000000
-1927.360000 141269.000000
-4527.780000 141320.000000
-5295.890000 140115.000000
-5838.010000 140469.000000
-5866.960000 140543.000000
-5878.090000 140559.000000
-5272.510000 141690.000000
-5843.580000 140427.000000
-6087.370000 140429.000000
-8055.500000 143631.000000
-10422.100000 151265.000000
-12125.300000 156704.000000
-12307.900000 157780.000000
-11338.300000 156871.000000
-10826.200000 154961.000000
-10759.400000 150444.000000
-9369.070000 148712.000000
-9095.220000 145937.000000
-10290.800000 143842.000000
-7974.230000 141629.000000
-6247.670000 140456.000000
-4129.260000 140750.000000
-2804.560000 139619.000000
-1598.970000 139672.000000
-1175.950000 141033.000000
-1159.250000 141939.000000
-496.903000 141819.000000
-4125.920000 139163.000000
-11558.700000 139459.000000
-15608.500000 144615.000000
-18375.900000 147369.000000
-18798.900000 148173.000000
-18384.800000 148124.000000
-18708.800000 149148.000000
-15412.600000 148237.000000
-15539.500000 152231.000000
-15178.800000 148248.000000
-15567.300000 146690.000000
-10593.600000 145537.000000
-3987.880000 143586.000000
2320.590000 138314.000000
9119.990000 127581.000000
15335.000000 121013.000000
15755.700000 114142.000000
15396.200000 106993.000000
19859.000000 106058.000000
25530.700000 106466.000000
30614.700000 104823.000000
30681.500000 104914.000000
32302.300000 105210.000000
32304.500000 105210.000000
32300.000000 105244.000000
32302.300000 105232.000000
32301.200000 105230.000000
32303.400000 105232.000000
32305.600000 105232.000000
32309.000000 105272.000000
32303.400000 105301.000000
32302.300000 105293.000000
32297.800000 105355.000000
32281.100000 105379.000000
32313.400000 105279.000000
32296.700000 105313.000000
32298.900000 105308.000000
32300.000000 105248.000000
32332.300000 105206.000000
32324.500000 105195.000000
32317.900000 105199.000000
32320.100000 105206.000000
32329.000000 105197.000000
32329.000000 105199.000000
32324.500000 105201.000000
32320.100000 105208.000000
32334.600000 105161.000000
32324.500000 105179.000000
32319.000000 105192.000000
32317.900000 105195.000000
32316.700000 105183.000000
32309.000000 105244.000000
32314.500000 105206.000000
32315.600000 105201.000000
32314.500000 105206.000000
32305.600000 105250.000000
32288.900000 105246.000000
32339.000000 105161.000000
32339.000000 105157.000000
32317.900000 105221.000000
32319.000000 105223.000000
32320.100000 105188.000000
32323.400000 105357.000000
32274.400000 105293.000000
32297.800000 105335.000000
32337.900000 105179.000000
32320.100000 105186.000000
32306.700000 105199.000000
32309.000000 105208.000000
32310.100000 105228.000000
32321.200000 105221.000000
32326.800000 105217.000000
32323.400000 105217.000000
32322.300000 105219.000000
32319.000000 105215.000000
32288.900000 105195.000000
32307.800000 105219.000000
32311.200000 105228.000000
32317.900000 105237.000000
32315.600000 105237.000000
32317.900000 105230.000000
32323.400000 105203.000000
32317.900000 105148.000000
32321.200000 105161.000000
32333.400000 105159.000000
32330.100000 105154.000000
32321.200000 105228.000000
32319.000000 105223.000000
32290.000000 105341.000000
32298.900000 105370.000000
32302.300000 105368.000000
32304.500000 105350.000000
32359.000000 105493.000000
32369.100000 105553.000000
32453.700000 105281.000000
32300.000000 105195.000000
32298.900000 105199.000000
32303.400000 105203.000000
32307.800000 105241.000000
32309.000000 105230.000000
32309.000000 105235.000000
32310.100000 105232.000000
32317.900000 105239.000000
32302.300000 105219.000000
32302.300000 105210.000000
32304.500000 105210.000000
32306.700000 105215.000000
32324.500000 105384.000000
32309.000000 105226.000000
32303.400000 105248.000000
32298.900000 105239.000000
32311.200000 105203.000000
32345.700000 105270.000000
32339.000000 105268.000000
32323.400000 105074.000000
32309.000000 105275.000000
32306.700000 105288.000000
32319.000000 105277.000000
32329.000000 105286.000000
32320.100000 105223.000000
32321.200000 105221.000000
32314.500000 105293.000000
32310.100000 105203.000000
32310.100000 105212.000000
32304.500000 105201.000000
32315.600000 105277.000000
32326.800000 105241.000000
32320.100000 105232.000000
32313.400000 105199.000000
32315.600000 105199.000000
32315.600000 105201.000000
32314.500000 105199.000000
32316.700000 105203.000000
27622.400000 104469.000000
23016.000000 106096.000000
15417.300000 105903.000000
12229.100000 111199.000000
10194.200000 119911.000000
7247.590000 126880.000000
2636.740000 126822.000000
1928.750000 131021.000000
2441.930000 134153.000000
1913.160000 138813.000000
-499.130000 143431.000000
-1787.100000 145325.000000
-4004.580000 145423.000000
-4218.310000 145085.000000
-3822.020000 143633.000000
-3013.840000 138223.000000
-7943.060000 139370.000000
-8812.470000 145831.000000
-4755.990000 140608.000000
-3868.770000 140071.000000
-3564.870000 141402.000000
-13190.700000 145962.000000
-13914.200000 144457.000000
-10254.100000 148867.000000
-9505.990000 160311.000000
-9518.230000 160318.000000
-9531.590000 163446.000000
-9295.600000 166169.000000
-9586.140000 165795.000000
-9540.500000 162230.000000
-11229.200000 160380.000000
-11587.700000 154968.000000
-11991.800000 154919.000000
-12002.900000 154583.000000
-11903.800000 153365.000000
-10260.700000 145543.000000
-10252.900000 145517.000000
-16513.600000 144323.000000
-16837.500000 143094.000000
-16513.600000 144259.000000
-14742.500000 149266.000000
-15568.400000 153447.000000
-16205.200000 158452.000000
-14900.500000 163793.000000
-13513.500000 165859.000000
-11181.300000 159839.000000
-9831.040000 159389.000000
-8427.300000 158281.000000
-7356.410000 156876.000000
-5856.940000 156508.000000
-5535.220000 156295.000000
-3486.940000 156698.000000
-4031.300000 160491.000000
-3371.170000 161295.000000
-1611.210000 162112.000000
-1241.630000 161640.000000
590.688000 158029.000000
1692.750000 158042.000000
1314.260000 150428.000000
2154.730000 149825.000000
1847.490000 149248.000000
1222.980000 149836.000000
1971.050000 150571.000000
1878.650000 147509.000000
2689.060000 144493.000000
1628.190000 144717.000000
1292.000000 151031.000000
-2536.280000 152628.000000
-6283.290000 152846.000000
-10413.200000 153745.000000
-13909.800000 155210.000000
-10405.500000 151201.000000
-7818.390000 143511.000000
-6965.680000 134981.000000
-328.811000 133541.000000
2572.170000 130589.000000
3090.920000 135104.000000
3005.210000 139768.000000
4397.810000 144800.000000
4402.270000 146053.000000
1694.980000 138007.000000
-272.038000 138221.000000
-201.907000 138341.000000
3064.210000 136798.000000
6220.110000 130945.000000
6270.210000 130649.000000
6269.100000 130647.000000
6273.550000 130631.000000
8090.280000 126797.000000
10334.500000 119740.000000
12285.900000 110692.000000
16054.100000 105929.000000
18743.600000 106196.000000
18739.100000 106052.000000
26055.000000 106417.000000
30624.700000 104812.000000
32306.700000 105210.000000
32294.500000 105059.000000
32305.600000 105168.000000
32323.400000 105192.000000
32329.000000 105181.000000
32326.800000 105175.000000
33888.600000 102494.000000
33690.400000 101465.000000
32353.500000 103534.000000
32391.300000 103614.000000
32390.200000 103614.000000
32390.200000 103616.000000
32392.400000 103618.000000
32393.600000 103616.000000
32394.700000 103614.000000
32667.400000 103912.000000
32321.200000 105257.000000
32290.000000 105183.000000
32295.600000 105186.000000
32282.200000 105190.000000
32283.300000 105188.000000
32284.500000 105186.000000
32307.800000 105208.000000
32335.700000 105235.000000
32334.600000 105237.000000
32325.600000 105230.000000
32319.000000 105192.000000
32292.300000 105195.000000
32292.300000 105199.000000
32296.700000 105208.000000
32352.400000 105203.000000
32352.400000 105195.000000
32322.300000 105195.000000
32304.500000 105221.000000
32309.000000 105217.000000
32311.200000 105226.000000
32313.400000 105226.000000
32313.400000 105239.000000
32310.100000 105235.000000
32326.800000 105188.000000
32320.100000 105237.000000
32311.200000 105215.000000
32326.800000 105163.000000
32324.500000 105212.000000
32323.400000 105272.000000
32365.700000 105357.000000
32342.300000 105172.000000
32320.100000 105170.000000
32315.600000 105181.000000
32315.600000 105190.000000
32333.400000 105199.000000
32329.000000 105197.000000
32324.500000 105192.000000
32267.800000 105277.000000
32329.000000 105175.000000
32327.900000 105175.000000
32319.000000 105143.000000
32339.000000 105072.000000
32313.400000 105203.000000
32315.600000 105199.000000
32313.400000 105195.000000
32310.100000 105215.000000
32323.400000 105228.000000
32321.200000 105226.000000
32316.700000 105223.000000
32314.500000 105226.000000
32313.400000 105228.000000
32311.200000 105226.000000
32310.100000 105219.000000
32316.700000 105141.000000
32312.300000 105197.000000
32309.000000 105203.000000
32310.100000 105208.000000
32311.200000 105157.000000
32312.300000 105172.000000
32320.100000 105226.000000
32332.300000 105146.000000
32300.000000 105168.000000
32357.900000 105016.000000
32356.800000 105141.000000
32319.000000 105188.000000
32314.500000 105157.000000
32314.500000 105163.000000
32312.300000 105163.000000
32312.300000 105172.000000
32310.100000 105179.000000
32307.800000 105146.000000
32312.300000 105154.000000
32315.600000 105159.000000
32319.000000 105161.000000
32329.000000 105188.000000
32326.800000 105175.000000
32316.700000 105226.000000
32316.700000 105208.000000
32316.700000 105219.000000
32317.900000 105223.000000
32320.100000 105223.000000
32307.800000 105295.000000
32315.600000 105355.000000
32322.300000 105328.000000
32349.000000 105123.000000
32312.300000 105241.000000
32314.500000 105244.000000
32332.300000 105206.000000
32323.400000 105199.000000
32319.000000 105212.000000
32316.700000 105215.000000
32294.500000 105210.000000
32327.900000 105192.000000
32329.000000 105188.000000
32322.300000 105219.000000
32242.200000 105161.000000
32312.300000 105181.000000
32303.400000 105215.000000
32292.300000 105208.000000
32297.800000 105210.000000
32301.200000 105210.000000
32325.600000 105190.000000
32320.100000 105197.000000
32317.900000 105201.000000
32322.300000 105186.000000
32309.000000 105217.000000
32276.700000 105157.000000
32323.400000 105181.000000
32303.400000 105268.000000
32326.800000 105181.000000
32319.000000 105215.000000
32314.500000 105221.000000
32311.200000 105217.000000
32332.300000 105126.000000
32323.400000 105166.000000
32311.200000 105159.000000
32322.300000 105183.000000
32329.000000 105248.000000
32327.900000 105248.000000
32325.600000 105264.000000
32323.400000 105281.000000
32320.100000 105281.000000
32321.200000 105210.000000
32320.100000 105212.000000
32321.200000 105215.000000
32317.900000 105212.000000
32317.900000 105215.000000
32313.400000 105221.000000
28110.000000 104199.000000
24352.900000 106317.000000
19171.000000 106029.000000
14480.000000 105978.000000
12202.400000 111624.000000
10350.100000 119713.000000
7591.570000 128233.000000
4675.000000 133806.000000
2587.760000 135629.000000
1758.430000 139125.000000
-240.869000 142507.000000
-3219.780000 143513.000000
-6140.800000 140761.000000
-6727.460000 137393.000000
-5535.220000 141262.000000
-5233.550000 140545.000000
-2871.350000 140748.000000
-1810.470000 139098.000000
1274.190000 147598.000000
1643.770000 150568.000000
3463.840000 151089.000000
4000.400000 151426.000000
3114.300000 149477.000000
1865.300000 147035.000000
1317.600000 143553.000000
-588.185000 143097.000000
-553.676000 142992.000000
-1555.550000 145356.000000
-1597.850000 153356.000000
-2473.940000 155956.000000
-2316.980000 156571.000000
-2168.920000 157617.000000
-1129.200000 156533.000000
-1485.420000 153803.000000
-1748.130000 148073.000000
-2698.800000 146265.000000
-2453.900000 143464.000000
-1624.570000 152156.000000
-525.846000 159603.000000
-1188.200000 160013.000000
-2096.560000 157904.000000
-3510.320000 155400.000000
-2147.770000 154355.000000
-1701.380000 150339.000000
-2670.970000 148329.000000
-2745.560000 144530.000000
-2806.780000 141353.000000
-2865.780000 137214.000000
-3328.870000 135917.000000
-3660.600000 136983.000000
-3555.960000 140892.000000
-2796.760000 141821.000000
-2788.970000 142703.000000
-2768.930000 143397.000000
-1739.230000 149531.000000
-2313.640000 153391.000000
-2627.560000 153251.000000
-2636.460000 152661.000000
-924.370000 154765.000000
-1077.990000 157936.000000
-1533.290000 155003.000000
-1494.330000 152688.000000
-2683.220000 148460.000000
-2635.350000 144559.000000
-2623.110000 145592.000000
-3746.320000 144103.000000
685.310000 141941.000000
3716.540000 141970.000000
5427.520000 141229.000000
5228.260000 140770.000000
2505.380000 142718.000000
1624.850000 143983.000000
-311.000000 143422.000000
-1170.390000 141819.000000
-2854.650000 141262.000000
-3484.720000 140697.000000
-3736.300000 138642.000000
-3771.920000 139080.000000
-10148.300000 139410.000000
-10525.700000 146418.000000
-11308.300000 155941.000000
-11304.900000 158672.000000
-11155.700000 157735.000000
-10470.000000 148712.000000
-7885.180000 142099.000000
-9131.960000 131348.000000
-12572.800000 122246.000000
-12407.000000 118767.000000
-12414.800000 118894.000000
-13205.100000 119566.000000
-12181.000000 123480.000000
-7683.690000 137241.000000
-3683.980000 139180.000000
-2714.390000 140679.000000
-1507.680000 139167.000000
-1449.800000 139200.000000
995.891000 143918.000000
-623.808000 142772.000000
-1126.970000 141075.000000
-1257.220000 139813.000000
-1289.500000 140225.000000
1267.510000 147558.000000
2117.990000 150742.000000
4701.720000 151254.000000
4646.060000 151633.000000
4641.600000 151023.000000
3115.410000 149495.000000
1887.560000 148093.000000
589.575000 144838.000000
-279.830000 142095.000000
-1185.970000 141293.000000
-2013.070000 141271.000000
-4216.090000 140668.000000
-6847.680000 139269.000000
-9420.270000 138061.000000
-10122.700000 137410.000000
-8959.410000 136696.000000
-8900.410000 139993.000000
-8731.210000 143495.000000
