-6031.710000 141801.000000
-6036.160000 141832.000000
-6030.600000 141859.000000
-4840.590000 140708.000000
-3657.260000 140692.000000
-2822.370000 139494.000000
-2857.990000 137339.000000
-1748.130000 137417.000000
-1747.020000 137415.000000
-1749.250000 137415.000000
-1749.250000 137413.000000
-1752.590000 137415.000000
-1753.700000 137422.000000
-1754.810000 137422.000000
-811.938000 137488.000000
-2512.900000 139091.000000
-2508.450000 140712.000000
-2780.070000 142876.000000
-12739.800000 166229.000000
-3741.870000 144110.000000
-3748.550000 143814.000000
-8271.460000 145036.000000
-8301.510000 145047.000000
-8742.340000 142970.000000
-8884.830000 141596.000000
-9863.330000 142255.000000
-10484.500000 144735.000000
-9092.990000 146276.000000
-10391.000000 147260.000000
-10219.500000 142424.000000
-10215.100000 142030.000000
-9428.070000 142812.000000
-9212.110000 142809.000000
-10451.100000 142914.000000
-10747.200000 141572.000000
-10818.400000 141576.000000
-10592.500000 142455.000000
-9124.160000 142814.000000
-8731.210000 143304.000000
-8720.070000 143522.000000
-7792.780000 143114.000000
-6357.870000 143065.000000
-5665.470000 143103.000000
1264.170000 146688.000000
2357.330000 147011.000000
3165.510000 147494.000000
2142.480000 144835.000000
-1219.370000 144025.000000
-1163.710000 141302.000000
1112.780000 142522.000000
1152.850000 146902.000000
1135.040000 146928.000000
2782.570000 147008.000000
5686.890000 147496.000000
6359.260000 147474.000000
5178.160000 148197.000000
5780.400000 146510.000000
1525.770000 137804.000000
559.519000 136529.000000
-3263.190000 139091.000000
-4566.740000 139214.000000
-3309.950000 139129.000000
909.062000 142280.000000
1973.280000 141551.000000
1522.430000 141576.000000
648.574000 143070.000000
22.958600 145586.000000
-1604.530000 147024.000000
-1966.320000 147048.000000
-2158.900000 145428.000000
-1576.700000 145677.000000
-1832.740000 147347.000000
-2453.900000 149152.000000
-2637.580000 151054.000000
-2195.640000 152450.000000
-2407.150000 151840.000000
-2544.070000 152283.000000
-1562.230000 154117.000000
-609.336000 156989.000000
-532.526000 159641.000000
-1035.690000 161055.000000
-1221.590000 161478.000000
-1297.290000 162983.000000
-1489.870000 164127.000000
518.330000 162751.000000
1261.940000 155638.000000
1289.770000 146545.000000
1791.830000 139336.000000
3457.160000 136059.000000
4196.330000 134719.000000
7641.660000 128160.000000
9634.280000 121603.000000
11975.300000 114521.000000
12519.700000 110542.000000
12459.600000 108628.000000
16500.500000 105960.000000
22982.600000 106265.000000
23266.500000 107158.000000
23037.200000 100637.000000
22559.600000 94240.700000
21185.900000 88766.000000
20375.500000 88875.100000
20374.400000 88877.300000
20375.500000 88879.600000
20375.500000 88884.000000
20374.400000 88881.800000
20374.400000 88879.600000
20369.900000 88941.900000
20372.200000 88908.500000
20367.700000 88864.000000
20365.500000 88857.300000
20365.500000 88855.100000
20367.700000 88855.100000
20367.700000 88852.900000
20369.900000 88852.900000
20371.000000 88855.100000
20369.900000 88857.300000
20371.000000 88866.200000
20367.700000 88859.500000
20367.700000 88864.000000
20369.900000 88864.000000
20367.700000 88868.400000
20367.700000 88864.000000
20368.800000 88864.000000
21361.800000 89180.100000
18864.900000 97444.500000
14453.300000 103678.000000
10814.300000 119252.000000
8895.120000 124330.000000
4290.950000 134534.000000
3145.470000 136620.000000
580.669000 139581.000000
502.746000 139485.000000
144.297000 141262.000000
5021.200000 133481.000000
13036.200000 124769.000000
15612.100000 119512.000000
15355.000000 115988.000000
15872.600000 114454.000000
7948.910000 128405.000000
1916.500000 139016.000000
-182.982000 140777.000000
-82.794900 139957.000000
-96.153300 139971.000000
37.430100 141271.000000
2.921090 143533.000000
10.713400 149103.000000
173.240000 149172.000000
-700.618000 146205.000000
-626.034000 145699.000000
-1810.470000 145245.000000
-3735.190000 145189.000000
-2786.750000 142807.000000
-2804.560000 143493.000000
-2734.430000 146312.000000
-3718.490000 145833.000000
-5780.130000 145445.000000
-6134.120000 146389.000000
-6412.420000 147026.000000
-8145.670000 148119.000000
-8151.230000 147790.000000
-10618.100000 147284.000000
-12933.500000 147291.000000
-14303.900000 148191.000000
-14500.900000 147391.000000
-14033.400000 145868.000000
-11818.100000 145949.000000
-8113.380000 143709.000000
-5652.110000 142542.000000
-6114.080000 142037.000000
-6816.510000 143081.000000
-6820.960000 143052.000000
-6061.760000 141796.000000
-6040.610000 141801.000000
-6042.840000 141805.000000
-6042.840000 141808.000000
-6116.310000 141665.000000
-6136.350000 140935.000000
-3639.450000 139174.000000
-3675.070000 133545.000000
-3523.680000 133853.000000
-3211.990000 134570.000000
-2924.780000 134668.000000
-1783.760000 137430.000000
-1787.100000 137435.000000
-1787.100000 137437.000000
-1785.980000 137435.000000
-1782.640000 137435.000000
-1781.530000 137433.000000
-1780.420000 137433.000000
-1772.620000 137453.000000
-1774.850000 137450.000000
-1774.850000 137446.000000
-1775.960000 137444.000000
-1777.080000 137446.000000
-2156.680000 136751.000000
-2161.130000 136860.000000
-2857.990000 137782.000000
-2805.670000 141460.000000
-2756.690000 144735.000000
-4927.420000 147068.000000
-7776.080000 147173.000000
-7859.570000 147367.000000
-8805.790000 149201.000000
-10794.000000 149012.000000
-10625.900000 147320.000000
-10242.900000 146082.000000
-9505.990000 147331.000000
-9625.100000 151116.000000
-8521.930000 151918.000000
-8687.790000 151637.000000
-10446.600000 152797.000000
-12707.500000 155112.000000
-14335.000000 154932.000000
-14361.700000 153171.000000
-14347.300000 154785.000000
-14838.200000 154803.000000
-13556.900000 152866.000000
-12448.200000 153772.000000
-10807.300000 154206.000000
-10868.500000 152385.000000
-11201.400000 151336.000000
-11755.800000 149393.000000
-13834.100000 148280.000000
-13851.900000 145940.000000
-13992.200000 144152.000000
-12788.800000 141618.000000
-11702.300000 141057.000000
-11225.900000 143916.000000
-10927.500000 145354.000000
-12404.700000 145966.000000
-13538.000000 145902.000000
-13802.900000 145808.000000
-12433.700000 143578.000000
-11701.200000 143578.000000
-11214.700000 141587.000000
-10700.400000 143023.000000
-8764.600000 141627.000000
-7829.520000 140579.000000
-8222.480000 138167.000000
-8840.300000 139354.000000
-10101.500000 139403.000000
-12122.000000 139428.000000
-15589.600000 146216.000000
-15589.600000 149324.000000
-15584.000000 152187.000000
-14362.900000 154360.000000
-14361.700000 154683.000000
-14357.300000 154409.000000
-13501.200000 154411.000000
-13141.700000 154839.000000
-12277.800000 155106.000000
-10895.300000 154997.000000
-10379.800000 153688.000000
-10407.700000 151833.000000
-10458.900000 149500.000000
-10539.000000 145250.000000
-10711.600000 136282.000000
-10708.200000 136297.000000
-11601.000000 135200.000000
-16799.600000 134282.000000
-19401.200000 131640.000000
-21487.300000 130473.000000
-21870.200000 129654.000000
-21497.300000 130671.000000
-19737.400000 131034.000000
-19629.400000 131281.000000
-18844.600000 134282.000000
-17738.100000 140692.000000
-17994.100000 142293.000000
-18121.000000 142941.000000
-18420.500000 142088.000000
-16325.400000 141480.000000
-15580.700000 144851.000000
-12983.600000 147149.000000
-12870.100000 150337.000000
-12051.900000 152864.000000
-10307.500000 154761.000000
-8376.100000 154629.000000
-6648.420000 154480.000000
-4835.020000 153674.000000
-3665.060000 154298.000000
-2424.960000 154378.000000
59.694000 157956.000000
971.401000 159810.000000
3034.150000 159291.000000
4420.080000 156272.000000
5320.650000 146719.000000
9519.620000 145227.000000
12085.500000 145686.000000
11839.500000 145710.000000
14433.300000 145514.000000
14214.000000 141656.000000
13152.000000 133316.000000
11596.800000 126183.000000
9968.240000 122681.000000
11742.700000 117137.000000
12521.900000 110511.000000
12423.900000 110571.000000
14670.400000 103336.000000
20341.000000 96057.400000
20372.200000 88846.200000
20356.600000 88846.200000
20357.700000 88846.200000
20359.900000 88852.900000
20359.900000 88861.800000
20361.000000 88859.500000
20363.300000 88861.800000
20365.500000 88866.200000
20364.400000 88866.200000
20364.400000 88864.000000
20365.500000 88866.200000
20367.700000 88866.200000
20367.700000 88868.400000
20368.800000 88866.200000
20366.600000 88861.800000
20367.700000 88861.800000
21242.700000 88739.300000
20276.400000 96099.800000
15103.400000 102570.000000
12387.200000 109345.000000
11754.900000 116890.000000
8902.910000 124395.000000
5704.710000 131800.000000
2750.290000 137299.000000
61.920400 139706.000000
-71.663000 139948.000000
-117.304000 140029.000000
1276.420000 143030.000000
722.045000 148188.000000
516.104000 148890.000000
1322.060000 147509.000000
1234.110000 152289.000000
-1021.220000 152577.000000
-480.206000 150005.000000
-1002.290000 149342.000000
-2029.770000 148623.000000
-2264.660000 148404.000000
-2489.520000 149019.000000
-2580.800000 148977.000000
-2735.540000 145461.000000
-2813.460000 143756.000000
-3518.110000 143544.000000
-7860.690000 142580.000000
-9404.690000 137386.000000
-9391.330000 137974.000000
-13405.500000 139472.000000
-15647.500000 143221.000000
-15578.500000 150384.000000
-15575.100000 157519.000000
-21396.000000 162094.000000
-25381.300000 166754.000000
-27166.800000 167320.000000
-27575.400000 167961.000000
-27616.600000 168021.000000
-27929.400000 168511.000000
-29576.900000 166981.000000
-29629.200000 166968.000000
-29627.000000 166968.000000
-29625.900000 166968.000000
-29627.000000 166968.000000
-29627.000000 166970.000000
-29628.100000 166970.000000
-29628.100000 166972.000000
-29628.100000 166975.000000
-28052.900000 168731.000000
-26530.100000 167516.000000
-22714.000000 163163.000000
-15432.600000 157815.000000
-13854.100000 156758.000000
-10236.200000 156871.000000
-7386.470000 156889.000000
-4634.650000 156137.000000
-3578.230000 153073.000000
-3599.380000 151370.000000
-2664.290000 149920.000000
-2683.220000 149368.000000
-2060.940000 145811.000000
-395.603000 146418.000000
-284.283000 146405.000000
-298.755000 146541.000000
-574.827000 146416.000000
-652.751000 144733.000000
-668.335000 144067.000000
-771.863000 143940.000000
1758.430000 154367.000000
1251.930000 144052.000000
3058.640000 146997.000000
5262.770000 148208.000000
3830.090000 148224.000000
3749.940000 148213.000000
3755.500000 148206.000000
3752.160000 148193.000000
3758.840000 148177.000000
3188.880000 148222.000000
2061.220000 149342.000000
497.180000 149504.000000
175.466000 149377.000000
-1025.670000 149068.000000
-1762.610000 149711.000000
-1986.360000 152603.000000
-3541.490000 152688.000000
-4515.540000 152579.000000
-5570.850000 152784.000000
-8087.780000 152944.000000
-10475.600000 153365.000000
-13800.700000 155137.000000
-13835.200000 155355.000000
-14302.700000 155981.000000
-14524.300000 155992.000000
-14269.400000 156021.000000
-13482.300000 153997.000000
-12081.900000 153806.000000
-12223.300000 153806.000000
-12860.000000 149453.000000
-13677.100000 147280.000000
-14021.100000 143190.000000
-14113.500000 141747.000000
-14281.600000 139848.000000
-10780.600000 137482.000000
-9428.070000 137980.000000
-8970.540000 139252.000000
-7892.970000 140895.000000
-6192.010000 139207.000000
-5387.170000 138319.000000
-4779.360000 138777.000000
-4714.800000 142845.000000
-4636.880000 146499.000000
-4617.950000 147244.000000
-4872.870000 152795.000000
-4268.410000 154725.000000
-4236.130000 155769.000000
-3915.520000 156074.000000
-3250.950000 159541.000000
-3262.080000 160037.000000
-2647.600000 158076.000000
41.882900 158011.000000
327.974000 159819.000000
1816.320000 159823.000000
1962.140000 158450.000000
1961.030000 158163.000000
1411.110000 156110.000000
599.594000 155936.000000
-1465.380000 154431.000000
-1553.330000 153267.000000
-1630.140000 151800.000000
-1763.720000 147280.000000
-2733.310000 145597.000000
-2788.970000 143678.000000
-4758.210000 138043.000000
-4750.420000 134209.000000
-4723.700000 133276.000000
-4297.350000 132503.000000
-4663.590000 132508.000000
-4738.180000 132552.000000
-3429.060000 134790.000000
3552.900000 129139.000000
9272.500000 123019.000000
11960.900000 114730.000000
18156.900000 98145.800000
21364.000000 89173.500000
20364.400000 88855.100000
20362.100000 88855.100000
20364.400000 88861.800000
20364.400000 88859.500000
20367.700000 88861.800000
20366.600000 88861.800000
20367.700000 88861.800000
20366.600000 88864.000000
20367.700000 88864.000000
20366.600000 88864.000000
20367.700000 88866.200000
20366.600000 88864.000000
20366.600000 88866.200000
20366.600000 88864.000000
20366.600000 88866.200000
20366.600000 88864.000000
20365.500000 88861.800000
20363.300000 88861.800000
20363.300000 88859.500000
20363.300000 88861.800000
20480.100000 88828.400000
21334.000000 90634.000000
18674.500000 97615.900000
13083.000000 105724.000000
11931.900000 114879.000000
9705.530000 121227.000000
7877.660000 127336.000000
4023.780000 134973.000000
598.480000 139592.000000
602.933000 139623.000000
483.821000 139456.000000
-1793.780000 141264.000000
-2893.610000 141316.000000
-4563.400000 141854.000000
-2829.050000 139207.000000
1877.540000 135736.000000
2620.040000 136028.000000
676.404000 139686.000000
125.373000 139528.000000
-57.191400 139641.000000
430.388000 141471.000000
282.333000 140336.000000
371.389000 140376.000000
-781.881000 142244.000000
-1100.260000 143482.000000
-1175.950000 145352.000000
-1802.680000 151023.000000
-2603.070000 153115.000000
-2724.410000 153650.000000
-2604.180000 151183.000000
-2026.430000 149609.000000
-2642.030000 150448.000000
-2099.900000 151350.000000
-2240.170000 152325.000000
-2637.580000 150350.000000
-2585.260000 150274.000000
-2253.520000 148012.000000
-2559.650000 149063.000000
-5293.660000 149290.000000
-7473.300000 149460.000000
-9023.980000 150108.000000
-10794.000000 149157.000000
-10770.600000 147699.000000
-6099.610000 147111.000000
-3262.080000 147055.000000
-1319.550000 147064.000000
-269.812000 146463.000000
-259.793000 146452.000000
-262.019000 146481.000000
-418.980000 146418.000000
-727.335000 146913.000000
-495.790000 149293.000000
-732.901000 149785.000000
-2590.820000 145595.000000
-2590.820000 145590.000000
-2303.620000 145601.000000
-2299.170000 145608.000000
-2299.170000 145612.000000
-2296.940000 145615.000000
-2294.710000 145615.000000
-2295.830000 145610.000000
-2295.830000 145604.000000
-2279.130000 145537.000000
-2716.610000 146149.000000
-2728.860000 145973.000000
-2270.220000 144909.000000
-1524.380000 146441.000000
-2733.310000 145791.000000
-2942.590000 143424.000000
-4727.040000 140543.000000
-4752.650000 134296.000000
-4676.950000 134057.000000
-4224.990000 134069.000000
-4193.820000 134138.000000
-2948.160000 134523.000000
502.746000 136522.000000
2195.920000 133933.000000
480.482000 132964.000000
1296.450000 132918.000000
1923.180000 129616.000000
1869.750000 127739.000000
3146.580000 131192.000000
1753.980000 134785.000000
2343.970000 138032.000000
-470.187000 141892.000000
-1706.950000 142489.000000
-1919.570000 141244.000000
-2833.500000 138401.000000
-2911.420000 134823.000000
-4534.460000 134768.000000
-4515.540000 133363.000000
-3726.280000 130275.000000
-4023.500000 119352.000000
-3977.860000 119379.000000
-4006.810000 119328.000000
-4056.900000 119604.000000
-3686.210000 124751.000000
-3771.920000 130297.000000
-3721.830000 131054.000000
-4640.210000 132599.000000
-4413.120000 134868.000000
-4297.350000 135745.000000
-3164.120000 136794.000000
-3019.400000 136812.000000
-3953.370000 139107.000000
-4744.860000 138354.000000
-4678.060000 142720.000000
-2748.900000 145339.000000
-2734.430000 147200.000000
-2057.600000 149282.000000
-2251.300000 149449.000000
-2266.880000 149464.000000
-1731.440000 149157.000000
-2588.600000 149095.000000
-2143.320000 149351.000000
-2065.400000 149108.000000
-1779.300000 147770.000000
-903.220000 143497.000000
4260.890000 134841.000000
11304.100000 126047.000000
15362.800000 116362.000000
15865.900000 114361.000000
14709.300000 113363.000000
15426.200000 107448.000000
15753.500000 101479.000000
21266.100000 93964.600000
20378.800000 88877.300000
20361.000000 88861.800000
20363.300000 88861.800000
20365.500000 88861.800000
20366.600000 88864.000000
20365.500000 88861.800000
20366.600000 88864.000000
20365.500000 88866.200000
20364.400000 88864.000000
20363.300000 88864.000000
20364.400000 88866.200000
20363.300000 88866.200000
20364.400000 88864.000000
20364.400000 88866.200000
20364.400000 88864.000000
20364.400000 88866.200000
20364.400000 88864.000000
20362.100000 88864.000000
20358.800000 88821.700000
20358.800000 88832.800000
20361.000000 88848.400000
20362.100000 88850.600000
20362.100000 88848.400000
20364.400000 88848.400000
20365.500000 88848.400000
20364.400000 88848.400000
20364.400000 88852.900000
20359.900000 88861.800000
21347.300000 89293.700000
19375.900000 96948.000000
14464.400000 103607.000000
12172.400000 111896.000000
11215.000000 118629.000000
8155.960000 126506.000000
2846.020000 137101.000000
576.216000 139757.000000
541.707000 139619.000000
494.953000 139532.000000
-16160.700000 152821.000000
-16223.000000 152307.000000
-17199.300000 150524.000000
-15588.500000 151688.000000
-12776.600000 151782.000000
-11337.200000 145688.000000
-13826.300000 145840.000000
-19226.400000 144054.000000
-22680.700000 144789.000000
-21229.000000 147928.000000
-20792.700000 147961.000000
-18208.900000 149095.000000
-16481.300000 151517.000000
-16465.700000 152441.000000
-17075.700000 151628.000000
-15997.000000 151617.000000
-14649.000000 152009.000000
-6248.780000 152848.000000
-1680.230000 152659.000000
4319.890000 153138.000000
5852.760000 154814.000000
6227.910000 155284.000000
5834.950000 155863.000000
3109.850000 156019.000000
735.403000 155894.000000
-956.653000 157993.000000
-1086.900000 158626.000000
-1106.930000 156965.000000
-1694.700000 155057.000000
-1630.140000 157334.000000
-1695.810000 157947.000000
1071.590000 157953.000000
3075.340000 155992.000000
4469.060000 154805.000000
5408.600000 154353.000000
4789.660000 154320.000000
3079.790000 153405.000000
1257.490000 152643.000000
1017.040000 152857.000000
837.817000 150689.000000
-709.524000 147111.000000
-646.072000 144722.000000
-764.070000 143963.000000
-1071.310000 143727.000000
-3594.920000 139249.000000
-4344.110000 138492.000000
-3618.300000 138960.000000
-4606.820000 136551.000000
-4597.910000 136460.000000
-3577.110000 139243.000000
-3650.580000 137740.000000
-3651.700000 137742.000000
-3555.960000 140055.000000
-4436.500000 141358.000000
-7378.670000 143620.000000
-20222.700000 152788.000000
-21745.600000 152817.000000
-27225.800000 152824.000000
-25991.300000 153619.000000
-25745.300000 154022.000000
-25743.100000 154026.000000
-25735.300000 153846.000000
-9897.830000 154696.000000
-7345.280000 154939.000000
-7307.430000 156208.000000
-5571.960000 156408.000000
-5500.710000 156321.000000
-3540.380000 156059.000000
-2093.220000 155992.000000
-1981.910000 155092.000000
-2122.170000 155596.000000
-2132.190000 155829.000000
-3099.550000 157337.000000
-5745.620000 157539.000000
-5785.690000 158748.000000
-6803.150000 158806.000000
-7259.560000 157731.000000
-5394.960000 156317.000000
-4278.430000 154373.000000
-4430.930000 154302.000000
-4881.780000 149776.000000
-6294.420000 148789.000000
-6256.570000 148211.000000
-6502.590000 152750.000000
-8673.320000 154589.000000
-14169.200000 155117.000000
-14339.500000 154939.000000
-11168.000000 152919.000000
-10484.500000 148391.000000
-10541.300000 142669.000000
-5667.690000 139232.000000
539.481000 141184.000000
3739.920000 137495.000000
4195.210000 140231.000000
2497.590000 139071.000000
-5220.190000 134848.000000
-10776.100000 135253.000000
-10610.300000 142224.000000
-7601.310000 139376.000000
-1324.010000 136529.000000
3589.640000 129195.000000
5229.370000 131876.000000
8100.300000 126784.000000
10812.000000 119274.000000
12448.400000 108645.000000
17668.200000 98642.300000
21361.800000 89819.100000
20494.600000 89006.500000
20491.300000 89004.200000
20493.500000 89006.500000
20492.400000 89008.700000
20493.500000 89015.400000
20361.000000 88897.400000
20357.700000 88890.700000
20355.500000 88886.200000
20362.100000 88872.900000
20365.500000 88861.800000
20366.600000 88859.500000
20367.700000 88861.800000
20365.500000 88861.800000
20366.600000 88859.500000
20365.500000 88861.800000
20366.600000 88861.800000
20365.500000 88861.800000
20366.600000 88868.400000
20367.700000 88866.200000
20366.600000 88864.000000
20366.600000 88861.800000
20367.700000 88864.000000
20366.600000 88864.000000
20367.700000 88870.700000
20367.700000 88868.400000
20368.800000 88868.400000
20368.800000 88864.000000
20366.600000 88890.700000
20373.300000 88879.600000
20375.500000 88872.900000
20374.400000 88870.700000
20372.200000 88870.700000
20372.200000 88868.400000
20371.000000 88870.700000
20364.400000 88926.300000
20366.600000 88908.500000
20368.800000 88908.500000
20364.400000 88899.600000
20363.300000 88897.400000
20364.400000 88895.200000
20597.000000 88821.700000
21338.400000 90268.800000
22452.700000 94267.400000
22739.900000 100878.000000
19167.700000 101002.000000
12304.800000 110360.000000
10067.300000 120187.000000
1269.740000 145586.000000
1167.320000 152552.000000
1013.700000 152585.000000
-3267.650000 152650.000000
-10760.600000 152906.000000
-12058.500000 152044.000000
-12355.800000 152826.000000
-3816.450000 152761.000000
-2605.290000 153247.000000
-1571.140000 153852.000000
-2098.790000 155609.000000
-2172.260000 155912.000000
-3484.720000 156101.000000
-3388.980000 160469.000000
-8445.120000 161030.000000
-7897.420000 161077.000000
-5466.210000 160823.000000
-2105.470000 162139.000000
-2039.790000 162132.000000
-3616.080000 162273.000000
-5514.070000 162246.000000
-6805.380000 163243.000000
-6443.590000 163265.000000
-6659.550000 164116.000000
-5522.980000 162856.000000
-3765.240000 161478.000000
-4103.650000 160937.000000
-9333.440000 161079.000000
-10211.800000 158078.000000
-10212.900000 156985.000000
-7630.260000 158323.000000
-7376.450000 158430.000000
-9120.820000 158214.000000
-9175.370000 156609.000000
-10134.900000 158728.000000
-10146.100000 158554.000000
-10409.900000 153886.000000
-9317.860000 144123.000000
-8094.460000 134302.000000
-9403.580000 131174.000000
-9018.410000 134788.000000
-6946.750000 136186.000000
-8503.000000 138132.000000
-8494.100000 138383.000000
-8710.060000 143742.000000
-8546.420000 148867.000000
-8487.420000 151372.000000
-8503.000000 151942.000000
-8064.400000 148342.000000
-6070.670000 147073.000000
-6076.240000 145535.000000
-4722.590000 143682.000000
-4704.780000 143070.000000
-4685.860000 142444.000000
-4729.270000 139096.000000
-4499.950000 138410.000000
-4016.830000 140113.000000
-3822.020000 140080.000000
-2772.270000 141890.000000
-2787.860000 142237.000000
-2797.880000 142825.000000
-1849.440000 144041.000000
-1145.900000 149001.000000
0.694696 150395.000000
-176.303000 149239.000000
-2001.940000 148335.000000
-2919.220000 152661.000000
-6022.800000 152835.000000
-7231.730000 154473.000000
-7248.430000 154471.000000
-9051.810000 153659.000000
-9641.800000 151468.000000
-10753.900000 149246.000000
-12550.600000 148798.000000
-12487.100000 148596.000000
-10527.900000 149869.000000
-7603.540000 152928.000000
-4198.280000 152770.000000
-4188.260000 152764.000000
-1563.340000 154424.000000
1111.660000 157969.000000
2134.690000 158033.000000
1277.530000 157410.000000
-689.486000 155257.000000
-2656.500000 151336.000000
-2021.980000 149609.000000
-1665.760000 149057.000000
-1798.230000 146612.000000
-6863.270000 143598.000000
-7771.630000 135077.000000
-7385.350000 135033.000000
-2172.260000 134699.000000
3184.430000 136533.000000
6394.890000 130560.000000
9123.330000 123613.000000
9353.760000 122654.000000
12460.700000 118083.000000
12656.600000 118317.000000
12321.500000 110647.000000
12360.500000 109863.000000
16797.700000 105967.000000
20511.300000 103485.000000
22844.600000 101258.000000
22797.800000 101314.000000
22791.100000 101318.000000
22778.900000 101310.000000
22780.000000 101321.000000
22781.100000 101307.000000
22803.400000 101278.000000
22804.500000 101272.000000
22775.500000 101419.000000
22790.000000 101232.000000
22787.800000 101236.000000
22788.900000 101240.000000
22786.700000 101245.000000
22785.600000 101240.000000
22784.500000 101238.000000
22784.500000 101240.000000
22784.500000 101301.000000
22778.900000 101243.000000
22780.000000 101243.000000
22780.000000 101240.000000
22782.200000 101243.000000
22784.500000 101245.000000
22784.500000 101254.000000
22783.300000 101256.000000
22782.200000 101258.000000
22781.100000 101252.000000
22781.100000 101249.000000
22782.200000 101245.000000
22791.100000 101263.000000
22702.100000 101227.000000
22780.000000 101274.000000
22780.000000 101247.000000
22776.700000 101216.000000
22775.500000 101212.000000
22953.700000 99949.200000
23378.900000 95077.800000
21280.500000 94093.800000
20386.600000 88859.500000
20352.100000 88875.100000
20349.900000 88890.700000
20349.900000 88892.900000
20351.000000 88897.400000
20355.500000 88892.900000
20361.000000 88879.600000
20363.300000 88877.300000
20363.300000 88875.100000
20364.400000 88877.300000
20365.500000 88877.300000
20366.600000 88875.100000
20365.500000 88868.400000
20367.700000 88868.400000
20368.800000 88866.200000
20369.900000 88866.200000
20371.000000 88866.200000
20369.900000 88866.200000
20376.600000 88832.800000
20374.400000 88857.300000
20373.300000 88861.800000
20371.000000 88861.800000
20371.000000 88868.400000
20371.000000 88870.700000
20371.000000 88868.400000
20368.800000 88864.000000
20368.800000 88868.400000
20368.800000 88870.700000
20368.800000 88868.400000
20335.400000 88937.500000
20357.700000 88904.100000
20362.100000 88901.800000
20363.300000 88897.400000
20361.000000 88892.900000
20355.500000 88901.800000
20354.400000 88910.700000
20355.500000 88901.800000
20357.700000 88897.400000
20364.400000 88837.300000
20358.800000 88861.800000
20366.600000 88843.900000
20365.500000 88841.700000
20364.400000 88843.900000
20364.400000 88846.200000
20365.500000 88843.900000
20364.400000 88850.600000
20364.400000 88859.500000
20365.500000 88857.300000
20368.800000 88857.300000
20369.900000 88857.300000
20368.800000 88855.100000
20368.800000 88852.900000
20369.900000 88852.900000
20371.000000 88855.100000
20366.600000 88899.600000
20365.500000 88890.700000
20639.300000 88995.300000
20633.800000 88995.300000
21357.300000 89409.400000
22699.900000 94276.300000
23017.100000 100884.000000
22791.100000 101209.000000
22790.000000 101218.000000
22774.400000 101318.000000
22804.500000 101167.000000
22772.200000 101303.000000
22777.800000 101272.000000
22774.400000 101283.000000
