-2026.430000 149415.000000
-1719.190000 151163.000000
-4130.370000 152695.000000
-5488.470000 152817.000000
-7239.520000 152902.000000
-9562.760000 152882.000000
-11307.100000 156097.000000
-12069.700000 158657.000000
-12070.800000 158657.000000
-11976.200000 156417.000000
-12001.800000 154634.000000
-11729.000000 150535.000000
-13359.900000 149288.000000
-14576.600000 149121.000000
-14510.900000 146516.000000
-14817.000000 143836.000000
-15148.800000 143061.000000
-15153.200000 143068.000000
-15165.500000 143050.000000
-15163.200000 143063.000000
-15162.100000 143068.000000
-15161.000000 143070.000000
-14179.200000 140774.000000
-13848.600000 140156.000000
-11758.000000 139501.000000
-6731.910000 139343.000000
-5684.390000 143655.000000
-1869.470000 143816.000000
-1610.100000 145365.000000
-1764.830000 146930.000000
-1749.250000 147071.000000
-2067.620000 146029.000000
-4802.740000 147077.000000
-7300.750000 147135.000000
-6009.440000 146946.000000
-5996.090000 146824.000000
-6262.140000 144303.000000
-4646.890000 143446.000000
-3482.490000 142044.000000
-3488.060000 142035.000000
-3573.770000 139281.000000
-408.961000 140554.000000
1277.530000 145773.000000
1258.600000 149342.000000
1819.660000 151621.000000
2319.480000 152530.000000
2172.540000 152294.000000
1444.510000 150499.000000
87.523900 149400.000000
-436.791000 149524.000000
-522.507000 149691.000000
-1045.710000 149631.000000
-1036.800000 149720.000000
-1050.160000 149261.000000
-1799.340000 146049.000000
-5064.340000 143582.000000
-6074.010000 142544.000000
-5549.700000 141785.000000
-3892.150000 143562.000000
-1838.300000 146209.000000
-1512.140000 147661.000000
-1723.640000 147489.000000
-1725.870000 147498.000000
-1745.910000 147340.000000
-2263.540000 143424.000000
-6167.520000 143609.000000
-8028.780000 143624.000000
-10886.400000 145535.000000
-12899.000000 145998.000000
-14190.300000 144136.000000
-14148.000000 144141.000000
-14299.400000 145768.000000
-15755.500000 140748.000000
-15833.400000 139891.000000
-16046.000000 136466.000000
-16078.300000 135968.000000
-15037.500000 135200.000000
-14915.000000 135311.000000
-11770.200000 135289.000000
-10798.400000 137709.000000
-10586.900000 145201.000000
-10419.900000 145942.000000
-10922.000000 145285.000000
-13738.400000 145198.000000
-13612.600000 145049.000000
-13902.000000 145292.000000
-13873.100000 147227.000000
-13809.600000 147138.000000
-13849.700000 146089.000000
-14067.900000 142337.000000
-14447.500000 139118.000000
-14494.200000 138889.000000
-14771.400000 137393.000000
-14858.200000 136141.000000
-14994.000000 135540.000000
-15015.200000 131649.000000
-15094.200000 127804.000000
-14746.900000 125588.000000
-14683.500000 124633.000000
-15321.300000 124043.000000
-15920.200000 124370.000000
-15255.600000 124041.000000
-15286.800000 124019.000000
-16857.500000 121636.000000
-17190.400000 125375.000000
-14692.400000 129017.000000
-12774.300000 132811.000000
-13106.100000 133370.000000
-12181.000000 131014.000000
-11439.600000 127726.000000
-11923.800000 125377.000000
-11927.200000 125399.000000
-11927.200000 125401.000000
-11925.000000 125401.000000
-13188.400000 123239.000000
-13060.400000 123251.000000
-13515.700000 120074.000000
-12698.600000 119642.000000
-12749.800000 119481.000000
-13466.700000 119924.000000
-16739.500000 121305.000000
-16757.300000 121510.000000
-16755.100000 121523.000000
-16755.100000 121527.000000
-16793.000000 121612.000000
-16766.200000 121594.000000
-16666.100000 121841.000000
-14069.000000 120855.000000
-11594.300000 118838.000000
-7238.410000 118350.000000
-4060.240000 119399.000000
-2719.950000 123738.000000
-3790.850000 129355.000000
-5250.250000 131067.000000
-5104.420000 131079.000000
-4062.470000 134812.000000
3096.490000 139888.000000
4416.740000 151566.000000
8685.840000 152323.000000
7973.400000 151316.000000
4103.930000 152657.000000
3107.620000 152341.000000
3128.770000 149936.000000
2509.840000 146933.000000
4420.080000 150876.000000
31853.700000 91313.000000
31855.900000 91313.000000
31857.000000 91310.800000
31858.100000 91310.800000
31859.200000 91310.800000
31860.300000 91310.800000
31858.100000 91384.300000
31867.000000 91304.100000
31867.000000 91297.400000
31870.400000 91295.200000
31855.900000 91335.300000
31857.000000 91333.000000
31888.200000 91315.200000
31879.300000 91308.600000
31878.100000 91301.900000
31875.900000 91299.700000
31875.900000 91297.400000
31872.600000 91297.400000
31871.500000 91295.200000
31870.400000 91297.400000
31868.100000 91295.200000
31861.400000 91279.600000
31859.200000 91286.300000
31858.100000 91297.400000
31859.200000 91297.400000
31863.700000 91346.400000
31861.400000 91328.600000
31865.900000 91275.200000
31862.600000 91277.400000
31861.400000 91275.200000
31859.200000 91275.200000
31860.300000 91277.400000
30418.700000 91696.000000
28600.900000 99668.700000
24081.300000 104747.000000
20140.600000 106023.000000
12000.900000 113926.000000
9982.710000 120456.000000
4536.960000 130607.000000
2555.480000 131232.000000
2557.700000 131228.000000
2553.250000 131321.000000
2591.100000 131437.000000
2592.210000 131435.000000
3280.170000 135273.000000
607.386000 141108.000000
529.462000 141048.000000
1281.980000 146755.000000
1236.340000 157328.000000
-2229.030000 163722.000000
-5625.390000 163938.000000
-5231.320000 165305.000000
-4416.460000 164136.000000
-3640.570000 164114.000000
-3125.160000 162660.000000
-1641.270000 158701.000000
-1169.270000 158650.000000
1201.830000 158432.000000
992.551000 162085.000000
-1760.380000 162032.000000
-1761.490000 162034.000000
-3169.680000 161569.000000
-1388.570000 161104.000000
1129.470000 160868.000000
1674.940000 159719.000000
1345.430000 157657.000000
1401.090000 157619.000000
1302.020000 152378.000000
-516.941000 152572.000000
-1007.860000 152465.000000
-1761.490000 148961.000000
-2596.390000 143462.000000
-4682.520000 141271.000000
-4449.860000 139216.000000
-3158.550000 139098.000000
295.691000 130754.000000
13173.100000 124591.000000
15483.000000 114971.000000
15858.200000 114376.000000
15522.000000 114951.000000
15876.000000 119860.000000
14072.600000 124130.000000
11933.000000 125893.000000
8861.730000 128097.000000
7275.420000 129553.000000
7274.310000 129582.000000
7276.540000 129580.000000
5718.060000 132572.000000
4406.720000 134803.000000
3784.440000 137488.000000
1824.110000 138757.000000
199.957000 139530.000000
-804.145000 139940.000000
-2312.520000 139007.000000
-2372.640000 140668.000000
-2516.240000 140659.000000
-3156.330000 140670.000000
-3368.950000 140683.000000
-4275.090000 143544.000000
-10063.700000 144515.000000
-10530.100000 147091.000000
-12877.900000 149373.000000
-13526.800000 149295.000000
-15522.800000 147848.000000
-15533.900000 147538.000000
-12812.200000 147302.000000
-10573.500000 147316.000000
-10506.800000 147540.000000
-10160.500000 146129.000000
-10436.600000 145343.000000
-10434.400000 145365.000000
-10635.900000 138958.000000
-10662.600000 138118.000000
-12397.000000 137479.000000
-9451.440000 134387.000000
-9455.900000 133897.000000
-9461.460000 133888.000000
-9443.650000 133890.000000
-9451.440000 133902.000000
-9430.290000 133882.000000
-9467.030000 133699.000000
-9018.410000 134547.000000
-10752.800000 133721.000000
-8897.070000 135095.000000
-7153.810000 135021.000000
-7146.020000 135013.000000
-7146.020000 135015.000000
-3721.830000 134819.000000
-3521.450000 134799.000000
-5945.990000 134828.000000
-7328.580000 132063.000000
-7449.920000 131867.000000
-6446.930000 134950.000000
-3995.680000 134848.000000
-3825.360000 134832.000000
-3681.750000 134821.000000
-8077.760000 133570.000000
-7741.580000 132000.000000
-7605.770000 131671.000000
-7347.500000 131878.000000
-7436.560000 132332.000000
-7335.260000 131856.000000
-7347.500000 131882.000000
-7115.960000 131864.000000
-7771.630000 132744.000000
-6586.080000 136135.000000
-6140.800000 142088.000000
-6109.630000 143540.000000
-4672.500000 143286.000000
-3610.510000 141767.000000
-2824.590000 140690.000000
-1519.930000 139174.000000
-722.882000 140009.000000
-729.561000 140000.000000
-858.692000 139864.000000
-2163.360000 136052.000000
-1860.570000 136326.000000
-2520.690000 135654.000000
726.498000 136789.000000
4416.740000 144054.000000
4381.120000 152510.000000
-2279.130000 133675.000000
-2357.050000 133488.000000
-2344.810000 133490.000000
-2943.710000 134474.000000
-5014.250000 134449.000000
-1098.030000 139652.000000
1215.190000 159202.000000
2938.420000 160910.000000
3827.860000 160937.000000
3267.920000 160845.000000
1218.530000 160013.000000
1031.510000 157225.000000
622.971000 155642.000000
494.953000 154745.000000
493.840000 154745.000000
1290.890000 153452.000000
395.879000 153601.000000
-404.508000 150662.000000
-470.187000 150083.000000
-486.885000 149359.000000
1353.230000 149981.000000
3763.290000 151069.000000
4857.560000 152287.000000
4434.550000 152031.000000
3297.980000 149415.000000
4924.360000 150439.000000
4924.360000 150462.000000
3134.340000 150978.000000
3119.870000 150230.000000
5780.400000 148883.000000
6050.910000 147995.000000
6542.940000 148890.000000
5780.400000 146984.000000
4462.380000 144829.000000
3345.850000 138312.000000
3453.830000 138105.000000
3295.750000 138372.000000
4296.510000 134532.000000
4297.630000 134532.000000
5769.270000 131702.000000
9163.400000 123478.000000
11669.200000 117698.000000
12280.300000 110667.000000
17944.300000 106007.000000
26924.400000 105533.000000
28537.400000 99866.800000
30986.500000 87298.800000
30920.800000 86958.200000
30894.100000 87016.100000
30895.200000 87036.100000
30896.300000 87036.100000
30896.300000 87031.700000
30896.300000 87029.400000
30896.300000 87027.200000
30896.300000 87025.000000
30896.300000 87027.200000
30898.500000 87027.200000
30898.500000 87025.000000
30905.200000 86989.400000
30901.900000 86991.600000
30899.600000 86998.300000
30889.600000 87042.800000
30891.900000 87051.700000
30903.000000 86993.800000
30895.200000 87018.300000
30905.200000 86976.000000
30901.900000 86993.800000
30900.800000 86987.100000
30898.500000 86993.800000
30899.600000 86993.800000
30886.300000 86962.600000
30888.500000 86976.000000
30890.700000 86984.900000
30894.100000 86956.000000
30893.000000 87069.500000
30888.500000 87147.400000
30888.500000 87031.700000
30890.700000 87027.200000
30890.700000 87029.400000
30890.700000 87027.200000
30871.800000 86915.900000
30919.700000 86991.600000
30897.400000 86969.300000
30914.100000 87098.500000
30894.100000 87042.800000
30896.300000 87058.400000
30893.000000 87042.800000
30893.000000 87033.900000
30882.900000 87018.300000
30885.200000 87020.500000
30885.200000 87027.200000
30886.300000 87031.700000
30888.500000 87071.700000
30894.100000 87036.100000
30891.900000 87045.000000
30893.000000 87047.200000
30527.800000 89576.400000
28754.500000 99321.300000
23942.200000 104754.000000
12486.300000 108151.000000
7950.020000 120165.000000
6735.520000 125343.000000
5073.520000 129994.000000
3178.870000 130322.000000
3152.150000 132038.000000
3123.210000 132020.000000
3163.280000 131982.000000
3155.490000 132045.000000
3149.920000 132047.000000
3159.940000 132003.000000
3165.510000 132074.000000
3164.390000 132080.000000
3163.280000 132083.000000
2468.650000 132365.000000
2359.550000 130851.000000
2018.920000 133552.000000
1398.870000 132428.000000
1944.330000 130408.000000
1837.470000 128674.000000
1416.680000 129322.000000
1379.940000 129364.000000
1401.090000 129547.000000
2156.950000 133726.000000
2162.520000 135151.000000
988.099000 137039.000000
159.882000 138602.000000
723.158000 139710.000000
-3342.230000 139096.000000
-5359.340000 138116.000000
-4561.180000 136386.000000
-3511.440000 142313.000000
-2970.420000 143477.000000
-1725.870000 150023.000000
-2236.830000 153376.000000
-2360.390000 153171.000000
-699.505000 153051.000000
-701.731000 153445.000000
-692.826000 153180.000000
-1630.140000 152599.000000
-463.508000 159414.000000
-4092.520000 161224.000000
-4043.540000 162916.000000
-4094.750000 162842.000000
-4258.390000 162974.000000
-4096.980000 162239.000000
-3296.590000 162228.000000
-3186.380000 162199.000000
-3272.100000 158318.000000
-3323.310000 157731.000000
-2970.420000 158109.000000
-3538.150000 155155.000000
-3656.150000 155139.000000
-3699.570000 154750.000000
-2569.670000 154364.000000
-91.700500 153710.000000
4444.570000 150292.000000
2448.610000 138947.000000
-20498.800000 162319.000000
7432.380000 129108.000000
15037.700000 121530.000000
15884.900000 114690.000000
15200.300000 114922.000000
15002.100000 118014.000000
12098.900000 117847.000000
9974.920000 120401.000000
2948.430000 127006.000000
2490.910000 126864.000000
2288.310000 127156.000000
2180.330000 127630.000000
1893.130000 129571.000000
4048.270000 129729.000000
4639.380000 130181.000000
4639.380000 130184.000000
4628.250000 130172.000000
4626.020000 130177.000000
2526.530000 129360.000000
1358.790000 129351.000000
1401.090000 129487.000000
2201.480000 133873.000000
2297.220000 137257.000000
1765.110000 141349.000000
1760.660000 141349.000000
1001.460000 142006.000000
1008.140000 142273.000000
830.025000 141914.000000
-2997.140000 139067.000000
-3637.230000 139243.000000
-3139.630000 141761.000000
-2803.440000 141745.000000
-3482.490000 139082.000000
-7566.800000 139287.000000
-9494.860000 131916.000000
-10376.500000 131330.000000
-11264.800000 131664.000000
-12425.900000 131956.000000
-12773.200000 133844.000000
-13087.100000 133670.000000
-14679.000000 135396.000000
-14852.700000 135745.000000
-14828.200000 135939.000000
-14395.100000 139365.000000
-14063.400000 139686.000000
-8613.210000 139385.000000
-5153.400000 140623.000000
-4717.030000 141298.000000
-1860.570000 143807.000000
-1803.790000 147469.000000
-1848.320000 149097.000000
-1741.460000 150344.000000
-1617.890000 152666.000000
24.071800 157958.000000
724.271000 159550.000000
964.721000 159536.000000
455.991000 159810.000000
-681.694000 155620.000000
-1703.610000 149518.000000
-1305.080000 149112.000000
-513.601000 149647.000000
-523.620000 149740.000000
-1067.970000 149580.000000
-1254.990000 149103.000000
-1744.790000 150074.000000
-1567.800000 153888.000000
-601.544000 155669.000000
-540.318000 155616.000000
-522.507000 155771.000000
1149.510000 156005.000000
2262.710000 156001.000000
4363.310000 159935.000000
11064.700000 161386.000000
14183.900000 161687.000000
4437.890000 160411.000000
3149.920000 155999.000000
1394.410000 155925.000000
722.045000 155961.000000
-519.167000 155656.000000
-804.145000 155905.000000
-2378.200000 155927.000000
-3576.000000 152942.000000
-3669.510000 150784.000000
-4052.450000 150987.000000
-4769.350000 151089.000000
-5295.890000 150128.000000
-5810.180000 148197.000000
-7309.660000 147131.000000
-8895.960000 147282.000000
-10486.700000 146519.000000
-12548.400000 145978.000000
-14052.300000 142805.000000
-14748.000000 137642.000000
-14866.000000 136544.000000
-14770.300000 137497.000000
-12778.800000 137497.000000
-9764.250000 137482.000000
-12590.700000 137368.000000
-12687.500000 137377.000000
-12936.900000 139379.000000
-12075.200000 143985.000000
-12832.200000 148253.000000
-12899.000000 148315.000000
-10443.300000 154084.000000
-9842.170000 153224.000000
-9942.360000 153218.000000
-9637.350000 157635.000000
-5594.220000 164608.000000
-5431.700000 171272.000000
-5436.150000 169537.000000
-5556.370000 164942.000000
-5481.790000 169190.000000
-4859.510000 170421.000000
-5490.700000 166420.000000
-4043.540000 164107.000000
-4073.600000 161956.000000
-3270.990000 158234.000000
-3554.850000 153494.000000
-3995.680000 152412.000000
-4020.170000 152394.000000
-3648.360000 149522.000000
-875.390000 149237.000000
1339.870000 147075.000000
4275.360000 147015.000000
6160.000000 149014.000000
6539.600000 149217.000000
7897.700000 149529.000000
9023.140000 152427.000000
13654.000000 152365.000000
12386.100000 152091.000000
9004.220000 152294.000000
31863.700000 91279.600000
31861.400000 91279.600000
-2816.800000 155168.000000
31861.400000 91281.800000
31861.400000 91279.600000
31862.600000 91279.600000
31859.200000 91284.100000
31852.500000 91268.500000
31843.600000 91248.400000
31894.800000 91335.300000
31850.300000 91299.700000
31850.300000 91301.900000
31851.400000 91299.700000
31850.300000 91299.700000
31851.400000 91299.700000
31850.300000 91299.700000
31850.300000 91297.400000
31852.500000 91297.400000
31852.500000 91295.200000
31852.500000 91297.400000
31688.900000 91315.200000
25145.500000 103019.000000
21266.100000 106047.000000
17047.000000 105940.000000
12416.200000 108786.000000
11530.100000 118027.000000
9203.480000 123215.000000
6798.980000 129885.000000
4277.590000 130941.000000
2559.930000 131183.000000
2561.040000 131197.000000
2552.140000 131295.000000
2573.290000 131317.000000
2575.510000 131332.000000
2575.510000 131335.000000
2574.400000 131346.000000
1385.510000 133156.000000
2424.120000 135756.000000
3399.280000 137290.000000
3705.410000 137593.000000
3705.410000 137591.000000
3771.090000 137700.000000
3709.860000 137646.000000
3658.650000 137595.000000
3619.690000 137673.000000
4390.020000 135028.000000
8186.020000 128235.000000
15257.000000 121167.000000
15869.300000 114403.000000
15382.800000 117665.000000
15643.300000 120474.000000
12821.400000 125221.000000
6645.360000 130693.000000
4380.000000 135191.000000
2635.630000 136026.000000
2582.190000 135957.000000
2576.630000 136072.000000
3018.570000 136533.000000
1446.730000 135304.000000
1416.680000 134144.000000
-945.521000 134614.000000
-3671.740000 133637.000000
-3363.380000 133574.000000
-3285.460000 133621.000000
-3308.830000 133634.000000
-4125.920000 134204.000000
-4486.590000 133695.000000
-3395.660000 133530.000000
-3383.420000 133561.000000
-3384.530000 133559.000000
-3383.420000 133550.000000
-2181.170000 139065.000000
1284.210000 146556.000000
809.987000 151829.000000
1079.380000 151978.000000
400.332000 151401.000000
401.445000 151379.000000
401.445000 151134.000000
25.185000 147284.000000
-624.921000 145345.000000
-1979.680000 145136.000000
-1401.930000 142313.000000
-1685.800000 142391.000000
-1193.760000 141509.000000
-284.283000 140665.000000
1247.470000 143390.000000
4823.060000 141794.000000
4214.140000 141587.000000
2959.570000 141126.000000
3598.540000 141741.000000
3598.540000 141745.000000
3293.530000 141206.000000
3211.150000 141202.000000
2878.300000 141186.000000
2406.310000 139788.000000
2382.930000 139686.000000
1448.960000 141990.000000
1433.380000 141963.000000
1377.720000 141888.000000
4204.120000 138695.000000
4288.720000 138693.000000
1844.150000 140964.000000
1448.960000 141979.000000
1348.770000 141943.000000
1317.600000 141868.000000
3626.370000 140625.000000
4407.830000 144987.000000
5112.490000 147358.000000
6070.950000 147596.000000
5861.670000 147422.000000
4546.980000 146964.000000
1546.920000 147022.000000
1475.680000 146986.000000
584.009000 144517.000000
1241.910000 144499.000000
1244.130000 144501.000000
1259.720000 148623.000000
1271.960000 152067.000000
1241.910000 152180.000000
137.618000 152632.000000
-6276.610000 152828.000000
-8627.680000 152893.000000
-10493.400000 152592.000000
-10839.600000 153792.000000
-10868.500000 153062.000000
-11614.400000 151381.000000
-11725.700000 149578.000000
-11830.300000 147601.000000
-12482.700000 143500.000000
-13108.300000 142912.000000
-12867.800000 140115.000000
-12391.400000 138800.000000
-12388.100000 138764.000000
-12366.900000 138751.000000
-10830.700000 137471.000000
-8077.760000 135035.000000
-4754.870000 134249.000000
-4540.030000 132523.000000
-3630.550000 132174.000000
-3710.700000 130473.000000
-3554.850000 125938.000000
-3319.970000 125913.000000
-3699.570000 128491.000000
-3704.020000 131386.000000
-3698.450000 131455.000000
-4528.900000 133817.000000
-3403.460000 133488.000000
-3423.490000 133510.000000
-3356.700000 134857.000000
-3191.950000 134801.000000
3558.470000 135876.000000
-2747.780000 131726.000000
-2540.730000 131873.000000
-2493.980000 131909.000000
-2465.030000 131740.000000
-2493.980000 131887.000000
-3673.960000 132902.000000
-4583.440000 130949.000000
-3651.700000 131361.000000
-3128.500000 132512.000000
-3091.760000 132512.000000
-2942.590000 134494.000000
-2884.710000 136480.000000
-2823.480000 140138.000000
-2361.500000 143535.000000
-1613.440000 152853.000000
-1348.500000 161041.000000
-4089.180000 162192.000000
-4780.480000 162620.000000
-4735.950000 162306.000000
-4728.160000 160796.000000
-2217.900000 161723.000000
-1673.550000 162119.000000
-1374.100000 162130.000000
-1761.490000 158766.000000
-1216.030000 154603.000000
-998.954000 153095.000000
-816.390000 152946.000000
1205.170000 157239.000000
665.272000 158102.000000
660.819000 158463.000000
-469.074000 158586.000000
-2495.090000 158735.000000
-4108.110000 160336.000000
-2023.090000 161527.000000
-2206.770000 161418.000000
-443.470000 158844.000000
1811.860000 157987.000000
2082.370000 157996.000000
1260.830000 157700.000000
1494.600000 148088.000000
2197.030000 148571.000000
1332.080000 147066.000000
1322.060000 143005.000000
1441.170000 141905.000000
1349.890000 141872.000000
-2675.430000 139018.000000
-2918.100000 140668.000000
-3002.710000 140670.000000
-3581.570000 139005.000000
-3180.820000 135086.000000
-3130.720000 134788.000000
-2823.480000 139514.000000
-2778.950000 143355.000000
-3680.640000 145401.000000
-4111.450000 145775.000000
-4682.520000 142649.000000
-4315.160000 141369.000000
-2866.900000 139127.000000
771.026000 142159.000000
773.252000 142306.000000
1456.750000 141892.000000
1447.850000 141908.000000
2101.290000 137994.000000
2361.780000 133991.000000
1396.640000 130295.000000
956.929000 129191.000000
1907.600000 130034.000000
1752.860000 131163.000000
1991.090000 133405.000000
2012.240000 133545.000000
816.667000 131949.000000
1637.090000 134765.000000
3886.860000 134302.000000
4231.950000 134652.000000
4234.170000 134650.000000
7774.130000 127708.000000
10449.100000 119588.000000
12191.300000 111647.000000
15317.100000 105934.000000
18801.400000 106143.000000
20975.500000 106065.000000
22413.800000 103302.000000
23024.900000 100624.000000
23095.000000 98441.900000
25979.300000 94202.900000
30379.800000 92475.200000
30890.700000 87016.100000
30895.200000 87009.400000
30900.800000 87002.700000
30831.700000 87069.500000
30887.400000 87051.700000
30890.700000 87049.500000
30890.700000 87062.800000
30897.400000 87049.500000
30900.800000 87045.000000
30901.900000 87045.000000
30900.800000 87047.200000
30901.900000 87042.800000
30901.900000 87031.700000
30896.300000 87007.200000
30894.100000 86993.800000
30894.100000 86989.400000
30897.400000 86984.900000
30896.300000 87009.400000
30895.200000 87018.300000
30901.900000 87007.200000
30905.200000 87004.900000
30904.100000 87002.700000
30840.600000 86969.300000
30877.400000 86991.600000
30874.000000 86984.900000
30878.500000 86987.100000
30915.200000 87120.700000
30898.500000 87013.900000
30897.400000 86960.400000
30893.000000 86956.000000
30895.200000 87065.100000
30886.300000 86976.000000
30889.600000 86973.800000
30889.600000 86982.700000
30894.100000 86991.600000
30894.100000 86993.800000
30897.400000 87007.200000
30891.900000 86987.100000
30891.900000 86953.700000
30895.200000 86951.500000
30891.900000 86956.000000
30898.500000 87033.900000
30898.500000 87011.600000
30898.500000 87007.200000
30899.600000 87009.400000
30898.500000 87013.900000
30897.400000 87009.400000
30898.500000 87009.400000
30898.500000 86940.400000
30888.500000 87038.300000
30900.800000 87089.600000
30900.800000 87022.800000
30537.900000 89442.800000
28104.400000 100873.000000
23204.100000 104872.000000
19010.700000 105996.000000
13016.200000 106112.000000
11844.000000 115935.000000
8056.890000 119196.000000
6957.050000 124250.000000
3223.390000 123106.000000
555.066000 121233.000000
-57.191400 120951.000000
-3059.480000 122966.000000
-4104.770000 124822.000000
-4144.840000 126138.000000
-4194.940000 126285.000000
-4217.200000 130878.000000
-5173.440000 132606.000000
-5187.910000 132659.000000
-5176.770000 132584.000000
-5190.130000 132588.000000
-5191.250000 132584.000000
-5028.720000 132566.000000
-4709.230000 143506.000000
-1748.130000 147104.000000
-1307.310000 147008.000000
-24.908800 147017.000000
663.046000 141785.000000
6465.020000 130820.000000
14732.700000 122055.000000
15867.100000 114332.000000
15241.400000 115868.000000
13808.800000 118388.000000
10818.700000 119259.000000
7960.040000 119938.000000
6708.810000 124842.000000
3255.680000 127434.000000
1850.820000 127619.000000
1425.580000 129536.000000
2623.380000 134371.000000
1723.920000 139158.000000
938.005000 143633.000000
792.176000 143693.000000
1991.090000 141848.000000
737.630000 141661.000000
374.728000 140311.000000
398.105000 140334.000000
-1764.830000 141258.000000
-1849.440000 144675.000000
-3600.490000 151503.000000
-3618.300000 151715.000000
-2791.200000 151072.000000
-2662.070000 149266.000000
-1860.570000 147912.000000
-2016.410000 147984.000000
-2180.050000 146935.000000
-2059.830000 145432.000000
-2063.170000 145497.000000
-3338.890000 144911.000000
-3313.290000 144916.000000
-7230.620000 143618.000000
-9961.290000 143849.000000
-8761.260000 143192.000000
-4419.800000 143615.000000
-929.936000 145379.000000
-647.185000 144553.000000
-511.375000 143464.000000
119.807000 142625.000000
118.693000 142625.000000
119.807000 142625.000000
119.807000 142622.000000
120.920000 142622.000000
286.786000 143114.000000
-1318.440000 144179.000000
-7006.870000 143622.000000
-10537.900000 149095.000000
-11519.800000 149259.000000
-11230.300000 148211.000000
-11702.300000 149308.000000
-15542.800000 149095.000000
-19925.500000 149079.000000
-23297.400000 148658.000000
-27306.000000 148952.000000
3173.300000 130337.000000
2443.040000 132372.000000
-555.903000 134460.000000
-7482.200000 135001.000000
-8340.470000 136607.000000
-8612.090000 137332.000000
-9021.750000 133890.000000
-9436.970000 135008.000000
-17563.300000 136237.000000
-18832.300000 138243.000000
-19458.000000 148119.000000
-19616.000000 153480.000000
-19059.400000 154424.000000
-18680.900000 154440.000000
-17404.100000 156804.000000
-18037.500000 156796.000000
-17286.100000 156818.000000
-17250.500000 154306.000000
-18202.300000 151610.000000
-16552.500000 151575.000000
-15092.000000 151998.000000
-12063.000000 153823.000000
-11291.600000 158387.000000
-9263.310000 159897.000000
-7656.970000 158385.000000
-7317.450000 155277.000000
-5094.400000 154373.000000
-4297.350000 152614.000000
-4314.050000 152361.000000
-2650.940000 149112.000000
-17.116400 149466.000000
1833.010000 150651.000000
4364.420000 151056.000000
9371.570000 150749.000000
11716.000000 149885.000000
11769.400000 149880.000000
9654.320000 149217.000000
6870.220000 150902.000000
4563.680000 151759.000000
4757.380000 151746.000000
4462.380000 150034.000000
4725.090000 140982.000000
4945.510000 140603.000000
6116.590000 139664.000000
4461.270000 137468.000000
4277.590000 134598.000000
6300.260000 130765.000000
9830.210000 120917.000000
12352.700000 109681.000000
18772.500000 106130.000000
22373.700000 106078.000000
23929.900000 102668.000000
28771.200000 99312.400000
31622.100000 91306.300000
31853.700000 91293.000000
31852.500000 91290.700000
31853.700000 91288.500000
31854.800000 91295.200000
31857.000000 91295.200000
31857.000000 91297.400000
31858.100000 91299.700000
31860.300000 91299.700000
31860.300000 91297.400000
31860.300000 91299.700000
31861.400000 91299.700000
31860.300000 91297.400000
31861.400000 91288.500000
31861.400000 91290.700000
31822.500000 91239.500000
31843.600000 91268.500000
31847.000000 91270.700000
31848.100000 91279.600000
31851.400000 91286.300000
31852.500000 91286.300000
31862.600000 91333.000000
31861.400000 91333.000000
31863.700000 91324.100000
31862.600000 91319.700000
31862.600000 91315.200000
31863.700000 91315.200000
31872.600000 91299.700000
31869.200000 91297.400000
31871.500000 91295.200000
31860.300000 91299.700000
31863.700000 91295.200000
31865.900000 91297.400000
31835.800000 91330.800000
31848.100000 91319.700000
31852.500000 91313.000000
30291.800000 94015.800000
27228.300000 102752.000000
22450.500000 103258.000000
19502.800000 105996.000000
12976.100000 106283.000000
11947.500000 114715.000000
9381.590000 122576.000000
6370.400000 130676.000000
3532.860000 130994.000000
2603.340000 131357.000000
2558.820000 131352.000000
2600.000000 131355.000000
2534.330000 131372.000000
3668.670000 135652.000000
691.989000 141064.000000
1256.380000 150116.000000
1240.790000 152603.000000
390.313000 153485.000000
-1781.530000 146185.000000
-3501.420000 145421.000000
-4198.280000 145477.000000
-2830.160000 145425.000000
-2741.100000 144637.000000
-2787.860000 142026.000000
-3602.720000 138504.000000
-3653.920000 135471.000000
-9009.500000 135048.000000
-10834.000000 131230.000000
-10832.900000 131228.000000
-9088.540000 131488.000000
-7888.520000 141687.000000
-7402.050000 141739.000000
-7564.580000 141607.000000
-7567.920000 141609.000000
-8219.140000 137324.000000
-8612.090000 137248.000000
-15621.900000 143836.000000
-15626.300000 148044.000000
-15625.200000 148090.000000
-20309.500000 152817.000000
-24596.500000 154171.000000
-24572.000000 154656.000000
-22532.600000 153641.000000
-21945.900000 152118.000000
-20283.900000 155208.000000
-18578.500000 163121.000000
-19006.000000 165739.000000
-18598.600000 165790.000000
-15761.000000 163869.000000
-9681.870000 164610.000000
-3052.800000 164016.000000
-2739.990000 162141.000000
-1999.720000 162016.000000
-1229.390000 161919.000000
19.619000 161578.000000
3530.640000 165298.000000
5822.700000 167696.000000
5842.740000 167598.000000
4671.660000 167498.000000
4190.760000 162751.000000
3651.970000 161749.000000
1255.270000 159296.000000
1522.430000 154335.000000
1574.750000 154286.000000
1575.870000 154293.000000
1582.540000 154364.000000
1583.660000 154367.000000
1273.080000 153525.000000
-1021.220000 152933.000000
-1027.900000 152977.000000
-2266.880000 152583.000000
-2358.170000 152590.000000
-2667.630000 148832.000000
-4927.420000 147073.000000
-7773.860000 147175.000000
-10598.000000 147353.000000
-12783.200000 141732.000000
-12830.000000 140703.000000
-12461.500000 137793.000000
-12481.600000 137711.000000
-12461.500000 137742.000000
-12466.000000 137738.000000
-10631.400000 141578.000000
-10438.800000 150938.000000
-10787.300000 151408.000000
-11050.000000 150415.000000
-9531.590000 149204.000000
-8547.530000 148587.000000
-10178.400000 147311.000000
-10689.300000 141621.000000
-12853.400000 140245.000000
-12355.800000 139383.000000
-12401.400000 137813.000000
-12469.300000 137669.000000
-12413.700000 137642.000000
-12420.300000 137626.000000
-15647.500000 143126.000000
-15574.000000 154605.000000
-14385.100000 155395.000000
-15431.500000 153055.000000
-15994.800000 152732.000000
-16973.300000 154306.000000
-20563.400000 152830.000000
-22071.700000 151067.000000
-21063.200000 150528.000000
-21173.400000 149754.000000
-21179.000000 149473.000000
-16286.500000 149177.000000
-14325.000000 149386.000000
-13824.100000 148435.000000
-14048.900000 144176.000000
-12724.200000 142932.000000
-12857.800000 139766.000000
-12451.500000 137776.000000
-12533.900000 137911.000000
-14821.500000 136878.000000
-14836.000000 136014.000000
-13531.300000 135436.000000
-9048.470000 135117.000000
-9381.310000 135037.000000
-7947.520000 135024.000000
-7346.390000 131862.000000
-7348.620000 131842.000000
-7339.710000 131898.000000
-6984.600000 135124.000000
-5249.130000 134919.000000
1555.830000 137882.000000
4414.510000 148407.000000
3015.230000 151938.000000
2386.270000 152272.000000
2377.370000 152167.000000
2423.010000 152040.000000
2490.910000 152038.000000
2429.690000 151893.000000
2435.250000 151891.000000
2391.840000 151826.000000
3125.430000 150263.000000
3126.550000 150250.000000
1648.220000 149290.000000
1299.790000 145744.000000
441.520000 141569.000000
-1515.480000 139049.000000
-709.524000 140160.000000
-58.304600 139946.000000
-1553.330000 141162.000000
-1136.990000 140752.000000
-5653.220000 139200.000000
-12867.800000 140534.000000
-12714.200000 142295.000000
-12717.600000 142273.000000
-14834.900000 136469.000000
-14912.800000 134621.000000
-14327.200000 133944.000000
-12192.100000 134155.000000
-12168.800000 135545.000000
-9916.760000 133668.000000
-9029.540000 133759.000000
-5649.880000 134919.000000
-5156.740000 134892.000000
-3193.060000 135026.000000
-3127.380000 134772.000000
-2914.760000 135890.000000
-3147.420000 134810.000000
-2047.580000 136315.000000
-1133.650000 139045.000000
-1228.270000 139269.000000
497.180000 136609.000000
785.497000 134783.000000
1421.130000 134142.000000
1393.300000 134516.000000
1996.650000 135531.000000
3784.440000 137553.000000
4304.310000 140939.000000
4406.720000 136963.000000
5701.370000 132606.000000
6824.580000 133347.000000
6675.410000 134296.000000
6469.470000 134859.000000
4392.250000 135910.000000
4422.300000 136909.000000
4401.150000 134990.000000
4259.780000 134650.000000
4257.550000 134645.000000
4260.890000 134627.000000
8208.280000 126419.000000
11729.300000 117377.000000
12500.800000 108160.000000
18794.800000 106181.000000
21177.000000 106114.000000
22894.700000 103271.000000
24141.400000 103367.000000
28828.000000 99187.800000
30744.900000 88198.300000
30901.900000 87022.800000
30899.600000 87029.400000
30898.500000 87000.500000
30900.800000 87002.700000
30904.100000 87002.700000
30904.100000 86998.300000
30905.200000 87000.500000
30905.200000 87040.600000
30915.200000 86998.300000
30895.200000 87007.200000
30898.500000 86993.800000
30901.900000 86991.600000
30917.500000 87038.300000
30896.300000 87013.900000
30898.500000 87031.700000
30945.300000 87004.900000
30910.800000 86989.400000
30876.300000 87007.200000
30899.600000 87000.500000
30899.600000 86998.300000
30898.500000 87000.500000
30897.400000 87002.700000
30907.400000 87047.200000
30911.900000 87062.800000
30897.400000 87007.200000
30899.600000 87013.900000
30899.600000 87011.600000
30921.900000 86996.000000
30915.200000 87067.300000
30858.500000 87367.800000
30924.100000 87018.300000
30903.000000 87011.600000
30900.800000 87016.100000
30903.000000 87013.900000
30903.000000 87018.300000
30903.000000 87020.500000
30903.000000 87022.800000
30903.000000 87025.000000
30903.000000 87011.600000
30911.900000 87018.300000
30907.400000 87011.600000
30903.000000 87011.600000
30901.900000 87013.900000
30901.900000 87020.500000
30868.500000 86869.100000
30913.000000 87094.000000
30915.200000 87051.700000
30910.800000 87080.600000
30914.100000 87020.500000
30915.200000 87018.300000
30914.100000 87022.800000
30860.700000 86984.900000
30864.000000 86987.100000
30866.200000 86987.100000
30885.200000 87022.800000
30887.400000 87020.500000
30899.600000 87016.100000
30909.700000 86984.900000
30908.600000 86989.400000
30909.700000 86987.100000
30910.800000 86984.900000
30909.700000 86987.100000
30908.600000 86989.400000
30916.300000 87071.700000
30895.200000 87069.500000
30898.500000 87058.400000
30886.300000 86953.700000
30887.400000 87004.900000
30890.700000 87009.400000
30891.900000 87007.200000
30879.600000 87045.000000
30906.300000 87065.100000
30911.900000 87042.800000
30911.900000 87036.100000
30910.800000 87036.100000
30917.500000 87065.100000
30915.200000 87065.100000
30920.800000 87011.600000
30915.200000 86971.600000
30911.900000 86967.100000
30890.700000 87105.100000
31035.500000 86773.400000
30569.000000 91642.500000
28832.400000 99152.100000
24464.300000 103623.000000
22013.000000 103246.000000
17816.300000 103678.000000
13168.700000 105687.000000
11848.400000 115496.000000
8292.880000 119245.000000
6914.750000 123754.000000
8100.300000 126650.000000
3739.920000 135758.000000
-3004.930000 143495.000000
-4662.480000 142776.000000
-4720.360000 140427.000000
-3854.300000 135952.000000
-1858.340000 135785.000000
-1862.790000 135812.000000
-1823.830000 135905.000000
449.312000 129825.000000
3581.840000 118896.000000
4673.890000 111150.000000
10777.500000 109699.000000
10878.800000 109449.000000
7678.400000 110680.000000
2892.780000 112359.000000
-1095.800000 114890.000000
-1711.400000 115852.000000
-3670.620000 118546.000000
-4002.350000 119370.000000
-4232.790000 120741.000000
-3778.600000 123146.000000
-2619.770000 122794.000000
-3019.400000 122342.000000
-2893.610000 121815.000000
-3820.900000 123148.000000
-4232.790000 121725.000000
-4123.690000 115670.000000
-4170.450000 109427.000000
-3378.970000 106034.000000
-1883.940000 108265.000000
-1621.230000 115754.000000
-2470.600000 118021.000000
-3896.600000 119292.000000
-3283.230000 123001.000000
-2916.990000 122422.000000
-2986.010000 122569.000000
-2185.620000 123003.000000
-2632.010000 122763.000000
-3611.620000 125234.000000
-3642.790000 131666.000000
-3616.080000 138998.000000
-2949.270000 141340.000000
-2820.140000 143395.000000
-1601.190000 145410.000000
584.009000 143299.000000
137.618000 142598.000000
137.618000 142600.000000
139.844000 142593.000000
691.989000 141785.000000
-2656.500000 138996.000000
-3535.930000 139080.000000
-3541.490000 141703.000000
-3509.210000 142251.000000
-3559.300000 143054.000000
-3783.050000 143426.000000
-1858.340000 145641.000000
-1788.210000 144993.000000
-5255.810000 143562.000000
-6904.450000 139045.000000
-6223.180000 138735.000000
-5376.040000 139294.000000
-4752.650000 141801.000000
-4670.270000 143337.000000
-1666.870000 145437.000000
-1547.760000 146276.000000
-1724.760000 146485.000000
-2785.630000 141877.000000
-2819.030000 139114.000000
-3250.950000 139214.000000
-2080.980000 139699.000000
889.024000 140984.000000
4923.240000 131112.000000
3590.750000 127454.000000
4680.570000 127225.000000
3814.500000 126486.000000
3812.270000 126486.000000
3849.010000 126708.000000
3896.880000 127035.000000
1865.300000 128407.000000
1888.670000 129302.000000
-1548.870000 130342.000000
-4733.720000 131617.000000
-5253.590000 132615.000000
-4360.800000 132497.000000
-3604.940000 131700.000000
