2659.000000 146434.000000
2136.920000 144593.000000
2338.400000 144506.000000
1747.300000 146964.000000
60.807200 145287.000000
-2632.010000 144882.000000
-2772.270000 142366.000000
-2784.520000 142079.000000
-4636.880000 141333.000000
-5823.540000 140409.000000
-5821.310000 140378.000000
-5370.470000 141587.000000
-6003.880000 141805.000000
-5315.920000 139236.000000
-3756.340000 139203.000000
-3606.060000 134708.000000
-3105.120000 131709.000000
-8130.080000 149371.000000
-8110.040000 150134.000000
-9681.870000 154465.000000
-9686.330000 154923.000000
-9586.140000 160921.000000
-9578.350000 160988.000000
-7956.420000 161268.000000
-5053.210000 160774.000000
-4273.970000 160736.000000
-3489.170000 155927.000000
-3607.170000 151929.000000
-1152.580000 149268.000000
32.977300 147240.000000
28.524600 146490.000000
-5.984470 143885.000000
1593.680000 139661.000000
1352.110000 134550.000000
1421.130000 132092.000000
1371.040000 135329.000000
-608.223000 135184.000000
-2963.740000 134716.000000
-8631.020000 134995.000000
-10878.600000 137444.000000
-11203.600000 135264.000000
-10700.400000 136758.000000
-10743.900000 135825.000000
-11666.700000 133781.000000
-12158.700000 133788.000000
-13094.900000 129525.000000
-15133.200000 127407.000000
-15224.500000 125840.000000
-17149.200000 122609.000000
-16971.100000 122761.000000
-15568.400000 126443.000000
-16985.500000 126759.000000
-19842.000000 130431.000000
-20965.200000 130863.000000
-21313.600000 130887.000000
-21262.400000 130907.000000
-19319.900000 131669.000000
-17339.500000 132964.000000
-15005.200000 133158.000000
-14215.900000 133933.000000
-12756.500000 133850.000000
-12282.300000 132158.000000
-12251.100000 133608.000000
-11371.700000 133775.000000
-10289.700000 133710.000000
-9298.940000 133646.000000
-8967.200000 134636.000000
-9007.280000 134817.000000
-11467.400000 133790.000000
-13015.900000 133879.000000
-12113.100000 133810.000000
-11182.500000 133759.000000
-10599.100000 141926.000000
-10428.800000 153169.000000
-10010.300000 154689.000000
-7685.920000 154522.000000
-7178.300000 156874.000000
-5268.060000 156230.000000
-2437.200000 156255.000000
-2293.600000 156611.000000
-1876.150000 155979.000000
-1104.710000 157873.000000
-1220.480000 160745.000000
-1267.230000 161961.000000
-951.087000 162126.000000
-3222.000000 160901.000000
-7650.290000 161001.000000
-9593.930000 159857.000000
-9728.630000 159387.000000
-10851.800000 159438.000000
-10850.700000 156858.000000
-10795.100000 156103.000000
-10832.900000 154293.000000
-10377.600000 152372.000000
-10450.000000 151517.000000
-10442.200000 151978.000000
-10429.900000 153505.000000
-10617.000000 154819.000000
-11844.800000 156756.000000
-12286.800000 157397.000000
-12663.000000 157134.000000
-12944.600000 157907.000000
-14136.900000 159844.000000
-14733.600000 159180.000000
-14844.900000 157539.000000
-13566.900000 156756.000000
-11416.200000 156931.000000
-10311.900000 156882.000000
-7329.690000 156905.000000
-7109.280000 158252.000000
-8248.080000 158243.000000
-8482.960000 158238.000000
-9629.550000 158485.000000
-7289.620000 160977.000000
-4099.200000 161066.000000
-3753.000000 163096.000000
-4049.110000 162869.000000
-2160.020000 162166.000000
-1296.180000 162112.000000
-498.017000 159703.000000
1289.770000 144675.000000
-4204.960000 139143.000000
-7199.450000 139305.000000
-8868.130000 139296.000000
-9380.200000 137326.000000
-9370.180000 137477.000000
-7815.050000 139512.000000
-5181.230000 143615.000000
-2212.340000 143457.000000
-775.202000 147022.000000
-994.502000 145312.000000
-752.938000 143911.000000
-758.504000 143272.000000
106.448000 141937.000000
2414.100000 137931.000000
5801.550000 131635.000000
7008.260000 129549.000000
12035.400000 113808.000000
12353.800000 109930.000000
15041.100000 105945.000000
18783.600000 106121.000000
18873.800000 106094.000000
19870.100000 106043.000000
32471.500000 103287.000000
30237.300000 102405.000000
26641.700000 102697.000000
25495.100000 102652.000000
22993.700000 99125.400000
22448.300000 94207.300000
21305.000000 94080.400000
20916.500000 89137.800000
20907.600000 89124.500000
20906.500000 89128.900000
21226.000000 89454.000000
21338.400000 90585.000000
13021.700000 105813.000000
12018.700000 113664.000000
11389.800000 118337.000000
9259.140000 122977.000000
8099.190000 126688.000000
7561.510000 128304.000000
4640.490000 133875.000000
3295.750000 136297.000000
3103.170000 136656.000000
-4799.400000 136150.000000
-4803.850000 136524.000000
-4712.570000 139265.000000
-3619.420000 138595.000000
-3648.360000 139007.000000
-1081.330000 139668.000000
127.599000 141260.000000
1595.900000 147020.000000
1869.750000 147710.000000
1502.390000 148093.000000
-228.623000 140670.000000
-823.070000 139338.000000
-6325.590000 141932.000000
-6768.640000 141848.000000
-6970.130000 141859.000000
4229.720000 134601.000000
13596.100000 116162.000000
13586.100000 116155.000000
13596.100000 116164.000000
13260.000000 117264.000000
14143.800000 117856.000000
15179.100000 115013.000000
15190.200000 109329.000000
15432.900000 107597.000000
18715.700000 106119.000000
18720.200000 106154.000000
18726.900000 106159.000000
18721.300000 106170.000000
18724.600000 106185.000000
20491.300000 106056.000000
22519.500000 106092.000000
27148.200000 105134.000000
32494.900000 103411.000000
32471.500000 103362.000000
32488.200000 103362.000000
32750.900000 101639.000000
32759.800000 101650.000000
32765.400000 101715.000000
27570.100000 102681.000000
27528.900000 104533.000000
24497.700000 106357.000000
18824.800000 106007.000000
17521.300000 105958.000000
14218.400000 105972.000000
12271.400000 110729.000000
12007.600000 113873.000000
11700.400000 117495.000000
9461.740000 122182.000000
8974.160000 124099.000000
8114.770000 126648.000000
6103.230000 131689.000000
7131.820000 132049.000000
9259.140000 130584.000000
12982.800000 132161.000000
13513.800000 136357.000000
14994.300000 136963.000000
16012.900000 137609.000000
16032.900000 137597.000000
14692.600000 136970.000000
12554.200000 138236.000000
11551.200000 138708.000000
10286.600000 139804.000000
6965.960000 141732.000000
6282.450000 141347.000000
5906.190000 139278.000000
7842.040000 137969.000000
7327.740000 137459.000000
5406.370000 138472.000000
3309.110000 138526.000000
2836.000000 139192.000000
1805.180000 141022.000000
378.068000 141246.000000
-531.412000 142963.000000
-371.112000 141934.000000
666.385000 143045.000000
546.160000 143152.000000
876.779000 142304.000000
38.543300 143903.000000
-626.034000 144804.000000
-1234.950000 144769.000000
-963.332000 142284.000000
-1179.290000 142006.000000
-380.018000 140605.000000
926.873000 142360.000000
986.985000 142467.000000
1926.520000 141576.000000
1559.170000 144740.000000
1336.530000 143871.000000
1329.850000 143878.000000
1340.980000 143849.000000
1346.550000 143854.000000
457.105000 141625.000000
-2829.050000 138406.000000
-2879.140000 136673.000000
-2384.880000 134752.000000
-1743.680000 135941.000000
-1743.680000 135934.000000
-3019.400000 135939.000000
-6635.060000 136798.000000
-6640.630000 136742.000000
-6204.250000 139236.000000
-7246.200000 139768.000000
-6075.120000 139298.000000
-3857.640000 139171.000000
-1623.460000 139428.000000
-1502.120000 140456.000000
-1188.200000 141382.000000
-555.903000 142041.000000
-146.247000 141289.000000
1274.190000 145586.000000
1270.850000 152062.000000
1674.940000 152690.000000
2597.780000 152744.000000
4394.470000 156622.000000
4376.660000 159256.000000
5018.980000 159886.000000
4563.680000 158407.000000
3045.280000 156733.000000
4380.000000 156339.000000
4397.810000 158610.000000
5925.120000 161021.000000
7111.780000 162566.000000
7118.460000 162569.000000
9705.530000 161293.000000
8450.960000 139657.000000
2711.320000 128841.000000
2444.160000 128756.000000
2774.780000 130295.000000
3138.790000 131112.000000
3151.040000 131484.000000
2467.530000 134652.000000
2303.890000 134939.000000
3050.850000 137869.000000
4914.340000 140363.000000
4984.470000 140469.000000
3581.840000 139396.000000
4440.120000 138058.000000
4441.230000 137531.000000
4268.680000 138675.000000
3259.020000 138492.000000
1979.960000 140759.000000
653.027000 143043.000000
570.650000 144702.000000
560.632000 146763.000000
541.707000 147011.000000
1224.100000 148965.000000
1292.000000 146033.000000
1297.570000 143785.000000
26.298200 140890.000000
-1126.970000 141184.000000
-2026.430000 141226.000000
-2610.860000 143540.000000
-2384.880000 144584.000000
-2738.880000 144156.000000
-3491.400000 141298.000000
-4058.010000 141322.000000
-4621.290000 141295.000000
-5838.010000 142137.000000
-6115.200000 141975.000000
-5092.170000 140672.000000
-4055.790000 140712.000000
-3619.420000 140726.000000
-2805.670000 139294.000000
-2859.100000 137319.000000
-3198.630000 137027.000000
-3176.360000 136996.000000
-3175.250000 136863.000000
-3645.020000 136397.000000
-3680.640000 133505.000000
-4712.570000 131466.000000
-4410.900000 130742.000000
-4433.160000 130865.000000
-4891.800000 134897.000000
-4267.290000 135398.000000
-4459.880000 135954.000000
-3607.170000 138902.000000
-3601.600000 138889.000000
-2832.390000 139946.000000
-3601.600000 141344.000000
-2794.540000 142264.000000
-4412.010000 143553.000000
-6097.390000 143333.000000
-6137.460000 140677.000000
-6213.160000 136259.000000
-8997.260000 134792.000000
-9503.760000 132190.000000
-10697.100000 131958.000000
-10798.400000 132003.000000
-12974.700000 135280.000000
-13653.800000 135327.000000
-13935.400000 136324.000000
-13917.600000 137466.000000
-12995.900000 137475.000000
-12369.100000 139405.000000
-12462.600000 137760.000000
-11668.900000 137491.000000
-11426.300000 138232.000000
-11619.900000 137562.000000
-11188.000000 137511.000000
-11388.400000 139387.000000
-9674.080000 151256.000000
-8132.310000 151281.000000
-7631.370000 151575.000000
-7626.920000 151648.000000
-7573.480000 152343.000000
-8096.690000 152162.000000
-8063.290000 151599.000000
-7543.430000 152525.000000
-8144.550000 154494.000000
-8464.040000 152986.000000
-8754.580000 151261.000000
-9512.670000 150878.000000
-9141.980000 147425.000000
-8789.090000 145445.000000
-8693.360000 145452.000000
-8668.870000 144279.000000
-8292.610000 143707.000000
-7277.370000 143074.000000
-6638.400000 142569.000000
-6137.460000 140870.000000
-6225.400000 137646.000000
437.067000 136433.000000
793.289000 135799.000000
2274.950000 133817.000000
2225.970000 135062.000000
2455.290000 135801.000000
3364.770000 137344.000000
5464.260000 138477.000000
6984.880000 137889.000000
9335.950000 137172.000000
13381.300000 138321.000000
13956.800000 141215.000000
15124.600000 143976.000000
15891.600000 147670.000000
15758.000000 148010.000000
15703.400000 150335.000000
16806.600000 152454.000000
18643.400000 153269.000000
20224.100000 153064.000000
23098.400000 152724.000000
23136.200000 154215.000000
23096.100000 152688.000000
19024.100000 152944.000000
17426.600000 152392.000000
15621.000000 151684.000000
12533.000000 150851.000000
11216.100000 150891.000000
9359.320000 150746.000000
4569.250000 151029.000000
2517.630000 150942.000000
1309.810000 147456.000000
823.346000 148155.000000
45.222500 145379.000000
1255.270000 146467.000000
2257.140000 147013.000000
2736.930000 145759.000000
2453.060000 144466.000000
1249.700000 144717.000000
-1867.250000 146361.000000
-1758.150000 150116.000000
-2607.520000 151800.000000
-2321.430000 152686.000000
-1738.120000 152652.000000
-1725.870000 149248.000000
-1010.090000 143673.000000
12922.700000 106455.000000
15313.800000 105952.000000
18704.600000 106143.000000
18732.400000 106188.000000
18720.200000 106174.000000
18719.100000 106161.000000
21135.800000 106063.000000
24021.200000 106261.000000
27651.300000 104451.000000
32548.300000 103362.000000
29367.900000 104533.000000
24363.000000 106301.000000
18070.100000 105965.000000
13789.800000 105998.000000
12458.500000 108378.000000
11660.300000 117633.000000
10157.500000 119962.000000
9156.720000 123395.000000
6348.130000 130662.000000
4628.250000 133888.000000
3645.290000 135649.000000
3155.490000 135137.000000
5171.490000 133200.000000
7587.120000 128866.000000
12672.200000 125070.000000
14829.600000 121872.000000
15612.100000 119428.000000
15514.200000 118339.000000
15442.900000 117397.000000
15390.600000 115414.000000
15880.400000 114452.000000
15615.500000 114216.000000
15283.700000 114305.000000
15567.600000 114917.000000
15558.700000 116520.000000
15794.700000 121331.000000
14326.400000 123520.000000
13616.200000 124651.000000
11848.400000 126929.000000
12921.500000 131749.000000
13487.100000 135823.000000
11769.400000 142685.000000
10808.700000 144263.000000
10578.300000 145216.000000
10330.000000 148291.000000
6940.350000 173665.000000
7770.800000 175604.000000
10636.200000 181802.000000
9804.600000 183946.000000
9309.230000 183677.000000
9822.410000 182840.000000
9826.870000 182831.000000
8483.240000 180148.000000
7726.270000 178274.000000
6824.580000 176078.000000
5856.100000 176132.000000
4437.890000 172964.000000
2920.600000 169753.000000
855.628000 168250.000000
469.350000 165848.000000
930.212000 168725.000000
-1832.740000 168544.000000
-2394.900000 167990.000000
-2431.640000 166739.000000
-2157.790000 163820.000000
-2178.940000 162633.000000
-1523.270000 161088.000000
-1125.860000 156399.000000
-613.789000 155340.000000
-1502.120000 152853.000000
-1678.000000 150969.000000
-1554.440000 147792.000000
-701.731000 146383.000000
-619.355000 145786.000000
1480.130000 144330.000000
1003.680000 142302.000000
-2753.350000 141282.000000
-2796.760000 142429.000000
-3128.500000 142473.000000
-2782.290000 141710.000000
-1084.670000 143562.000000
-1212.690000 144007.000000
-1281.710000 143945.000000
1275.300000 146300.000000
1283.100000 151650.000000
2651.210000 154353.000000
2345.080000 154404.000000
-253.114000 153641.000000
-1564.460000 153236.000000
-1706.950000 149497.000000
-1686.910000 149375.000000
-1709.170000 149195.000000
-3648.360000 148484.000000
-3661.720000 147429.000000
-2983.780000 147060.000000
-2032.000000 147249.000000
-1853.890000 147155.000000
-1740.340000 150722.000000
-1449.800000 151938.000000
-1022.330000 150833.000000
-858.692000 149288.000000
-759.617000 146011.000000
-918.804000 145321.000000
-621.581000 144726.000000
560.632000 146826.000000
9.600250 146131.000000
-361.094000 145332.000000
-840.881000 144092.000000
-1204.900000 143954.000000
-1193.760000 143940.000000
-1229.390000 143934.000000
-1249.420000 143936.000000
-1216.030000 143949.000000
-1234.950000 143969.000000
-1236.060000 144009.000000
-1175.950000 143923.000000
-1231.610000 143985.000000
-1263.890000 143980.000000
-1248.310000 143985.000000
-1262.780000 143920.000000
-1542.190000 144508.000000
-1975.230000 142259.000000
-1337.370000 142322.000000
-708.410000 143168.000000
-1119.180000 143268.000000
-1253.880000 143989.000000
-1269.460000 144023.000000
-1061.290000 143716.000000
585.122000 144154.000000
586.235000 144555.000000
-372.226000 143375.000000
-1248.310000 143965.000000
-1240.520000 143954.000000
-1276.140000 143927.000000
-720.656000 143190.000000
19.619000 144421.000000
9.600250 146499.000000
184.372000 147024.000000
6901.390000 148066.000000
21.845400 148275.000000
-609.336000 145474.000000
-347.735000 144165.000000
-1116.950000 143108.000000
-3104.010000 146995.000000
-3696.230000 146452.000000
-3705.130000 145960.000000
-3719.600000 144800.000000
-3744.090000 143998.000000
-1867.250000 144922.000000
-1847.210000 146824.000000
-1149.240000 147028.000000
-460.168000 148631.000000
5.147480 151477.000000
-3.758080 152503.000000
19.619000 152706.000000
7632.760000 152748.000000
8535.560000 152343.000000
7770.800000 150738.000000
6698.790000 150893.000000
5262.770000 150954.000000
4454.590000 148237.000000
5646.820000 146539.000000
5113.600000 147585.000000
5646.820000 146505.000000
4618.230000 146563.000000
4427.870000 142642.000000
2901.680000 142473.000000
2017.800000 142872.000000
1534.680000 143359.000000
750.988000 143687.000000
114.241000 143854.000000
11.826600 145205.000000
1270.850000 147091.000000
1237.450000 148342.000000
1943.220000 156019.000000
2207.050000 156014.000000
2907.250000 156014.000000
2928.400000 155938.000000
2916.150000 155932.000000
2840.450000 155587.000000
1594.790000 155914.000000
1303.130000 155462.000000
-211.926000 153525.000000
-573.714000 152922.000000
-711.750000 152715.000000
-241.982000 149388.000000
26.298200 147583.000000
37.430100 147376.000000
34.090500 145392.000000
39.656500 144334.000000
-283.170000 142598.000000
-425.659000 141393.000000
-807.485000 142273.000000
-1041.260000 143602.000000
-1273.910000 143949.000000
-1259.440000 143880.000000
-1256.100000 143885.000000
-1719.190000 144515.000000
-2874.690000 143455.000000
-6292.200000 143522.000000
-6296.650000 142353.000000
-6816.510000 141848.000000
-7707.070000 142598.000000
-7869.590000 135224.000000
-5426.130000 134897.000000
-4707.010000 133806.000000
-4700.330000 133367.000000
-943.295000 134961.000000
-1046.820000 139606.000000
-3295.480000 139049.000000
-3652.810000 136124.000000
-3682.870000 133432.000000
-3976.750000 133127.000000
-4766.010000 134291.000000
-4121.470000 134850.000000
-3717.380000 135257.000000
-4041.320000 139091.000000
-5397.190000 139163.000000
-5426.130000 139151.000000
-5458.410000 139158.000000
-5469.550000 139154.000000
-5488.470000 139151.000000
-7916.350000 141242.000000
-7927.480000 142162.000000
-8780.190000 142166.000000
-11552.000000 141543.000000
-12371.400000 141618.000000
-14184.700000 140634.000000
-13337.600000 139550.000000
-13328.700000 139570.000000
-13320.900000 139561.000000
-13329.800000 139554.000000
-13324.200000 139561.000000
-10152.800000 139448.000000
-7197.220000 134999.000000
-4825.010000 134883.000000
-4214.970000 133503.000000
-4001.240000 134837.000000
-3403.460000 134803.000000
-3287.680000 134830.000000
-3194.170000 134797.000000
-2402.690000 134737.000000
1680.510000 138038.000000
4408.950000 147465.000000
3875.730000 149355.000000
3131.000000 149397.000000
1435.600000 150299.000000
1296.450000 149348.000000
35.203700 149170.000000
-687.260000 146463.000000
-876.503000 145323.000000
-1213.800000 145243.000000
-976.690000 143658.000000
-1268.350000 143974.000000
-1206.010000 143994.000000
-1249.420000 143985.000000
-1242.740000 144007.000000
-1253.880000 143978.000000
-1265.010000 143978.000000
-1801.570000 144352.000000
-1841.640000 145693.000000
-1824.940000 151711.000000
-1748.130000 148859.000000
779.931000 145321.000000
1320.940000 143014.000000
1196.270000 142832.000000
-327.698000 144134.000000
31.864200 144671.000000
324.634000 144624.000000
-629.374000 145301.000000
-1713.630000 145354.000000
-512.488000 143462.000000
4338.820000 134699.000000
6594.150000 130609.000000
11631.400000 125842.000000
15753.500000 114844.000000
15418.400000 114263.000000
15415.100000 112079.000000
15210.300000 109616.000000
16248.900000 105949.000000
20896.500000 106056.000000
27183.800000 105094.000000
30280.700000 104907.000000
32492.600000 103378.000000
32488.200000 103369.000000
32597.300000 103347.000000
31924.900000 104687.000000
21930.600000 106041.000000
15478.600000 105854.000000
12421.700000 108806.000000
12182.400000 111653.000000
10800.900000 119239.000000
8476.560000 125579.000000
5141.430000 132844.000000
4204.120000 134659.000000
4395.590000 135714.000000
3284.620000 136847.000000
2194.800000 135139.000000
2475.330000 134683.000000
2400.740000 137404.000000
2728.020000 135591.000000
2851.590000 136306.000000
2119.100000 133679.000000
2252.690000 133804.000000
2197.030000 135467.000000
2020.030000 135462.000000
2014.460000 135436.000000
1549.150000 135177.000000
3461.620000 137157.000000
3094.260000 138301.000000
4661.640000 140000.000000
4577.040000 140369.000000
4698.380000 140144.000000
3591.860000 138697.000000
3565.140000 135620.000000
3318.020000 136887.000000
2752.510000 136155.000000
1585.880000 134641.000000
1401.090000 133113.000000
2343.970000 132345.000000
3383.690000 137027.000000
3213.380000 138455.000000
4486.870000 139806.000000
6280.230000 141302.000000
6227.910000 140786.000000
5966.310000 140176.000000
4626.020000 138452.000000
3856.800000 137589.000000
2527.650000 135876.000000
2367.350000 135672.000000
1496.830000 134523.000000
1418.910000 133187.000000
2277.180000 131795.000000
2191.460000 133937.000000
2202.590000 135482.000000
2145.820000 137043.000000
2900.570000 136415.000000
2020.030000 143012.000000
2099.070000 144515.000000
1326.510000 143829.000000
-611.563000 145341.000000
-1203.780000 145345.000000
-1819.380000 148647.000000
-2635.350000 151550.000000
-2596.390000 151871.000000
-2375.980000 149099.000000
-36.040700 149446.000000
252.277000 148531.000000
1356.570000 149359.000000
2917.270000 151018.000000
6034.210000 151018.000000
5675.760000 150940.000000
4609.320000 151065.000000
3055.300000 153095.000000
2331.720000 154420.000000
-1072.430000 153748.000000
-2771.160000 152626.000000
-2596.390000 152539.000000
-2148.880000 152683.000000
-1024.560000 151063.000000
-1023.440000 149992.000000
-40.493500 149435.000000
807.761000 149342.000000
803.308000 149315.000000
2151.390000 149558.000000
1328.740000 149480.000000
1308.700000 149253.000000
1330.960000 148079.000000
1343.210000 143836.000000
1346.550000 143840.000000
-5.984470 145526.000000
-413.414000 146374.000000
-3342.230000 147013.000000
-3660.600000 149175.000000
-3563.760000 154124.000000
-3395.660000 157555.000000
-3302.150000 157911.000000
-7396.490000 160961.000000
-9539.390000 162724.000000
-9556.080000 163121.000000
-9238.820000 161349.000000
-5312.580000 160808.000000
-1300.630000 162408.000000
-535.865000 165205.000000
-502.469000 165766.000000
1241.910000 159556.000000
1297.570000 158022.000000
1180.680000 159777.000000
-516.941000 159750.000000
-209.699000 158590.000000
665.272000 158171.000000
1259.720000 155616.000000
1293.110000 153291.000000
44.109300 150822.000000
30.751000 148625.000000
557.292000 148467.000000
1318.720000 147342.000000
1317.600000 147859.000000
1318.720000 147084.000000
1334.300000 143814.000000
1320.940000 143836.000000
1320.940000 143845.000000
1294.230000 143820.000000
-24.908800 146991.000000
-1370.760000 146977.000000
-1251.650000 145287.000000
26.298200 143936.000000
590.688000 143678.000000
622.971000 143713.000000
880.119000 142284.000000
1030.400000 142447.000000
1182.910000 151468.000000
2382.930000 151497.000000
2784.800000 151483.000000
1212.960000 152345.000000
-798.579000 155711.000000
-574.827000 157657.000000
-1278.370000 161981.000000
-1882.830000 162130.000000
-1726.980000 162916.000000
107.561000 163421.000000
-243.095000 163668.000000
774.365000 162391.000000
1248.590000 159510.000000
1944.330000 159323.000000
1964.370000 159104.000000
1298.680000 151161.000000
1119.460000 142493.000000
-241.982000 140679.000000
-2177.830000 134354.000000
-2912.540000 133902.000000
-2911.420000 133877.000000
-2882.480000 133870.000000
-2872.460000 132953.000000
-2781.180000 131755.000000
-3808.660000 134708.000000
-4161.540000 134852.000000
-4400.880000 136026.000000
-2890.270000 135371.000000
-2107.700000 134737.000000
207.749000 128349.000000
-1427.530000 125018.000000
-1096.920000 125076.000000
1066.020000 127681.000000
1900.920000 129789.000000
1942.110000 131905.000000
3184.430000 131980.000000
2956.230000 132579.000000
2496.480000 133372.000000
3270.150000 137497.000000
2734.700000 139372.000000
1671.600000 141318.000000
5.147480 144655.000000
-1862.790000 145305.000000
-3636.110000 145388.000000
-2776.730000 144001.000000
-2764.480000 145359.000000
-590.412000 146405.000000
-1577.820000 145354.000000
-1851.660000 146392.000000
-759.617000 156194.000000
1208.510000 156021.000000
1683.850000 156016.000000
1652.680000 156807.000000
1288.660000 155845.000000
1257.490000 154255.000000
1226.320000 157225.000000
1195.150000 160202.000000
-4495.500000 164020.000000
-5507.390000 168691.000000
-5559.710000 172924.000000
-5528.540000 172932.000000
-5360.450000 172895.000000
-4802.740000 167863.000000
-5538.560000 164356.000000
-6122.990000 164029.000000
-12936.900000 165808.000000
-11622.200000 167306.000000
-11631.100000 170559.000000
-11892.700000 180391.000000
-11680.100000 180618.000000
-11293.800000 178808.000000
-8812.470000 164223.000000
-7484.430000 164120.000000
-3291.020000 164087.000000
-2082.090000 162119.000000
2813.740000 137208.000000
4197.440000 134712.000000
5379.650000 132397.000000
9237.990000 123166.000000
10107.400000 120118.000000
11952.000000 114710.000000
12968.300000 106357.000000
16029.600000 105931.000000
18769.200000 106185.000000
18778.100000 106134.000000
20748.400000 106061.000000
24063.500000 106259.000000
27338.500000 104823.000000
32491.500000 103384.000000
32464.800000 103269.000000
32488.200000 102231.000000
27462.100000 102719.000000
27461.000000 102723.000000
24395.200000 105900.000000
25656.500000 108458.000000
24512.100000 106332.000000
18812.600000 105980.000000
18646.700000 105974.000000
14968.700000 105918.000000
12044.400000 113359.000000
11998.700000 113889.000000
9785.680000 121013.000000
7324.400000 128943.000000
7112.900000 129326.000000
3687.600000 135585.000000
2112.430000 135373.000000
2258.250000 135569.000000
750.988000 140977.000000
-1260.560000 144041.000000
-1368.540000 144259.000000
-1757.040000 142870.000000
-766.297000 143889.000000
-769.636000 143880.000000
-1912.890000 145385.000000
-687.260000 155869.000000
-659.430000 156359.000000
-4007.920000 164506.000000
-4967.490000 163161.000000
-5954.900000 164036.000000
-6916.700000 161086.000000
-3296.590000 157806.000000
-258.680000 155954.000000
1302.020000 155478.000000
1320.940000 143660.000000
137.618000 141808.000000
-898.767000 139904.000000
-806.372000 143909.000000
-1557.780000 145350.000000
-641.619000 155963.000000
-453.489000 155313.000000
-500.243000 155883.000000
-1783.760000 147020.000000
-4617.950000 143593.000000
-6822.080000 143620.000000
-11864.800000 135224.000000
-14354.000000 135420.000000
-18069.800000 129694.000000
-19273.200000 126009.000000
-19321.000000 125889.000000
-18281.300000 128471.000000
-18434.900000 129391.000000
-15941.400000 128512.000000
-11822.500000 148538.000000
-11707.900000 150925.000000
-12012.900000 154647.000000
-12006.200000 154934.000000
-11369.500000 155386.000000
-14321.700000 156849.000000
-15450.500000 157742.000000
-15562.900000 151256.000000
-15281.200000 140269.000000
-14307.200000 138920.000000
-13469.000000 139570.000000
-11692.300000 137488.000000
-10686.000000 137186.000000
-9419.160000 136696.000000
-10861.900000 139381.000000
-10785.100000 141022.000000
-9311.180000 141629.000000
-8517.470000 143738.000000
-6136.350000 143644.000000
-4635.760000 143542.000000
-4604.590000 141364.000000
-2703.260000 141347.000000
-1191.540000 142400.000000
-936.615000 143747.000000
-85.021300 144114.000000
-1800.450000 144484.000000
-1906.210000 143468.000000
-1016.770000 139826.000000
-47.172700 141026.000000
-52.738700 141028.000000
2774.780000 137531.000000
9776.770000 127120.000000
11137.100000 126158.000000
15522.000000 118386.000000
15247.000000 114628.000000
15572.100000 114365.000000
15877.100000 118023.000000
15366.100000 121249.000000
14981.000000 121993.000000
11084.800000 126463.000000
6658.710000 130669.000000
6031.980000 131864.000000
7892.130000 132677.000000
4985.580000 133706.000000
5240.500000 134834.000000
4154.020000 136375.000000
-210.812000 143638.000000
-712.863000 145356.000000
-1748.130000 150769.000000
-3997.900000 151069.000000
-4141.500000 151250.000000
-1672.440000 149079.000000
-1797.120000 145737.000000
-2768.930000 143168.000000
-2780.070000 142649.000000
-2783.410000 141471.000000
-1191.540000 142340.000000
-400.055000 142783.000000
1267.510000 143411.000000
1825.220000 147031.000000
3515.050000 147026.000000
5044.580000 146919.000000
5778.180000 146599.000000
4675.000000 146933.000000
4495.780000 146897.000000
2592.210000 146977.000000
1487.920000 146966.000000
1367.700000 146977.000000
1214.080000 156250.000000
1064.910000 161756.000000
-698.392000 160863.000000
-92.813700 158590.000000
1110.550000 158628.000000
-426.772000 158185.000000
-1280.590000 157976.000000
-2846.860000 158069.000000
-3011.610000 158768.000000
-1655.740000 158681.000000
-1787.100000 158087.000000
-2473.940000 155947.000000
-2693.240000 155108.000000
-2486.180000 154393.000000
-1138.100000 156867.000000
-1625.680000 158029.000000
438.180000 157971.000000
1653.790000 156188.000000
2426.350000 156005.000000
1696.090000 155941.000000
1288.660000 146875.000000
691.989000 141919.000000
-9847.740000 139414.000000
-12368.000000 139100.000000
-12650.800000 139423.000000
-13326.500000 139554.000000
-12875.600000 140563.000000
-10881.900000 145635.000000
-11430.700000 144477.000000
-12683.000000 142901.000000
-12005.100000 140476.000000
-11319.400000 139497.000000
-11132.400000 139483.000000
-9935.680000 140443.000000
-9888.930000 142547.000000
-10487.800000 143791.000000
-12687.500000 142910.000000
-12778.800000 141745.000000
-14179.200000 140579.000000
-15738.800000 141872.000000
-15403.700000 141819.000000
-13082.700000 141718.000000
-12877.900000 139550.000000
-11587.700000 139490.000000
-7829.520000 139884.000000
-6930.060000 142585.000000
-6042.840000 143065.000000
-4459.880000 143662.000000
-1576.700000 143520.000000
499.406000 141926.000000
-344.396000 141979.000000
333.540000 141565.000000
1214.080000 142148.000000
1928.750000 139648.000000
1074.930000 142217.000000
625.197000 143711.000000
-9.324060 143945.000000
-1836.080000 146418.000000
-1732.550000 150421.000000
-3494.740000 152661.000000
-6059.540000 153193.000000
-6106.290000 154756.000000
-7313.000000 156829.000000
-8409.490000 154669.000000
-7395.370000 154525.000000
-5777.900000 154482.000000
-5634.300000 154024.000000
-5324.830000 152806.000000
-3738.530000 152710.000000
-2154.450000 152403.000000
-2157.790000 151833.000000
-2647.600000 149449.000000
-1769.290000 146763.000000
-1483.190000 144530.000000
-306.547000 144379.000000
-1771.510000 144555.000000
-711.750000 143183.000000
1184.020000 142780.000000
-583.733000 143114.000000
-1289.500000 144032.000000
-3048.350000 143462.000000
-4641.330000 141331.000000
-4700.330000 143375.000000
-1846.100000 145038.000000
-713.976000 155030.000000
-450.149000 159298.000000
-3176.360000 160901.000000
-5604.240000 164588.000000
-5805.730000 165042.000000
-6144.140000 164737.000000
-4055.790000 164138.000000
-3263.190000 164083.000000
-3177.480000 162206.000000
-7789.440000 161030.000000
-10492.300000 161529.000000
-11431.800000 161360.000000
-10811.800000 161507.000000
-11276.000000 157397.000000
-10365.400000 152637.000000
-10485.600000 151412.000000
-10384.300000 151288.000000
-10447.800000 147407.000000
-8398.360000 143716.000000
-6324.480000 143662.000000
-6030.600000 143660.000000
-1875.040000 144573.000000
-702.844000 145361.000000
35.203700 143980.000000
13843.300000 106014.000000
16827.700000 105972.000000
19891.300000 106054.000000
24557.800000 106388.000000
31484.100000 104872.000000
32686.300000 103801.000000
32474.800000 103360.000000
32536.000000 103422.000000
32355.700000 102258.000000
29630.600000 102392.000000
30117.100000 102425.000000
33982.100000 98355.100000
34624.400000 95968.400000
34650.000000 95961.700000
34657.800000 95977.300000
