-3551.510000 153238.000000
-3561.530000 152873.000000
-3581.570000 152176.000000
-3502.530000 151094.000000
-2654.280000 149702.000000
-2665.410000 148763.000000
-2699.920000 147048.000000
-2719.950000 145368.000000
-2765.590000 143355.000000
-2774.500000 142658.000000
-3509.210000 141957.000000
-3538.150000 141336.000000
-3600.490000 138475.000000
-3658.380000 137319.000000
-3630.550000 137931.000000
-3612.740000 138795.000000
-3599.380000 139036.000000
-2725.520000 139136.000000
-424.546000 140554.000000
-307.660000 140387.000000
-47.172700 138662.000000
-241.982000 140276.000000
-348.849000 140472.000000
-392.263000 142723.000000
-719.542000 143809.000000
10.713400 145258.000000
4.034280 146287.000000
10.713400 150352.000000
-1034.580000 151018.000000
-1030.120000 151506.000000
-1705.830000 149894.000000
-1290.610000 149108.000000
1116.120000 150143.000000
1185.130000 150165.000000
1366.580000 149442.000000
1228.550000 149805.000000
1240.790000 150760.000000
422.596000 152612.000000
-1437.550000 152610.000000
-2589.710000 153389.000000
-2863.560000 152937.000000
-1542.190000 152766.000000
-1689.140000 150758.000000
-1742.570000 147543.000000
-2450.560000 146999.000000
-2686.560000 148634.000000
-2669.860000 149618.000000
-2652.050000 151018.000000
-2548.520000 145390.000000
-2761.140000 143742.000000
-5687.730000 143600.000000
-5751.180000 143602.000000
-8132.310000 143642.000000
-8165.700000 143642.000000
-9637.350000 144292.000000
-9661.840000 144306.000000
-11643.300000 146100.000000
-11644.400000 146133.000000
-13677.100000 146737.000000
-15610.800000 147478.000000
-16564.800000 148375.000000
-16559.200000 148273.000000
-13814.100000 145913.000000
-13718.300000 145935.000000
-12982.500000 147173.000000
-12864.500000 149422.000000
-12865.600000 149502.000000
-12877.900000 151210.000000
-13118.300000 153870.000000
-13492.300000 154166.000000
-12880.100000 152902.000000
-12840.000000 152902.000000
-12345.800000 150395.000000
-11548.700000 149669.000000
-11545.400000 149587.000000
-10934.200000 149286.000000
-12000.700000 149255.000000
-12000.700000 149266.000000
-13627.000000 149286.000000
-14950.600000 149148.000000
-18269.100000 149074.000000
-21164.500000 149059.000000
-21697.700000 149800.000000
-21698.800000 149798.000000
-20786.000000 149050.000000
-20773.700000 149048.000000
-17226.000000 149157.000000
-17148.100000 149161.000000
-15606.300000 149774.000000
-15603.000000 150226.000000
-15604.100000 150257.000000
-15592.900000 151098.000000
-15591.800000 151125.000000
-15097.600000 152848.000000
-14331.700000 154534.000000
-14022.200000 152857.000000
-13954.300000 152862.000000
-12870.100000 151601.000000
-12857.800000 149834.000000
-12857.800000 149782.000000
-12938.000000 147935.000000
-12932.400000 147903.000000
-13087.100000 146447.000000
-13177.300000 146478.000000
-13910.900000 144737.000000
-13923.100000 144611.000000
-13191.800000 142204.000000
-12886.800000 139657.000000
-12890.100000 139592.000000
-11705.700000 137495.000000
-10707.100000 136424.000000
-9588.370000 135135.000000
-5723.350000 134915.000000
-1140.330000 134826.000000
-1036.800000 134897.000000
3625.260000 140628.000000
3703.180000 140754.000000
4818.600000 140841.000000
4833.070000 140803.000000
4461.270000 139730.000000
4418.970000 137003.000000
4425.640000 136934.000000
3818.950000 137442.000000
3807.820000 137457.000000
4402.270000 147480.000000
3109.850000 153331.000000
-1438.670000 153734.000000
-1503.230000 153719.000000
-1996.380000 152592.000000
-2039.790000 152597.000000
-2128.850000 152612.000000
-2419.390000 152619.000000
-2470.600000 152619.000000
-2619.770000 152630.000000
-2626.450000 152628.000000
-2835.730000 152637.000000
-3096.210000 152619.000000
-3296.590000 152652.000000
-3443.530000 152565.000000
-3441.300000 152572.000000
-4826.120000 152744.000000
-5494.040000 152790.000000
-5990.520000 152826.000000
-6011.670000 152826.000000
-7561.240000 152392.000000
-7252.880000 154514.000000
-6198.690000 155426.000000
-7289.620000 156497.000000
-7291.850000 156377.000000
-8451.790000 153964.000000
-8450.680000 153821.000000
-8531.940000 151657.000000
-8539.740000 151564.000000
-8585.380000 147712.000000
-8684.450000 144181.000000
-8683.340000 144123.000000
-10555.700000 146532.000000
-11067.800000 144706.000000
-11067.800000 144704.000000
-12940.200000 141683.000000
-13025.900000 141681.000000
-14789.200000 142665.000000
-14053.400000 142898.000000
-12733.100000 142785.000000
-12728.700000 142852.000000
-11458.500000 147304.000000
-11362.800000 147298.000000
-10461.100000 149736.000000
-10447.800000 152470.000000
-10450.000000 152510.000000
-9674.080000 155816.000000
-9631.780000 158352.000000
-9627.330000 158450.000000
-10153.900000 158361.000000
-9650.710000 156346.000000
-10407.700000 152187.000000
-10467.800000 148587.000000
-10471.100000 148484.000000
-9754.230000 144388.000000
-9635.120000 144319.000000
-7781.650000 139913.000000
-9068.500000 137426.000000
-9099.670000 137433.000000
-10767.200000 139325.000000
-10501.200000 147841.000000
-10497.800000 147868.000000
-10452.200000 149816.000000
-10455.500000 149914.000000
-10448.900000 152572.000000
-10446.600000 152621.000000
-9101.900000 154004.000000
-9103.010000 154075.000000
-9482.610000 154605.000000
-10474.500000 148313.000000
-13905.300000 145846.000000
-18595.200000 144121.000000
-22362.300000 143929.000000
-23301.800000 144132.000000
-20373.000000 144056.000000
-20233.800000 144050.000000
-16698.300000 144341.000000
-16636.000000 144386.000000
-13855.200000 145851.000000
-13850.800000 145802.000000
-13741.700000 139583.000000
-13146.100000 137520.000000
-13086.000000 137513.000000
-12963.600000 138076.000000
-13846.300000 139450.000000
-14291.600000 139512.000000
-15585.100000 146650.000000
-15584.000000 146868.000000
-16475.700000 151922.000000
-17217.100000 150584.000000
-17172.600000 150424.000000
-14519.800000 148237.000000
-12865.600000 149778.000000
-12867.800000 149981.000000
-2618.650000 153287.000000
-2616.430000 153296.000000
-3600.490000 152238.000000
-1159.250000 146385.000000
-719.542000 147821.000000
-713.976000 147814.000000
-639.392000 145724.000000
-1240.520000 145261.000000
-290.962000 142611.000000
2643.420000 137513.000000
3934.730000 135182.000000
4248.650000 134634.000000
7309.930000 128997.000000
7907.720000 127298.000000
9852.470000 120851.000000
10391.300000 119675.000000
12192.400000 111825.000000
12267.000000 110858.000000
14088.200000 104320.000000
17977.700000 98332.800000
18911.600000 97435.600000
22279.100000 94254.100000
22815.600000 94187.300000
23023.800000 93543.900000
23057.200000 94222.900000
25777.800000 102792.000000
29223.200000 102478.000000
33674.800000 100619.000000
33681.500000 100555.000000
27817.200000 102579.000000
23030.500000 103712.000000
22337.000000 106061.000000
20238.600000 106032.000000
15505.300000 105880.000000
14077.000000 105983.000000
11805.000000 106061.000000
11299.600000 109276.000000
9142.250000 110282.000000
9289.190000 114276.000000
9467.300000 116266.000000
9308.120000 116916.000000
10425.800000 119606.000000
8054.660000 119241.000000
7867.640000 122149.000000
6954.820000 124094.000000
6506.210000 124653.000000
6082.080000 126243.000000
4947.730000 127681.000000
4796.340000 130092.000000
3894.650000 130368.000000
2910.590000 131096.000000
2576.630000 131697.000000
1423.360000 132020.000000
1410.000000 134394.000000
2429.690000 135781.000000
3120.980000 136682.000000
3151.040000 138363.000000
3519.500000 139499.000000
3397.050000 139695.000000
2795.930000 139416.000000
2101.290000 140498.000000
1270.850000 145746.000000
1265.280000 146897.000000
1826.330000 146995.000000
3669.790000 147008.000000
6867.990000 145860.000000
7465.780000 146652.000000
7471.350000 148747.000000
7653.910000 150802.000000
8030.170000 151746.000000
7269.860000 152675.000000
4427.870000 149865.000000
3261.240000 140071.000000
-2596.390000 134683.000000
-5201.270000 133552.000000
-4915.170000 133766.000000
-4783.820000 134429.000000
-3946.690000 134834.000000
-3681.750000 135765.000000
-3680.640000 135845.000000
-2890.270000 135910.000000
-2558.540000 131836.000000
-2256.860000 131956.000000
-5757.860000 134855.000000
-9473.710000 133726.000000
-9013.960000 134610.000000
-8956.070000 137319.000000
-7940.840000 138007.000000
-7937.500000 139129.000000
-9580.570000 136295.000000
-10034.800000 136324.000000
-10732.700000 135560.000000
-12153.200000 136578.000000
-12135.400000 136829.000000
-12959.100000 137168.000000
-14173.600000 136395.000000
-12944.600000 138559.000000
-11486.400000 139490.000000
-10619.200000 139463.000000
-9135.300000 139472.000000
-9412.480000 137655.000000
-13066.000000 133890.000000
-14939.500000 134291.000000
-14417.400000 133964.000000
-12542.800000 134494.000000
-12254.500000 133323.000000
-12273.400000 132410.000000
-12483.800000 132185.000000
-14070.100000 129269.000000
-15004.100000 133381.000000
-13550.200000 135333.000000
-15236.700000 135427.000000
-15818.900000 135264.000000
-15453.800000 135237.000000
-12027.400000 135175.000000
-13035.900000 139425.000000
-13542.400000 139456.000000
-14276.000000 139523.000000
-14735.800000 141819.000000
-15044.100000 141779.000000
-12796.600000 146027.000000
-16589.200000 137446.000000
-16628.200000 135783.000000
-16089.400000 135912.000000
-15639.700000 136144.000000
-15009.600000 136108.000000
-15005.200000 136108.000000
-14414.100000 139392.000000
-14038.900000 143168.000000
-13868.600000 145773.000000
-13192.900000 145991.000000
-10034.800000 144533.000000
-9464.800000 144459.000000
-10138.300000 146423.000000
-11593.200000 147302.000000
-11705.700000 147289.000000
-11800.300000 148930.000000
-11788.000000 149115.000000
-11736.800000 150368.000000
-11714.600000 151196.000000
-12507.200000 151348.000000
-11756.900000 151419.000000
-11725.700000 150593.000000
-11761.300000 149529.000000
-11784.700000 149440.000000
-12906.800000 148440.000000
-12950.200000 147561.000000
-12103.100000 147336.000000
-11828.100000 147516.000000
-11821.400000 148576.000000
-11814.800000 148658.000000
-11804.700000 149306.000000
-12117.500000 149306.000000
-12954.700000 147676.000000
-13035.900000 147247.000000
-15589.600000 143793.000000
-15646.400000 142518.000000
-16288.700000 141859.000000
-15892.400000 139456.000000
-16018.200000 137560.000000
-16089.400000 135652.000000
-16061.600000 135298.000000
-14926.100000 135358.000000
-14466.400000 135491.000000
-12987.000000 137103.000000
-12353.500000 137520.000000
-12307.900000 137520.000000
-11678.900000 137511.000000
-10989.900000 137479.000000
-10702.700000 136547.000000
-10185.000000 136344.000000
-8966.090000 137386.000000
-8940.490000 138279.000000
-9588.370000 139392.000000
-10851.800000 139323.000000
-9952.380000 139701.000000
-10277.400000 141603.000000
-10487.800000 144691.000000
-11385.100000 145722.000000
-15002.900000 145523.000000
-16482.400000 144435.000000
-19119.500000 144098.000000
-19314.400000 144092.000000
-19362.200000 144090.000000
-19576.000000 146423.000000
-19996.700000 149066.000000
-20133.700000 149066.000000
-20233.800000 149034.000000
-20385.200000 149028.000000
-20632.400000 148616.000000
-19714.000000 148126.000000
-19445.700000 147661.000000
-19522.500000 144920.000000
-19449.000000 144208.000000
-19378.900000 142620.000000
-18817.900000 142422.000000
-17861.600000 142335.000000
-17841.600000 142317.000000
-16334.300000 141440.000000
-16109.500000 141828.000000
-15757.700000 141816.000000
-15609.600000 141836.000000
-14251.500000 139964.000000
-14251.500000 139864.000000
-13293.100000 139499.000000
-12352.400000 139470.000000
-9628.440000 139445.000000
-8960.520000 139434.000000
-7733.780000 135062.000000
-6868.830000 134973.000000
-4268.410000 134830.000000
-4151.520000 134830.000000
-3708.470000 135554.000000
-4325.180000 134857.000000
-4016.830000 134832.000000
-3535.930000 134803.000000
-2820.140000 134732.000000
2401.860000 138976.000000
3353.640000 140220.000000
4387.800000 146686.000000
5770.380000 147409.000000
5774.840000 148217.000000
4456.810000 149362.000000
3766.630000 149351.000000
2146.930000 149304.000000
1875.310000 149168.000000
1870.860000 147271.000000
1874.200000 147224.000000
1207.400000 148106.000000
863.421000 148155.000000
356.917000 147679.000000
471.576000 147638.000000
-709.524000 146436.000000
-682.807000 146129.000000
-1885.060000 147064.000000
-1806.020000 147705.000000
-2142.210000 152597.000000
-2738.880000 152634.000000
-4014.600000 152706.000000
-4134.820000 152717.000000
-5214.620000 152766.000000
-5692.180000 152795.000000
-7409.840000 152897.000000
-9189.840000 152857.000000
-9374.630000 152572.000000
-8589.830000 151212.000000
-8558.660000 151201.000000
-8551.980000 148916.000000
-8568.680000 148162.000000
-9103.010000 145931.000000
-9091.880000 145521.000000
-10402.100000 145412.000000
-10440.000000 144666.000000
-10568.000000 141707.000000
-10569.100000 141683.000000
-9124.160000 139318.000000
-9410.260000 139020.000000
-10584.700000 137437.000000
-10708.200000 137446.000000
-12978.000000 137143.000000
-13214.000000 136460.000000
-14853.800000 135743.000000
-14438.600000 135507.000000
-12993.600000 135380.000000
-10780.600000 135177.000000
-10789.500000 133882.000000
-10888.600000 130041.000000
-10910.800000 128937.000000
-10445.500000 127185.000000
-12004.000000 123778.000000
-12027.400000 123718.000000
-12943.500000 119337.000000
-12625.200000 119223.000000
-11486.400000 120016.000000
-11595.500000 120016.000000
-11892.700000 119898.000000
-13119.400000 119417.000000
-13440.000000 119898.000000
-12956.900000 121574.000000
-12610.700000 122460.000000
-11781.400000 124635.000000
-11375.000000 125548.000000
-10971.000000 128870.000000
-10920.900000 129533.000000
-10827.400000 132038.000000
-9937.910000 131982.000000
-9028.430000 134180.000000
-9025.090000 134280.000000
-8958.300000 137123.000000
-9249.950000 137439.000000
-10772.800000 140472.000000
-10609.200000 141736.000000
-10362.000000 147336.000000
-9359.050000 147322.000000
-8135.650000 148625.000000
-8131.190000 149083.000000
-8213.570000 152040.000000
-8234.720000 152396.000000
-8520.810000 152523.000000
-8487.420000 153309.000000
-8448.450000 156448.000000
-8451.790000 156818.000000
-8545.300000 159320.000000
-8430.640000 158570.000000
-8426.190000 155645.000000
-8419.510000 154992.000000
-5713.330000 154498.000000
-5467.320000 154440.000000
-4232.790000 156045.000000
-4160.430000 157141.000000
-3501.420000 155299.000000
-3590.470000 152093.000000
-3607.170000 151232.000000
-2679.880000 148240.000000
-2719.950000 147463.000000
-1250.540000 145526.000000
-1241.630000 145434.000000
-1239.400000 145296.000000
-1262.780000 145370.000000
-1268.350000 145392.000000
-479.092000 143390.000000
-447.923000 143382.000000
4205.230000 134714.000000
4287.610000 134556.000000
7586.000000 128260.000000
8096.960000 126746.000000
9347.080000 122690.000000
9695.510000 121327.000000
11862.900000 115790.000000
11988.700000 114260.000000
12510.800000 108104.000000
12865.900000 106604.000000
18474.200000 106025.000000
18778.100000 106154.000000
18805.900000 106092.000000
19850.100000 106034.000000
20974.400000 106047.000000
27097.000000 105223.000000
27885.100000 104195.000000
31859.200000 102318.000000
32940.100000 102133.000000
32924.500000 101296.000000
32923.400000 101294.000000
31705.600000 102298.000000
28983.800000 102476.000000
27829.500000 104037.000000
26023.900000 106401.000000
24314.000000 106317.000000
21085.700000 106036.000000
18051.200000 105960.000000
15367.200000 105887.000000
12916.000000 106426.000000
12350.500000 109765.000000
11948.600000 114623.000000
11682.600000 117531.000000
10121.900000 120040.000000
9286.970000 122903.000000
8196.040000 126383.000000
7708.460000 127837.000000
5814.910000 131597.000000
4278.700000 134523.000000
2655.660000 132597.000000
2655.660000 132595.000000
2661.230000 132619.000000
2628.950000 132564.000000
3097.600000 133227.000000
3744.370000 134066.000000
4151.800000 134594.000000
2174.760000 138553.000000
1255.270000 140198.000000
-1875.040000 144913.000000
-1886.170000 145575.000000
-1246.080000 145474.000000
-1232.730000 145414.000000
-659.430000 145359.000000
-228.623000 143573.000000
-117.304000 142778.000000
755.441000 142903.000000
683.083000 143032.000000
-262.019000 144125.000000
-421.206000 144526.000000
-1840.530000 145303.000000
-2404.920000 145307.000000
-2767.820000 142631.000000
-2770.050000 142578.000000
-3590.470000 139372.000000
-3672.850000 139013.000000
-5145.610000 137767.000000
-5091.060000 137769.000000
-5062.120000 137764.000000
-6232.080000 135482.000000
-8282.590000 133603.000000
-8845.870000 132105.000000
-11396.200000 125383.000000
-11949.500000 123970.000000
-15345.800000 115126.000000
-16086.100000 113216.000000
-20143.700000 104709.000000
-20219.400000 102946.000000
-23142.600000 93347.900000
-23616.800000 91529.000000
-25680.700000 85317.300000
-25960.100000 85074.700000
-25895.600000 85339.600000
-25284.400000 85072.400000
-24231.300000 89425.000000
-23320.700000 93016.200000
-21791.200000 98762.500000
-21077.700000 100566.000000
-20245.000000 104213.000000
-20030.100000 105172.000000
-17476.500000 109872.000000
-16211.900000 113118.000000
-15528.400000 115886.000000
-15034.100000 116075.000000
-14279.400000 118070.000000
-13669.300000 119610.000000
-13572.500000 119871.000000
-13127.200000 121138.000000
-12221.100000 123438.000000
-12102.000000 123749.000000
-11086.700000 126343.000000
-10957.600000 128055.000000
-12104.200000 128892.000000
-11822.500000 128883.000000
-12227.800000 131128.000000
-12442.600000 132029.000000
-10825.100000 133579.000000
-10790.600000 134993.000000
-10797.300000 138655.000000
-10780.600000 138996.000000
-10789.500000 140082.000000
-10775.000000 140490.000000
-10601.400000 142121.000000
-10492.300000 143466.000000
-10542.400000 145900.000000
-10549.100000 147104.000000
-10756.100000 146984.000000
-10541.300000 147031.000000
-10495.600000 148687.000000
-10472.200000 149664.000000
-10433.300000 154660.000000
-9668.520000 156097.000000
-9665.180000 156644.000000
-9659.610000 157154.000000
-9658.500000 157381.000000
-9638.460000 157372.000000
-9652.930000 157112.000000
-9667.400000 155580.000000
-9662.950000 154640.000000
-9689.670000 153314.000000
-9679.650000 153089.000000
-9667.400000 151528.000000
-9519.350000 149564.000000
-8891.510000 149210.000000
-8860.340000 149215.000000
-8806.900000 149224.000000
-8616.550000 149206.000000
-8130.080000 149460.000000
-6748.610000 149571.000000
-5465.090000 149304.000000
-5133.360000 151152.000000
-4015.710000 151080.000000
-3648.360000 151085.000000
-2107.700000 151034.000000
-2646.480000 150299.000000
-2714.390000 146592.000000
-2467.260000 145383.000000
-1547.760000 145463.000000
-1547.760000 146294.000000
-1834.960000 147126.000000
-1768.170000 149736.000000
-1217.140000 153774.000000
-181.869000 153719.000000
2808.170000 153403.000000
3063.090000 153841.000000
3029.700000 155340.000000
3006.320000 156958.000000
3002.980000 157791.000000
2139.140000 157967.000000
1276.420000 156951.000000
1294.230000 155780.000000
1317.600000 153601.000000
971.401000 150016.000000
145.410000 149337.000000
32.977300 147298.000000
29.637800 147008.000000
31.864200 145445.000000
22.958600 143943.000000
-631.600000 142727.000000
-1440.890000 142048.000000
-1772.620000 142010.000000
-2078.750000 141244.000000
-2960.400000 141293.000000
-3584.910000 139258.000000
-3650.580000 137742.000000
-3661.720000 137724.000000
-2912.540000 137720.000000
-2868.010000 137889.000000
-3493.620000 139080.000000
-6963.450000 136306.000000
-6947.870000 137381.000000
-8750.130000 137428.000000
-8869.240000 137426.000000
-8954.960000 137551.000000
-9413.590000 138964.000000
-9424.730000 138303.000000
-9415.820000 137560.000000
-9418.050000 137430.000000
-11067.800000 137439.000000
-11571.000000 137459.000000
-13762.800000 137508.000000
-13902.000000 138230.000000
-13927.600000 138920.000000
3171.070000 136751.000000
5706.930000 138488.000000
6241.270000 138559.000000
9605.340000 137453.000000
11374.200000 137678.000000
11378.700000 137686.000000
11565.700000 138063.000000
10543.800000 145227.000000
6637.560000 145944.000000
1666.030000 146966.000000
1320.940000 146138.000000
-1621.230000 145359.000000
-2044.240000 146895.000000
-2696.580000 147024.000000
-2722.180000 147810.000000
-2721.070000 145575.000000
-2743.330000 144648.000000
2.921090 142516.000000
13176.500000 124591.000000
15064.400000 121512.000000
15606.600000 119443.000000
15855.900000 114329.000000
15259.300000 116113.000000
15372.800000 117567.000000
13232.100000 116945.000000
13644.000000 115903.000000
13652.900000 115895.000000
13273.300000 116322.000000
13222.100000 116925.000000
13282.200000 117413.000000
13302.300000 117576.000000
13637.300000 117714.000000
14214.000000 117865.000000
14780.600000 117972.000000
15426.200000 118030.000000
15415.100000 117916.000000
15361.700000 117228.000000
15350.500000 117059.000000
15190.200000 115191.000000
15194.700000 114942.000000
15338.300000 115024.000000
15339.400000 115037.000000
15522.000000 115077.000000
15654.400000 114703.000000
15529.800000 118686.000000
13909.000000 123760.000000
10733.000000 126403.000000
5278.350000 132962.000000
2987.400000 137108.000000
-632.713000 143446.000000
-1857.230000 144141.000000
-1702.490000 151394.000000
-1133.650000 154669.000000
-737.354000 160830.000000
-2429.410000 162126.000000
-3187.500000 161825.000000
-3254.290000 158726.000000
-3511.440000 155380.000000
-3547.060000 153732.000000
-3604.940000 151310.000000
-3627.210000 150290.000000
4257.550000 134627.000000
8133.700000 126646.000000
9158.950000 123509.000000
11178.300000 118724.000000
11915.200000 115113.000000
12346.000000 109939.000000
12734.500000 107018.000000
15476.300000 105925.000000
18125.700000 106009.000000
18792.500000 106174.000000
18802.600000 106143.000000
18804.800000 106098.000000
19090.900000 106034.000000
24336.200000 106321.000000
25677.600000 106444.000000
27938.500000 102550.000000
30821.700000 102376.000000
33629.200000 100530.000000
33682.600000 100615.000000
33672.600000 100610.000000
33251.800000 101294.000000
29236.500000 102472.000000
28986.100000 102485.000000
24523.300000 103672.000000
21671.300000 103231.000000
21429.700000 103264.000000
21523.200000 102271.000000
21391.800000 102276.000000
21270.500000 102274.000000
20136.200000 106023.000000
15457.400000 105887.000000
11770.500000 106070.000000
11649.200000 106090.000000
11287.400000 108973.000000
11298.500000 109166.000000
8999.760000 113541.000000
9170.080000 113980.000000
10743.000000 119270.000000
10727.400000 119321.000000
7956.700000 120016.000000
7942.230000 120392.000000
6722.170000 124640.000000
6588.580000 124649.000000
4944.390000 127211.000000
4651.620000 130486.000000
4506.910000 130631.000000
2616.700000 131061.000000
2581.080000 131076.000000
2562.160000 131303.000000
2563.270000 131326.000000
2558.820000 131328.000000
2014.460000 131862.000000
-226.397000 133329.000000
-273.151000 133463.000000
-2213.450000 133541.000000
-3639.450000 133336.000000
-4039.090000 134258.000000
-4010.150000 134253.000000
-4424.260000 135888.000000
-4444.290000 135945.000000
-3645.020000 139071.000000
-3749.660000 139078.000000
-8300.400000 141587.000000
-8905.980000 139652.000000
-8664.410000 139456.000000
-8602.080000 141596.000000
-9286.690000 139374.000000
-9431.410000 138297.000000
-8950.510000 137994.000000
-10634.800000 138909.000000
-10681.500000 137551.000000
-10724.900000 137484.000000
-10699.300000 135235.000000
-6699.630000 134961.000000
-4663.590000 134872.000000
-4671.380000 133407.000000
-3289.910000 133610.000000
-2914.760000 134607.000000
-2709.930000 134763.000000
742.083000 136803.000000
2774.780000 139468.000000
4048.270000 141215.000000
3653.090000 141954.000000
3648.630000 141923.000000
2406.310000 142796.000000
2043.410000 143003.000000
477.142000 141652.000000
-362.207000 140543.000000
-5399.410000 139196.000000
-6238.760000 139234.000000
-11158.000000 139419.000000
-11910.500000 139396.000000
-12958.000000 137535.000000
-13775.100000 136462.000000
-13871.900000 136451.000000
-14843.800000 136482.000000
-11976.200000 135262.000000
-10861.900000 135195.000000
-10187.300000 136466.000000
-10804.000000 138791.000000
-11125.700000 139399.000000
-12358.000000 139249.000000
-12993.600000 139419.000000
-13588.100000 139465.000000
-13898.700000 138297.000000
-13917.600000 137591.000000
-14888.300000 135456.000000
-12629.600000 133830.000000
-9062.940000 135077.000000
-7866.250000 135010.000000
-1258.330000 134732.000000
-213.039000 135571.000000
1693.860000 134935.000000
1918.730000 134505.000000
2567.720000 133321.000000
2582.190000 133305.000000
2582.190000 133294.000000
2587.760000 133263.000000
2306.120000 133721.000000
1996.650000 138466.000000
4412.290000 146579.000000
4408.950000 148640.000000
1408.890000 153474.000000
1383.280000 153476.000000
483.821000 154736.000000
636.329000 155279.000000
1201.830000 158964.000000
1184.020000 160184.000000
1191.810000 160721.000000
746.535000 160874.000000
655.253000 160342.000000
670.838000 158330.000000
671.951000 158187.000000
1186.250000 158410.000000
1197.380000 160149.000000
-572.601000 163960.000000
-247.548000 164833.000000
-525.846000 164390.000000
354.691000 163123.000000
954.703000 162163.000000
1110.550000 161936.000000
1227.440000 159884.000000
984.759000 155965.000000
-867.597000 155901.000000
-2552.970000 155945.000000
-3372.290000 156027.000000
-4810.530000 156117.000000
-5534.110000 156333.000000
-7399.830000 156856.000000
-8360.510000 156862.000000
-9027.320000 156876.000000
-9620.650000 156887.000000
-9659.610000 157909.000000
-9611.740000 159176.000000
-9611.740000 159467.000000
-9599.500000 160917.000000
-10653.700000 161268.000000
-10739.400000 159648.000000
-11083.400000 159472.000000
-11266.000000 155520.000000
-12430.400000 155048.000000
-16418.900000 155130.000000
-17211.500000 155063.000000
-18538.500000 155077.000000
-18550.700000 154937.000000
-18556.300000 154632.000000
-18549.600000 154603.000000
-18443.800000 154438.000000
-17251.600000 154422.000000
-16592.600000 152873.000000
-15751.000000 153131.000000
-14889.400000 152848.000000
-13323.100000 152882.000000
-12870.100000 151448.000000
-12381.400000 151388.000000
-12340.200000 151183.000000
-11489.700000 150415.000000
-10804.000000 150413.000000
-10458.900000 151285.000000
-10450.000000 151604.000000
-10447.800000 152309.000000
-10433.300000 153133.000000
-11307.100000 156255.000000
-11093.400000 156856.000000
-9542.730000 158252.000000
-9367.950000 158256.000000
-9608.400000 158218.000000
-10107.100000 158223.000000
-10178.400000 157072.000000
-10832.900000 154603.000000
-9814.340000 154678.000000
-8594.280000 154600.000000
-7502.240000 154522.000000
-6668.460000 154469.000000
-4531.120000 154347.000000
-4295.120000 154333.000000
-2675.430000 154393.000000
-1556.660000 154409.000000
546.160000 155985.000000
1207.400000 156123.000000
1180.680000 157902.000000
845.610000 157953.000000
-1103.590000 157359.000000
-1105.820000 157533.000000
-1050.160000 161046.000000
-675.015000 160799.000000
77.505100 158497.000000
264.522000 157960.000000
1450.070000 157973.000000
1899.810000 157971.000000
2965.130000 157987.000000
3029.700000 157165.000000
2892.780000 157443.000000
3039.720000 157072.000000
3059.750000 154981.000000
3591.860000 154376.000000
3085.360000 153458.000000
3077.570000 152766.000000
2368.460000 152612.000000
1410.000000 152343.000000
329.087000 149275.000000
17.392600 147097.000000
-587.072000 146993.000000
-1812.700000 144746.000000
-1960.750000 143090.000000
-878.729000 141249.000000
-879.842000 142268.000000
-2000.830000 141253.000000
-1997.490000 142342.000000
-3481.380000 143515.000000
-6077.350000 143598.000000
-9896.720000 144397.000000
-10890.800000 145468.000000
-12077.500000 143834.000000
-12561.700000 143943.000000
-12754.300000 142146.000000
-12019.600000 141609.000000
-10591.400000 140728.000000
-9951.270000 140002.000000
-6925.600000 139325.000000
-6275.500000 140441.000000
-7413.180000 140523.000000
-7557.900000 141251.000000
-8058.840000 141449.000000
-9134.180000 139365.000000
-9429.180000 138321.000000
-8952.730000 136322.000000
-8983.900000 135186.000000
-9449.220000 134547.000000
-9039.560000 134184.000000
-9011.730000 134932.000000
-8988.350000 135807.000000
-9420.270000 135939.000000
-8988.350000 135758.000000
-9200.970000 136262.000000
-9543.840000 136286.000000
-10424.400000 136319.000000
-12117.500000 135184.000000
-12688.600000 134981.000000
-12268.900000 132757.000000
-11569.900000 132069.000000
-10078.200000 131980.000000
-9256.630000 131940.000000
-8997.260000 133597.000000
-8995.030000 134979.000000
-7868.480000 135193.000000
-7947.520000 133588.000000
-7279.600000 132737.000000
-7029.130000 132203.000000
-4865.080000 130168.000000
-4731.500000 131604.000000
-3764.130000 132495.000000
-2773.390000 131729.000000
-2613.090000 132058.000000
-2469.480000 131909.000000
-3225.340000 134681.000000
-5335.960000 134837.000000
-7724.880000 136903.000000
-7890.740000 141264.000000
-9922.320000 144437.000000
-10497.800000 147514.000000
-10408.800000 154451.000000
-11292.700000 156882.000000
-9974.640000 161544.000000
-9558.310000 161540.000000
-9647.370000 161133.000000
-11839.200000 161602.000000
-12685.300000 161444.000000
-12722.000000 158757.000000
-12638.500000 157927.000000
-12299.000000 157829.000000
-11989.500000 155362.000000
-11984.000000 154015.000000
-11683.400000 151432.000000
-10500.100000 151412.000000
-7753.820000 137557.000000
-6930.060000 136996.000000
-6945.640000 136524.000000
-5649.880000 130117.000000
-5604.240000 130119.000000
-4354.120000 124390.000000
-4310.710000 123881.000000
-3692.890000 118450.000000
-3701.790000 118074.000000
-1275.030000 115211.000000
-384.471000 113960.000000
-646.072000 114265.000000
-839.767000 114563.000000
-4054.670000 114597.000000
-4094.750000 115055.000000
-4071.370000 119379.000000
-4735.950000 129077.000000
-4739.290000 129707.000000
-5441.720000 134507.000000
-4780.480000 135979.000000
-4781.590000 136208.000000
-4703.670000 142442.000000
-4696.990000 143168.000000
-4938.550000 147843.000000
-4926.310000 148340.000000
-6069.560000 152842.000000
-6066.220000 153314.000000
-3544.830000 153794.000000
-3587.130000 150887.000000
-3727.400000 145156.000000
-3738.530000 144566.000000
-3541.490000 141226.000000
-3555.960000 140699.000000
-3670.620000 135814.000000
-3687.320000 135329.000000
-3724.060000 129024.000000
-3648.360000 128284.000000
-4261.730000 121225.000000
-4197.160000 120657.000000
-4139.280000 115779.000000
-4076.940000 115153.000000
-1773.740000 111491.000000
-1793.780000 111063.000000
-938.842000 109051.000000
-933.276000 109137.000000
-506.922000 113080.000000
54.128100 113023.000000
3710.970000 111228.000000
4137.330000 111172.000000
11137.100000 109594.000000
11521.100000 109561.000000
15132.400000 105940.000000
15296.000000 105938.000000
18782.500000 106143.000000
18805.900000 106107.000000
24370.800000 106332.000000
28900.300000 102496.000000
29316.700000 102474.000000
32925.700000 101296.000000
33047.000000 101461.000000
31047.700000 102365.000000
28546.400000 102510.000000
27511.100000 103108.000000
26315.500000 106261.000000
24453.100000 106334.000000
21627.800000 106041.000000
18530.900000 105998.000000
15575.400000 105894.000000
13008.400000 106163.000000
11828.400000 116001.000000
11491.100000 118139.000000
9508.490000 121977.000000
8911.820000 124293.000000
7724.040000 127808.000000
6355.920000 130669.000000
4384.460000 134331.000000
3115.410000 133218.000000
2623.380000 132539.000000
2615.590000 132537.000000
2586.650000 132503.000000
2428.570000 132281.000000
3645.290000 133935.000000
1253.040000 140189.000000
-1473.180000 143453.000000
-2697.690000 145354.000000
-4649.120000 145203.000000
-4691.420000 141863.000000
-4754.870000 139009.000000
-4713.690000 134563.000000
-11279.300000 135168.000000
-14844.900000 135433.000000
-18565.200000 137936.000000
-21348.200000 138150.000000
-24712.200000 135171.000000
-26109.300000 132915.000000
-26294.100000 132599.000000
-25315.600000 134075.000000
-23473.200000 137938.000000
-22288.800000 138205.000000
-19781.900000 138935.000000
-17798.200000 136763.000000
-16077.200000 138782.000000
-11123.500000 145632.000000
-8308.190000 143649.000000
-5105.530000 143629.000000
-3714.040000 146038.000000
-4203.840000 147053.000000
-5491.810000 147042.000000
-6051.750000 145570.000000
-6261.030000 144782.000000
-6118.540000 142306.000000
-6168.630000 139655.000000
-5356.000000 140042.000000
-5977.160000 140427.000000
-6153.050000 140102.000000
-6153.050000 140104.000000
-6187.560000 140133.000000
-6197.570000 140144.000000
-6207.590000 140151.000000
-6196.460000 140136.000000
-6163.070000 140120.000000
-6147.480000 140104.000000
-6112.970000 139205.000000
-8360.510000 139303.000000
-8929.350000 138343.000000
-9408.030000 137054.000000
-9646.250000 137428.000000
-10650.400000 137433.000000
-12912.400000 137430.000000
-12949.100000 138252.000000
-15119.800000 140111.000000
-16627.100000 136638.000000
-16776.300000 134917.000000
-16618.200000 135741.000000
-16011.500000 137537.000000
-16043.800000 136916.000000
-14827.100000 137624.000000
-14621.100000 137602.000000
-12928.000000 139303.000000
-12592.900000 139503.000000
-10621.400000 141661.000000
-10533.500000 146280.000000
-10442.200000 152430.000000
-9809.890000 154718.000000
-9677.420000 155331.000000
-9671.860000 154948.000000
-10468.900000 147458.000000
-10812.900000 146231.000000
-11366.100000 143074.000000
-12168.800000 141598.000000
-12844.500000 140441.000000
-12922.400000 138715.000000
-12968.000000 137560.000000
-13697.200000 136498.000000
-12989.200000 137399.000000
-13349.900000 137524.000000
-12939.100000 139005.000000
-12841.100000 141220.000000
-12866.700000 142411.000000
-13465.600000 142950.000000
-14033.400000 142787.000000
-12844.500000 140532.000000
-13858.600000 139483.000000
-13893.100000 138281.000000
-13145.000000 137520.000000
-12955.800000 138366.000000
-13027.000000 138688.000000
-12919.000000 139416.000000
-11533.100000 139492.000000
-10598.000000 142286.000000
-10495.600000 148520.000000
-10423.300000 153521.000000
-11291.600000 157873.000000
-11385.100000 162769.000000
-11643.300000 169399.000000
-8863.680000 169847.000000
-5478.450000 170410.000000
-5399.410000 172732.000000
-5358.230000 174493.000000
-5856.940000 176136.000000
-5809.070000 178619.000000
-5831.330000 178835.000000
-5802.390000 177630.000000
-5482.900000 176118.000000
-5284.750000 175215.000000
-5340.410000 172981.000000
-5376.040000 170218.000000
-5510.730000 165888.000000
-5603.130000 162270.000000
-4212.750000 160507.000000
-3465.790000 160469.000000
-3047.230000 158757.000000
-2283.580000 158062.000000
-134.002000 157958.000000
1187.360000 158719.000000
1090.510000 159265.000000
1181.790000 160059.000000
1269.740000 158060.000000
2239.330000 156027.000000
2464.200000 156041.000000
1729.490000 155987.000000
1304.250000 154538.000000
1320.940000 152735.000000
1338.750000 151637.000000
1323.170000 149934.000000
1320.940000 149466.000000
1314.260000 147093.000000
1317.600000 147048.000000
4364.420000 134866.000000
3333.600000 136458.000000
68.599600 142353.000000
-2698.800000 143455.000000
-6426.890000 143604.000000
-8628.790000 145697.000000
-8580.920000 147995.000000
-8549.760000 149894.000000
-8519.700000 151984.000000
-8732.320000 152532.000000
-9408.030000 151437.000000
-9686.330000 150417.000000
-10487.800000 147984.000000
-10261.800000 144660.000000
-7890.740000 142117.000000
-7665.880000 137312.000000
-5588.660000 134903.000000
-2381.540000 134714.000000
749.875000 135917.000000
1411.110000 134480.000000
1963.260000 132831.000000
1945.450000 130693.000000
1951.010000 129671.000000
1927.640000 131840.000000
2250.460000 131858.000000
3507.260000 131824.000000
5543.290000 130135.000000
6102.120000 130373.000000
6372.620000 130678.000000
8009.020000 127020.000000
9185.670000 123369.000000
10095.100000 120136.000000
11729.300000 117368.000000
12449.600000 108637.000000
15289.300000 105938.000000
18675.700000 106043.000000
18769.200000 106134.000000
19665.300000 106054.000000
21154.700000 106067.000000
24371.900000 106330.000000
26818.700000 105698.000000
27630.200000 102038.000000
29872.200000 96745.400000
31145.700000 94478.900000
33333.100000 93799.900000
33419.900000 93681.900000
33268.500000 93786.500000
33416.600000 93690.800000
33419.900000 93695.200000
33131.600000 94205.100000
33728.300000 94416.600000
34081.200000 95948.400000
33759.400000 101256.000000
33710.500000 100597.000000
33668.200000 100606.000000
33644.800000 100532.000000
33338.700000 100553.000000
30514.500000 102400.000000
26674.000000 105909.000000
21580.000000 106052.000000
20267.500000 106029.000000
16237.800000 105918.000000
15013.200000 105918.000000
11272.900000 108808.000000
11298.500000 109342.000000
8777.120000 112969.000000
9400.510000 114505.000000
10497.000000 118629.000000
10313.300000 118261.000000
10310.000000 118034.000000
10965.700000 117756.000000
11318.500000 117424.000000
9495.130000 122073.000000
9352.650000 122658.000000
7439.060000 128665.000000
3972.570000 135079.000000
776.592000 140937.000000
186.598000 141690.000000
1241.910000 149809.000000
77.505100 149411.000000
7.373870 149404.000000
-2034.230000 149043.000000
-2640.920000 149077.000000
-4609.050000 147160.000000
-4675.840000 143954.000000
-4679.180000 143335.000000
-4729.270000 140717.000000
-4973.060000 140677.000000
-6159.730000 141166.000000
-6117.420000 142707.000000
-8616.550000 143671.000000
-9603.950000 144263.000000
-14785.900000 145659.000000
-19385.600000 144078.000000
-20644.600000 148004.000000
-21050.900000 147970.000000
-20644.600000 148990.000000
-20645.700000 149019.000000
-19323.300000 155204.000000
-18117.700000 155161.000000
-12197.700000 155070.000000
-11724.600000 155026.000000
-10257.400000 156898.000000
-10033.600000 156898.000000
-9890.040000 157517.000000
-9677.420000 157512.000000
-9627.330000 157118.000000
-8426.190000 156502.000000
-8412.830000 155304.000000
-8488.530000 152229.000000
-8459.590000 152169.000000
-8671.090000 151221.000000
-9251.070000 151316.000000
-10462.200000 148707.000000
-10514.500000 146732.000000
-8723.410000 143241.000000
-8805.790000 141665.000000
-10839.600000 141540.000000
-12815.500000 141271.000000
-12831.100000 140734.000000
-15503.900000 140398.000000
-15674.200000 142542.000000
-15580.700000 150352.000000
-15576.200000 152986.000000
-13549.100000 155952.000000
-13470.100000 155275.000000
-14131.300000 155106.000000
-14298.300000 152599.000000
-14221.500000 152040.000000
-12869.000000 151463.000000
-12339.100000 151403.000000
-11706.800000 150907.000000
-11546.500000 150072.000000
-11218.100000 148315.000000
-11942.800000 148240.000000
-13374.300000 148248.000000
-13492.300000 148246.000000
-14514.300000 145886.000000
-14376.200000 145822.000000
-14155.800000 140937.000000
-14188.100000 140454.000000
-12712.000000 139047.000000
-12872.300000 139425.000000
-13393.300000 139450.000000
-13902.000000 137998.000000
-13885.300000 136480.000000
-13708.300000 134423.000000
-12733.100000 133828.000000
-12272.300000 132526.000000
-12114.200000 130705.000000
-11404.000000 127521.000000
-11662.200000 125428.000000
-12664.100000 124090.000000
-13327.600000 123237.000000
-12705.300000 124008.000000
-11695.600000 123349.000000
-10515.700000 124546.000000
-11284.900000 125731.000000
-11488.600000 128048.000000
-10923.100000 130046.000000
-10586.900000 132023.000000
-9473.710000 133594.000000
-9019.520000 134643.000000
-12120.900000 135217.000000
-13028.100000 135402.000000
-13889.800000 137535.000000
-14211.500000 138915.000000
-14645.600000 138109.000000
-14837.100000 136513.000000
-14862.700000 135576.000000
-14940.600000 134051.000000
-14714.600000 130869.000000
-15136.500000 127263.000000
-16713.900000 126677.000000
-17279.400000 126824.000000
-18584.100000 127470.000000
-19621.600000 127612.000000
-18158.900000 129262.000000
-18023.000000 130912.000000
-17597.800000 133265.000000
-16772.900000 134955.000000
-16203.000000 135616.000000
-15828.900000 135845.000000
-15379.200000 136596.000000
-14901.600000 136511.000000
-14394.000000 139394.000000
-14174.700000 139822.000000
-13290.900000 139550.000000
-12869.000000 140550.000000
-12621.800000 141692.000000
-11801.400000 141607.000000
-11190.300000 144292.000000
-10946.500000 145543.000000
-11831.500000 147400.000000
-11772.500000 149284.000000
-11549.800000 150237.000000
-11263.700000 150419.000000
-10500.100000 147681.000000
-9377.970000 144132.000000
-5838.010000 143618.000000
-4634.650000 143613.000000
-4169.330000 143595.000000
-3826.470000 143578.000000
-3780.830000 143373.000000
-3489.170000 142613.000000
-3405.680000 142504.000000
-3187.500000 142498.000000
-2796.760000 142642.000000
-2790.080000 143010.000000
-2783.410000 143117.000000
-2777.840000 143357.000000
-1855.000000 144889.000000
-1836.080000 149108.000000
-1080.220000 149477.000000
-184.096000 149595.000000
-8.210860 151506.000000
-1920.680000 152606.000000
-4227.220000 152690.000000
-4214.970000 152160.000000
-3612.740000 150791.000000
-3642.790000 149168.000000
-3122.930000 149081.000000
-3381.190000 148440.000000
-2704.370000 148429.000000
-2129.960000 148329.000000
-2540.730000 148389.000000
-2723.290000 145499.000000
-2744.440000 143595.000000
-2786.750000 141641.000000
-2824.590000 139289.000000
-2866.900000 137177.000000
-2921.440000 134814.000000
-4476.580000 134739.000000
-4309.600000 134064.000000
-4221.650000 133523.000000
-4717.030000 132303.000000
-4878.440000 131043.000000
-5115.550000 131624.000000
-5492.920000 133893.000000
-6067.330000 134830.000000
-7933.050000 135516.000000
-7831.740000 140093.000000
-7927.480000 143564.000000
-7653.630000 143925.000000
-8496.320000 143682.000000
-7715.970000 143675.000000
-4680.290000 142631.000000
-4708.120000 141723.000000
-4707.010000 141242.000000
-4741.520000 137756.000000
-4743.740000 137749.000000
-4191.600000 133363.000000
-3571.550000 133418.000000
-2209.000000 133681.000000
-2819.030000 133657.000000
-2438.320000 134946.000000
-2520.690000 135146.000000
-2144.430000 135852.000000
-2872.460000 135919.000000
-4025.730000 135965.000000
-4432.050000 135999.000000
-5558.600000 139192.000000
-6086.260000 139225.000000
-10777.300000 139928.000000
-10668.200000 141440.000000
-10458.900000 150344.000000
-10415.500000 151713.000000
-11030.000000 156900.000000
-10787.300000 157256.000000
-10994.300000 156784.000000
-13460.100000 155248.000000
-13376.600000 152870.000000
-12889.000000 153155.000000
-12335.700000 151118.000000
-12333.500000 150657.000000
-12875.600000 152027.000000
-13461.200000 152049.000000
-14358.400000 153567.000000
-14433.000000 154389.000000
-14391.800000 154391.000000
-14378.400000 154396.000000
-13117.200000 154888.000000
-13343.200000 155095.000000
-12764.300000 153111.000000
-12764.300000 152951.000000
-12903.500000 148420.000000
-12598.400000 148233.000000
-10583.600000 147304.000000
-10473.400000 147289.000000
-9308.950000 145270.000000
-9346.800000 144998.000000
-8663.300000 144757.000000
-8681.110000 144076.000000
-8839.190000 140939.000000
-8889.280000 139893.000000
-9425.840000 137720.000000
-9433.630000 137720.000000
-10651.500000 137437.000000
-10271.900000 136333.000000
-9453.670000 134489.000000
-9340.120000 133639.000000
-8088.890000 134440.000000
-7720.430000 138234.000000
-4722.590000 139187.000000
-2754.460000 139080.000000
1273.080000 144183.000000
1254.150000 146694.000000
2286.080000 146995.000000
2281.630000 146937.000000
1356.570000 146935.000000
1119.460000 146968.000000
-139.568000 146991.000000
-1349.610000 146971.000000
-1968.550000 143008.000000
-2016.410000 141558.000000
-2802.330000 140280.000000
-2817.910000 139399.000000
-4072.490000 139111.000000
-5823.540000 139200.000000
-8946.050000 137157.000000
-7774.970000 139254.000000
-7907.440000 143025.000000
-6003.880000 143629.000000
-3220.890000 143513.000000
-1787.100000 147990.000000
-1391.910000 149442.000000
-293.189000 149384.000000
153.202000 149555.000000
3650.860000 152699.000000
4377.780000 158390.000000
4459.040000 159850.000000
4718.410000 160233.000000
4526.950000 159819.000000
4446.800000 159507.000000
4450.130000 158960.000000
3172.190000 157967.000000
3050.850000 156128.000000
3069.770000 154440.000000
3083.130000 152808.000000
1329.850000 151581.000000
409.237000 151508.000000
10.713400 149475.000000
-633.826000 149282.000000
-722.882000 147084.000000
-1494.330000 146979.000000
-821.956000 145327.000000
-1239.400000 145287.000000
-794.126000 143958.000000
-138.455000 142362.000000
353.577000 141471.000000
-1958.530000 138980.000000
-2845.740000 138172.000000
-2905.860000 135142.000000
-2908.080000 135896.000000
-2844.630000 138820.000000
-2810.120000 140899.000000
-3554.850000 143370.000000
-3309.950000 142498.000000
-2822.370000 139612.000000
-2850.200000 137880.000000
-2900.290000 135729.000000
-1762.610000 134719.000000
476.029000 136531.000000
767.686000 135204.000000
1927.640000 132813.000000
1951.010000 130818.000000
5494.310000 132417.000000
7744.080000 127806.000000
8885.100000 124431.000000
10488.100000 119575.000000
11743.800000 117186.000000
12209.100000 111598.000000
12617.600000 107477.000000
16627.400000 105949.000000
18284.900000 106012.000000
18779.200000 106130.000000
18803.700000 106141.000000
18804.800000 106139.000000
32924.500000 101301.000000
32917.900000 101292.000000
31594.300000 102340.000000
29884.400000 102441.000000
27111.400000 105179.000000
25711.000000 106437.000000
22987.100000 106087.000000
21200.400000 106049.000000
15722.300000 105887.000000
15396.200000 105889.000000
12558.600000 107695.000000
12356.000000 109672.000000
11703.700000 117386.000000
11028.000000 118956.000000
9416.100000 122351.000000
9082.140000 123723.000000
7596.020000 128200.000000
6492.850000 130428.000000
3230.070000 133343.000000
2589.990000 132490.000000
1050.440000 132880.000000
-162.945000 133220.000000
-2914.760000 133741.000000
-3395.660000 132497.000000
-4009.030000 131662.000000
-3652.810000 132103.000000
-3694.000000 135930.000000
-3671.740000 136645.000000
-3579.340000 140694.000000
-3993.450000 141342.000000
-4691.420000 142758.000000
-4675.840000 144065.000000
-4683.630000 144412.000000
-5078.810000 145428.000000
-6275.500000 144528.000000
-6259.910000 145376.000000
-6015.010000 146977.000000
-5982.730000 148155.000000
-5193.470000 149166.000000
-4888.460000 149582.000000
-4839.480000 153561.000000
-4846.160000 154291.000000
-6533.760000 154431.000000
-7237.300000 154433.000000
-7516.710000 153033.000000
-1039.030000 152623.000000
3120.980000 149522.000000
3123.210000 149028.000000
2564.380000 148433.000000
2537.670000 147812.000000
1303.130000 147480.000000
1310.930000 147080.000000
59.694000 147002.000000
35.203700 147002.000000
5.147480 151958.000000
-8.210860 152321.000000
-2586.370000 152269.000000
-2607.520000 151644.000000
-1852.770000 149103.000000
-1840.530000 144842.000000
-1860.570000 143662.000000
3151.040000 136854.000000
4109.500000 135113.000000
10377.900000 126677.000000
11839.500000 125704.000000
15596.600000 119239.000000
15441.800000 117282.000000
15319.400000 114303.000000
15282.600000 114911.000000
13703.000000 117740.000000
13246.600000 117066.000000
13503.700000 115935.000000
13502.600000 115935.000000
13297.800000 117551.000000
15419.600000 118105.000000
15422.900000 117921.000000
15368.400000 117246.000000
15365.000000 117197.000000
15366.100000 117199.000000
15362.800000 117199.000000
15355.000000 117072.000000
15331.600000 116750.000000
15324.900000 116696.000000
15309.400000 116485.000000
15284.900000 116231.000000
15248.100000 115895.000000
15233.700000 115676.000000
15181.300000 114995.000000
15195.800000 114937.000000
15464.100000 115276.000000
15474.100000 115236.000000
15726.800000 114875.000000
15910.500000 114817.000000
15910.500000 114534.000000
15901.600000 114336.000000
15353.900000 115598.000000
14819.500000 121832.000000
12744.600000 124954.000000
7456.870000 129010.000000
5327.330000 131686.000000
942.458000 128785.000000
-1970.770000 127329.000000
-7277.370000 127182.000000
-10160.500000 127102.000000
-12660.800000 122088.000000
-14174.700000 118145.000000
-16908.700000 111081.000000
-18509.500000 107575.000000
-20060.200000 104894.000000
-20189.300000 103520.000000
-19376.700000 106408.000000
-17462.000000 109899.000000
-15228.900000 115556.000000
-14551.000000 117302.000000
-13541.300000 119949.000000
-13490.100000 120078.000000
-11878.200000 124308.000000
-11466.300000 125326.000000
-10964.300000 127982.000000
-10932.000000 129772.000000
-12236.700000 132089.000000
-12519.400000 132341.000000
-13051.500000 134467.000000
-13774.000000 135347.000000
-13961.000000 135549.000000
-13632.600000 136500.000000
-13573.600000 136498.000000
-12963.600000 137945.000000
-12380.300000 139503.000000
-12251.100000 139505.000000
-5661.010000 139249.000000
-5463.980000 139249.000000
-4707.010000 142649.000000
-4708.120000 142678.000000
-5979.390000 143039.000000
-6042.840000 143032.000000
-8197.990000 143640.000000
-8245.850000 143644.000000
-9931.230000 144043.000000
-9805.440000 144286.000000
-12058.500000 143905.000000
-14022.200000 142805.000000
