2320.590000 138724.000000
656.366000 136190.000000
873.440000 134721.000000
1410.000000 132971.000000
1368.810000 133131.000000
986.985000 134630.000000
712.026000 134249.000000
648.574000 134273.000000
650.801000 134269.000000
651.914000 134260.000000
648.574000 134236.000000
650.801000 134271.000000
637.442000 134267.000000
647.461000 134280.000000
639.669000 134273.000000
637.442000 134271.000000
656.366000 134262.000000
572.877000 134278.000000
580.669000 134262.000000
582.896000 134282.000000
580.669000 134242.000000
582.896000 134256.000000
589.575000 134258.000000
581.782000 134240.000000
563.971000 134285.000000
578.443000 134273.000000
586.235000 134293.000000
578.443000 134253.000000
572.877000 134244.000000
569.537000 134251.000000
585.122000 134236.000000
579.556000 134249.000000
581.782000 134251.000000
595.141000 134278.000000
573.990000 134253.000000
765.460000 133977.000000
831.138000 131960.000000
999.231000 131399.000000
1943.220000 130357.000000
2033.390000 129723.000000
2709.100000 129705.000000
4839.750000 130032.000000
5002.280000 129130.000000
4770.730000 126973.000000
4796.340000 125628.000000
5178.160000 126550.000000
3841.220000 127385.000000
2723.570000 126713.000000
2168.090000 127637.000000
1887.560000 129277.000000
2243.780000 129698.000000
3164.390000 131486.000000
3144.360000 131479.000000
2470.870000 133410.000000
1755.090000 134307.000000
1632.640000 134171.000000
2199.250000 133924.000000
2791.470000 132915.000000
3093.150000 132174.000000
2696.850000 129698.000000
3117.640000 131114.000000
2545.460000 129734.000000
1902.030000 128694.000000
1697.200000 127659.000000
-111.738000 127530.000000
-943.295000 126483.000000
-1324.010000 124555.000000
-1307.310000 124758.000000
-1467.610000 124952.000000
-1256.100000 125123.000000
-1242.740000 125112.000000
-1228.270000 125110.000000
-1334.030000 125041.000000
-3623.870000 125722.000000
-3983.430000 125918.000000
-3974.520000 125947.000000
-3946.690000 125973.000000
-3956.710000 125989.000000
-3947.810000 125976.000000
-3937.790000 125942.000000
-3963.390000 125960.000000
-3955.600000 125962.000000
-3957.830000 125949.000000
-3943.350000 125960.000000
-3967.850000 125936.000000
-3972.300000 125947.000000
-3960.050000 125913.000000
-3808.660000 129700.000000
-3791.960000 130393.000000
-3740.750000 133189.000000
-3708.470000 135701.000000
-3636.110000 137680.000000
-3646.130000 138929.000000
-3514.770000 142302.000000
-3697.340000 143117.000000
-3783.050000 143415.000000
-3254.290000 143537.000000
-1870.590000 144617.000000
-1670.210000 145383.000000
-1528.840000 146603.000000
-1515.480000 146307.000000
-1529.950000 145414.000000
-687.260000 145368.000000
700.894000 145325.000000
1208.510000 145310.000000
641.895000 141436.000000
5793.760000 132045.000000
8259.490000 128191.000000
13225.500000 124537.000000
14915.300000 121719.000000
15395.100000 116823.000000
15873.700000 114496.000000
15503.000000 114240.000000
15170.200000 115017.000000
15389.500000 117702.000000
13283.300000 117404.000000
13234.400000 117028.000000
13167.600000 116393.000000
13422.500000 116311.000000
13485.900000 115948.000000
13491.500000 115961.000000
13492.600000 115957.000000
13482.600000 115935.000000
13483.700000 115961.000000
13484.800000 115944.000000
13485.900000 115950.000000
13483.700000 115946.000000
13480.400000 115937.000000
13483.700000 115955.000000
13481.500000 115932.000000
13481.500000 115941.000000
13484.800000 115955.000000
13488.200000 115946.000000
13484.800000 115944.000000
13482.600000 115937.000000
13487.100000 115939.000000
13487.100000 115950.000000
13483.700000 115944.000000
13487.100000 115946.000000
13484.800000 115944.000000
13483.700000 115950.000000
13484.800000 115948.000000
13488.200000 115959.000000
13482.600000 115944.000000
13483.700000 115952.000000
13336.800000 116333.000000
13167.600000 116567.000000
13717.500000 117751.000000
15296.000000 118072.000000
15444.000000 118310.000000
15444.000000 118235.000000
15446.300000 118145.000000
15429.600000 118039.000000
15435.100000 118023.000000
15399.500000 117553.000000
15389.500000 117491.000000
15381.700000 117475.000000
15346.100000 117039.000000
15319.400000 116663.000000
15298.200000 116409.000000
15271.500000 116037.000000
15213.600000 115418.000000
15329.400000 115231.000000
15339.400000 115222.000000
15358.300000 115276.000000
15460.700000 115258.000000
15464.100000 115258.000000
15956.100000 114759.000000
15473.000000 117981.000000
14983.200000 121579.000000
11188.300000 126094.000000
4420.080000 134509.000000
2159.180000 138584.000000
1130.590000 142562.000000
1205.170000 150152.000000
750.988000 150174.000000
874.553000 150292.000000
811.101000 150535.000000
763.233000 150631.000000
811.101000 150660.000000
746.535000 150720.000000
530.575000 150586.000000
832.251000 150212.000000
287.899000 149524.000000
37.430100 147100.000000
537.255000 146510.000000
572.877000 147874.000000
48.562100 148507.000000
372.502000 150181.000000
818.893000 150346.000000
860.081000 150125.000000
24.071800 149322.000000
-707.297000 148422.000000
-719.542000 147311.000000
-650.524000 145675.000000
-1506.570000 145327.000000
-1547.760000 145626.000000
-1761.490000 146908.000000
-1919.570000 147937.000000
-2035.340000 147353.000000
-1979.680000 147033.000000
-1737.000000 149863.000000
-1712.510000 151076.000000
-1627.910000 152432.000000
-531.412000 152617.000000
2656.780000 152686.000000
3049.740000 152732.000000
3428.220000 153342.000000
4327.680000 153175.000000
3820.070000 154353.000000
3804.480000 154371.000000
3816.730000 154373.000000
3815.610000 154378.000000
3816.730000 154351.000000
3815.610000 154331.000000
3974.800000 154351.000000
4378.890000 157484.000000
3892.420000 159605.000000
3259.020000 159067.000000
3034.150000 157811.000000
3057.530000 156148.000000
3753.270000 154378.000000
3813.390000 154402.000000
3813.390000 154396.000000
3173.300000 154396.000000
3069.770000 152784.000000
794.403000 152592.000000
-631.600000 152619.000000
-1576.700000 153612.000000
-2857.990000 154389.000000
-3731.850000 154180.000000
-3764.130000 154200.000000
-4320.730000 153469.000000
-4326.290000 153469.000000
-4296.240000 153743.000000
-3537.040000 154502.000000
-3483.610000 157034.000000
-3285.460000 158180.000000
-3183.040000 162132.000000
-2712.160000 163902.000000
-2111.040000 164766.000000
-2155.560000 164842.000000
-2410.490000 164626.000000
-1842.760000 162023.000000
-1852.770000 162043.000000
-1850.550000 162045.000000
-1850.550000 162052.000000
-1836.080000 162059.000000
-1328.460000 161538.000000
-1665.760000 158977.000000
-3167.460000 158761.000000
-3305.490000 157809.000000
-3156.330000 155157.000000
-3011.610000 155170.000000
-2868.010000 155148.000000
-2560.770000 153055.000000
-2568.560000 152668.000000
-2283.580000 150731.000000
-2629.780000 150635.000000
-1594.510000 149103.000000
-1393.030000 149166.000000
-1374.100000 149175.000000
-1379.670000 149172.000000
-1278.370000 149019.000000
-1368.540000 149150.000000
-1711.400000 148712.000000
-2042.020000 146993.000000
-4572.310000 147062.000000
-11651.100000 169715.000000
-6622.820000 169691.000000
-2743.330000 169608.000000
2616.700000 168083.000000
4679.450000 170250.000000
6501.750000 174576.000000
5261.650000 175680.000000
4839.750000 176212.000000
4975.560000 176673.000000
5306.180000 174936.000000
4908.770000 173271.000000
9388.270000 168148.000000
10956.800000 162831.000000
10475.900000 151877.000000
10268.800000 145773.000000
7447.970000 136720.000000
5526.590000 132227.000000
8108.090000 126724.000000
11661.400000 117714.000000
11914.100000 115153.000000
13986.900000 104478.000000
18912.800000 97428.900000
20944.300000 94728.300000
21000.000000 94723.800000
20998.900000 94721.600000
20936.600000 94699.400000
21056.800000 94650.400000
25148.900000 94218.500000
30320.800000 93488.200000
30606.900000 88681.400000
30690.400000 87766.400000
30692.600000 87753.000000
30689.300000 87753.000000
30693.700000 87753.000000
30703.700000 87766.400000
30692.600000 87757.500000
30687.000000 87755.200000
30679.200000 87750.800000
30694.800000 87748.600000
30689.300000 87755.200000
30694.800000 87755.200000
30698.200000 87759.700000
30697.000000 87757.500000
30693.700000 87761.900000
30687.000000 87753.000000
30692.600000 87750.800000
30692.600000 87744.100000
30691.500000 87748.600000
30685.900000 87750.800000
30691.500000 87746.300000
30693.700000 87753.000000
30703.700000 87746.300000
30700.400000 87753.000000
30698.200000 87757.500000
30694.800000 87764.100000
30698.200000 87764.100000
30701.500000 87753.000000
30697.000000 87748.600000
30703.700000 87746.300000
30680.300000 87755.200000
30673.700000 87744.100000
30698.200000 87759.700000
30689.300000 87753.000000
30683.700000 87753.000000
30699.300000 87766.400000
30685.900000 87753.000000
30679.200000 87739.700000
30690.400000 87753.000000
30687.000000 87737.400000
30682.600000 87724.100000
30684.800000 87739.700000
30691.500000 87744.100000
30683.700000 87746.300000
30678.100000 87739.700000
30681.500000 87753.000000
30687.000000 87750.800000
30692.600000 87744.100000
30705.900000 87753.000000
30700.400000 87770.800000
30691.500000 87768.600000
30698.200000 87764.100000
30691.500000 87759.700000
30697.000000 87753.000000
30692.600000 87755.200000
30699.300000 87753.000000
30690.400000 87748.600000
30689.300000 87753.000000
30703.700000 87748.600000
30695.900000 87753.000000
30694.800000 87757.500000
30695.900000 87750.800000
30698.200000 87748.600000
30694.800000 87737.400000
30689.300000 87737.400000
30692.600000 87741.900000
30695.900000 87757.500000
30690.400000 87753.000000
30690.400000 87748.600000
30695.900000 87757.500000
30687.000000 87748.600000
30694.800000 87744.100000
30697.000000 87750.800000
30691.500000 87737.400000
30694.800000 87744.100000
30698.200000 87746.300000
30694.800000 87744.100000
30695.900000 87753.000000
30689.300000 87741.900000
30674.800000 87737.400000
30688.100000 87753.000000
30684.800000 87755.200000
30701.500000 87759.700000
30699.300000 87757.500000
30702.600000 87779.700000
30694.800000 87750.800000
30693.700000 87755.200000
30689.300000 87730.800000
30817.300000 87810.900000
30809.500000 87842.100000
30809.500000 87817.600000
30805.000000 87806.400000
30447.700000 91065.900000
30036.900000 94158.300000
24548.900000 94176.100000
22546.200000 94211.800000
21313.900000 94107.100000
21061.200000 94668.200000
21065.700000 94699.400000
19620.800000 96723.100000
15263.700000 102298.000000
10450.300000 119579.000000
9495.130000 122031.000000
6892.480000 129707.000000
6487.280000 130268.000000
6492.850000 130284.000000
6496.190000 130266.000000
6496.190000 130273.000000
6497.300000 130286.000000
6495.070000 130268.000000
6490.620000 130270.000000
6492.850000 130270.000000
6499.530000 130277.000000
6500.640000 130270.000000
6498.410000 130277.000000
6512.880000 130279.000000
6497.300000 130282.000000
6174.470000 130956.000000
3633.050000 133942.000000
2624.500000 132575.000000
2605.570000 132544.000000
2601.120000 132512.000000
2603.340000 132510.000000
2421.890000 132270.000000
1573.640000 132844.000000
-297.642000 133530.000000
-1002.290000 134632.000000
-4401.990000 134759.000000
-5196.810000 134785.000000
-5181.230000 134454.000000
-4771.570000 134460.000000
-3206.420000 134763.000000
-3011.610000 134636.000000
-3318.850000 134596.000000
-3679.530000 133839.000000
-3040.550000 133626.000000
-2930.350000 133882.000000
-4396.430000 134714.000000
-5362.680000 137747.000000
-5374.920000 138835.000000
-5384.940000 138711.000000
-9747.550000 139419.000000
-12622.900000 139445.000000
-14797.000000 139882.000000
-15649.700000 143130.000000
-15598.500000 146027.000000
-15582.900000 151123.000000
-15574.000000 154302.000000
-15577.400000 156958.000000
-15930.200000 158220.000000
-19447.900000 158220.000000
-19520.300000 157519.000000
-17252.700000 156197.000000
-15309.100000 155308.000000
-14525.400000 155195.000000
-11984.000000 155037.000000
-11172.400000 155246.000000
-10448.900000 154712.000000
-10398.800000 154086.000000
-10407.700000 152007.000000
-10413.200000 150406.000000
-10513.400000 146637.000000
-11921.600000 146153.000000
-12315.700000 146136.000000
-12310.100000 146198.000000
-12294.500000 146202.000000
-12648.500000 146305.000000
-11238.100000 145695.000000
-9965.740000 144495.000000
-6737.470000 143635.000000
-4433.160000 143600.000000
-2275.790000 143468.000000
-977.804000 145350.000000
-23.795600 145361.000000
1316.490000 144250.000000
1351.000000 143707.000000
579.556000 143753.000000
16.279400 144043.000000
-616.015000 144700.000000
-619.355000 145223.000000
178.806000 145336.000000
1407.770000 144740.000000
2267.160000 144517.000000
3039.720000 142415.000000
3650.860000 141928.000000
3650.860000 141934.000000
3651.970000 141921.000000
3641.960000 141930.000000
3660.880000 141919.000000
3649.750000 141919.000000
3648.630000 141928.000000
3643.070000 141928.000000
3643.070000 141930.000000
3653.090000 141926.000000
3651.970000 141939.000000
3640.840000 141932.000000
3640.840000 141928.000000
3647.520000 141926.000000
3640.840000 141939.000000
3643.070000 141954.000000
3640.840000 141939.000000
3636.390000 141943.000000
3636.390000 141948.000000
3640.840000 141948.000000
3640.840000 141932.000000
3641.960000 141948.000000
3638.620000 141954.000000
3646.410000 141928.000000
3640.840000 141932.000000
3641.960000 141921.000000
3644.180000 141941.000000
3364.770000 142184.000000
2412.990000 142805.000000
1691.640000 144737.000000
1309.810000 143782.000000
71.939200 143862.000000
12.939800 145060.000000
-1438.670000 145352.000000
-1897.300000 145314.000000
-1743.680000 149920.000000
-1726.980000 151597.000000
-2167.810000 153411.000000
-2558.540000 153124.000000
-2249.070000 152746.000000
-1722.530000 150025.000000
-1741.460000 147514.000000
-1654.630000 147198.000000
-1532.170000 147282.000000
-1075.760000 149028.000000
-1761.490000 150274.000000
-1742.570000 151181.000000
-2283.580000 152623.000000
-3411.250000 152686.000000
-4780.480000 152706.000000
-5151.170000 152744.000000
-6412.420000 152837.000000
-7107.050000 152888.000000
-8327.120000 152906.000000
-9293.370000 152866.000000
-10137.200000 152626.000000
-10086.000000 152004.000000
-9990.230000 151434.000000
-10424.400000 151960.000000
-10454.400000 152579.000000
-10429.900000 154563.000000
-12078.600000 156789.000000
-13404.400000 156722.000000
-14134.700000 156784.000000
-14768.100000 157192.000000
-15391.500000 157301.000000
-15535.100000 155820.000000
-14591.100000 155230.000000
-13349.900000 155208.000000
-12063.000000 155079.000000
-11623.300000 155066.000000
-10047.000000 154781.000000
-9744.210000 154756.000000
-9664.060000 156735.000000
-9660.720000 156735.000000
-9661.840000 157666.000000
-9626.210000 158804.000000
-9603.950000 159984.000000
-9184.280000 159547.000000
-8516.360000 159300.000000
-8431.760000 158140.000000
-8437.320000 157524.000000
-8437.320000 157343.000000
-8448.450000 157096.000000
-8452.910000 155763.000000
-8399.470000 155235.000000
-8449.570000 154899.000000
-8457.360000 154894.000000
-8439.550000 154681.000000
-9027.320000 154612.000000
-9317.860000 154578.000000
-10264.100000 154289.000000
-10384.300000 152445.000000
-10387.600000 151508.000000
-10785.100000 149905.000000
-10802.900000 149551.000000
-10828.500000 148237.000000
-11666.700000 148220.000000
-11821.400000 147779.000000
-11820.300000 147538.000000
-13333.200000 147273.000000
-14140.200000 147269.000000
-15486.100000 147282.000000
-16476.800000 147095.000000
-15705.400000 147300.000000
-15054.200000 147293.000000
-14273.800000 147300.000000
-14269.400000 147313.000000
-13422.200000 147296.000000
-12669.700000 147307.000000
-11563.200000 148237.000000
-10955.400000 148231.000000
-10818.400000 149130.000000
-10819.600000 149164.000000
-10112.700000 149253.000000
-9627.330000 149219.000000
-9536.050000 150522.000000
-9480.390000 151399.000000
-8529.720000 151552.000000
-8490.760000 151866.000000
-8511.910000 151877.000000
-8816.920000 152189.000000
-8773.510000 152396.000000
-8500.770000 153086.000000
-8492.980000 153770.000000
-8478.510000 153908.000000
-8485.190000 154073.000000
-8452.910000 155159.000000
-8460.700000 156664.000000
-8464.040000 157201.000000
-8455.130000 158189.000000
-8472.940000 158935.000000
-8163.480000 158949.000000
-7969.780000 158928.000000
-7619.120000 158421.000000
-7262.900000 157918.000000
-7268.470000 157443.000000
-7279.600000 157172.000000
-7282.940000 157158.000000
-7301.860000 156226.000000
-7364.200000 153921.000000
-7475.520000 153267.000000
-7502.240000 152924.000000
-7622.460000 151381.000000
-7614.670000 149589.000000
-7808.370000 148605.000000
-7839.540000 147402.000000
-7820.610000 147340.000000
-7837.310000 146701.000000
-7872.930000 146007.000000
-7664.770000 146630.000000
-14266.000000 139501.000000
-7196.110000 146452.000000
-7366.430000 145477.000000
-7467.730000 145370.000000
-7850.670000 144488.000000
-7723.760000 144397.000000
-7751.590000 144410.000000
-7767.180000 143825.000000
-6198.690000 145481.000000
-6045.070000 145779.000000
-6023.920000 146708.000000
-6015.010000 146950.000000
-4945.230000 147714.000000
-4909.610000 148932.000000
-4895.140000 149491.000000
-4860.630000 150346.000000
-4463.220000 151094.000000
-3619.420000 152390.000000
-3561.530000 153723.000000
-3563.760000 154151.000000
-3522.570000 155101.000000
-3469.130000 157245.000000
-3301.040000 157960.000000
-2967.080000 160912.000000
-1372.990000 161093.000000
-686.147000 161756.000000
-815.277000 162159.000000
-2568.560000 162114.000000
-3187.500000 161344.000000
-3252.060000 159209.000000
-3204.190000 160349.000000
-2884.710000 158098.000000
-1811.590000 158029.000000
552.839000 157911.000000
629.650000 157969.000000
724.271000 157913.000000
674.178000 157461.000000
609.612000 156851.000000
611.839000 156847.000000
612.952000 156829.000000
605.160000 156845.000000
611.839000 156838.000000
618.518000 156072.000000
-1516.590000 155867.000000
-2932.570000 155921.000000
-3584.910000 155219.000000
-4240.580000 155934.000000
-7248.430000 156845.000000
-8405.040000 156889.000000
-8456.250000 158537.000000
-8465.150000 161524.000000
-9075.180000 161885.000000
-8961.640000 161251.000000
-8430.640000 160144.000000
-8423.960000 157158.000000
-8423.960000 155631.000000
-8155.680000 154923.000000
-8450.680000 156183.000000
-8449.570000 156299.000000
-8456.250000 156564.000000
-8470.720000 160500.000000
-8481.850000 160912.000000
-8491.870000 162090.000000
-9079.640000 162195.000000
-9546.060000 161865.000000
-8609.870000 161206.000000
-8430.640000 158416.000000
-8391.680000 155157.000000
-8425.080000 155658.000000
-8452.910000 156237.000000
-8808.020000 156889.000000
-9458.120000 156869.000000
-10110.500000 157054.000000
-10069.300000 157092.000000
-9705.250000 156927.000000
-8421.740000 156778.000000
-8192.420000 154565.000000
-7398.710000 154516.000000
-6188.670000 155604.000000
-6131.900000 156584.000000
-5731.150000 158784.000000
-5664.350000 161778.000000
-5157.850000 164120.000000
-3063.930000 163976.000000
-1018.990000 164753.000000
-460.168000 166111.000000
-357.754000 169344.000000
324.634000 171240.000000
2385.160000 174696.000000
3295.750000 176417.000000
3605.220000 177817.000000
3479.430000 177980.000000
3358.090000 176679.000000
2492.020000 174874.000000
376.955000 171283.000000
-355.528000 169001.000000
-1020.110000 164742.000000
-1258.330000 161970.000000
-845.333000 161086.000000
54.128100 161919.000000
-569.261000 161253.000000
-553.676000 159906.000000
-1064.630000 157956.000000
-1145.900000 156270.000000
-2522.920000 155604.000000
-2679.880000 154347.000000
-3210.870000 154013.000000
-2761.140000 153438.000000
-2538.500000 153474.000000
-2535.160000 153467.000000
-2511.790000 153467.000000
-2503.990000 153487.000000
-2510.670000 153469.000000
-2500.650000 153463.000000
-2495.090000 153443.000000
-2493.980000 153440.000000
-2481.730000 153449.000000
-1747.020000 153396.000000
-1418.630000 153803.000000
-1662.420000 151666.000000
-1833.850000 145029.000000
-3308.830000 143493.000000
-3303.270000 137842.000000
-3660.600000 136540.000000
-3773.040000 133470.000000
-3747.430000 131942.000000
-3852.070000 127516.000000
-4227.220000 124057.000000
-4365.260000 119951.000000
-4300.690000 118157.000000
-4474.350000 116251.000000
-4100.320000 115683.000000
-3848.730000 117139.000000
-2987.120000 117197.000000
-1661.310000 115823.000000
-718.429000 114383.000000
599.594000 111164.000000
921.307000 110311.000000
434.841000 111595.000000
215.541000 112453.000000
1062.680000 113935.000000
2832.660000 112459.000000
6173.360000 111017.000000
8739.270000 110393.000000
11783.900000 109540.000000
12597.600000 107583.000000
15258.100000 102336.000000
17354.300000 98876.100000
20888.700000 95264.900000
20963.300000 94690.400000
20945.500000 94697.100000
20956.600000 94703.800000
20945.500000 94699.400000
21762.500000 94173.900000
25393.800000 94189.500000
27892.900000 94363.200000
30435.400000 91370.900000
30849.600000 87750.800000
30300.700000 86853.600000
30303.000000 86826.800000
30300.700000 86849.100000
30299.600000 86851.300000
30298.500000 86840.200000
30300.700000 86853.600000
30301.900000 86878.000000
30300.700000 86873.600000
30301.900000 86875.800000
30304.100000 86878.000000
30305.200000 86864.700000
30306.300000 86875.800000
30300.700000 86873.600000
30305.200000 86871.400000
30303.000000 86873.600000
30306.300000 86871.400000
30308.500000 86864.700000
30300.700000 86869.100000
30306.300000 86880.300000
30309.700000 86871.400000
30310.800000 86878.000000
30311.900000 86873.600000
30308.500000 86871.400000
30297.400000 86895.900000
30307.400000 86873.600000
30305.200000 86878.000000
30306.300000 86875.800000
30301.900000 86862.500000
30309.700000 86866.900000
30300.700000 86864.700000
30301.900000 86882.500000
30298.500000 86873.600000
30294.100000 86880.300000
30306.300000 86869.100000
30299.600000 86880.300000
30305.200000 86862.500000
30306.300000 86875.800000
30316.300000 86858.000000
30311.900000 86864.700000
30316.300000 86860.200000
30309.700000 86875.800000
30323.000000 86860.200000
30306.300000 86871.400000
30306.300000 86878.000000
30308.500000 86866.900000
30309.700000 86869.100000
30306.300000 86886.900000
30304.100000 86875.800000
30301.900000 86878.000000
30297.400000 86880.300000
30303.000000 86864.700000
30305.200000 86884.700000
30298.500000 86862.500000
30307.400000 86866.900000
30309.700000 86866.900000
30299.600000 86873.600000
30300.700000 86873.600000
30304.100000 86880.300000
30300.700000 86880.300000
30306.300000 86875.800000
30305.200000 86873.600000
30303.000000 86864.700000
30298.500000 86873.600000
30301.900000 86842.400000
30303.000000 86869.100000
30303.000000 86875.800000
30299.600000 86875.800000
30304.100000 86864.700000
30300.700000 86864.700000
30308.500000 86878.000000
30311.900000 86878.000000
30308.500000 86880.300000
30299.600000 86866.900000
30303.000000 86860.200000
30301.900000 86862.500000
30306.300000 86871.400000
30300.700000 86851.300000
30301.900000 86846.900000
30305.200000 86855.800000
30303.000000 86846.900000
30301.900000 86858.000000
30303.000000 86871.400000
30304.100000 86866.900000
30305.200000 86866.900000
30306.300000 86866.900000
30308.500000 86882.500000
30306.300000 86871.400000
30305.200000 86871.400000
30300.700000 86873.600000
30304.100000 86880.300000
30299.600000 86884.700000
30305.200000 86866.900000
30301.900000 86866.900000
30293.000000 86862.500000
30305.200000 86871.400000
30307.400000 86880.300000
30304.100000 86866.900000
30300.700000 86855.800000
30298.500000 86855.800000
30303.000000 86869.100000
30307.400000 86864.700000
30310.800000 86871.400000
30303.000000 86866.900000
30301.900000 86869.100000
30305.200000 86871.400000
30303.000000 86864.700000
30306.300000 86869.100000
30305.200000 86862.500000
30303.000000 86869.100000
30305.200000 86869.100000
30297.400000 86864.700000
30314.100000 86851.300000
30296.300000 86858.000000
30295.200000 86864.700000
30301.900000 86875.800000
30301.900000 86866.900000
30289.600000 86866.900000
30304.100000 86882.500000
30304.100000 86871.400000
30303.000000 86869.100000
30301.900000 86871.400000
30300.700000 86878.000000
30306.300000 86878.000000
30299.600000 86862.500000
30300.700000 86878.000000
30306.300000 86878.000000
30300.700000 86869.100000
30294.100000 86853.600000
30303.000000 86898.100000
30386.500000 87468.000000
30613.600000 88605.700000
28386.100000 90464.800000
27472.100000 92911.600000
24071.300000 94198.400000
23199.700000 94222.900000
21205.900000 94145.000000
19297.900000 97025.900000
16579.500000 100076.000000
14575.800000 103460.000000
12618.800000 107412.000000
12418.400000 108904.000000
12000.900000 113837.000000
11697.000000 117493.000000
10125.200000 120025.000000
9374.910000 122485.000000
9329.270000 122676.000000
9325.930000 122656.000000
9320.360000 122663.000000
9335.950000 122649.000000
8169.320000 126494.000000
7736.290000 127788.000000
6008.610000 131232.000000
5046.810000 131079.000000
3835.650000 131038.000000
3148.810000 131392.000000
3200.020000 132134.000000
3155.490000 132172.000000
3142.130000 132207.000000
2867.170000 132722.000000
3050.850000 134808.000000
2925.060000 136306.000000
2131.350000 135349.000000
1422.240000 133784.000000
1175.120000 132018.000000
1153.960000 132036.000000
1425.580000 131557.000000
1928.750000 131123.000000
2371.800000 130313.000000
1851.940000 131145.000000
-14319.400000 135496.000000
-13001.400000 135293.000000
-13031.500000 134347.000000
-13038.200000 134572.000000
-13215.200000 135300.000000
-13569.200000 136440.000000
-13551.300000 136431.000000
-13578.100000 136480.000000
-13018.100000 136469.000000
-12641.900000 133821.000000
-12512.700000 133824.000000
-8657.740000 139392.000000
-7584.620000 139350.000000
-6168.630000 141567.000000
-6180.880000 141572.000000
-7000.190000 142674.000000
-7378.670000 140541.000000
-9303.390000 130885.000000
-11671.200000 124707.000000
-12310.100000 123041.000000
-15252.300000 115714.000000
-13603.700000 119773.000000
-12476.000000 122808.000000
-12284.500000 123300.000000
-10018.100000 129095.000000
-8301.510000 131121.000000
-8497.440000 127318.000000
-9253.290000 127198.000000
-9421.390000 128322.000000
-9900.060000 128340.000000
-9903.400000 128313.000000
-9905.630000 128327.000000
-9906.740000 128325.000000
-9903.400000 128289.000000
-9910.080000 128296.000000
-9902.290000 128304.000000
-9898.950000 128322.000000
-9905.630000 128313.000000
-9904.510000 128340.000000
-9906.740000 128329.000000
-9910.080000 128325.000000
-8940.490000 129021.000000
-8767.940000 129271.000000
-8723.410000 129273.000000
-8717.850000 129291.000000
-8724.530000 129273.000000
-8498.550000 128316.000000
-5260.260000 130132.000000
-4760.440000 133599.000000
-5212.400000 133764.000000
-5234.660000 133715.000000
-5091.060000 134498.000000
-7791.670000 134970.000000
-7778.310000 138973.000000
-7924.140000 139232.000000
-11159.100000 139421.000000
-12841.100000 141062.000000
-12811.100000 141787.000000
-10923.100000 145481.000000
-9444.760000 144223.000000
-8521.930000 143687.000000
-4770.460000 143593.000000
-175.190000 142854.000000
517.217000 143849.000000
1340.980000 143529.000000
1892.010000 143183.000000
2002.220000 142433.000000
4427.870000 138446.000000
6204.530000 137951.000000
6076.510000 138312.000000
6063.150000 138310.000000
5996.360000 138508.000000
5228.260000 138468.000000
3651.970000 138706.000000
3536.200000 139347.000000
3508.370000 139459.000000
3388.150000 138568.000000
3367.000000 137001.000000
2510.950000 135821.000000
2804.830000 135211.000000
3420.430000 134674.000000
3520.620000 134721.000000
3365.880000 134516.000000
2505.380000 133485.000000
2184.780000 133944.000000
1433.380000 133924.000000
1398.870000 132964.000000
1414.450000 132439.000000
1428.920000 132098.000000
1436.720000 132049.000000
1417.790000 132060.000000
1966.600000 131274.000000
1938.770000 129743.000000
2485.350000 129703.000000
3122.090000 130195.000000
2744.720000 132942.000000
2197.030000 133904.000000
2022.260000 133461.000000
1971.050000 131272.000000
1407.770000 129558.000000
1407.770000 129614.000000
1886.450000 127835.000000
1897.580000 129505.000000
2461.970000 129696.000000
3167.730000 131470.000000
3183.320000 131477.000000
3141.020000 131477.000000
3122.090000 131461.000000
3152.150000 131459.000000
3152.150000 131448.000000
3123.210000 129954.000000
2305.010000 129651.000000
2057.880000 129705.000000
3090.920000 129714.000000
3136.560000 131455.000000
3131.000000 131444.000000
3165.510000 131399.000000
3372.560000 133592.000000
4042.710000 134447.000000
4128.420000 134590.000000
4437.890000 134445.000000
2663.460000 139345.000000
3993.720000 141267.000000
3010.770000 142404.000000
2353.990000 142892.000000
2520.970000 146643.000000
2478.670000 146877.000000
2357.330000 147712.000000
1942.110000 147915.000000
1885.330000 147487.000000
1886.450000 147418.000000
1499.060000 146919.000000
1295.340000 145143.000000
1231.890000 142600.000000
1156.190000 142253.000000
1893.130000 140879.000000
2988.510000 139793.000000
4248.650000 141523.000000
4521.380000 141567.000000
4522.490000 140387.000000
4445.680000 139733.000000
4634.930000 140225.000000
4650.510000 140198.000000
4315.440000 141442.000000
3596.310000 141681.000000
3623.030000 141863.000000
3638.620000 141859.000000
3628.600000 141854.000000
3633.050000 141848.000000
3631.940000 141843.000000
3616.350000 141861.000000
3630.820000 141854.000000
3621.920000 141863.000000
3630.820000 141852.000000
3641.960000 141854.000000
3641.960000 141865.000000
3639.730000 141839.000000
3628.600000 141848.000000
3631.940000 141852.000000
3637.500000 141836.000000
3602.990000 141839.000000
3616.350000 141841.000000
3016.340000 142398.000000
1762.880000 141169.000000
1787.370000 141224.000000
1785.150000 141189.000000
1761.770000 141215.000000
1785.150000 141220.000000
1797.390000 141180.000000
1767.340000 141193.000000
1742.840000 141220.000000
1729.490000 141233.000000
1776.240000 141244.000000
2655.660000 139485.000000
3123.210000 138911.000000
3117.640000 138895.000000
3287.960000 138508.000000
2849.360000 139169.000000
1869.750000 141198.000000
2041.180000 141636.000000
2044.520000 141647.000000
2028.940000 141692.000000
2002.220000 141587.000000
2425.230000 139779.000000
3292.410000 137479.000000
3559.580000 137889.000000
3490.560000 139543.000000
3492.790000 139530.000000
3511.710000 139503.000000
3487.220000 139550.000000
3478.320000 139577.000000
3473.860000 139572.000000
3478.320000 139570.000000
3470.520000 139581.000000
3477.200000 139554.000000
2813.740000 139425.000000
1766.220000 141151.000000
1780.690000 141182.000000
1784.030000 141206.000000
1801.840000 141173.000000
1787.370000 141198.000000
1800.730000 141191.000000
1802.960000 141191.000000
1819.660000 141160.000000
1825.220000 141155.000000
1785.150000 141224.000000
1794.050000 141229.000000
1789.600000 141231.000000
1787.370000 141242.000000
1785.150000 141231.000000
1796.280000 141226.000000
1808.520000 141271.000000
1808.520000 141202.000000
1804.070000 141222.000000
1796.280000 141209.000000
1790.710000 141313.000000
1807.410000 141260.000000
1815.200000 141251.000000
1794.050000 141311.000000
1782.920000 141244.000000
1796.280000 141240.000000
1800.730000 141175.000000
1640.430000 141371.000000
-962.219000 139746.000000
-1731.440000 137747.000000
296.805000 130771.000000
-170.737000 128142.000000
-3602.720000 127120.000000
-4089.180000 120396.000000
-2827.930000 118039.000000
-2251.300000 116794.000000
-1152.580000 115369.000000
-1222.710000 115204.000000
238.918000 112960.000000
1581.430000 113739.000000
4588.170000 111137.000000
7086.180000 110899.000000
11640.300000 117596.000000
12646.600000 118183.000000
14640.300000 118564.000000
16095.300000 121191.000000
16608.400000 122044.000000
15833.700000 121714.000000
15614.400000 119477.000000
14437.700000 118517.000000
13195.400000 116672.000000
13548.300000 116271.000000
13583.900000 116275.000000
13251.100000 116344.000000
13155.300000 112555.000000
13047.300000 109970.000000
13294.500000 105822.000000
15071.100000 102643.000000
17563.600000 98744.700000
19739.900000 96623.000000
21040.100000 94677.100000
21004.500000 94721.600000
26895.500000 94381.000000
29364.500000 94256.300000
30441.000000 91419.900000
30709.300000 88055.800000
30688.100000 87755.200000
30692.600000 87755.200000
30693.700000 87755.200000
30690.400000 87757.500000
30692.600000 87753.000000
30689.300000 87744.100000
30694.800000 87766.400000
30698.200000 87759.700000
30690.400000 87750.800000
30690.400000 87753.000000
30693.700000 87757.500000
30698.200000 87753.000000
30695.900000 87759.700000
30693.700000 87744.100000
30694.800000 87755.200000
30693.700000 87755.200000
30695.900000 87750.800000
30695.900000 87739.700000
30694.800000 87741.900000
30693.700000 87746.300000
30694.800000 87726.300000
30694.800000 87739.700000
30697.000000 87748.600000
30692.600000 87746.300000
30697.000000 87739.700000
30695.900000 87746.300000
30697.000000 87744.100000
30695.900000 87746.300000
30698.200000 87755.200000
30690.400000 87759.700000
30694.800000 87757.500000
30699.300000 87750.800000
30694.800000 87744.100000
30693.700000 87757.500000
30695.900000 87744.100000
30700.400000 87750.800000
30691.500000 87753.000000
30693.700000 87741.900000
30688.100000 87744.100000
30677.000000 87735.200000
30692.600000 87750.800000
30694.800000 87741.900000
30690.400000 87741.900000
30691.500000 87744.100000
30694.800000 87733.000000
30697.000000 87746.300000
30694.800000 87741.900000
30690.400000 87748.600000
30693.700000 87766.400000
30685.900000 87757.500000
30703.700000 87748.600000
30695.900000 87766.400000
30684.800000 87750.800000
30701.500000 87753.000000
30701.500000 87757.500000
30701.500000 87761.900000
30687.000000 87741.900000
30679.200000 87755.200000
30693.700000 87750.800000
30683.700000 87755.200000
30677.000000 87750.800000
30661.400000 87755.200000
30685.900000 87746.300000
30695.900000 87753.000000
30689.300000 87755.200000
30705.900000 87750.800000
30695.900000 87746.300000
30689.300000 87748.600000
30689.300000 87741.900000
30698.200000 87761.900000
30683.700000 87741.900000
30681.500000 87744.100000
30679.200000 87741.900000
30684.800000 87733.000000
30690.400000 87746.300000
30684.800000 87750.800000
30685.900000 87755.200000
30699.300000 87761.900000
30689.300000 87757.500000
30695.900000 87753.000000
30695.900000 87748.600000
30697.000000 87755.200000
30701.500000 87750.800000
30699.300000 87753.000000
30688.100000 87750.800000
30688.100000 87748.600000
30697.000000 87755.200000
30693.700000 87757.500000
30687.000000 87746.300000
30694.800000 87755.200000
30695.900000 87750.800000
30698.200000 87750.800000
30702.600000 87739.700000
30702.600000 87755.200000
30695.900000 87759.700000
30695.900000 87757.500000
30700.400000 87755.200000
30685.900000 87755.200000
30683.700000 87750.800000
30698.200000 87750.800000
30693.700000 87739.700000
30694.800000 87741.900000
30697.000000 87750.800000
30691.500000 87753.000000
30692.600000 87744.100000
30697.000000 87744.100000
30692.600000 87750.800000
30695.900000 87757.500000
30680.300000 87730.800000
30681.500000 87737.400000
30694.800000 87764.100000
30695.900000 87764.100000
30689.300000 87755.200000
30693.700000 87748.600000
30688.100000 87753.000000
30693.700000 87761.900000
30699.300000 87755.200000
30694.800000 87753.000000
30691.500000 87750.800000
30689.300000 87753.000000
30692.600000 87761.900000
30697.000000 87766.400000
30693.700000 87750.800000
30692.600000 87755.200000
30699.300000 87746.300000
30699.300000 87766.400000
30694.800000 87755.200000
30682.600000 87753.000000
30692.600000 87753.000000
30691.500000 87750.800000
30690.400000 87753.000000
30691.500000 87755.200000
30692.600000 87759.700000
30690.400000 87746.300000
30811.700000 87802.000000
30817.300000 87786.400000
30816.200000 87815.400000
30589.100000 88699.200000
28725.600000 94271.900000
24975.200000 94196.200000
23682.800000 94218.500000
20927.600000 95122.400000
17617.000000 98675.700000
15713.400000 101537.000000
13175.400000 105689.000000
12509.700000 107931.000000
12104.500000 112657.000000
11835.100000 115921.000000
10793.100000 119256.000000
9081.030000 123736.000000
7263.180000 129046.000000
6630.880000 130186.000000
4778.530000 133630.000000
4265.340000 134529.000000
3308.000000 133441.000000
2633.400000 132581.000000
2638.970000 132586.000000
2638.970000 132633.000000
2606.680000 132581.000000
2627.830000 132586.000000
2676.820000 132688.000000
2679.040000 132659.000000
2625.610000 132568.000000
2602.230000 132535.000000
2603.340000 132541.000000
2573.290000 132495.000000
913.515000 132900.000000
-223.057000 133336.000000
-1942.940000 134645.000000
-4580.100000 134803.000000
-9124.160000 135068.000000
-11727.900000 135200.000000
-13624.800000 135351.000000
-13677.100000 135375.000000
-13652.600000 135972.000000
-13635.900000 136001.000000
-12970.300000 137397.000000
-12974.700000 137609.000000
-12921.300000 139534.000000
-12808.800000 141674.000000
-11223.600000 144617.000000
-10945.400000 145452.000000
-10929.800000 145497.000000
-10861.900000 145906.000000
-10741.600000 146145.000000
-10530.100000 147810.000000
-10431.100000 154349.000000
-8992.810000 154603.000000
-7925.250000 154534.000000
-6679.590000 154447.000000
-6184.220000 155455.000000
-6134.120000 156584.000000
-5969.370000 157550.000000
-6119.650000 158087.000000
-6462.510000 158806.000000
-6547.120000 158808.000000
-6994.620000 158425.000000
-7561.240000 158232.000000
-7793.900000 159233.000000
-8033.230000 159249.000000
-8225.820000 159265.000000
-8374.980000 159276.000000
-9037.330000 159329.000000
-9640.690000 159378.000000
-10742.700000 159654.000000
-10873.000000 160480.000000
-10723.800000 159828.000000
-10738.300000 159507.000000
-9642.910000 159405.000000
-9599.500000 160280.000000
-9586.140000 160868.000000
-9621.760000 160966.000000
-9547.180000 161916.000000
-9549.400000 161536.000000
-9462.580000 160692.000000
-9177.600000 160062.000000
-9177.600000 159630.000000
-9175.370000 159621.000000
-9189.840000 159623.000000
-9175.370000 159634.000000
-9173.140000 159621.000000
-9166.470000 159630.000000
-9187.620000 159645.000000
-9187.620000 159634.000000
-9123.050000 159345.000000
-8432.870000 158105.000000
-8428.420000 157350.000000
-8447.340000 157069.000000
-8422.850000 155765.000000
-8382.780000 155344.000000
-8427.300000 154821.000000
-7031.360000 154518.000000
-6072.900000 154634.000000
-6141.910000 156553.000000
-6839.890000 156818.000000
-7314.110000 154643.000000
-6564.930000 154465.000000
-6198.690000 155440.000000
-6166.410000 156615.000000
-7286.280000 156179.000000
-7323.010000 155119.000000
-6072.900000 154618.000000
-6203.140000 156030.000000
-5121.120000 156210.000000
-3808.660000 156094.000000
-2578.580000 156014.000000
-1446.460000 155967.000000
1119.460000 156048.000000
1287.550000 155527.000000
1306.470000 150470.000000
3461.620000 151076.000000
4263.120000 151049.000000
5378.540000 151018.000000
6293.590000 150967.000000
7780.810000 150767.000000
8472.110000 151662.000000
8859.500000 152554.000000
8807.180000 153547.000000
8738.160000 151225.000000
9106.630000 150731.000000
10444.700000 150177.000000
10448.000000 148244.000000
10433.600000 148237.000000
10434.700000 148246.000000
10438.000000 148251.000000
10443.600000 148251.000000
10439.100000 148246.000000
10439.100000 148237.000000
10432.400000 148240.000000
10443.600000 148248.000000
10433.600000 148248.000000
10439.100000 148235.000000
10435.800000 148244.000000
10435.800000 148251.000000
10433.600000 148240.000000
10435.800000 148248.000000
10439.100000 148260.000000
10432.400000 148240.000000
10434.700000 148240.000000
10436.900000 148242.000000
10423.500000 148988.000000
10508.100000 150553.000000
9166.740000 150695.000000
8817.200000 150673.000000
7825.340000 150729.000000
7065.030000 150858.000000
5824.930000 150913.000000
4787.430000 150994.000000
3381.470000 151000.000000
3175.530000 150976.000000
2164.750000 150793.000000
1943.220000 150132.000000
2997.420000 149431.000000
3823.410000 149408.000000
5797.100000 148607.000000
6040.890000 148206.000000
5771.500000 147578.000000
5769.270000 149014.000000
3908.010000 149386.000000
3305.770000 149404.000000
3107.620000 149667.000000
3080.910000 151163.000000
3066.430000 152485.000000
3001.870000 152639.000000
2259.370000 152670.000000
1402.210000 152525.000000
1289.770000 150586.000000
1283.100000 147612.000000
1322.060000 144933.000000
1861.960000 143166.000000
1635.980000 143255.000000
1476.790000 143426.000000
956.929000 143644.000000
42.996100 144254.000000
8.487060 146220.000000
510.538000 146984.000000
852.289000 147062.000000
1703.880000 147013.000000
2301.670000 146995.000000
3443.810000 147002.000000
4385.570000 147106.000000
4359.970000 150949.000000
4500.230000 151699.000000
4840.870000 151824.000000
4482.420000 151893.000000
3885.740000 151027.000000
2198.140000 150818.000000
1637.090000 150455.000000
840.044000 149978.000000
27.411400 148636.000000
41.882900 147616.000000
51.901700 147331.000000
660.819000 147015.000000
677.517000 146999.000000
925.760000 147046.000000
1130.590000 147020.000000
1809.640000 147022.000000
2478.670000 147020.000000
3607.450000 147020.000000
4213.020000 146995.000000
5765.930000 147222.000000
5769.270000 148865.000000
6385.980000 148807.000000
6527.360000 149295.000000
5905.080000 149357.000000
4787.430000 149373.000000
3279.050000 149384.000000
2809.290000 149371.000000
2188.120000 149297.000000
1444.510000 149306.000000
108.675000 149431.000000
56.354400 149428.000000
0.694696 151399.000000
-18.229600 152367.000000
-26.022000 152568.000000
1221.870000 153398.000000
1206.280000 155745.000000
2041.180000 156012.000000
2307.230000 156043.000000
1520.210000 155954.000000
1346.550000 155938.000000
904.609000 155927.000000
-509.149000 155798.000000
-525.846000 154977.000000
-598.204000 155894.000000
-2509.560000 155872.000000
-2506.220000 155170.000000
-1554.440000 153616.000000
-1706.950000 150617.000000
-2079.870000 146991.000000
-2655.390000 146988.000000
-3671.740000 148375.000000
-3645.020000 149633.000000
-3576.000000 151205.000000
-3646.130000 152267.000000
-3678.410000 152376.000000
-3630.550000 152390.000000
-3748.550000 152728.000000
-2795.650000 152679.000000
-1077.990000 152948.000000
-1226.050000 153193.000000
-1219.370000 153434.000000
-1226.050000 153265.000000
-1261.670000 152608.000000
-4304.030000 152628.000000
-4325.180000 152570.000000
-6325.590000 152837.000000
-7140.450000 152891.000000
-9273.330000 152886.000000
-9691.890000 152737.000000
-9682.990000 155317.000000
-10413.200000 155344.000000
-9798.760000 154716.000000
-9688.550000 154721.000000
-9665.180000 156448.000000
-10411.000000 156840.000000
-10767.200000 156776.000000
-10779.500000 157628.000000
-10560.200000 156882.000000
-9664.060000 156911.000000
-8759.040000 156905.000000
-8643.260000 156918.000000
-8613.210000 156929.000000
-8514.130000 156916.000000
-8415.060000 155763.000000
-8408.380000 155324.000000
-8369.420000 155228.000000
-8413.950000 155014.000000
-8433.980000 154861.000000
-8446.230000 154696.000000
-9214.330000 154603.000000
-9878.910000 154638.000000
-10431.100000 149618.000000
-10529.000000 146165.000000
-10482.300000 144023.000000
-10504.500000 144691.000000
-11286.000000 145630.000000
-10655.900000 145561.000000
-7510.030000 143653.000000
-5078.810000 143615.000000
-3520.340000 143375.000000
-3496.960000 142970.000000
-3594.920000 143088.000000
-3760.790000 143624.000000
-3717.380000 145920.000000
-3688.430000 147356.000000
-3660.600000 148745.000000
-3656.150000 149555.000000
-3609.400000 151285.000000
-3616.080000 152545.000000
-3544.830000 154091.000000
-3539.270000 154658.000000
-3520.340000 155990.000000
-3307.720000 157846.000000
-3210.870000 161302.000000
-3019.400000 162168.000000
-2766.710000 162130.000000
-3071.720000 162117.000000
-3126.270000 163947.000000
-1764.830000 163702.000000
-1119.180000 164701.000000
-1259.440000 164060.000000
-1358.520000 162871.000000
-1657.970000 162898.000000
-1282.820000 164181.000000
-1246.080000 164058.000000
-1272.800000 163795.000000
-1551.100000 163613.000000
-2204.540000 161424.000000
-837.541000 154774.000000
-2491.750000 154367.000000
-2765.590000 153440.000000
-2511.790000 153447.000000
-2522.920000 153425.000000
-2503.990000 153434.000000
-2510.670000 153438.000000
-2514.010000 153443.000000
-2512.900000 153454.000000
-2503.990000 153440.000000
-2506.220000 153445.000000
-2510.670000 153458.000000
-2495.090000 153445.000000
-2492.860000 153447.000000
-2050.920000 153407.000000
-1545.530000 154342.000000
674.178000 155954.000000
1290.890000 153452.000000
2897.230000 152686.000000
4435.660000 150150.000000
4439.000000 146018.000000
5390.780000 142502.000000
5436.430000 141262.000000
4921.020000 140643.000000
4206.350000 141547.000000
3639.730000 141897.000000
3640.840000 141910.000000
3638.620000 141899.000000
3641.960000 141905.000000
3630.820000 141885.000000
3619.690000 141897.000000
3633.050000 141885.000000
3628.600000 141879.000000
3621.920000 141901.000000
3639.730000 141892.000000
3639.730000 141881.000000
3626.370000 141888.000000
-4398.650000 167373.000000
2620.040000 142654.000000
1352.110000 143482.000000
315.729000 143805.000000
205.523000 143266.000000
-406.735000 143350.000000
-1105.820000 143773.000000
-1867.250000 143615.000000
-4617.950000 143504.000000
-4683.630000 142442.000000
-3307.720000 141329.000000
-2778.950000 141311.000000
-887.635000 141233.000000
-209.699000 140830.000000
1168.440000 140173.000000
2392.950000 137965.000000
3596.310000 135774.000000
3709.860000 135578.000000
5167.030000 132835.000000
6314.740000 130756.000000
8066.900000 126842.000000
8857.270000 124504.000000
10111.800000 120102.000000
11628.000000 117843.000000
12039.900000 113552.000000
12253.600000 111014.000000
12844.700000 106668.000000
14153.900000 104213.000000
16706.400000 99898.000000
18587.700000 97740.600000
21213.700000 94343.100000
20941.000000 94714.900000
20957.700000 94697.100000
20951.000000 94697.100000
20947.700000 94699.400000
21525.400000 94160.600000
24842.800000 94211.800000
27298.500000 94398.800000
30331.900000 93339.000000
30546.800000 89449.500000
30383.100000 87102.900000
30313.000000 86869.100000
30296.300000 86886.900000
30314.100000 86860.200000
30306.300000 86878.000000
30310.800000 86878.000000
30306.300000 86878.000000
30304.100000 86878.000000
30297.400000 86864.700000
30303.000000 86875.800000
30297.400000 86891.400000
30303.000000 86880.300000
30304.100000 86878.000000
30305.200000 86889.200000
30306.300000 86873.600000
30304.100000 86869.100000
30299.600000 86880.300000
30303.000000 86878.000000
30304.100000 86871.400000
30306.300000 86869.100000
30301.900000 86886.900000
30310.800000 86884.700000
30304.100000 86871.400000
30308.500000 86869.100000
30301.900000 86871.400000
30300.700000 86884.700000
30304.100000 86878.000000
30307.400000 86866.900000
30304.100000 86873.600000
30305.200000 86884.700000
30304.100000 86869.100000
30307.400000 86871.400000
30304.100000 86875.800000
30299.600000 86873.600000
30306.300000 86869.100000
30303.000000 86878.000000
30307.400000 86869.100000
30305.200000 86869.100000
30301.900000 86875.800000
30305.200000 86869.100000
30304.100000 86871.400000
30307.400000 86875.800000
30304.100000 86880.300000
30305.200000 86880.300000
30306.300000 86878.000000
30306.300000 86855.800000
30307.400000 86893.600000
30306.300000 86871.400000
30307.400000 86878.000000
30305.200000 86873.600000
30295.200000 86873.600000
30298.500000 86869.100000
30307.400000 86875.800000
30308.500000 86875.800000
30307.400000 86878.000000
30315.200000 86862.500000
30320.800000 86853.600000
30307.400000 86866.900000
30307.400000 86871.400000
30305.200000 86862.500000
30304.100000 86849.100000
30300.700000 86891.400000
30305.200000 86880.300000
30297.400000 86902.500000
30297.400000 86880.300000
30300.700000 86880.300000
30303.000000 86873.600000
30301.900000 86886.900000
30296.300000 86873.600000
30305.200000 86871.400000
30303.000000 86880.300000
30298.500000 86900.300000
30307.400000 86878.000000
30303.000000 86884.700000
30300.700000 86878.000000
30304.100000 86873.600000
30304.100000 86875.800000
30301.900000 86875.800000
30299.600000 86858.000000
30298.500000 86875.800000
30297.400000 86869.100000
30305.200000 86878.000000
30306.300000 86875.800000
30299.600000 86858.000000
30307.400000 86884.700000
30305.200000 86900.300000
30301.900000 86882.500000
30303.000000 86882.500000
30306.300000 86891.400000
30304.100000 86866.900000
30301.900000 86866.900000
30307.400000 86860.200000
30303.000000 86900.300000
30298.500000 86846.900000
30295.200000 86871.400000
30305.200000 86880.300000
30298.500000 86862.500000
30303.000000 86855.800000
30306.300000 86878.000000
30300.700000 86873.600000
30304.100000 86875.800000
30304.100000 86884.700000
30304.100000 86871.400000
30299.600000 86858.000000
30299.600000 86864.700000
30300.700000 86862.500000
30301.900000 86880.300000
30301.900000 86853.600000
30300.700000 86864.700000
30301.900000 86873.600000
30305.200000 86869.100000
30299.600000 86866.900000
30301.900000 86858.000000
30305.200000 86871.400000
30299.600000 86860.200000
30301.900000 86871.400000
30303.000000 86862.500000
30303.000000 86864.700000
30301.900000 86862.500000
30300.700000 86866.900000
30308.500000 86875.800000
30300.700000 86860.200000
30304.100000 86862.500000
30304.100000 86875.800000
30299.600000 86869.100000
30307.400000 86900.300000
30305.200000 86866.900000
30306.300000 86864.700000
30304.100000 86866.900000
30297.400000 86866.900000
30300.700000 86866.900000
30298.500000 86866.900000
30294.100000 86864.700000
30309.700000 86875.800000
30308.500000 86862.500000
30301.900000 86875.800000
30298.500000 86869.100000
30376.400000 87316.600000
30815.000000 87875.500000
29147.500000 90157.500000
29135.200000 90179.800000
29139.700000 90175.300000
29145.300000 90177.600000
29038.400000 90253.300000
25536.300000 94191.700000
24266.100000 94216.200000
21290.500000 94098.200000
19974.800000 96375.800000
17765.100000 98508.700000
16988.000000 100054.000000
19934.700000 101200.000000
21468.700000 101599.000000
21513.200000 101419.000000
21462.000000 101379.000000
21144.700000 101971.000000
21301.700000 104175.000000
18839.300000 105994.000000
16994.700000 105938.000000
14116.000000 105985.000000
13375.700000 107450.000000
13372.400000 110197.000000
13154.200000 112896.000000
13516.000000 116291.000000
13649.600000 116124.000000
13636.200000 116131.000000
13639.600000 116126.000000
13640.700000 116128.000000
13638.400000 116131.000000
13639.600000 116133.000000
13636.200000 116131.000000
13634.000000 116128.000000
13635.100000 116122.000000
13374.600000 116180.000000
13362.400000 116200.000000
13360.100000 116209.000000
13379.100000 116177.000000
13383.500000 116193.000000
13375.700000 116180.000000
13373.500000 116182.000000
13371.300000 116193.000000
13260.000000 117279.000000
14552.400000 117954.000000
14555.700000 117945.000000
14551.300000 117934.000000
14552.400000 117972.000000
14555.700000 117947.000000
14551.300000 117945.000000
14557.900000 117943.000000
14556.800000 117954.000000
14545.700000 117947.000000
14537.900000 117941.000000
14552.400000 117965.000000
14534.600000 117912.000000
14897.500000 117972.000000
14903.000000 117981.000000
14899.700000 117976.000000
14897.500000 117983.000000
14895.200000 117974.000000
14891.900000 117970.000000
14898.600000 117994.000000
14894.100000 117992.000000
14897.500000 117992.000000
14896.400000 118010.000000
14898.600000 117996.000000
14898.600000 117992.000000
14885.200000 117983.000000
14901.900000 117996.000000
14898.600000 117972.000000
14903.000000 118001.000000
14904.100000 117990.000000
15435.100000 118337.000000
15435.100000 118384.000000
15436.300000 118324.000000
15432.900000 118357.000000
15438.500000 118370.000000
15439.600000 118410.000000
15466.300000 118562.000000
15469.700000 118562.000000
15468.500000 118566.000000
15464.100000 118568.000000
15353.900000 117014.000000
15355.000000 117037.000000
15347.200000 117026.000000
15349.400000 117026.000000
15353.900000 117017.000000
15345.000000 117014.000000
15313.800000 116696.000000
15299.300000 116369.000000
15302.700000 116360.000000
15282.600000 116331.000000
15296.000000 116342.000000
15254.800000 115984.000000
15235.900000 115730.000000
15232.500000 115730.000000
15173.500000 115089.000000
15156.800000 115118.000000
15159.100000 115140.000000
15356.100000 115298.000000
15362.800000 115287.000000
15352.800000 115256.000000
15358.300000 115311.000000
15656.700000 114890.000000
15650.000000 114882.000000
15644.400000 114432.000000
14913.100000 121674.000000
5122.500000 133236.000000
567.311000 141810.000000
1269.740000 143923.000000
-585.959000 145359.000000
-593.751000 145381.000000
-1887.280000 145590.000000
-1833.850000 147178.000000
-3598.260000 149097.000000
-3646.130000 149667.000000
-2965.970000 150052.000000
-2847.970000 149805.000000
-2796.760000 149796.000000
-2652.050000 149925.000000
-2658.730000 149558.000000
-1919.570000 149192.000000
-1165.930000 149112.000000
-70.549800 149422.000000
177.693000 148500.000000
-1070.200000 148919.000000
-1738.120000 149130.000000
-3095.100000 148892.000000
-2998.250000 148928.000000
-4297.350000 148745.000000
-4391.970000 148749.000000
-6011.670000 146942.000000
-6038.390000 145866.000000
-6287.740000 143696.000000
-6691.830000 143598.000000
-8752.360000 142798.000000
-8661.070000 142133.000000
-8205.780000 141808.000000
-7944.180000 141652.000000
-7796.120000 141603.000000
-7925.250000 142500.000000
-10326.400000 144671.000000
-10541.300000 146418.000000
-10436.600000 152951.000000
-10960.900000 154901.000000
-14329.500000 155046.000000
-14323.900000 155079.000000
-13723.900000 154574.000000
-13519.100000 154398.000000
-13143.900000 154632.000000
-13150.600000 154629.000000
-12557.300000 155159.000000
-12234.400000 155108.000000
-11965.000000 156097.000000
-11881.500000 156197.000000
-11878.200000 156223.000000
-11880.400000 156235.000000
-11874.900000 156206.000000
-11873.800000 156259.000000
-11878.200000 156259.000000
-11874.900000 156272.000000
-11820.300000 156261.000000
-11849.300000 156228.000000
-11848.200000 156230.000000
-11841.500000 156235.000000
-11834.800000 156232.000000
-13550.200000 155095.000000
-13149.500000 152862.000000
-11916.100000 152906.000000
-9569.440000 152935.000000
-8538.620000 152973.000000
-8494.100000 151884.000000
-8694.470000 151432.000000
-8231.380000 149518.000000
-7825.070000 149504.000000
-5703.320000 149333.000000
-5180.110000 149150.000000
-3382.300000 149126.000000
-2518.470000 149112.000000
-1586.720000 145425.000000
-1538.850000 145519.000000
-1543.310000 145503.000000
-1536.630000 145474.000000
-1182.630000 145392.000000
-651.638000 145425.000000
535.028000 143811.000000
1208.510000 143606.000000
2872.740000 142533.000000
3576.280000 142081.000000
4443.460000 139599.000000
4432.320000 139069.000000
4175.180000 136424.000000
3664.220000 135743.000000
3943.630000 134340.000000
21224.900000 94320.900000
25231.300000 93167.600000
25039.800000 91217.300000
29418.000000 84749.600000
29932.300000 84112.900000
29568.300000 83536.200000
29573.800000 83542.900000
29579.400000 83540.700000
29578.300000 83538.500000
29834.300000 83371.500000
31447.300000 86261.300000
31438.400000 86236.800000
30691.500000 87748.600000
30709.300000 87768.600000
30726.000000 87788.600000
30688.100000 87746.300000
30690.400000 87741.900000
30693.700000 87735.200000
30699.300000 87750.800000
30694.800000 87753.000000
30697.000000 87748.600000
30698.200000 87746.300000
30699.300000 87770.800000
30698.200000 87748.600000
30692.600000 87755.200000
30691.500000 87750.800000
30694.800000 87761.900000
30688.100000 87766.400000
30688.100000 87759.700000
30691.500000 87759.700000
30685.900000 87759.700000
30698.200000 87757.500000
30697.000000 87757.500000
30692.600000 87753.000000
30701.500000 87746.300000
30699.300000 87757.500000
30692.600000 87753.000000
30697.000000 87753.000000
30684.800000 87746.300000
30691.500000 87755.200000
30692.600000 87757.500000
30690.400000 87757.500000
30693.700000 87755.200000
30691.500000 87755.200000
30692.600000 87757.500000
30694.800000 87770.800000
30700.400000 87757.500000
30687.000000 87750.800000
30692.600000 87757.500000
30699.300000 87766.400000
30692.600000 87755.200000
30690.400000 87759.700000
30687.000000 87757.500000
30695.900000 87764.100000
30691.500000 87739.700000
30689.300000 87764.100000
30691.500000 87766.400000
30685.900000 87735.200000
30693.700000 87759.700000
85086.600000 87746.300000
30688.100000 87746.300000
30690.400000 87750.800000
30692.600000 87744.100000
30691.500000 87753.000000
30689.300000 87755.200000
30688.100000 87753.000000
30689.300000 87750.800000
30689.300000 87733.000000
30700.400000 87766.400000
30693.700000 87737.400000
30685.900000 87753.000000
30687.000000 87748.600000
30688.100000 87730.800000
30693.700000 87753.000000
30693.700000 87757.500000
30689.300000 87764.100000
30688.100000 87757.500000
30690.400000 87757.500000
30687.000000 87750.800000
30694.800000 87748.600000
30700.400000 87757.500000
30703.700000 87764.100000
30692.600000 87753.000000
30685.900000 87744.100000
30693.700000 87748.600000
30699.300000 87746.300000
30690.400000 87761.900000
30683.700000 87757.500000
30693.700000 87748.600000
30690.400000 87750.800000
30698.200000 87733.000000
30692.600000 87755.200000
30681.500000 87750.800000
30683.700000 87748.600000
30682.600000 87744.100000
30684.800000 87748.600000
30681.500000 87744.100000
30679.200000 87755.200000
30677.000000 87764.100000
30685.900000 87759.700000
30654.700000 87768.600000
30645.800000 87761.900000
30691.500000 87750.800000
30694.800000 87761.900000
30690.400000 87757.500000
30689.300000 87750.800000
30690.400000 87753.000000
30690.400000 87755.200000
30687.000000 87753.000000
30683.700000 87741.900000
30692.600000 87761.900000
30684.800000 87746.300000
30678.100000 87741.900000
30688.100000 87768.600000
30684.800000 87764.100000
30708.200000 87741.900000
30703.700000 87748.600000
30697.000000 87741.900000
30701.500000 87746.300000
30689.300000 87759.700000
30699.300000 87761.900000
30694.800000 87748.600000
30681.500000 87750.800000
30682.600000 87750.800000
30682.600000 87755.200000
30684.800000 87750.800000
30693.700000 87753.000000
30685.900000 87746.300000
30691.500000 87748.600000
30687.000000 87724.100000
30663.600000 87706.300000
30680.300000 87744.100000
30681.500000 87744.100000
30678.100000 87746.300000
30679.200000 87753.000000
30670.300000 87759.700000
30675.900000 87750.800000
30678.100000 87757.500000
30685.900000 87755.200000
30690.400000 87761.900000
30692.600000 87755.200000
30683.700000 87735.200000
30687.000000 87755.200000
30698.200000 87777.500000
30695.900000 87775.300000
30685.900000 87739.700000
30693.700000 87764.100000
30689.300000 87759.700000
30691.500000 87759.700000
30695.900000 87766.400000
30689.300000 87748.600000
30691.500000 87748.600000
30682.600000 87733.000000
30682.600000 87737.400000
30692.600000 87757.500000
30687.000000 87764.100000
30683.700000 87759.700000
30687.000000 87757.500000
30679.200000 87744.100000
30688.100000 87757.500000
30688.100000 87750.800000
30684.800000 87750.800000
30698.200000 87761.900000
30692.600000 87755.200000
30689.300000 87757.500000
30693.700000 87755.200000
30692.600000 87755.200000
30693.700000 87748.600000
30675.900000 87728.500000
30682.600000 87739.700000
30688.100000 87728.500000
30678.100000 87724.100000
30700.400000 87761.900000
30689.300000 87746.300000
30698.200000 87757.500000
30695.900000 87757.500000
30695.900000 87755.200000
30697.000000 87757.500000
30691.500000 87755.200000
30684.800000 87748.600000
30692.600000 87764.100000
30690.400000 87753.000000
30701.500000 87757.500000
30699.300000 87761.900000
30683.700000 87733.000000
30687.000000 87733.000000
30405.400000 91911.900000
30308.500000 93668.500000
25783.400000 94189.500000
24970.800000 94189.500000
21515.400000 94140.500000
20924.300000 95140.200000
16415.900000 100341.000000
15622.200000 101686.000000
12570.900000 107628.000000
12402.800000 109097.000000
11866.200000 115598.000000
11726.000000 117255.000000
9355.980000 122625.000000
9194.570000 123282.000000
7619.400000 128117.000000
7057.240000 129424.000000
4723.980000 133721.000000
4248.650000 134567.000000
3323.580000 133445.000000
2583.310000 132506.000000
2587.760000 132490.000000
2577.740000 131228.000000
2576.630000 130978.000000
5021.200000 131361.000000
5273.900000 132708.000000
10784.200000 126388.000000
12112.300000 125535.000000
13727.500000 124045.000000
15572.100000 118969.000000
15404.000000 116859.000000
15593.200000 114218.000000
15240.300000 114418.000000
14692.600000 117941.000000
14045.900000 117818.000000
13337.900000 116327.000000
13619.500000 116266.000000
13479.300000 116077.000000
13483.700000 116075.000000
13481.500000 116091.000000
13484.800000 116088.000000
13219.900000 116883.000000
13473.700000 117667.000000
15412.900000 117934.000000
15421.800000 117909.000000
15427.300000 117909.000000
15425.100000 117927.000000
15425.100000 117914.000000
15419.600000 117927.000000
15418.400000 117921.000000
15421.800000 117909.000000
15467.400000 118482.000000
15146.800000 118666.000000
14426.600000 118506.000000
12888.200000 115291.000000
12684.400000 114639.000000
12347.100000 109932.000000
12385.000000 109471.000000
14051.400000 104386.000000
14484.500000 103652.000000
18652.300000 97667.100000
18799.200000 97440.000000
19283.500000 97057.100000
23322.100000 94263.000000
23327.700000 94260.800000
27556.700000 94107.100000
27527.800000 92595.400000
29547.100000 90175.300000
30386.500000 87013.900000
30317.400000 86884.700000
30310.800000 86882.500000
30306.300000 86875.800000
30307.400000 86871.400000
30305.200000 86869.100000
30306.300000 86880.300000
30305.200000 86878.000000
30307.400000 86880.300000
30304.100000 86869.100000
30303.000000 86873.600000
30301.900000 86875.800000
30301.900000 86864.700000
30298.500000 86866.900000
30308.500000 86871.400000
30306.300000 86880.300000
30306.300000 86884.700000
30308.500000 86875.800000
30307.400000 86869.100000
30313.000000 86864.700000
30309.700000 86871.400000
30295.200000 86882.500000
30299.600000 86873.600000
30293.000000 86886.900000
30293.000000 86891.400000
30301.900000 86884.700000
30304.100000 86889.200000
30303.000000 86884.700000
30306.300000 86864.700000
30304.100000 86869.100000
30306.300000 86866.900000
30301.900000 86880.300000
30300.700000 86882.500000
30297.400000 86880.300000
30311.900000 86871.400000
30300.700000 86882.500000
30298.500000 86889.200000
30305.200000 86880.300000
30298.500000 86884.700000
30301.900000 86880.300000
30297.400000 86898.100000
30567.900000 86824.600000
30591.300000 86795.700000
30566.800000 86844.600000
30566.800000 86875.800000
30595.700000 86744.500000
30585.700000 86775.600000
30581.300000 86809.000000
30589.100000 86775.600000
30582.400000 86771.200000
30584.600000 86775.600000
30574.600000 86860.200000
30575.700000 86858.000000
30584.600000 86840.200000
30573.500000 86831.300000
30576.800000 86811.300000
30594.600000 86838.000000
30566.800000 86813.500000
30569.000000 86826.800000
30567.900000 86795.700000
30574.600000 86815.700000
30572.400000 86833.500000
30569.000000 86829.100000
30581.300000 86833.500000
30572.400000 86824.600000
30576.800000 86829.100000
30575.700000 86831.300000
30570.100000 86824.600000
30576.800000 86822.400000
30582.400000 86851.300000
30588.000000 86846.900000
30576.800000 86844.600000
30567.900000 86855.800000
30572.400000 86855.800000
30570.100000 86844.600000
30571.300000 86849.100000
30573.500000 86844.600000
30567.900000 86849.100000
30567.900000 86851.300000
30571.300000 86829.100000
30572.400000 86826.800000
30575.700000 86842.400000
30569.000000 86831.300000
30576.800000 86829.100000
30575.700000 86838.000000
30567.900000 86826.800000
30571.300000 86842.400000
30580.200000 86820.200000
30582.400000 86829.100000
30575.700000 86844.600000
30581.300000 86838.000000
30589.100000 86789.000000
30588.000000 86793.400000
30580.200000 86811.300000
30584.600000 86780.100000
30586.800000 86777.900000
30584.600000 86789.000000
30584.600000 86791.200000
30586.800000 86780.100000
30581.300000 86791.200000
30580.200000 86786.800000
30567.900000 86784.500000
30579.000000 86795.700000
30579.000000 86797.900000
30574.600000 86795.700000
30581.300000 86800.100000
30583.500000 86786.800000
30580.200000 86786.800000
30583.500000 86789.000000
30577.900000 86789.000000
30588.000000 86780.100000
30584.600000 86782.300000
30577.900000 86797.900000
30574.600000 86800.100000
30577.900000 86811.300000
30577.900000 86786.800000
30574.600000 86809.000000
30574.600000 86806.800000
30576.800000 86809.000000
30575.700000 86840.200000
30574.600000 86829.100000
30577.900000 86829.100000
30572.400000 86842.400000
30562.300000 86804.600000
30575.700000 86817.900000
30577.900000 86829.100000
30560.100000 86806.800000
30573.500000 86838.000000
30569.000000 86840.200000
30579.000000 86842.400000
30561.200000 86815.700000
30565.700000 86820.200000
30566.800000 86811.300000
30571.300000 86820.200000
30566.800000 86797.900000
30562.300000 86806.800000
30562.300000 86815.700000
30569.000000 86835.700000
30560.100000 86820.200000
30565.700000 86838.000000
30566.800000 86826.800000
30569.000000 86804.600000
30564.600000 86831.300000
30565.700000 86804.600000
30573.500000 86800.100000
30572.400000 86804.600000
30574.600000 86824.600000
30570.100000 86826.800000
30576.800000 86813.500000
30574.600000 86802.300000
30580.200000 86802.300000
30585.700000 86809.000000
30584.600000 86811.300000
30577.900000 86782.300000
30585.700000 86789.000000
30575.700000 86793.400000
30577.900000 86791.200000
30582.400000 86793.400000
30584.600000 86784.500000
30585.700000 86797.900000
30580.200000 86782.300000
30573.500000 86789.000000
30572.400000 86789.000000
30574.600000 86820.200000
30576.800000 86842.400000
30575.700000 86784.500000
30572.400000 86784.500000
30306.300000 86864.700000
30313.000000 86880.300000
30301.900000 86864.700000
30293.000000 86860.200000
30304.100000 86882.500000
30306.300000 86873.600000
30304.100000 86871.400000
30300.700000 86871.400000
30307.400000 86882.500000
30308.500000 86869.100000
30305.200000 86864.700000
30310.800000 86893.600000
30304.100000 86882.500000
30310.800000 86882.500000
30307.400000 86882.500000
30308.500000 86884.700000
30310.800000 86875.800000
30305.200000 86878.000000
30301.900000 86871.400000
30306.300000 86869.100000
30304.100000 86866.900000
30300.700000 86871.400000
30301.900000 86882.500000
30300.700000 86878.000000
30303.000000 86882.500000
30306.300000 86880.300000
30310.800000 86873.600000
30300.700000 86869.100000
30300.700000 86873.600000
30305.200000 86864.700000
30304.100000 86871.400000
30303.000000 86878.000000
30305.200000 86882.500000
30304.100000 86878.000000
30306.300000 86884.700000
30304.100000 86869.100000
30299.600000 86864.700000
30305.200000 86858.000000
30298.500000 86893.600000
30304.100000 86869.100000
30308.500000 86858.000000
30308.500000 86869.100000
30299.600000 86871.400000
30296.300000 86871.400000
30300.700000 86862.500000
30299.600000 86873.600000
30299.600000 86878.000000
30303.000000 86864.700000
30303.000000 86886.900000
30307.400000 86871.400000
30305.200000 86878.000000
30314.100000 86864.700000
30308.500000 86869.100000
30306.300000 86858.000000
30304.100000 86878.000000
30303.000000 86873.600000
30307.400000 86869.100000
30310.800000 86871.400000
30305.200000 86889.200000
30306.300000 86882.500000
30307.400000 86873.600000
30307.400000 86882.500000
30313.000000 86871.400000
30307.400000 86880.300000
30303.000000 86878.000000
30308.500000 86871.400000
30309.700000 86878.000000
30307.400000 86873.600000
30310.800000 86869.100000
30308.500000 86871.400000
30308.500000 86878.000000
30304.100000 86871.400000
30305.200000 86875.800000
30304.100000 86875.800000
30307.400000 86873.600000
30305.200000 86871.400000
30304.100000 86875.800000
30309.700000 86871.400000
30311.900000 86866.900000
30305.200000 86882.500000
30308.500000 86880.300000
30305.200000 86878.000000
30308.500000 86878.000000
30298.500000 86884.700000
30301.900000 86880.300000
30299.600000 86880.300000
30300.700000 86869.100000
30301.900000 86864.700000
30301.900000 86871.400000
30303.000000 86869.100000
30303.000000 86873.600000
30298.500000 86873.600000
30304.100000 86869.100000
30301.900000 86875.800000
30295.200000 86875.800000
30294.100000 86882.500000
30301.900000 86878.000000
30298.500000 86873.600000
30296.300000 86875.800000
30298.500000 86878.000000
30297.400000 86866.900000
30297.400000 86875.800000
30306.300000 86878.000000
30311.900000 86882.500000
30303.000000 86873.600000
30297.400000 86886.900000
30309.700000 86873.600000
30318.600000 86866.900000
30308.500000 86875.800000
30309.700000 86873.600000
30306.300000 86873.600000
30304.100000 86880.300000
30306.300000 86875.800000
30301.900000 86869.100000
30303.000000 86864.700000
30299.600000 86862.500000
30293.000000 86860.200000
30294.100000 86871.400000
30298.500000 86873.600000
30299.600000 86871.400000
30305.200000 86880.300000
30295.200000 86864.700000
30299.600000 86873.600000
30306.300000 86866.900000
30305.200000 86871.400000
30304.100000 86878.000000
30298.500000 86880.300000
60404.900000 114056.000000
30301.900000 86873.600000
30304.100000 86878.000000
30304.100000 86871.400000
30309.700000 86878.000000
30314.100000 86882.500000
30309.700000 86869.100000
30309.700000 86878.000000
30305.200000 86871.400000
30301.900000 86880.300000
30296.300000 86880.300000
30297.400000 86882.500000
30304.100000 86878.000000
30308.500000 86880.300000
30304.100000 86891.400000
30309.700000 86884.700000
30306.300000 86884.700000
30299.600000 86893.600000
30304.100000 86884.700000
30301.900000 86882.500000
30309.700000 86873.600000
30300.700000 86882.500000
30300.700000 86880.300000
30305.200000 86873.600000
30307.400000 86871.400000
30306.300000 86878.000000
30303.000000 86880.300000
30305.200000 86871.400000
30301.900000 86875.800000
30299.600000 86886.900000
30300.700000 86878.000000
30307.400000 86882.500000
30303.000000 86871.400000
30303.000000 86878.000000
30304.100000 86875.800000
30304.100000 86869.100000
30303.000000 86869.100000
30305.200000 86871.400000
30306.300000 86878.000000
30306.300000 86869.100000
30308.500000 86873.600000
30306.300000 172196.000000
30308.500000 86869.100000
30307.400000 86869.100000
30303.000000 86880.300000
30307.400000 86875.800000
30309.700000 86889.200000
30309.700000 86871.400000
30313.000000 86884.700000
30310.800000 86873.600000
30307.400000 86866.900000
30305.200000 86891.400000
30309.700000 86882.500000
30309.700000 86878.000000
30304.100000 86871.400000
30298.500000 86869.100000
30307.400000 86862.500000
30307.400000 86869.100000
30304.100000 86873.600000
30296.300000 86878.000000
30298.500000 86862.500000
30317.400000 86849.100000
30306.300000 86875.800000
30307.400000 86878.000000
30306.300000 86862.500000
30303.000000 86862.500000
30307.400000 86873.600000
30295.200000 86902.500000
30298.500000 86884.700000
30296.300000 86873.600000
30295.200000 86878.000000
30304.100000 86862.500000
30299.600000 86871.400000
30297.400000 86866.900000
30298.500000 86875.800000
30301.900000 86880.300000
30297.400000 86862.500000
30299.600000 86873.600000
30304.100000 86871.400000
30303.000000 86886.900000
30306.300000 86882.500000
30303.000000 86873.600000
30298.500000 86875.800000
30295.200000 86878.000000
30300.700000 86873.600000
30301.900000 86875.800000
30303.000000 86860.200000
30301.900000 86875.800000
30300.700000 86873.600000
30303.000000 86871.400000
30306.300000 86871.400000
30308.500000 86886.900000
30296.300000 86875.800000
30299.600000 86878.000000
30300.700000 86866.900000
30301.900000 86875.800000
30306.300000 86880.300000
30307.400000 86891.400000
30304.100000 86875.800000
30298.500000 86860.200000
30300.700000 86864.700000
30303.000000 86866.900000
30303.000000 86878.000000
30303.000000 86871.400000
30299.600000 86882.500000
30301.900000 86869.100000
30305.200000 86875.800000
30301.900000 86873.600000
30303.000000 86866.900000
30301.900000 86871.400000
30305.200000 86862.500000
30307.400000 86855.800000
30298.500000 86860.200000
30304.100000 86866.900000
30301.900000 86864.700000
30301.900000 86869.100000
30300.700000 86855.800000
30301.900000 86864.700000
30299.600000 86864.700000
30303.000000 86869.100000
30304.100000 86873.600000
30304.100000 86875.800000
30303.000000 86873.600000
30304.100000 86880.300000
30308.500000 86873.600000
30307.400000 86869.100000
30303.000000 86869.100000
30298.500000 86866.900000
30300.700000 86864.700000
30306.300000 86871.400000
30300.700000 86869.100000
30299.600000 86880.300000
30299.600000 86878.000000
30299.600000 86875.800000
30300.700000 86873.600000
30295.200000 86875.800000
30299.600000 86880.300000
30300.700000 86882.500000
30295.200000 86873.600000
30298.500000 86884.700000
30303.000000 86882.500000
30295.200000 86889.200000
30301.900000 86886.900000
30616.900000 88579.000000
30549.000000 89313.700000
27718.100000 90640.600000
27384.200000 91128.200000
23974.500000 94209.500000
23410.100000 94218.500000
21125.800000 94490.100000
20621.500000 95687.900000
15212.500000 102387.000000
14303.000000 103919.000000
12059.900000 113259.000000
11914.100000 115006.000000
9500.700000 122017.000000
9350.420000 122609.000000
7775.250000 127657.000000
7215.310000 129142.000000
4711.740000 130415.000000
4720.640000 130408.000000
4712.850000 130397.000000
4718.410000 130400.000000
4708.400000 130417.000000
4718.410000 130411.000000
3983.710000 131070.000000
3361.430000 130932.000000
3125.430000 131502.000000
3136.560000 131502.000000
3154.380000 131517.000000
3162.170000 131533.000000
3145.470000 131513.000000
3126.550000 131553.000000
3138.790000 131542.000000
3123.210000 131542.000000
3158.830000 131513.000000
3161.060000 131515.000000
3129.890000 131542.000000
3133.230000 131539.000000
3124.320000 131535.000000
3127.660000 131531.000000
3138.790000 131519.000000
3143.240000 131513.000000
2478.670000 133410.000000
2262.710000 133817.000000
-362.207000 135371.000000
-1526.610000 134636.000000
-8054.380000 134823.000000
-7788.330000 136475.000000
-7938.610000 143549.000000
-7934.160000 143551.000000
-7937.500000 143546.000000
-7675.900000 143702.000000
-1961.870000 143606.000000
-1871.700000 144820.000000
-720.656000 146307.000000
-710.637000 146968.000000
1217.420000 147950.000000
1259.720000 149086.000000
1214.080000 158512.000000
1194.040000 160300.000000
2453.060000 160894.000000
2899.450000 160910.000000
3335.830000 161667.000000
3027.470000 161533.000000
1227.440000 158882.000000
1241.910000 157127.000000
1286.430000 148692.000000
1288.660000 147144.000000
-956.653000 139728.000000
-1802.680000 139005.000000
-7466.620000 139312.000000
-8498.550000 139354.000000
-13866.400000 139512.000000
-14751.400000 139848.000000
-16700.600000 141244.000000
-17349.600000 141471.000000
-17920.600000 141596.000000
-18517.300000 140732.000000
-18481.700000 141155.000000
-16817.500000 140795.000000
-16862.000000 140412.000000
-16487.900000 137878.000000
-16296.500000 137715.000000
-15221.100000 137617.000000
-14513.100000 137577.000000
-12926.800000 139390.000000
-12451.500000 139492.000000
-6918.920000 139321.000000
-6131.900000 139269.000000
-3183.040000 139158.000000
-2836.840000 139387.000000
-2407.150000 139966.000000
-2584.140000 139997.000000
-2583.030000 139982.000000
-2610.860000 140020.000000
-932.163000 139830.000000
-276.491000 140679.000000
1444.510000 144740.000000
1945.450000 144691.000000
3308.000000 142253.000000
3664.220000 142006.000000
3615.240000 141843.000000
3619.690000 141854.000000
3616.350000 141816.000000
3618.580000 141836.000000
3609.670000 141816.000000
3614.130000 141830.000000
3618.580000 141808.000000
3610.790000 141801.000000
3615.240000 141792.000000
3618.580000 141801.000000
3621.920000 141803.000000
3606.330000 141819.000000
3634.160000 141908.000000
3633.050000 141914.000000
3629.710000 141888.000000
3631.940000 141863.000000
3637.500000 141899.000000
3635.280000 141888.000000
3631.940000 141903.000000
3631.940000 141897.000000
3628.600000 141917.000000
3635.280000 141899.000000
3638.620000 141899.000000
3636.390000 141894.000000
3626.370000 141914.000000
3640.840000 141879.000000
3634.160000 141914.000000
3635.280000 141892.000000
3637.500000 141874.000000
3633.050000 141892.000000
3639.730000 141883.000000
3649.750000 141885.000000
3631.940000 141897.000000
3639.730000 141883.000000
3636.390000 141890.000000
3634.160000 141897.000000
3643.070000 141881.000000
3639.730000 141885.000000
3639.730000 141910.000000
3647.520000 141890.000000
3631.940000 141899.000000
3628.600000 141912.000000
3627.480000 141930.000000
3428.220000 142139.000000
1996.650000 142157.000000
1961.030000 141449.000000
1973.280000 141966.000000
1979.960000 141843.000000
3473.860000 137161.000000
3060.870000 136580.000000
3793.350000 134349.000000
3786.670000 134256.000000
2292.760000 133730.000000
2008.900000 133009.000000
1708.340000 129645.000000
1666.030000 129329.000000
1444.510000 129683.000000
1853.050000 129700.000000
3640.840000 132891.000000
3609.670000 133824.000000
3035.260000 133216.000000
2902.790000 132944.000000
2567.720000 130404.000000
2545.460000 129745.000000
2008.900000 129656.000000
2559.930000 129678.000000
2224.860000 133837.000000
1942.110000 134293.000000
1962.140000 134351.000000
2272.730000 133951.000000
2671.250000 133683.000000
2505.380000 133392.000000
2038.950000 133260.000000
2028.940000 133280.000000
1770.670000 134777.000000
1334.300000 135391.000000
568.424000 136415.000000
867.874000 137010.000000
4416.740000 144257.000000
4415.630000 146173.000000
4720.640000 152939.000000
5173.710000 152715.000000
4382.230000 153492.000000
4375.550000 153489.000000
4108.380000 154344.000000
3861.250000 154351.000000
2589.990000 153572.000000
3817.840000 154453.000000
3807.820000 154458.000000
3812.270000 154445.000000
3817.840000 154418.000000
3816.730000 154402.000000
3830.090000 154418.000000
3802.260000 154445.000000
3825.630000 154342.000000
3828.970000 154335.000000
3572.940000 154393.000000
3059.750000 154427.000000
1334.300000 155972.000000
1309.810000 155972.000000
1269.740000 156918.000000
1221.870000 156226.000000
1179.570000 159225.000000
1168.440000 160189.000000
618.518000 160280.000000
614.065000 160295.000000
-578.167000 157274.000000
-670.562000 155914.000000
