-5379.380000 140363.000000
-4699.210000 142607.000000
-5058.780000 143041.000000
-4290.670000 143600.000000
-3288.800000 143524.000000
-1821.610000 146563.000000
-1787.100000 147915.000000
-1760.380000 149293.000000
-1696.930000 151441.000000
-1617.890000 152505.000000
-622.694000 160062.000000
-2849.080000 160870.000000
-3695.110000 164000.000000
-3874.340000 164020.000000
-3986.770000 164020.000000
-3976.750000 166044.000000
-3944.470000 166540.000000
-4014.600000 164185.000000
-584.846000 163691.000000
1181.790000 161593.000000
1276.420000 156063.000000
1228.550000 155705.000000
1268.620000 154609.000000
1845.260000 154358.000000
2556.590000 154378.000000
3087.580000 154387.000000
2431.910000 155976.000000
1806.300000 155992.000000
1192.930000 157927.000000
745.422000 157971.000000
1119.460000 158608.000000
1192.930000 159278.000000
1910.940000 159803.000000
1961.030000 159423.000000
1389.960000 157403.000000
1353.230000 157005.000000
753.214000 157967.000000
740.969000 157962.000000
655.253000 159213.000000
644.121000 159761.000000
1170.660000 161121.000000
1167.320000 161248.000000
1281.980000 162462.000000
1169.550000 162319.000000
2429.690000 166037.000000
3363.660000 167807.000000
6915.860000 174166.000000
6312.510000 174745.000000
6831.260000 178761.000000
7197.500000 179678.000000
7107.330000 184256.000000
5720.290000 190530.000000
7037.200000 191358.000000
7079.500000 191376.000000
5559.990000 188996.000000
5160.350000 187377.000000
4799.680000 185520.000000
4860.900000 184679.000000
7481.360000 182506.000000
7777.470000 181221.000000
8448.730000 176613.000000
7132.930000 172383.000000
6972.630000 171850.000000
4475.740000 167228.000000
4296.510000 166888.000000
4243.080000 162201.000000
4229.720000 161674.000000
2190.350000 161627.000000
1952.130000 161144.000000
1956.580000 158252.000000
-663.883000 156143.000000
-1545.530000 152492.000000
-3086.190000 152652.000000
-3425.720000 152637.000000
-3646.130000 152183.000000
-3607.170000 151771.000000
-1775.960000 151067.000000
-1761.490000 151063.000000
-1287.270000 152810.000000
-1177.070000 153158.000000
-346.622000 152670.000000
-53.851900 152675.000000
1218.530000 155411.000000
1828.560000 155629.000000
1287.550000 155340.000000
1224.100000 154990.000000
861.194000 155106.000000
1194.040000 155119.000000
1309.810000 153946.000000
1207.400000 156896.000000
660.819000 157236.000000
669.725000 157464.000000
-371.112000 157915.000000
-874.277000 157982.000000
-1083.560000 154681.000000
-1538.850000 154233.000000
-1699.150000 151379.000000
-1748.130000 149028.000000
-1803.790000 146721.000000
-1836.080000 145192.000000
-3559.300000 143493.000000
-3490.280000 142703.000000
-3581.570000 139258.000000
-3658.380000 136469.000000
-3665.060000 135994.000000
-2813.460000 131878.000000
-2754.460000 131729.000000
-2342.580000 131949.000000
-2330.340000 131940.000000
-2531.820000 131842.000000
-2912.540000 133842.000000
-2920.330000 134465.000000
-336.603000 135431.000000
295.691000 136233.000000
1628.190000 137063.000000
1628.190000 137065.000000
582.896000 136515.000000
-77.228900 135676.000000
-467.960000 135260.000000
2297.220000 124865.000000
2662.340000 124446.000000
3557.350000 111936.000000
3586.300000 111696.000000
9094.380000 110300.000000
9952.660000 110050.000000
11488.900000 108483.000000
10314.400000 107312.000000
10296.600000 106804.000000
8460.980000 103433.000000
8375.260000 102280.000000
8979.720000 93005.100000
9022.030000 91575.700000
7216.420000 85257.200000
7147.410000 85361.900000
4051.610000 85640.200000
3990.390000 85655.800000
3993.720000 85655.800000
4656.080000 84941.100000
4649.400000 84936.600000
4632.700000 84925.500000
4661.640000 84994.500000
5067.960000 84749.600000
4689.470000 85606.800000
445.973000 85954.100000
-1004.520000 86118.800000
-5009.800000 88458.800000
-6445.820000 93120.800000
-6563.820000 92749.000000
-4764.890000 93782.100000
-4708.120000 95643.300000
-4468.780000 101062.000000
-4692.540000 103560.000000
-4255.050000 108973.000000
-4249.480000 109380.000000
-4033.520000 114278.000000
-4117.010000 115325.000000
-4129.260000 118043.000000
-4088.070000 119029.000000
-4105.880000 120341.000000
-4292.900000 120969.000000
-2220.130000 125043.000000
-1439.780000 125161.000000
-1678.000000 123660.000000
-2738.880000 123881.000000
-4735.950000 140648.000000
-5026.490000 143050.000000
-5951.560000 143099.000000
-5295.890000 139650.000000
-4694.760000 143050.000000
-4724.820000 143484.000000
-1709.170000 151308.000000
346.898000 153656.000000
879.005000 153598.000000
1236.340000 154240.000000
1257.490000 154545.000000
330.200000 152610.000000
-2675.430000 148798.000000
-2739.990000 145234.000000
-5271.400000 143580.000000
-5702.200000 143584.000000
-8398.360000 143615.000000
-8636.580000 143640.000000
-9254.410000 143976.000000
-9993.570000 144441.000000
-10143.900000 144524.000000
-10260.700000 144234.000000
-10590.200000 144971.000000
-11017.700000 145537.000000
-11504.200000 145766.000000
-16548.100000 144395.000000
-16928.800000 144125.000000
-19775.200000 144032.000000
-19981.200000 144023.000000
-20120.300000 142237.000000
-19622.700000 141848.000000
-19411.200000 143141.000000
-19050.500000 141836.000000
-17558.800000 141596.000000
-16371.100000 141162.000000
-16193.000000 142560.000000
-14789.200000 145717.000000
-13868.600000 145851.000000
-14021.100000 143099.000000
-14094.600000 141932.000000
-14308.300000 139735.000000
-14721.300000 137760.000000
-13925.400000 137537.000000
-12939.100000 139361.000000
-13514.600000 139452.000000
-13756.200000 139494.000000
-14556.600000 138539.000000
-14891.600000 135681.000000
-16033.800000 135469.000000
-16076.100000 136217.000000
-15427.100000 136153.000000
-15053.000000 136117.000000
-14986.200000 136204.000000
-14890.500000 136509.000000
-14602.200000 135516.000000
-13025.900000 135358.000000
-12668.600000 133848.000000
-12411.400000 131869.000000
-11721.200000 130558.000000
-10874.100000 131918.000000
-10825.100000 133623.000000
-10275.200000 135200.000000
-9989.120000 136324.000000
-10801.700000 133554.000000
-10889.700000 129910.000000
-10944.200000 128385.000000
-10938.700000 128776.000000
-10865.200000 132241.000000
-10842.900000 133171.000000
-10789.500000 135010.000000
-10756.100000 135845.000000
-10506.800000 143228.000000
-10472.200000 143722.000000
-10427.700000 145601.000000
-10475.600000 145686.000000
-10031.400000 142834.000000
-9874.460000 142743.000000
-8724.530000 141632.000000
-8354.950000 141623.000000
-6964.570000 140481.000000
-6639.510000 140481.000000
-7561.240000 141382.000000
-9483.730000 141605.000000
-9902.290000 141171.000000
-9896.720000 139483.000000
-9359.050000 139470.000000
-7432.110000 139356.000000
-6736.360000 139336.000000
-5393.850000 138675.000000
-5361.570000 138920.000000
-4774.910000 138984.000000
-4782.700000 139298.000000
-1823.830000 138058.000000
-1452.020000 137010.000000
-1784.870000 134944.000000
-1785.980000 134834.000000
1335.420000 137597.000000
1871.980000 138303.000000
5650.160000 132321.000000
6384.870000 131001.000000
12908.200000 124838.000000
13591.700000 124179.000000
15565.400000 120330.000000
15528.700000 118444.000000
15199.100000 115316.000000
15335.000000 117083.000000
15341.600000 117213.000000
-820.843000 114530.000000
-1797.120000 116885.000000
-2260.200000 116852.000000
-840.881000 114572.000000
361.370000 112920.000000
191.051000 112971.000000
-1113.610000 112486.000000
-1085.780000 113590.000000
-1096.920000 114942.000000
-1374.100000 115331.000000
-1517.700000 117912.000000
-2172.260000 118206.000000
-3688.430000 118528.000000
-3996.790000 119325.000000
-4304.030000 119323.000000
-5056.550000 120920.000000
-5530.770000 121478.000000
-4433.160000 121659.000000
-4336.310000 122267.000000
-10475.600000 144704.000000
-10536.800000 146605.000000
-10513.400000 147837.000000
-10477.800000 148574.000000
-10458.900000 149542.000000
-10452.200000 150390.000000
-10424.400000 152051.000000
-10426.600000 153229.000000
-11119.000000 154905.000000
-11394.000000 154939.000000
-11955.000000 155006.000000
-12471.500000 155055.000000
-13015.900000 155112.000000
-13273.000000 155112.000000
-13815.200000 155119.000000
-14197.000000 155108.000000
-14341.700000 154131.000000
-14289.400000 152868.000000
-12754.300000 152655.000000
-12773.200000 151849.000000
-12656.300000 151394.000000
-12440.400000 151390.000000
-12706.400000 152341.000000
-13210.700000 152788.000000
-13635.900000 152833.000000
-14070.100000 152828.000000
-14800.300000 152817.000000
-15826.700000 152719.000000
-15578.500000 155665.000000
-16402.200000 156793.000000
-16542.500000 157085.000000
-16314.300000 156215.000000
-16315.400000 156212.000000
-15852.300000 156771.000000
-15798.900000 158051.000000
-17258.300000 158236.000000
-17256.100000 156353.000000
-17262.700000 155400.000000
-17251.600000 155128.000000
-17249.400000 154424.000000
-17178.100000 152837.000000
-15548.400000 151541.000000
-15643.000000 151201.000000
-15550.600000 149404.000000
-15540.600000 149023.000000
-16475.700000 147075.000000
-16023.700000 145091.000000
-14863.800000 145655.000000
-11453.000000 145786.000000
-10241.800000 145501.000000
-10234.000000 145472.000000
-11159.100000 144490.000000
-11243.700000 143836.000000
-11201.400000 144334.000000
-10963.200000 145018.000000
-10534.600000 147035.000000
-10532.400000 147238.000000
-10474.500000 148988.000000
-10462.200000 149553.000000
-10416.600000 151902.000000
-10433.300000 152227.000000
-10488.900000 154705.000000
-10885.200000 154881.000000
-14254.900000 155095.000000
-14319.400000 155092.000000
-13900.900000 152864.000000
-13035.900000 152888.000000
-10452.200000 154082.000000
-10309.700000 152240.000000
-10297.500000 152294.000000
-10014.700000 151849.000000
-9701.910000 151918.000000
-10837.400000 154959.000000
-15822.300000 155150.000000
-16814.100000 155148.000000
-22895.500000 155108.000000
-23828.400000 155063.000000
-21976.000000 153619.000000
-20781.500000 152837.000000
-20553.300000 152833.000000
-19528.100000 151036.000000
-19461.300000 149386.000000
-18086.500000 144098.000000
-17482.000000 143880.000000
-13034.800000 146138.000000
-13117.200000 146214.000000
-12964.700000 147280.000000
-9749.780000 147316.000000
-9197.630000 147325.000000
-7943.060000 147204.000000
-7777.200000 147189.000000
-5624.280000 147730.000000
-5413.890000 147781.000000
-4935.210000 148126.000000
-4908.490000 148870.000000
-4910.720000 148473.000000
-4935.210000 147676.000000
-6053.970000 145566.000000
-6219.840000 145468.000000
-7876.270000 141725.000000
-8810.240000 140278.000000
-5776.790000 139281.000000
-5275.850000 139258.000000
-4475.460000 136079.000000
-4471.010000 136070.000000
-4229.450000 132521.000000
-3877.680000 132510.000000
-4562.290000 132539.000000
-4570.080000 132548.000000
-3610.510000 131936.000000
-3704.020000 130693.000000
-3582.680000 125032.000000
-3596.040000 124985.000000
-3702.900000 124969.000000
-3650.580000 124972.000000
-4209.410000 120708.000000
-3798.640000 119599.000000
-3219.780000 115398.000000
-3219.780000 115104.000000
-4186.030000 116603.000000
-4164.880000 116115.000000
-4182.690000 109166.000000
-4220.540000 108345.000000
-4698.100000 95313.800000
-4754.870000 93267.800000
824.459000 91747.200000
946.910000 88995.300000
1647.110000 80893.500000
-3807.550000 129934.000000
1209.620000 83694.300000
1146.170000 84923.300000
1185.130000 85949.600000
3956.990000 85651.300000
4460.150000 85515.500000
4382.230000 84404.500000
4390.020000 84402.300000
4489.100000 84814.200000
4657.190000 84941.100000
4643.830000 84945.500000
4687.250000 84827.500000
5080.200000 85052.400000
699.781000 85918.500000
-1498.780000 86181.200000
-4908.490000 90602.800000
-4773.800000 93606.200000
-4459.880000 100976.000000
-4535.570000 104698.000000
-4171.560000 111037.000000
-4129.260000 113225.000000
-4356.350000 115427.000000
-4222.770000 115757.000000
-4171.560000 117206.000000
-4106.990000 118691.000000
-4261.730000 121988.000000
-4381.950000 123945.000000
-1377.440000 127481.000000
337.993000 128641.000000
-205.246000 135587.000000
1316.490000 137571.000000
630.763000 141088.000000
22.958600 140997.000000
-198.567000 140714.000000
-364.433000 139893.000000
71.939200 139706.000000
250.050000 139421.000000
-188.548000 140124.000000
-237.529000 140251.000000
-1647.950000 137506.000000
-1096.920000 135836.000000
3735.460000 129155.000000
4593.740000 130506.000000
9156.720000 127554.000000
10441.300000 126637.000000
15584.300000 120225.000000
15489.700000 117930.000000
15367.200000 114799.000000
15576.500000 114280.000000
15914.900000 118517.000000
15997.300000 119577.000000
16191.000000 120220.000000
16094.200000 120664.000000
16088.600000 121260.000000
15137.900000 121628.000000
14178.300000 123865.000000
14123.800000 123990.000000
15314.900000 121238.000000
14485.600000 121356.000000
13773.100000 122520.000000
13459.200000 124780.000000
12713.400000 125323.000000
11492.200000 126194.000000
9706.640000 127467.000000
6941.460000 130152.000000
6029.760000 131807.000000
4402.270000 134808.000000
4356.630000 136611.000000
3974.800000 138682.000000
2076.800000 143010.000000
626.310000 143727.000000
-577.053000 144860.000000
-1082.440000 145334.000000
-2413.830000 145372.000000
-3914.410000 145405.000000
-5953.780000 145450.000000
-6131.900000 143664.000000
-4947.460000 143622.000000
-2924.780000 143504.000000
-1870.590000 144631.000000
-1234.950000 145889.000000
-1066.860000 146376.000000
17.392600 146846.000000
16.279400 146942.000000
1238.570000 147060.000000
1265.280000 149210.000000
1248.590000 152982.000000
2607.800000 152708.000000
3055.300000 153498.000000
3050.850000 153672.000000
2991.850000 154404.000000
2554.360000 155967.000000
1505.730000 155947.000000
1281.980000 153249.000000
1312.040000 151742.000000
1297.570000 150355.000000
1238.570000 150758.000000
1211.850000 150851.000000
847.836000 150880.000000
956.929000 151263.000000
2158.070000 151693.000000
2175.880000 152363.000000
1328.740000 151466.000000
1713.900000 150568.000000
2170.310000 150079.000000
1876.430000 149195.000000
1001.460000 149304.000000
193.277000 149319.000000
87.523900 148493.000000
-662.769000 148489.000000
-1522.160000 146861.000000
-1548.870000 145608.000000
-737.354000 146392.000000
-636.053000 145521.000000
-1754.810000 145290.000000
-1794.890000 144920.000000
-1991.920000 142629.000000
-2037.570000 141342.000000
-6110.750000 143549.000000
-6832.100000 143580.000000
-8704.490000 144076.000000
-8659.960000 145261.000000
-9575.010000 115946.000000
-9592.820000 145604.000000
-10466.700000 144987.000000
-14404.000000 139428.000000
-13972.100000 139570.000000
-11800.300000 139459.000000
-7380.900000 139336.000000
-4622.400000 139183.000000
-193.001000 140801.000000
-587.072000 141656.000000
-392.263000 140249.000000
-319.905000 139421.000000
-381.131000 140075.000000
-2365.960000 139038.000000
-5219.080000 139171.000000
-5925.950000 138461.000000
-6001.650000 138806.000000
-10448.900000 151000.000000
-9927.890000 151439.000000
-9748.670000 151421.000000
-8517.470000 151860.000000
-8671.090000 151978.000000
-9374.630000 151581.000000
-9554.970000 150664.000000
-10451.100000 149486.000000
-10495.600000 147728.000000
-9564.990000 144299.000000
-8723.410000 143793.000000
-8716.730000 144098.000000
-8688.900000 144840.000000
-8855.880000 145472.000000
-9001.710000 145472.000000
-10409.900000 145399.000000
-10413.200000 145383.000000
-10431.100000 145027.000000
-10482.300000 145470.000000
-10897.500000 145470.000000
-10942.000000 145194.000000
-12692.000000 142954.000000
-13236.300000 142930.000000
-13929.800000 141834.000000
-14107.900000 141872.000000
-13929.800000 144762.000000
-15068.600000 145477.000000
-16257.500000 143862.000000
-16420.000000 144459.000000
-18009.700000 142907.000000
-18424.900000 142346.000000
-18763.300000 141411.000000
-18158.900000 141627.000000
-17275.000000 144321.000000
-16801.900000 144272.000000
-16021.500000 144824.000000
-14921.700000 145664.000000
-13908.700000 144684.000000
-13869.700000 144105.000000
-15254.500000 145321.000000
-15697.600000 144867.000000
-15613.000000 147193.000000
-15614.100000 147253.000000
-15582.900000 150052.000000
-15587.400000 150677.000000
-15579.600000 152447.000000
-15793.300000 152855.000000
-14362.900000 154142.000000
-14339.500000 155012.000000
-14346.200000 154117.000000
-14349.500000 153013.000000
-14817.000000 152815.000000
-15197.800000 152799.000000
-15562.900000 146007.000000
-15597.400000 143967.000000
-12988.100000 139481.000000
-11574.300000 139470.000000
-8939.370000 139459.000000
-8923.790000 138610.000000
-8241.400000 137390.000000
-8440.660000 137386.000000
-8954.960000 136413.000000
-8977.220000 135313.000000
-8210.230000 133697.000000
-7375.330000 132733.000000
-8921.560000 131898.000000
-11270.400000 131018.000000
-10948.700000 128436.000000
-10998.800000 128561.000000
-10996.600000 128565.000000
-11308.300000 128859.000000
-11255.900000 130533.000000
-12284.500000 131116.000000
-12497.100000 130974.000000
-12383.600000 131001.000000
-11935.000000 129961.000000
-11445.200000 127763.000000
-10948.700000 128095.000000
-9125.280000 131482.000000
-9009.500000 135006.000000
-10729.400000 143744.000000
-10724.900000 144136.000000
-10885.200000 145477.000000
-10992.100000 144795.000000
-12300.100000 142551.000000
-12286.800000 142540.000000
-11221.400000 141585.000000
-10884.100000 141587.000000
-10640.300000 141574.000000
-10895.300000 145474.000000
-10895.300000 145465.000000
-11868.200000 144174.000000
-13445.600000 142912.000000
-13602.500000 142934.000000
-13934.300000 139592.000000
-14155.800000 140160.000000
-16348.800000 141057.000000
-18139.900000 141213.000000
-19531.400000 140191.000000
-19509.200000 140590.000000
-19597.100000 151544.000000
-19613.800000 151971.000000
-18026.400000 152223.000000
-17853.800000 152227.000000
-15566.200000 154344.000000
-15566.200000 155489.000000
-14635.600000 164305.000000
-14879.400000 165254.000000
-13787.300000 165844.000000
-15131.000000 162134.000000
-15489.400000 157537.000000
-15522.800000 157225.000000
-14534.300000 155193.000000
-14106.800000 155008.000000
-14112.400000 154905.000000
-14172.500000 155101.000000
-15000.700000 152813.000000
-16826.400000 150646.000000
-16929.900000 149442.000000
-15900.200000 148240.000000
-16557.000000 147825.000000
-18009.700000 149649.000000
-16549.200000 149213.000000
-16339.900000 149208.000000
-15544.000000 148391.000000
-13989.900000 148240.000000
-13890.900000 148240.000000
-11766.900000 149395.000000
-11751.300000 149794.000000
-12009.600000 154030.000000
-15757.700000 155302.000000
-15823.400000 155201.000000
-14485.300000 155331.000000
-13978.800000 155119.000000
-14055.600000 155108.000000
-14177.000000 152868.000000
-14008.900000 152873.000000
-11545.400000 150090.000000
-11542.000000 149742.000000
-9518.230000 146779.000000
-9589.480000 146688.000000
-8789.090000 141654.000000
-6719.660000 139341.000000
-6421.330000 139314.000000
-4684.740000 95202.500000
-4585.670000 92646.600000
899.043000 90023.900000
932.439000 89315.900000
4658.300000 84936.600000
4474.630000 84689.500000
4380.000000 84404.500000
4533.620000 84195.200000
5072.410000 84803.000000
1126.130000 85368.600000
1274.190000 82440.800000
1646.000000 80898.000000
1522.430000 80771.100000
1521.320000 80163.300000
-2167.810000 82104.700000
-3734.070000 82222.700000
-7948.630000 81470.100000
-9331.220000 82670.200000
-13199.600000 86947.100000
-14742.500000 86691.000000
-18589.700000 85555.600000
-18593.000000 83004.100000
-22126.300000 82955.100000
-23181.600000 83046.400000
-24112.200000 82926.200000
-23441.000000 83070.900000
-23375.300000 83890.200000
-23105.900000 83972.600000
-22900.000000 83959.200000
-20249.400000 82846.100000
-19095.100000 82832.700000
-16709.500000 85666.900000
-16760.700000 86078.800000
-11720.100000 86183.400000
-11014.400000 85174.900000
-7262.900000 81254.200000
-6346.740000 80877.900000
-3049.460000 82578.900000
-2152.220000 82106.900000
1407.770000 80254.500000
1643.770000 80900.200000
1200.720000 83718.800000
1670.490000 85769.300000
5060.170000 84337.700000
4381.120000 84406.800000
4600.420000 84173.000000
5091.340000 85535.500000
5375.200000 89730.000000
4823.060000 92851.400000
1637.090000 93254.400000
1656.020000 95516.400000
1666.030000 101249.000000
1305.360000 104380.000000
-1824.940000 105878.000000
-1865.020000 109532.000000
-1228.270000 115113.000000
-1517.700000 116362.000000
-2213.450000 118172.000000
-2837.950000 118206.000000
-3974.520000 119325.000000
-4249.480000 121592.000000
-4427.590000 124522.000000
-4637.990000 127211.000000
-4728.160000 130066.000000
-4747.080000 132918.000000
-4759.330000 133309.000000
-4761.550000 133639.000000
-5152.280000 134781.000000
-6915.590000 136166.000000
-7566.800000 137388.000000
-8808.020000 137404.000000
-8891.510000 137408.000000
-9198.750000 137422.000000
-11527.600000 137495.000000
-12594.000000 137455.000000
-13001.400000 136535.000000
-13170.600000 136462.000000
-14837.100000 136382.000000
-14886.100000 135587.000000
-14903.900000 136504.000000
-14744.700000 136529.000000
-13002.500000 136482.000000
-12955.800000 138223.000000
-11607.700000 139490.000000
-9526.030000 139439.000000
-7905.220000 142921.000000
-7683.690000 143874.000000
-6333.380000 145443.000000
-6096.270000 145541.000000
-6018.350000 147008.000000
-5259.150000 147082.000000
-4912.950000 148803.000000
-4905.160000 149079.000000
-4859.510000 151085.000000
-4101.430000 151045.000000
-2186.730000 151054.000000
-1737.000000 151267.000000
-1286.160000 152957.000000
-707.297000 152775.000000
509.425000 152628.000000
1155.080000 151454.000000
1283.100000 150221.000000
1299.790000 144366.000000
1268.620000 142055.000000
2655.660000 139499.000000
3193.340000 138570.000000
3705.410000 137651.000000
3719.880000 137620.000000
3263.470000 136843.000000
2805.950000 136242.000000
1976.620000 135162.000000
2391.840000 133606.000000
2982.940000 131807.000000
3151.040000 132528.000000
1976.620000 131664.000000
1721.690000 129676.000000
1787.370000 129696.000000
1936.540000 131321.000000
1625.960000 131962.000000
1451.190000 132018.000000
228.900000 133027.000000
-551.450000 134436.000000
-3107.350000 134538.000000
-5134.470000 134719.000000
-5282.530000 132653.000000
-5047.640000 132833.000000
-4747.080000 132521.000000
-4223.880000 132548.000000
-3726.280000 133768.000000
-3686.210000 135799.000000
-3609.400000 138764.000000
-3604.940000 138987.000000
-3056.140000 139171.000000
-2485.070000 139149.000000
-570.374000 140193.000000
-653.864000 140089.000000
-900.993000 138726.000000
-816.390000 137731.000000
-2108.810000 137286.000000
-2154.450000 136012.000000
-2281.350000 135896.000000
-2888.050000 136179.000000
-2853.540000 138152.000000
-2834.610000 139196.000000
-2734.430000 141839.000000
-2752.240000 143090.000000
-2754.460000 144929.000000
-2727.750000 146312.000000
-2683.220000 149032.000000
-2672.090000 149727.000000
-2611.970000 151853.000000
-2606.410000 152548.000000
-2588.600000 153449.000000
-2522.920000 153452.000000
-2518.470000 153452.000000
-2511.790000 153449.000000
-2502.880000 153449.000000
-2499.540000 153447.000000
-2489.520000 153447.000000
-2481.730000 153445.000000
-2467.260000 153443.000000
-1552.210000 153814.000000
-682.807000 156052.000000
-2082.090000 160957.000000
-17315.100000 162050.000000
-15774.400000 161876.000000
-14899.400000 163786.000000
-14623.300000 164381.000000
-13607.000000 165833.000000
-11650.000000 168293.000000
-12709.800000 172436.000000
-12724.200000 173850.000000
-12824.400000 174912.000000
-12841.100000 175428.000000
-13558.000000 178730.000000
-14046.700000 178636.000000
-14043.400000 178590.000000
-13553.600000 178799.000000
-14164.700000 177690.000000
-14140.200000 177269.000000
-13135.000000 176662.000000
-12397.000000 175735.000000
-11711.200000 172189.000000
-11611.000000 168963.000000
-11309.400000 161636.000000
-11260.400000 158955.000000
-10440.000000 152452.000000
-10442.200000 150266.000000
-10440.000000 144798.000000
-9360.160000 144116.000000
-7805.030000 136233.000000
-3717.380000 134783.000000
-1915.110000 134692.000000
619.631000 128825.000000
1571.410000 125842.000000
3581.840000 118344.000000
3526.180000 114801.000000
4105.040000 111184.000000
4739.570000 109852.000000
5439.770000 98192.600000
6974.860000 92936.100000
6978.200000 90921.200000
8046.870000 85399.700000
9036.500000 84014.900000
10166.400000 75795.100000
10546.000000 71413.500000
10536.000000 71409.100000
10422.400000 71910.000000
10430.200000 71996.900000
10159.700000 73550.900000
10159.700000 73713.400000
10160.800000 75712.700000
10161.900000 75861.900000
9102.180000 77896.800000
9074.350000 77985.800000
4993.370000 82289.500000
4382.230000 84400.100000
4670.550000 83950.300000
4686.130000 84807.500000
4657.190000 84947.800000
4658.300000 84976.700000
4653.850000 84976.700000
4123.970000 85644.600000
2038.950000 85660.200000
-2290.260000 86245.700000
-4193.820000 86682.100000
-5410.550000 90431.400000
-6918.920000 90562.700000
-7507.800000 86290.300000
-10614.700000 86270.200000
-12952.400000 87051.700000
-15439.300000 87189.700000
-20165.900000 89587.600000
-22417.900000 89505.200000
-23297.400000 86699.900000
-24125.600000 83580.800000
-24126.700000 83591.900000
-24124.500000 83594.100000
-24358.200000 84869.800000
-25186.500000 84938.900000
-24061.000000 90130.800000
-23237.200000 93917.900000
-21213.500000 100232.000000
-20253.900000 103710.000000
-18886.900000 107158.000000
-16713.900000 111851.000000
-14366.200000 117791.000000
-13584.700000 119853.000000
-13731.700000 121198.000000
-13589.200000 121821.000000
-12245.600000 123707.000000
-11163.500000 124268.000000
-11219.200000 125668.000000
-10553.500000 127719.000000
-8831.390000 132218.000000
-7721.540000 137007.000000
-8841.410000 141447.000000
-9872.230000 142774.000000
-10468.900000 142887.000000
-10482.300000 148605.000000
-10442.200000 152557.000000
-12664.100000 155077.000000
-14340.600000 154727.000000
-13838.500000 154567.000000
-14349.500000 153623.000000
-14607.800000 152806.000000
-15571.800000 149611.000000
-15575.100000 144922.000000
-13857.500000 139543.000000
-10631.400000 139445.000000
-7748.260000 139025.000000
-7957.540000 135066.000000
-7399.830000 132748.000000
-6566.040000 130059.000000
-4752.650000 130157.000000
-3565.980000 125757.000000
-2714.390000 123547.000000
-2495.090000 123023.000000
-3325.530000 122068.000000
-4131.480000 120472.000000
-3764.130000 119359.000000
-3815.340000 117128.000000
-2345.920000 117420.000000
-2762.260000 117892.000000
-3216.440000 118473.000000
-3620.530000 118513.000000
-3843.170000 119334.000000
-4251.710000 121792.000000
-4493.270000 125241.000000
-7304.090000 127187.000000
-10234.000000 127100.000000
-9339.010000 130831.000000
-8064.400000 134581.000000
-7908.560000 141578.000000
-7972.010000 143232.000000
-10535.700000 144844.000000
-12186.600000 145958.000000
-12906.800000 146565.000000
-11703.400000 145926.000000
-10033.600000 144522.000000
-6990.170000 144597.000000
-6085.140000 145546.000000
-5014.250000 145223.000000
-5028.720000 145100.000000
-4452.080000 145419.000000
-4633.540000 143604.000000
-3608.280000 141770.000000
-2798.990000 141937.000000
-3801.980000 143477.000000
-4620.180000 143453.000000
-3706.240000 141324.000000
-3622.750000 141770.000000
-1714.740000 141260.000000
-1604.530000 140102.000000
-648.298000 141002.000000
-2815.690000 140728.000000
-2829.050000 139169.000000
-3314.400000 135750.000000
-3323.310000 135603.000000
-3563.760000 135961.000000
-3649.470000 137624.000000
-3645.020000 137751.000000
-4346.330000 139053.000000
-4066.920000 137722.000000
-3655.040000 137762.000000
-3651.700000 137776.000000
-3642.790000 137050.000000
-3669.510000 135716.000000
-3313.290000 135698.000000
-3643.910000 137506.000000
-3603.830000 139069.000000
-3548.170000 141605.000000
-3543.720000 143052.000000
-3730.730000 145107.000000
-3711.810000 146102.000000
-5295.890000 147060.000000
-6030.600000 146131.000000
-4350.780000 145417.000000
-3874.340000 141814.000000
-4079.160000 141819.000000
-3722.940000 141779.000000
-3737.410000 143123.000000
-3542.600000 140739.000000
-2852.420000 139147.000000
4908.770000 135736.000000
3630.820000 135665.000000
3161.060000 135950.000000
2672.360000 136017.000000
3663.110000 137410.000000
5809.350000 138499.000000
5366.290000 138472.000000
4779.640000 140147.000000
4709.510000 140645.000000
4219.700000 141534.000000
3085.360000 142351.000000
1985.520000 142217.000000
1352.110000 143497.000000
886.798000 145314.000000
571.764000 145784.000000
-874.277000 146396.000000
-1042.370000 146365.000000
-735.127000 145388.000000
-644.958000 145405.000000
-1841.640000 147022.000000
-2019.750000 147690.000000
-1562.230000 145555.000000
-1278.370000 145394.000000
-134.002000 146392.000000
6.260670 148533.000000
2.921090 152263.000000
135.391000 152739.000000
3054.190000 153467.000000
3005.210000 154396.000000
3078.680000 153369.000000
3109.850000 152516.000000
3104.280000 152554.000000
3479.430000 151074.000000
4352.170000 151045.000000
5772.610000 149123.000000
5752.570000 148206.000000
4033.800000 149375.000000
3097.600000 149395.000000
2614.480000 149709.000000
2161.410000 149522.000000
1874.200000 148102.000000
1526.880000 148088.000000
1858.620000 148885.000000
2025.600000 149346.000000
3683.140000 149406.000000
5391.900000 149375.000000
7510.310000 149353.000000
7607.160000 150715.000000
8384.170000 150666.000000
9261.360000 150755.000000
9500.700000 150194.000000
8647.990000 150655.000000
7264.290000 150816.000000
5934.020000 150922.000000
5093.560000 149357.000000
3686.480000 149175.000000
3408.180000 148720.000000
3102.060000 149273.000000
2349.540000 150898.000000
1345.430000 150228.000000
1276.420000 151866.000000
60.807200 152610.000000
-1836.080000 153371.000000
-2609.750000 153316.000000
-2473.940000 153380.000000
-2358.170000 152746.000000
-1199.330000 141231.000000
-439.017000 141828.000000
-1754.810000 144163.000000
-2755.580000 143426.000000
-3492.510000 141761.000000
-3520.340000 142300.000000
-5555.260000 143600.000000
-8436.210000 143655.000000
-10470.000000 149495.000000
-10773.900000 151405.000000
-11896.000000 150976.000000
-12020.700000 150488.000000
-10683.800000 149529.000000
-10770.600000 148311.000000
-11938.300000 148246.000000
-11582.100000 147307.000000
-10906.400000 145383.000000
-10867.400000 145911.000000
-10524.600000 147483.000000
-10415.500000 151517.000000
-11319.400000 156847.000000
-10238.500000 156914.000000
-10378.700000 153696.000000
-10299.700000 152554.000000
-10122.700000 152608.000000
-10761.700000 150486.000000
-10786.200000 149037.000000
-10488.900000 146708.000000
-9607.290000 144286.000000
-7601.310000 139232.000000
-7935.270000 139815.000000
-7813.930000 140343.000000
-6569.380000 139298.000000
-1159.250000 139532.000000
1014.820000 142393.000000
1821.880000 147026.000000
1751.750000 148364.000000
2253.800000 147002.000000
1912.050000 146953.000000
932.439000 145307.000000
57.467600 145312.000000
-1758.150000 145319.000000
-1814.930000 144559.000000
-1178.180000 142195.000000
-1130.310000 141238.000000
-375.565000 141730.000000
-1643.490000 142355.000000
-7987.590000 143626.000000
-10150.500000 144524.000000
-9903.400000 141587.000000
-8957.180000 139505.000000
-8908.200000 139069.000000
-7741.580000 136567.000000
-7113.730000 135026.000000
-4674.720000 133401.000000
-3640.570000 132448.000000
-3249.830000 126287.000000
-2987.120000 126196.000000
-3872.110000 123353.000000
-4137.050000 120517.000000
-4117.010000 117455.000000
-4096.980000 115765.000000
-1542.190000 114717.000000
-159.605000 114024.000000
1528.000000 113762.000000
4929.920000 108690.000000
5424.180000 102843.000000
6575.220000 94948.700000
6975.970000 91482.200000
7159.650000 85337.400000
7206.410000 85263.900000
6611.960000 85462.100000
4685.020000 84818.600000
4657.190000 84950.000000
4658.300000 84947.800000
5106.920000 86167.800000
5488.750000 90816.500000
4611.550000 93488.200000
1583.660000 93786.500000
1711.680000 95970.600000
1962.140000 101178.000000
1572.530000 103233.000000
-902.106000 105782.000000
-1889.510000 107470.000000
-1426.420000 113935.000000
-1754.810000 115930.000000
-3229.800000 117722.000000
-3079.520000 119423.000000
-4507.740000 122128.000000
-5669.920000 124272.000000
-7768.290000 125190.000000
-10200.600000 125931.000000
-11291.600000 125591.000000
-15518.400000 124286.000000
-15084.200000 127955.000000
-14615.600000 130475.000000
-15844.500000 132581.000000
-17230.400000 132915.000000
-15360.300000 140365.000000
-15185.500000 140247.000000
-14388.500000 139655.000000
-14370.700000 139441.000000
-14780.300000 137319.000000
-14713.500000 133971.000000
-13620.400000 133902.000000
-12404.700000 133815.000000
-12177.700000 135186.000000
-8597.620000 135088.000000
-7708.180000 137994.000000
-7429.880000 138345.000000
-6773.100000 138297.000000
-5240.230000 139261.000000
-4724.820000 140378.000000
-5968.260000 143602.000000
-8662.190000 143649.000000
-8683.340000 144486.000000
-8586.490000 147714.000000
-8553.090000 149130.000000
-8216.910000 151276.000000
-8210.230000 151944.000000
-7770.520000 152051.000000
-7504.470000 153218.000000
-8392.790000 154542.000000
-9472.590000 154612.000000
-11312.700000 156266.000000
-11637.800000 156831.000000
-9841.060000 156900.000000
-8527.490000 156943.000000
-7526.730000 156889.000000
-7447.690000 156894.000000
-7330.810000 156887.000000
-5632.070000 156406.000000
-4637.990000 156161.000000
-2545.180000 156119.000000
585.122000 155983.000000
1218.530000 156969.000000
1900.920000 157973.000000
2431.910000 158022.000000
5010.070000 158904.000000
6524.020000 160456.000000
7110.670000 161665.000000
7071.710000 160990.000000
4809.700000 158688.000000
3162.170000 157973.000000
1999.990000 157971.000000
736.517000 157940.000000
-388.924000 157980.000000
668.612000 158074.000000
-835.315000 157944.000000
-1723.640000 157969.000000
-2594.160000 158047.000000
-3220.890000 158087.000000
-3222.000000 160934.000000
-8244.740000 159258.000000
-8494.100000 159287.000000
-9674.080000 159374.000000
-10765.000000 158612.000000
-10797.300000 156954.000000
-13396.600000 156735.000000
-13777.300000 157833.000000
-13918.700000 158005.000000
-14701.300000 157165.000000
-15433.800000 160010.000000
-15606.300000 163847.000000
-16841.900000 163876.000000
-17348.400000 162199.000000
-17326.200000 161471.000000
-16248.600000 158608.000000
-14424.100000 156956.000000
-11579.900000 156838.000000
-9796.530000 156902.000000
-8593.170000 156943.000000
-7345.280000 156871.000000
-8367.190000 156878.000000
-10070.400000 156869.000000
-10831.800000 155106.000000
-10383.200000 153639.000000
-10324.200000 150531.000000
-10605.800000 150433.000000
-10775.000000 147841.000000
-10470.000000 145704.000000
-10385.400000 145452.000000
-11537.600000 145771.000000
-13005.900000 145953.000000
-14306.100000 147276.000000
-17878.300000 149092.000000
-19863.200000 149077.000000
-22077.300000 148609.000000
-23243.900000 148629.000000
-25508.200000 148932.000000
-24302.600000 148959.000000
-22450.200000 148482.000000
-21945.900000 149981.000000
-21937.000000 151301.000000
-20813.800000 151621.000000
-20632.400000 152385.000000
-21530.700000 154433.000000
-22323.300000 153610.000000
-24471.800000 153621.000000
-26550.100000 153623.000000
-27937.200000 152946.000000
-29301.900000 152844.000000
-30208.100000 152826.000000
-29333.100000 152011.000000
-29333.100000 152169.000000
-27979.500000 152859.000000
-26647.000000 152913.000000
-26660.300000 154758.000000
-26181.600000 155442.000000
-22215.300000 155181.000000
-19611.600000 156506.000000
-18588.500000 162947.000000
-18127.700000 168898.000000
-13640.400000 169978.000000
-9737.530000 169913.000000
-7802.800000 169813.000000
-7948.630000 171334.000000
-7036.920000 169791.000000
-9413.590000 169829.000000
-11591.000000 166636.000000
-12830.000000 165859.000000
-15105.400000 162070.000000
-15562.900000 161524.000000
-15791.100000 161638.000000
-15822.300000 161776.000000
-21725.500000 162335.000000
-21951.500000 162517.000000
-23609.100000 161903.000000
-23605.700000 161709.000000
-24352.700000 158726.000000
-24353.800000 158421.000000
-24980.500000 155126.000000
-25214.300000 155128.000000
-31114.200000 156475.000000
-31185.500000 156689.000000
-31221.100000 159973.000000
-31129.800000 159901.000000
-28052.900000 165136.000000
-27939.400000 165178.000000
-28862.200000 163686.000000
-28927.900000 163508.000000
-29393.200000 159970.000000
-29148.300000 160273.000000
-27239.200000 161965.000000
-28929.000000 160558.000000
-29100.400000 160322.000000
-31262.300000 156791.000000
-31156.500000 156664.000000
-26875.200000 156464.000000
-26966.500000 156261.000000
-27933.800000 152828.000000
-28134.200000 152821.000000
-29343.100000 151962.000000
-29324.200000 152819.000000
-28576.100000 152853.000000
-27682.200000 150283.000000
-27730.100000 149767.000000
-23951.900000 148921.000000
-23526.700000 148792.000000
-21935.900000 150370.000000
-21937.000000 151003.000000
-23774.900000 152824.000000
-24210.200000 152819.000000
-26721.500000 152837.000000
-27664.400000 152833.000000
-29061.500000 151227.000000
-29005.800000 151112.000000
-28182.100000 151417.000000
-28487.100000 151998.000000
-28058.500000 152848.000000
-27174.600000 152850.000000
-25905.600000 153639.000000
-24988.300000 153639.000000
-24717.800000 156355.000000
-24715.600000 156357.000000
-22508.100000 155179.000000
-21320.300000 155173.000000
-18616.400000 163450.000000
-18579.600000 164744.000000
-13804.000000 169958.000000
-12421.400000 169922.000000
-4807.190000 169604.000000
-3564.870000 169608.000000
491.614000 171492.000000
1175.120000 172554.000000
3433.790000 176811.000000
3857.920000 178182.000000
5780.400000 183207.000000
5473.160000 184686.000000
5534.390000 185431.000000
5473.160000 184830.000000
7540.360000 182223.000000
7643.890000 181707.000000
8180.450000 177851.000000
7968.940000 177336.000000
6772.260000 174326.000000
6320.300000 174731.000000
3383.690000 170993.000000
2970.700000 169985.000000
1927.640000 168883.000000
877.892000 169352.000000
-5451.730000 168729.000000
-5479.560000 167424.000000
-5785.690000 164036.000000
-6234.310000 163942.000000
-6933.400000 161999.000000
-6893.320000 160750.000000
-8900.410000 161262.000000
-8680.000000 161222.000000
-9005.050000 163695.000000
-9503.760000 163704.000000
-9547.180000 161500.000000
-9575.010000 161041.000000
-9636.230000 157568.000000
-9203.200000 157470.000000
-9238.820000 157784.000000
-9245.500000 158011.000000
-8460.700000 160436.000000
-8462.930000 160872.000000
-8812.470000 164461.000000
-8278.140000 164105.000000
-7062.530000 165632.000000
-7053.620000 164946.000000
-9659.610000 164590.000000
-10454.400000 165018.000000
-10136.100000 161589.000000
-9564.990000 161271.000000
-9621.760000 158131.000000
-9627.330000 158013.000000
-12087.500000 156758.000000
-11978.400000 156811.000000
-12281.200000 157261.000000
-12700.900000 157016.000000
-12497.100000 156776.000000
-8482.960000 156916.000000
-8492.980000 151933.000000
-8357.170000 151261.000000
-6460.290000 149377.000000
-5605.350000 149315.000000
-3336.660000 149106.000000
-2742.220000 149095.000000
-3661.720000 148313.000000
-3740.750000 144183.000000
-3749.660000 143633.000000
-4701.440000 141302.000000
-4708.120000 140688.000000
-4347.440000 138746.000000
-4349.670000 139102.000000
-4715.910000 133512.000000
-4721.480000 132737.000000
-4387.520000 133336.000000
-4699.210000 133367.000000
-4772.690000 138081.000000
-4789.380000 139327.000000
-4724.820000 143586.000000
-4659.140000 143444.000000
-4720.360000 140051.000000
-4768.230000 138978.000000
-4735.950000 132960.000000
-4725.930000 132613.000000
-3771.920000 129963.000000
-3646.130000 128307.000000
-3892.150000 123208.000000
-4230.560000 122077.000000
-3607.170000 118540.000000
-3079.520000 118459.000000
-2327.000000 117400.000000
-2370.410000 117351.000000
-3994.560000 119325.000000
-5055.440000 120986.000000
-5053.210000 121178.000000
-4278.430000 121636.000000
-4261.730000 121632.000000
-3783.050000 117195.000000
-3735.190000 116585.000000
-2478.390000 114559.000000
-2028.660000 114559.000000
-1744.790000 112096.000000
-1775.960000 111462.000000
-1885.060000 106711.000000
-1633.480000 105858.000000
2044.520000 100541.000000
1925.410000 98083.500000
4425.640000 93399.100000
4442.340000 93390.200000
4890.960000 92717.900000
5521.030000 90988.000000
4653.850000 84943.300000
4660.530000 84947.800000
4637.150000 84909.900000
4666.090000 84994.500000
4693.920000 84845.300000
4769.620000 84791.900000
8858.390000 85373.000000
9339.290000 85381.900000
10446.900000 82367.400000
10480.300000 81327.700000
10354.500000 80920.200000
10356.700000 80902.400000
10164.200000 80964.800000
10115.200000 80953.600000
9035.380000 79840.400000
9049.860000 78008.100000
9121.100000 76017.700000
9153.380000 75289.700000
8879.540000 75405.500000
8829.440000 72949.700000
8621.280000 72335.300000
8515.520000 72350.900000
6573.000000 73544.200000
8528.880000 72382.000000
5813.800000 72299.600000
5643.480000 72092.600000
5592.270000 70384.900000
5586.710000 70409.400000
