-1257.220000 166500.000000
-1682.460000 166414.000000
-1976.340000 164034.000000
-2830.160000 163840.000000
-2968.200000 163893.000000
-7357.520000 164054.000000
-13024.800000 165850.000000
-13909.800000 165572.000000
-15598.500000 157695.000000
-15860.100000 158964.000000
-15850.100000 159227.000000
-13521.300000 165835.000000
-12451.500000 165881.000000
-6125.220000 164123.000000
-6405.740000 164047.000000
-6934.510000 164036.000000
-7369.770000 166674.000000
-7835.080000 165948.000000
-7761.610000 165576.000000
-5662.130000 164118.000000
-5596.450000 161088.000000
-4922.970000 160767.000000
-499.130000 158423.000000
1452.300000 158018.000000
1418.910000 159797.000000
1303.130000 151693.000000
1270.850000 150217.000000
1476.790000 144359.000000
364.709000 142914.000000
307.936000 142829.000000
251.164000 142792.000000
-475.753000 143261.000000
-1712.510000 142355.000000
-2861.330000 141291.000000
-3211.990000 139305.000000
-3194.170000 139229.000000
3410.410000 136362.000000
11157.100000 126147.000000
16926.800000 105956.000000
22607.500000 106190.000000
23964.400000 107804.000000
19983.700000 106027.000000
18572.100000 106003.000000
14247.400000 105976.000000
12180.200000 111796.000000
11664.800000 116144.000000
11693.700000 116206.000000
10687.400000 119357.000000
10539.300000 119490.000000
8514.410000 125459.000000
6485.060000 130978.000000
2781.460000 139292.000000
2162.520000 140385.000000
2079.030000 143039.000000
2640.080000 144265.000000
2645.650000 144263.000000
2653.440000 144288.000000
1713.900000 144722.000000
1200.720000 142164.000000
1571.410000 141454.000000
1423.360000 141743.000000
1263.060000 146194.000000
-673.901000 147002.000000
-722.882000 147825.000000
-1000.070000 148142.000000
29.637800 144704.000000
1313.150000 143330.000000
1182.910000 142211.000000
1575.870000 141440.000000
1579.210000 141440.000000
1588.110000 141442.000000
1130.590000 142273.000000
1239.680000 146661.000000
-618.242000 146995.000000
-1580.040000 146999.000000
-2367.070000 147008.000000
-1514.360000 146443.000000
-1546.650000 145724.000000
775.478000 145336.000000
2391.840000 143154.000000
2485.350000 146922.000000
595.141000 149288.000000
51.901700 149400.000000
-278.717000 149571.000000
-444.583000 149422.000000
-1021.220000 149112.000000
-1463.160000 147959.000000
-759.617000 147002.000000
-631.600000 146414.000000
-765.183000 146401.000000
-2657.610000 146991.000000
-4620.180000 147476.000000
-4617.950000 147487.000000
-2714.390000 149119.000000
-2619.770000 153091.000000
-2621.990000 153169.000000
-3580.450000 152777.000000
-3655.040000 149371.000000
-3571.550000 149130.000000
-1679.120000 149099.000000
-1639.040000 145452.000000
-1557.780000 145461.000000
-1536.630000 146648.000000
-2729.970000 147229.000000
-2725.520000 147552.000000
-2431.640000 149106.000000
-966.672000 149486.000000
-988.936000 149500.000000
-1725.870000 147783.000000
-1554.440000 145470.000000
1247.470000 145904.000000
1877.540000 147567.000000
1875.310000 147719.000000
1246.360000 147451.000000
619.631000 149282.000000
570.650000 149275.000000
-78.342100 148513.000000
-1565.570000 149041.000000
-1593.400000 149043.000000
-1549.990000 153979.000000
-1337.370000 157996.000000
-1555.550000 158000.000000
-3401.230000 157428.000000
-3499.190000 154676.000000
-3549.280000 153133.000000
-2020.870000 152675.000000
-1728.100000 152630.000000
-710.637000 152837.000000
-912.125000 152606.000000
-1739.230000 149146.000000
-1818.270000 144599.000000
-1820.490000 143949.000000
-4729.270000 141658.000000
-4976.400000 141157.000000
-2566.330000 139085.000000
117.580000 141763.000000
12.939800 141972.000000
60.807200 141173.000000
1253.040000 143246.000000
2503.160000 144452.000000
1791.830000 143201.000000
1656.020000 143286.000000
1306.470000 143495.000000
-436.791000 145336.000000
-610.449000 145341.000000
-58.304600 145356.000000
-7829.520000 135932.000000
696.442000 141302.000000
6114.360000 131473.000000
6536.260000 130731.000000
14062.600000 123500.000000
15503.000000 118141.000000
15429.600000 117188.000000
15253.700000 114659.000000
14875.200000 112375.000000
15280.400000 112299.000000
15386.200000 106519.000000
20417.800000 106049.000000
21041.200000 106061.000000
23902.100000 108245.000000
23992.300000 108530.000000
23954.400000 108523.000000
29509.300000 112829.000000
35973.600000 117208.000000
35343.500000 115924.000000
35352.400000 115977.000000
35312.400000 116703.000000
35566.200000 118014.000000
35955.800000 118332.000000
35304.600000 118851.000000
35303.400000 118856.000000
35845.600000 118050.000000
35320.100000 115910.000000
35864.500000 117887.000000
35309.000000 118827.000000
35310.100000 118825.000000
33130.500000 117907.000000
30078.100000 115086.000000
29350.100000 114127.000000
27021.300000 110934.000000
24706.900000 109142.000000
23923.300000 108779.000000
23480.200000 107229.000000
23197.500000 105891.000000
22679.800000 106041.000000
22577.400000 105998.000000
22776.700000 106127.000000
24130.300000 107706.000000
24139.200000 107701.000000
23540.300000 108496.000000
23082.800000 104556.000000
22964.800000 99383.700000
23008.200000 99063.100000
22511.700000 94127.200000
22653.100000 93693.000000
21298.300000 94102.700000
15986.200000 101087.000000
14570.200000 103469.000000
11809.500000 106049.000000
9980.490000 105818.000000
10248.800000 105867.000000
9938.190000 105825.000000
8121.450000 106611.000000
8226.090000 110317.000000
3655.310000 111224.000000
-250.887000 114058.000000
-1141.440000 114991.000000
-3188.610000 115725.000000
-3335.550000 115752.000000
-3227.570000 115690.000000
-3079.520000 119408.000000
-4267.290000 121875.000000
-4437.610000 124653.000000
-2400.470000 127356.000000
5473.160000 132274.000000
7267.630000 136331.000000
9765.640000 144087.000000
8058.000000 145610.000000
7859.850000 145655.000000
7473.570000 145688.000000
5903.970000 149346.000000
5631.230000 149364.000000
4444.570000 144746.000000
3419.320000 136375.000000
5610.080000 132405.000000
9855.810000 127071.000000
15279.300000 121127.000000
15369.500000 116311.000000
15238.100000 114608.000000
15168.000000 114988.000000
15269.300000 116306.000000
14684.800000 117952.000000
12539.700000 117097.000000
12396.100000 117978.000000
13189.800000 121349.000000
13542.700000 124716.000000
12412.800000 125526.000000
11642.500000 126434.000000
9702.190000 130422.000000
8525.540000 131433.000000
6911.410000 133888.000000
5161.470000 137455.000000
4482.420000 137453.000000
3892.420000 138221.000000
1798.500000 141062.000000
1096.080000 142311.000000
907.949000 142622.000000
245.598000 142769.000000
187.711000 142705.000000
163.221000 143333.000000
-1181.520000 142418.000000
-2032.000000 141260.000000
-2793.420000 141307.000000
-3218.660000 139303.000000
-424.546000 140532.000000
-91.700500 140979.000000
2763.640000 137299.000000
4085.010000 134935.000000
4085.010000 134932.000000
4100.590000 134901.000000
6578.560000 130308.000000
9399.400000 122485.000000
9839.110000 120902.000000
13342.300000 118341.000000
15280.400000 116284.000000
15299.300000 110763.000000
18500.900000 106009.000000
22262.400000 106103.000000
22588.500000 105987.000000
23931.000000 107828.000000
24022.300000 107978.000000
20923.200000 106001.000000
20184.000000 106012.000000
16055.200000 105909.000000
12131.200000 112361.000000
11994.300000 113953.000000
10351.200000 119675.000000
9308.120000 122672.000000
7258.730000 129578.000000
5713.610000 132539.000000
4395.590000 134832.000000
754.328000 143691.000000
-1099.140000 145316.000000
-1813.810000 147554.000000
-1804.910000 148674.000000
-4393.090000 148500.000000
-3656.150000 148968.000000
-3650.580000 149095.000000
-2092.110000 151285.000000
-2522.920000 149640.000000
-3616.080000 149072.000000
-8146.780000 148151.000000
-6733.020000 149589.000000
-6527.080000 154351.000000
-4593.460000 154347.000000
-4306.260000 154327.000000
-2518.470000 155787.000000
-578.167000 155331.000000
-533.639000 155611.000000
-535.865000 155636.000000
175.466000 153683.000000
1023.720000 153576.000000
5167.030000 152744.000000
3856.800000 150562.000000
3857.920000 150559.000000
3090.920000 151080.000000
1619.280000 152630.000000
753.214000 152621.000000
-2302.510000 152623.000000
-5160.080000 152755.000000
-5649.880000 152788.000000
-8374.980000 152906.000000
-10745.000000 154863.000000
-11287.100000 154923.000000
-15342.500000 155095.000000
-14236.000000 155306.000000
-13965.400000 155173.000000
-14194.800000 152850.000000
-12349.100000 152924.000000
-12286.800000 153062.000000
-12282.300000 153149.000000
-12028.500000 152906.000000
-11867.100000 152977.000000
-12002.900000 154912.000000
-11280.400000 158657.000000
-11239.200000 160008.000000
-9127.500000 161907.000000
-7860.690000 161326.000000
-7860.690000 161295.000000
-6982.380000 159102.000000
-6379.030000 158200.000000
-6706.300000 157648.000000
-7289.620000 157009.000000
-8448.450000 156341.000000
-8957.180000 156905.000000
-5701.090000 156444.000000
-4252.820000 156141.000000
-1969.660000 155932.000000
811.101000 155106.000000
1231.890000 155771.000000
1286.430000 149088.000000
1185.130000 147042.000000
980.306000 148146.000000
64.146800 148491.000000
-1498.780000 147808.000000
-1507.680000 147823.000000
-1743.680000 147213.000000
-1689.140000 151590.000000
-1607.870000 153042.000000
-460.168000 159035.000000
-3157.440000 163562.000000
-3380.080000 163996.000000
-3948.920000 164014.000000
-9518.230000 164450.000000
-9774.270000 165565.000000
-10425.500000 166389.000000
-6810.940000 163270.000000
-7021.340000 162495.000000
-6947.870000 160792.000000
-6996.850000 158741.000000
-7292.960000 155992.000000
-7345.280000 154921.000000
-8297.060000 153581.000000
-8477.400000 152619.000000
-8458.470000 152579.000000
-9576.120000 152866.000000
-10433.300000 150421.000000
-10539.000000 145653.000000
-8402.810000 139370.000000
-6507.040000 139287.000000
-3587.130000 139047.000000
-2008.620000 136771.000000
-2018.640000 136769.000000
-2832.390000 138980.000000
-2850.200000 139042.000000
-1676.890000 147467.000000
-1631.250000 146991.000000
-1696.930000 146993.000000
-1474.290000 148008.000000
-1095.800000 148502.000000
-1106.930000 148545.000000
597.367000 148228.000000
2257.140000 147776.000000
2496.480000 147654.000000
2970.700000 147656.000000
2220.410000 147805.000000
2123.560000 147854.000000
2038.950000 147894.000000
816.667000 145296.000000
591.801000 144800.000000
1247.470000 144087.000000
1274.190000 148346.000000
1268.620000 148703.000000
1516.870000 152659.000000
3064.210000 154342.000000
3064.210000 154347.000000
4373.320000 154393.000000
6677.640000 154485.000000
6581.900000 154567.000000
5472.050000 154302.000000
3310.220000 154389.000000
3379.240000 154384.000000
2594.440000 155126.000000
1878.650000 155250.000000
1873.090000 155271.000000
1876.430000 155275.000000
1349.890000 155110.000000
1333.190000 153316.000000
1462.320000 153298.000000
1270.850000 152993.000000
-1109.160000 155901.000000
-1420.860000 155898.000000
-2247.960000 155638.000000
-1135.880000 155963.000000
-1148.120000 153158.000000
-512.488000 149969.000000
-692.826000 149518.000000
-13.776800 149624.000000
-13.776800 152521.000000
17.392600 152628.000000
1227.440000 155166.000000
2323.930000 156016.000000
2325.050000 156014.000000
2469.760000 156007.000000
1319.830000 154349.000000
1346.550000 153354.000000
1335.420000 151675.000000
1315.380000 149406.000000
2241.560000 147792.000000
3530.640000 147020.000000
4303.190000 147008.000000
5010.070000 145991.000000
5016.750000 145808.000000
3945.860000 146977.000000
1912.050000 146962.000000
1395.530000 146933.000000
-385.584000 140505.000000
-6501.480000 139274.000000
-7444.350000 139310.000000
-12753.200000 139452.000000
-13912.000000 137609.000000
-14448.600000 137504.000000
-14709.100000 137537.000000
-14071.200000 135462.000000
-10323.100000 133710.000000
-9957.950000 133690.000000
-23.795600 135832.000000
605.160000 136371.000000
1247.470000 133759.000000
1407.770000 133200.000000
2008.900000 133539.000000
2173.650000 135447.000000
2242.670000 135449.000000
2807.060000 136257.000000
4415.630000 138368.000000
5721.400000 138490.000000
5993.020000 137448.000000
4428.980000 136970.000000
4457.930000 136618.000000
4654.960000 140020.000000
4407.830000 144806.000000
4413.400000 148979.000000
4400.040000 156771.000000
2623.380000 168019.000000
130.938000 169506.000000
480.482000 172516.000000
-1334.030000 175713.000000
-2829.050000 175965.000000
-2911.420000 175974.000000
-5271.400000 175486.000000
-5348.210000 172354.000000
-4791.610000 171833.000000
-4622.400000 171886.000000
-5351.550000 174348.000000
-5577.520000 175152.000000
-5612.030000 175139.000000
-5311.470000 173765.000000
-4947.460000 173712.000000
-4620.180000 171886.000000
-5418.340000 169292.000000
-5010.910000 168693.000000
-3925.540000 167324.000000
-3975.640000 166258.000000
-3968.960000 166505.000000
-4829.460000 168226.000000
-3747.430000 166569.000000
-3928.880000 167344.000000
-5506.280000 169393.000000
-11686.700000 172276.000000
-11319.400000 169998.000000
-10615.800000 166576.000000
-10109.300000 165314.000000
-10119.400000 165349.000000
-10723.800000 166540.000000
-11736.800000 172881.000000
-12460.400000 175805.000000
-12341.300000 178000.000000
-12330.200000 177922.000000
-12541.700000 176285.000000
-11680.100000 173295.000000
-11572.100000 166690.000000
-11456.300000 164214.000000
-11281.500000 156669.000000
-8511.910000 154571.000000
-7936.380000 153227.000000
-7372.000000 154068.000000
-7002.410000 158410.000000
-6952.320000 161044.000000
-7064.750000 164310.000000
-5991.630000 164096.000000
-3032.760000 163951.000000
1192.930000 161473.000000
1278.640000 149417.000000
1234.110000 148004.000000
796.629000 148703.000000
-126.210000 148540.000000
-89.474100 148522.000000
-1832.740000 145296.000000
-6456.950000 143613.000000
-8163.480000 143609.000000
-8400.590000 143718.000000
-6561.590000 144127.000000
-6275.500000 144290.000000
-4213.860000 145218.000000
-4691.420000 142124.000000
-4064.690000 141347.000000
-825.296000 141204.000000
4869.810000 140746.000000
5882.820000 138864.000000
5487.630000 132205.000000
6903.620000 129747.000000
8199.380000 126465.000000
10881.100000 119190.000000
11864.000000 115770.000000
12432.900000 108917.000000
17711.600000 106001.000000
18705.700000 106110.000000
18716.800000 106143.000000
18724.600000 106183.000000
24129.200000 107715.000000
24131.400000 107677.000000
23489.100000 108478.000000
23150.700000 107236.000000
21239.300000 102645.000000
21187.000000 102256.000000
16274.500000 100158.000000
12006.500000 93873.400000
12201.300000 93374.600000
11798.300000 89912.600000
11625.800000 106085.000000
4725.090000 111115.000000
3207.810000 111843.000000
-53.851900 113967.000000
-3714.040000 115714.000000
-3243.160000 115302.000000
-3246.490000 115302.000000
-3240.930000 115371.000000
-3233.140000 114964.000000
-3694.000000 116024.000000
-3766.360000 117326.000000
-4100.320000 115305.000000
-4081.390000 119012.000000
-4065.810000 119203.000000
-3823.130000 119341.000000
-3766.360000 116914.000000
-1719.190000 116035.000000
-2421.620000 115732.000000
-3534.810000 115752.000000
-1515.480000 117725.000000
-2183.390000 118192.000000
-3778.600000 117219.000000
-3274.320000 115752.000000
-3236.480000 115282.000000
-3443.530000 114554.000000
-4199.390000 116418.000000
-4165.990000 116988.000000
-4086.960000 118836.000000
-4557.840000 126058.000000
-4728.160000 130005.000000
-5049.870000 137756.000000
-5380.490000 139007.000000
-7799.460000 139367.000000
-8014.310000 140781.000000
-8122.290000 140694.000000
-7886.290000 141474.000000
-7384.240000 140968.000000
-7748.260000 139312.000000
-7902.990000 142985.000000
-8098.910000 147182.000000
-8191.310000 147242.000000
-7828.410000 147356.000000
-4704.780000 147106.000000
-3702.900000 147053.000000
-2083.210000 147066.000000
-2426.070000 148380.000000
-2722.180000 147402.000000
-1803.790000 146314.000000
2288.310000 138484.000000
3094.260000 136691.000000
3578.500000 135636.000000
1922.070000 130348.000000
1583.660000 129718.000000
1947.670000 132764.000000
3374.790000 137054.000000
3641.960000 138682.000000
4414.510000 138475.000000
2707.980000 136128.000000
3389.260000 134354.000000
2896.110000 131764.000000
2542.120000 130509.000000
2559.930000 130636.000000
2653.440000 131802.000000
1398.870000 132080.000000
1251.930000 134592.000000
478.255000 136389.000000
-1891.740000 134623.000000
-2869.120000 137186.000000
-3680.640000 140710.000000
-4684.740000 140692.000000
-5162.300000 140543.000000
-4522.220000 139229.000000
-3604.940000 138141.000000
-2934.800000 135937.000000
756.554000 136847.000000
20373.300000 113820.000000
21195.900000 111562.000000
23478.000000 109191.000000
24152.600000 107726.000000
23567.000000 107964.000000
23561.500000 107940.000000
22875.700000 107243.000000
20848.600000 101461.000000
19993.700000 101189.000000
17612.600000 98695.700000
18128.000000 96874.500000
15248.100000 102316.000000
15263.700000 103718.000000
16255.600000 103723.000000
19906.800000 106043.000000
20453.400000 106052.000000
23752.900000 107234.000000
24132.500000 107704.000000
23944.400000 107285.000000
24964.100000 110729.000000
24959.600000 111836.000000
24958.500000 112925.000000
24963.000000 112555.000000
24961.900000 111224.000000
24957.400000 112927.000000
25152.200000 112954.000000
24966.300000 111865.000000
24970.800000 110925.000000
25112.100000 112936.000000
24970.800000 110972.000000
24957.400000 112824.000000
25293.600000 112954.000000
25298.000000 112954.000000
25298.000000 112933.000000
24960.800000 111996.000000
24966.300000 112085.000000
24973.000000 111019.000000
24963.000000 112682.000000
24956.300000 112332.000000
25278.000000 112956.000000
24971.900000 109752.000000
24940.700000 107995.000000
23519.200000 108503.000000
24188.200000 108240.000000
22729.900000 105050.000000
22404.900000 104629.000000
20326.500000 101292.000000
18174.700000 97480.100000
18113.500000 96903.500000
18109.000000 96858.900000
16675.200000 100127.000000
20391.100000 103454.000000
20668.300000 103402.000000
22572.900000 106003.000000
23232.000000 107029.000000
23284.300000 107238.000000
24133.600000 107704.000000
24174.800000 107788.000000
23950.000000 107797.000000
24398.600000 107566.000000
26422.400000 109529.000000
26422.400000 109658.000000
23622.700000 114857.000000
23938.800000 117092.000000
23513.600000 110834.000000
23652.700000 106691.000000
23649.400000 106504.000000
24964.100000 110596.000000
29048.400000 110491.000000
29156.400000 110346.000000
32241.000000 117930.000000
35499.400000 115935.000000
34854.800000 113915.000000
30003.500000 109358.000000
29645.100000 109612.000000
24968.500000 109213.000000
23971.100000 107779.000000
24171.500000 107837.000000
26208.600000 109238.000000
26415.700000 109469.000000
26429.100000 109661.000000
24060.200000 107828.000000
23264.200000 107332.000000
20681.600000 106001.000000
19554.000000 106007.000000
12151.200000 112110.000000
11963.100000 114445.000000
9551.910000 121806.000000
8272.850000 128487.000000
4956.640000 133757.000000
-7.097670 142480.000000
-747.372000 143466.000000
-7473.300000 143611.000000
-11218.100000 144045.000000
-10539.000000 147140.000000
-11724.600000 165844.000000
-10152.800000 168408.000000
-10254.100000 169798.000000
-17031.200000 169927.000000
-19034.900000 165824.000000
-19315.500000 166378.000000
-21935.900000 167146.000000
-22021.600000 166514.000000
-22153.000000 165899.000000
-20400.800000 165089.000000
-18701.000000 166434.000000
-18488.400000 166291.000000
-15428.200000 163849.000000
-8902.640000 164232.000000
-7695.930000 164083.000000
-4065.810000 164123.000000
-3346.680000 162221.000000
-3176.360000 162108.000000
-3478.040000 156201.000000
-2539.620000 155513.000000
-3395.660000 156048.000000
-3591.590000 156059.000000
-6871.060000 156836.000000
-7201.680000 156845.000000
-7222.830000 156847.000000
-8206.890000 155970.000000
-8438.440000 156767.000000
-4410.900000 157150.000000
-4357.460000 157152.000000
-3270.990000 158715.000000
-2699.920000 160071.000000
-868.711000 161072.000000
-708.410000 160890.000000
-1602.310000 152741.000000
-1826.060000 144270.000000
-1820.490000 144216.000000
-3232.020000 143502.000000
-7894.080000 142315.000000
-7901.880000 141625.000000
-8867.020000 131974.000000
-9109.690000 130969.000000
-9223.240000 131012.000000
-8420.620000 128416.000000
-7436.560000 132762.000000
-7491.110000 132759.000000
-10427.700000 127271.000000
-12130.900000 123625.000000
-13976.600000 120946.000000
-12983.600000 119216.000000
-12923.500000 119150.000000
-13007.000000 123268.000000
-15418.200000 124092.000000
-19089.500000 124776.000000
-19499.100000 125688.000000
-19434.600000 125813.000000
-17093.500000 133826.000000
-12165.400000 135286.000000
-11759.100000 135257.000000
-9410.260000 138116.000000
-9404.690000 137898.000000
-8923.790000 139367.000000
-8123.400000 140777.000000
-8058.840000 140792.000000
-7915.230000 141487.000000
-8495.210000 138054.000000
-8488.530000 137914.000000
-6389.040000 134975.000000
-5498.490000 134509.000000
-5507.390000 134525.000000
-3934.450000 134830.000000
-4793.840000 137515.000000
-4821.670000 137735.000000
-5376.040000 138902.000000
-5377.150000 138904.000000
-10726.100000 139436.000000
-15745.400000 140550.000000
-17035.600000 141396.000000
-19158.500000 140866.000000
-19269.800000 140859.000000
-18428.200000 141647.000000
-16785.200000 144252.000000
-16786.300000 144252.000000
-15577.400000 152240.000000
-15281.200000 162504.000000
-15151.000000 163119.000000
-8770.170000 164178.000000
-7062.530000 165806.000000
-7070.320000 165962.000000
-7233.960000 168598.000000
-7239.520000 168571.000000
-7065.870000 168319.000000
-7055.850000 164773.000000
-7056.960000 164474.000000
-7055.850000 164207.000000
-8127.850000 160934.000000
-8433.980000 160180.000000
-9225.460000 157791.000000
-10186.200000 154438.000000
-10401.000000 153191.000000
-4049.110000 143571.000000
-673.901000 143497.000000
1539.130000 139739.000000
4072.760000 134941.000000
6271.320000 130823.000000
7963.380000 127153.000000
11011.300000 118994.000000
11941.900000 114797.000000
12300.400000 110498.000000
16418.100000 105949.000000
19924.700000 106061.000000
20558.100000 106052.000000
23929.900000 107993.000000
24396.400000 108795.000000
24398.600000 109089.000000
28318.100000 111037.000000
31171.300000 117217.000000
32205.400000 117932.000000
35816.600000 118059.000000
35807.700000 117990.000000
34160.200000 117952.000000
30126.000000 115785.000000
29413.500000 114385.000000
26691.800000 110907.000000
24849.400000 109151.000000
24401.900000 108225.000000
22891.300000 106012.000000
21340.600000 102124.000000
21711.300000 101650.000000
23028.200000 101737.000000
24403.000000 105428.000000
24396.400000 106847.000000
24133.600000 107352.000000
24134.800000 107699.000000
23381.100000 107955.000000
21188.100000 111270.000000
21179.200000 111796.000000
21101.300000 121928.000000
16722.000000 124083.000000
16449.300000 124068.000000
11589.100000 126114.000000
9714.430000 130422.000000
9521.850000 130500.000000
6470.580000 134848.000000
4454.590000 138401.000000
4411.170000 143333.000000
4401.150000 155440.000000
4400.040000 155943.000000
3036.380000 159011.000000
1579.210000 155943.000000
1392.190000 155927.000000
1274.190000 150197.000000
380.294000 150221.000000
400.332000 150473.000000
29.637800 152421.000000
28.524600 152385.000000
21.845400 148968.000000
29.637800 144038.000000
19.619000 143967.000000
-384.471000 141727.000000
-1185.970000 140852.000000
-1183.740000 140939.000000
-347.735000 144192.000000
-716.203000 146953.000000
-1054.610000 150007.000000
-727.335000 152568.000000
-609.336000 152906.000000
-1615.660000 152044.000000
-1666.870000 151610.000000
-2072.070000 143464.000000
-2810.120000 140031.000000
-2812.350000 139672.000000
-3439.080000 136702.000000
-5900.350000 139220.000000
-9326.770000 139416.000000
-13994.400000 139519.000000
-14327.200000 139561.000000
-15584.000000 149121.000000
-17681.300000 152194.000000
-17712.500000 152203.000000
-17224.900000 149146.000000
-12779.900000 149393.000000
-12518.300000 149373.000000
-10124.900000 147322.000000
-6833.210000 147104.000000
-6817.620000 147100.000000
-8644.380000 147218.000000
-9806.550000 145472.000000
-10012.500000 145477.000000
-9898.950000 142037.000000
-6326.710000 145461.000000
-4679.180000 145423.000000
-3722.940000 145347.000000
-1536.630000 145403.000000
568.424000 143762.000000
586.235000 143375.000000
108.675000 141934.000000
2254.910000 146997.000000
2602.230000 146993.000000
4323.230000 147013.000000
8841.690000 145234.000000
11438.800000 143212.000000
10973.500000 144337.000000
10859.900000 144475.000000
9201.250000 139937.000000
7365.590000 141792.000000
7305.480000 141451.000000
5920.670000 139686.000000
7696.210000 137613.000000
7630.530000 137426.000000
5925.120000 140124.000000
4415.630000 141353.000000
4253.100000 141489.000000
-1401.930000 134647.000000
-4695.870000 133459.000000
-4701.440000 133390.000000
-4713.690000 131624.000000
-8150.120000 130021.000000
-8301.510000 130030.000000
-7768.290000 147200.000000
-6036.160000 146031.000000
-7796.120000 143157.000000
-7809.480000 143123.000000
