-2851.310000 138441.000000
-1969.660000 143052.000000
-2782.290000 141992.000000
-2809.010000 141353.000000
-2778.950000 143415.000000
-1741.460000 149475.000000
-1623.460000 152218.000000
-3375.630000 155115.000000
-3695.110000 155081.000000
-3902.170000 155368.000000
-3463.570000 157281.000000
413.690000 171327.000000
6753.340000 174032.000000
4243.080000 175557.000000
-345.509000 169074.000000
342.446000 164931.000000
136.504000 163773.000000
-1290.610000 162426.000000
-1213.800000 162277.000000
-1436.440000 163675.000000
-565.922000 167511.000000
-780.768000 168571.000000
-780.768000 168553.000000
-342.169000 169179.000000
573.990000 157931.000000
-1909.550000 155889.000000
-3652.810000 156048.000000
-5736.710000 156475.000000
-7870.710000 156898.000000
-9488.180000 156927.000000
-11215.900000 156390.000000
-13533.500000 155226.000000
-14329.500000 155083.000000
-14139.100000 154874.000000
-14133.500000 154999.000000
-14328.400000 153051.000000
-12862.300000 152071.000000
-12860.000000 150415.000000
-12850.000000 149275.000000
-12990.300000 146690.000000
-10632.500000 145661.000000
-10455.500000 144127.000000
-10575.800000 144673.000000
-10591.400000 144662.000000
-10585.800000 144675.000000
-10898.600000 145439.000000
-10163.900000 146093.000000
-10475.600000 147320.000000
-10443.300000 150181.000000
-12012.900000 156773.000000
-12858.900000 155504.000000
-13753.900000 156678.000000
-13482.300000 154200.000000
-12860.000000 152913.000000
-12857.800000 150604.000000
-11771.300000 148977.000000
-11781.400000 148834.000000
-11534.200000 147329.000000
-11115.700000 147318.000000
-10798.400000 147333.000000
-10704.900000 147284.000000
-9307.840000 147331.000000
-8009.860000 147238.000000
-6268.820000 147124.000000
-3704.020000 147080.000000
-3110.690000 147093.000000
-2752.240000 147053.000000
-2753.350000 144199.000000
886.798000 142280.000000
1273.080000 144350.000000
1251.930000 148887.000000
2541.010000 149268.000000
3149.920000 148068.000000
2474.210000 137858.000000
3373.680000 136179.000000
4190.760000 134741.000000
6301.380000 130796.000000
5696.910000 130188.000000
5866.120000 130221.000000
5787.080000 131513.000000
-1318.440000 127472.000000
-8468.490000 127274.000000
-9819.910000 128342.000000
-5633.180000 139263.000000
240.032000 141400.000000
-508.035000 142885.000000
-332.151000 144150.000000
1337.640000 144873.000000
-964.445000 139697.000000
-2409.370000 139000.000000
-2515.130000 139171.000000
-1181.520000 140768.000000
-333.264000 139534.000000
134.278000 139597.000000
-199.680000 138123.000000
759.894000 134937.000000
1403.320000 134467.000000
1774.010000 132773.000000
773.252000 132902.000000
3549.560000 134605.000000
1781.810000 134875.000000
1002.570000 132739.000000
-155.153000 133211.000000
-260.906000 133488.000000
-188.548000 133260.000000
2058.990000 135278.000000
4343.270000 138276.000000
4235.290000 138860.000000
4435.660000 137408.000000
6725.510000 134576.000000
9565.270000 130491.000000
9576.400000 130489.000000
6047.570000 131856.000000
4426.760000 134928.000000
3510.600000 135921.000000
2605.570000 135961.000000
636.329000 136219.000000
-5289.210000 134799.000000
-5505.170000 133156.000000
-5515.190000 133703.000000
-4879.550000 130680.000000
-4886.230000 131087.000000
-4006.810000 132898.000000
-3996.790000 132875.000000
-4171.560000 132566.000000
-4750.420000 133897.000000
-4754.870000 134044.000000
-4757.100000 134249.000000
-10421.000000 135108.000000
-13771.800000 138207.000000
-14506.500000 155146.000000
-11355.000000 161117.000000
-10045.900000 161654.000000
-8541.960000 161155.000000
-13500.100000 161587.000000
-16504.600000 163009.000000
-15994.800000 163858.000000
-14735.800000 159095.000000
-15074.200000 158394.000000
-14726.900000 159469.000000
-13745.000000 158163.000000
-7477.750000 156885.000000
-8459.590000 157831.000000
-8450.680000 158503.000000
-9116.370000 162212.000000
-4119.240000 160796.000000
-2945.930000 155175.000000
-2177.830000 155150.000000
-2024.210000 148936.000000
-2035.340000 148224.000000
-2791.200000 152492.000000
-2496.200000 153249.000000
-2548.520000 153378.000000
-690.599000 160652.000000
-13383.200000 161602.000000
-16565.900000 162515.000000
-15601.800000 163824.000000
-9216.560000 164403.000000
-3834.260000 164114.000000
-3824.240000 164116.000000
-3987.880000 164492.000000
-3924.430000 164132.000000
-3922.200000 164127.000000
-3923.320000 164125.000000
-3766.360000 164123.000000
1226.320000 159345.000000
2566.610000 152695.000000
1209.620000 152612.000000
4415.630000 154320.000000
5285.030000 156045.000000
4813.040000 152681.000000
4282.040000 151000.000000
1297.570000 147155.000000
1106.100000 142344.000000
2076.800000 140443.000000
3616.350000 135761.000000
6192.280000 130497.000000
6188.950000 130493.000000
6191.170000 130497.000000
6098.780000 130384.000000
6067.610000 130382.000000
5693.570000 130088.000000
5700.250000 130164.000000
5699.140000 130157.000000
5698.030000 130159.000000
5699.140000 130155.000000
5698.030000 130155.000000
5698.030000 130161.000000
5699.140000 130161.000000
5700.250000 130166.000000
5700.250000 130168.000000
5694.690000 130181.000000
5712.500000 130161.000000
5232.710000 131232.000000
3704.290000 135556.000000
726.498000 140999.000000
-1430.870000 140527.000000
-1678.000000 141164.000000
-1995.260000 143123.000000
-1990.810000 143281.000000
-1794.890000 148462.000000
-3315.510000 151040.000000
-3573.770000 153135.000000
-5193.470000 152737.000000
-8519.700000 151034.000000
-15588.500000 147480.000000
-16194.100000 149108.000000
-18010.800000 149324.000000
-18009.700000 149166.000000
-15579.600000 151844.000000
-15588.500000 155066.000000
-13938.700000 155188.000000
-9877.800000 154667.000000
-7300.750000 156511.000000
-5733.370000 158027.000000
-3711.810000 160917.000000
-3144.080000 163815.000000
-1398.590000 163715.000000
2728.020000 163789.000000
2439.700000 163613.000000
2440.820000 163604.000000
2417.440000 163724.000000
2423.010000 163697.000000
2445.270000 163595.000000
2445.270000 163597.000000
2456.400000 163582.000000
2439.700000 163593.000000
2439.700000 163608.000000
2464.200000 163593.000000
1253.040000 159886.000000
1952.130000 158336.000000
3043.060000 157009.000000
2977.380000 153009.000000
2994.080000 152169.000000
1328.740000 151506.000000
1279.760000 152541.000000
34.090500 152479.000000
36.316900 152162.000000
29.637800 149905.000000
39.656500 148905.000000
31.864200 145445.000000
-597.091000 143043.000000
2833.780000 137143.000000
1956.580000 130825.000000
1947.670000 130464.000000
2497.590000 133525.000000
2582.190000 131439.000000
2577.740000 131695.000000
-102.832000 133216.000000
-221.944000 133260.000000
1374.380000 132938.000000
1411.110000 133329.000000
1403.320000 133668.000000
2427.460000 135763.000000
3216.710000 135919.000000
1854.160000 135692.000000
-1414.180000 134668.000000
-4645.780000 133396.000000
-4508.860000 133427.000000
-4123.690000 132584.000000
-4561.180000 132604.000000
-3690.660000 136415.000000
-2390.450000 139114.000000
1050.440000 142373.000000
1276.420000 146628.000000
1251.930000 149889.000000
1204.060000 157176.000000
84.184300 159176.000000
1107.210000 155126.000000
2922.830000 154402.000000
3085.360000 153661.000000
3144.360000 151063.000000
3775.540000 151094.000000
4573.700000 150949.000000
4452.360000 149831.000000
5715.840000 146507.000000
5174.820000 146770.000000
5557.760000 142244.000000
5104.690000 140592.000000
4426.760000 139394.000000
4402.270000 135396.000000
4435.660000 134247.000000
5711.380000 130130.000000
5706.930000 130121.000000
5708.040000 130126.000000
6305.830000 130702.000000
4791.890000 130562.000000
4256.440000 130963.000000
2579.970000 131740.000000
2201.480000 133899.000000
1411.110000 134149.000000
1445.620000 132842.000000
1256.380000 132880.000000
-286.510000 133523.000000
-241.982000 133376.000000
1524.660000 135200.000000
2087.940000 136449.000000
1585.880000 135493.000000
2902.790000 136315.000000
2733.590000 136146.000000
2052.310000 134216.000000
972.514000 132889.000000
1401.090000 132056.000000
1546.920000 131989.000000
4272.020000 129821.000000
6108.800000 131065.000000
5340.690000 131582.000000
5675.760000 130201.000000
5217.130000 131110.000000
3051.960000 130302.000000
2224.860000 129420.000000
1505.730000 129667.000000
2132.460000 129671.000000
2175.880000 133795.000000
1994.430000 133236.000000
1422.240000 131978.000000
1480.130000 132025.000000
1779.580000 135761.000000
1334.300000 139866.000000
1278.640000 143682.000000
1271.960000 154237.000000
-68.323400 163508.000000
-3836.490000 162863.000000
-5249.130000 164058.000000
-8386.120000 167865.000000
-7143.790000 166732.000000
-7058.070000 164457.000000
-6729.680000 160736.000000
-8402.810000 160378.000000
-8413.950000 157003.000000
-8420.620000 156074.000000
-8736.770000 153474.000000
-8618.770000 153400.000000
-8478.510000 153801.000000
-8433.980000 155213.000000
-8445.120000 156820.000000
-5734.490000 158120.000000
-6259.910000 162250.000000
-3357.810000 164103.000000
-3226.460000 164080.000000
-5.984470 163751.000000
680.857000 168306.000000
817.780000 168032.000000
1248.590000 157423.000000
1312.040000 156061.000000
-2920.330000 154382.000000
-2640.920000 153411.000000
-2590.820000 151902.000000
-4183.800000 151076.000000
-267.585000 152659.000000
4407.830000 157875.000000
5964.080000 163190.000000
5577.800000 161117.000000
2638.970000 161658.000000
3349.180000 161658.000000
1955.460000 160387.000000
1955.460000 160603.000000
6132.170000 161680.000000
6164.450000 162506.000000
7115.120000 162591.000000
7099.540000 162889.000000
13068.500000 175415.000000
13216.500000 175707.000000
11039.100000 172826.000000
9672.130000 165806.000000
7731.830000 163771.000000
11000.200000 165523.000000
11292.900000 152456.000000
15345.000000 151541.000000
15622.200000 151675.000000
12607.600000 150827.000000
11249.500000 150900.000000
7575.990000 150782.000000
6256.850000 150822.000000
5748.120000 149395.000000
3860.140000 148763.000000
4071.650000 149411.000000
3113.190000 149836.000000
3856.800000 149518.000000
3861.250000 147060.000000
1589.220000 147360.000000
1317.600000 147302.000000
797.742000 150003.000000
18.505800 150179.000000
2128.010000 149353.000000
3114.300000 150232.000000
3120.980000 150150.000000
3843.440000 149500.000000
3759.950000 149379.000000
1312.040000 150234.000000
1226.320000 155756.000000
864.534000 155972.000000
636.329000 157236.000000
643.008000 155155.000000
153.202000 154734.000000
-1269.460000 155820.000000
-2782.290000 153447.000000
-2332.560000 153158.000000
-2529.600000 153641.000000
-2487.300000 153939.000000
-2738.880000 153416.000000
-935.502000 148863.000000
-732.901000 147805.000000
-4002.350000 143551.000000
-4315.160000 138403.000000
-4314.050000 138403.000000
-4764.890000 137364.000000
-4565.630000 135177.000000
-3942.240000 135986.000000
-2890.270000 136273.000000
1866.410000 134592.000000
1978.840000 132056.000000
1584.770000 135055.000000
1399.980000 132953.000000
1007.020000 132788.000000
2150.270000 129073.000000
3626.370000 129128.000000
3623.030000 129133.000000
3617.460000 129137.000000
3630.820000 130981.000000
2820.420000 131056.000000
2583.310000 131226.000000
2571.060000 131257.000000
1913.160000 136780.000000
629.650000 141113.000000
1254.150000 148142.000000
2925.060000 151472.000000
1385.510000 152218.000000
842.270000 152612.000000
-3602.720000 151926.000000
-3602.720000 151831.000000
-2535.160000 153100.000000
-3597.150000 155148.000000
-2135.530000 155807.000000
-1792.660000 158679.000000
-1079.100000 162143.000000
-1144.780000 162108.000000
-7458.820000 161308.000000
-6712.980000 161030.000000
-6935.620000 160500.000000
-6971.250000 159948.000000
-8346.040000 159276.000000
-8556.430000 159309.000000
-9086.320000 156902.000000
-11120.100000 156488.000000
-11858.200000 153124.000000
-12521.600000 146038.000000
-11072.300000 145657.000000
-10854.100000 145583.000000
-10915.300000 145345.000000
-10850.700000 146122.000000
-10515.700000 147220.000000
-14335.000000 155070.000000
-14330.600000 154525.000000
-14330.600000 154514.000000
-9676.310000 153868.000000
-10480.000000 143206.000000
-10845.200000 141496.000000
-11716.800000 140977.000000
-12091.900000 140659.000000
-11923.800000 144134.000000
-11479.700000 144457.000000
-11023.300000 145535.000000
-11648.900000 145917.000000
-10511.200000 145432.000000
-12336.800000 139414.000000
-12469.300000 137836.000000
-12453.700000 137818.000000
-12507.200000 137798.000000
-12487.100000 137604.000000
-10718.300000 135021.000000
-9494.860000 132706.000000
-9529.370000 132299.000000
-9474.820000 134055.000000
-11175.800000 137464.000000
-11627.700000 137707.000000
-11619.900000 137735.000000
-11615.500000 137787.000000
-11607.700000 137704.000000
-11635.500000 137740.000000
-11362.800000 137684.000000
-12049.600000 137477.000000
-14744.700000 137704.000000
-16402.200000 138098.000000
-16949.900000 140104.000000
-18079.800000 141224.000000
-18085.400000 141149.000000
-18033.100000 141382.000000
-18021.900000 141594.000000
-14947.300000 140026.000000
-13924.300000 138276.000000
-13922.000000 137241.000000
-13422.200000 136449.000000
-12487.100000 137842.000000
-12458.200000 137586.000000
-10347.600000 137471.000000
-7653.630000 137428.000000
-7619.120000 138337.000000
-7633.600000 137686.000000
-8838.070000 134995.000000
-14264.900000 135400.000000
-20734.800000 149161.000000
-18419.300000 149123.000000
-18019.700000 149235.000000
-19740.700000 150544.000000
-20954.100000 150662.000000
-20645.700000 152276.000000
-18750.000000 152868.000000
-17265.000000 154587.000000
-16087.200000 155193.000000
-15564.000000 149046.000000
-15615.200000 140532.000000
-8834.730000 139392.000000
-3065.040000 139109.000000
483.821000 129738.000000
4653.850000 130484.000000
5685.780000 130172.000000
6074.290000 130377.000000
5676.880000 130177.000000
4373.320000 130878.000000
3394.830000 130246.000000
5298.390000 132755.000000
11931.900000 125655.000000
15498.600000 118048.000000
15896.000000 114648.000000
15532.000000 114948.000000
15436.300000 121325.000000
5062.390000 129531.000000
5750.350000 131510.000000
4182.970000 130874.000000
2233.760000 129444.000000
2195.920000 129678.000000
-3076.180000 127269.000000
-9255.520000 131070.000000
-8992.810000 131789.000000
-7920.800000 143070.000000
-3287.680000 143524.000000
-1693.590000 151521.000000
-2560.770000 153167.000000
-2619.770000 153244.000000
-2632.010000 153247.000000
-3588.250000 152539.000000
-3616.080000 151005.000000
-1869.470000 148997.000000
-215.265000 145379.000000
2311.690000 142883.000000
2850.470000 142460.000000
-3.758080 141970.000000
1287.550000 144902.000000
1243.020000 155204.000000
637.442000 154736.000000
1315.380000 152790.000000
1159.530000 152574.000000
349.125000 152639.000000
-514.715000 152621.000000
-3385.640000 162219.000000
-2959.290000 165454.000000
-4370.820000 164788.000000
-4820.550000 165133.000000
-4290.670000 164123.000000
-2035.340000 163216.000000
-1759.270000 162869.000000
-1302.860000 162114.000000
-678.354000 155907.000000
-2826.820000 153460.000000
-2811.240000 153452.000000
-702.844000 155262.000000
-8442.890000 159392.000000
-9259.970000 158189.000000
-7633.600000 158833.000000
-6381.250000 158786.000000
-5931.520000 158171.000000
-3524.790000 156074.000000
-2786.750000 153440.000000
-9628.440000 152877.000000
-13595.900000 157065.000000
-7059.190000 162949.000000
-7045.830000 163150.000000
-7143.790000 162402.000000
-8593.170000 158238.000000
-8923.790000 158220.000000
-8673.320000 157497.000000
-5501.830000 156355.000000
-2965.970000 155279.000000
-3340.000000 157401.000000
-2823.480000 160458.000000
-735.127000 162128.000000
-1831.620000 162034.000000
-1905.090000 163784.000000
-1233.840000 164848.000000
-1237.180000 164846.000000
-1237.180000 164842.000000
-1262.780000 165605.000000
-1978.570000 165318.000000
-1855.000000 165307.000000
-4064.690000 162275.000000
-5726.690000 158125.000000
-9253.290000 154160.000000
-3991.220000 156114.000000
-3013.840000 155255.000000
-1688.020000 155918.000000
1057.120000 140576.000000
5238.280000 134409.000000
7485.820000 131584.000000
7519.210000 131913.000000
5158.130000 134071.000000
4076.100000 136961.000000
2594.440000 135963.000000
2011.120000 133541.000000
1934.310000 130054.000000
3574.050000 129144.000000
3901.330000 129317.000000
6211.210000 130551.000000
6182.270000 130466.000000
6184.490000 130469.000000
3741.030000 131032.000000
2563.270000 131228.000000
2571.060000 131226.000000
2573.290000 131221.000000
2031.160000 134218.000000
1364.360000 139817.000000
1920.960000 151483.000000
2917.270000 151475.000000
2141.370000 152474.000000
22.958600 151555.000000
2608.910000 152610.000000
1187.360000 154627.000000
-541.431000 154324.000000
-1243.860000 155230.000000
-1626.800000 155048.000000
-2546.300000 154431.000000
-3824.240000 153990.000000
-3810.880000 153483.000000
-1702.490000 151354.000000
-766.297000 143502.000000
-388.924000 141756.000000
-237.529000 141476.000000
-1110.270000 142302.000000
-1701.380000 142351.000000
-1960.750000 142778.000000
-2735.540000 145586.000000
-2722.180000 146957.000000
-2420.500000 147400.000000
-2597.500000 149052.000000
-2610.860000 152935.000000
-2557.430000 153189.000000
-3421.270000 154213.000000
-2604.180000 152997.000000
-2765.590000 153645.000000
-2619.770000 153160.000000
-2615.310000 153131.000000
-2618.650000 153216.000000
-2615.310000 153236.000000
-2591.940000 153171.000000
-2739.990000 153374.000000
-2829.050000 153396.000000
-906.559000 154763.000000
-3067.270000 160903.000000
-11426.300000 161438.000000
-12286.800000 165835.000000
-13568.000000 165741.000000
-14994.000000 161769.000000
-15398.100000 159881.000000
-15546.200000 152690.000000
-16309.800000 152759.000000
-16455.700000 152786.000000
-16469.000000 152717.000000
-15412.600000 151857.000000
-15315.800000 151940.000000
-13163.900000 152085.000000
-12881.200000 148905.000000
-12889.000000 148553.000000
-12951.300000 147342.000000
-13563.600000 154171.000000
-13593.600000 154168.000000
-13804.000000 155101.000000
-19764.100000 155055.000000
-18247.900000 163778.000000
-18243.500000 163893.000000
-18403.800000 163562.000000
-16376.600000 161936.000000
-15034.100000 161571.000000
-15438.200000 160402.000000
-15250.100000 160080.000000
-15249.000000 160082.000000
-15251.200000 160082.000000
-15252.300000 160080.000000
-14733.600000 159380.000000
-14370.700000 157114.000000
-14189.200000 156831.000000
-13817.400000 156735.000000
-13412.200000 154692.000000
-12826.700000 152120.000000
-12119.800000 151392.000000
-10758.300000 150553.000000
-10776.100000 147888.000000
-9189.840000 147320.000000
-8588.720000 147790.000000
-8339.360000 149175.000000
-8315.980000 149157.000000
-7832.860000 147512.000000
-7825.070000 147302.000000
-11144.600000 147309.000000
-11801.400000 147296.000000
-9567.220000 147309.000000
-9520.460000 147374.000000
-9629.550000 144942.000000
-7402.050000 142600.000000
-7409.840000 142576.000000
-6331.160000 141986.000000
-6120.760000 142967.000000
-4734.840000 145359.000000
-4838.360000 145414.000000
-5140.040000 145452.000000
-3718.490000 145412.000000
-2773.390000 143297.000000
-2795.650000 140890.000000
-2890.270000 135859.000000
96.429500 136008.000000
893.477000 135672.000000
1423.360000 133973.000000
2576.630000 131927.000000
2886.100000 130829.000000
1876.430000 132129.000000
4085.010000 131081.000000
5679.100000 130197.000000
5671.310000 130181.000000
5672.420000 130181.000000
5673.540000 130186.000000
4713.960000 130408.000000
4542.530000 130587.000000
2080.140000 129634.000000
1571.410000 128385.000000
1656.020000 129081.000000
2122.440000 129698.000000
3132.110000 131593.000000
4111.720000 134550.000000
4032.690000 135195.000000
-1916.230000 143707.000000
-1737.000000 149905.000000
-1733.660000 149907.000000
-2351.490000 152768.000000
-1024.560000 152712.000000
-1018.990000 152474.000000
-911.012000 149515.000000
-380.018000 149386.000000
1112.780000 149400.000000
2230.420000 148732.000000
1866.410000 147821.000000
1316.490000 145835.000000
1445.620000 144755.000000
2581.080000 143842.000000
2429.690000 143377.000000
1246.360000 144424.000000
-191.888000 146153.000000
6.260670 148128.000000
-417.867000 150976.000000
-868.711000 152211.000000
-796.353000 151548.000000
27.411400 149509.000000
545.047000 147008.000000
875.666000 147028.000000
1290.890000 147024.000000
4285.380000 147024.000000
5470.930000 146895.000000
5345.140000 148224.000000
5129.180000 148211.000000
5119.160000 147995.000000
5950.720000 146438.000000
6157.780000 146251.000000
3623.030000 149393.000000
1381.060000 149322.000000
14.053000 150519.000000
-354.414000 149397.000000
-560.356000 149315.000000
-1834.960000 144864.000000
-6288.860000 143504.000000
-6330.040000 142148.000000
-6357.870000 143059.000000
-6193.120000 143059.000000
-4660.250000 143437.000000
-4673.610000 142818.000000
-2807.900000 141781.000000
-2765.590000 141772.000000
-3659.490000 143477.000000
-3124.040000 141785.000000
-5231.320000 143580.000000
-10520.100000 147133.000000
-12338.000000 150673.000000
-12338.000000 150675.000000
-12821.100000 151363.000000
-14311.700000 152813.000000
-14154.700000 154583.000000
-13375.500000 155090.000000
-12004.000000 154478.000000
-10345.300000 153244.000000
-10091.500000 151922.000000
-10848.500000 152080.000000
-10397.700000 150484.000000
-10586.900000 142079.000000
-9710.820000 136306.000000
-9493.740000 134603.000000
-9423.610000 133639.000000
-11303.800000 135182.000000
-15832.300000 135516.000000
-21166.700000 147866.000000
-20641.300000 148565.000000
-17929.500000 149148.000000
-14867.100000 149059.000000
-15491.600000 148972.000000
-13797.400000 139548.000000
-8029.890000 134792.000000
-8242.510000 132194.000000
-7063.640000 130918.000000
-3698.450000 131608.000000
-3739.640000 130257.000000
-4351.900000 126292.000000
-4393.090000 121881.000000
-5258.040000 122592.000000
-3627.210000 123106.000000
-766.297000 125054.000000
857.855000 127668.000000
3044.170000 128894.000000
3777.770000 129404.000000
5691.350000 130137.000000
5694.690000 130103.000000
5696.910000 130099.000000
5691.350000 130108.000000
5692.460000 130106.000000
5692.460000 130099.000000
5691.350000 130099.000000
5750.350000 130121.000000
5693.570000 130130.000000
5691.350000 130146.000000
5693.570000 130079.000000
5706.930000 130063.000000
5700.250000 130046.000000
5699.140000 130052.000000
5681.330000 130088.000000
5684.670000 130099.000000
5688.010000 130097.000000
5698.030000 130063.000000
5695.800000 130079.000000
5694.690000 130083.000000
5692.460000 130086.000000
5700.250000 130034.000000
5699.140000 130048.000000
5681.330000 130041.000000
5694.690000 130046.000000
5694.690000 130052.000000
5688.010000 130046.000000
5684.670000 130074.000000
5693.570000 130112.000000
5692.460000 130041.000000
5692.460000 130081.000000
5701.370000 130054.000000
5700.250000 130061.000000
5699.140000 130063.000000
5696.910000 130066.000000
5692.460000 130061.000000
5695.800000 130090.000000
5694.690000 130099.000000
5691.350000 130161.000000
5677.990000 130092.000000
5680.220000 130097.000000
5681.330000 130103.000000
5682.440000 130106.000000
5686.890000 130090.000000
5688.010000 130099.000000
5686.890000 130106.000000
5688.010000 130110.000000
5701.370000 130103.000000
5681.330000 130135.000000
5685.780000 130126.000000
5686.890000 130115.000000
5688.010000 130115.000000
5689.120000 130119.000000
5688.010000 130132.000000
5575.570000 129658.000000
5572.240000 129660.000000
5571.120000 129656.000000
5568.900000 129660.000000
5572.240000 129663.000000
5571.120000 129665.000000
5667.970000 130041.000000
5683.550000 130126.000000
5684.670000 130128.000000
5759.250000 130101.000000
6525.130000 130400.000000
10123.000000 127140.000000
13901.200000 124433.000000
18941.700000 124517.000000
21298.300000 119292.000000
27129.300000 118335.000000
34249.200000 117883.000000
42361.100000 116293.000000
47356.000000 115380.000000
52441.100000 112896.000000
52461.100000 112836.000000
52462.200000 112838.000000
52499.000000 111802.000000
54779.900000 99368.100000
54781.000000 99430.400000
54775.500000 99390.400000
54781.000000 99401.500000
54775.500000 99392.600000
54773.200000 99377.000000
54775.500000 99374.800000
54767.700000 99450.500000
54767.700000 99441.600000
54757.600000 99363.600000
54766.500000 99414.800000
54846.700000 99626.400000
53099.000000 108374.000000
51983.600000 114570.000000
52250.700000 115236.000000
51914.500000 114352.000000
51905.600000 114343.000000
52713.800000 116767.000000
52219.600000 112833.000000
54286.800000 106631.000000
54820.000000 99590.700000
54769.900000 99417.100000
54777.700000 99339.100000
54779.900000 99323.600000
54759.900000 99361.400000
54811.100000 99330.200000
54805.500000 99334.700000
54781.000000 99345.800000
54788.800000 99287.900000
54779.900000 99305.800000
54764.300000 99370.300000
54768.800000 99363.600000
54767.700000 99361.400000
54767.700000 99363.600000
54766.500000 99365.900000
54766.500000 99363.600000
54767.700000 99368.100000
54768.800000 99368.100000
54768.800000 99365.900000
54768.800000 99363.600000
54753.200000 99501.700000
54778.800000 99352.500000
54779.900000 99341.400000
54779.900000 99394.800000
54771.000000 99412.600000
54788.800000 99323.600000
54787.700000 99370.300000
54766.500000 99345.800000
54768.800000 99341.400000
54764.300000 99339.100000
54763.200000 99341.400000
54766.500000 99345.800000
54767.700000 99345.800000
54758.800000 99336.900000
54764.300000 99336.900000
54765.400000 99341.400000
54767.700000 99343.600000
54767.700000 99348.100000
54768.800000 99348.100000
54768.800000 99379.200000
54771.000000 99352.500000
54772.100000 99352.500000
54772.100000 99361.400000
54772.100000 99323.600000
54772.100000 99339.100000
54773.200000 99354.700000
54774.300000 99357.000000
54774.300000 99354.700000
54773.200000 99354.700000
54773.200000 99357.000000
54768.800000 99368.100000
54766.500000 99359.200000
54768.800000 99363.600000
54767.700000 99365.900000
54787.700000 99417.100000
54762.100000 99294.600000
54777.700000 99314.700000
54794.400000 99403.700000
54759.900000 99328.000000
54761.000000 99336.900000
54795.500000 99323.600000
54792.100000 99339.100000
54789.900000 99348.100000
54787.700000 99357.000000
54784.400000 99357.000000
54783.200000 99359.200000
54782.100000 99357.000000
54769.900000 99488.300000
54773.200000 99370.300000
54774.300000 99279.000000
54777.700000 99276.800000
54769.900000 99276.800000
54769.900000 99279.000000
54776.600000 99267.900000
54781.000000 99276.800000
54781.000000 99290.200000
54784.400000 99316.900000
54792.100000 99305.800000
54785.500000 99310.200000
54756.500000 99357.000000
54775.500000 99330.200000
55176.200000 99038.600000
55048.200000 102060.000000
55150.600000 99702.000000
54775.500000 99323.600000
54561.700000 103892.000000
52455.600000 112896.000000
52471.100000 112878.000000
52472.200000 112878.000000
52540.200000 113330.000000
52536.800000 113330.000000
52452.200000 112880.000000
52454.400000 112880.000000
52532.400000 113292.000000
52428.800000 113169.000000
52529.000000 113294.000000
53807.000000 115293.000000
54346.900000 119130.000000
54341.300000 119127.000000
54350.200000 119105.000000
54351.300000 119101.000000
54349.100000 119096.000000
54349.100000 119092.000000
54348.000000 119092.000000
54346.900000 119092.000000
54345.800000 119092.000000
54344.600000 119092.000000
53803.600000 115474.000000
51400.200000 110818.000000
45072.800000 109106.000000
40142.500000 109774.000000
34968.400000 109866.000000
29130.800000 110035.000000
25831.300000 106417.000000
24866.100000 106639.000000
24862.800000 106655.000000
24859.500000 106637.000000
24871.700000 106675.000000
24839.400000 106542.000000
24922.900000 105402.000000
23051.600000 104052.000000
22395.900000 102823.000000
22167.700000 102810.000000
22165.500000 102806.000000
22161.100000 102803.000000
22186.700000 102757.000000
22188.900000 102748.000000
22216.700000 102710.000000
22160.000000 102754.000000
22146.600000 102757.000000
22201.100000 102734.000000
22181.100000 102752.000000
22185.600000 102752.000000
22186.700000 102752.000000
22187.800000 102754.000000
22185.600000 102757.000000
22420.400000 102866.000000
24240.500000 103398.000000
24916.200000 104128.000000
29143.000000 110199.000000
34565.400000 109821.000000
40081.300000 109817.000000
46650.200000 108610.000000
51437.000000 111101.000000
53793.600000 114882.000000
54349.100000 119136.000000
54348.000000 119087.000000
53180.200000 118263.000000
51863.300000 116959.000000
51679.700000 113087.000000
52431.100000 113256.000000
53991.800000 107390.000000
55151.700000 99690.900000
54794.400000 99381.400000
54793.300000 99394.800000
54789.900000 99392.600000
54791.000000 99383.700000
54791.000000 99370.300000
54788.800000 99352.500000
54787.700000 99352.500000
54828.900000 99348.100000
54792.100000 99321.300000
54794.400000 99343.600000
54795.500000 99361.400000
54807.700000 99312.400000
54802.200000 99330.200000
54804.400000 99319.100000
54808.800000 99314.700000
54806.600000 99314.700000
54807.700000 99314.700000
54806.600000 99323.600000
54791.000000 99370.300000
54791.000000 99361.400000
54792.100000 99354.700000
54784.400000 99312.400000
54792.100000 99348.100000
54792.100000 99352.500000
54793.300000 99390.400000
54782.100000 99370.300000
54781.000000 99368.100000
54789.900000 99285.700000
54784.400000 99354.700000
54787.700000 99341.400000
54788.800000 99332.500000
54786.600000 99319.100000
54798.800000 99325.800000
54801.100000 99316.900000
54821.100000 99241.200000
54806.600000 99296.800000
54852.300000 99319.100000
54796.600000 99343.600000
54768.800000 99350.300000
54788.800000 99372.500000
54791.000000 99372.500000
54793.300000 99365.900000
54794.400000 99363.600000
54781.000000 99321.300000
54789.900000 99354.700000
54789.900000 99357.000000
54789.900000 99354.700000
54781.000000 99350.300000
54791.000000 99330.200000
54793.300000 99328.000000
54792.100000 99332.500000
54793.300000 99332.500000
54792.100000 99334.700000
54792.100000 99336.900000
54794.400000 99336.900000
54795.500000 99334.700000
54798.800000 99336.900000
54188.800000 106920.000000
51708.600000 113388.000000
51816.600000 116845.000000
52015.800000 114626.000000
48906.700000 115124.000000
45663.900000 115679.000000
38812.200000 117206.000000
31697.800000 117736.000000
30048.100000 114933.000000
20685.000000 119468.000000
20659.400000 119524.000000
18086.800000 124293.000000
13794.300000 124535.000000
11031.300000 126526.000000
7234.240000 129117.000000
2632.290000 132597.000000
2204.820000 133897.000000
1890.900000 136711.000000
-738.467000 143952.000000
-592.638000 144697.000000
-1699.150000 151020.000000
-653.864000 160269.000000
-5599.790000 165686.000000
-5525.200000 167436.000000
-5531.880000 168569.000000
-5525.200000 164722.000000
-5175.660000 165438.000000
-5352.660000 164766.000000
-5529.660000 162900.000000
-3178.590000 162168.000000
-1291.720000 162119.000000
-974.464000 162132.000000
-749.599000 162119.000000
-553.676000 162442.000000
-6809.830000 164065.000000
-11627.700000 168740.000000
-14864.900000 170724.000000
-14705.700000 170644.000000
-10256.300000 169878.000000
-9444.760000 167810.000000
-10107.100000 166367.000000
-10851.800000 166610.000000
-9505.990000 163306.000000
-9596.160000 159176.000000
-9644.030000 154807.000000
-8474.060000 152701.000000
-8441.780000 152396.000000
-8209.120000 152336.000000
-8230.270000 152855.000000
-8465.150000 154407.000000
-8436.210000 156742.000000
-6244.330000 156678.000000
-4267.290000 156010.000000
-1319.550000 155956.000000
1309.810000 157688.000000
2947.320000 158020.000000
6187.830000 160169.000000
6440.530000 159521.000000
4414.510000 158267.000000
1343.210000 157846.000000
-1082.440000 158080.000000
-1081.330000 158588.000000
-2078.750000 158022.000000
-3375.630000 160440.000000
-7128.210000 160923.000000
-11258.200000 159948.000000
