-4176.010000 110765.000000
-4040.200000 114240.000000
-4194.940000 116518.000000
-9283.350000 118693.000000
-13045.900000 121331.000000
-13627.000000 123226.000000
-16031.500000 122433.000000
-15579.600000 123992.000000
-15636.400000 124188.000000
-15639.700000 124188.000000
-15887.900000 124324.000000
-15348.000000 125711.000000
-15784.400000 123224.000000
-16779.600000 121396.000000
-17781.500000 118428.000000
-16125.000000 122173.000000
-16116.100000 122184.000000
-15581.800000 123985.000000
-15141.000000 127634.000000
-14685.700000 129302.000000
-14669.000000 129291.000000
-15138.800000 127278.000000
-15234.500000 125806.000000
-15550.600000 124059.000000
-15649.700000 124186.000000
-15962.500000 124195.000000
-16582.600000 122391.000000
-17372.900000 121254.000000
-16695.000000 121723.000000
-15572.900000 124005.000000
-15284.600000 125564.000000
-15472.700000 124177.000000
-16784.100000 122583.000000
-15290.200000 125568.000000
-17456.400000 126882.000000
-18637.500000 127501.000000
-18086.500000 129678.000000
-17222.700000 133452.000000
-16758.500000 134957.000000
-17758.100000 136607.000000
-19388.900000 138846.000000
-19521.400000 140160.000000
-19454.600000 142691.000000
-19136.200000 142919.000000
-19387.800000 142723.000000
-19474.700000 140238.000000
-20475.400000 142723.000000
-20468.700000 142727.000000
-20439.800000 141912.000000
-19439.000000 141979.000000
-19336.600000 142373.000000
-17242.700000 144806.000000
-17539.900000 145403.000000
-17124.700000 147380.000000
-18341.400000 149072.000000
-19545.900000 145949.000000
-18019.700000 144179.000000
-17447.500000 143896.000000
-15555.100000 144853.000000
-15616.300000 143123.000000
-14722.400000 139882.000000
-14959.500000 139957.000000
-15053.000000 140031.000000
-15900.200000 139363.000000
-15354.700000 135514.000000
-10997.700000 135257.000000
-10787.300000 133750.000000
-9509.330000 132312.000000
-7727.100000 137007.000000
-7243.980000 136157.000000
-8691.130000 132468.000000
-7813.930000 136429.000000
-7897.420000 137466.000000
-7933.050000 139129.000000
-8043.250000 139267.000000
-8846.980000 139325.000000
-8930.470000 137535.000000
-8487.420000 136253.000000
-7712.630000 137437.000000
-7901.880000 140768.000000
-8844.750000 140864.000000
-9416.930000 138668.000000
-9414.710000 137143.000000
-13058.200000 133917.000000
-15023.000000 132245.000000
-15117.600000 127694.000000
-14759.200000 128618.000000
-12736.500000 130186.000000
-12577.300000 132457.000000
-12599.600000 133757.000000
-12185.400000 135355.000000
-9609.520000 135115.000000
-7728.220000 138461.000000
-7964.210000 143261.000000
-3264.310000 143553.000000
-4762.670000 143593.000000
-9196.520000 143965.000000
-13188.400000 145944.000000
-14067.900000 142449.000000
-15930.200000 139065.000000
-16640.500000 136478.000000
-17263.800000 132971.000000
-18003.000000 130742.000000
-19234.200000 126192.000000
-20526.600000 124137.000000
-22697.300000 121877.000000
-23329.600000 120310.000000
-21692.100000 120436.000000
-20878.400000 122928.000000
-19052.700000 124771.000000
-15975.900000 124395.000000
-15486.100000 124319.000000
-12726.500000 124101.000000
-13194.000000 119559.000000
-10575.800000 118488.000000
-9306.730000 118718.000000
-7120.410000 119337.000000
-6357.870000 119550.000000
-4852.840000 119435.000000
-4124.810000 119337.000000
-3767.470000 119352.000000
-3018.290000 118462.000000
-2945.930000 118444.000000
-4066.920000 119455.000000
-4239.460000 121625.000000
-4629.080000 127145.000000
-6989.060000 130046.000000
-6974.580000 135965.000000
-7895.200000 135438.000000
-7901.880000 135418.000000
-20640.200000 156540.000000
-20640.200000 155248.000000
-20640.200000 153826.000000
-19658.300000 152839.000000
-18657.600000 152835.000000
-17280.500000 152835.000000
-15539.500000 149310.000000
-15558.400000 145497.000000
-15667.500000 141859.000000
-15787.700000 140652.000000
-15946.900000 136141.000000
-14267.100000 133937.000000
-10891.900000 133730.000000
-9484.840000 133703.000000
-9484.840000 133699.000000
-10303.000000 131967.000000
-10865.200000 131987.000000
-8416.170000 133341.000000
-9492.630000 133125.000000
-7783.880000 136531.000000
-12464.900000 139448.000000
-15589.600000 147583.000000
-15040.800000 155199.000000
-14507.600000 155282.000000
-14246.000000 155299.000000
-14337.300000 155104.000000
-15537.300000 154271.000000
-15513.900000 152479.000000
-15574.000000 148217.000000
-15588.500000 143598.000000
-15712.100000 141251.000000
-14955.100000 139946.000000
-15757.700000 138230.000000
-13932.100000 137524.000000
-12032.900000 137524.000000
-8966.090000 137448.000000
-6981.260000 134990.000000
5200.430000 133138.000000
14250.700000 123075.000000
14547.900000 122411.000000
14852.900000 121835.000000
15022.100000 121579.000000
15345.000000 120989.000000
15626.600000 119686.000000
15592.100000 119201.000000
15470.800000 117671.000000
15362.800000 116291.000000
15388.400000 115456.000000
15848.100000 114367.000000
15182.400000 115178.000000
13479.300000 117671.000000
7754.100000 110689.000000
3624.140000 109810.000000
3551.790000 107098.000000
1513.530000 105867.000000
-264.246000 105805.000000
-2960.400000 106096.000000
-4108.110000 105869.000000
-3394.550000 105867.000000
-3399.000000 105876.000000
-3400.120000 105778.000000
-3400.120000 105776.000000
-3400.120000 105773.000000
-3399.000000 105827.000000
-3809.770000 105838.000000
-4533.350000 104716.000000
-4292.900000 107414.000000
-4135.940000 111849.000000
-4113.670000 115260.000000
-4172.670000 117088.000000
-4177.130000 120543.000000
-3676.190000 124727.000000
-3648.360000 126552.000000
-4725.930000 131014.000000
-5024.270000 134400.000000
-7356.410000 136181.000000
-6927.830000 135293.000000
-8869.240000 131893.000000
-9495.970000 131938.000000
-9513.780000 131954.000000
-9491.520000 133223.000000
-10062.600000 133539.000000
-9861.100000 133512.000000
-9616.200000 133659.000000
-9012.840000 134892.000000
-9412.480000 136711.000000
-10112.700000 137448.000000
-12614.000000 139452.000000
-15585.100000 148004.000000
-17975.200000 149092.000000
-20397.500000 149037.000000
-21945.900000 148783.000000
-22859.900000 150851.000000
-21940.400000 148856.000000
-21256.900000 149137.000000
-20424.200000 149041.000000
-19380.000000 149081.000000
-19542.600000 146015.000000
-19430.100000 143631.000000
-18491.700000 141776.000000
-16809.700000 141329.000000
-15822.300000 140113.000000
-16067.200000 136308.000000
-14952.900000 135531.000000
-12944.600000 135349.000000
-7896.310000 135758.000000
-7901.880000 142990.000000
-7869.590000 146312.000000
-6312.230000 147082.000000
-4875.100000 150386.000000
-4917.400000 148413.000000
-4949.680000 147175.000000
-5243.570000 146434.000000
-5329.280000 145964.000000
-5587.540000 145978.000000
-5244.680000 145797.000000
-3982.320000 145439.000000
-2768.930000 145394.000000
-1865.020000 146979.000000
-50.512300 147020.000000
1097.190000 147126.000000
1289.770000 144179.000000
-2328.110000 139047.000000
-7365.320000 139276.000000
-7615.780000 137117.000000
-7847.330000 135832.000000
-7889.630000 135429.000000
-7898.540000 135404.000000
-7902.990000 135409.000000
-7691.480000 137241.000000
-10618.100000 139425.000000
-12499.400000 137544.000000
-10104.900000 136340.000000
-7744.920000 136912.000000
-7763.840000 136437.000000
-7899.650000 135436.000000
-7929.710000 135436.000000
-7921.910000 135438.000000
-7920.800000 135445.000000
-9956.830000 129066.000000
-12055.200000 123629.000000
-13432.200000 120004.000000
-13039.300000 114592.000000
-11825.900000 114378.000000
-9685.210000 114203.000000
-9133.070000 113468.000000
-8388.340000 113354.000000
-9386.880000 113009.000000
-9345.690000 110019.000000
-5484.020000 109227.000000
-4253.940000 106119.000000
-3383.420000 105943.000000
-3377.850000 105952.000000
-3393.440000 105954.000000
-26992.100000 150326.000000
-3393.440000 105954.000000
-3383.420000 105945.000000
-3529.250000 105771.000000
-4279.540000 106798.000000
-4045.770000 114454.000000
-4102.540000 118813.000000
-4296.240000 120997.000000
-3607.170000 125840.000000
-3648.360000 127470.000000
-3793.070000 130081.000000
-3687.320000 131566.000000
-3681.750000 132466.000000
-4214.970000 133452.000000
-4121.470000 133744.000000
-3704.020000 143112.000000
-4277.310000 143544.000000
-4672.500000 142965.000000
-4665.820000 142805.000000
-4688.080000 141885.000000
-4616.840000 140730.000000
-3627.210000 140717.000000
-3586.020000 139392.000000
-3941.130000 138913.000000
-3849.850000 138871.000000
-4709.230000 139149.000000
-5394.960000 138553.000000
-5362.680000 138737.000000
-5363.790000 138777.000000
-5361.570000 138849.000000
-5374.920000 138875.000000
-4767.120000 138290.000000
-4062.470000 137733.000000
-3614.960000 138590.000000
-3608.280000 138913.000000
-3596.040000 139376.000000
-3550.400000 141393.000000
-3515.890000 142184.000000
-3799.750000 143466.000000
-4672.500000 143128.000000
-4684.740000 142834.000000
-4198.280000 141832.000000
-3511.440000 143001.000000
-4683.630000 142520.000000
-3422.380000 141320.000000
-2829.050000 139307.000000
-2940.370000 139136.000000
-1479.850000 140465.000000
-2154.450000 141273.000000
-2822.370000 140078.000000
-2835.730000 139285.000000
-3382.300000 139033.000000
-4336.310000 139094.000000
-5371.580000 138935.000000
-5050.980000 137760.000000
-3395.660000 105856.000000
-3582.680000 105793.000000
-4390.860000 105268.000000
-4367.480000 105782.000000
-4272.860000 108563.000000
-4180.470000 110627.000000
-4088.070000 112775.000000
-4176.010000 116845.000000
-4078.050000 119248.000000
-4059.130000 120102.000000
-3943.350000 123166.000000
-4606.820000 126632.000000
-6971.250000 130050.000000
-7044.720000 130048.000000
-7508.920000 134977.000000
-13002.500000 135286.000000
-12935.700000 139318.000000
-13867.500000 139416.000000
-13878.600000 139067.000000
-13896.400000 138281.000000
-13538.000000 137504.000000
-13012.600000 137479.000000
-11743.500000 137499.000000
-11261.500000 137468.000000
-10698.200000 136749.000000
-10810.700000 134828.000000
-13406.600000 133902.000000
-12263.400000 132706.000000
-10068.200000 131985.000000
-9461.460000 133583.000000
-9036.220000 131920.000000
-10993.200000 126392.000000
-10914.200000 124811.000000
-10953.100000 125139.000000
-11208.100000 125673.000000
-10883.000000 130484.000000
-10788.400000 130520.000000
-8478.510000 133102.000000
-4319.610000 139163.000000
-162.945000 140812.000000
1260.830000 148326.000000
605.160000 155629.000000
1317.600000 151699.000000
1286.430000 149284.000000
1297.570000 147202.000000
1317.600000 146160.000000
1318.720000 144849.000000
1316.490000 143626.000000
1210.740000 142578.000000
358.030000 141474.000000
-435.678000 140387.000000
-1976.340000 138987.000000
-3481.380000 139040.000000
-5884.770000 139183.000000
-7650.290000 137707.000000
-8838.070000 139367.000000
-12811.100000 141634.000000
-12766.500000 142373.000000
-12905.700000 142440.000000
-12749.800000 142542.000000
-13905.300000 142985.000000
-14105.700000 142262.000000
-14818.200000 142994.000000
-15634.100000 142565.000000
-15151.000000 140211.000000
-15759.900000 140418.000000
-16636.000000 136522.000000
-16618.200000 132287.000000
-16218.600000 133194.000000
-16736.200000 135491.000000
-19445.700000 142905.000000
-20841.700000 149041.000000
-22233.100000 148578.000000
-19422.300000 149600.000000
-19440.100000 147846.000000
-19463.500000 144341.000000
-19427.900000 143428.000000
-18388.200000 141763.000000
-16889.800000 141362.000000
-15971.400000 140790.000000
-15940.300000 138784.000000
-16075.000000 135834.000000
-14901.600000 134977.000000
-12742.000000 133846.000000
-10629.200000 133721.000000
-9513.780000 132205.000000
-9241.050000 131061.000000
-13474.500000 127525.000000
-19160.700000 126352.000000
-21980.500000 122144.000000
-24211.300000 121768.000000
-25473.700000 121607.000000
-26671.500000 120265.000000
-27729.000000 120399.000000
-27484.100000 121247.000000
-27337.100000 122520.000000
-25332.300000 123044.000000
-23048.000000 122051.000000
-20585.600000 125254.000000
-19742.900000 125018.000000
-16269.800000 124515.000000
-15118.700000 124938.000000
-15438.200000 124586.000000
-12097.500000 123723.000000
-10923.100000 129551.000000
-10865.200000 131738.000000
-9553.860000 131954.000000
-8497.440000 133118.000000
-7877.390000 135970.000000
-7897.420000 135433.000000
-7898.540000 135436.000000
-7899.650000 135433.000000
-7897.420000 135440.000000
-14718.000000 133977.000000
-13060.400000 133862.000000
-11693.400000 133772.000000
-10883.000000 133732.000000
-9626.210000 133663.000000
-9465.910000 133692.000000
-9472.590000 133695.000000
-9469.250000 133677.000000
-10478.900000 131967.000000
-9116.370000 131945.000000
-8013.200000 134912.000000
-7773.860000 138924.000000
-8371.640000 139338.000000
-11219.200000 139425.000000
-14438.600000 139626.000000
-15616.300000 143889.000000
-15581.800000 149771.000000
-15732.100000 155177.000000
-14851.600000 155099.000000
-15541.700000 151804.000000
-15044.100000 147300.000000
-13093.800000 147280.000000
-10531.200000 145690.000000
-10578.000000 144976.000000
-8722.300000 143493.000000
-8185.740000 139410.000000
-7610.220000 137457.000000
-7628.030000 137108.000000
-7896.310000 135418.000000
-7240.640000 136177.000000
-7895.200000 135433.000000
-7897.420000 135442.000000
-6333.380000 136068.000000
-6238.760000 138777.000000
-7813.930000 136079.000000
-7904.100000 135427.000000
-7917.460000 135413.000000
-7938.610000 135226.000000
-11709.000000 135217.000000
-14726.900000 135433.000000
-15431.500000 135244.000000
-15290.200000 135257.000000
-13945.400000 135447.000000
-9944.590000 135148.000000
-6539.330000 134977.000000
-4749.310000 133467.000000
-4173.790000 122442.000000
-4032.410000 119397.000000
-4072.490000 112559.000000
-4242.800000 106372.000000
-3420.150000 105871.000000
-3417.930000 105849.000000
-4626.860000 103620.000000
-4585.670000 97518.000000
-5332.620000 96520.500000
-12397.000000 94340.900000
-20696.900000 93557.200000
-25012.800000 85951.900000
-31751.000000 80080.900000
-39809.400000 70981.600000
-44996.900000 61181.100000
-51169.500000 52286.600000
-51256.400000 51563.000000
-55182.600000 47871.700000
-54041.600000 42178.800000
-51765.100000 35927.100000
-52223.700000 31525.500000
-52260.500000 28582.300000
-52307.200000 27653.800000
-52180.300000 27558.100000
-52180.300000 27560.300000
-52168.100000 27544.800000
-52177.000000 27553.700000
-52199.200000 27540.300000
-51716.100000 28517.700000
-51937.600000 28484.300000
-51723.900000 28513.200000
-52564.400000 29588.600000
-52562.100000 29584.100000
-52569.900000 29568.500000
-52616.700000 28767.000000
-51679.400000 28655.700000
-51611.500000 29165.600000
-50216.600000 28860.600000
-49673.400000 29174.500000
-49622.200000 29339.200000
-49544.300000 29317.000000
-49618.900000 29339.200000
-49662.300000 29299.200000
-49926.100000 29650.900000
-53405.900000 30833.100000
-53664.200000 30367.800000
-53650.800000 30399.000000
-53360.300000 30474.700000
-52932.800000 28715.800000
-52277.200000 27883.200000
-51872.000000 27344.400000
-52049.000000 27482.400000
-52153.600000 27636.000000
-52199.200000 27535.800000
-52300.500000 27662.800000
-52305.000000 27662.800000
-51644.900000 28462.000000
-48396.600000 26088.700000
-43315.900000 24543.600000
-38690.600000 20133.100000
-34501.700000 16212.400000
-32056.000000 13939.300000
-31061.900000 12619.000000
-25777.600000 6195.900000
-25788.700000 6198.130000
-25777.600000 6198.130000
-28390.200000 7313.550000
-29743.900000 9976.310000
-31307.900000 13992.700000
-29749.400000 15092.600000
-26678.100000 14282.200000
-26675.900000 14295.500000
-28233.300000 14645.100000
-30873.800000 17082.900000
-28074.100000 22361.700000
-27776.900000 23906.800000
-30641.100000 17492.600000
-31380.300000 15195.000000
-31974.700000 14515.900000
-37335.900000 17644.000000
-42887.400000 24423.400000
-49833.700000 27820.800000
-51266.400000 28248.300000
-51877.500000 28497.700000
-52293.900000 28586.700000
-53486.100000 29152.200000
-53555.100000 30383.400000
-53694.300000 31527.800000
-52486.400000 32453.900000
-52472.000000 32071.000000
-52578.800000 29323.600000
-52222.600000 28290.600000
-52305.000000 27669.400000
-52534.300000 28588.900000
-52168.100000 27529.200000
-52168.100000 27531.400000
-52178.100000 27522.500000
-52492.000000 30545.900000
-51929.800000 32580.800000
-51354.300000 34061.400000
-51250.800000 34034.700000
-51247.500000 34054.700000
-51389.900000 34059.200000
-52093.500000 32565.300000
-52404.100000 30717.400000
-52187.000000 27542.500000
-52199.200000 27506.900000
-52205.900000 27555.900000
-52139.100000 31857.300000
-52510.900000 32099.900000
-52514.300000 32120.000000
-52385.100000 30381.200000
-49292.700000 29414.900000
-44304.500000 27569.200000
-40251.300000 22626.700000
-31054.100000 12579.000000
-24954.900000 5821.870000
-23448.800000 2671.530000
-23409.800000 2529.040000
-23451.000000 2653.720000
-23240.600000 2266.330000
-24656.600000 2230.700000
-24735.600000 2241.840000
-24097.700000 2110.480000
-24018.700000 2079.310000
-23664.700000 2139.420000
-23241.700000 2266.330000
-23420.900000 2682.660000
-23409.800000 2540.170000
-23449.900000 2651.490000
-23265.100000 2529.040000
-23265.100000 2531.270000
-23487.700000 3277.110000
-25880.000000 6204.810000
-29957.600000 10390.400000
-33205.900000 15226.100000
-38023.800000 18819.500000
-42618.000000 24265.300000
-48683.800000 26180.000000
-51927.600000 29348.100000
-52571.000000 29477.300000
-52568.800000 29441.600000
-52356.200000 28593.400000
-52246.000000 28137.000000
-52239.300000 27549.200000
-52170.300000 27547.000000
-52174.800000 27533.600000
-52184.800000 27604.900000
-52179.200000 27573.700000
-51427.800000 28341.800000
-47094.100000 25605.600000
-41276.600000 22626.700000
-36712.500000 17147.500000
-31924.600000 14502.600000
-31307.900000 13596.400000
-29271.900000 9045.680000
-27498.600000 6707.970000
-25373.500000 6146.920000
-23780.500000 4762.110000
-23268.400000 2362.060000
-23478.800000 2161.690000
-23515.500000 3798.080000
-25242.100000 6064.550000
-23467.700000 3212.540000
-23478.800000 2186.180000
-23478.800000 2163.910000
-23426.500000 2602.510000
-23402.000000 2526.810000
-23368.600000 2315.310000
-23452.100000 2669.300000
-23405.300000 2522.360000
-23406.500000 2526.810000
-23403.100000 2526.810000
-23407.600000 2531.270000
-23366.400000 2702.700000
-24947.100000 5835.230000
-24952.700000 5824.100000
-24603.100000 5599.230000
-23396.400000 2491.190000
-23404.200000 2524.590000
-23413.100000 2546.850000
-23503.300000 3989.550000
-25465.900000 6171.410000
-28818.800000 8155.130000
-30397.300000 11256.500000
-32436.700000 14640.600000
-36240.500000 16784.600000
-40686.600000 21927.600000
-46053.300000 25391.800000
-50883.400000 28789.300000
-51230.800000 28373.000000
-52260.500000 27938.800000
-52185.900000 28535.500000
-51309.800000 28361.800000
-51225.200000 28361.800000
-51807.400000 27725.100000
-52214.800000 27564.800000
-52239.300000 27464.600000
-52208.100000 27591.500000
-52221.500000 27535.800000
-52226.000000 27515.800000
-52215.900000 27542.500000
-52211.500000 27540.300000
-52212.600000 27544.800000
-52222.600000 27515.800000
-52217.100000 27520.300000
-52217.100000 27522.500000
-52207.000000 27524.700000
-52209.300000 27526.900000
-52213.700000 27520.300000
-52218.200000 27515.800000
-52219.300000 27522.500000
-52213.700000 27533.600000
-52211.500000 27533.600000
-52208.100000 27533.600000
-52210.400000 27531.400000
-13436.700000 125577.000000
-52210.400000 27531.400000
-52208.100000 27573.700000
-52211.500000 27555.900000
-52213.700000 27560.300000
-52219.300000 27538.100000
-52212.600000 27564.800000
-52220.400000 27533.600000
-51907.600000 27502.500000
-51849.700000 27486.900000
-51559.200000 28419.700000
-49804.800000 27785.200000
-48073.700000 25955.100000
-45143.800000 25126.900000
-42959.700000 24427.800000
-39859.500000 20921.200000
-37767.800000 18340.900000
-34084.200000 15909.600000
-31378.000000 13870.300000
-28406.900000 7340.270000
-25778.700000 6180.320000
-25263.300000 6077.900000
-23404.200000 2522.360000
-23404.200000 2529.040000
