84717.100000 -27562.800000
92621.900000 -26805.900000
95371.400000 -28740.600000
96646.100000 -29927.300000
99001.600000 -40139.700000
100182.000000 -48234.900000
104176.000000 -52485.100000
114793.000000 -56875.500000
121495.000000 -62746.500000
126493.000000 -64026.700000
138008.000000 -63735.000000
145109.000000 -66449.000000
148022.000000 -78088.500000
149635.000000 -80648.900000
152732.000000 -92379.700000
152643.000000 -99956.100000
151183.000000 -105239.000000
149951.000000 -119824.000000
150290.000000 -125747.000000
151352.000000 -125417.000000
151759.000000 -125359.000000
79618.600000 -23938.300000
79711.000000 -14694.300000
82449.500000 -9889.760000
82175.600000 -8046.310000
79402.700000 2039.230000
77355.500000 9457.560000
76542.900000 11131.800000
71839.600000 16889.300000
67494.800000 22506.400000
62546.700000 33446.900000
57441.600000 41557.700000
55865.300000 41357.300000
49323.000000 45725.500000
45533.700000 49220.900000
45515.900000 49236.500000
43383.000000 52571.600000
41402.600000 59720.500000
41028.600000 61466.000000
38880.100000 71827.600000
36747.300000 77569.500000
35669.700000 78867.500000
30881.800000 87606.100000
29131.900000 94245.200000
28516.300000 94298.600000
24921.800000 94205.100000
23642.700000 101200.000000
23111.700000 101750.000000
23072.800000 104729.000000
22587.400000 106009.000000
22399.300000 105272.000000
22835.700000 105052.000000
23001.500000 104896.000000
23329.900000 107946.000000
24191.500000 108853.000000
24302.900000 108795.000000
24380.800000 106123.000000
24381.900000 106181.000000
24381.900000 106221.000000
24292.800000 106292.000000
23398.900000 106087.000000
18052.300000 105954.000000
15313.800000 111092.000000
14897.500000 112343.000000
15587.600000 119964.000000
12714.500000 124978.000000
11024.700000 126185.000000
4366.650000 134587.000000
-1404.160000 143480.000000
-1979.680000 143526.000000
-1880.600000 145201.000000
-1836.080000 148959.000000
-1709.170000 149157.000000
-962.219000 149497.000000
-1115.840000 148126.000000
-1106.930000 148331.000000
-1848.320000 146098.000000
-1848.320000 144588.000000
-768.523000 139991.000000
-3217.550000 134725.000000
-4358.580000 134772.000000
-8433.980000 134973.000000
-10728.300000 135111.000000
-11654.500000 137508.000000
-11311.600000 138085.000000
-10828.500000 138308.000000
-7459.940000 139350.000000
-3652.810000 139165.000000
-3646.130000 139167.000000
-5526.320000 134848.000000
-11186.900000 135182.000000
-17287.200000 132780.000000
-17528.800000 132027.000000
-18723.200000 132742.000000
-17892.800000 132530.000000
-15648.600000 135534.000000
-9504.880000 135137.000000
-9011.730000 135153.000000
-8952.730000 137822.000000
-9404.690000 141596.000000
-10190.600000 143281.000000
-10561.300000 146309.000000
-10564.600000 146356.000000
-11422.900000 147309.000000
-11735.700000 150401.000000
-11558.700000 151568.000000
-8645.490000 147278.000000
-7897.420000 147204.000000
-6189.780000 147089.000000
-5817.980000 145443.000000
-4988.640000 145441.000000
-4643.550000 145450.000000
-1542.190000 145430.000000
-1539.970000 145432.000000
1245.250000 145742.000000
1985.520000 147004.000000
2327.270000 146986.000000
2736.930000 146245.000000
1316.490000 143840.000000
678.630000 143693.000000
233.352000 142996.000000
233.352000 143001.000000
228.900000 143001.000000
231.126000 142994.000000
-30.474800 143355.000000
-1151.460000 145359.000000
-1440.890000 145365.000000
-1788.210000 147398.000000
-1744.790000 149555.000000
-1743.680000 149736.000000
-1651.290000 152007.000000
-2850.200000 153371.000000
-2860.220000 152937.000000
-1611.210000 152189.000000
-1278.370000 149119.000000
-1141.440000 149161.000000
-1089.120000 148409.000000
-44.946300 147022.000000
-42.719900 147022.000000
22.958600 145341.000000
-32.701200 145314.000000
-500.243000 145334.000000
-1906.210000 145423.000000
-3591.590000 147008.000000
-3696.230000 146739.000000
-3803.090000 145989.000000
-3714.040000 146149.000000
-3704.020000 146530.000000
-2941.480000 147046.000000
-2643.140000 150657.000000
-2656.500000 150980.000000
-2601.950000 153267.000000
-2191.190000 153463.000000
-1616.780000 153403.000000
-1248.310000 156025.000000
-1234.950000 155317.000000
-1720.300000 154304.000000
-2617.540000 153418.000000
-2560.770000 153305.000000
-1725.870000 150177.000000
-1821.610000 146354.000000
-1834.960000 145365.000000
-5638.750000 143600.000000
-7887.400000 142280.000000
-8057.720000 141587.000000
-9606.180000 139497.000000
-8874.810000 140732.000000
-8871.470000 143704.000000
-9310.070000 144036.000000
-10572.400000 145205.000000
-10566.900000 149235.000000
-12876.700000 150918.000000
-13132.800000 152067.000000
-14361.700000 153924.000000
-14361.700000 154318.000000
-14148.000000 155075.000000
-13501.200000 152997.000000
-13438.900000 155233.000000
-11294.900000 156967.000000
-11289.300000 157577.000000
-11279.300000 158706.000000
-7438.790000 164080.000000
-6647.310000 164091.000000
-3253.170000 164083.000000
-2423.840000 165487.000000
-2236.830000 166569.000000
-3098.440000 167313.000000
-3358.930000 167324.000000
-3966.730000 166149.000000
-3151.870000 163334.000000
-3167.460000 162397.000000
-2871.350000 158096.000000
-1970.770000 156860.000000
-2273.560000 156613.000000
-3387.870000 154280.000000
-2242.390000 152677.000000
-1998.600000 153044.000000
-286.510000 155938.000000
2553.250000 155950.000000
1286.430000 153852.000000
1293.110000 152454.000000
1293.110000 143244.000000
-1069.090000 141215.000000
503.859000 141242.000000
2307.230000 138123.000000
4201.890000 134725.000000
4859.790000 133503.000000
8364.130000 125960.000000
9681.040000 121374.000000
10865.500000 119219.000000
12629.900000 107421.000000
19303.500000 106036.000000
20293.100000 106070.000000
23093.900000 105825.000000
22596.300000 105989.000000
22604.100000 105998.000000
22600.800000 106018.000000
22470.500000 106007.000000
23905.400000 108107.000000
24234.900000 108859.000000
24381.900000 106194.000000
24379.700000 106221.000000
24379.700000 106283.000000
14653.700000 112847.000000
15416.200000 117342.000000
12196.900000 125459.000000
8737.050000 127824.000000
3958.100000 135331.000000
-1978.570000 143464.000000
-1868.360000 145283.000000
-1831.620000 145109.000000
-1164.820000 142542.000000
-593.751000 143146.000000
-1122.520000 144528.000000
-657.203000 144448.000000
-1838.300000 146784.000000
-1751.470000 150070.000000
-3884.360000 152189.000000
-3385.640000 151076.000000
-2595.280000 152559.000000
-1260.560000 154640.000000
-569.261000 157929.000000
-3186.380000 160914.000000
-5596.450000 164448.000000
-5290.320000 165067.000000
-5290.320000 165020.000000
-5259.150000 165229.000000
-5286.980000 165035.000000
-5618.710000 162315.000000
-5406.090000 160627.000000
-8438.440000 160344.000000
-8423.960000 157036.000000
-8459.590000 153532.000000
-8482.960000 152122.000000
-8241.400000 152817.000000
-8232.490000 152844.000000
-7815.050000 151788.000000
-8308.190000 152060.000000
-9178.710000 152893.000000
-9992.460000 152897.000000
-11100.100000 154923.000000
-10163.900000 156925.000000
-10160.500000 156925.000000
-10137.200000 156927.000000
-10139.400000 156927.000000
-9658.500000 157165.000000
-9642.910000 157468.000000
-9635.120000 157009.000000
-10776.100000 156658.000000
-11198.000000 156390.000000
-12001.800000 154168.000000
-12863.400000 150976.000000
-12851.100000 149480.000000
-12560.600000 149867.000000
-12690.800000 149522.000000
-11903.800000 149339.000000
-10443.300000 148948.000000
-10576.900000 141890.000000
-10352.000000 139465.000000
-7240.640000 139948.000000
-7749.370000 139143.000000
-9419.160000 130491.000000
-10061.500000 130357.000000
-11843.700000 130484.000000
-11814.800000 130497.000000
-11819.200000 130495.000000
-11823.700000 130500.000000
-11819.200000 130489.000000
-11831.500000 130497.000000
-11844.800000 130475.000000
-11844.800000 130464.000000
-11839.200000 130477.000000
-11838.100000 130480.000000
-12032.900000 130546.000000
-12451.500000 132031.000000
-12621.800000 133819.000000
-13060.400000 133781.000000
-13015.900000 135676.000000
-15214.500000 140162.000000
-15488.300000 140476.000000
-15284.600000 140320.000000
-10720.500000 141267.000000
-10514.500000 147042.000000
-10491.200000 148832.000000
-10350.900000 150217.000000
-9411.370000 151156.000000
-8801.340000 150900.000000
-9016.180000 150782.000000
-9956.830000 151410.000000
-11547.600000 151784.000000
-11459.600000 152381.000000
-10837.400000 151702.000000
-10338.700000 150346.000000
-10363.100000 149782.000000
-7875.160000 141863.000000
-7374.220000 140514.000000
-4764.890000 141743.000000
-4712.570000 143495.000000
-184.096000 142865.000000
1244.130000 142919.000000
1435.600000 142658.000000
1541.360000 147710.000000
1411.110000 153507.000000
1313.150000 158111.000000
1946.560000 160429.000000
1241.910000 159233.000000
1248.590000 154665.000000
283.446000 152630.000000
-759.617000 152623.000000
-3480.270000 152659.000000
-3814.220000 152452.000000
-3660.600000 152216.000000
-3321.080000 152670.000000
-660.543000 152632.000000
424.822000 152643.000000
7983.420000 152672.000000
7951.130000 150913.000000
7602.700000 150441.000000
6890.260000 150876.000000
5883.930000 150940.000000
5403.030000 150967.000000
3092.040000 151152.000000
3096.490000 152465.000000
2907.250000 153336.000000
1431.150000 152739.000000
3217.830000 152724.000000
3550.670000 152621.000000
3053.080000 152617.000000
2573.290000 152516.000000
3055.300000 152267.000000
4431.210000 146436.000000
3456.050000 140334.000000
982.533000 137094.000000
-3682.870000 133492.000000
-3392.320000 131851.000000
-3598.260000 131909.000000
-4759.330000 133381.000000
-4759.330000 133298.000000
-4707.010000 133601.000000
-7761.610000 134950.000000
-9396.900000 130647.000000
-10900.800000 126701.000000
-14850.400000 116327.000000
-12747.600000 114510.000000
-11145.700000 113753.000000
-10319.700000 112784.000000
-10337.500000 112746.000000
-12828.900000 114483.000000
-12838.900000 116634.000000
-13168.400000 120991.000000
-12445.900000 122870.000000
-12108.600000 123564.000000
-11793.600000 123355.000000
-10291.900000 125410.000000
-8746.790000 124642.000000
-7764.950000 125417.000000
-4899.590000 124818.000000
-3474.700000 125001.000000
-905.446000 125052.000000
1887.560000 127666.000000
2769.210000 126766.000000
6088.760000 127042.000000
8043.530000 126724.000000
9204.590000 123426.000000
9347.080000 122747.000000
10202.000000 119938.000000
11754.900000 117112.000000
12638.800000 107370.000000
13396.900000 105831.000000
13776.500000 106021.000000
20382.200000 106063.000000
22587.400000 106018.000000
23199.700000 106900.000000
23951.100000 108781.000000
24202.700000 108855.000000
23906.600000 108162.000000
23850.900000 107904.000000
23947.700000 108772.000000
23840.900000 107904.000000
23708.400000 107904.000000
23827.500000 107902.000000
23525.800000 109805.000000
24426.400000 110044.000000
24133.600000 108839.000000
24133.600000 108029.000000
23100.600000 105199.000000
23095.000000 104979.000000
23069.400000 104239.000000
23024.900000 100711.000000
23376.700000 93510.500000
22796.700000 92749.000000
23348.800000 93007.300000
23390.000000 90892.200000
23393.400000 89930.400000
22837.900000 84622.700000
22679.800000 85671.300000
22684.300000 85557.800000
22853.500000 83687.600000
20860.900000 79005.500000
16709.800000 78137.200000
16389.200000 76554.300000
16386.900000 76572.100000
16400.300000 76585.400000
16384.700000 76547.600000
16392.500000 76558.700000
18034.500000 78816.300000
22348.100000 80864.600000
22839.000000 83398.200000
23370.000000 93192.100000
23071.700000 101586.000000
23085.000000 105105.000000
24360.700000 108093.000000
24356.300000 108111.000000
-11375.000000 193965.000000
24198.200000 108839.000000
24406.400000 106397.000000
24407.500000 106265.000000
24385.200000 106185.000000
24384.100000 106259.000000
22775.500000 106058.000000
22280.200000 106047.000000
15347.200000 106976.000000
15173.500000 114329.000000
15251.500000 114670.000000
9829.090000 127040.000000
1568.070000 139628.000000
1010.360000 140636.000000
-1892.850000 145156.000000
-258.680000 144550.000000
-343.283000 144697.000000
-1316.210000 144194.000000
-3799.750000 143431.000000
-3795.300000 143475.000000
-3522.570000 143582.000000
-2777.840000 142141.000000
-2785.630000 141852.000000
-3104.010000 139209.000000
-2792.310000 142219.000000
-2832.390000 142469.000000
-3498.080000 142905.000000
-3724.060000 143119.000000
-3799.750000 143246.000000
-8697.810000 143860.000000
-9244.390000 144299.000000
-9504.880000 145483.000000
-10395.400000 145419.000000
-11006.600000 144773.000000
-11713.500000 141572.000000
-12838.900000 140750.000000
-13288.600000 140454.000000
-13053.700000 139423.000000
-15777.700000 140748.000000
-17122.500000 150404.000000
-16229.700000 150829.000000
-16346.600000 151034.000000
-17150.300000 142529.000000
-17617.800000 139481.000000
-16612.600000 137925.000000
-16016.000000 137604.000000
-14545.400000 138646.000000
-14366.200000 139546.000000
-12817.700000 141656.000000
-13122.800000 142923.000000
-14154.700000 141246.000000
-16279.800000 141026.000000
-17000.000000 139298.000000
-16970.000000 138448.000000
-16744.000000 140291.000000
-15932.500000 139514.000000
-15857.900000 140612.000000
-14803.700000 141877.000000
-15718.700000 142231.000000
-15594.100000 146222.000000
-17238.200000 155141.000000
-19612.700000 156330.000000
-18617.500000 163945.000000
-16899.800000 169288.000000
-16539.200000 169626.000000
-16460.100000 169622.000000
-17587.800000 168591.000000
-18332.500000 167211.000000
-18314.700000 163546.000000
-16237.500000 161907.000000
-15492.800000 158597.000000
-15564.000000 152234.000000
-13913.100000 145900.000000
-13333.200000 145998.000000
-12279.000000 145917.000000
-14163.600000 141235.000000
-14319.400000 139657.000000
-14799.200000 137335.000000
-14867.100000 136440.000000
-13917.600000 137446.000000
-13869.700000 139425.000000
-12818.900000 141603.000000
-13088.300000 142101.000000
-12782.100000 142124.000000
-13020.300000 142905.000000
-12305.700000 143932.000000
-12029.600000 144065.000000
-13795.100000 145871.000000
-15609.600000 145668.000000
-15572.900000 151755.000000
-16170.700000 155201.000000
-14144.700000 155204.000000
-14366.200000 155101.000000
-15068.600000 152868.000000
-14348.400000 153527.000000
-14257.100000 154905.000000
-14504.200000 155099.000000
-15535.100000 153109.000000
-13780.700000 152862.000000
-8657.740000 152953.000000
-6592.760000 152893.000000
-4896.250000 152781.000000
-1605.650000 153345.000000
2326.160000 153425.000000
4436.780000 150268.000000
2389.610000 138479.000000
5282.800000 132989.000000
9323.700000 127443.000000
15548.700000 118646.000000
15878.200000 114483.000000
15277.100000 114737.000000
13217.700000 116805.000000
13695.200000 116188.000000
13576.100000 115912.000000
13174.200000 116680.000000
