-17981.900000 144001.000000
-19371.100000 144056.000000
-19945.500000 144029.000000
517.217000 133913.000000
-19947.800000 142507.000000
-20125.900000 142264.000000
-20140.300000 142141.000000
-19869.800000 142511.000000
-19073.900000 141828.000000
-18636.400000 141839.000000
-18452.700000 141799.000000
-18422.700000 141759.000000
-18083.200000 141153.000000
-18151.100000 143533.000000
-18067.600000 143571.000000
-17701.300000 145136.000000
-17582.200000 145109.000000
-16574.800000 148119.000000
-15732.100000 148257.000000
-16441.200000 146984.000000
-16395.600000 146167.000000
-16539.200000 145167.000000
-16447.900000 144608.000000
-16123.900000 144786.000000
-16123.900000 144780.000000
-15418.200000 145319.000000
-15567.300000 144268.000000
-14803.700000 142745.000000
-14203.700000 142547.000000
-13898.700000 145619.000000
-14971.800000 145537.000000
-15402.600000 155170.000000
-14738.000000 155213.000000
-14572.100000 155217.000000
-14523.200000 155219.000000
-14525.400000 155273.000000
-14532.100000 155313.000000
-14549.900000 155264.000000
-14544.300000 155264.000000
-14547.600000 155181.000000
-13750.600000 155190.000000
-9729.740000 154669.000000
-8536.400000 154589.000000
-6572.720000 154451.000000
-5751.180000 154498.000000
-4223.880000 154324.000000
-3573.770000 154280.000000
-2528.480000 155066.000000
-2541.840000 154505.000000
-2728.860000 153445.000000
-2493.980000 153452.000000
-1921.790000 153409.000000
-1547.760000 153180.000000
-1725.870000 149264.000000
-1715.850000 148665.000000
-1695.810000 145541.000000
-1148.120000 145425.000000
25.185000 144038.000000
-13.776800 143920.000000
-224.171000 143215.000000
85.297500 143439.000000
1177.340000 142251.000000
3208.920000 138553.000000
3218.940000 137390.000000
3228.960000 137379.000000
3222.280000 137426.000000
3532.860000 137807.000000
4416.740000 138699.000000
4873.150000 140280.000000
5473.160000 141765.000000
4992.260000 141658.000000
5534.390000 142170.000000
4539.190000 142453.000000
4406.720000 140262.000000
2967.360000 138069.000000
3314.680000 137442.000000
2495.360000 139668.000000
1816.320000 141035.000000
1466.770000 141750.000000
1472.340000 141741.000000
1458.980000 141821.000000
1440.060000 142774.000000
1261.940000 142725.000000
1260.830000 143157.000000
1269.740000 146089.000000
1210.740000 148142.000000
1184.020000 150183.000000
866.760000 151234.000000
-709.524000 152419.000000
-1003.410000 151893.000000
-1521.040000 151726.000000
-1692.470000 150822.000000
-1781.530000 147374.000000
-1806.020000 146000.000000
-583.733000 143464.000000
1166.210000 140420.000000
4873.150000 133724.000000
7048.330000 129796.000000
12648.800000 125101.000000
15009.900000 121632.000000
15782.500000 114835.000000
15879.300000 114505.000000
15181.300000 115173.000000
15345.000000 117193.000000
13437.000000 117640.000000
13278.900000 117315.000000
13211.000000 116647.000000
13264.400000 116322.000000
13714.100000 116128.000000
13540.500000 115988.000000
13372.400000 116213.000000
13168.700000 116360.000000
14516.800000 117930.000000
14943.100000 118010.000000
15457.400000 118531.000000
15464.100000 118399.000000
15449.600000 118188.000000
15410.700000 117694.000000
15356.100000 117037.000000
15353.900000 116974.000000
15321.600000 116605.000000
15319.400000 116565.000000
15294.900000 116269.000000
15288.200000 116182.000000
15284.900000 116146.000000
15272.600000 116042.000000
15484.100000 115216.000000
15347.200000 116427.000000
15598.800000 119771.000000
11563.500000 125838.000000
9301.440000 127401.000000
8639.090000 127619.000000
8369.690000 127799.000000
8332.960000 127792.000000
8422.010000 127797.000000
9197.910000 123337.000000
9353.760000 122692.000000
12749.000000 118230.000000
13450.300000 117651.000000
15280.400000 116257.000000
15223.600000 114924.000000
15808.100000 114134.000000
15198.000000 114276.000000
15183.600000 109329.000000
15420.700000 107410.000000
8335.180000 105208.000000
5339.580000 106323.000000
188.825000 105818.000000
-4291.780000 109004.000000
-6189.780000 109333.000000
-9480.390000 112840.000000
-11261.500000 113020.000000
-13566.900000 114897.000000
-16191.800000 115282.000000
-16407.800000 114679.000000
-15457.100000 115064.000000
-14834.900000 115694.000000
-14552.100000 116338.000000
-14689.000000 116333.000000
-14173.600000 114819.000000
-14669.000000 115558.000000
-14446.300000 117564.000000
-13976.600000 118871.000000
-13333.200000 122413.000000
-12786.600000 123827.000000
-11991.800000 125392.000000
-12569.500000 125254.000000
-13772.900000 121256.000000
-12709.800000 124041.000000
-12590.700000 125268.000000
-11073.400000 126370.000000
-11441.800000 127739.000000
-12110.900000 129698.000000
-12132.000000 129687.000000
-12449.300000 132031.000000
-12275.600000 132523.000000
-11888.200000 133810.000000
-10325.300000 135191.000000
-8339.360000 135108.000000
-7840.650000 139946.000000
-7926.370000 141389.000000
-9891.160000 141961.000000
-9748.670000 143248.000000
-10352.000000 142912.000000
-10569.100000 142012.000000
-10580.200000 142914.000000
-8964.980000 142772.000000
-9617.310000 142832.000000
-11621.100000 140260.000000
-11329.400000 139505.000000
-10354.200000 140051.000000
-8795.770000 141618.000000
-8330.460000 141618.000000
-6705.190000 139343.000000
-5082.150000 139216.000000
-412.301000 140552.000000
1732.830000 141231.000000
2028.940000 143008.000000
3025.250000 147040.000000
3128.770000 148358.000000
3103.170000 150936.000000
3490.560000 151092.000000
3143.240000 148264.000000
3569.600000 147026.000000
4445.680000 143039.000000
4446.800000 142994.000000
4450.130000 142996.000000
4435.660000 139330.000000
4431.210000 137517.000000
12570.900000 107684.000000
24334.000000 94234.000000
30352.000000 92967.200000
30438.800000 89701.100000
30760.500000 87225.400000
30756.000000 87223.100000
27442.100000 92308.200000
27498.800000 93450.300000
23407.800000 94209.500000
19862.300000 96484.900000
10303.300000 106248.000000
6477.260000 110976.000000
2460.860000 113007.000000
-6347.860000 117266.000000
-9577.230000 118582.000000
-13607.000000 120156.000000
-16358.800000 120468.000000
-15516.100000 120590.000000
-15270.100000 120824.000000
-16505.800000 119871.000000
-14890.500000 120503.000000
-14726.900000 120935.000000
-13421.100000 123217.000000
-12166.500000 123642.000000
-10416.600000 124898.000000
-10874.100000 127347.000000
-10494.500000 127855.000000
-9022.860000 131691.000000
-8852.540000 132141.000000
-7767.180000 139109.000000
-7683.690000 146639.000000
-7908.560000 145474.000000
-6389.040000 145408.000000
-3742.980000 139203.000000
-2819.030000 135925.000000
-2849.080000 135923.000000
-1494.330000 134721.000000
-1492.100000 134719.000000
-1427.530000 134730.000000
-1359.630000 134759.000000
-2905.860000 135643.000000
-3530.360000 133445.000000
-3577.110000 134696.000000
-5446.170000 134538.000000
-5446.170000 134516.000000
-6480.330000 134837.000000
-8112.270000 132833.000000
-7061.410000 132152.000000
-7048.060000 132508.000000
-6253.230000 137353.000000
-6252.120000 137353.000000
-6112.970000 143330.000000
-6110.750000 143408.000000
-6268.820000 144982.000000
-6229.860000 145468.000000
-6114.080000 145523.000000
-5012.020000 147097.000000
-4876.210000 147097.000000
-3781.940000 149117.000000
-3731.850000 149119.000000
-1381.890000 149130.000000
-1295.060000 149168.000000
-75.002600 149502.000000
703.121000 148237.000000
814.440000 148208.000000
1221.870000 148803.000000
1548.040000 148124.000000
1687.180000 148084.000000
2357.330000 149364.000000
4358.850000 150800.000000
4337.700000 151003.000000
3818.950000 151031.000000
3154.380000 151009.000000
1280.870000 150571.000000
1274.190000 150116.000000
1595.900000 148088.000000
1442.280000 148095.000000
1632.640000 147171.000000
1304.250000 147514.000000
1314.260000 147247.000000
2621.160000 146478.000000
2497.590000 146837.000000
4345.490000 147011.000000
4408.950000 147004.000000
5863.890000 146721.000000
5770.380000 147476.000000
5767.040000 147707.000000
3736.580000 148228.000000
3546.220000 148215.000000
3109.850000 149324.000000
3072.000000 152214.000000
3074.230000 152303.000000
1312.040000 151397.000000
1308.700000 151040.000000
1293.110000 144878.000000
1293.110000 144613.000000
-1415.290000 139165.000000
-1592.290000 139029.000000
-4340.770000 134770.000000
-4653.570000 134799.000000
-9853.310000 135104.000000
-10192.800000 135119.000000
-16748.400000 134485.000000
-16787.400000 134298.000000
-19001.500000 131742.000000
-19117.300000 131662.000000
-20206.000000 131012.000000
-20415.300000 131050.000000
-22549.300000 131584.000000
-22375.600000 131433.000000
-20627.900000 130920.000000
-20447.600000 131038.000000
-17914.000000 132114.000000
-17882.800000 132468.000000
-16592.600000 137796.000000
-16466.800000 138254.000000
-15565.100000 140516.000000
-14497.600000 139755.000000
-14463.000000 139737.000000
-14210.400000 139646.000000
-14175.800000 139635.000000
-12973.600000 139537.000000
-10006.900000 139459.000000
-9857.760000 139459.000000
-4198.280000 139169.000000
-3895.490000 139158.000000
-572.601000 140305.000000
-486.885000 140409.000000
1274.190000 144893.000000
1261.940000 148513.000000
1239.680000 148620.000000
1225.210000 151506.000000
2901.680000 151626.000000
2138.030000 151739.000000
-15515.000000 158541.000000
13646.200000 116102.000000
2035.610000 152630.000000
1358.790000 152065.000000
1283.100000 149963.000000
1285.320000 148073.000000
1299.790000 146795.000000
1497.940000 144751.000000
2061.220000 144646.000000
1376.600000 144018.000000
1322.060000 143894.000000
1318.720000 143669.000000
1261.940000 142847.000000
-367.773000 140534.000000
-1722.530000 138991.000000
-1286.160000 134659.000000
-4324.070000 134790.000000
-21014.200000 138143.000000
-21251.300000 138172.000000
-20617.900000 138791.000000
-19305.400000 139717.000000
-18941.400000 140229.000000
-18443.800000 141454.000000
-18470.500000 140864.000000
-18483.900000 141151.000000
-18455.000000 141616.000000
-17851.600000 141725.000000
-16941.000000 141362.000000
-16942.100000 140011.000000
-17042.300000 139269.000000
-3649.470000 147033.000000
-17034.500000 138662.000000
-16466.800000 139735.000000
-15994.800000 140044.000000
-15862.300000 140323.000000
-14844.900000 139984.000000
-14467.500000 138907.000000
-14543.200000 138559.000000
-14696.800000 137638.000000
-13988.800000 137537.000000
-13680.500000 136504.000000
-13463.400000 136495.000000
-11621.100000 135257.000000
-11459.600000 135237.000000
-7502.240000 135001.000000
-7285.170000 134993.000000
-4729.270000 133234.000000
-4727.040000 131241.000000
-4692.540000 132532.000000
-3432.400000 132512.000000
-2913.650000 133100.000000
-3311.060000 134668.000000
-3672.850000 134554.000000
-3680.640000 133813.000000
-3647.250000 132993.000000
-3962.280000 132508.000000
-4191.600000 132156.000000
-4699.210000 130255.000000
-3710.700000 131455.000000
-3678.410000 131573.000000
-3702.900000 132806.000000
-5609.810000 134846.000000
-7886.290000 134961.000000
-8731.210000 137419.000000
-8943.830000 136371.000000
-8633.250000 135111.000000
-7122.640000 135335.000000
-7211.700000 135028.000000
-4273.970000 134848.000000
-3660.600000 134834.000000
-1258.330000 134739.000000
2808.170000 139505.000000
4411.170000 143063.000000
4407.830000 150827.000000
4398.930000 155424.000000
2988.510000 157944.000000
2032.280000 157976.000000
1952.130000 158839.000000
1948.790000 159327.000000
1945.450000 160805.000000
1453.410000 160868.000000
1326.510000 160877.000000
976.967000 161992.000000
-987.822000 163711.000000
1169.550000 161651.000000
1101.640000 161671.000000
1946.560000 160634.000000
1956.580000 159639.000000
1944.330000 158089.000000
1273.080000 157586.000000
1287.550000 155749.000000
1379.940000 152732.000000
3005.210000 152675.000000
3687.600000 152710.000000
3090.920000 151535.000000
3141.020000 147768.000000
3161.060000 147091.000000
2558.820000 146959.000000
2676.820000 144450.000000
2356.220000 142903.000000
812.214000 142075.000000
-1184.860000 139454.000000
-927.710000 135491.000000
-3225.340000 132479.000000
-3922.200000 132486.000000
-3555.960000 132521.000000
-3360.040000 132517.000000
-3173.020000 134069.000000
-3297.700000 134688.000000
-3298.820000 134692.000000
-3306.610000 134663.000000
-2068.730000 126209.000000
-2348.150000 125864.000000
-2108.810000 125757.000000
-1981.910000 123386.000000
-1850.550000 120991.000000
-1950.740000 118831.000000
-2640.920000 118871.000000
-2095.450000 117513.000000
-1999.720000 117598.000000
-2183.390000 115741.000000
-3999.010000 115739.000000
-4109.220000 113216.000000
-4061.350000 113708.000000
-4079.160000 114414.000000
-4173.790000 115850.000000
-4081.390000 119234.000000
-3954.490000 123141.000000
-3666.170000 124673.000000
-3648.360000 127828.000000
-4602.370000 130148.000000
-5496.260000 131128.000000
-4777.140000 131027.000000
-3820.900000 130195.000000
-3613.850000 127383.000000
-3570.430000 125960.000000
-3101.780000 125014.000000
-884.295000 125054.000000
-194.114000 126528.000000
-947.747000 125152.000000
-1479.850000 124063.000000
-3840.940000 123139.000000
-4233.900000 121561.000000
-4065.810000 119341.000000
-5075.470000 119439.000000
-4050.220000 119036.000000
-4165.990000 116070.000000
-4088.070000 115356.000000
-4088.070000 115345.000000
-4090.300000 115351.000000
-4093.640000 115351.000000
-4094.750000 115345.000000
-4093.640000 115362.000000
-4105.880000 110914.000000
-2787.860000 109242.000000
-1790.440000 111170.000000
-1681.340000 112464.000000
5386.330000 111077.000000
10627.300000 108879.000000
12425.100000 108853.000000
12382.800000 109801.000000
13108.600000 109979.000000
12506.300000 108156.000000
13519.300000 105288.000000
16144.200000 100842.000000
16762.100000 99800.000000
20033.800000 96355.800000
20120.600000 95723.500000
20122.800000 95727.900000
20716.100000 95581.000000
22498.400000 94265.200000
25174.500000 94222.900000
27544.500000 94387.700000
28694.400000 90375.700000
30532.300000 89732.300000
30444.300000 89712.200000
30821.700000 87915.500000
30752.700000 87225.400000
30766.100000 87209.800000
30759.400000 87218.700000
30751.600000 87220.900000
29853.200000 94182.800000
27580.100000 94354.300000
22577.400000 94218.500000
20857.500000 95298.300000
20109.400000 95748.000000
18436.300000 97858.600000
15065.600000 102639.000000
13069.600000 105718.000000
11188.300000 109583.000000
8062.450000 110580.000000
3162.170000 111925.000000
718.705000 113822.000000
-1477.630000 115492.000000
-1518.820000 117193.000000
-1516.590000 117188.000000
-1504.340000 116992.000000
-3520.340000 115719.000000
-3247.610000 115765.000000
-2093.220000 117462.000000
-2861.330000 117825.000000
-3938.900000 119301.000000
-4076.940000 119388.000000
-4862.850000 121688.000000
-4650.230000 121823.000000
-4670.270000 121839.000000
-3967.850000 123070.000000
-3168.570000 123023.000000
-3093.990000 124493.000000
-3112.910000 124043.000000
-3081.740000 124546.000000
-2709.930000 123108.000000
-1620.120000 123832.000000
-1029.010000 127732.000000
1172.890000 128877.000000
5287.260000 131916.000000
7542.590000 137032.000000
9650.980000 145216.000000
8449.840000 145229.000000
7474.690000 147877.000000
7478.020000 149139.000000
7489.160000 148186.000000
7473.570000 147520.000000
7401.210000 146737.000000
7488.040000 149299.000000
7593.800000 150379.000000
4987.810000 150980.000000
4754.040000 151136.000000
6312.510000 150940.000000
5553.310000 150927.000000
4434.550000 147420.000000
4442.340000 143326.000000
3647.520000 138717.000000
4436.780000 138544.000000
4424.530000 137473.000000
4408.950000 135048.000000
5691.350000 131660.000000
3703.180000 129081.000000
1715.010000 129075.000000
1385.510000 129317.000000
1684.960000 131128.000000
1681.620000 131150.000000
874.553000 132056.000000
-235.303000 133363.000000
-208.586000 133303.000000
1435.600000 131214.000000
1667.150000 131163.000000
1671.600000 131156.000000
1673.830000 131152.000000
1873.090000 131141.000000
1925.410000 129749.000000
3183.320000 129669.000000
2562.160000 129665.000000
1699.430000 131150.000000
1402.210000 131677.000000
1412.230000 133933.000000
1487.920000 135262.000000
2484.230000 135854.000000
3073.110000 136636.000000
2815.960000 139243.000000
1784.030000 141106.000000
1058.230000 142360.000000
1246.360000 145051.000000
16.279400 145808.000000
-650.524000 147004.000000
-1603.420000 147013.000000
-2555.200000 147002.000000
-4105.880000 147060.000000
-4841.700000 147057.000000
-4915.170000 148685.000000
-4908.490000 148834.000000
-4885.120000 149898.000000
-5291.430000 151134.000000
-4985.310000 151152.000000
-4873.990000 151127.000000
-4840.590000 149224.000000
-4841.700000 149186.000000
-4401.990000 149831.000000
-4798.290000 150401.000000
-5288.090000 151149.000000
-4866.190000 151136.000000
-5310.360000 149244.000000
-5979.390000 147692.000000
-6822.080000 147064.000000
-7822.840000 146832.000000
-7895.200000 144844.000000
-7818.390000 143834.000000
-7805.030000 140091.000000
-8567.570000 139347.000000
-14174.700000 139477.000000
-14820.400000 137081.000000
-14919.500000 136520.000000
-15393.700000 136190.000000
-2871.350000 136618.000000
-17174.800000 133407.000000
-16818.600000 132844.000000
-16247.500000 132795.000000
-14893.900000 136930.000000
-14428.500000 139425.000000
-15381.400000 140307.000000
-20852.800000 144036.000000
-22085.100000 143956.000000
-26277.400000 142509.000000
-27803.600000 144684.000000
-25615.000000 142282.000000
-21083.200000 144096.000000
-19840.900000 144065.000000
-18806.700000 144123.000000
-17192.600000 143965.000000
-15660.800000 141808.000000
-14614.400000 138332.000000
-13476.800000 138125.000000
-13473.400000 138116.000000
-15863.400000 140732.000000
-16003.700000 137713.000000
-14680.100000 138023.000000
-14375.100000 139497.000000
-14057.800000 139637.000000
-13877.500000 139601.000000
-13278.600000 139483.000000
-15706.500000 140474.000000
-16613.700000 136760.000000
-18019.700000 130322.000000
-18849.000000 124724.000000
-17732.500000 124998.000000
-17265.000000 124682.000000
-17244.900000 125018.000000
4453.470000 137771.000000
-18191.100000 128999.000000
-19011.600000 129502.000000
-18039.700000 130707.000000
-18616.400000 132552.000000
-18718.800000 132762.000000
-17624.500000 132682.000000
-17071.300000 132889.000000
-15210.000000 132272.000000
-14962.900000 133897.000000
-13328.700000 133875.000000
-13083.800000 133352.000000
-13081.600000 133178.000000
-13100.500000 133746.000000
-13032.600000 135260.000000
-10993.200000 135264.000000
-10827.400000 136389.000000
-11814.800000 135422.000000
-11151.300000 135255.000000
-10839.600000 138154.000000
-10814.000000 140020.000000
-10618.100000 142311.000000
-10495.600000 143551.000000
-10969.800000 145528.000000
-12791.000000 145993.000000
-13984.400000 143782.000000
-14105.700000 141894.000000
-14283.800000 139855.000000
-14298.300000 139759.000000
-14800.300000 137263.000000
-15267.900000 136985.000000
-14784.800000 137393.000000
-14856.000000 135569.000000
-12145.400000 135278.000000
-9349.030000 135102.000000
-5138.930000 134868.000000
-4326.290000 134819.000000
-253.114000 135538.000000
788.837000 135805.000000
2145.820000 134031.000000
2401.860000 133292.000000
2647.870000 132655.000000
2467.530000 133378.000000
2468.650000 133378.000000
2463.080000 133390.000000
2497.590000 132089.000000
2528.760000 129257.000000
6831.260000 130190.000000
9772.320000 127129.000000
15065.600000 121541.000000
15399.500000 116709.000000
15366.100000 114267.000000
15171.300000 115051.000000
14975.400000 117996.000000
13278.900000 117313.000000
13648.500000 116220.000000
13496.000000 116184.000000
13317.800000 117633.000000
13373.500000 117629.000000
14179.500000 117852.000000
14310.800000 117885.000000
15444.000000 118519.000000
15458.500000 118384.000000
15451.800000 118346.000000
15434.000000 118157.000000
15432.900000 118110.000000
15432.900000 118094.000000
15409.500000 117816.000000
15376.100000 117313.000000
15372.800000 117262.000000
15369.500000 117259.000000
15353.900000 117037.000000
15310.500000 116502.000000
15300.400000 116409.000000
15259.300000 116006.000000
15239.200000 115754.000000
15420.700000 115347.000000
15456.300000 115289.000000
15468.500000 115253.000000
15640.000000 114472.000000
15343.900000 115696.000000
11660.300000 125791.000000
10287.700000 126704.000000
3415.980000 128935.000000
1954.350000 128854.000000
-7571.260000 127173.000000
-9214.330000 127129.000000
-11979.500000 123838.000000
-12521.600000 123916.000000
-14856.000000 124916.000000
-14906.100000 124611.000000
-13578.100000 126009.000000
-13526.800000 126005.000000
-14443.000000 125192.000000
-14513.100000 124956.000000
-15159.900000 127140.000000
-14328.400000 127492.000000
-14371.800000 127690.000000
-14512.000000 124956.000000
-14516.500000 124949.000000
-14518.700000 124940.000000
-14518.700000 124938.000000
-14522.000000 124938.000000
-14763.600000 125555.000000
-15033.000000 131807.000000
-15033.000000 132586.000000
-18680.900000 138076.000000
-19547.000000 139517.000000
-20584.500000 147999.000000
-21338.100000 147926.000000
-10692.700000 154899.000000
-7420.980000 152939.000000
-2745.560000 153124.000000
-2635.350000 150248.000000
-1735.890000 148024.000000
176.579000 142213.000000
2263.820000 138731.000000
4209.680000 134710.000000
4344.380000 134456.000000
5152.560000 132906.000000
7053.900000 129489.000000
9345.970000 122774.000000
11426.500000 118324.000000
12350.500000 109975.000000
13310.100000 105865.000000
16520.500000 100216.000000
19484.900000 96876.800000
24019.000000 94240.700000
27524.400000 94407.700000
30433.200000 89698.900000
30434.300000 89710.000000
30546.800000 89585.300000
30575.700000 89019.800000
30759.400000 87223.100000
30750.500000 87220.900000
30752.700000 87225.400000
30789.400000 87552.600000
29325.600000 90164.200000
28474.000000 90433.600000
26508.100000 94260.800000
24666.900000 94191.700000
21293.900000 94109.400000
21063.500000 94717.200000
18923.900000 97379.900000
16716.400000 99844.500000
15445.200000 101997.000000
11202.800000 106143.000000
10254.300000 106248.000000
7478.020000 110758.000000
2131.350000 113501.000000
863.421000 113995.000000
-1730.320000 115892.000000
-4037.980000 115716.000000
-3970.070000 117128.000000
-4526.670000 117117.000000
-7238.410000 118088.000000
-8312.640000 118491.000000
-11518.600000 118784.000000
-12386.900000 119092.000000
-13423.300000 119873.000000
-13371.000000 120490.000000
-12155.400000 123556.000000
-12105.300000 123593.000000
-11163.500000 124226.000000
-10516.800000 124537.000000
-10299.700000 125495.000000
-10812.900000 125535.000000
-11489.700000 128031.000000
-11785.800000 129338.000000
-12508.300000 132285.000000
-13094.900000 133534.000000
-13112.700000 133835.000000
-13656.000000 136224.000000
-13609.200000 136362.000000
-13382.100000 136453.000000
-11800.300000 135295.000000
-11772.500000 135220.000000
-12109.800000 135229.000000
-14053.400000 135389.000000
-14715.700000 135473.000000
-12808.800000 135358.000000
-11780.200000 135315.000000
-11501.900000 135275.000000
-10806.200000 135315.000000
-11878.200000 139443.000000
-13435.600000 139494.000000
-13877.500000 138330.000000
-13666.000000 137747.000000
-12641.900000 137388.000000
-12668.600000 137853.000000
-11385.100000 137847.000000
-10514.500000 137856.000000
-9295.600000 137789.000000
-8704.490000 139069.000000
-3311.060000 140772.000000
-2330.340000 144704.000000
-2098.790000 148188.000000
-2155.560000 148222.000000
-7831.740000 140754.000000
-7750.480000 137842.000000
-7689.260000 137804.000000
-8329.340000 133381.000000
-8068.860000 132871.000000
-8233.610000 132372.000000
-8238.060000 132054.000000
-8262.550000 133703.000000
-7983.140000 135173.000000
-11249.300000 139501.000000
-11237.000000 139501.000000
-10663.700000 138570.000000
-10799.500000 133757.000000
-11407.300000 133761.000000
-12684.200000 133815.000000
-13030.400000 133868.000000
-12933.500000 135391.000000
-11345.000000 135275.000000
-10238.500000 135182.000000
-7081.450000 134988.000000
-6240.990000 137353.000000
-5411.660000 137802.000000
-5229.090000 137778.000000
-4803.850000 138849.000000
-6213.160000 138179.000000
-6235.420000 137493.000000
-7864.030000 137413.000000
-8841.410000 137417.000000
-8971.660000 135718.000000
-7882.950000 135418.000000
-8475.170000 133009.000000
-8283.700000 131889.000000
-8401.700000 133356.000000
-8931.580000 139321.000000
-9962.400000 139379.000000
-12148.700000 139396.000000
-12451.500000 137965.000000
-12445.900000 137931.000000
-12115.300000 136916.000000
-12133.100000 136738.000000
-11337.200000 135271.000000
-11573.200000 139033.000000
-10827.400000 139465.000000
-10633.700000 139465.000000
-8907.090000 137836.000000
-8905.980000 137669.000000
-7653.630000 137108.000000
-7672.560000 136941.000000
-8249.190000 131947.000000
-7039.150000 134340.000000
-7029.130000 134523.000000
-6026.140000 130097.000000
-5824.650000 130112.000000
-4778.250000 131079.000000
-3716.260000 131377.000000
-3707.360000 131384.000000
-3705.130000 131384.000000
-4212.750000 131642.000000
-4336.310000 131666.000000
-3707.360000 131208.000000
-3698.450000 131390.000000
-3699.570000 131390.000000
-3696.230000 131395.000000
-3697.340000 131375.000000
-3696.230000 131388.000000
-3690.660000 131477.000000
-3771.920000 133305.000000
-3770.810000 133305.000000
-3229.800000 134581.000000
-3321.080000 134574.000000
-4600.140000 134737.000000
-3589.360000 134817.000000
-1217.140000 134757.000000
2763.640000 139448.000000
4412.290000 150092.000000
4400.040000 154360.000000
4255.330000 159815.000000
3696.500000 159133.000000
3296.860000 159080.000000
3143.240000 159080.000000
1957.690000 157927.000000
1371.040000 157604.000000
1300.910000 155921.000000
1294.230000 154565.000000
2677.930000 152695.000000
1328.740000 151657.000000
1337.640000 151539.000000
2784.800000 152318.000000
2559.930000 152581.000000
1334.300000 151768.000000
841.157000 151528.000000
70.826000 149486.000000
37.430100 149393.000000
-375.565000 149317.000000
-1024.560000 149121.000000
-1254.990000 149106.000000
-1267.230000 149099.000000
-1747.020000 147607.000000
-1800.450000 145815.000000
-1050.160000 143678.000000
-597.091000 143041.000000
1019.270000 141990.000000
1035.970000 142317.000000
774.365000 141888.000000
771.026000 141890.000000
794.403000 141874.000000
789.950000 141870.000000
775.478000 141830.000000
769.912000 141832.000000
771.026000 141828.000000
-166.285000 142353.000000
-1177.070000 142366.000000
-1165.930000 141420.000000
-725.108000 139973.000000
-1566.680000 138984.000000
-3412.360000 139047.000000
-3655.040000 137871.000000
-13037.000000 140572.000000
-4419.800000 139114.000000
-4576.760000 139105.000000
-3591.590000 140572.000000
-3769.700000 143557.000000
-3630.550000 143569.000000
-1804.910000 148921.000000
-463.508000 149444.000000
-473.526000 149526.000000
-452.376000 149422.000000
-365.546000 149371.000000
21.845400 147075.000000
-1721.420000 145488.000000
-1632.360000 145454.000000
31.864200 144913.000000
31.864200 144622.000000
1317.600000 141975.000000
1418.910000 141785.000000
2436.370000 137568.000000
2450.840000 137437.000000
2302.780000 138855.000000
2598.890000 139245.000000
4420.080000 150773.000000
4415.630000 151259.000000
4764.060000 158316.000000
4769.620000 158528.000000
1683.850000 157633.000000
1469.000000 157619.000000
-1539.970000 153750.000000
-1561.120000 153436.000000
-1946.280000 143589.000000
-2152.220000 143442.000000
-5016.470000 144081.000000
-5019.810000 144165.000000
-4849.500000 145403.000000
-3849.850000 145425.000000
-3754.110000 145417.000000
-5587.540000 143589.000000
-6625.040000 143602.000000
-7682.580000 138524.000000
-7620.240000 137488.000000
-8885.940000 137404.000000
-9069.620000 137426.000000
-10471.100000 137406.000000
-10689.300000 137268.000000
-11966.200000 135338.000000
-11380.600000 135264.000000
-11248.100000 135257.000000
-6940.080000 134952.000000
-5655.450000 134899.000000
-1536.630000 134728.000000
-1501.010000 134719.000000
-1759.270000 135856.000000
-1879.490000 135863.000000
-3660.600000 135941.000000
-3679.530000 136950.000000
-4620.180000 141324.000000
-4703.670000 142616.000000
-4646.890000 146069.000000
-4633.540000 146690.000000
-4894.020000 147053.000000
-5547.470000 147051.000000
-5294.770000 145423.000000
-4846.160000 145414.000000
-3718.490000 145274.000000
-3729.620000 144622.000000
-2775.610000 142353.000000
-2776.730000 141636.000000
-402.282000 140619.000000
18.505800 141113.000000
693.102000 142008.000000
698.668000 142019.000000
717.592000 142015.000000
993.665000 142491.000000
647.461000 143099.000000
-342.169000 144432.000000
-614.902000 145000.000000
-721.769000 147269.000000
-715.090000 148075.000000
-1033.460000 150533.000000
-1023.440000 150980.000000
-1514.360000 152550.000000
-1663.530000 151265.000000
-1751.470000 145739.000000
-1557.780000 145417.000000
-1752.590000 147117.000000
-1020.110000 147024.000000
1515.750000 147015.000000
4355.510000 147015.000000
5783.740000 146463.000000
5462.030000 146563.000000
4467.950000 142970.000000
4251.990000 141723.000000
4402.270000 134988.000000
4332.140000 134467.000000
7459.100000 128665.000000
8037.960000 126937.000000
9949.320000 120566.000000
13212.100000 116796.000000
13369.100000 116313.000000
15442.900000 118332.000000
15435.100000 118065.000000
15399.500000 117667.000000
15378.400000 117426.000000
15349.400000 117012.000000
15336.100000 116834.000000
15326.000000 116714.000000
15324.900000 116718.000000
15276.000000 116095.000000
15251.500000 115930.000000
15204.700000 115211.000000
15175.800000 115037.000000
15337.200000 114980.000000
15468.500000 115262.000000
15615.500000 114904.000000
15754.600000 114877.000000
14677.100000 112896.000000
15424.000000 107296.000000
15582.100000 105916.000000
18799.200000 106112.000000
19497.200000 106045.000000
23446.800000 104847.000000
24177.100000 104707.000000
28893.700000 99016.300000
29751.900000 97021.500000
30433.200000 89701.100000
30754.900000 87229.800000
30752.700000 87225.400000
30380.900000 92306.000000
29959.000000 94169.500000
23544.800000 94209.500000
21986.300000 94194.000000
16565.000000 100089.000000
11187.200000 106675.000000
11274.000000 108701.000000
4696.150000 111117.000000
3500.580000 111384.000000
-656.090000 114274.000000
-1116.950000 114977.000000
-2844.630000 118266.000000
-4021.280000 119323.000000
-4065.810000 120067.000000
-3132.950000 123836.000000
-3111.800000 124063.000000
-3078.400000 124546.000000
-3807.550000 123856.000000
-3649.470000 131838.000000
-3730.730000 133285.000000
-4535.570000 137255.000000
-4582.330000 136413.000000
-2003.060000 135928.000000
9829.090000 127071.000000
9518.510000 121919.000000
6831.260000 126688.000000
6763.350000 126920.000000
2484.230000 126860.000000
2283.860000 127022.000000
1954.350000 132628.000000
1938.770000 132808.000000
2779.230000 136233.000000
1801.840000 141077.000000
1769.560000 141133.000000
1081.610000 142331.000000
939.118000 152608.000000
352.464000 152614.000000
-4291.780000 152708.000000
-10454.400000 152258.000000
-11962.800000 157110.000000
-12454.800000 159561.000000
-14340.600000 156856.000000
-15528.400000 156825.000000
-15527.300000 156804.000000
-15527.300000 156798.000000
-16286.500000 155137.000000
-21892.500000 153639.000000
-20625.700000 152924.000000
-20622.400000 152879.000000
-18967.000000 152842.000000
-18943.700000 152835.000000
-17329.500000 152203.000000
-17260.500000 152501.000000
-14849.300000 153356.000000
-14848.200000 153788.000000
-16421.200000 155206.000000
-16182.900000 155230.000000
-16149.500000 155284.000000
-11239.200000 159795.000000
-11278.200000 160614.000000
-3971.180000 160721.000000
-3443.530000 160979.000000
-300.981000 158615.000000
-147.360000 159815.000000
380.294000 157987.000000
-3029.420000 147055.000000
-2069.850000 149126.000000
-2573.010000 152274.000000
-1751.470000 154286.000000
-2500.650000 154367.000000
-2517.350000 153460.000000
-2509.560000 153458.000000
-2502.880000 153454.000000
-2158.900000 153411.000000
-1605.650000 153409.000000
-115.078000 153690.000000
1776.240000 153476.000000
5677.990000 149382.000000
6864.650000 149335.000000
7060.580000 147129.000000
7073.940000 147140.000000
7495.840000 149275.000000
6192.280000 150913.000000
6025.310000 150920.000000
5791.530000 150252.000000
5785.970000 149673.000000
5797.100000 147304.000000
5237.160000 145470.000000
5200.430000 140717.000000
5064.620000 140550.000000
4436.780000 137522.000000
4436.780000 136889.000000
4250.870000 134721.000000
2429.690000 137422.000000
1604.810000 136907.000000
1814.090000 136549.000000
1433.380000 133721.000000
1495.720000 132891.000000
2214.840000 136328.000000
2411.870000 137410.000000
-361.094000 143437.000000
-28.248400 143887.000000
-5.984470 146973.000000
-685.033000 146991.000000
-1263.890000 144156.000000
-1002.290000 143655.000000
2280.520000 138212.000000
2947.320000 136983.000000
4568.130000 134064.000000
5444.220000 132319.000000
8978.610000 124212.000000
9357.100000 122734.000000
11973.100000 114463.000000
12110.000000 112882.000000
14242.900000 104070.000000
15211.400000 102438.000000
18948.400000 97384.400000
20388.900000 95992.900000
24888.400000 94216.200000
26220.900000 94225.100000
30524.500000 89885.900000
30830.600000 87859.900000
30750.500000 87229.800000
30375.300000 88044.700000
30367.500000 88042.400000
28182.300000 94323.100000
27552.300000 94358.700000
23358.900000 94964.300000
23296.500000 96905.700000
22398.200000 102570.000000
22390.400000 103175.000000
22393.700000 103431.000000
22424.900000 103413.000000
22428.200000 103418.000000
22410.400000 103505.000000
23043.800000 101741.000000
23065.000000 101223.000000
25239.000000 94220.700000
26007.200000 94222.900000
30502.200000 90360.100000
30501.100000 89712.200000
30679.200000 88396.400000
30431.000000 88349.700000
30356.400000 88035.800000
30350.800000 88058.000000
30485.500000 87706.300000
30753.800000 87229.800000
30782.800000 87686.200000
30350.800000 88062.500000
30753.800000 87269.900000
31061.100000 86846.900000
30358.600000 88044.700000
30352.000000 88053.600000
30195.000000 87481.400000
30527.800000 87534.800000
30757.200000 87223.100000
30764.900000 87225.400000
30756.000000 87223.100000
30848.400000 87712.900000
29013.900000 98731.300000
28771.200000 99299.100000
24383.000000 104023.000000
24344.000000 104124.000000
23473.500000 107234.000000
20085.000000 106016.000000
16063.000000 105894.000000
15664.500000 105880.000000
12626.600000 107363.000000
12520.800000 107873.000000
7485.820000 110756.000000
7107.330000 110863.000000
2756.970000 112557.000000
-762.957000 114450.000000
-939.955000 114715.000000
-3771.920000 116870.000000
-3839.830000 117126.000000
-5274.740000 117184.000000
-5549.700000 117219.000000
-9451.440000 118232.000000
-9507.100000 118568.000000
-12587.300000 119642.000000
-12597.300000 119659.000000
-12709.800000 119673.000000
-12788.800000 119659.000000
-13368.800000 120503.000000
-9125.280000 124199.000000
-9367.950000 125183.000000
-10504.500000 125466.000000
-10930.900000 127300.000000
-9548.290000 130253.000000
-7914.120000 142756.000000
-5162.300000 143615.000000
-3798.640000 143578.000000
-2963.740000 143533.000000
-4668.040000 143575.000000
-10556.800000 144896.000000
-10767.200000 145514.000000
-16730.600000 144214.000000
-17257.200000 143880.000000
-19542.600000 146895.000000
-19474.700000 148302.000000
-19628.300000 153360.000000
-20388.600000 154783.000000
-20506.600000 154772.000000
-19558.100000 152385.000000
-13524.600000 135393.000000
-9040.670000 133735.000000
-7795.010000 139256.000000
-5475.110000 139775.000000
-3728.510000 139176.000000
-4758.210000 135251.000000
-4749.310000 134601.000000
-8069.970000 134227.000000
-8894.850000 131976.000000
-10531.200000 127565.000000
-7398.710000 127218.000000
-4492.160000 126020.000000
-4159.310000 122197.000000
-4024.620000 119909.000000
-4012.370000 119415.000000
-4100.320000 117253.000000
-4088.070000 115763.000000
-3722.940000 119321.000000
-3964.510000 119317.000000
-4231.670000 120719.000000
-4347.440000 123858.000000
-4158.200000 124014.000000
-4197.160000 124003.000000
-4093.640000 125619.000000
-4486.590000 127207.000000
-5196.810000 127309.000000
-4551.160000 126664.000000
-3591.590000 127211.000000
-3663.940000 127024.000000
-4672.500000 127211.000000
-5931.520000 127162.000000
-7803.910000 127124.000000
-8431.760000 128280.000000
-8278.140000 131813.000000
-8425.080000 132964.000000
-7044.720000 133312.000000
-7792.780000 134926.000000
-8987.240000 136072.000000
-9460.350000 137457.000000
-10801.700000 138858.000000
-10440.000000 141892.000000
-10073.700000 142475.000000
-9420.270000 142852.000000
-8727.870000 143631.000000
-7148.240000 144448.000000
-6052.860000 146047.000000
-4985.310000 147097.000000
-4891.800000 149778.000000
-4784.930000 151127.000000
-3663.940000 151072.000000
-1810.470000 151063.000000
-1452.020000 153788.000000
1717.240000 154349.000000
1507.960000 154342.000000
1519.090000 154371.000000
1356.570000 152374.000000
1334.300000 151328.000000
1300.910000 143199.000000
1248.590000 142115.000000
2015.580000 143032.000000
1372.150000 143475.000000
460.444000 143054.000000
182.145000 142237.000000
-575.940000 140852.000000
-804.145000 141220.000000
156.542000 141287.000000
939.118000 142349.000000
-279.830000 143517.000000
116.467000 142391.000000
685.310000 142023.000000
683.083000 142032.000000
693.102000 142032.000000
968.061000 142391.000000
1725.030000 147035.000000
2289.420000 147024.000000
1633.750000 149339.000000
1227.440000 150056.000000
1218.530000 152200.000000
1191.810000 153899.000000
1057.120000 154796.000000
1201.830000 155607.000000
1347.660000 152719.000000
1340.980000 151385.000000
1515.750000 144735.000000
2075.690000 144702.000000
1884.220000 143878.000000
1374.380000 144032.000000
2653.440000 144441.000000
2732.470000 146084.000000
3896.880000 147024.000000
4355.510000 147028.000000
5413.050000 147554.000000
5379.650000 147632.000000
5405.260000 148215.000000
5692.460000 148231.000000
4610.430000 146930.000000
3718.770000 146986.000000
3126.550000 147097.000000
2484.230000 147636.000000
1877.540000 147523.000000
1859.730000 148558.000000
872.326000 149246.000000
329.087000 149230.000000
-781.881000 149213.000000
-1364.080000 149043.000000
-2039.790000 149155.000000
-2194.530000 149613.000000
-1341.820000 149141.000000
-565.922000 149337.000000
-39.380300 149431.000000
1076.040000 147015.000000
1221.870000 147020.000000
1859.730000 146986.000000
2478.670000 147004.000000
2672.360000 144464.000000
2292.760000 144528.000000
1110.550000 142406.000000
791.063000 141894.000000
-59.417800 139955.000000
297.918000 139330.000000
605.160000 138728.000000
620.744000 138746.000000
860.081000 139606.000000
934.665000 140040.000000
717.592000 142226.000000
565.085000 142707.000000
753.214000 142093.000000
478.255000 141629.000000
419.256000 139394.000000
920.194000 139505.000000
-177.416000 137404.000000
-843.107000 137455.000000
-1753.700000 135930.000000
-1537.740000 135905.000000
-3622.750000 135952.000000
-3683.980000 133581.000000
-3716.260000 130224.000000
-3715.150000 130221.000000
-3637.230000 124437.000000
-3331.100000 123887.000000
-1777.080000 123569.000000
-1464.270000 124531.000000
-1838.300000 123491.000000
-1902.870000 122385.000000
-2064.280000 123342.000000
-1498.780000 124063.000000
-1249.420000 125070.000000
-986.709000 127029.000000
-1241.630000 127407.000000
-3582.680000 125922.000000
-3687.320000 126283.000000
-3694.000000 126283.000000
-3691.770000 131441.000000
-3691.770000 131446.000000
-4177.130000 132446.000000
-3801.980000 132503.000000
-3190.840000 134449.000000
-3306.610000 134670.000000
-6833.210000 134919.000000
-7974.230000 134692.000000
-8230.270000 132112.000000
-7679.240000 131871.000000
-8233.610000 132871.000000
-8320.440000 132601.000000
-7385.350000 132751.000000
-7078.110000 132733.000000
-5579.750000 130564.000000
-5108.870000 131108.000000
-5075.470000 131063.000000
-5490.700000 131087.000000
-4943.000000 130115.000000
-6194.230000 130039.000000
-8475.170000 130057.000000
-10279.700000 130437.000000
-11283.800000 130854.000000
-11270.400000 131203.000000
-11193.600000 132020.000000
-12248.900000 132080.000000
-12319.000000 133797.000000
-12197.700000 134556.000000
-12189.900000 135436.000000
-11799.200000 135320.000000
-9882.250000 135168.000000
-5096.620000 134899.000000
-3932.220000 134826.000000
-3645.020000 137390.000000
-3622.750000 138866.000000
-4740.400000 138679.000000
-4757.100000 137150.000000
-3648.360000 132570.000000
-3668.400000 131038.000000
-3602.720000 126617.000000
-3555.960000 125648.000000
-3961.170000 122402.000000
-3755.220000 122293.000000
-4241.690000 120837.000000
-3950.030000 120096.000000
-4098.090000 117827.000000
-4109.220000 115494.000000
-3334.440000 112343.000000
-2748.900000 112653.000000
-3737.410000 112375.000000
-4109.220000 112453.000000
-4063.580000 113590.000000
-4280.650000 109797.000000
-4325.180000 107953.000000
-4263.950000 110293.000000
-4115.900000 112286.000000
-4062.470000 113584.000000
-4064.690000 113581.000000
-4064.690000 113586.000000
-3629.430000 112401.000000
-2535.160000 112399.000000
-122.870000 113078.000000
722.045000 113824.000000
4513.590000 111143.000000
6031.980000 111019.000000
10441.300000 109843.000000
10797.600000 108801.000000
13785.400000 104829.000000
14399.900000 103781.000000
18913.900000 97420.000000
20280.900000 95968.400000
20111.700000 95723.500000
22498.400000 94267.400000
24110.300000 94251.800000
27504.400000 94394.300000
27538.900000 92813.600000
30476.600000 89683.300000
30433.200000 89692.200000
30756.000000 87229.800000
30751.600000 87225.400000
30748.300000 87225.400000
30318.600000 93470.400000
27054.700000 94376.500000
23165.200000 94211.800000
20681.600000 95612.200000
15042.200000 102663.000000
12741.200000 105869.000000
10281.000000 109926.000000
6472.810000 110981.000000
868.987000 114002.000000
-561.469000 114191.000000
-1515.480000 117197.000000
-1514.360000 117197.000000
-1750.360000 117789.000000
-3793.070000 119343.000000
-4298.460000 121162.000000
-5008.680000 130121.000000
-7085.900000 130043.000000
-8386.120000 135008.000000
-10787.300000 135750.000000
-10490.100000 144835.000000
-10474.500000 149540.000000
-12352.400000 155039.000000
-15103.100000 155095.000000
-11304.900000 157386.000000
-10983.200000 161560.000000
-6952.320000 162065.000000
-6810.940000 163245.000000
-6849.910000 162582.000000
-6959.000000 160447.000000
-6112.970000 158209.000000
-5844.690000 159828.000000
-6232.080000 163813.000000
-6680.700000 162582.000000
-6980.150000 159383.000000
-7631.370000 158503.000000
-6500.360000 157550.000000
-5852.480000 156497.000000
-3753.000000 155119.000000
-1592.290000 153091.000000
-1739.230000 149319.000000
-1812.700000 143540.000000
815.553000 141039.000000
7867.640000 128538.000000
13097.400000 124667.000000
81791.600000 94354.300000
15091.200000 121489.000000
15890.400000 114628.000000
15382.800000 114274.000000
15287.100000 118063.000000
13239.900000 117046.000000
13017.300000 118279.000000
11744.900000 117640.000000
10179.700000 119909.000000
6743.320000 125401.000000
4004.860000 127352.000000
2660.120000 126730.000000
1922.070000 127648.000000
1870.860000 129217.000000
1869.750000 129358.000000
1916.500000 130491.000000
414.803000 132920.000000
-752.938000 134750.000000
-5226.870000 134837.000000
-7643.610000 134968.000000
-8088.890000 139314.000000
-9871.120000 139421.000000
-13698.300000 139494.000000
-13444.500000 139537.000000
-12983.600000 139510.000000
-11515.300000 139485.000000
-9872.230000 142308.000000
-9841.060000 142852.000000
-10786.200000 139405.000000
-12373.600000 139060.000000
-10535.700000 139445.000000
-6277.720000 139283.000000
-4098.090000 139167.000000
3083.130000 150900.000000
3087.580000 152597.000000
3142.130000 154384.000000
3068.660000 154362.000000
1661.580000 152583.000000
1235.230000 147549.000000
1230.780000 147554.000000
582.896000 144760.000000
584.009000 144733.000000
-580.393000 143126.000000
226.673000 142783.000000
231.126000 142752.000000
281.220000 143106.000000
547.273000 143188.000000
1028.170000 142449.000000
1432.260000 142003.000000
1729.490000 141674.000000
2318.370000 142885.000000
2784.800000 141772.000000
3841.220000 141923.000000
4388.910000 145561.000000
3647.520000 146959.000000
3272.370000 146979.000000
2268.270000 146950.000000
1293.110000 143306.000000
-947.747000 141177.000000
-582.619000 140973.000000
-579.280000 140966.000000
-574.827000 140962.000000
-639.392000 140118.000000
-1385.230000 136809.000000
-1882.830000 136353.000000
-1681.340000 135950.000000
-2857.990000 135921.000000
-3617.190000 135914.000000
-4779.360000 136409.000000
-5045.420000 137749.000000
-5404.980000 137840.000000
-5389.400000 138617.000000
-4889.570000 137742.000000
-4743.740000 139713.000000
-4715.910000 141883.000000
-4669.160000 142943.000000
-5168.980000 143063.000000
-6087.370000 142576.000000
-6002.770000 139176.000000
-8899.300000 139387.000000
-12900.100000 139456.000000
-15080.900000 123947.000000
-12715.300000 124121.000000
-12576.200000 125268.000000
-11520.900000 125308.000000
-11844.800000 124163.000000
-12045.200000 123511.000000
-11288.200000 125818.000000
-9396.900000 130696.000000
-7819.500000 131882.000000
-7219.490000 133309.000000
-7661.430000 132759.000000
-6439.140000 130074.000000
-4878.440000 130175.000000
-4748.190000 132461.000000
-4782.700000 134826.000000
-1249.420000 134745.000000
673.064000 136159.000000
695.328000 133942.000000
794.403000 133390.000000
2548.800000 134316.000000
2834.890000 135224.000000
1417.790000 133759.000000
1122.800000 134650.000000
1398.870000 133196.000000
1668.260000 131161.000000
1378.830000 132114.000000
1374.380000 132112.000000
1383.280000 132403.000000
1646.000000 131978.000000
