-3621.640000 149063.000000
-3607.170000 152042.000000
-4345.220000 150753.000000
-4603.480000 147554.000000
-4599.030000 147543.000000
-4617.950000 146864.000000
-4522.220000 141400.000000
-2836.840000 138622.000000
-2840.180000 138472.000000
-2133.300000 136360.000000
-2854.650000 135943.000000
-2824.590000 139906.000000
-2820.140000 140641.000000
-4645.780000 146096.000000
-4642.440000 146267.000000
-4635.760000 146594.000000
-4625.740000 147004.000000
-6006.110000 147681.000000
-6038.390000 145632.000000
-6253.230000 145272.000000
-4816.100000 143662.000000
-4688.080000 140436.000000
-4712.570000 139601.000000
-4748.190000 136161.000000
-7009.090000 133470.000000
-7369.770000 132739.000000
-7744.920000 131960.000000
-8881.490000 131900.000000
-7801.690000 139650.000000
-7946.400000 143137.000000
-7976.460000 143464.000000
-9041.790000 143851.000000
-10568.000000 145100.000000
-10560.200000 145445.000000
-10454.400000 151025.000000
-10474.500000 151381.000000
-10335.300000 152590.000000
-10463.300000 150159.000000
-10406.600000 149998.000000
-10491.200000 146596.000000
-10446.600000 146835.000000
-10502.300000 146136.000000
-10533.500000 146888.000000
-10539.000000 147975.000000
-10442.200000 150769.000000
-9766.480000 154681.000000
-9176.480000 154618.000000
-7756.050000 154554.000000
-6178.650000 154511.000000
-6006.110000 154522.000000
-4828.340000 154095.000000
-4311.820000 153095.000000
-4141.500000 152169.000000
-3578.230000 151227.000000
-3635.000000 149540.000000
-2787.860000 149108.000000
-2786.750000 149108.000000
-2703.260000 147173.000000
-2627.560000 145615.000000
-2734.430000 145281.000000
-2752.240000 143885.000000
-3027.200000 143464.000000
-5013.140000 143600.000000
-5361.570000 143602.000000
-6354.540000 143615.000000
-8304.850000 143644.000000
-10354.200000 144668.000000
-10558.000000 146797.000000
-10540.100000 147467.000000
-10476.700000 149464.000000
-10437.700000 151194.000000
-10425.500000 151719.000000
-10428.800000 154168.000000
-12880.100000 155086.000000
-13297.500000 155117.000000
-13977.700000 155106.000000
-14295.000000 154908.000000
-14336.100000 154146.000000
-14340.600000 153253.000000
-14320.600000 153115.000000
-14332.800000 152991.000000
-14194.800000 152047.000000
-12827.800000 152178.000000
-12755.400000 151906.000000
-12412.500000 151381.000000
-11523.100000 151399.000000
-10865.200000 151423.000000
-9927.890000 151403.000000
-9199.860000 151372.000000
-8613.210000 151236.000000
-8541.960000 149567.000000
-8547.530000 149001.000000
-7810.590000 147189.000000
-6429.120000 147075.000000
-6246.560000 147082.000000
-4621.290000 146608.000000
-4393.090000 143640.000000
-3828.700000 143584.000000
-3106.230000 143353.000000
-3479.150000 142956.000000
-3514.770000 141912.000000
-2241.280000 139223.000000
-2804.560000 141149.000000
-2801.220000 141894.000000
-1902.870000 144996.000000
-1541.080000 146078.000000
-1521.040000 146875.000000
-1806.020000 144381.000000
-2027.550000 141378.000000
-1720.300000 141271.000000
955.816000 142409.000000
628.537000 143181.000000
575.103000 143515.000000
561.745000 143827.000000
567.311000 143849.000000
575.103000 143845.000000
570.650000 143845.000000
567.311000 143849.000000
570.650000 143860.000000
539.481000 143874.000000
528.349000 143898.000000
527.236000 143896.000000
531.689000 143891.000000
569.537000 144568.000000
570.650000 144700.000000
-648.298000 145303.000000
-1925.130000 143435.000000
-1962.980000 143288.000000
-408.961000 140628.000000
263.409000 138446.000000
265.635000 138446.000000
-2489.520000 138973.000000
-793.013000 140069.000000
-787.447000 140075.000000
1271.960000 144301.000000
2444.160000 144973.000000
2696.850000 144956.000000
1319.830000 144651.000000
-913.238000 145325.000000
-1519.930000 145332.000000
-3496.960000 143508.000000
-9421.390000 144147.000000
-10165.000000 144562.000000
-10524.600000 147091.000000
-10473.400000 149126.000000
-10432.200000 150878.000000
-10413.200000 153997.000000
-10478.900000 154707.000000
-14490.900000 155112.000000
-14613.300000 155195.000000
-14577.700000 155190.000000
-14326.100000 154376.000000
-15518.400000 152423.000000
-15526.100000 152423.000000
-15542.800000 151285.000000
-15659.700000 142035.000000
-15734.300000 142128.000000
-15704.300000 142551.000000
-11658.900000 145931.000000
-10972.100000 145626.000000
-10487.800000 148879.000000
-10472.200000 151379.000000
-10458.900000 152216.000000
-10153.900000 154763.000000
-8477.400000 152490.000000
-8481.850000 152105.000000
-4108.110000 148772.000000
-4625.740000 146278.000000
-4702.550000 141436.000000
-4709.230000 140995.000000
-4390.860000 139232.000000
-3777.490000 139196.000000
-805.258000 140058.000000
-888.748000 141213.000000
-1029.010000 143675.000000
-626.034000 143092.000000
2252.690000 138245.000000
5389.670000 132385.000000
5961.850000 131359.000000
8565.620000 125381.000000
11778.300000 116863.000000
11920.800000 115133.000000
32174.300000 109320.000000
34312.700000 111041.000000
36199.600000 107276.000000
36090.500000 104961.000000
37597.700000 103282.000000
36457.800000 102748.000000
36202.900000 110099.000000
34788.000000 109803.000000
29087.400000 109730.000000
24632.400000 103776.000000
19989.200000 101263.000000
17952.100000 100372.000000
20905.400000 89146.700000
21080.200000 89456.200000
12498.500000 108053.000000
11707.100000 117355.000000
11353.100000 118393.000000
7410.120000 128721.000000
6357.040000 130651.000000
4879.830000 131600.000000
2003.330000 131128.000000
1391.080000 131849.000000
1326.510000 132011.000000
1169.550000 132029.000000
1168.440000 132023.000000
1158.420000 132029.000000
1137.270000 132034.000000
2539.890000 131871.000000
4019.330000 134434.000000
4141.780000 134587.000000
3814.500000 135596.000000
-1942.940000 143662.000000
-1841.640000 147447.000000
-1710.290000 152463.000000
-383.358000 152679.000000
1199.610000 152661.000000
3073.110000 151924.000000
3108.730000 151167.000000
3109.850000 149943.000000
2548.800000 148155.000000
1325.400000 148070.000000
1293.110000 145412.000000
802.195000 143631.000000
-505.809000 141930.000000
1779.580000 139071.000000
3088.700000 136694.000000
4739.570000 138479.000000
4658.300000 138470.000000
3559.580000 137252.000000
4386.680000 134881.000000
5056.830000 133412.000000
8909.590000 127723.000000
15208.100000 121254.000000
15404.000000 116812.000000
15232.500000 114908.000000
15221.400000 115681.000000
15346.100000 117246.000000
8994.200000 124030.000000
3595.200000 127409.000000
2917.270000 126951.000000
2718.000000 126719.000000
2281.630000 127009.000000
2286.080000 127096.000000
2293.880000 127409.000000
1443.400000 129656.000000
1918.730000 130865.000000
883.458000 132023.000000
-602.657000 134810.000000
-1437.550000 133788.000000
-2202.320000 133336.000000
-4397.540000 134857.000000
-3874.340000 134841.000000
-3716.260000 135300.000000
-3698.450000 135914.000000
-3214.210000 135970.000000
-1762.610000 137237.000000
-2075.410000 135963.000000
-3602.720000 135908.000000
-3686.210000 136377.000000
-4721.480000 135997.000000
-7521.160000 138366.000000
-7527.840000 138394.000000
-7291.850000 138435.000000
-10080.400000 139428.000000
-14299.400000 138844.000000
-14050.100000 138933.000000
-13882.000000 139254.000000
-13269.700000 139541.000000
-12963.600000 136671.000000
-12641.900000 133850.000000
-9419.160000 137769.000000
-9438.080000 138459.000000
-10762.800000 139405.000000
-10471.100000 148015.000000
-10805.100000 156902.000000
-10849.600000 153024.000000
-10517.900000 151448.000000
-9929.000000 151523.000000
-9500.420000 151443.000000
-9207.650000 151430.000000
-8499.660000 151824.000000
-9505.990000 150526.000000
-9910.080000 150426.000000
-11214.700000 147327.000000
-17989.600000 141523.000000
-18065.300000 138775.000000
-15000.700000 135578.000000
-14516.500000 135511.000000
-14494.200000 136455.000000
-13490.100000 133893.000000
-12697.500000 132715.000000
-12430.400000 132121.000000
-11077.800000 132072.000000
-11076.700000 132067.000000
-10831.800000 133761.000000
-15075.300000 135445.000000
-16083.900000 135750.000000
-16007.000000 137564.000000
-14851.600000 137586.000000
-14617.800000 138330.000000
-14150.200000 138737.000000
-14032.200000 139590.000000
-12134.200000 139472.000000
-10179.500000 139459.000000
-6163.070000 139301.000000
-6143.030000 138319.000000
-5960.460000 138517.000000
-4467.670000 139238.000000
-4384.180000 139243.000000
-5397.190000 138757.000000
-5403.870000 138869.000000
-6205.370000 139523.000000
-6195.350000 139766.000000
-6320.030000 142422.000000
-7879.610000 142001.000000
-7889.630000 141756.000000
-7870.710000 134846.000000
-9010.620000 134173.000000
-9016.180000 134008.000000
-10863.000000 133710.000000
-12282.300000 133790.000000
-12315.700000 133790.000000
-12207.700000 134645.000000
-10501.200000 135226.000000
-10421.000000 135215.000000
-6667.340000 134988.000000
-1751.470000 134676.000000
3838.990000 140930.000000
4404.490000 149388.000000
4403.380000 149720.000000
1324.280000 152577.000000
805.535000 152530.000000
775.478000 152581.000000
104.222000 152610.000000
-72.776200 152610.000000
-253.114000 152612.000000
-348.849000 152614.000000
-848.673000 152200.000000
-530.299000 150577.000000
2064.560000 150784.000000
3998.180000 151512.000000
3119.870000 150312.000000
3155.490000 147943.000000
3153.260000 147883.000000
1455.640000 146964.000000
-659.430000 146997.000000
-661.656000 146997.000000
-2712.160000 146632.000000
-1662.420000 151924.000000
-1644.610000 152020.000000
-482.432000 157960.000000
1182.910000 159107.000000
1180.680000 159307.000000
1964.370000 158888.000000
1284.210000 154142.000000
1281.980000 153808.000000
-2308.070000 152603.000000
-5047.640000 152744.000000
-5131.130000 152752.000000
-6403.520000 152828.000000
-8232.490000 152608.000000
-8233.610000 152608.000000
-8219.140000 151871.000000
-9068.500000 150934.000000
-9068.500000 151052.000000
-10473.400000 148551.000000
-8211.340000 143653.000000
-8046.590000 143655.000000
-1731.440000 143522.000000
4172.950000 134988.000000
4390.020000 134594.000000
12299.300000 125410.000000
15490.800000 114973.000000
15304.900000 116732.000000
14665.900000 117934.000000
14599.100000 117918.000000
13715.300000 116153.000000
13501.500000 116084.000000
13234.400000 117030.000000
10149.700000 119984.000000
8250.580000 126238.000000
3708.750000 127401.000000
2851.590000 126848.000000
1893.130000 129634.000000
1354.340000 132080.000000
1898.690000 131898.000000
1992.200000 131771.000000
1935.430000 131669.000000
1107.210000 132038.000000
-240.869000 133383.000000
-2918.100000 133699.000000
-3174.140000 133971.000000
-7461.050000 134944.000000
-4247.260000 133082.000000
-3956.710000 132526.000000
-4518.880000 131644.000000
-7055.850000 130030.000000
-7950.860000 130028.000000
-12015.100000 130313.000000
-10881.900000 130511.000000
-10139.400000 130424.000000
-5032.060000 130148.000000
-4430.930000 125279.000000
-4246.140000 122850.000000
-3691.770000 118640.000000
-2876.910000 115552.000000
-2918.100000 115534.000000
-2872.460000 115529.000000
-2862.440000 115514.000000
-866.484000 114612.000000
995.891000 113964.000000
1968.820000 113588.000000
11827.300000 109536.000000
12344.900000 109487.000000
16136.500000 105936.000000
18793.700000 106176.000000
23553.700000 106134.000000
27670.300000 104435.000000
29386.800000 104571.000000
35814.400000 102118.000000
37140.200000 103186.000000
37601.100000 103273.000000
37577.700000 103289.000000
36207.400000 107604.000000
34412.900000 109732.000000
34075.600000 110939.000000
36229.600000 109859.000000
36237.400000 102772.000000
37340.600000 102795.000000
37130.200000 100009.000000
32750.900000 102169.000000
30840.600000 102371.000000
25151.100000 103017.000000
22462.700000 103222.000000
22436.000000 103220.000000
18277.100000 103569.000000
15713.400000 105889.000000
15451.800000 105896.000000
12239.200000 111054.000000
11792.800000 116427.000000
11599.100000 117867.000000
9272.500000 122930.000000
6750.000000 124638.000000
6004.150000 125098.000000
5071.300000 129667.000000
5072.410000 129738.000000
1989.970000 131134.000000
1211.850000 132027.000000
1214.080000 132031.000000
1188.470000 132034.000000
1177.340000 132031.000000
1140.610000 132038.000000
1132.810000 132031.000000
929.099000 132054.000000
-998.954000 134643.000000
-4778.250000 135649.000000
-4909.610000 139134.000000
-5456.190000 139165.000000
-5463.980000 139169.000000
-6913.360000 138606.000000
-7643.610000 137675.000000
-7351.960000 137433.000000
-7943.060000 137568.000000
-7951.970000 137568.000000
-7711.520000 137450.000000
-6233.200000 137444.000000
-5486.240000 137399.000000
-4769.350000 138564.000000
-4735.950000 141218.000000
-4722.590000 142079.000000
-2919.220000 143520.000000
-1901.760000 145245.000000
-1277.250000 145365.000000
-1143.670000 146539.000000
-1141.440000 146559.000000
-2001.940000 148398.000000
-3120.700000 149622.000000
-3286.570000 149633.000000
-3700.680000 145917.000000
-3707.360000 145733.000000
-5314.810000 143595.000000
-7783.880000 143384.000000
-7320.790000 143068.000000
-6176.420000 143068.000000
-4555.610000 143664.000000
-3822.020000 143591.000000
-2752.240000 145036.000000
-1791.550000 145483.000000
-1783.760000 143838.000000
-1187.080000 141226.000000
-1604.530000 141242.000000
-2030.890000 141253.000000
-3974.520000 141340.000000
-4514.420000 141351.000000
-4558.950000 140732.000000
-3387.870000 140710.000000
-2235.710000 139256.000000
-1287.270000 139423.000000
-1277.250000 139432.000000
-652.751000 140209.000000
218.881000 141376.000000
14.053000 144283.000000
12.939800 146993.000000
8.487060 148747.000000
-313.226000 150539.000000
-1035.690000 151285.000000
-709.524000 151550.000000
-12.663600 152499.000000
1364.360000 154369.000000
1531.340000 154364.000000
2728.020000 154391.000000
2841.570000 154387.000000
3008.550000 154391.000000
3074.230000 153761.000000
3082.020000 153423.000000
3100.940000 151662.000000
3106.510000 149633.000000
3128.770000 148671.000000
2199.250000 147770.000000
1289.770000 147643.000000
1326.510000 147142.000000
-1661.310000 146993.000000
-2709.930000 146470.000000
-2728.860000 145470.000000
-2753.350000 143791.000000
-4671.380000 143353.000000
-4681.400000 142734.000000
-4702.550000 142747.000000
-4331.860000 142431.000000
-4339.650000 142248.000000
-4699.210000 141761.000000
-4696.990000 141714.000000
-4997.550000 143560.000000
-10546.800000 145822.000000
-10540.100000 146652.000000
-10463.300000 150119.000000
-10447.800000 151662.000000
-10437.700000 151695.000000
-11111.200000 152401.000000
-10579.100000 151428.000000
-10578.000000 151428.000000
-10298.600000 152452.000000
-8631.020000 151296.000000
-8218.020000 151971.000000
-8440.660000 152067.000000
-8498.550000 151328.000000
-9994.680000 151403.000000
-10446.600000 148553.000000
-10443.300000 147846.000000
-10632.500000 147331.000000
-11391.700000 144517.000000
-11866.000000 144194.000000
-12916.800000 138751.000000
-12939.100000 137876.000000
-11654.500000 139523.000000
-11577.600000 140561.000000
-9759.800000 139488.000000
-8631.020000 136660.000000
-8592.060000 136640.000000
-7947.520000 137417.000000
-9324.540000 137419.000000
-9366.840000 137422.000000
-9414.710000 137722.000000
-9418.050000 137871.000000
-9420.270000 137718.000000
-8966.090000 136373.000000
-5312.580000 134897.000000
-5120.000000 134881.000000
1470.110000 137762.000000
4401.150000 146868.000000
4401.150000 147382.000000
4374.440000 150139.000000
4056.060000 150962.000000
3118.750000 149506.000000
3020.790000 147534.000000
2072.350000 147828.000000
2013.350000 147832.000000
1323.170000 146145.000000
-639.392000 144110.000000
-575.940000 142101.000000
-570.374000 142099.000000
-546.997000 140262.000000
-1502.120000 139062.000000
-1504.340000 139062.000000
-1030.120000 135692.000000
-893.201000 135413.000000
-4880.660000 134781.000000
-4350.780000 135656.000000
-4373.050000 135712.000000
-3645.020000 138143.000000
-2813.460000 139138.000000
-2665.410000 139131.000000
666.385000 141104.000000
3614.130000 135772.000000
3756.610000 135516.000000
6278.000000 130829.000000
6591.920000 130789.000000
6434.960000 131079.000000
4463.490000 134921.000000
4398.930000 138292.000000
4402.270000 138481.000000
4319.890000 141438.000000
2858.270000 139345.000000
1706.110000 141260.000000
1276.420000 145042.000000
1274.190000 146581.000000
1265.280000 149003.000000
1194.040000 152196.000000
-2386.000000 145229.000000
-1870.590000 144642.000000
-1273.910000 145383.000000
-741.806000 145327.000000
-1229.390000 145332.000000
-1817.150000 144784.000000
-551.450000 142996.000000
-444.583000 141852.000000
209.975000 142707.000000
434.841000 141556.000000
-1780.420000 137894.000000
-3866.540000 133964.000000
-4793.840000 137344.000000
-4626.860000 146853.000000
-3648.360000 152650.000000
-3573.770000 153944.000000
-3529.250000 155954.000000
-3275.440000 158610.000000
-2103.240000 162132.000000
-1878.380000 162126.000000
-2758.920000 162121.000000
-2856.880000 162121.000000
-3252.060000 158806.000000
-3495.850000 155362.000000
-3520.340000 154422.000000
-4823.890000 152917.000000
-4557.840000 150415.000000
-4393.090000 150366.000000
-4599.030000 147178.000000
-4661.370000 143731.000000
-4686.970000 142709.000000
-4741.520000 138417.000000
-4565.630000 136386.000000
-4080.280000 135974.000000
-3187.500000 134966.000000
-3191.950000 134919.000000
-3191.950000 134892.000000
-2816.800000 140358.000000
-2804.560000 141213.000000
-2783.410000 143413.000000
-2715.500000 146661.000000
-2726.630000 146926.000000
-2674.310000 149644.000000
-4731.500000 156965.000000
-4257.280000 156125.000000
-3518.110000 156005.000000
-3185.270000 158089.000000
-3624.980000 154260.000000
-4294.010000 154224.000000
-4347.440000 150936.000000
-3653.920000 148732.000000
-3666.170000 148041.000000
-4626.860000 146027.000000
-4663.590000 142738.000000
-4679.180000 142738.000000
-3582.680000 141340.000000
-2203.430000 142542.000000
-2776.730000 142629.000000
-3545.940000 140160.000000
-3517.000000 139176.000000
-821.956000 140031.000000
631.876000 136297.000000
3518.390000 135618.000000
31501.900000 109291.000000
32191.000000 109311.000000
34086.700000 110945.000000
36030.400000 110064.000000
36217.400000 102768.000000
36416.600000 102748.000000
37593.300000 103282.000000
37572.100000 103293.000000
36081.600000 104847.000000
34383.900000 109992.000000
33822.900000 109422.000000
29135.200000 110186.000000
24891.700000 104046.000000
21369.600000 103264.000000
17926.500000 105250.000000
17602.500000 105954.000000
12912.600000 106432.000000
11703.700000 117397.000000
11244.000000 118571.000000
9290.310000 122879.000000
6381.530000 130602.000000
6047.570000 131163.000000
3155.490000 131241.000000
1162.870000 132031.000000
1150.630000 132034.000000
1128.360000 132031.000000
-1213.800000 134665.000000
-2273.560000 134665.000000
-4789.380000 136760.000000
-4735.950000 141284.000000
-4723.700000 142019.000000
-6111.860000 142404.000000
-5358.230000 140111.000000
-5204.600000 140599.000000
-4035.750000 141304.000000
-4761.550000 139365.000000
-6082.920000 134899.000000
-10116.000000 128667.000000
-10474.500000 127425.000000
-10991.000000 126604.000000
-11270.400000 127318.000000
-10891.900000 130308.000000
-12247.800000 132087.000000
-13020.300000 133855.000000
-15329.100000 135438.000000
-16138.400000 135057.000000
-16052.700000 137117.000000
-15747.700000 137649.000000
-13906.400000 138399.000000
-13343.200000 139552.000000
-13335.400000 139557.000000
-13297.500000 139581.000000
-12401.400000 139510.000000
-12254.500000 139510.000000
-10335.300000 136362.000000
-9284.460000 135113.000000
-9415.820000 135008.000000
-13827.400000 135344.000000
-15893.500000 136121.000000
-16008.200000 136117.000000
-15074.200000 137593.000000
-13886.400000 138731.000000
-13885.300000 139060.000000
-13503.500000 139550.000000
-1787.100000 145437.000000
-1582.270000 146991.000000
-2719.950000 145679.000000
-2724.410000 145572.000000
-3725.170000 145290.000000
-4292.900000 141364.000000
-4535.570000 140717.000000
-4750.420000 141318.000000
-4737.060000 141405.000000
-4635.760000 146434.000000
-4602.370000 147881.000000
-4600.140000 147977.000000
-4880.660000 150281.000000
-4581.220000 151267.000000
-4375.270000 149636.000000
-4593.460000 147260.000000
-4596.800000 147204.000000
-6035.050000 145762.000000
-6285.520000 143756.000000
-8727.870000 143246.000000
-9249.950000 142789.000000
-9498.200000 142807.000000
-9872.230000 142482.000000
-9890.040000 141516.000000
-9893.380000 141471.000000
-9430.290000 138341.000000
-9424.730000 137829.000000
-10775.000000 140652.000000
-11193.600000 138143.000000
-11102.300000 139385.000000
-10544.600000 147707.000000
-10497.800000 148099.000000
-10751.700000 148665.000000
-10211.800000 142473.000000
-10475.600000 143900.000000
-10544.600000 147278.000000
-12843.300000 148208.000000
-13044.800000 147233.000000
-13925.400000 144501.000000
-12360.200000 139501.000000
-9403.580000 139163.000000
-9424.730000 138399.000000
-9944.590000 139566.000000
-11278.200000 137911.000000
-10818.400000 138472.000000
-11096.700000 139372.000000
-12158.700000 139399.000000
-13142.800000 139425.000000
-13681.600000 139432.000000
-15651.900000 140405.000000
-17870.500000 141627.000000
-18385.900000 141743.000000
-18711.000000 142738.000000
-18829.000000 142106.000000
-18518.400000 141823.000000
-17278.300000 142273.000000
-16663.800000 149186.000000
-15910.200000 149110.000000
-16364.400000 148253.000000
-16247.500000 148217.000000
-15924.700000 147316.000000
-14437.400000 147309.000000
-12916.800000 149388.000000
-11169.100000 149317.000000
-10072.600000 149731.000000
-10155.000000 151824.000000
-10318.600000 152180.000000
-10315.300000 152312.000000
-10311.900000 152378.000000
-10313.100000 152514.000000
-10069.300000 151987.000000
-9339.010000 152844.000000
-9327.880000 152844.000000
-10120.500000 152550.000000
-10123.800000 152545.000000
-10041.400000 151434.000000
-10472.200000 148329.000000
-10510.100000 146434.000000
-8079.990000 143591.000000
-6862.150000 134995.000000
-4265.070000 134834.000000
-3321.080000 134685.000000
-3530.360000 134438.000000
-3675.070000 134147.000000
-3678.410000 133661.000000
-3281.000000 135930.000000
-3308.830000 135754.000000
-3166.340000 135008.000000
-3130.720000 134792.000000
-1837.190000 134710.000000
680.857000 136132.000000
786.610000 134454.000000
451.539000 133944.000000
133.165000 133098.000000
-328.811000 133626.000000
-2822.370000 134699.000000
-3694.000000 130644.000000
-3763.020000 130642.000000
-3687.320000 132479.000000
-5651.000000 134823.000000
-6709.640000 136146.000000
-7508.920000 135928.000000
-6239.880000 137433.000000
-5407.210000 138150.000000
-5393.850000 138791.000000
-5538.560000 139189.000000
-6236.540000 137504.000000
-6922.260000 136130.000000
-6009.440000 137415.000000
-5403.870000 138089.000000
-5387.170000 138815.000000
-8411.720000 139356.000000
-10775.000000 139396.000000
-10478.900000 144717.000000
-10584.700000 147311.000000
-10770.600000 147209.000000
-10953.100000 145138.000000
-12694.200000 142932.000000
-13906.400000 142992.000000
-6723.000000 139325.000000
-4321.840000 132541.000000
-4197.160000 131860.000000
-9238.820000 127165.000000
-7810.590000 127200.000000
-4367.480000 124571.000000
-4026.840000 119401.000000
-4021.280000 114646.000000
-3937.790000 106265.000000
-2986.010000 106096.000000
-3463.570000 103467.000000
-2488.410000 105747.000000
-3109.570000 106103.000000
-4124.810000 112054.000000
-4162.650000 117208.000000
-4091.410000 118856.000000
-4422.030000 124667.000000
-10148.300000 127093.000000
-10746.100000 127240.000000
-7941.950000 135449.000000
-7759.390000 142202.000000
-7624.690000 142293.000000
-6295.540000 143021.000000
-5311.470000 140436.000000
-5339.300000 139579.000000
-4710.350000 137143.000000
-3641.680000 137749.000000
-3630.550000 139053.000000
-2139.980000 139065.000000
1246.360000 147975.000000
1235.230000 149199.000000
2756.970000 149397.000000
3138.790000 148050.000000
2940.640000 147610.000000
1556.940000 146962.000000
1210.740000 143557.000000
580.669000 143600.000000
-367.773000 140481.000000
-1660.190000 138978.000000
-2606.410000 139000.000000
1471.230000 135344.000000
1936.540000 135616.000000
4162.930000 134812.000000
7567.080000 128333.000000
8259.490000 126272.000000
10770.900000 119314.000000
12288.100000 110636.000000
12514.100000 109832.000000
14173.900000 105994.000000
21370.700000 106065.000000
27827.200000 104331.000000
27992.000000 104262.000000
30212.800000 104885.000000
33956.500000 102429.000000
33994.300000 102554.000000
36239.600000 102777.000000
37597.700000 103269.000000
37597.700000 103253.000000
35970.200000 103100.000000
36218.500000 108374.000000
36176.200000 110095.000000
34081.200000 110941.000000
34377.300000 110146.000000
35311.200000 109914.000000
35976.900000 103128.000000
37230.400000 101347.000000
30838.400000 104943.000000
25886.900000 106428.000000
24453.100000 106339.000000
20011.500000 106025.000000
15685.600000 105889.000000
13696.300000 106014.000000
12037.700000 113528.000000
11212.800000 118633.000000
10011.700000 120307.000000
7440.180000 126797.000000
3329.150000 127456.000000
2612.250000 126811.000000
1895.350000 131130.000000
1149.510000 132018.000000
1139.490000 132016.000000
1132.810000 132020.000000
801.082000 132606.000000
-1947.400000 134643.000000
-4006.810000 134768.000000
-16917.600000 134035.000000
-17262.700000 133118.000000
-16099.400000 135431.000000
-15753.200000 135567.000000
-7232.850000 135006.000000
-816.390000 135050.000000
824.459000 136916.000000
6409.360000 130941.000000
13469.200000 124301.000000
14953.100000 121665.000000
15409.500000 118043.000000
11748.200000 117653.000000
9559.700000 121754.000000
9331.490000 122667.000000
6065.380000 126036.000000
2673.480000 126724.000000
2287.200000 127229.000000
1166.210000 132018.000000
1153.960000 132023.000000
1403.320000 132040.000000
1391.080000 132880.000000
1248.590000 139991.000000
-376.678000 141674.000000
1314.260000 145381.000000
1318.720000 143571.000000
820.006000 141879.000000
820.006000 141877.000000
809.987000 141883.000000
1338.750000 139875.000000
3715.430000 137103.000000
3978.140000 138061.000000
3520.620000 138671.000000
3519.500000 138677.000000
3511.710000 138682.000000
3508.370000 138675.000000
3509.490000 138677.000000
3284.620000 138508.000000
3512.820000 138673.000000
3613.010000 138760.000000
842.270000 141903.000000
-397.829000 142738.000000
-6310.010000 143600.000000
-10435.500000 144711.000000
-10483.400000 148934.000000
-10708.200000 154859.000000
-14197.000000 155101.000000
-14337.300000 153786.000000
-14600.000000 152022.000000
-15519.500000 152419.000000
-15527.300000 152367.000000
-15530.600000 144878.000000
-14789.200000 142320.000000
-14313.900000 141861.000000
-13334.300000 139586.000000
-10423.300000 139456.000000
-6931.170000 137419.000000
-6937.850000 136805.000000
-9390.220000 130660.000000
-10054.800000 128879.000000
-13416.600000 120002.000000
-13104.900000 119410.000000
-13442.200000 119875.000000
-14620.000000 119555.000000
-14144.700000 123030.000000
-13393.300000 123233.000000
-11874.900000 125426.000000
-10954.300000 128093.000000
-11013.300000 128854.000000
-10932.000000 129553.000000
-10929.800000 129558.000000
-10930.900000 129565.000000
-10877.400000 131960.000000
-9464.800000 134391.000000
-9455.900000 134543.000000
-9442.540000 134558.000000
-9442.540000 134567.000000
-9464.800000 134561.000000
-9467.030000 134574.000000
-7717.090000 137014.000000
-5211.280000 139261.000000
-4857.290000 139252.000000
-4705.890000 142823.000000
-3574.890000 141770.000000
-3561.530000 141767.000000
-3582.680000 139225.000000
-5389.400000 137778.000000
-7609.110000 137413.000000
-12309.000000 133846.000000
-12389.200000 131791.000000
-12014.000000 132054.000000
-12292.300000 132535.000000
-12542.800000 134627.000000
-12232.200000 134080.000000
-12144.300000 136716.000000
-12138.700000 136843.000000
-12135.400000 136807.000000
-12482.700000 137713.000000
-12956.900000 137609.000000
-12896.800000 136248.000000
-12965.800000 138252.000000
-12872.300000 140614.000000
-13328.700000 139554.000000
-12621.800000 139517.000000
-11683.400000 137495.000000
-10831.800000 137491.000000
-10826.200000 132795.000000
-10936.400000 128269.000000
-10546.800000 127178.000000
-10620.300000 125513.000000
-11095.600000 122037.000000
-11412.900000 121489.000000
-11473.000000 118633.000000
-9728.630000 113011.000000
-9503.760000 112021.000000
-8076.650000 107840.000000
-6859.930000 103983.000000
-6709.640000 104433.000000
-4321.840000 106341.000000
-4091.410000 114937.000000
-4165.990000 115701.000000
-4121.470000 118172.000000
-4075.830000 119279.000000
-3633.890000 125967.000000
-3683.980000 126294.000000
-3705.130000 131352.000000
-3248.720000 133797.000000
-3753.000000 130137.000000
-4669.160000 130150.000000
-8816.920000 130079.000000
-11613.300000 129810.000000
-12012.900000 130237.000000
-12302.300000 132121.000000
-10811.800000 135300.000000
-10785.100000 137444.000000
-12525.000000 137513.000000
-9922.320000 139477.000000
-8916.000000 138746.000000
-8971.660000 135707.000000
-9313.410000 137450.000000
-9405.800000 137455.000000
-9936.800000 139376.000000
-11205.800000 139387.000000
-11223.600000 139390.000000
-11353.900000 139390.000000
-13917.600000 136433.000000
-14803.700000 136498.000000
-14795.900000 137522.000000
-13941.000000 139603.000000
-12814.400000 141683.000000
-12726.500000 142847.000000
-10906.400000 145472.000000
-8746.790000 143707.000000
-4669.160000 142671.000000
-4743.740000 139294.000000
-4567.860000 138423.000000
-6228.740000 135373.000000
-6972.360000 134790.000000
-4692.540000 128703.000000
-4226.110000 124956.000000
-3661.720000 123881.000000
-2978.210000 123912.000000
-493.564000 135371.000000
1.807890 137373.000000
691.989000 136771.000000
4579.270000 134015.000000
7024.950000 129516.000000
8100.300000 126750.000000
11217.200000 118666.000000
12145.700000 112424.000000
12499.600000 108167.000000
16743.100000 105960.000000
18801.400000 106145.000000
19537.300000 106038.000000
27434.300000 106784.000000
31644.400000 109293.000000
34331.600000 110807.000000
34080.000000 110941.000000
34075.600000 110954.000000
34072.300000 110930.000000
34771.300000 109810.000000
36224.100000 109438.000000
35981.400000 103258.000000
37597.700000 103289.000000
36174.000000 102783.000000
36057.100000 104404.000000
36218.500000 109082.000000
34129.000000 111034.000000
34394.000000 109819.000000
36217.400000 107962.000000
37355.100000 102988.000000
37598.900000 103280.000000
37591.100000 103273.000000
37631.100000 103284.000000
36731.700000 104253.000000
36561.400000 104282.000000
36818.500000 104233.000000
37654.500000 103246.000000
37683.500000 103251.000000
37653.400000 103253.000000
38399.200000 103006.000000
38073.100000 103144.000000
36752.800000 104237.000000
36591.400000 104266.000000
36637.100000 102737.000000
37601.100000 103291.000000
37739.100000 103253.000000
37843.800000 103218.000000
37870.500000 103209.000000
38164.400000 103142.000000
37600.000000 103287.000000
37612.200000 103266.000000
37288.300000 103364.000000
37232.600000 103182.000000
37296.100000 102670.000000
37382.900000 103340.000000
37397.400000 103347.000000
36680.500000 104257.000000
37406.300000 103340.000000
37582.200000 103293.000000
37232.600000 103186.000000
37250.400000 103171.000000
35568.400000 101566.000000
30643.600000 104947.000000
30282.900000 104885.000000
23805.300000 106174.000000
17801.800000 103816.000000
17795.100000 103712.000000
18141.300000 100728.000000
16724.200000 105931.000000
16351.300000 105918.000000
15352.800000 111571.000000
15416.200000 120799.000000
15174.700000 121245.000000
6733.300000 130326.000000
173.240000 142164.000000
-54.965000 142582.000000
-2742.220000 144515.000000
-2748.900000 143862.000000
-3501.420000 143466.000000
-3767.470000 143237.000000
-3766.360000 143235.000000
-3608.280000 143139.000000
-3481.380000 142943.000000
-3478.040000 142894.000000
-3514.770000 141995.000000
-3582.680000 139209.000000
-4279.540000 137729.000000
-6774.210000 139276.000000
-7105.940000 139289.000000
-9468.140000 135505.000000
-10703.800000 137471.000000
-10811.800000 137537.000000
-12179.900000 139399.000000
-9413.590000 139051.000000
-9420.270000 137666.000000
-9946.820000 136304.000000
-11026.600000 132016.000000
-10907.500000 132049.000000
-7338.600000 134349.000000
-7777.200000 134082.000000
-7033.580000 133688.000000
-6207.590000 140398.000000
-4312.940000 154342.000000
-3711.810000 154311.000000
-2560.770000 155061.000000
-1632.360000 155117.000000
-2496.200000 155115.000000
-3512.550000 154643.000000
-1714.740000 150335.000000
-1802.680000 146541.000000
-3761.900000 143531.000000
-6220.950000 138078.000000
-6886.640000 137399.000000
-6361.210000 136170.000000
-7806.140000 136124.000000
-8980.560000 131740.000000
-10414.400000 127222.000000
-10023.600000 124606.000000
-10084.900000 124595.000000
-10832.900000 125553.000000
-9651.820000 129988.000000
-8092.230000 134411.000000
-7908.560000 142905.000000
-8677.770000 144660.000000
-9101.900000 145537.000000
-9580.570000 146608.000000
-9662.950000 146318.000000
-10499.000000 145419.000000
-11310.500000 143411.000000
-11704.500000 143578.000000
-13785.100000 142965.000000
-13335.400000 139557.000000
-13271.900000 139543.000000
-9946.820000 139773.000000
-8671.090000 145020.000000
-8626.570000 145944.000000
-7968.670000 146668.000000
-8668.870000 147227.000000
-10169.500000 145468.000000
-9601.720000 142838.000000
-9090.770000 142792.000000
-6780.890000 143635.000000
-1862.790000 145448.000000
-1263.890000 145383.000000
-1229.390000 145951.000000
-1236.060000 145441.000000
-738.467000 145336.000000
-3701.790000 145396.000000
-5911.480000 145439.000000
-4947.460000 143602.000000
-3601.600000 143542.000000
339.106000 141451.000000
-443.470000 141841.000000
-227.510000 142475.000000
-1814.930000 144508.000000
-8795.770000 143704.000000
-10072.600000 144533.000000
-10816.200000 149636.000000
-11050.000000 153325.000000
-11333.900000 153318.000000
-10772.800000 149221.000000
-16502.400000 147106.000000
-16544.700000 146149.000000
-15662.000000 142266.000000
-16653.800000 136195.000000
-16293.100000 134298.000000
-14871.600000 135627.000000
-14933.900000 133991.000000
-14683.500000 130849.000000
-15933.600000 124337.000000
-16967.700000 120220.000000
-17689.100000 119103.000000
-20199.300000 115187.000000
-18904.700000 116611.000000
-17828.200000 118139.000000
-16398.900000 122275.000000
-15575.100000 124021.000000
-14254.900000 124148.000000
-12576.200000 125297.000000
-11550.900000 124860.000000
-11724.600000 124762.000000
-11076.700000 129471.000000
-10952.000000 129306.000000
-11290.400000 130573.000000
-10989.900000 132049.000000
-10880.800000 133728.000000
-12391.400000 133797.000000
-13014.800000 129676.000000
-14799.200000 128431.000000
-15213.300000 125998.000000
-19121.800000 124785.000000
-20616.800000 124101.000000
-21929.200000 122333.000000
-27324.900000 122968.000000
-25823.200000 123300.000000
-23288.500000 122091.000000
-20594.500000 125245.000000
-19892.100000 125083.000000
-19262.000000 126214.000000
-19724.000000 127603.000000
-17417.500000 126880.000000
-16295.400000 126579.000000
-14533.200000 124916.000000
-13896.400000 124319.000000
-12483.800000 123907.000000
-7405.390000 127220.000000
-7112.620000 129968.000000
-5579.750000 130705.000000
-5404.980000 134216.000000
-4811.650000 134877.000000
-3980.090000 135994.000000
-2927.010000 135950.000000
-13187.300000 139463.000000
-17253.800000 143865.000000
-17179.200000 146033.000000
-17160.300000 146416.000000
-17066.800000 147313.000000
-14139.100000 141396.000000
-2899.180000 135485.000000
16021.800000 105929.000000
16576.200000 105947.000000
24381.900000 106350.000000
32710.800000 104175.000000
37602.200000 103275.000000
37601.100000 103275.000000
37375.100000 103293.000000
36211.800000 108182.000000
35175.400000 109894.000000
34077.800000 110950.000000
36216.300000 108258.000000
36073.800000 104687.000000
37391.800000 103358.000000
33495.600000 103146.000000
30490.000000 104918.000000
26086.200000 106388.000000
19306.800000 106018.000000
16664.100000 105934.000000
12898.200000 106473.000000
11746.000000 116979.000000
10272.100000 119782.000000
9001.990000 124008.000000
5167.030000 131773.000000
3580.730000 131847.000000
2022.260000 132855.000000
1160.640000 134632.000000
2119.100000 135382.000000
3476.090000 137139.000000
1607.030000 134652.000000
1257.490000 134572.000000
442.633000 134857.000000
-262.019000 133461.000000
1967.710000 134349.000000
1604.810000 134645.000000
1599.240000 134632.000000
1469.000000 135269.000000
2016.690000 136909.000000
820.006000 140830.000000
-381.131000 144473.000000
-1179.290000 145312.000000
-3272.100000 145356.000000
-6400.180000 145403.000000
-6853.250000 144457.000000
-7055.850000 144517.000000
-6692.950000 142580.000000
-7331.920000 143057.000000
-7874.050000 141643.000000
-7069.210000 140485.000000
-7074.770000 140483.000000
-7226.170000 140369.000000
-4983.080000 141173.000000
-4713.690000 142206.000000
-4708.120000 142689.000000
-4623.520000 146993.000000
-4512.200000 148438.000000
-4616.840000 146797.000000
-4639.100000 145330.000000
-4686.970000 142536.000000
-5331.510000 139750.000000
-4867.310000 139245.000000
-4727.040000 141097.000000
-2839.070000 141759.000000
-2801.220000 142304.000000
-2782.290000 142814.000000
-2792.310000 143390.000000
-2762.260000 144579.000000
-3739.640000 144357.000000
-4255.050000 143535.000000
-6392.380000 143595.000000
-7835.080000 140545.000000
-9903.400000 139401.000000
-10043.700000 139401.000000
-10776.100000 139399.000000
-14764.700000 137466.000000
-15030.800000 136166.000000
-11682.300000 137488.000000
-10822.900000 137491.000000
-9395.780000 137021.000000
-11250.400000 139414.000000
-13692.700000 139483.000000
-15630.800000 143874.000000
-15576.200000 153325.000000
-15580.700000 157192.000000
-16878.700000 162039.000000
-14094.600000 161642.000000
-12363.600000 161662.000000
-11211.400000 161861.000000
-11154.600000 161838.000000
-10822.900000 161671.000000
-10054.800000 161580.000000
-9516.010000 159937.000000
-8405.040000 155609.000000
-8513.020000 152225.000000
-8558.660000 148487.000000
-8594.280000 147240.000000
-8691.130000 144633.000000
-8892.620000 139612.000000
-8220.250000 139419.000000
-7163.830000 140530.000000
-7160.490000 140523.000000
-7161.600000 140510.000000
-7164.940000 140512.000000
-6989.060000 140483.000000
-6501.480000 139325.000000
-5280.300000 139269.000000
-5256.920000 139252.000000
-5250.250000 139245.000000
-5243.570000 139243.000000
-604.883000 142121.000000
-965.558000 142277.000000
-1679.120000 142346.000000
-406.735000 140594.000000
-48.285900 137820.000000
511.651000 136596.000000
1822.990000 136645.000000
1601.470000 137335.000000
1609.260000 137397.000000
3846.780000 140919.000000
4400.040000 150566.000000
4559.230000 153042.000000
13557.200000 152345.000000
17758.400000 151593.000000
18556.500000 151519.000000
19981.400000 151570.000000
18714.600000 151452.000000
17590.300000 151613.000000
14260.700000 151178.000000
12608.700000 150214.000000
12693.300000 149442.000000
12485.200000 150851.000000
10558.200000 150842.000000
10426.900000 149393.000000
10058.400000 146710.000000
8484.350000 145218.000000
7387.860000 145535.000000
6063.150000 147485.000000
6060.930000 147485.000000
5783.740000 146779.000000
3201.130000 146968.000000
2567.720000 144960.000000
2132.460000 144976.000000
1782.920000 141177.000000
777.705000 141803.000000
433.728000 141527.000000
-1182.630000 141975.000000
-712.863000 140009.000000
-1503.230000 139045.000000
-1524.380000 139031.000000
