-4812.760000 152735.000000
-6039.500000 152806.000000
-8203.550000 152897.000000
-9235.480000 152893.000000
-10463.300000 152606.000000
-10635.900000 155050.000000
-10568.000000 155402.000000
-10561.300000 155486.000000
-9672.970000 155204.000000
-10320.800000 154119.000000
-10370.900000 153258.000000
-10305.300000 152512.000000
-10419.900000 152138.000000
-10462.200000 148923.000000
-9155.330000 143958.000000
-2910.310000 143520.000000
-678.354000 146051.000000
-845.333000 145926.000000
-640.506000 145434.000000
-2421.620000 143439.000000
-3445.760000 143511.000000
-8993.920000 143802.000000
-13127.200000 145962.000000
-14202.600000 145786.000000
-16022.600000 144021.000000
-13896.400000 145911.000000
-10550.200000 145519.000000
-6343.400000 143664.000000
-6183.100000 143649.000000
-6062.880000 141823.000000
-1889.510000 143760.000000
-1870.590000 144873.000000
-673.901000 145361.000000
1326.510000 143818.000000
1167.320000 142239.000000
1130.590000 142277.000000
1254.150000 144522.000000
1802.960000 147015.000000
4397.810000 147011.000000
5775.950000 148992.000000
4744.020000 149353.000000
4380.000000 150945.000000
3080.910000 152194.000000
1903.140000 152639.000000
1582.540000 152628.000000
1432.260000 153227.000000
1800.730000 152715.000000
3058.640000 152815.000000
3024.130000 155941.000000
2087.940000 157958.000000
1256.380000 156154.000000
738.743000 155148.000000
1315.380000 153598.000000
1324.280000 153483.000000
1328.740000 152879.000000
1275.300000 150054.000000
1283.100000 148761.000000
1302.020000 148077.000000
1277.530000 147480.000000
1246.360000 145937.000000
1256.380000 146988.000000
3849.010000 147146.000000
2239.330000 147765.000000
1875.310000 147903.000000
1310.930000 146857.000000
286.786000 145319.000000
85.297500 145323.000000
-1809.360000 144896.000000
-1793.780000 143936.000000
-4691.420000 142547.000000
-4713.690000 140752.000000
-5213.510000 139258.000000
-4715.910000 143244.000000
-4722.590000 143571.000000
-5758.980000 143448.000000
-6581.630000 141830.000000
-6900.000000 141868.000000
-7819.500000 143063.000000
-7717.090000 136872.000000
-7884.060000 135716.000000
-9167.580000 131223.000000
-10030.300000 128797.000000
-10891.900000 127263.000000
-11092.300000 130533.000000
6768.920000 130297.000000
14484.500000 122534.000000
15263.700000 121149.000000
15382.800000 116587.000000
15851.500000 114334.000000
15042.200000 114165.000000
14827.300000 112377.000000
15488.600000 108906.000000
19863.400000 106054.000000
20296.500000 106061.000000
20942.100000 106181.000000
22648.600000 106043.000000
22584.100000 105969.000000
20927.600000 106234.000000
20931.000000 106192.000000
20942.100000 106190.000000
20928.800000 106199.000000
20937.700000 106194.000000
21505.400000 102380.000000
21685.700000 102892.000000
21650.100000 101606.000000
19835.600000 103467.000000
11275.100000 109581.000000
11063.600000 109598.000000
4145.120000 111170.000000
-1487.650000 116298.000000
-4045.770000 114614.000000
-4179.350000 116999.000000
-4562.290000 117119.000000
-4145.960000 120392.000000
-4673.610000 121645.000000
-4670.270000 121721.000000
-2984.890000 123039.000000
-2945.930000 122992.000000
-2952.610000 122990.000000
-967.785000 126893.000000
-974.464000 127418.000000
-867.597000 134886.000000
3761.070000 140808.000000
3959.220000 141146.000000
4394.470000 152263.000000
5680.220000 154302.000000
5818.250000 154302.000000
4516.930000 155979.000000
3069.770000 155041.000000
3364.770000 154393.000000
3817.840000 154369.000000
3821.180000 154367.000000
3067.550000 153859.000000
2620.040000 152563.000000
2734.700000 151432.000000
2830.440000 152156.000000
1542.470000 152688.000000
1658.240000 152683.000000
1621.510000 152712.000000
3591.860000 152699.000000
3812.270000 152697.000000
4435.660000 145014.000000
4977.790000 140543.000000
5016.750000 140501.000000
6059.810000 140848.000000
5064.620000 140429.000000
2929.510000 142447.000000
892.364000 145305.000000
5.147480 147846.000000
-479.092000 149477.000000
-1029.010000 151644.000000
-2065.400000 152610.000000
-2129.960000 152610.000000
-10060.400000 152879.000000
-10094.900000 152378.000000
-10304.200000 152381.000000
-10305.300000 152401.000000
-10301.900000 152505.000000
-10288.600000 152565.000000
-9816.570000 151394.000000
-9520.460000 150555.000000
-9502.650000 150415.000000
-10537.900000 149235.000000
-10681.500000 147325.000000
-10580.200000 147309.000000
-9277.780000 144045.000000
-2825.710000 143504.000000
-2693.240000 143513.000000
959.156000 142389.000000
1250.810000 146893.000000
596.254000 148186.000000
11.826600 148491.000000
-107.285000 148502.000000
-195.228000 148520.000000
-443.470000 146423.000000
-69.436600 146361.000000
-67.210200 146363.000000
-48.285900 146356.000000
-42.719900 146365.000000
-37.153900 146374.000000
-641.619000 145586.000000
-646.072000 145443.000000
-1709.170000 145370.000000
-1634.590000 152260.000000
-1612.320000 153216.000000
-2262.430000 152830.000000
-1522.160000 152699.000000
-1308.420000 152668.000000
-1090.240000 153102.000000
-308.773000 152906.000000
-289.849000 152873.000000
-265.359000 152915.000000
-288.736000 152906.000000
-308.773000 152902.000000
-298.755000 152884.000000
-314.339000 152882.000000
-309.887000 152884.000000
-289.849000 152850.000000
-270.925000 152824.000000
13609.500000 124175.000000
15812.500000 114247.000000
15298.200000 118065.000000
13169.800000 116358.000000
13523.800000 116293.000000
13480.400000 116062.000000
13379.100000 116262.000000
13185.400000 116324.000000
15011.000000 118025.000000
15320.500000 116647.000000
15308.200000 116498.000000
15294.900000 116329.000000
15253.700000 115935.000000
15677.800000 114895.000000
15782.500000 114868.000000
15390.600000 116925.000000
15116.800000 121307.000000
15058.900000 121414.000000
8291.770000 128129.000000
4843.090000 133728.000000
2466.420000 138023.000000
-1856.110000 144221.000000
-1782.640000 148039.000000
-1787.100000 148714.000000
-1734.780000 150197.000000
-1657.970000 151895.000000
-1431.990000 154545.000000
-696.165000 160625.000000
-993.388000 161037.000000
-1139.220000 161010.000000
-1804.910000 161130.000000
-1257.220000 161137.000000
-403.395000 159803.000000
1920.960000 159817.000000
1959.920000 158857.000000
1955.460000 158149.000000
4348.830000 158679.000000
4022.670000 159788.000000
3035.260000 158332.000000
3058.640000 155540.000000
3079.790000 154825.000000
3078.680000 154770.000000
3085.360000 152764.000000
2423.010000 152554.000000
1448.960000 152585.000000
1214.080000 153981.000000
1217.420000 157619.000000
561.745000 162651.000000
-2786.750000 163829.000000
-3985.660000 164022.000000
-3966.730000 166492.000000
-3965.620000 164123.000000
-1188.200000 160527.000000
-1190.420000 160253.000000
-1950.740000 161553.000000
-2015.300000 161513.000000
-2075.410000 161509.000000
-2077.640000 163016.000000
-1860.570000 165937.000000
-1862.790000 166169.000000
-1934.040000 164510.000000
-2187.850000 162221.000000
-2957.060000 162119.000000
-3470.250000 156622.000000
-3844.280000 156036.000000
-3302.150000 157958.000000
-3260.970000 159683.000000
-4707.010000 160514.000000
-4055.790000 162796.000000
-4030.180000 163951.000000
-3931.110000 167284.000000
-3775.260000 167237.000000
-4686.970000 167360.000000
-5441.720000 170849.000000
-5409.430000 172169.000000
-5325.940000 175626.000000
-3663.940000 176154.000000
-2868.010000 175987.000000
-679.467000 175577.000000
252.277000 172790.000000
449.312000 171530.000000
-1293.950000 163023.000000
-1850.550000 162090.000000
-3854.300000 162226.000000
-4055.790000 162471.000000
-5298.110000 164071.000000
-6875.510000 164040.000000
-8123.400000 165512.000000
-8489.640000 164920.000000
-8166.820000 164677.000000
-6941.190000 161380.000000
-6706.300000 157813.000000
-5859.160000 157544.000000
-4822.780000 153830.000000
-4837.250000 152795.000000
-5654.340000 148289.000000
-5987.180000 148133.000000
-6601.660000 149640.000000
-6837.660000 154453.000000
-7307.430000 156653.000000
-7282.940000 157866.000000
-6994.620000 162252.000000
-6987.940000 158984.000000
-6708.530000 157742.000000
21593.300000 154329.000000
-4832.800000 152768.000000
-3053.910000 151085.000000
-2673.200000 148366.000000
-1726.980000 144548.000000
979.193000 140525.000000
4256.440000 134601.000000
15497.500000 105934.000000
18968.400000 105687.000000
19928.000000 105128.000000
19926.900000 105128.000000
20298.700000 103549.000000
21337.300000 103291.000000
21494.300000 102042.000000
21666.800000 101982.000000
20932.100000 103358.000000
18555.400000 103516.000000
16769.900000 103692.000000
12589.800000 105903.000000
8115.890000 106671.000000
8223.870000 109687.000000
2920.600000 112301.000000
-1.531690 113951.000000
-765.183000 114445.000000
-2832.390000 117863.000000
-3896.600000 119319.000000
-3982.320000 119323.000000
-3941.130000 123186.000000
-2991.570000 123910.000000
-3235.360000 123881.000000
-3881.020000 119842.000000
-3220.890000 117333.000000
-3219.780000 116438.000000
-1515.480000 117716.000000
-3718.490000 133087.000000
-4818.330000 133378.000000
-4791.610000 133394.000000
-2825.710000 132423.000000
-2882.480000 132755.000000
-3679.530000 133238.000000
-5113.320000 130117.000000
-6965.680000 130041.000000
-9160.900000 130123.000000
-10838.500000 133801.000000
-10924.200000 134712.000000
-11349.400000 134739.000000
-12835.600000 135026.000000
-12602.900000 133875.000000
-13167.300000 133414.000000
-13058.200000 134135.000000
-12699.700000 135387.000000
-10749.400000 136393.000000
-12775.400000 137459.000000
-12891.200000 137453.000000
-13877.500000 137513.000000
-14355.100000 137535.000000
-14361.700000 137537.000000
-14007.800000 137546.000000
-13018.100000 137491.000000
-12874.500000 136395.000000
-13521.300000 137504.000000
-14415.200000 137531.000000
-13860.800000 137531.000000
-11095.600000 137479.000000
-10802.900000 138824.000000
-10805.100000 140302.000000
-10730.500000 141324.000000
-10667.100000 141525.000000
-10466.700000 143744.000000
-10484.500000 148151.000000
-10463.300000 150615.000000
-10315.300000 152463.000000
-10308.600000 152501.000000
-9925.660000 152574.000000
-9684.100000 154291.000000
-9681.870000 154478.000000
-9668.520000 155843.000000
-8939.370000 156954.000000
-7559.010000 156896.000000
-6429.120000 156776.000000
-3490.280000 156099.000000
-1637.930000 155967.000000
783.271000 155976.000000
1553.600000 154373.000000
-790.787000 151539.000000
-1015.650000 151281.000000
-501.356000 150577.000000
1071.590000 152683.000000
1236.340000 153009.000000
1236.340000 155190.000000
1135.040000 161705.000000
-3672.850000 164049.000000
-3788.620000 164031.000000
-4006.810000 164022.000000
-3990.110000 164679.000000
-3076.180000 167046.000000
-3902.170000 167349.000000
-4643.550000 167353.000000
-5376.040000 168629.000000
-11151.300000 178919.000000
-11312.700000 178510.000000
-11671.200000 173663.000000
-11576.500000 169092.000000
-11312.700000 166561.000000
-10856.300000 166612.000000
-8781.300000 166120.000000
-7973.120000 165543.000000
-7051.400000 165748.000000
-7003.530000 162466.000000
-6924.490000 161130.000000
-6699.630000 157717.000000
-7308.540000 155524.000000
-7331.920000 155055.000000
-4681.400000 154333.000000
-4291.780000 153861.000000
-4311.820000 153147.000000
-3543.720000 154249.000000
-2497.310000 154387.000000
-2282.470000 155921.000000
-2940.370000 155974.000000
-3318.850000 156021.000000
-3367.830000 156041.000000
-1994.150000 155974.000000
-570.374000 158256.000000
-642.732000 157993.000000
1181.790000 159198.000000
1962.140000 159358.000000
2877.190000 157993.000000
3064.210000 154453.000000
2394.060000 154398.000000
2085.710000 154429.000000
1379.940000 153075.000000
3277.940000 152724.000000
3716.540000 152721.000000
4601.530000 154347.000000
5858.330000 155037.000000
5861.670000 154569.000000
5958.510000 154300.000000
3128.770000 154396.000000
2909.470000 152948.000000
2701.310000 152817.000000
6343.680000 152732.000000
7783.040000 152668.000000
1215.190000 152349.000000
1257.490000 152316.000000
1578.090000 156014.000000
1624.850000 156010.000000
1277.530000 156430.000000
1286.430000 155840.000000
1288.660000 147316.000000
1326.510000 143573.000000
700.894000 143740.000000
1225.210000 143544.000000
1226.320000 143553.000000
4111.720000 141126.000000
2945.100000 136845.000000
2913.930000 136927.000000
2913.930000 136930.000000
2458.630000 135903.000000
2825.980000 132780.000000
2306.120000 134928.000000
2972.930000 136498.000000
2036.730000 138573.000000
104.222000 139559.000000
-214.152000 140846.000000
-670.562000 141556.000000
-3804.210000 139098.000000
-4766.010000 138034.000000
-4649.120000 137125.000000
-3678.410000 133434.000000
-3626.090000 131695.000000
-3570.430000 125853.000000
-4199.390000 122160.000000
-3868.770000 119806.000000
-2157.790000 118223.000000
-912.125000 117791.000000
-765.183000 117008.000000
-496.903000 115454.000000
550.613000 113820.000000
2665.680000 112718.000000
3992.610000 111188.000000
8147.060000 107811.000000
11097.000000 106172.000000
12942.700000 105847.000000
18207.000000 106012.000000
20053.800000 103482.000000
20294.200000 103551.000000
21509.800000 102302.000000
21512.100000 102258.000000
21654.600000 102875.000000
21490.900000 103171.000000
19902.400000 103465.000000
14852.900000 103747.000000
14455.500000 103759.000000
10664.000000 108850.000000
5345.140000 111077.000000
314.616000 113871.000000
-1515.480000 117110.000000
-1517.700000 117130.000000
-1516.590000 117141.000000
-3187.500000 116436.000000
-3397.890000 117137.000000
-4083.620000 119012.000000
-4420.920000 121645.000000
-4258.390000 122051.000000
-3619.420000 125537.000000
-3825.360000 124992.000000
-3599.380000 124796.000000
-2733.310000 123821.000000
-3101.780000 124364.000000
-3101.780000 124350.000000
-3104.010000 124350.000000
-3104.010000 124346.000000
-1920.680000 122336.000000
-3119.590000 122701.000000
-3081.740000 122462.000000
-3071.720000 122447.000000
-3628.320000 125259.000000
-3611.620000 125818.000000
-3717.380000 131482.000000
-3691.770000 135923.000000
-3582.680000 140156.000000
-3750.770000 143137.000000
-1812.700000 146145.000000
-1714.740000 151232.000000
-1678.000000 151688.000000
-2583.030000 153167.000000
-2855.760000 152759.000000
-2856.880000 152744.000000
-1836.080000 152661.000000
-1016.770000 151437.000000
-1661.310000 150368.000000
-1724.760000 149442.000000
-3056.140000 143486.000000
-3527.020000 141409.000000
-3538.150000 140892.000000
-3882.130000 140040.000000
-3704.020000 139185.000000
-3715.150000 139060.000000
-8639.920000 139370.000000
-10641.400000 138564.000000
-10642.600000 138535.000000
-10790.600000 139726.000000
-6181.990000 140385.000000
-6137.460000 141200.000000
-5629.850000 143644.000000
-1804.910000 146908.000000
-1769.290000 148540.000000
-1647.950000 151893.000000
-2617.540000 153318.000000
-2870.230000 152790.000000
-2644.260000 152666.000000
-1637.930000 152672.000000
-1545.530000 152683.000000
-1031.240000 152060.000000
-6471.420000 152821.000000
-7732.670000 152888.000000
-8657.740000 152899.000000
-10440.000000 153663.000000
-11791.400000 156219.000000
-11965.000000 156090.000000
-10772.800000 154908.000000
-10316.400000 152278.000000
-10311.900000 152450.000000
-9713.040000 152601.000000
-9693.010000 154311.000000
-9679.650000 154387.000000
-9669.630000 156210.000000
-9652.930000 156642.000000
-9651.820000 156731.000000
-9166.470000 156704.000000
-9669.630000 154917.000000
-9670.740000 154850.000000
-10842.900000 154478.000000
-10854.100000 153026.000000
-11287.100000 158795.000000
-11179.100000 159514.000000
-10721.600000 160177.000000
-11043.300000 160460.000000
-11041.100000 160465.000000
-10794.000000 149511.000000
-10759.400000 148602.000000
-10501.200000 146327.000000
-9937.910000 140138.000000
-10465.600000 143903.000000
-10525.700000 147756.000000
-10466.700000 149464.000000
-9687.440000 154741.000000
-10718.300000 155313.000000
-10453.300000 154489.000000
-8982.790000 152913.000000
-4999.780000 152790.000000
-4367.480000 152703.000000
-2902.520000 152679.000000
693.102000 152648.000000
2937.300000 152623.000000
3096.490000 152258.000000
5557.760000 151023.000000
5886.160000 151003.000000
6509.550000 150949.000000
5951.830000 150929.000000
5782.630000 148469.000000
5790.420000 147503.000000
5902.850000 147478.000000
3852.350000 149244.000000
3232.300000 148213.000000
2534.330000 147750.000000
1997.770000 147890.000000
1240.790000 147712.000000
25.185000 148861.000000
581.782000 147955.000000
587.348000 147340.000000
29.637800 145457.000000
-1257.220000 144793.000000
-796.353000 143954.000000
-240.869000 140652.000000
-303.208000 139140.000000
-225.284000 138185.000000
824.459000 135741.000000
2792.590000 132906.000000
3174.410000 132234.000000
2218.180000 133879.000000
1575.870000 135106.000000
1404.430000 139713.000000
-730.674000 143834.000000
-1143.670000 145301.000000
-1539.970000 146908.000000
-1521.040000 145733.000000
-1553.330000 147064.000000
-46.059500 147781.000000
126.486000 146993.000000
-663.883000 148175.000000
581.782000 146049.000000
254.503000 146975.000000
-1694.700000 146997.000000
-1842.760000 146861.000000
-1560.000000 147062.000000
546.160000 147013.000000
2474.210000 147006.000000
1905.370000 143847.000000
955.816000 143647.000000
1265.280000 149355.000000
669.725000 158341.000000
1271.960000 157666.000000
3141.020000 158000.000000
3033.040000 158220.000000
2534.330000 155963.000000
-610.449000 155845.000000
-14364.000000 147251.000000
-14185.900000 147581.000000
-4477.690000 139174.000000
4505.790000 111148.000000
9360.440000 122625.000000
13709.700000 106023.000000
18746.900000 106208.000000
21507.600000 102307.000000
21390.700000 101441.000000
-2997.140000 149059.000000
21693.500000 101619.000000
21503.200000 102302.000000
21670.100000 101948.000000
21675.700000 101955.000000
21600.000000 101650.000000
21725.800000 101657.000000
22979.300000 99196.700000
24879.500000 94231.800000
30240.600000 94182.800000
31211.300000 86746.700000
31389.500000 86539.600000
37011.100000 85261.700000
43220.500000 87102.900000
43468.700000 86971.600000
45002.700000 83876.900000
45149.700000 84188.600000
45088.400000 83382.600000
45619.400000 83106.500000
45151.900000 84195.200000
45605.000000 78143.900000
45676.200000 76561.000000
45686.200000 76414.000000
45675.100000 76581.000000
45628.300000 80488.300000
45873.200000 81826.400000
45983.400000 82369.600000
44455.000000 82886.100000
45135.200000 84090.600000
38637.500000 77643.000000
38384.800000 77458.200000
40971.800000 78493.500000
45001.600000 81367.700000
45010.500000 81603.700000
45081.700000 83311.400000
45153.000000 84190.800000
45655.000000 83099.900000
45651.700000 83093.200000
44915.900000 84765.200000
44948.200000 84756.300000
45173.000000 84627.200000
45164.100000 84164.100000
45145.200000 84184.100000
45165.200000 84161.800000
45155.200000 84188.600000
45161.900000 84184.100000
44593.100000 86386.000000
38828.900000 84936.600000
36677.100000 85230.500000
33889.700000 84838.700000
30398.700000 92045.500000
29491.500000 94209.500000
24961.900000 94182.800000
22930.300000 99682.000000
22904.700000 101712.000000
21640.100000 102879.000000
21645.700000 102864.000000
21572.200000 102728.000000
21706.900000 101922.000000
21656.800000 101969.000000
21445.300000 101768.000000
17650.400000 100256.000000
17633.700000 101635.000000
17631.500000 101637.000000
19569.500000 103309.000000
19567.300000 103311.000000
19570.700000 103266.000000
20729.500000 103405.000000
21258.300000 102817.000000
21624.500000 102017.000000
21568.800000 102565.000000
20874.200000 104794.000000
20896.500000 104896.000000
20652.700000 105468.000000
20767.300000 104792.000000
21597.800000 102058.000000
21608.900000 102078.000000
21744.700000 101641.000000
22980.400000 101750.000000
23003.800000 102129.000000
22974.800000 101984.000000
22965.900000 101977.000000
22357.000000 101641.000000
21504.300000 102294.000000
21635.600000 102002.000000
21645.700000 101984.000000
22066.400000 105085.000000
22949.200000 105134.000000
24411.900000 106179.000000
24595.600000 104878.000000
25420.500000 105054.000000
27396.400000 108124.000000
26698.400000 105907.000000
24612.300000 103761.000000
22522.900000 103246.000000
22472.800000 104139.000000
22410.400000 103654.000000
21646.800000 102908.000000
21244.900000 102278.000000
21177.000000 102389.000000
21160.300000 102407.000000
21503.200000 102298.000000
22434.900000 101679.000000
22892.400000 101913.000000
21490.900000 102378.000000
21512.100000 102316.000000
21507.600000 102318.000000
21509.800000 102334.000000
21513.200000 102331.000000
21191.500000 102253.000000
20928.800000 102049.000000
20934.300000 102049.000000
21509.800000 98867.200000
22564.000000 99078.700000
22825.600000 95968.400000
23229.700000 96449.300000
22434.900000 101200.000000
21656.800000 101989.000000
21233.800000 102654.000000
17868.600000 104618.000000
16666.300000 105920.000000
14270.700000 105952.000000
11305.200000 109536.000000
12340.500000 109799.000000
11793.900000 116456.000000
15145.700000 118695.000000
15645.500000 120243.000000
15760.200000 114833.000000
15331.600000 117012.000000
15327.200000 118720.000000
13184.300000 118297.000000
9838.000000 120864.000000
7167.440000 126835.000000
2292.760000 127187.000000
1914.280000 127641.000000
2158.070000 129707.000000
3037.490000 127124.000000
4726.210000 127251.000000
7527.010000 126811.000000
7503.630000 130477.000000
8876.200000 130684.000000
11613.500000 133730.000000
12611.000000 137813.000000
11522.300000 138702.000000
9481.780000 137295.000000
5457.580000 138479.000000
4463.490000 138412.000000
2853.810000 139623.000000
4411.170000 150969.000000
4404.490000 155576.000000
4077.210000 160839.000000
3319.130000 160850.000000
1954.350000 160823.000000
1968.820000 158710.000000
1277.530000 158042.000000
-219.718000 157922.000000
-1115.840000 156931.000000
-2471.710000 155097.000000
-3426.830000 155157.000000
-2526.260000 155128.000000
-1826.060000 158045.000000
-1791.550000 158615.000000
-1758.150000 158813.000000
-2469.480000 156012.000000
-2516.240000 155397.000000
-2717.730000 155471.000000
-2679.880000 154442.000000
-3157.440000 155179.000000
-4194.940000 154293.000000
-6397.950000 154427.000000
-7373.110000 154469.000000
-9402.460000 154607.000000
-10857.400000 154863.000000
-11185.800000 154391.000000
-12007.300000 154741.000000
-10501.200000 153209.000000
-10874.100000 153051.000000
-10761.700000 150584.000000
-11781.400000 148197.000000
-11479.700000 147296.000000
-10561.300000 147309.000000
-8615.430000 146541.000000
-8638.810000 145595.000000
-8717.850000 143829.000000
-12181.000000 139439.000000
-13861.900000 139477.000000
