-24490.700000 155210.000000
-21980.500000 155201.000000
-21319.200000 154436.000000
-20003.400000 154440.000000
-19653.900000 154429.000000
-18764.400000 154400.000000
-18589.700000 154391.000000
-18539.600000 152848.000000
-17325.100000 152837.000000
-15854.500000 152993.000000
-15349.100000 152897.000000
-15350.300000 152770.000000
-15527.300000 152459.000000
-15551.800000 150842.000000
-15495.000000 149146.000000
-14271.600000 148251.000000
-13899.800000 148226.000000
-13757.300000 148240.000000
-13839.700000 147988.000000
-13717.200000 146067.000000
-13512.400000 146002.000000
-11651.100000 145924.000000
-10985.400000 145637.000000
-10565.800000 147507.000000
-10446.600000 150087.000000
-10417.700000 151439.000000
-10408.800000 154360.000000
-11347.200000 162141.000000
-11572.100000 165730.000000
-11703.400000 174380.000000
-11548.700000 176924.000000
-11371.700000 178950.000000
-9547.180000 178115.000000
-9520.460000 178115.000000
-9518.230000 178118.000000
-9519.350000 178113.000000
-9514.900000 178111.000000
-9527.140000 178115.000000
-9526.030000 178115.000000
-9521.570000 178120.000000
-9526.030000 178129.000000
-6139.690000 176150.000000
-5314.810000 176110.000000
-5307.020000 174150.000000
-5330.400000 173206.000000
-5437.260000 169379.000000
-4987.530000 168633.000000
-4832.800000 168558.000000
-4713.690000 167422.000000
-5603.130000 162368.000000
-5175.660000 160814.000000
-3776.380000 160836.000000
-1231.610000 161068.000000
-481.319000 158721.000000
-1174.840000 154554.000000
-2775.610000 153423.000000
-2544.070000 153006.000000
-1428.650000 152630.000000
-387.810000 152652.000000
1464.550000 152730.000000
1839.690000 152688.000000
1592.560000 154351.000000
1307.590000 154077.000000
1403.320000 153093.000000
1372.150000 153064.000000
1519.090000 153017.000000
2443.040000 152728.000000
2950.660000 152948.000000
1569.190000 153476.000000
-823.070000 154665.000000
-1083.560000 155894.000000
-1300.630000 155061.000000
-1752.590000 154302.000000
-3470.250000 154260.000000
-3779.720000 153877.000000
-4182.690000 153273.000000
-4296.240000 152341.000000
-4511.080000 148440.000000
-4595.690000 147583.000000
-4607.930000 147153.000000
-4645.780000 145492.000000
-4662.480000 143707.000000
-4720.360000 141690.000000
-4734.840000 139991.000000
-4761.550000 137936.000000
-4760.440000 135881.000000
-4570.080000 133394.000000
-4138.160000 133476.000000
-3726.280000 133784.000000
-3460.230000 136673.000000
-2856.880000 137700.000000
-2640.920000 137724.000000
-2638.690000 137731.000000
-2643.140000 137727.000000
-2635.350000 137720.000000
-2637.580000 137738.000000
-2642.030000 137722.000000
-2843.520000 137722.000000
-2839.070000 138958.000000
-2807.900000 141209.000000
-502.469000 144619.000000
-1169.270000 142420.000000
-1183.740000 141291.000000
-308.773000 141531.000000
-815.277000 142275.000000
-835.315000 143871.000000
-377.792000 144473.000000
-1083.560000 145314.000000
-1565.570000 145354.000000
-2043.130000 144586.000000
-1765.950000 145539.000000
-1086.900000 143740.000000
-1145.900000 142785.000000
-849.786000 141209.000000
-176.303000 140153.000000
-234.189000 139559.000000
-388.924000 140202.000000
-400.055000 140376.000000
-427.885000 140389.000000
-2.644890 139065.000000
11.826600 139799.000000
-159.605000 140049.000000
-236.416000 140189.000000
-1074.650000 141202.000000
-1842.760000 141260.000000
-1993.040000 142228.000000
-2038.680000 143419.000000
-1852.770000 145056.000000
-1818.270000 147020.000000
-1779.300000 148578.000000
-1772.620000 149086.000000
-1782.640000 149377.000000
-1760.380000 149558.000000
-1752.590000 150261.000000
-1740.340000 150802.000000
-2162.240000 151995.000000
-2250.190000 152599.000000
-2883.590000 152614.000000
-3351.140000 152643.000000
-4178.240000 152690.000000
-4235.010000 152699.000000
-4772.690000 152737.000000
-4768.230000 152739.000000
-5674.370000 152804.000000
-5799.050000 152815.000000
-5952.670000 152817.000000
-5958.240000 152819.000000
-6094.050000 152824.000000
-6224.290000 152813.000000
-6504.820000 152414.000000
-6505.930000 152450.000000
-6498.140000 152732.000000
-6538.210000 153892.000000
-7230.620000 154494.000000
-7324.130000 154505.000000
-7304.090000 156208.000000
-8203.550000 156882.000000
-8357.170000 156876.000000
-9248.840000 156878.000000
-9592.820000 156858.000000
-10352.000000 156827.000000
-10407.700000 156076.000000
-9657.380000 156163.000000
-9661.840000 156279.000000
-9655.160000 156591.000000
-9657.380000 156780.000000
-9613.970000 158599.000000
-9607.290000 159394.000000
-9582.800000 160445.000000
-9587.250000 160177.000000
-9403.580000 159899.000000
-8804.680000 159908.000000
-8454.020000 161081.000000
-7023.570000 160952.000000
-4102.540000 160672.000000
-4376.390000 160367.000000
-5484.020000 160224.000000
-5496.260000 159766.000000
-5712.220000 158579.000000
-6118.540000 158330.000000
-6354.540000 158274.000000
-6001.650000 157553.000000
-4642.440000 157156.000000
-3505.870000 157348.000000
-2762.260000 157314.000000
-3425.720000 157323.000000
-3531.470000 154360.000000
-3573.770000 154244.000000
-4301.800000 153233.000000
-4307.370000 152590.000000
-3626.090000 152352.000000
-3560.420000 153710.000000
-3548.170000 154001.000000
-3550.400000 154135.000000
-3525.910000 155976.000000
-3305.490000 157931.000000
-3267.650000 159358.000000
-3193.060000 162092.000000
-2823.480000 163918.000000
-2424.960000 164864.000000
-2426.070000 166825.000000
-2420.500000 165327.000000
-2142.210000 163677.000000
-2619.770000 162885.000000
-3191.950000 161674.000000
-4002.350000 160683.000000
-8098.910000 161064.000000
-8427.300000 159383.000000
-8432.870000 156943.000000
-8589.830000 156856.000000
-8478.510000 156916.000000
-8403.930000 155250.000000
-7320.790000 155431.000000
-7309.660000 156466.000000
-7306.320000 156606.000000
-7306.320000 156758.000000
-6985.720000 158871.000000
-6959.000000 160507.000000
-7064.750000 163439.000000
-7071.430000 163715.000000
-7069.210000 163953.000000
-7042.490000 165296.000000
-7651.410000 166607.000000
-7974.230000 167803.000000
-7364.200000 166683.000000
-7055.850000 165884.000000
-7082.560000 164098.000000
-7372.000000 162860.000000
-6985.720000 159394.000000
-6357.870000 158265.000000
-6686.270000 156822.000000
-7291.850000 156557.000000
-7318.560000 155500.000000
-7304.090000 156219.000000
-7304.090000 156502.000000
-7304.090000 156548.000000
-7305.200000 156720.000000
-7308.540000 156985.000000
-6987.940000 159331.000000
-6946.750000 161807.000000
-6758.620000 163568.000000
-6538.210000 163252.000000
-6936.740000 161736.000000
-6989.060000 159042.000000
-6218.730000 157582.000000
-5058.780000 157221.000000
-3159.670000 162190.000000
-2609.750000 162936.000000
-1985.250000 163127.000000
-1839.420000 161542.000000
-1187.080000 160543.000000
-2566.330000 158065.000000
-3500.300000 156083.000000
-4182.690000 156105.000000
-7349.730000 156865.000000
-9204.310000 156905.000000
-12126.500000 156767.000000
-12081.900000 158154.000000
-12405.900000 158341.000000
-12293.400000 157875.000000
-10817.300000 155535.000000
-10338.700000 154220.000000
-9926.780000 153095.000000
-9940.140000 153135.000000
-9929.000000 153109.000000
-9933.460000 153131.000000
-9936.800000 153122.000000
-9933.460000 153084.000000
-8599.850000 150375.000000
-8135.650000 148371.000000
-6950.090000 147122.000000
-6038.390000 145779.000000
-4763.780000 135765.000000
-4344.110000 131620.000000
-2915.880000 133690.000000
380.294000 136351.000000
1007.020000 137172.000000
4613.770000 133946.000000
5016.750000 133147.000000
7811.980000 128812.000000
8531.110000 128302.000000
11731.500000 126539.000000
11721.500000 126557.000000
11727.100000 126510.000000
11729.300000 126483.000000
11736.000000 126561.000000
15854.800000 124085.000000
16098.600000 124413.000000
16218.800000 124842.000000
16215.500000 124836.000000
16219.900000 124822.000000
16217.700000 124820.000000
16225.500000 124811.000000
14657.000000 124350.000000
14434.400000 124411.000000
15823.600000 120036.000000
14087.100000 118137.000000
14092.600000 118137.000000
14088.200000 118119.000000
14087.100000 118114.000000
15556.500000 119350.000000
15594.300000 121338.000000
16095.300000 124317.000000
16095.300000 124402.000000
16241.100000 124889.000000
16253.300000 124907.000000
16083.000000 124502.000000
16098.600000 124099.000000
13855.500000 124484.000000
13432.500000 124818.000000
12206.900000 125706.000000
11974.200000 127162.000000
12510.800000 128785.000000
9708.870000 130426.000000
8898.460000 130829.000000
6929.220000 133879.000000
6246.830000 134899.000000
5108.030000 137466.000000
4558.110000 137455.000000
4627.130000 134930.000000
6614.190000 132134.000000
6933.670000 132112.000000
6878.010000 132058.000000
6237.930000 131459.000000
9270.270000 127786.000000
9484.000000 128222.000000
9630.940000 127886.000000
10210.900000 127340.000000
9559.700000 130477.000000
8791.590000 131319.000000
6183.380000 134899.000000
5039.010000 135280.000000
5260.540000 134906.000000
4417.850000 134926.000000
4416.740000 138052.000000
4444.570000 139721.000000
4367.760000 141398.000000
3802.260000 140754.000000
3436.010000 139330.000000
3442.690000 139318.000000
3437.130000 139336.000000
3443.810000 139314.000000
3442.690000 139327.000000
3438.240000 139323.000000
3443.810000 139323.000000
3442.690000 139318.000000
3438.240000 139325.000000
3439.350000 139336.000000
3448.260000 139327.000000
3443.810000 139312.000000
3528.410000 139485.000000
3480.540000 139548.000000
3481.660000 139550.000000
3498.350000 139692.000000
3231.190000 139986.000000
2094.610000 140545.000000
1511.300000 141625.000000
1274.190000 144486.000000
1253.040000 145201.000000
1245.250000 148360.000000
1255.270000 149359.000000
1202.950000 152176.000000
885.685000 152470.000000
1348.770000 151797.000000
1303.130000 151659.000000
2171.420000 150136.000000
2162.520000 149462.000000
1887.560000 148237.000000
1884.220000 147512.000000
1424.470000 146973.000000
393.652000 146955.000000
383.634000 146962.000000
-1410.840000 147008.000000
-1817.150000 146928.000000
-1803.790000 147910.000000
-1738.120000 150219.000000
-1710.290000 151178.000000
5951.830000 142731.000000
-2930.350000 152648.000000
-2565.220000 153478.000000
-6037.270000 154420.000000
-6145.250000 156528.000000
-6785.340000 156813.000000
-7773.860000 156878.000000
-8576.470000 156896.000000
-9613.970000 156889.000000
-9630.670000 156902.000000
-11972.800000 156800.000000
-12221.100000 157183.000000
-12646.300000 158648.000000
-12670.800000 158160.000000
-12673.000000 158234.000000
-12677.500000 157851.000000
-11310.500000 157722.000000
-11243.700000 159901.000000
-7957.540000 161081.000000
-6589.420000 160901.000000
-3701.790000 160912.000000
-2880.250000 160897.000000
-541.431000 157791.000000
-706.184000 157443.000000
-1122.520000 156936.000000
-1395.250000 156894.000000
-2816.800000 158080.000000
-4439.840000 157023.000000
-4675.840000 157158.000000
-5651.000000 157512.000000
-5665.470000 157512.000000
-6800.930000 158824.000000
-7001.300000 158993.000000
-7217.260000 161041.000000
-6426.890000 160888.000000
-3854.300000 160776.000000
-3352.250000 160948.000000
-2649.820000 161609.000000
-2214.560000 161542.000000
-1229.390000 161384.000000
-585.959000 160765.000000
-430.112000 159367.000000
-31.588000 158595.000000
149.863000 159786.000000
73.052400 158822.000000
-1124.750000 157058.000000
-1131.420000 156522.000000
-1528.840000 155028.000000
-2093.220000 155066.000000
-2777.840000 155101.000000
-3229.800000 155148.000000
-3706.240000 155177.000000
-3504.760000 154433.000000
-2599.730000 154387.000000
650.801000 153634.000000
-719.542000 153347.000000
-708.410000 152701.000000
1259.720000 153596.000000
1241.910000 154794.000000
1642.660000 156511.000000
2313.910000 156003.000000
2461.970000 156003.000000
1215.190000 156050.000000
1211.850000 157163.000000
337.993000 157230.000000
621.857000 156241.000000
617.405000 156076.000000
906.835000 155533.000000
919.080000 155535.000000
1274.190000 155342.000000
1279.760000 154204.000000
1276.420000 147863.000000
1265.280000 142861.000000
1178.450000 142611.000000
-132.889000 140828.000000
-435.678000 140447.000000
-4048.000000 139134.000000
-4928.530000 139185.000000
-7848.440000 139341.000000
-8380.550000 139350.000000
-10928.700000 139423.000000
-11313.800000 139432.000000
-13513.500000 139503.000000
-14168.100000 139550.000000
-15828.900000 140904.000000
-15738.800000 141685.000000
-15351.400000 142362.000000
-15600.700000 142193.000000
-15806.700000 140311.000000
-15875.700000 139639.000000
-16077.200000 136397.000000
-16080.500000 135814.000000
-15200.000000 135945.000000
-15196.600000 135868.000000
-12439.300000 135313.000000
-11358.300000 135235.000000
-5509.620000 134888.000000
-4604.590000 134828.000000
1053.780000 137217.000000
1972.160000 138408.000000
4110.610000 141135.000000
3817.840000 140790.000000
2932.850000 142418.000000
1978.840000 142164.000000
1988.860000 142173.000000
1976.620000 142164.000000
1979.960000 142166.000000
1983.290000 142166.000000
1987.750000 142168.000000
1979.960000 142159.000000
1984.410000 142157.000000
1587.000000 142440.000000
1438.940000 141977.000000
988.099000 142449.000000
758.780000 142887.000000
-387.810000 143386.000000
-617.128000 142914.000000
-393.376000 141983.000000
-289.849000 142562.000000
-618.242000 144729.000000
-805.258000 145334.000000
-1814.930000 147672.000000
-1788.210000 148758.000000
-2618.650000 152630.000000
-3541.490000 152661.000000
-6515.950000 152835.000000
-6778.660000 152853.000000
-8428.420000 152937.000000
-9035.110000 152906.000000
-11313.800000 156261.000000
-11763.500000 156787.000000
-14322.800000 156842.000000
-14782.500000 157234.000000
-15501.700000 157524.000000
-15529.500000 156960.000000
-12884.500000 155135.000000
-11872.600000 155030.000000
-11303.800000 160988.000000
-10533.500000 161571.000000
-5069.910000 160772.000000
-4094.750000 160727.000000
70.826000 160874.000000
595.141000 160874.000000
1371.040000 160906.000000
1372.150000 160903.000000
755.441000 160859.000000
461.557000 160857.000000
-122.870000 158583.000000
-475.753000 158365.000000
-1252.760000 156001.000000
-1536.630000 155889.000000
-2492.860000 155963.000000
-3024.970000 156591.000000
-2892.500000 156582.000000
-2453.900000 156065.000000
-2411.600000 155680.000000
-1662.420000 154694.000000
-1595.630000 154306.000000
-3485.830000 154253.000000
-3485.830000 154260.000000
-4305.140000 153325.000000
-4295.120000 154131.000000
-6109.630000 154774.000000
-6194.230000 155718.000000
-7248.430000 156831.000000
-7933.050000 156891.000000
-10111.600000 156858.000000
-10167.200000 156871.000000
-11276.000000 159416.000000
-11499.700000 159552.000000
-11583.200000 160356.000000
-11514.200000 159757.000000
-10158.300000 159427.000000
-10136.100000 159040.000000
-8798.000000 156934.000000
-8499.660000 156925.000000
-7635.820000 154847.000000
-7330.810000 155288.000000
-7318.560000 156740.000000
-7305.200000 156804.000000
-6947.870000 161589.000000
-7117.070000 162377.000000
-7088.130000 162339.000000
-6934.510000 161963.000000
-6111.860000 158281.000000
-6126.330000 157880.000000
-5356.000000 160850.000000
-4377.500000 160741.000000
617.405000 160872.000000
643.008000 160585.000000
73.052400 159539.000000
73.052400 158664.000000
-108.398000 155923.000000
-1029.010000 155898.000000
-1590.060000 154409.000000
-1468.720000 154411.000000
-1544.420000 152283.000000
-1686.910000 150980.000000
-953.313000 148513.000000
-705.071000 148518.000000
552.839000 145354.000000
1226.320000 145323.000000
2093.500000 144855.000000
2069.010000 144241.000000
2834.890000 139234.000000
3410.410000 138185.000000
5188.180000 134091.000000
5313.970000 133118.000000
11734.900000 126490.000000
11737.100000 126486.000000
11614.700000 126214.000000
12184.600000 125704.000000
16147.600000 124780.000000
16205.500000 124776.000000
16211.000000 124765.000000
16221.100000 124849.000000
-15149.900000 179552.000000
16227.700000 124849.000000
16216.600000 124836.000000
16218.800000 124845.000000
16224.400000 124838.000000
16227.700000 124842.000000
16221.100000 124845.000000
16223.300000 124836.000000
16219.900000 124842.000000
16222.200000 124838.000000
16221.100000 124840.000000
16221.100000 124849.000000
16227.700000 124851.000000
16223.300000 124851.000000
16214.400000 124851.000000
16219.900000 124871.000000
16295.600000 125045.000000
16394.700000 125288.000000
16401.400000 125052.000000
16083.000000 124640.000000
14664.800000 124364.000000
13846.600000 124486.000000
13123.000000 125034.000000
12171.300000 125713.000000
11649.200000 126085.000000
12643.200000 129763.000000
10311.100000 130261.000000
8439.830000 131473.000000
6938.130000 132056.000000
6951.480000 132054.000000
6944.800000 132051.000000
6847.960000 132074.000000
5876.140000 132105.000000
4440.120000 134705.000000
4404.490000 134770.000000
3814.500000 137399.000000
3575.160000 137248.000000
3783.330000 137524.000000
4426.760000 138190.000000
4031.570000 137994.000000
3665.330000 138644.000000
2847.130000 139488.000000
1811.860000 141075.000000
1145.060000 142634.000000
1081.610000 143168.000000
2879.420000 142536.000000
4192.990000 141578.000000
4557.000000 141253.000000
4698.380000 141037.000000
2920.600000 139612.000000
704.234000 136722.000000
-2835.730000 134692.000000
-4079.160000 134725.000000
-4729.270000 135001.000000
-4425.370000 135997.000000
-3896.600000 136691.000000
-3697.340000 136707.000000
-2960.400000 136803.000000
-2370.410000 137709.000000
-2299.170000 137709.000000
-2292.490000 137727.000000
-2305.850000 137709.000000
-2300.280000 137713.000000
-2303.620000 137731.000000
-2312.520000 137713.000000
-2296.940000 137729.000000
-2298.050000 137704.000000
-2301.390000 137715.000000
-2298.050000 137731.000000
-2294.710000 137735.000000
-2296.940000 137695.000000
-2300.280000 137698.000000
-2289.150000 137713.000000
-2292.490000 137715.000000
-2292.490000 137720.000000
-2286.920000 137702.000000
-2793.420000 138330.000000
-2815.690000 140810.000000
-3034.990000 141763.000000
-3528.130000 141921.000000
-3744.090000 144234.000000
-3732.960000 145212.000000
-3720.720000 145528.000000
-4662.480000 145417.000000
-5362.680000 145428.000000
-5623.170000 145383.000000
-5594.220000 144731.000000
-5661.010000 143807.000000
-3146.310000 143524.000000
-643.845000 143488.000000
2738.040000 137575.000000
5675.760000 132281.000000
9869.170000 127058.000000
13219.900000 124544.000000
15685.600000 114200.000000
15593.200000 114461.000000
15520.900000 117680.000000
16026.200000 119835.000000
16097.500000 121213.000000
15936.100000 122171.000000
15821.400000 121619.000000
15306.000000 121249.000000
13883.300000 124444.000000
12949.400000 125127.000000
11623.600000 126401.000000
12469.600000 128489.000000
10629.500000 130246.000000
8904.030000 131210.000000
5999.700000 134895.000000
5301.730000 137466.000000
4760.720000 137468.000000
4324.340000 138236.000000
3852.350000 137633.000000
3164.390000 136662.000000
2895.000000 136380.000000
2760.300000 133786.000000
2581.080000 133287.000000
3188.880000 132016.000000
2976.260000 132648.000000
2467.530000 133349.000000
2466.420000 133345.000000
2473.100000 133321.000000
2470.870000 133327.000000
2475.330000 133378.000000
2024.480000 136912.000000
2154.730000 140416.000000
1255.270000 142059.000000
1047.100000 142355.000000
901.269000 142647.000000
557.292000 142709.000000
399.218000 142910.000000
1196.270000 144050.000000
1255.270000 145063.000000
1264.170000 148921.000000
1264.170000 154264.000000
1228.550000 156070.000000
1169.550000 160763.000000
1111.660000 160890.000000
3107.620000 160926.000000
3173.300000 160899.000000
3021.910000 160921.000000
2453.060000 160832.000000
1831.900000 159812.000000
1545.810000 159819.000000
649.687000 159060.000000
660.819000 158668.000000
656.366000 158180.000000
660.819000 157911.000000
897.930000 155491.000000
1181.790000 155996.000000
2188.120000 156003.000000
1316.490000 155941.000000
1264.170000 155415.000000
4437.890000 152258.000000
4446.800000 143504.000000
4643.830000 134140.000000
5823.820000 131994.000000
11767.200000 125762.000000
15593.200000 114882.000000
15479.700000 115200.000000
15881.500000 118010.000000
15896.000000 118226.000000
16021.800000 119835.000000
16021.800000 119873.000000
15821.400000 121320.000000
15827.000000 121320.000000
15823.600000 121327.000000
15788.000000 120140.000000
14325.300000 122814.000000
13176.500000 124540.000000
6135.510000 131392.000000
758.780000 141091.000000
-6439.140000 143606.000000
-9062.940000 143849.000000
-10513.400000 147739.000000
-10478.900000 148776.000000
-10655.900000 151403.000000
-11721.200000 152065.000000
-11880.400000 152857.000000
-12805.500000 153790.000000
-13021.500000 153908.000000
-13483.400000 154273.000000
-12611.800000 151390.000000
-12323.500000 151312.000000
-10810.700000 151428.000000
-10494.500000 152557.000000
-7534.520000 152937.000000
-4859.510000 152781.000000
-2607.520000 153162.000000
-3579.340000 152819.000000
-2856.880000 153380.000000
-4059.130000 153216.000000
-3980.090000 152610.000000
-440.130000 149368.000000
-3273.210000 154095.000000
-2442.770000 155090.000000
-3865.430000 154235.000000
-4310.710000 152236.000000
-4689.200000 141505.000000
-4615.720000 132325.000000
-10955.400000 125577.000000
-9332.330000 130845.000000
-11045.500000 139399.000000
-12651.900000 138045.000000
-11007.700000 138183.000000
-10008.000000 140024.000000
-6635.060000 138279.000000
-3591.590000 140033.000000
-4420.920000 136001.000000
-3947.810000 134830.000000
-140.681000 135676.000000
3803.370000 135436.000000
4052.720000 134964.000000
4361.080000 134418.000000
6190.060000 130457.000000
11583.500000 126185.000000
11738.200000 126503.000000
11753.800000 126490.000000
11682.600000 126450.000000
11687.000000 126461.000000
11673.700000 126452.000000
11678.100000 126445.000000
13389.100000 124834.000000
13989.100000 124306.000000
16272.300000 124807.000000
16097.500000 124506.000000
16016.200000 121311.000000
15814.700000 121338.000000
16245.500000 124780.000000
16257.800000 124789.000000
16093.000000 124237.000000
16759.800000 124123.000000
21453.100000 123780.000000
20915.400000 120857.000000
20009.300000 113227.000000
19977.000000 110335.000000
21563.300000 106081.000000
23027.100000 106105.000000
22944.800000 103494.000000
22959.200000 103480.000000
21806.000000 106061.000000
20257.500000 106036.000000
19977.000000 106439.000000
19972.500000 108906.000000
20178.500000 116772.000000
20633.800000 119383.000000
19501.600000 124633.000000
16262.200000 124785.000000
17184.000000 124179.000000
17971.000000 124346.000000
21531.000000 124226.000000
21233.800000 122563.000000
20273.100000 113688.000000
19961.400000 111878.000000
20972.200000 106090.000000
21896.100000 106085.000000
23070.500000 104313.000000
23031.600000 103480.000000
22941.400000 103447.000000
22940.300000 103462.000000
22624.200000 106043.000000
21067.900000 106023.000000
19972.500000 107842.000000
19963.600000 110772.000000
20699.400000 119720.000000
21268.300000 122863.000000
19633.000000 124584.000000
19623.000000 124595.000000
17042.600000 124112.000000
16256.700000 124787.000000
16256.700000 124769.000000
16244.400000 124780.000000
16080.800000 124633.000000
16087.500000 124620.000000
16097.500000 124106.000000
14900.800000 124286.000000
14068.100000 124197.000000
13614.000000 122632.000000
12307.100000 120033.000000
12643.200000 120149.000000
12644.400000 120143.000000
12644.400000 120149.000000
14063.700000 118479.000000
16116.400000 121354.000000
16125.300000 121503.000000
16163.200000 121979.000000
16162.100000 121977.000000
15887.100000 122135.000000
15874.900000 122142.000000
16242.200000 124785.000000
16276.700000 124793.000000
16100.800000 124081.000000
15908.200000 124041.000000
12814.700000 125201.000000
12557.500000 125392.000000
10302.200000 127020.000000
10179.700000 127116.000000
6050.910000 131778.000000
4427.870000 136580.000000
4417.850000 136747.000000
3284.620000 138526.000000
3292.410000 138528.000000
1725.030000 141180.000000
1642.660000 141324.000000
776.592000 142852.000000
18.505800 144399.000000
20.732200 144595.000000
15.166200 147002.000000
11.826600 147416.000000
17.392600 149130.000000
8.487060 151617.000000
11.826600 151935.000000
1358.790000 152701.000000
1343.210000 152980.000000
1288.660000 146654.000000
1289.770000 146291.000000
823.346000 143640.000000
707.573000 143664.000000
112.014000 142364.000000
261.182000 142090.000000
939.118000 142346.000000
1200.720000 142816.000000
1261.940000 148574.000000
1259.720000 148698.000000
1250.810000 154767.000000
1229.660000 155246.000000
614.065000 156304.000000
323.521000 156183.000000
787.723000 155985.000000
1028.170000 155999.000000
1201.830000 156003.000000
1196.270000 156012.000000
1430.040000 155173.000000
1279.760000 155132.000000
1324.280000 153022.000000
1309.810000 153071.000000
1342.090000 152933.000000
1332.080000 152029.000000
834.478000 151011.000000
816.667000 151072.000000
1237.450000 151463.000000
1736.170000 151501.000000
2538.780000 152216.000000
2385.160000 152632.000000
1334.300000 151735.000000
1315.380000 150611.000000
1543.580000 149326.000000
1863.070000 149299.000000
1878.650000 147414.000000
1886.450000 147122.000000
1279.760000 145345.000000
99.769000 145316.000000
-1180.410000 145327.000000
-1261.670000 145007.000000
-362.207000 144154.000000
-612.676000 145267.000000
-1154.800000 146828.000000
-1224.930000 146260.000000
-628.260000 145782.000000
-476.866000 145359.000000
363.596000 143816.000000
631.876000 143139.000000
1050.440000 142471.000000
3755.500000 137546.000000
2252.690000 135538.000000
-2506.220000 134652.000000
-2655.390000 137261.000000
-3607.170000 138984.000000
-2033.110000 139089.000000
-1534.400000 139149.000000
-1283.930000 139410.000000
-1288.390000 139414.000000
-751.825000 140071.000000
1575.870000 141500.000000
2210.390000 142135.000000
2135.800000 142182.000000
980.306000 155132.000000
4838.640000 152706.000000
5731.420000 152724.000000
11284.000000 152479.000000
14234.000000 152093.000000
14234.000000 152098.000000
10932.300000 152312.000000
8118.110000 152503.000000
8040.190000 151677.000000
7897.700000 149437.000000
8780.460000 149560.000000
8782.690000 149647.000000
4605.980000 146265.000000
3201.130000 146979.000000
2128.010000 144553.000000
1339.870000 143453.000000
974.740000 143613.000000
-5200.150000 143604.000000
-5964.920000 143602.000000
-10532.400000 146935.000000
-10516.800000 147939.000000
-12319.000000 149302.000000
-12847.800000 149357.000000
-13466.700000 145980.000000
-13432.200000 145991.000000
-13441.100000 145980.000000
-11228.100000 145699.000000
-10460.000000 145664.000000
-10500.100000 145278.000000
-10608.100000 140022.000000
-9363.500000 139479.000000
-9365.730000 139481.000000
-9341.240000 139474.000000
-9342.350000 139459.000000
-9345.690000 139474.000000
-9334.560000 139472.000000
-9344.580000 139474.000000
-9086.320000 139468.000000
-9233.260000 139372.000000
-15849.000000 139993.000000
-17410.800000 132579.000000
-17842.700000 131942.000000
-19274.300000 126071.000000
-19282.100000 126138.000000
-19999.000000 130698.000000
-20535.500000 131424.000000
-19992.300000 131005.000000
-19657.200000 131201.000000
-17338.400000 132971.000000
-17334.000000 132969.000000
-13963.200000 135600.000000
-13959.900000 135520.000000
-9856.650000 135146.000000
-3636.110000 134828.000000
-3263.190000 134810.000000
-3195.290000 135177.000000
-3307.720000 135520.000000
-4784.930000 137134.000000
-4720.360000 143054.000000
-4993.100000 143057.000000
-6181.990000 139450.000000
-5803.500000 139285.000000
-5271.400000 139278.000000
-5270.280000 139267.000000
-5254.700000 139274.000000
-5240.230000 139276.000000
-5239.110000 139267.000000
-5239.110000 139263.000000
-3060.590000 139147.000000
-2830.160000 139436.000000
-2824.590000 139252.000000
-2830.160000 138862.000000
-692.826000 137444.000000
1671.600000 131969.000000
1669.370000 131985.000000
2106.860000 135382.000000
2141.370000 135418.000000
4062.740000 134483.000000
6865.770000 129812.000000
7195.270000 129640.000000
11723.800000 126521.000000
11733.800000 126508.000000
14110.400000 124270.000000
14613.600000 124415.000000
16219.900000 124842.000000
16208.800000 124847.000000
16207.700000 124851.000000
16215.500000 124842.000000
16216.600000 124842.000000
16214.400000 124840.000000
16215.500000 124847.000000
16213.300000 124847.000000
16098.600000 124108.000000
16105.300000 124108.000000
16113.100000 121394.000000
16127.500000 121567.000000
15782.500000 121351.000000
15695.600000 121336.000000
13026.200000 125081.000000
12815.800000 125225.000000
11701.500000 130186.000000
11500.000000 130208.000000
7600.480000 131905.000000
7462.440000 131918.000000
5203.770000 136589.000000
4898.750000 136609.000000
3030.810000 137259.000000
3027.470000 137263.000000
4417.850000 138501.000000
4402.270000 138475.000000
5205.990000 138492.000000
5213.790000 138481.000000
4925.470000 138479.000000
4732.890000 138481.000000
539.481000 142671.000000
549.500000 142658.000000
538.368000 142660.000000
-161.832000 143557.000000
-1782.640000 145307.000000
-2024.210000 145307.000000
-1901.760000 145321.000000
-1880.600000 145566.000000
-1228.270000 145383.000000
-1238.290000 145802.000000
-1785.980000 148215.000000
-1755.930000 149397.000000
-2329.220000 152672.000000
-1999.720000 152659.000000
-770.749000 153647.000000
-765.183000 153652.000000
-706.184000 152726.000000
-707.297000 152719.000000
-1545.530000 150709.000000
-1429.760000 150457.000000
-2530.710000 152637.000000
-2526.260000 152641.000000
-6340.060000 152846.000000
-10131.600000 152650.000000
-10114.900000 152574.000000
-9536.050000 150660.000000
-11764.700000 149195.000000
-11814.800000 148438.000000
-12568.400000 148774.000000
-12559.500000 149097.000000
-11769.100000 149255.000000
-11536.500000 149424.000000
-10457.800000 150410.000000
-10148.300000 150426.000000
-8550.870000 149266.000000
-8556.430000 149264.000000
-8627.680000 145541.000000
-8632.130000 145410.000000
-7361.980000 144203.000000
-7005.750000 144562.000000
-5664.350000 145419.000000
-5360.450000 145419.000000
-3710.700000 146666.000000
-3697.340000 147080.000000
-3662.830000 148879.000000
-3655.040000 148863.000000
-4615.720000 146846.000000
-4632.420000 146216.000000
-2724.410000 146320.000000
-2447.220000 146396.000000
-2078.750000 146663.000000
-2099.900000 146672.000000
-2046.470000 146694.000000
-2046.470000 146706.000000
-2708.820000 147046.000000
-2722.180000 147476.000000
-3633.890000 150274.000000
-3643.910000 149615.000000
-2628.670000 151230.000000
-2613.090000 151898.000000
-3257.630000 153817.000000
-3452.440000 153654.000000
-4345.220000 151065.000000
-4376.390000 150831.000000
-4621.290000 146679.000000
-4637.990000 145924.000000
-4762.670000 140835.000000
-4728.160000 140565.000000
-4763.780000 135934.000000
-4753.760000 135128.000000
-4528.900000 130963.000000
-4413.120000 130794.000000
-5084.380000 131123.000000
-5095.510000 131259.000000
-4839.480000 134883.000000
-4428.710000 134843.000000
476.029000 136489.000000
844.496000 132267.000000
837.817000 132129.000000
817.780000 132606.000000
1028.170000 132922.000000
2480.890000 135832.000000
4414.510000 138962.000000
4425.640000 139323.000000
4423.420000 138831.000000
4430.100000 138564.000000
6076.510000 139109.000000
6419.380000 139131.000000
5774.840000 140147.000000
5539.950000 140131.000000
4432.320000 138241.000000
4425.640000 137638.000000
4363.310000 134863.000000
3663.110000 133946.000000
3333.600000 133516.000000
1294.230000 132877.000000
757.667000 132906.000000
1029.290000 132886.000000
836.704000 132673.000000
1932.090000 129079.000000
1949.900000 128990.000000
-306.547000 126708.000000
-207.473000 126704.000000
-3239.820000 124974.000000
-3551.510000 124972.000000
-3799.750000 130135.000000
-3789.730000 130192.000000
-2869.120000 132561.000000
-2896.950000 133120.000000
-4742.630000 133447.000000
-4751.530000 134180.000000
-9965.740000 135091.000000
-10522.300000 135095.000000
-12143.100000 139383.000000
-12282.300000 139401.000000
-12411.400000 138831.000000
-12408.100000 138804.000000
-12966.900000 137604.000000
-12949.100000 138421.000000
-12463.700000 140699.000000
-11746.900000 140913.000000
-12175.400000 140296.000000
-10585.800000 141229.000000
-10049.200000 140004.000000
-8713.400000 137809.000000
-8489.640000 138361.000000
-7833.970000 138426.000000
-7877.390000 138515.000000
-7780.540000 138408.000000
-7782.760000 138455.000000
-7850.670000 138448.000000
-7881.840000 138499.000000
-7921.910000 138742.000000
-7921.910000 138726.000000
-7928.590000 138702.000000
-7935.270000 138702.000000
-7919.690000 138708.000000
-7924.140000 138708.000000
-7938.610000 138677.000000
-7939.720000 138699.000000
-8103.360000 138524.000000
-8411.720000 139327.000000
-8153.460000 140485.000000
-7915.230000 140848.000000
-7835.080000 143889.000000
-7924.140000 145267.000000
-8108.930000 148351.000000
-8123.400000 149099.000000
-8185.740000 151788.000000
-8073.310000 151777.000000
-6376.800000 149366.000000
-6045.070000 145595.000000
-5889.220000 145445.000000
-3912.190000 145430.000000
-464.621000 145352.000000
65.260000 145343.000000
2371.800000 144299.000000
2385.160000 144277.000000
2945.100000 142536.000000
2919.490000 142455.000000
376.955000 143800.000000
61.920400 143889.000000
-622.694000 145283.000000
-620.468000 145292.000000
1263.060000 147396.000000
1822.990000 149344.000000
1886.450000 149328.000000
2326.160000 150856.000000
2182.560000 150802.000000
322.408000 149731.000000
294.578000 149564.000000
-2005.280000 149057.000000
-2472.820000 149063.000000
-5644.320000 148903.000000
-5668.810000 148213.000000
-6036.160000 145966.000000
-3574.890000 147006.000000
-3661.720000 146997.000000
-6443.590000 147055.000000
-6562.700000 147064.000000
-2344.810000 147035.000000
-1035.690000 150194.000000
-1645.720000 151036.000000
-1705.830000 150702.000000
-87.247700 142683.000000
255.616000 142050.000000
-914.352000 135318.000000
-642.732000 134496.000000
-937.729000 126238.000000
-2448.330000 123017.000000
-2975.990000 123727.000000
-140.681000 128057.000000
-1270.570000 129950.000000
552.839000 130431.000000
558.405000 130477.000000
16247.800000 124798.000000
16253.300000 124780.000000
16096.400000 124201.000000
15881.500000 122356.000000
16150.900000 121073.000000
15828.100000 121336.000000
15734.600000 121329.000000
14211.700000 123780.000000
12358.300000 125557.000000
10568.300000 126837.000000
8623.500000 128227.000000
6465.020000 131025.000000
5050.150000 133588.000000
4432.320000 134903.000000
3112.070000 133225.000000
2574.400000 131050.000000
1983.290000 133053.000000
2890.550000 135139.000000
3016.340000 135006.000000
2795.930000 132882.000000
3592.970000 129113.000000
5645.710000 132499.000000
9222.400000 127512.000000
13497.100000 124284.000000
15427.300000 120817.000000
15765.800000 114835.000000
15382.800000 114280.000000
15411.800000 115376.000000
15976.200000 119214.000000
15916.000000 121316.000000
15849.300000 121331.000000
15853.700000 121338.000000
15892.700000 122511.000000
16085.200000 124778.000000
16258.900000 124785.000000
20697.200000 124513.000000
21065.700000 124471.000000
20095.000000 115605.000000
20043.800000 114668.000000
20824.100000 106065.000000
21358.500000 106076.000000
22953.700000 103465.000000
23034.900000 103609.000000
22175.500000 106045.000000
20021.500000 106029.000000
19973.600000 106544.000000
19955.800000 111139.000000
20115.000000 116111.000000
20926.500000 120982.000000
20749.500000 124491.000000
16502.700000 124865.000000
16258.900000 124787.000000
16098.600000 124121.000000
15781.300000 121363.000000
15818.100000 119915.000000
16016.200000 119748.000000
16097.500000 121213.000000
15755.700000 120871.000000
16055.200000 120140.000000
15775.800000 117019.000000
15977.300000 119272.000000
1271.960000 144366.000000
1253.040000 154496.000000
1226.320000 155818.000000
1270.850000 152581.000000
-974.464000 152597.000000
-1828.280000 144533.000000
-2168.920000 143444.000000
-3216.440000 143495.000000
-4553.390000 143551.000000
-5893.670000 143589.000000
-6342.290000 143660.000000
-4731.500000 143680.000000
-4709.230000 143700.000000
-4681.400000 143397.000000
-4723.700000 139643.000000
-4737.060000 139405.000000
-1249.420000 139401.000000
1284.210000 143606.000000
2682.380000 144771.000000
2495.360000 146908.000000
2794.810000 147022.000000
3680.920000 146977.000000
3605.220000 146971.000000
3441.580000 147020.000000
3551.790000 147006.000000
4720.640000 144430.000000
5210.450000 144359.000000
-8445.120000 154712.000000
5067.960000 140565.000000
6478.380000 141763.000000
6603.050000 142186.000000
5934.020000 139920.000000
5906.190000 139167.000000
3956.990000 138635.000000
3450.490000 138604.000000
3390.370000 138559.000000
3380.350000 138544.000000
4817.490000 140803.000000
4491.320000 141267.000000
4020.440000 141645.000000
2589.990000 142680.000000
1998.880000 142213.000000
1102.760000 142302.000000
615.178000 143148.000000
140.957000 142634.000000
773.252000 142133.000000
778.818000 142130.000000
1227.440000 142892.000000
1254.150000 149992.000000
1266.400000 153783.000000
-5604.240000 164060.000000
-7079.220000 165153.000000
-7048.060000 164877.000000
-5163.420000 164132.000000
-4081.390000 164143.000000
-3157.440000 162994.000000
-2028.660000 163651.000000
-2030.890000 163655.000000
-1277.250000 164646.000000
-1259.440000 165541.000000
-380.018000 168115.000000
-230.850000 173039.000000
-667.222000 173066.000000
278.993000 172777.000000
502.746000 172607.000000
-347.735000 168649.000000
-349.962000 167700.000000
-171.851000 163635.000000
370.275000 163110.000000
1243.020000 160966.000000
1251.930000 160859.000000
1839.690000 157655.000000
1863.070000 157735.000000
1870.860000 157771.000000
1856.390000 157717.000000
1824.110000 157577.000000
1822.990000 157575.000000
1825.220000 157515.000000
1819.660000 157590.000000
1952.130000 157862.000000
1937.650000 157860.000000
1953.240000 160903.000000
1959.920000 161369.000000
1250.810000 158445.000000
1257.490000 158200.000000
1267.510000 155130.000000
1303.130000 154082.000000
1247.470000 151517.000000
959.156000 151526.000000
862.308000 150401.000000
1175.120000 150205.000000
3014.110000 149402.000000
3137.680000 149072.000000
3637.500000 147004.000000
3703.180000 146962.000000
2502.040000 146982.000000
1913.160000 146973.000000
1319.830000 144577.000000
1319.830000 143580.000000
255.616000 142783.000000
579.556000 143230.000000
1250.810000 146430.000000
1303.130000 147004.000000
5149.220000 146817.000000
5773.720000 146534.000000
5780.400000 146692.000000
5803.780000 146487.000000
7504.740000 147149.000000
7496.950000 147035.000000
7473.570000 143183.000000
7429.040000 142170.000000
7472.460000 143063.000000
9747.830000 145247.000000
10298.900000 145581.000000
10318.900000 145310.000000
10160.800000 145216.000000
6280.230000 146147.000000
5804.890000 146416.000000
3231.190000 146984.000000
2539.890000 146966.000000
893.477000 146999.000000
621.857000 146993.000000
-1237.180000 145953.000000
-1240.520000 145430.000000
36.316900 143943.000000
924.646000 143653.000000
3872.390000 140881.000000
3269.030000 139944.000000
3256.790000 137540.000000
3371.450000 137350.000000
4040.480000 137878.000000
3864.590000 138283.000000
3458.280000 138691.000000
3468.300000 138664.000000
3466.070000 138684.000000
3459.390000 138675.000000
3517.280000 138581.000000
3264.580000 138488.000000
3548.450000 138688.000000
4100.590000 138675.000000
4402.270000 135024.000000
4895.410000 134917.000000
5559.990000 134906.000000
5229.370000 134224.000000
6609.730000 130765.000000
7247.590000 129607.000000
10590.500000 126835.000000
11375.300000 126274.000000
12301.500000 126853.000000
12071.100000 127011.000000
11734.900000 126494.000000
11740.400000 126503.000000
13858.900000 124491.000000
14541.200000 124435.000000
16217.700000 124838.000000
16218.800000 3433360.000000
16216.600000 124860.000000
16217.700000 124865.000000
16215.500000 124842.000000
16221.100000 124842.000000
16226.600000 124834.000000
16216.600000 124840.000000
16214.400000 124840.000000
16221.100000 124838.000000
16205.500000 124851.000000
16212.200000 124842.000000
16222.200000 124860.000000
16218.800000 124860.000000
16213.300000 124840.000000
16211.000000 124836.000000
16208.800000 124849.000000
16207.700000 124847.000000
16217.700000 124842.000000
16216.600000 124840.000000
16216.600000 124813.000000
16217.700000 124809.000000
16079.700000 124773.000000
16094.200000 124475.000000
14940.900000 124277.000000
13639.600000 122184.000000
12419.500000 118032.000000
11894.100000 117736.000000
9176.760000 120171.000000
9034.270000 120263.000000
9020.910000 120249.000000
9020.910000 120252.000000
9026.480000 120245.000000
9016.460000 120247.000000
9019.800000 120238.000000
9009.780000 120243.000000
9015.350000 120234.000000
9023.140000 120249.000000
9038.720000 120243.000000
9014.230000 120258.000000
9023.140000 120247.000000
9016.460000 120254.000000
9125.550000 120227.000000
9019.800000 120254.000000
9009.780000 120234.000000
9014.230000 120238.000000
9026.480000 120254.000000
9019.800000 120249.000000
9010.890000 120247.000000
9016.460000 120247.000000
9024.250000 120249.000000
9018.690000 120249.000000
9027.590000 120238.000000
9024.250000 120243.000000
9026.480000 120254.000000
9030.930000 120252.000000
9022.030000 120240.000000
9029.820000 120243.000000
9026.480000 120252.000000
9025.370000 120252.000000
9022.030000 120238.000000
9020.910000 120229.000000
9015.350000 120252.000000
9012.010000 120249.000000
9030.930000 120254.000000
9027.590000 120258.000000
9022.030000 120254.000000
9018.690000 120243.000000
9024.250000 120247.000000
9022.030000 120252.000000
9024.250000 120256.000000
9023.140000 120256.000000
9017.570000 120245.000000
9017.570000 120220.000000
9018.690000 120252.000000
9016.460000 120263.000000
9018.690000 120281.000000
9025.370000 120265.000000
9015.350000 120252.000000
9017.570000 120261.000000
9001.990000 120263.000000
9010.890000 120245.000000
9013.120000 120261.000000
9016.460000 120243.000000
9015.350000 120258.000000
9003.100000 120269.000000
8990.860000 120283.000000
9026.480000 120243.000000
9023.140000 120254.000000
9014.230000 120263.000000
9006.440000 120287.000000
9018.690000 120247.000000
9019.800000 120249.000000
9018.690000 120209.000000
9026.480000 120209.000000
9022.030000 120236.000000
9020.910000 120236.000000
9022.030000 120243.000000
9018.690000 120263.000000
9016.460000 120227.000000
9019.800000 120232.000000
9015.350000 120243.000000
9016.460000 120245.000000
9013.120000 120252.000000
9016.460000 120249.000000
9007.550000 120240.000000
9014.230000 120249.000000
9015.350000 120258.000000
9017.570000 120254.000000
9014.230000 120254.000000
9017.570000 120261.000000
9010.890000 120265.000000
9015.350000 120261.000000
9013.120000 120263.000000
9015.350000 120258.000000
9017.570000 120263.000000
9017.570000 120258.000000
9019.800000 120245.000000
9009.780000 120252.000000
9017.570000 120252.000000
9010.890000 120261.000000
9015.350000 120252.000000
9019.800000 120243.000000
9017.570000 120240.000000
9012.010000 120272.000000
9008.670000 120269.000000
9024.250000 120240.000000
9024.250000 120245.000000
9018.690000 120238.000000
9024.250000 120245.000000
9029.820000 120236.000000
9030.930000 120247.000000
9020.910000 120267.000000
9017.570000 120252.000000
9017.570000 120247.000000
9018.690000 120245.000000
9018.690000 120247.000000
9032.040000 120252.000000
9028.710000 120238.000000
9019.800000 120223.000000
9016.460000 120218.000000
9017.570000 120234.000000
9015.350000 120236.000000
9010.890000 120225.000000
9009.780000 120227.000000
9013.120000 120238.000000
9009.780000 120243.000000
9019.800000 120240.000000
9023.140000 120238.000000
9025.370000 120232.000000
9012.010000 120243.000000
9006.440000 120245.000000
9020.910000 120249.000000
9022.030000 120252.000000
9019.800000 120261.000000
9018.690000 120256.000000
9020.910000 120256.000000
9013.120000 120249.000000
9016.460000 120249.000000
9016.460000 120254.000000
9023.140000 120249.000000
9012.010000 120254.000000
9010.890000 120249.000000
9015.350000 120254.000000
66019.800000 120254.000000
9017.570000 120247.000000
9001.990000 120256.000000
9000.880000 120254.000000
9026.480000 120256.000000
9024.250000 120252.000000
9009.780000 120254.000000
9007.550000 120254.000000
9019.800000 120249.000000
9012.010000 120261.000000
9271.380000 119651.000000
10091.800000 120056.000000
12035.400000 117843.000000
12693.300000 118210.000000
