6617.530000 150929.000000
5072.410000 150998.000000
-11784.700000 136424.000000
-10768.400000 133853.000000
-10435.500000 127196.000000
-8789.090000 125519.000000
-9435.860000 125713.000000
-9635.120000 125283.000000
-10445.500000 124771.000000
-14155.800000 124172.000000
-14561.000000 124905.000000
-14649.000000 129879.000000
-14931.700000 134612.000000
-14882.700000 136099.000000
-15045.200000 136121.000000
-12563.900000 134106.000000
-12597.300000 133868.000000
-11358.300000 129097.000000
-11376.200000 128872.000000
-12558.400000 133496.000000
-12587.300000 133846.000000
-14267.100000 135262.000000
-12858.900000 133846.000000
-10516.800000 137508.000000
-9426.950000 138971.000000
-10671.500000 137546.000000
-10136.100000 136333.000000
-10143.900000 136348.000000
-10171.700000 136357.000000
-12882.300000 139459.000000
-16352.100000 141093.000000
-16680.500000 140218.000000
-16808.500000 126728.000000
-12222.200000 126034.000000
-11327.200000 125744.000000
-10366.500000 125495.000000
-11163.500000 125635.000000
-9035.110000 131729.000000
-7898.540000 131862.000000
-7000.190000 134420.000000
-7409.840000 136188.000000
-7397.600000 136186.000000
-6120.760000 143139.000000
-5748.960000 143043.000000
-3066.160000 143504.000000
-1700.270000 151508.000000
3243.430000 155159.000000
3385.920000 155157.000000
3084.240000 154665.000000
3092.040000 152623.000000
1759.540000 152601.000000
1469.000000 152532.000000
1307.590000 150816.000000
1188.470000 149279.000000
-1132.540000 149048.000000
-1789.320000 146027.000000
-1604.530000 145804.000000
-638.279000 143718.000000
25.185000 146942.000000
703.121000 147260.000000
-1307.310000 146986.000000
-1494.330000 146968.000000
2105.750000 144508.000000
1556.940000 144001.000000
-1799.340000 144125.000000
-6170.860000 139835.000000
3238.980000 140078.000000
4504.680000 155604.000000
4755.150000 155498.000000
3102.060000 155981.000000
2573.290000 155947.000000
4450.130000 145034.000000
5912.870000 140732.000000
5351.820000 140946.000000
4886.510000 140728.000000
1247.470000 144346.000000
1189.590000 142600.000000
-4039.090000 140449.000000
-4606.820000 143457.000000
-4643.550000 143480.000000
-4214.970000 140982.000000
-4971.950000 140779.000000
-5321.490000 140095.000000
-4688.080000 128316.000000
-2573.010000 109839.000000
-2920.330000 109215.000000
-4011.260000 113613.000000
-4139.280000 117395.000000
-3961.170000 123046.000000
-3126.270000 123936.000000
-11671.200000 138334.000000
-11756.900000 138014.000000
-11751.300000 138025.000000
-11627.700000 137956.000000
-12222.200000 133752.000000
-13005.900000 136409.000000
-14298.300000 139445.000000
-14553.200000 139209.000000
-14546.500000 139973.000000
-14548.800000 139960.000000
-14551.000000 139975.000000
-14531.000000 139897.000000
-14549.900000 140006.000000
-14551.000000 140011.000000
-14553.200000 140013.000000
-14554.300000 140020.000000
-14555.400000 140022.000000
-14548.800000 140071.000000
-14523.200000 140151.000000
-14563.200000 140082.000000
-14567.700000 140009.000000
-14564.300000 140080.000000
-14534.300000 139830.000000
-14553.200000 139982.000000
-14544.300000 139931.000000
-14577.700000 140033.000000
-14514.300000 139862.000000
-14552.100000 139997.000000
-14552.100000 140026.000000
-14548.800000 140018.000000
-14548.800000 140011.000000
-14538.700000 139984.000000
-14544.300000 140000.000000
-14551.000000 140009.000000
-14552.100000 140009.000000
-14551.000000 140009.000000
-14548.800000 140015.000000
-14541.000000 140046.000000
-14547.600000 140038.000000
-14552.100000 140035.000000
-14562.100000 140022.000000
-14555.400000 140055.000000
-14554.300000 139980.000000
-14558.800000 140015.000000
-14544.300000 140062.000000
-14551.000000 140060.000000
-14552.100000 140022.000000
-14553.200000 140031.000000
-14566.600000 140040.000000
-14559.900000 140006.000000
-14558.800000 140064.000000
-14623.300000 140060.000000
-14115.700000 141861.000000
-14087.900000 144001.000000
-2294.710000 143488.000000
9941.530000 126998.000000
15617.700000 119515.000000
15876.000000 114701.000000
15874.900000 114539.000000
15326.000000 114897.000000
13354.600000 117758.000000
13354.600000 117749.000000
13364.600000 117763.000000
13365.700000 117763.000000
13365.700000 117760.000000
11756.000000 117638.000000
11542.300000 116660.000000
11668.100000 116131.000000
11698.100000 116044.000000
11692.600000 116044.000000
7020.500000 119236.000000
1348.770000 119448.000000
-1182.630000 120862.000000
-1774.850000 122578.000000
-2729.970000 123622.000000
-2734.430000 123656.000000
-2731.090000 123671.000000
-2840.180000 123898.000000
-2823.480000 124010.000000
4720.640000 130765.000000
15538.700000 118544.000000
15854.800000 114496.000000
15003.200000 118012.000000
11851.800000 117709.000000
8889.560000 119463.000000
2799.270000 119252.000000
-943.295000 119432.000000
-2643.140000 123707.000000
-2768.930000 123752.000000
-2741.100000 123182.000000
-3627.210000 126216.000000
-4744.860000 131005.000000
-4070.260000 119009.000000
-4235.010000 107401.000000
-2873.570000 106056.000000
-4152.640000 117549.000000
-4052.450000 120007.000000
-3953.370000 123070.000000
-2721.070000 123564.000000
-5711.110000 134817.000000
-7566.800000 134351.000000
-12990.300000 137092.000000
-14346.200000 137535.000000
-16563.600000 137878.000000
-17282.800000 139635.000000
-16366.600000 141166.000000
-15587.400000 146828.000000
-15580.700000 150976.000000
-14365.100000 154222.000000
-14848.200000 154905.000000
-14851.600000 153296.000000
-6600.550000 152879.000000
-2536.280000 152995.000000
-3318.850000 153770.000000
-3616.080000 151630.000000
-4294.010000 151134.000000
-7901.880000 152864.000000
-8202.440000 151267.000000
-8573.130000 147984.000000
-8712.280000 145479.000000
-8763.490000 142631.000000
-9467.030000 141600.000000
-11847.000000 141890.000000
-12306.800000 140100.000000
-11715.700000 137381.000000
-12234.400000 134821.000000
-12235.500000 134830.000000
-12234.400000 134834.000000
-12199.900000 135251.000000
-12491.600000 137629.000000
-12916.800000 138679.000000
-13007.000000 135467.000000
-14231.500000 135075.000000
-8201.330000 137413.000000
-8927.130000 137166.000000
-8927.130000 137134.000000
-7654.750000 134939.000000
-9469.250000 133329.000000
-10741.600000 131989.000000
-6318.910000 139318.000000
-4705.890000 142631.000000
-4239.460000 143604.000000
-1925.130000 148914.000000
-1239.400000 154632.000000
-3220.890000 161179.000000
-4041.320000 163844.000000
-4224.990000 164771.000000
-4014.600000 164172.000000
-4062.470000 162070.000000
-16003.700000 137811.000000
-5560.830000 159699.000000
-4695.870000 162288.000000
-4211.630000 162248.000000
-2166.700000 158053.000000
-2299.170000 158025.000000
-2154.450000 155958.000000
2423.010000 155987.000000
1320.940000 155854.000000
843.383000 153095.000000
-644.958000 152817.000000
-4469.900000 152710.000000
-5028.720000 152752.000000
-7195.000000 152891.000000
-11716.800000 152797.000000
-13785.100000 152837.000000
-15531.700000 152269.000000
-15566.200000 146832.000000
-15415.900000 143090.000000
-14274.900000 137546.000000
-11670.000000 137475.000000
-11676.700000 137468.000000
-11810.300000 137417.000000
-12953.600000 138484.000000
-12971.400000 136584.000000
-12031.800000 130359.000000
-11840.400000 129625.000000
-9530.480000 131956.000000
-9136.410000 131947.000000
-9433.630000 133630.000000
-11464.100000 135166.000000
-11487.500000 135164.000000
-14649.000000 136137.000000
-14847.100000 134000.000000
-12687.500000 133797.000000
-11804.700000 135309.000000
-4641.330000 134841.000000
491.614000 129605.000000
3628.600000 120456.000000
6977.090000 119230.000000
11619.100000 117838.000000
11685.900000 116153.000000
11664.800000 116135.000000
11669.200000 116142.000000
11671.400000 116151.000000
11668.100000 116146.000000
11669.200000 116144.000000
11670.300000 116142.000000
11665.900000 116131.000000
11667.000000 116139.000000
11669.200000 116139.000000
11670.300000 116137.000000
11671.400000 116137.000000
11670.300000 116142.000000
11670.300000 116139.000000
11670.300000 116137.000000
11671.400000 116139.000000
11671.400000 116137.000000
11670.300000 116139.000000
11670.300000 116142.000000
11670.300000 116144.000000
11690.400000 116195.000000
11664.800000 116142.000000
11669.200000 116146.000000
11667.000000 116142.000000
11670.300000 116148.000000
11663.600000 116139.000000
11664.800000 116139.000000
11665.900000 116139.000000
11664.800000 116135.000000
11665.900000 116137.000000
11646.900000 116075.000000
11662.500000 116124.000000
11632.500000 116097.000000
11653.600000 116119.000000
11661.400000 116128.000000
11660.300000 116128.000000
11663.600000 116131.000000
11665.900000 116133.000000
11659.200000 116126.000000
10056.200000 120140.000000
7431.270000 122823.000000
6139.960000 127000.000000
4809.700000 130054.000000
3152.150000 131510.000000
2863.830000 131789.000000
2545.460000 132523.000000
2569.950000 132555.000000
2587.760000 132550.000000
-3449.100000 134721.000000
-5571.960000 139283.000000
-5337.070000 139479.000000
-4696.990000 143146.000000
-4674.720000 141587.000000
-4685.860000 139254.000000
-4592.350000 140628.000000
-5091.060000 140554.000000
-1986.360000 142660.000000
-1981.910000 142725.000000
-2573.010000 143428.000000
-1739.230000 150185.000000
-117.304000 152641.000000
786.610000 152679.000000
-404.508000 153091.000000
-408.961000 153084.000000
-1647.950000 152614.000000
-5817.980000 152779.000000
-10398.800000 151833.000000
-9819.910000 139459.000000
-9441.420000 138441.000000
-9429.180000 136391.000000
-9563.880000 136288.000000
-9549.400000 136302.000000
-9552.740000 136299.000000
-9553.860000 136297.000000
-10149.400000 136326.000000
-10177.200000 136344.000000
-12590.700000 133757.000000
-10863.000000 131038.000000
-10894.100000 129478.000000
-10809.500000 134082.000000
-10593.600000 141959.000000
-10595.800000 145094.000000
-12787.700000 145995.000000
-11011.000000 147282.000000
-10558.000000 149092.000000
-14348.400000 149217.000000
-18921.400000 142976.000000
-18427.100000 142867.000000
-12880.100000 133439.000000
-12543.900000 134489.000000
-12503.800000 134409.000000
-12579.500000 134576.000000
-12561.700000 134556.000000
-12510.500000 134521.000000
-12528.300000 134454.000000
-12553.900000 134532.000000
-12516.100000 134552.000000
-12508.300000 134501.000000
-12527.200000 134532.000000
-12530.500000 134529.000000
-12535.000000 134541.000000
-12530.500000 134532.000000
-12528.300000 134529.000000
-12527.200000 134527.000000
-12525.000000 134525.000000
-12521.600000 134527.000000
-12553.900000 134334.000000
-10519.000000 147320.000000
-10505.600000 146499.000000
-13070.400000 143266.000000
-12438.100000 147249.000000
-12348.000000 146080.000000
-13017.000000 146020.000000
-13434.500000 145866.000000
-13448.900000 145911.000000
-4674.720000 143346.000000
-4614.610000 143059.000000
-4707.010000 142972.000000
-4675.840000 142832.000000
-4563.400000 141850.000000
-4544.480000 143511.000000
-4443.180000 141329.000000
-4733.720000 138457.000000
-4363.030000 138655.000000
-4643.550000 143462.000000
-4644.670000 143457.000000
-4630.200000 143451.000000
-4648.010000 143455.000000
-4148.180000 139225.000000
-10515.700000 143310.000000
-10491.200000 144622.000000
-11025.500000 145532.000000
-13398.800000 145862.000000
-14417.400000 139243.000000
-13333.200000 137535.000000
-12450.400000 137773.000000
-11963.900000 135436.000000
-10741.600000 136978.000000
-10146.100000 136331.000000
-11290.400000 138154.000000
-11327.200000 138138.000000
-8943.830000 138274.000000
-9414.710000 138553.000000
-12208.800000 139410.000000
-13250.800000 139441.000000
-14020.000000 139468.000000
-14032.200000 139468.000000
-17959.600000 131613.000000
-19174.100000 128883.000000
-19078.400000 129050.000000
-16914.300000 132849.000000
-15139.900000 136981.000000
-14948.400000 136970.000000
-14886.100000 136978.000000
-15095.300000 141126.000000
-14189.200000 140490.000000
-13758.400000 139590.000000
-13731.700000 139574.000000
-9414.710000 137353.000000
-9402.460000 137134.000000
-10867.400000 132653.000000
-10559.100000 135229.000000
-9423.610000 136348.000000
-9429.180000 136346.000000
-9421.390000 137373.000000
-12831.100000 141518.000000
-12737.600000 141162.000000
-15761.000000 141327.000000
-15304.600000 148244.000000
-14139.100000 148093.000000
-14110.200000 148231.000000
-13511.300000 146051.000000
-7957.540000 135160.000000
-13243.000000 119639.000000
-11648.900000 117344.000000
-12945.800000 119321.000000
-13340.900000 122393.000000
-13249.700000 122669.000000
-10889.700000 131931.000000
-11742.400000 132875.000000
-10829.600000 133588.000000
-10783.900000 137399.000000
-11062.200000 138789.000000
-13846.300000 139470.000000
-13870.800000 139247.000000
-10762.800000 134759.000000
-10593.600000 129431.000000
-11284.900000 130838.000000
-11272.600000 131230.000000
-8273.680000 136598.000000
-8412.830000 137784.000000
-8501.890000 138199.000000
-11335.000000 143335.000000
-11431.800000 143406.000000
-18559.600000 153977.000000
-15551.800000 149756.000000
-13830.800000 147360.000000
-12403.600000 146047.000000
-14034.500000 142700.000000
-2991.570000 134705.000000
10094.000000 120047.000000
11673.700000 116075.000000
11674.800000 116073.000000
698.668000 147650.000000
11673.700000 116079.000000
11674.800000 116079.000000
11673.700000 116079.000000
11660.300000 116037.000000
11672.500000 116062.000000
11672.500000 116066.000000
11673.700000 116066.000000
11672.500000 116066.000000
11671.400000 116075.000000
11670.300000 116075.000000
11679.200000 116113.000000
11671.400000 116091.000000
11663.600000 116062.000000
11667.000000 116077.000000
11668.100000 116079.000000
11670.300000 116077.000000
11670.300000 116075.000000
11681.400000 116091.000000
11677.000000 116068.000000
11679.200000 116075.000000
11678.100000 116075.000000
11680.300000 116077.000000
11678.100000 116079.000000
11678.100000 116082.000000
11677.000000 116082.000000
11678.100000 116084.000000
11677.000000 116084.000000
11675.900000 116079.000000
11674.800000 116079.000000
11675.900000 116068.000000
10148.600000 119969.000000
4974.450000 119252.000000
158.768000 118718.000000
-1879.490000 122140.000000
-4275.090000 133601.000000
-5452.850000 134794.000000
-8149.010000 133906.000000
-4732.610000 132773.000000
-4784.930000 131132.000000
-5488.470000 134656.000000
-7444.350000 134367.000000
-8701.150000 132452.000000
-6750.830000 142571.000000
-6304.440000 142814.000000
-8628.790000 132624.000000
-6302.210000 142792.000000
-7970.890000 141563.000000
-9924.550000 140632.000000
-14347.300000 152995.000000
-15552.900000 149900.000000
-15585.100000 144009.000000
-15152.100000 143092.000000
-15127.600000 152888.000000
-14358.400000 154585.000000
-14853.800000 152968.000000
-15570.700000 146245.000000
-14484.200000 141834.000000
-14509.800000 140603.000000
-14551.000000 140619.000000
-14552.100000 140610.000000
-14204.800000 140999.000000
-14323.900000 140133.000000
-15886.800000 139568.000000
-15863.400000 140710.000000
-10329.800000 140218.000000
-10308.600000 140062.000000
-10296.400000 140046.000000
-9049.580000 139372.000000
-10473.400000 139323.000000
-10684.900000 141389.000000
-17282.800000 143511.000000
-15581.800000 153202.000000
-14547.600000 155179.000000
-13500.100000 153988.000000
-12936.900000 148358.000000
-13442.200000 146552.000000
-12755.400000 152899.000000
-4577.880000 152759.000000
-2590.820000 153345.000000
-3578.230000 152808.000000
-4337.430000 150217.000000
-4620.180000 146501.000000
-4699.210000 141184.000000
-3593.810000 139214.000000
-3672.850000 135636.000000
-4306.260000 132577.000000
-3627.210000 132125.000000
-6348.970000 134999.000000
-7112.620000 135389.000000
-4320.730000 134850.000000
20.732200 132368.000000
3459.390000 122725.000000
6076.510000 119185.000000
10026.100000 120007.000000
11674.800000 116070.000000
11672.500000 116117.000000
11677.000000 116128.000000
12039.900000 113615.000000
14509.000000 105985.000000
24858.300000 106439.000000
31279.200000 104925.000000
38541.700000 99405.900000
44856.900000 98172.500000
52994.300000 98145.800000
61554.800000 100924.000000
65278.400000 100216.000000
67361.200000 94503.400000
67282.200000 93897.900000
67283.300000 93895.600000
67283.300000 93900.100000
67284.400000 93895.600000
67285.500000 93897.900000
67284.400000 93895.600000
67285.500000 93897.900000
67284.400000 93897.900000
67285.500000 93897.900000
67284.400000 93895.600000
67285.500000 93897.900000
67328.900000 93871.100000
67278.900000 93913.400000
67276.600000 93891.200000
67276.600000 93893.400000
67280.000000 93895.600000
67283.300000 93884.500000
67285.500000 93884.500000
67285.500000 93886.700000
67286.600000 93884.500000
67286.600000 93886.700000
67287.800000 93886.700000
67286.600000 93886.700000
67285.500000 93886.700000
67290.000000 93880.000000
67290.000000 93877.800000
67287.800000 93875.600000
67284.400000 93875.600000
67274.400000 93900.100000
67274.400000 93893.400000
67274.400000 93888.900000
67276.600000 93888.900000
67277.700000 93886.700000
67276.600000 93884.500000
67277.700000 93888.900000
67275.500000 93893.400000
67286.600000 93893.400000
67285.500000 93897.900000
67284.400000 93893.400000
67283.300000 93897.900000
67280.000000 93902.300000
67280.000000 93900.100000
67282.200000 93902.300000
67282.200000 93900.100000
67282.200000 93902.300000
67283.300000 93900.100000
67294.400000 93888.900000
67290.000000 93893.400000
67268.800000 93888.900000
67273.300000 93895.600000
67274.400000 93893.400000
67276.600000 93893.400000
67277.700000 93888.900000
67277.700000 93891.200000
67278.900000 93891.200000
67275.500000 93864.500000
67276.600000 93864.500000
67275.500000 93864.500000
67276.600000 93871.100000
67277.700000 93871.100000
67283.300000 93902.300000
67281.100000 93902.300000
67285.500000 93900.100000
67286.600000 93897.900000
67286.600000 93900.100000
67285.500000 93895.600000
67284.400000 93895.600000
67282.200000 93891.200000
67283.300000 93891.200000
67283.300000 93884.500000
67282.200000 93884.500000
67283.300000 93884.500000
67282.200000 93864.500000
67283.300000 93868.900000
67285.500000 93946.800000
67283.300000 93949.100000
67283.300000 93931.200000
67284.400000 93917.900000
67285.500000 93911.200000
67286.600000 93911.200000
67286.600000 93906.800000
67301.100000 93915.700000
67297.800000 93909.000000
67293.300000 93906.800000
67291.100000 93900.100000
67291.100000 93893.400000
67290.000000 93891.200000
67287.800000 93891.200000
67288.900000 93893.400000
67366.800000 94309.700000
67354.600000 99544.000000
66402.800000 99771.100000
67406.900000 97978.800000
67290.000000 93891.200000
67290.000000 93888.900000
67287.800000 93886.700000
67287.800000 93888.900000
67283.300000 93886.700000
67283.300000 93888.900000
67284.400000 93895.600000
67287.800000 93893.400000
67286.600000 93895.600000
67284.400000 93895.600000
67285.500000 93897.900000
67285.500000 93900.100000
67284.400000 93902.300000
67282.200000 93902.300000
67282.200000 93904.500000
67272.200000 93906.800000
67268.800000 93902.300000
67275.500000 93835.500000
67310.000000 93886.700000
67304.500000 93891.200000
67301.100000 93891.200000
67297.800000 93886.700000
67295.600000 93886.700000
67293.300000 93886.700000
67291.100000 93891.200000
67292.200000 93897.900000
67291.100000 93902.300000
67290.000000 93902.300000
67290.000000 93897.900000
67278.900000 93873.400000
67277.700000 93873.400000
67278.900000 93873.400000
67278.900000 93875.600000
67281.100000 93871.100000
67277.700000 93873.400000
67278.900000 93882.300000
67277.700000 93886.700000
67280.000000 93888.900000
67290.000000 93951.300000
67286.600000 93902.300000
67285.500000 93897.900000
67283.300000 93904.500000
67282.200000 93904.500000
67283.300000 93902.300000
67282.200000 93904.500000
67282.200000 93900.100000
67284.400000 93895.600000
67283.300000 93895.600000
67284.400000 93897.900000
67284.400000 93895.600000
67281.100000 93895.600000
67281.100000 93897.900000
67280.000000 93897.900000
67280.000000 93900.100000
67282.200000 93884.500000
67288.900000 93882.300000
67288.900000 93884.500000
67292.200000 93884.500000
67293.300000 93882.300000
67281.100000 93840.000000
67297.800000 93873.400000
67296.700000 93866.700000
67291.100000 93868.900000
67293.300000 93866.700000
67292.200000 93866.700000
67292.200000 93871.100000
67242.100000 93793.200000
67294.400000 93933.500000
67287.800000 93920.100000
67283.300000 93915.700000
67282.200000 93909.000000
67278.900000 93902.300000
67278.900000 93900.100000
67278.900000 93904.500000
67280.000000 93904.500000
67263.300000 93837.700000
67269.900000 93873.400000
67272.200000 93882.300000
67273.300000 93884.500000
67275.500000 93882.300000
67278.900000 93886.700000
67278.900000 93888.900000
67280.000000 93891.200000
67282.200000 93891.200000
67290.000000 93884.500000
67303.300000 93880.000000
67303.300000 93886.700000
67294.400000 93895.600000
67293.300000 93895.600000
67294.400000 93897.900000
67267.700000 93931.200000
67281.100000 93924.600000
67285.500000 93915.700000
67288.900000 93913.400000
67291.100000 93911.200000
67294.400000 93909.000000
67257.700000 93913.400000
67261.000000 93911.200000
67292.200000 93909.000000
67295.600000 93909.000000
67294.400000 93906.800000
67294.400000 93909.000000
67293.300000 93911.200000
67291.100000 93913.400000
67290.000000 93909.000000
67291.100000 93904.500000
67293.300000 93900.100000
67292.200000 93902.300000
67293.300000 93906.800000
67293.300000 93902.300000
67291.100000 93902.300000
67290.000000 93904.500000
67288.900000 93902.300000
67287.800000 93906.800000
67315.600000 93815.500000
67328.900000 93768.700000
67314.500000 93813.200000
67310.000000 93833.300000
67305.600000 93844.400000
67304.500000 93853.300000
67300.000000 93862.200000
67298.900000 93866.700000
67297.800000 93871.100000
67296.700000 93873.400000
67268.800000 93897.900000
67374.600000 95231.500000
67409.100000 98239.300000
71950.900000 99924.700000
73688.600000 97785.100000
74027.000000 97520.200000
74039.300000 97462.300000
74038.200000 97575.800000
74044.900000 97471.200000
74043.700000 97511.300000
74070.500000 97880.900000
73686.400000 97785.100000
73674.200000 97778.400000
73684.200000 97767.300000
73686.400000 97765.100000
73684.200000 97765.100000
73683.100000 97765.100000
73682.000000 97760.600000
73569.500000 100043.000000
73843.400000 101049.000000
71873.000000 101049.000000
67419.100000 99060.800000
69566.500000 95485.300000
67306.700000 93915.700000
67293.300000 93900.100000
67293.300000 93895.600000
67324.500000 94009.200000
67285.500000 93886.700000
67285.500000 93853.300000
67284.400000 93851.100000
67276.600000 93888.900000
67276.600000 93895.600000
67294.400000 93911.200000
67274.400000 93897.900000
67276.600000 93891.200000
67280.000000 93884.500000
67278.900000 93891.200000
67277.700000 93891.200000
67277.700000 93893.400000
67280.000000 93893.400000
67274.400000 93886.700000
67276.600000 93900.100000
67278.900000 93902.300000
67275.500000 93909.000000
67877.800000 94129.400000
67287.800000 93911.200000
67277.700000 93900.100000
67278.900000 93902.300000
67271.100000 93902.300000
67269.900000 93900.100000
67271.100000 93888.900000
67272.200000 93891.200000
67275.500000 93891.200000
67276.600000 93891.200000
67278.900000 93893.400000
67287.800000 93848.900000
67290.000000 93855.500000
67291.100000 93860.000000
67280.000000 93895.600000
67283.300000 93897.900000
67284.400000 93897.900000
67283.300000 93895.600000
67284.400000 93895.600000
67283.300000 93895.600000
67283.300000 93891.200000
67282.200000 93891.200000
67282.200000 93893.400000
67284.400000 93895.600000
67284.400000 93897.900000
67297.800000 93886.700000
67308.900000 93893.400000
67297.800000 93884.500000
67296.700000 93895.600000
67294.400000 93897.900000
67297.800000 93893.400000
67296.700000 93897.900000
67295.600000 93891.200000
67293.300000 93891.200000
67292.200000 93893.400000
67291.100000 93895.600000
67259.900000 93788.800000
67285.500000 93875.600000
67288.900000 93882.300000
67287.800000 93891.200000
67286.600000 93893.400000
67285.500000 93893.400000
67286.600000 93888.900000
67285.500000 93884.500000
67284.400000 93884.500000
67284.400000 93886.700000
67284.400000 93888.900000
67278.900000 93888.900000
67281.100000 93893.400000
67284.400000 93891.200000
67285.500000 93886.700000
67284.400000 93886.700000
67284.400000 93895.600000
67283.300000 93893.400000
67283.300000 93895.600000
67282.200000 93895.600000
67262.200000 93926.800000
67271.100000 93924.600000
67272.200000 93926.800000
67268.800000 93924.600000
67271.100000 93922.300000
67271.100000 93920.100000
67242.100000 93946.800000
67262.200000 93942.400000
67263.300000 93933.500000
67267.700000 93937.900000
67271.100000 93933.500000
67272.200000 93929.000000
67274.400000 93929.000000
67288.900000 93917.900000
67287.800000 93904.500000
67266.600000 93909.000000
67268.800000 93909.000000
67271.100000 93906.800000
67274.400000 93897.900000
67273.300000 93895.600000
68041.400000 95244.800000
69757.900000 95578.800000
69754.600000 95592.100000
69756.800000 95592.100000
69651.100000 95761.300000
68869.600000 99871.300000
63831.300000 100450.000000
62749.300000 110268.000000
62125.900000 120615.000000
62079.100000 120523.000000
61210.800000 120080.000000
61211.900000 120062.000000
61210.800000 120062.000000
61210.800000 120065.000000
61376.700000 120323.000000
61218.600000 120085.000000
61219.700000 120076.000000
61217.500000 120065.000000
61215.300000 120062.000000
61217.500000 120053.000000
61217.500000 120051.000000
61213.100000 120071.000000
61213.100000 120074.000000
61214.200000 120074.000000
61209.700000 120051.000000
62226.100000 116919.000000
63438.300000 104869.000000
69159.000000 99893.500000
69412.800000 95280.400000
67293.300000 93893.400000
68993.200000 99884.600000
71236.300000 104375.000000
70169.800000 106838.000000
70237.700000 106822.000000
70236.600000 106820.000000
70237.700000 106824.000000
70238.800000 106826.000000
70237.700000 106824.000000
70238.800000 106824.000000
70309.000000 106544.000000
70172.000000 106038.000000
70167.600000 106032.000000
70243.300000 106862.000000
70223.300000 106824.000000
70221.000000 106824.000000
