73450.400000 99593.000000
73451.500000 99593.000000
73457.100000 99608.500000
73457.100000 99601.900000
73452.600000 99599.600000
73457.100000 99588.500000
73461.500000 99561.800000
73462.700000 99588.500000
73458.200000 99575.100000
73451.500000 99490.500000
73447.100000 99566.200000
73448.200000 99570.700000
73452.600000 99575.100000
73576.200000 99383.700000
68328.600000 89961.600000
67740.800000 87203.100000
67743.100000 87200.900000
67744.200000 87196.400000
67744.200000 87200.900000
67741.900000 87200.900000
67741.900000 87207.500000
67740.800000 87209.800000
67739.700000 87207.500000
67740.800000 87207.500000
67740.800000 87203.100000
67741.900000 87203.100000
67741.900000 87198.600000
67741.900000 87196.400000
67740.800000 87200.900000
67740.800000 87196.400000
67740.800000 87194.200000
67737.500000 87200.900000
67738.600000 87200.900000
63992.700000 88950.800000
63652.100000 100475.000000
51819.900000 98045.600000
35905.700000 100553.000000
23681.700000 106150.000000
12454.000000 108639.000000
8113.660000 126681.000000
6969.290000 129518.000000
6972.630000 129520.000000
6423.830000 130573.000000
2602.230000 139552.000000
1190.700000 142144.000000
-1129.200000 163646.000000
-2868.010000 163847.000000
-4365.260000 164817.000000
680.857000 158192.000000
2451.950000 162157.000000
3048.620000 158091.000000
3070.890000 156767.000000
4293.170000 141997.000000
14129.400000 123366.000000
15642.200000 119817.000000
15487.500000 114292.000000
15387.300000 115768.000000
15877.100000 117983.000000
15911.600000 119846.000000
11955.300000 125851.000000
4403.380000 134834.000000
3463.840000 139570.000000
3447.150000 139610.000000
684.196000 153576.000000
-3395.660000 152675.000000
-9450.330000 152403.000000
-9571.670000 153265.000000
-9676.310000 151535.000000
-9280.010000 152127.000000
-10067.000000 150640.000000
-15719.800000 152813.000000
-16441.200000 152806.000000
-15943.600000 151604.000000
-12774.300000 151886.000000
-10972.100000 152403.000000
-10913.100000 152396.000000
-9989.120000 151239.000000
-13450.000000 152844.000000
-16410.000000 152815.000000
-16466.800000 152523.000000
-17283.900000 139710.000000
-17276.100000 139396.000000
-18863.500000 140754.000000
-18930.300000 140093.000000
-18680.900000 139770.000000
-18490.600000 141162.000000
-18014.100000 141480.000000
678.630000 141975.000000
-16.003200 152298.000000
37.430100 152483.000000
-96.153300 152608.000000
18.505800 152387.000000
2378.480000 147712.000000
1532.450000 148215.000000
1487.920000 148235.000000
1307.590000 147972.000000
1310.930000 147574.000000
5607.860000 132365.000000
15518.600000 118415.000000
15851.500000 114421.000000
15790.300000 116899.000000
15774.700000 116903.000000
13514.900000 124753.000000
6323.640000 131301.000000
4401.150000 137301.000000
5745.890000 138078.000000
5876.140000 137528.000000
1506.850000 134552.000000
-205.246000 133272.000000
-3678.410000 133334.000000
-4789.380000 133833.000000
-7148.240000 135396.000000
-5122.230000 134906.000000
-4800.510000 135004.000000
-6196.460000 139546.000000
-8137.870000 143631.000000
-10541.300000 145986.000000
-10447.800000 149972.000000
-11701.200000 154957.000000
-12162.100000 156215.000000
-12113.100000 155734.000000
-11956.100000 156034.000000
-11958.400000 156005.000000
-11918.300000 153407.000000
-11869.300000 153106.000000
-10708.200000 151412.000000
-11282.600000 155173.000000
-11988.400000 157000.000000
-12252.200000 157221.000000
-11967.300000 156925.000000
-11990.600000 154821.000000
-10944.200000 153336.000000
-10531.200000 154732.000000
-10730.500000 155375.000000
-9693.010000 155351.000000
-8334.910000 156925.000000
-7156.040000 159205.000000
-7613.560000 158915.000000
-7477.750000 158272.000000
-6694.060000 157577.000000
-5019.810000 152801.000000
-4078.050000 155135.000000
-6213.160000 152810.000000
-7904.100000 152855.000000
-8309.310000 152031.000000
-8346.040000 152036.000000
-10457.800000 149275.000000
-10005.800000 143867.000000
-8698.920000 144107.000000
-8685.570000 144212.000000
-8540.850000 150537.000000
-8491.870000 151797.000000
-8447.340000 155266.000000
-8751.240000 155999.000000
-9345.690000 155195.000000
-8440.660000 153240.000000
-8437.320000 153191.000000
-6000.540000 149348.000000
-4383.070000 149103.000000
-4723.700000 140801.000000
-3709.580000 132508.000000
-4088.070000 122445.000000
-5417.220000 121723.000000
-4633.540000 130150.000000
-4773.800000 133888.000000
-5421.680000 137653.000000
-5417.220000 137680.000000
-4767.120000 139298.000000
1871.980000 147941.000000
2239.330000 147761.000000
1996.650000 142133.000000
4240.850000 138651.000000
5067.960000 138521.000000
4393.360000 135449.000000
4381.120000 134409.000000
4380.000000 134407.000000
6903.620000 129576.000000
6902.500000 129578.000000
6903.620000 129582.000000
6902.500000 129582.000000
6900.280000 129585.000000
6901.390000 129589.000000
6901.390000 129585.000000
6901.390000 129587.000000
6902.500000 129585.000000
6902.500000 129587.000000
6901.390000 129585.000000
6900.280000 129585.000000
6885.810000 129631.000000
1485.700000 139603.000000
-233.076000 141447.000000
-1626.800000 152499.000000
-2246.850000 153383.000000
-3531.470000 152768.000000
-4206.070000 149117.000000
4457.930000 153249.000000
5165.920000 152757.000000
1761.770000 152690.000000
2890.550000 151512.000000
2877.190000 158991.000000
-1285.050000 161024.000000
-8889.280000 158229.000000
-10232.900000 158254.000000
-8643.260000 156909.000000
-7418.750000 156874.000000
-11144.600000 156586.000000
-14329.500000 155088.000000
-14346.200000 153055.000000
-9113.030000 153650.000000
-9087.430000 154022.000000
-9691.890000 152519.000000
-8062.180000 151172.000000
-6286.630000 148856.000000
-6262.140000 144192.000000
-4847.270000 142805.000000
-3894.370000 140042.000000
-3567.090000 139517.000000
1517.980000 141625.000000
1821.880000 141300.000000
-1375.210000 139151.000000
-2849.080000 138083.000000
-2461.690000 132138.000000
-2914.760000 135703.000000
-3108.460000 140701.000000
-4910.720000 140710.000000
-4044.660000 140109.000000
304.597000 139412.000000
816.667000 139655.000000
-563.695000 140258.000000
-5054.320000 134472.000000
-3119.590000 134781.000000
-2901.400000 135073.000000
648.574000 141903.000000
208.862000 148119.000000
-2.644890 149184.000000
1916.500000 149377.000000
6124.380000 148765.000000
4377.780000 157406.000000
2192.580000 159743.000000
2194.800000 159732.000000
2195.920000 159705.000000
2199.250000 159672.000000
2211.500000 159679.000000
2192.580000 159701.000000
2188.120000 159661.000000
2183.670000 159654.000000
2212.610000 159734.000000
2222.630000 159743.000000
2201.480000 159737.000000
2237.100000 159859.000000
129.825000 159859.000000
-589.299000 160487.000000
-595.978000 160387.000000
-3499.190000 154255.000000
-3850.960000 154289.000000
-4863.970000 153772.000000
-4836.140000 153242.000000
-3337.780000 149099.000000
-3253.170000 147821.000000
-3705.130000 145414.000000
-4602.370000 143682.000000
-2028.660000 144604.000000
-4694.760000 143005.000000
-1669.100000 141146.000000
-1565.570000 142362.000000
-1558.890000 142364.000000
-531.412000 144704.000000
-3648.360000 145408.000000
-5361.570000 145425.000000
-6029.480000 146474.000000
-8224.700000 147211.000000
-10385.400000 147291.000000
-10766.100000 147284.000000
-7787.220000 143362.000000
-6994.620000 142872.000000
-6686.270000 142903.000000
-6687.380000 142910.000000
-6694.060000 142919.000000
-6666.230000 142923.000000
-6680.700000 142903.000000
-6681.810000 142898.000000
-6298.880000 143003.000000
-6292.200000 143713.000000
-4515.540000 149112.000000
-4592.350000 151254.000000
-4196.050000 151043.000000
-4285.110000 152376.000000
-7875.160000 142516.000000
-7862.910000 142237.000000
-12755.400000 141636.000000
-13045.900000 141661.000000
-14022.200000 141454.000000
-10614.700000 141598.000000
-8750.130000 143150.000000
-6258.800000 145243.000000
-4358.580000 151094.000000
-8809.130000 152919.000000
-15578.500000 147080.000000
-14943.900000 142324.000000
-11998.400000 141614.000000
-7839.540000 143664.000000
2031.160000 140821.000000
4498.000000 134180.000000
6896.940000 129596.000000
6895.820000 129596.000000
6896.940000 129589.000000
6900.280000 129589.000000
6902.500000 129585.000000
-518223.000000 2198290.000000
6904.730000 129587.000000
6902.500000 129587.000000
3605.220000 138984.000000
3116.530000 152610.000000
2839.340000 151926.000000
1359.910000 151490.000000
2312.800000 147728.000000
10045.100000 152423.000000
21040.100000 154097.000000
21426.400000 156012.000000
20087.200000 153017.000000
14114.900000 152174.000000
13527.100000 154075.000000
12201.300000 150896.000000
11953.100000 150922.000000
-5301.450000 141652.000000
-3845.390000 141808.000000
750.988000 142077.000000
1375.490000 147040.000000
3505.030000 146690.000000
3263.470000 145722.000000
3676.460000 146421.000000
3186.660000 147596.000000
3061.980000 152599.000000
4234.170000 154518.000000
3166.620000 154413.000000
1312.040000 154111.000000
1132.810000 153135.000000
-215.265000 140739.000000
-6643.970000 136121.000000
-6679.590000 136126.000000
-17536.600000 136181.000000
-21645.400000 148905.000000
-26118.200000 148983.000000
-14010.000000 152837.000000
-6294.420000 152857.000000
-250.887000 152637.000000
1254.150000 158276.000000
4426.760000 153249.000000
4363.310000 136629.000000
4670.550000 134113.000000
14689.300000 122097.000000
15454.100000 108202.000000
26183.000000 106357.000000
40149.200000 99094.200000
54625.200000 98341.700000
68374.200000 99773.300000
74879.800000 100040.000000
73550.600000 107314.000000
73541.700000 107332.000000
73538.400000 107345.000000
73542.800000 107345.000000
73545.000000 107347.000000
73546.100000 107345.000000
73547.300000 107343.000000
73129.800000 105315.000000
64866.600000 100223.000000
48815.400000 98114.600000
33635.900000 102915.000000
19071.900000 105987.000000
11164.900000 118727.000000
4214.140000 134761.000000
4416.740000 138020.000000
4433.440000 137735.000000
5513.240000 138477.000000
4437.890000 137669.000000
7204.180000 137606.000000
4444.570000 137629.000000
9217.950000 137453.000000
4535.850000 138466.000000
1839.690000 132831.000000
1771.790000 132860.000000
1122.800000 134627.000000
1819.660000 132688.000000
1840.810000 132835.000000
-235.303000 143609.000000
-827.522000 154983.000000
-1956.300000 155141.000000
-2552.970000 154447.000000
-3648.360000 151038.000000
-3670.620000 148146.000000
-3569.320000 145405.000000
-2948.160000 145379.000000
-2911.420000 145396.000000
-446.810000 152677.000000
5623.440000 163196.000000
4425.640000 152960.000000
4386.680000 142438.000000
4947.730000 140400.000000
1762.880000 131143.000000
4799.680000 133612.000000
6898.050000 129576.000000
6893.600000 129578.000000
6893.600000 129580.000000
6893.600000 129578.000000
5656.840000 131844.000000
-295.415000 141585.000000
-516.941000 141999.000000
-2810.120000 139548.000000
-2825.710000 139163.000000
-11614.400000 141549.000000
-11563.200000 141612.000000
1856.390000 139174.000000
15078.900000 121512.000000
16008.400000 114670.000000
13329.000000 117607.000000
13378.000000 116204.000000
15427.300000 118248.000000
15451.800000 118361.000000
15453.000000 118364.000000
15380.600000 117515.000000
15379.500000 117524.000000
15371.700000 117535.000000
15329.400000 117150.000000
15336.100000 117057.000000
15338.300000 117057.000000
15340.500000 117052.000000
15342.700000 117050.000000
15274.800000 116106.000000
15273.700000 116102.000000
15268.200000 116024.000000
15505.300000 115040.000000
15952.800000 114744.000000
6025.310000 131562.000000
3261.240000 152666.000000
-1857.230000 153340.000000
-1873.930000 153376.000000
1387.740000 159828.000000
2197.030000 159781.000000
2174.760000 159739.000000
2223.740000 159708.000000
2164.750000 159904.000000
2197.030000 159761.000000
2201.480000 159734.000000
-9304.500000 144056.000000
-12612.900000 139510.000000
-10526.800000 147478.000000
-14671.200000 155199.000000
-14525.400000 155210.000000
-8366.080000 155473.000000
-8390.570000 155048.000000
-3579.340000 154284.000000
-750.712000 143486.000000
6283.570000 130823.000000
11947.500000 114777.000000
20529.100000 106061.000000
36284.200000 100368.000000
56233.700000 98542.100000
65259.500000 88674.700000
67746.400000 87212.000000
67743.100000 87209.800000
67738.600000 87214.200000
67737.500000 87216.500000
67740.800000 87261.000000
67739.700000 87258.800000
67738.600000 87209.800000
67739.700000 87216.500000
67738.600000 87216.500000
67737.500000 87212.000000
67746.400000 87243.200000
67738.600000 87220.900000
67737.500000 87216.500000
67739.700000 87216.500000
67726.400000 87232.000000
67735.300000 87218.700000
67738.600000 87212.000000
67737.500000 87209.800000
67736.400000 87212.000000
67738.600000 87205.300000
67737.500000 87205.300000
67726.400000 87232.000000
67729.700000 87269.900000
67728.600000 87269.900000
67736.400000 87214.200000
67734.200000 87209.800000
67734.200000 87214.200000
67730.800000 87171.900000
67735.300000 87214.200000
67730.800000 87307.700000
67731.900000 87194.200000
67729.700000 87220.900000
67734.200000 87209.800000
67739.700000 87209.800000
67737.500000 87214.200000
67736.400000 87218.700000
67728.600000 87214.200000
67726.400000 87216.500000
67727.500000 87216.500000
67728.600000 87216.500000
67727.500000 87212.000000
67721.900000 87180.800000
67725.200000 87198.600000
65363.000000 88665.800000
59095.800000 99697.600000
41999.300000 98778.100000
27015.700000 105310.000000
12556.400000 107739.000000
8358.560000 125962.000000
1450.070000 139659.000000
-2866.900000 138085.000000
-2865.780000 138085.000000
-2813.460000 140247.000000
-8075.530000 139350.000000
-17585.600000 132045.000000
-16191.800000 158483.000000
62131.400000 100884.000000
67404.600000 88514.400000
67745.300000 87238.700000
66436.200000 85381.900000
66527.400000 77582.900000
66528.600000 77574.000000
66527.400000 77569.500000
66525.200000 77569.500000
66524.100000 77571.700000
66523.000000 77574.000000
66521.900000 77576.200000
67261.000000 86548.500000
67735.300000 87200.900000
67736.400000 87194.200000
67738.600000 87220.900000
67738.600000 87218.700000
67738.600000 87220.900000
67739.700000 87220.900000
67738.600000 87214.200000
67739.700000 87212.000000
67738.600000 87212.000000
67736.400000 87245.400000
67739.700000 87276.600000
67743.100000 87269.900000
67744.200000 87261.000000
67743.100000 87249.900000
67741.900000 87243.200000
67739.700000 87234.300000
67738.600000 87229.800000
67738.600000 87227.600000
67738.600000 87225.400000
67734.200000 87225.400000
67738.600000 87220.900000
67740.800000 87216.500000
67745.300000 87187.500000
67741.900000 87227.600000
67745.300000 87209.800000
67744.200000 87212.000000
67739.700000 87214.200000
67739.700000 87216.500000
67738.600000 87216.500000
67738.600000 87218.700000
67774.200000 87187.500000
67736.400000 87207.500000
67727.500000 87194.200000
67731.900000 87205.300000
67731.900000 87209.800000
67743.100000 87229.800000
67743.100000 87225.400000
67741.900000 87236.500000
67731.900000 87218.700000
67721.900000 87252.100000
67726.400000 87243.200000
67733.000000 87238.700000
67734.200000 87236.500000
67733.000000 87236.500000
67731.900000 87227.600000
67731.900000 87223.100000
67744.200000 87205.300000
67740.800000 87212.000000
67720.800000 87296.600000
67735.300000 87225.400000
67736.400000 87223.100000
67733.000000 87223.100000
67730.800000 87218.700000
67731.900000 87214.200000
67737.500000 87243.200000
67734.200000 87234.300000
67733.000000 87154.100000
67731.900000 87169.700000
67739.700000 87254.300000
67729.700000 87227.600000
72289.300000 96175.400000
74762.900000 97869.700000
74539.100000 98032.300000
71024.800000 94875.200000
67738.600000 87187.500000
67737.500000 87189.700000
67737.500000 87187.500000
67734.200000 87189.700000
67734.200000 87198.600000
67747.500000 87305.500000
67743.100000 87267.700000
67740.800000 87247.600000
67733.000000 87205.300000
67730.800000 87209.800000
67730.800000 87216.500000
67731.900000 87218.700000
67733.000000 87216.500000
67733.000000 87218.700000
67734.200000 87216.500000
67736.400000 87216.500000
70853.300000 93929.000000
73387.000000 99793.300000
75384.000000 99811.100000
73636.300000 89641.000000
67769.800000 87198.600000
67729.700000 87223.100000
