3.30009e+07 1.11494e+07 3.30031e+07 1.11471e+07
3.30031e+07 1.11471e+07 3.30012e+07 1.11374e+07
3.30012e+07 1.11374e+07 3.29955e+07 1.11393e+07
3.29955e+07 1.11393e+07 3.30005e+07 1.11511e+07
3.30005e+07 1.11511e+07 3.30031e+07 1.11512e+07
3.30031e+07 1.11512e+07 3.30052e+07 1.11407e+07
3.30052e+07 1.11407e+07 3.29998e+07 1.11436e+07
3.29998e+07 1.11436e+07 3.30024e+07 1.11378e+07
3.30024e+07 1.11378e+07 3.30043e+07 1.11506e+07
3.30043e+07 1.11506e+07 3.30055e+07 1.11527e+07
3.30055e+07 1.11527e+07 3.30146e+07 1.11222e+07
3.30146e+07 1.11222e+07 3.30161e+07 1.11213e+07
3.30161e+07 1.11213e+07 3.30006e+07 1.11413e+07
3.30006e+07 1.11413e+07 3.30051e+07 1.11528e+07
3.30051e+07 1.11528e+07 3.3028e+07 1.1165e+07
3.3028e+07 1.1165e+07 3.3028e+07 1.1165e+07
3.3028e+07 1.1165e+07 3.3028e+07 1.1165e+07
3.3028e+07 1.1165e+07 3.3028e+07 1.1165e+07
3.3028e+07 1.1165e+07 3.3028e+07 1.1165e+07
3.3028e+07 1.1165e+07 3.3028e+07 1.1165e+07
3.3028e+07 1.1165e+07 3.3028e+07 1.1165e+07
3.3028e+07 1.1165e+07 3.3028e+07 1.1165e+07
3.3028e+07 1.1165e+07 3.3028e+07 1.11649e+07
3.3028e+07 1.11649e+07 3.30279e+07 1.11649e+07
3.30279e+07 1.11649e+07 3.3028e+07 1.11649e+07
3.3028e+07 1.11649e+07 3.3028e+07 1.1165e+07
3.3028e+07 1.1165e+07 3.3028e+07 1.1165e+07
3.3028e+07 1.1165e+07 3.3028e+07 1.1165e+07
3.3028e+07 1.1165e+07 3.3028e+07 1.1165e+07
3.3028e+07 1.1165e+07 3.3028e+07 1.1165e+07
3.3028e+07 1.1165e+07 3.3028e+07 1.1165e+07
3.3028e+07 1.1165e+07 3.3028e+07 1.11651e+07
3.3028e+07 1.11651e+07 3.3028e+07 1.1165e+07
3.3028e+07 1.1165e+07 3.3028e+07 1.1165e+07
3.3028e+07 1.1165e+07 3.3028e+07 1.1165e+07
3.3028e+07 1.1165e+07 3.30268e+07 1.11608e+07
3.30268e+07 1.11608e+07 3.30211e+07 1.1154e+07
3.30211e+07 1.1154e+07 3.29992e+07 1.11547e+07
3.29992e+07 1.11547e+07 3.29884e+07 1.1155e+07
3.29884e+07 1.1155e+07 3.3028e+07 1.1165e+07
3.3028e+07 1.1165e+07 3.29887e+07 1.11563e+07
3.29887e+07 1.11563e+07 3.29895e+07 1.11523e+07
3.29895e+07 1.11523e+07 3.29957e+07 1.11523e+07
3.29957e+07 1.11523e+07 3.29979e+07 1.11491e+07
3.29979e+07 1.11491e+07 3.30013e+07 1.11579e+07
3.30013e+07 1.11579e+07 3.30006e+07 1.11493e+07
3.30006e+07 1.11493e+07 3.30009e+07 1.11494e+07
3.30009e+07 1.11494e+07 3.30009e+07 1.11494e+07
3.30009e+07 1.11494e+07 3.30009e+07 1.11494e+07
3.30009e+07 1.11494e+07 3.30009e+07 1.115e+07
3.30009e+07 1.115e+07 3.29935e+07 1.11494e+07
3.29935e+07 1.11494e+07 3.29832e+07 1.11491e+07
3.29832e+07 1.11491e+07 3.29804e+07 1.11515e+07
3.29804e+07 1.11515e+07 3.29814e+07 1.11528e+07
3.29814e+07 1.11528e+07 3.29852e+07 1.11492e+07
3.29852e+07 1.11492e+07 3.29895e+07 1.11541e+07
3.29895e+07 1.11541e+07 3.2989e+07 1.11615e+07
3.2989e+07 1.11615e+07 3.29895e+07 1.11614e+07
3.29895e+07 1.11614e+07 3.29863e+07 1.11551e+07
3.29863e+07 1.11551e+07 3.29844e+07 1.1147e+07
3.29844e+07 1.1147e+07 3.29883e+07 1.11338e+07
3.29883e+07 1.11338e+07 3.29892e+07 1.11407e+07
3.29892e+07 1.11407e+07 3.29895e+07 1.11452e+07
3.29895e+07 1.11452e+07 3.29983e+07 1.11504e+07
3.29983e+07 1.11504e+07 3.29972e+07 1.11609e+07
3.29972e+07 1.11609e+07 3.30095e+07 1.11613e+07
3.30095e+07 1.11613e+07 3.3028e+07 1.1165e+07
3.3028e+07 1.1165e+07 3.3028e+07 1.1165e+07
3.3028e+07 1.1165e+07 3.3028e+07 1.1165e+07
3.3028e+07 1.1165e+07 3.3028e+07 1.1165e+07
3.3028e+07 1.1165e+07 3.3028e+07 1.1165e+07
3.3028e+07 1.1165e+07 3.3028e+07 1.1165e+07
3.3028e+07 1.1165e+07 3.3028e+07 1.1165e+07
3.3028e+07 1.1165e+07 3.3028e+07 1.11649e+07
3.3028e+07 1.11649e+07 3.3028e+07 1.11649e+07
3.3028e+07 1.11649e+07 3.3028e+07 1.11649e+07
3.3028e+07 1.11649e+07 3.3028e+07 1.1165e+07
3.3028e+07 1.1165e+07 3.3028e+07 1.1165e+07
3.3028e+07 1.1165e+07 3.3028e+07 1.1165e+07
3.3028e+07 1.1165e+07 3.3028e+07 1.1165e+07
3.3028e+07 1.1165e+07 3.3028e+07 1.11649e+07
3.3028e+07 1.11649e+07 3.3028e+07 1.11648e+07
3.3028e+07 1.11648e+07 3.3028e+07 1.11649e+07
3.3028e+07 1.11649e+07 3.30279e+07 1.11649e+07
3.30279e+07 1.11649e+07 3.3028e+07 1.11649e+07
3.3028e+07 1.11649e+07 3.3028e+07 1.1165e+07
3.3028e+07 1.1165e+07 3.3028e+07 1.1165e+07
3.3028e+07 1.1165e+07 3.3028e+07 1.1165e+07
3.3028e+07 1.1165e+07 3.3028e+07 1.1165e+07
3.3028e+07 1.1165e+07 3.3028e+07 1.11651e+07
3.3028e+07 1.11651e+07 3.3028e+07 1.1165e+07
3.3028e+07 1.1165e+07 3.3028e+07 1.11649e+07
3.3028e+07 1.11649e+07 3.3028e+07 1.11649e+07
3.3028e+07 1.11649e+07 3.30232e+07 1.11541e+07
3.30232e+07 1.11541e+07 3.30232e+07 1.11541e+07
3.30232e+07 1.11541e+07 3.30273e+07 1.11617e+07
3.30273e+07 1.11617e+07 3.30278e+07 1.11648e+07
3.30278e+07 1.11648e+07 3.3023e+07 1.11565e+07
3.3023e+07 1.11565e+07 3.30136e+07 1.11522e+07
3.30136e+07 1.11522e+07 3.29848e+07 1.11622e+07
3.29848e+07 1.11622e+07 3.30012e+07 1.11499e+07
3.30012e+07 1.11499e+07 3.30009e+07 1.11495e+07
3.30009e+07 1.11495e+07 3.29968e+07 1.1156e+07
3.29968e+07 1.1156e+07 3.29915e+07 1.11577e+07
3.29915e+07 1.11577e+07 3.29965e+07 1.11562e+07
3.29965e+07 1.11562e+07 3.29958e+07 1.11527e+07
3.29958e+07 1.11527e+07 3.29891e+07 1.11531e+07
3.29891e+07 1.11531e+07 3.29914e+07 1.11569e+07
3.29914e+07 1.11569e+07 3.29964e+07 1.11543e+07
3.29964e+07 1.11543e+07 3.29963e+07 1.11542e+07
3.29963e+07 1.11542e+07 3.29992e+07 1.11544e+07
3.29992e+07 1.11544e+07 3.30161e+07 1.11212e+07
3.30161e+07 1.11212e+07 3.30155e+07 1.11457e+07
3.30155e+07 1.11457e+07 3.30225e+07 1.11562e+07
3.30225e+07 1.11562e+07 3.30275e+07 1.11623e+07
3.30275e+07 1.11623e+07 3.3028e+07 1.1165e+07
3.3028e+07 1.1165e+07 3.3028e+07 1.1165e+07
3.3028e+07 1.1165e+07 3.3028e+07 1.1165e+07
3.3028e+07 1.1165e+07 3.3028e+07 1.1165e+07
3.3028e+07 1.1165e+07 3.3028e+07 1.1165e+07
3.3028e+07 1.1165e+07 3.3028e+07 1.1165e+07
3.3028e+07 1.1165e+07 3.3028e+07 1.11649e+07
3.3028e+07 1.11649e+07 3.3028e+07 1.11649e+07
3.3028e+07 1.11649e+07 3.3028e+07 1.1165e+07
3.3028e+07 1.1165e+07 3.30232e+07 1.11541e+07
3.30232e+07 1.11541e+07 3.30232e+07 1.11541e+07
3.30232e+07 1.11541e+07 3.30232e+07 1.1154e+07
3.30232e+07 1.1154e+07 3.30232e+07 1.11541e+07
3.30232e+07 1.11541e+07 3.30233e+07 1.11541e+07
3.30233e+07 1.11541e+07 3.30233e+07 1.1154e+07
3.30233e+07 1.1154e+07 3.30278e+07 1.11648e+07
3.30278e+07 1.11648e+07 3.3028e+07 1.1165e+07
3.3028e+07 1.1165e+07 3.3028e+07 1.1165e+07
3.3028e+07 1.1165e+07 3.3028e+07 1.1165e+07
3.3028e+07 1.1165e+07 3.30243e+07 1.1158e+07
3.30243e+07 1.1158e+07 3.30218e+07 1.11529e+07
3.30218e+07 1.11529e+07 3.30192e+07 1.1153e+07
3.30192e+07 1.1153e+07 3.30013e+07 1.11493e+07
3.30013e+07 1.11493e+07 3.29977e+07 1.1139e+07
3.29977e+07 1.1139e+07 3.29892e+07 1.11575e+07
3.29892e+07 1.11575e+07 3.29929e+07 1.11642e+07
3.29929e+07 1.11642e+07 3.2998e+07 1.11639e+07
3.2998e+07 1.11639e+07 3.30013e+07 1.1153e+07
3.30013e+07 1.1153e+07 3.30009e+07 1.11495e+07
3.30009e+07 1.11495e+07 3.30009e+07 1.11495e+07
3.30009e+07 1.11495e+07 3.29996e+07 1.11513e+07
3.29996e+07 1.11513e+07 3.29977e+07 1.11527e+07
3.29977e+07 1.11527e+07 3.30087e+07 1.11507e+07
3.30087e+07 1.11507e+07 3.30167e+07 1.11513e+07
3.30167e+07 1.11513e+07 3.30251e+07 1.11592e+07
3.30251e+07 1.11592e+07 3.3028e+07 1.11649e+07
3.3028e+07 1.11649e+07 3.3028e+07 1.1165e+07
3.3028e+07 1.1165e+07 3.3028e+07 1.1165e+07
3.3028e+07 1.1165e+07 3.3028e+07 1.1165e+07
3.3028e+07 1.1165e+07 3.3028e+07 1.1165e+07
3.3028e+07 1.1165e+07 3.3028e+07 1.1165e+07
3.3028e+07 1.1165e+07 3.3028e+07 1.1165e+07
3.3028e+07 1.1165e+07 3.30279e+07 1.11641e+07
3.30279e+07 1.11641e+07 3.30226e+07 1.11574e+07
3.30226e+07 1.11574e+07 3.30112e+07 1.11523e+07
3.30112e+07 1.11523e+07 3.2998e+07 1.11659e+07
3.2998e+07 1.11659e+07 3.30025e+07 1.11609e+07
3.30025e+07 1.11609e+07 3.29976e+07 1.11526e+07
3.29976e+07 1.11526e+07 3.29994e+07 1.11493e+07
3.29994e+07 1.11493e+07 3.30011e+07 1.11494e+07
3.30011e+07 1.11494e+07 3.29927e+07 1.11547e+07
3.29927e+07 1.11547e+07 3.29972e+07 1.11581e+07
3.29972e+07 1.11581e+07 3.30006e+07 1.1156e+07
3.30006e+07 1.1156e+07 3.30105e+07 1.11508e+07
3.30105e+07 1.11508e+07 3.30189e+07 1.11514e+07
3.30189e+07 1.11514e+07 3.30235e+07 1.11567e+07
3.30235e+07 1.11567e+07 3.3028e+07 1.1165e+07
3.3028e+07 1.1165e+07 3.3028e+07 1.11649e+07
3.3028e+07 1.11649e+07 3.3028e+07 1.1165e+07
3.3028e+07 1.1165e+07 3.3028e+07 1.1165e+07
3.3028e+07 1.1165e+07 3.3028e+07 1.1165e+07
3.3028e+07 1.1165e+07 3.30279e+07 1.11649e+07
3.30279e+07 1.11649e+07 3.30279e+07 1.11649e+07
3.30279e+07 1.11649e+07 3.3028e+07 1.1165e+07
3.3028e+07 1.1165e+07 3.3028e+07 1.1165e+07
3.3028e+07 1.1165e+07 3.30076e+07 1.11528e+07
3.30076e+07 1.11528e+07 3.29976e+07 1.11527e+07
3.29976e+07 1.11527e+07 3.30003e+07 1.11629e+07
3.30003e+07 1.11629e+07 3.30003e+07 1.11629e+07
3.30003e+07 1.11629e+07 3.30024e+07 1.1156e+07
3.30024e+07 1.1156e+07 3.30006e+07 1.11599e+07
3.30006e+07 1.11599e+07 3.30009e+07 1.11609e+07
3.30009e+07 1.11609e+07 3.30012e+07 1.11606e+07
3.30012e+07 1.11606e+07 3.30269e+07 1.11609e+07
3.30269e+07 1.11609e+07 3.3028e+07 1.1165e+07
3.3028e+07 1.1165e+07 3.3028e+07 1.1165e+07
3.3028e+07 1.1165e+07 3.3028e+07 1.1165e+07
3.3028e+07 1.1165e+07 3.3028e+07 1.11649e+07
3.3028e+07 1.11649e+07 3.3028e+07 1.11649e+07
3.3028e+07 1.11649e+07 3.3028e+07 1.1165e+07
3.3028e+07 1.1165e+07 3.3028e+07 1.11649e+07
3.3028e+07 1.11649e+07 3.3028e+07 1.1165e+07
3.3028e+07 1.1165e+07 3.30278e+07 1.11649e+07
3.30278e+07 1.11649e+07 3.30224e+07 1.11561e+07
3.30224e+07 1.11561e+07 3.30196e+07 1.11529e+07
3.30196e+07 1.11529e+07 3.29968e+07 1.11613e+07
3.29968e+07 1.11613e+07 3.29929e+07 1.11568e+07
3.29929e+07 1.11568e+07 3.29893e+07 1.11569e+07
3.29893e+07 1.11569e+07 3.29815e+07 1.11409e+07
3.29815e+07 1.11409e+07 3.29888e+07 1.11395e+07
3.29888e+07 1.11395e+07 3.29871e+07 1.11339e+07
3.29871e+07 1.11339e+07 3.29891e+07 1.11394e+07
