-12411.4 133808.0
-13034.8 135284.0
-13472.3 135338.0
-13892.0 136440.0
-13933.2 136925.0
-13056.0 137511.0
-12692.0 137488.0
-11274.9 137526.0
-10877.4 137495.0
-10268.5 136453.0
-9966.85 136342.0
-9943.48 137444.0
-12820.0 137448.0
-13864.1 137499.0
-14872.7 137228.0
-14832.6 137366.0
-15499.4 137010.0
-15255.6 135516.0
-7606.88 135017.0
-6682.93 134981.0
-3691.77 135836.0
-3673.96 136582.0
-3584.91 139906.0
-4670.27 141364.0
-4676.95 141367.0
-4653.57 145394.0
-4627.97 146755.0
-4605.71 147636.0
-5189.02 148627.0
-5191.25 148611.0
-6562.7 149417.0
-6996.85 149506.0
-8085.55 151276.0
-8374.98 151245.0
-9521.57 151383.0
-9704.14 151187.0
-10049.2 150804.0
-10422.1 150359.0
-10772.8 149257.0
-12785.5 149388.0
-13657.1 149284.0
-15379.2 149141.0
-17902.8 149095.0
-20627.9 148640.0
-20641.3 148607.0
-19827.5 149103.0
-18431.6 149095.0
-19070.6 148618.0
-19066.1 149090.0
-17377.4 149143.0
-13927.6 149286.0
-12931.3 149388.0
-11872.6 149357.0
-10084.9 149248.0
-9531.59 150885.0
-8726.75 151308.0
-8697.81 151922.0
-9557.2 151388.0
-9957.95 151401.0
-10033.6 151439.0
-10077.1 151871.0
-9911.19 152260.0
-9910.08 152258.0
-9705.25 152367.0
-9681.87 152824.0
-9691.89 153763.0
-9689.67 154249.0
-9934.57 154349.0
-10326.4 154131.0
-10431.1 152443.0
-10408.8 151412.0
-10442.2 150096.0
-10471.1 148498.0
-9408.03 144159.0
-6715.21 143635.0
-4407.56 143606.0
-2548.52 143484.0
2567.72 137896.0
5576.69 132459.0
8351.88 128137.0
11964.2 125644.0
14385.4 122765.0
15552.0 118809.0
15870.4 114410.0
15265.9 114318.0
15263.7 116171.0
15392.8 117827.0
14346.4 117887.0
13374.6 118199.0
13677.4 118373.0
13555.0 118355.0
13433.6 118332.0
13389.1 118263.0
13263.3 117199.0
13196.5 116680.0
13396.9 116315.0
13630.7 116275.0
13687.4 115901.0
13600.6 115863.0
13601.7 115866.0
13375.7 116135.0
13166.5 116369.0
13311.2 117607.0
15427.3 118190.0
15410.7 117836.0
15319.4 116698.0
15277.1 116122.0
15241.4 115765.0
15180.2 114962.0
15404.0 115347.0
15920.5 114799.0
15407.3 117117.0
15014.4 121530.0
11767.2 125715.0
7510.31 128943.0
4612.66 134147.0
2405.2 138063.0
-469.074 135280.0
-3865.43 134754.0
-4326.29 134051.0
-3996.79 134472.0
-10464.5 144098.0
-10471.1 149077.0
-10433.3 150588.0
-10418.8 154197.0
-10414.4 154306.0
-15394.8 155126.0
-19609.3 157092.0
-19596.0 157339.0
-23872.9 165347.0
-26712.6 173184.0
-26834.0 173378.0
-32632.6 183955.0
-32742.8 184194.0
-33733.6 188270.0
-33736.9 188197.0
-33591.1 188136.0
-34168.8 187918.0
-30915.0 181003.0
-22430.2 162932.0
-15822.3 158205.0
-16467.9 153204.0
-16464.6 153171.0
-16463.5 152850.0
-15558.4 150851.0
-15009.6 149217.0
-10824.0 149486.0
-11240.3 150392.0
-12344.6 150669.0
-13416.6 152078.0
-14384.0 152501.0
-14388.5 152583.0
-14376.2 154378.0
-15746.6 155110.0
-16482.4 153781.0
-16477.9 153204.0
-16480.2 153209.0
-15567.3 149952.0
-15579.6 146585.0
-10671.5 139481.0
-10678.2 137477.0
-10604.7 136377.0
-9420.27 137321.0
-10658.1 137446.0
-10787.3 139989.0
-10495.6 143522.0
-10576.9 144971.0
-10553.5 146666.0
-10554.6 147115.0
-10476.7 149949.0
-10450.0 152392.0
-9940.14 153131.0
-9685.21 153901.0
-9684.1 154516.0
-10455.5 154200.0
-11131.3 154244.0
-11931.6 154977.0
-16474.6 154812.0
-16476.8 154605.0
-16475.7 153193.0
-16469.0 153175.0
-16467.9 153093.0
-16229.7 152826.0
-14994.0 155155.0
-13867.5 155168.0
-11821.4 156789.0
-12343.5 156718.0
-14408.5 156128.0
-14359.5 156713.0
-17634.5 159129.0
-18757.8 159608.0
-20596.8 154431.0
-20645.7 153124.0
-20643.5 153848.0
-20650.2 156762.0
-20218.3 156822.0
-19415.7 158706.0
-19424.6 158274.0
-19554.8 157203.0
-17247.1 155809.0
-16431.2 155104.0
-16475.7 153801.0
-16465.7 153211.0
-16455.7 153182.0
-16459.0 153180.0
-16474.6 154213.0
-16622.6 155135.0
-19626.0 156455.0
-20190.4 156800.0
-20639.1 155306.0
-20637.9 154547.0
-18625.3 155159.0
-16956.6 155153.0
-14563.2 155195.0
-13984.4 155117.0
-14236.0 155101.0
-16470.1 155097.0
-16469.0 153639.0
-16463.5 153187.0
-16464.6 153191.0
-14034.5 152853.0
-12717.6 152879.0
-7168.28 152915.0
-6519.29 153013.0
-6456.95 149379.0
-6295.54 149117.0
-6524.85 149373.0
-7623.58 149457.0
-7807.25 147235.0
-7816.16 147178.0
-10473.4 145626.0
-14625.6 145715.0
-16051.6 144722.0
-18507.3 143321.0
-18764.4 143161.0
-18420.5 143348.0
-17958.5 143845.0
-18036.4 143911.0
-18021.9 144742.0
-17259.4 145414.0
-17106.9 149569.0
-17265.0 150896.0
-17277.2 152374.0
-17263.8 152530.0
-17014.5 152830.0
-16469.0 153175.0
-16476.8 153209.0
-15685.3 152855.0
-14843.8 153256.0
-14842.6 152091.0
-16766.2 151615.0
-17253.8 152082.0
-18328.1 152245.0
-19129.6 152826.0
-20634.6 152695.0
-20546.7 152701.0
-20632.4 151699.0
-20627.9 150802.0
-20986.4 149034.0
-21939.3 148700.0
-22247.6 146879.0
-21964.9 148373.0
-21939.3 150546.0
-21940.4 151746.0
-21081.0 152859.0
-20693.6 152846.0
-19656.1 152839.0
-18839.0 152842.0
-17858.3 152833.0
-17532.1 152839.0
-17283.9 152833.0
-16430.1 152839.0
-14346.2 154364.0
-14355.1 154943.0
-16480.2 154830.0
-16827.5 155190.0
-12851.1 155155.0
-10901.9 154992.0
-8544.19 154596.0
-7626.92 154538.0
-6117.42 154494.0
-5666.58 154485.0
-5649.88 153216.0
-4956.36 152797.0
-2692.12 152719.0
-2613.09 153160.0
-3243.16 154046.0
-3361.15 154180.0
-4089.18 154251.0
-4745.97 154300.0
-5498.49 154418.0
-5763.43 154471.0
-7347.5 155090.0
-7309.66 156424.0
-7310.77 156791.0
-6983.49 159596.0
-6943.42 161932.0
-7003.53 164120.0
-6736.36 164203.0
-5755.64 164112.0
-5614.26 161244.0
-5770.11 160803.0
-6981.26 159349.0
-7003.53 158350.0
-7638.05 158708.0
-7593.52 159153.0
-8172.38 159274.0
-8357.17 159285.0
-9776.5 159389.0
-10139.4 158770.0
-10433.3 158214.0
-11037.7 159476.0
-11190.3 159487.0
-12921.3 161571.0
-13152.8 161573.0
-16000.4 161818.0
-17335.1 161921.0
-18050.9 159271.0
-18633.1 159436.0
-19283.2 159781.0
-23001.3 163359.0
-23653.6 164650.0
-24124.5 165550.0
-24204.6 165623.0
-24603.1 166080.0
-24737.8 166251.0
-26324.1 167126.0
-26638.1 168081.0
-27627.7 176130.0
-28519.4 179712.0
-33512.0 185621.0
-34340.3 186769.0
-33738.0 188254.0
-33585.5 188157.0
-33775.9 186110.0
-33547.7 185741.0
-27558.7 175626.0
-27497.4 175005.0
-25325.6 166772.0
-25031.7 166601.0
-19253.1 160122.0
-15540.6 157372.0
-15532.8 157230.0
-16473.5 153892.0
-16466.8 153196.0
-16465.7 153171.0
-14731.3 152839.0
-14569.9 152844.0
-11023.3 152906.0
-6866.6 152886.0
-6669.57 152879.0
-4487.71 152759.0
-4298.46 154135.0
-4314.05 154275.0
-6004.99 154487.0
-7360.86 154099.0
-7374.22 153612.0
-9103.01 153986.0
-9174.26 154583.0
-17026.7 158873.0
-16553.6 158851.0
-14340.6 156894.0
-13830.8 156762.0
-9868.89 156896.0
-9668.52 156911.0
-9665.18 155576.0
-10422.1 156417.0
-11292.7 156829.0
-13637.1 156682.0
-13824.1 156056.0
-14824.8 157290.0
-15785.5 158125.0
-18591.9 162880.0
-18535.1 166104.0
-17734.7 167542.0
-17690.2 167522.0
-18665.4 166405.0
-19032.7 165902.0
-18299.1 166151.0
-17495.4 165579.0
-17360.7 163018.0
-17339.5 162215.0
-15834.5 161197.0
-16223.0 161222.0
-17307.3 160142.0
-17316.2 160304.0
-17266.1 160667.0
-17258.3 160641.0
-17281.7 160095.0
-17262.7 156867.0
-17377.4 156796.0
-18414.9 156918.0
-18451.6 156936.0
-17590.0 156813.0
-17310.6 156829.0
-16892.0 157455.0
-17220.4 157432.0
-17249.4 156934.0
-16373.3 155090.0
-16475.7 154618.0
-16463.5 153218.0
-16467.9 152897.0
-15592.9 155217.0
-15842.3 155215.0
-11333.9 155026.0
-11254.8 155155.0
-10401.0 153505.0
-10305.3 153302.0
-9691.89 154476.0
-11276.0 158924.0
-11271.5 160460.0
-5279.19 160794.0
-4389.75 160732.0
-3188.61 162061.0
-3272.1 158189.0
-4223.88 156210.0
-7213.92 156847.0
-7238.41 156842.0
-7597.97 159202.0
-7722.65 159225.0
-8361.63 159274.0
-10127.2 159363.0
-10139.4 158833.0
-10785.1 157147.0
-10790.6 156931.0
-11362.8 155208.0
-11204.7 154703.0
-11361.7 155393.0
-11321.6 155963.0
-9027.32 161246.0
-8507.45 161206.0
-8792.43 165378.0
-8624.34 161774.0
-8436.21 158494.0
-8436.21 158136.0
-9428.07 156882.0
-9527.14 156882.0
-10805.1 156074.0
-11426.3 154349.0
-10851.8 154057.0
-10428.8 152550.0
-10433.3 149987.0
-10492.3 147547.0
-10063.7 144524.0
-7741.58 143834.0
-7830.63 143569.0
-8090.01 141574.0
-9359.05 141612.0
-9875.57 142669.0
-10198.4 143237.0
-10547.9 144827.0
-11163.5 146300.0
-11203.6 147195.0
-11893.8 148244.0
-12874.5 148231.0
-14231.5 148253.0
-14626.7 148244.0
-15390.3 149108.0
-16532.5 149135.0
-17158.1 150310.0
-17046.8 145868.0
-15975.9 144822.0
-15639.7 142818.0
-16427.8 138239.0
-15539.5 137615.0
-15459.4 137526.0
-15984.8 138156.0
-16420.0 140358.0
-16009.3 141534.0
-15744.3 141785.0
-15663.1 143297.0
-15616.3 146327.0
-16520.2 147224.0
-16570.3 147411.0
-17147.0 148999.0
-17133.6 150197.0
-16472.4 151877.0
-16472.4 152269.0
-17200.4 152801.0
-18423.8 152775.0
-19512.5 151065.0
-20965.2 150531.0
-21932.6 150533.0
-23082.5 149575.0
-23506.6 148983.0
-24447.3 147340.0
-25477.0 147106.0
-27237.0 146973.0
-27883.7 147416.0
-28111.9 147674.0
-28098.6 148945.0
-28337.9 149446.0
-29344.2 151092.0
-29845.2 151272.0
-29335.3 152817.0
-28075.2 152850.0
-26645.9 153819.0
-26667.0 155404.0
-26857.4 158076.0
-26385.4 161903.0
-25947.9 166730.0
-26837.3 167794.0
-26870.7 172133.0
-27599.9 174262.0
-28726.4 178291.0
-29971.0 180542.0
-32069.3 185371.0
-32346.5 186144.0
-33733.6 188326.0
-33597.8 188150.0
-33595.5 188152.0
-33603.3 187927.0
-34299.1 187531.0
-32318.7 183290.0
-26445.5 172603.0
-26551.2 167440.0
-23644.7 164917.0
-21166.7 161921.0
-19522.5 157773.0
-18283.5 156820.0
-17254.9 154908.0
-16770.7 154260.0
-16470.1 153244.0
-16469.0 153175.0
-15503.9 153091.0
-17349.6 152817.0
-19616.0 152850.0
-19642.7 154373.0
-19377.8 154447.0
-16477.9 154088.0
-16475.7 152895.0
-14306.1 152857.0
-11329.4 152915.0
-9956.83 152944.0
-9701.91 153414.0
-10061.5 154576.0
-10800.6 154213.0
-11646.7 154941.0
-10022.5 154676.0
-8007.63 154556.0
-6691.83 154469.0
-5646.54 153877.0
-4938.55 152779.0
-3766.36 152724.0
-2618.65 153231.0
-3488.06 154253.0
-4233.9 154298.0
-5441.72 154409.0
-6200.91 154460.0
-7111.51 154433.0
-8406.15 153567.0
-8429.53 153576.0
-9370.18 154600.0
-9424.73 154607.0
-10615.8 154197.0
-10700.4 154204.0
-10383.2 151470.0
-10350.9 150528.0
-10355.4 150571.0
-10864.1 152561.0
-10855.2 152666.0
-11925.0 153812.0
-12647.4 155050.0
-12785.5 155059.0
-13942.1 154567.0
-13985.5 154565.0
-20391.9 102788.0
-15748.8 155104.0
-16010.4 155104.0
-18487.2 154427.0
-17385.2 154436.0
-16322.1 152826.0
-15951.4 152835.0
-13937.6 152857.0
-13656.0 152864.0
-12327.9 151397.0
-10838.5 151432.0
-9894.49 151421.0
-9297.82 151739.0
-9284.46 151853.0
-8480.74 153173.0
-8487.42 153498.0
-9076.3 154409.0
-9449.22 154600.0
-10205.1 154431.0
-11109.0 154255.0
-11317.2 155999.0
-11965.0 157288.0
-12053.0 159002.0
-12825.5 159563.0
-13749.5 158724.0
-13755.1 158149.0
-14315.0 157962.0
-14368.4 157123.0
-14808.1 157272.0
-16405.6 157933.0
-16465.7 157475.0
-16486.8 157479.0
-16797.4 156818.0
-17259.4 155235.0
-17249.4 154576.0
-16479.0 153792.0
-16453.4 153189.0
-16459.0 153202.0
-15759.9 152846.0
-3446.87 139143.0
-15550.6 145412.0
-12794.4 146018.0
-10523.4 145548.0
-10441.1 144455.0
-10058.1 142874.0
-10332.0 142903.0
-10580.2 141754.0
-11840.4 140752.0
-12587.3 140690.0
-12895.7 139739.0
-12904.6 139579.0
-13687.1 139485.0
-14099.0 139503.0
-14148.0 141616.0
-15595.2 141803.0
-15635.2 144188.0
-16066.0 146425.0
-16553.6 147467.0
-17152.5 149052.0
-16218.6 149179.0
-15598.5 150495.0
-15582.9 152494.0
-14356.2 153109.0
-14430.8 155106.0
-15552.9 151174.0
-14425.2 149226.0
-12755.4 149404.0
-12128.7 149388.0
-11749.1 149749.0
-10483.4 150424.0
-10383.2 151432.0
-9468.14 154632.0
-8439.55 156099.0
-7309.66 156927.0
-7466.62 157789.0
-7275.15 157630.0
-7298.52 155803.0
-7725.99 154511.0
-9461.46 154596.0
-9644.03 154609.0
-10804.0 154220.0
-11534.2 154620.0
-16144.0 155108.0
-16467.9 153251.0
-16446.8 153213.0
31803.6 45168.9
-17266.1 155233.0
-17268.3 156499.0
-18427.1 159231.0
-18485.0 159289.0
-19124.0 159688.0
-19294.3 158915.0
-19535.9 158597.0
-19282.1 159754.0
-18283.5 159886.0
-17819.3 162041.0
-18620.8 163225.0
-18630.8 164120.0
-18557.4 166069.0
-18288.0 167667.0
-18901.4 170428.0
-18039.7 172044.0
-17711.3 173843.0
-17803.7 171821.0
-17838.3 170755.0
-18236.8 167736.0
-18596.3 163339.0
-19529.2 157731.0
-19589.3 152844.0
-19454.6 149210.0
-19558.1 145632.0
-19553.7 145107.0
-19746.3 144052.0
-21979.3 143976.0
-23455.4 142792.0
-25173.1 142262.0
-26314.1 142153.0
-26812.8 144648.0
-26747.2 145307.0
-26554.6 150226.0
-26238.4 184728.0
-29977.6 184004.0
-31611.8 184200.0
-33428.5 187727.0
-33720.2 188159.0
-33584.4 188172.0
-33590.0 188170.0
