-3542.6 153213 -2106.58 152726
1320.94 150108 1314.26 146503
1050.44 142364 145.41 141151
-962.219 141191 529.462 141865
3391.49 136181 3783.33 133352
3011.89 131840 3600.77 135681
3945.86 137201 2791.47 139307
4406.72 158768 1794.05 169018
-5318.15 169504 -6031.71 167407
-6986.83 166723 -7054.73 164147
-6975.7 159583 -6709.64 156985
-4416.46 156132 -3578.23 154315
-1310.65 154545 -1797.12 147471
-1174.84 143520 4170.72 135013
11679.2 125829 15490.8 117947
15361.7 117435 13379.1 117656
13504.9 116338 13424.7 116251
13425.8 116257 13426.9 116260
13167.6 116482 14029.2 117927
15463 118707 15470.8 118617
15115.7 115104 15191.4 115033
15192.5 115035 15206.9 115020
15192.5 115029 15200.3 115024
15372.8 115307 15507.5 115209
15969.5 114748 15071.1 121349
8121.45 128276 -169.624 141416
-889.861 139846 265.635 131047
-935.502 126512 -3119.59 122937
-3124.04 122919 -3635 126163
-5131.13 131094 -4201.62 131640
-4050.22 132488 -4778.25 133321
-5576.41 139169 -10768.4 139588
-13996.6 145775 -15639.7 142562
-15895.7 141291 -15928 139011
-15696.5 142213 -15692 142211
-15649.7 143655 -10773.9 145592
-10436.6 145445 -10537.9 146436
-10336.4 150130 -10427.7 152915
-11291.6 157526 -5997.2 169709
-5354.89 174326 -3493.62 177610
637.442 174420 -3010.5 171156
-688.373 169693 345.785 163074
1273.08 153659 1162.87 152755
23594.9 155760 23574.8 155787
23589.3 155774 23661.7 155700
23618.2 155749 23608.2 155765
23608.2 155789 23613.8 155778
23610.4 155834 23613.8 155758
23560.4 155756 23600.4 155763
23575.9 155771 23571.5 155767
23563.7 155774 23573.7 155765
23575.9 155754 23568.1 155756
23577 155771 23621.6 155785
23638.3 155729 23570.4 155778
23574.8 155778 23580.4 155776
23581.5 155778 23591.5 155778
23573.7 155789 23575.9 155774
23586 155747 23569.3 155771
23577 155765 23580.4 155769
23577 155771 23589.3 155749
23591.5 155825 23591.5 155809
23598.2 155774 23579.3 155776
23568.1 155760 23599.3 155798
23593.7 155776 23582.6 155789
23586 155791 23588.2 155751
23598.2 155791 23611.6 155738
23587.1 155745 23589.3 155751
23599.3 155749 23586 155760
23584.8 155756 23582.6 155756
23582.6 155754 23582.6 155803
23579.3 155776 23573.7 155758
23573.7 155760 23573.7 155763
23058.3 154614 23078.3 152427
20789.6 153113 16723.1 151628
14062.6 151141 11557.9 150880
11549 149972 10403.5 150838
8484.35 151541 -4597.91 147919
-6029.48 146087 -4791.61 145443
-1428.65 145301 1266.4 147979
1268.62 152080 3026.36 152786
3124.32 152452 4037.14 152421
1525.77 153663 444.859 153029
891.251 155647 349.125 155079
-579.28 154660 1088.29 156054
1298.68 153338 1294.23 150764
1221.87 153322 598.48 152606
382.521 150190 845.61 152570
-2144.43 152441 -2790.08 152272
-3557.08 152641 -5577.52 149293
-5307.02 149591 -4101.43 151083
-3626.09 152396 -2942.59 152675
-1622.34 149083 -1148.12 148985
-141.794 149388 1121.68 149273
775.478 146599 91.9767 147002
-10.4373 149186 -504.696 149749
-1289.5 152583 -2540.73 154883
-3628.32 155168 -3787.51 153345
-2947.05 152706 -1560 154008
-1455.36 155894 -2146.66 155774
-3444.64 157366 -3222 161072
-3156.33 163655 -3963.39 163996
-3948.92 167010 -2566.33 167838
-1858.34 166224 -1497.67 163711
789.95 162342 91.9767 160712
-433.451 157982 -2386 154335
-2308.07 152681 862.308 153046
3566.26 153329 5066.84 152131
5126.96 152610 24701.4 154442
24702.5 154445 24702.5 154447
24703.6 154447 24705.8 154431
23612.7 156114 23611.6 155800
23610.4 155800 23608.2 155798
23609.3 155767 23606 155778
23606 155780 23613.8 155794
23614.9 155794 23614.9 155794
23613.8 155794 23614.9 155796
23606 155754 23626 155816
23628.3 155814 23620.5 155812
23606 155861 23606 155847
23646.1 155847 23591.5 155803
23600.4 155794 23608.2 155816
23609.3 155816 23611.6 155812
23608.2 155796 23617.1 155834
23613.8 155818 23612.7 155814
23614.9 155814 23617.1 155814
23618.2 155816 23620.5 155818
23626 155791 23620.5 155743
23617.1 155771 23610.4 155820
23610.4 155818 23618.2 155780
23590.4 155812 23601.5 155818
23602.7 155814 23608.2 155807
20305.4 152911 16746.5 151840
14522.3 151256 12292.6 150869
10210.9 149204 5993.02 149333
4459.04 149110 2804.83 139414
2335.06 135625 3398.17 135489
4372.21 134930 4414.51 138285
5946.27 139980 6559.64 142079
5165.92 143633 5757.03 147434
5794.87 148213 7404.55 149317
6739.98 149302 4374.44 150424
6004.15 151080 7882.11 151924
7529.23 150831 -158.492 153619
-2086.55 152503 -3413.47 152545
-4231.67 151023 -6134.12 149342
-7880.73 149482 -8484.08 149157
-10339.8 149228 -12480.4 149364
-13514.6 149302 -15443.8 149001
-15601.8 150635 -15588.5 152080
-16423.4 152806 -19268.7 152819
-20582.3 152815 -22453.6 152817
-26570.2 152808 -28058.5 149671
-28548.3 148649 -28052.9 149840
-28400.2 150787 -28400.2 150784
-28287.8 150580 -27392.8 153006
-25323.4 153630 -21420.5 153634
-20639.1 154805 -19447.9 158537
-17824.9 155190 -14064.5 155199
-14338.4 154522 -12766.5 152002
-12393.6 151354 -11520.9 151397
-10317.5 151737 -10124.9 151884
-10180.6 151463 -10301.9 151381
-10423.3 153322 -11300.5 157443
-9661.84 161467 -9410.26 160683
-8459.59 160705 -5662.13 162119
-5501.83 168404 -5479.56 166514
-1957.42 163746 -1261.67 164666
1522.43 163760 -1247.2 161752
-2443.88 155903 -3522.57 155480
-3541.49 153955 -2597.5 152285
-1637.93 153340 -1581.16 154140
-2478.39 155932 -4852.84 156103
-7225.05 154460 -10320.8 154184
-10525.7 145904 -10610.3 144682
-13467.9 145882 -9186.5 143976
-2074.3 143493 -715.09 146536
-1101.37 148631 -1106.93 148567
1191.81 148144 2159.18 150041
883.458 149990 -12.6636 152539
429.275 153420 2956.23 152695
2998.53 157911 1961.03 159400
96.4295 158601 -1275.03 154560
-1718.08 152565 -4810.53 152728
-8638.81 152893 -10790.6 149282
-11465.2 145837 -11557.6 142544
-10649.2 139111 -8951.62 139396
-7928.59 141854 -2781.18 143586
-1623.46 147024 -307.66 149397
1756.2 152655 23571.5 155751
23582.6 155749 23577 155763
23579.3 155765 23583.7 155780
23581.5 155783 23589.3 155785
23581.5 155794 23554.8 155783
23582.6 155760 23575.9 155760
23578.2 155763 23575.9 155758
23577 155758 23571.5 155758
23571.5 155760 23632.7 155734
23535.9 155771 23593.7 155751
23594.9 155751 23596 155754
23582.6 155783 23579.3 155771
23582.6 155767 23586 155756
23584.8 155760 23571.5 155765
23573.7 155765 23567 155751
23582.6 155816 23578.2 155767
23572.6 155778 23598.2 155758
23575.9 155758 23573.7 155754
23573.7 155763 23590.4 155758
23586 155751 23581.5 155760
23578.2 155763 23578.2 155765
23597.1 155760 23523.6 155812
23582.6 155769 23579.3 155776
23578.2 155774 23584.8 155749
23583.7 155776 23583.7 155731
23583.7 155738 23582.1 155770
23587.1 155809 21730.3 152908
18318.3 153055 11079.2 152376
8961.91 140467 7422.37 142104
5916.21 139592 5495.42 138428
4421.19 136373 5813.8 134903
3875.73 137317 2882.76 139648
4401.15 150508 -541.431 163675
-1710.29 163920 -450.149 163702
1230.78 163855 2897.23 164060
2279.4 160912 2146.93 159080
1961.03 159233 1254.15 158561
880.119 163473 963.608 169606
578.443 170232 974.74 169419
383.634 165200 25.185 163486
-1159.25 163637 -4517.76 164054
-5482.9 159663 -6255.46 158187
-7282.94 157374 -9186.5 157252
-7367.54 156891 -4560.06 156157
-2147.77 155961 1126.13 155970
1295.34 155518 1309.81 147160
1875.31 147347 2138.03 147440
2017.8 147387 1231.89 147903
903.496 152165 818.893 151501
1235.23 154195 962.495 154874
-573.714 154311 -1859.45 155671
-656.09 155981 2185.9 156007
4390.02 156181 5640.14 160988
5298.39 159955 3023.02 158007
5981.89 161024 6262.42 160169
6168.91 160051 4973.34 158857
3965.89 157958 3072 154494
3001.87 152610 1235.23 153505
651.914 162515 -441.244 166353
-66.097 163575 1334.3 154364
2463.08 153147 1766.22 153679
600.707 152695 -698.392 152715
-2593.05 151466 -2707.71 147109
-5249.13 147046 -6106.29 143622
-7870.71 142066 -6901.11 139387
-4015.71 141231 -3332.21 143537
-1839.42 149014 -450.149 148814
-670.562 149493 -1830.51 149110
-2469.48 154344 -4252.82 156068
-7290.73 156217 -6529.31 153859
-7083.68 149511 -5993.86 147371
-6092.93 143609 -6229.86 134970
-6450.27 134883 -6994.62 134140
-9433.63 130509 -5349.32 127276
4190.76 129660 10287.7 126750
15399.5 116761 15588.8 116496
17983.2 122391 21565.5 126477
22945.9 134814 22914.7 144194
23145.1 146881 22968.1 150965
23223.1 156012 23575.9 155776
23574.8 155774 23569.3 155769
23570.4 155769 23570.4 155767
23571.5 155767 23571.5 155765
23572.6 155765 23580.4 155771
23579.3 155791 23579.3 155789
23577 155787 23583.7 155785
23572.6 155778 23580.4 155767
23555.9 155783 23591.5 155769
23547 155798 23578.2 155758
23577 155763 23549.2 155812
23570.4 155778 23577 155771
23627.1 155798 23603.8 155787
23603.8 155794 23577 155771
23578.2 155765 23575.9 155763
23575.9 155765 23591.5 155765
23583.7 155763 23579.3 155758
23628.3 155736 23631.6 155745
23608.2 155747 23586 155747
23591.5 155745 23577 155760
23577 155765 23574.8 155763
23574.8 155765 23574.8 155763
23575.9 155763 23592.6 155783
23593.7 155783 23587.1 155747
23584.8 155776 23584.8 155785
23580.4 155774 23590.4 155765
23586 155754 23600.4 155769
23591.5 155756 23587.1 155754
23649.4 155725 23602.7 155745
23598.2 155749 23589.3 155763
23572.6 155745 23596 155809
23589.3 155785 23584.8 155771
23567 155783 23572.6 155778
23574.8 155789 23577 155789
23579.3 155758 23580.4 155767
23596 155791 23198.6 153654
21295 153004 16781 152118
15736.8 151138 14393.2 150090
12152.3 150876 -12067.5 159095
6216.78 149313 3187.77 149375
1558.05 149288 -337.717 145294
-2571.9 143448 -1732.55 150116
44.1093 152926 97.5427 153821
-1744.79 149446 -4144.84 143582
-7916.35 141534 -8009.86 140837
-10320.8 142898 -9821.02 142954
-11329.4 145648 -13261.9 146545
-12005.1 148451 -13920.9 148211
-12857.8 149475 -10949.8 152953
-11273.7 160520 -4073.6 160732
-2473.94 163038 -1775.96 163139
-1270.57 164755 -1234.95 166169
-1246.08 164550 -1270.57 164432
-1342.93 164327 -1253.88 164198
-2055.38 163119 -3255.4 158819
-3479.15 156143 -4236.13 154494
-4468.78 157127 -7232.85 158111
-6131.9 156673 -3548.17 156125
879.005 156001 -620.468 157624
-5430.58 160763 -5538.56 167117
-5423.9 171548 -4623.52 171993
-5163.42 168780 -3904.39 167418
-2426.07 167153 -2417.16 166494
-1769.29 166988 -322.132 169573
659.706 175021 1066.02 176575
3195.56 177739 3345.85 177853
2480.89 174827 -343.283 167489
-2273.56 165772 -1857.23 165254
1018.15 160507 1156.19 159305
659.706 160189 -1951.85 163700
-6987.94 164018 -7732.67 165505
-9495.97 165554 -15301.3 169920
-18525.1 164443 -16835.3 162008
-14785.9 159543 -14291.6 156110
-12785.5 152850 -13683.8 149235
-13234.1 148233 -11890.5 149371
-10690.4 149284 -8551.98 149228
-8226.93 146726 -8124.51 149255
-9912.31 147302 -9762.02 145998
-9537.16 146781 -9499.31 149319
-14473.1 155255 -13462.3 153948
-10428.8 153834 -8730.09 152550
-8447.34 154509 -7294.07 156700
-6347.86 158474 -6881.08 158212
-8458.47 161148 -9629.55 166561
-9323.43 166583 -8341.59 165870
-8433.98 161847 -11255.9 158080
-12041.8 155099 -8516.36 152948
-8481.85 152105 -9530.48 150515
-11212.5 148291 -10516.8 146594
-5066.57 143658 -1807.13 147369
971.401 152752 3779.99 152699
4414.51 142794 3712.09 137464
7344.44 137430 10618.3 139245
10814.3 142447 12396.1 145305
14201.7 149119 21111.3 149157
22987.1 151143 21161.4 152797
21163.6 152804 21165.9 152806
21179.2 152777 21172.5 152801
21164.8 152801 21168.1 152804
21170.3 152826 21173.7 152821
21175.9 152824 21172.5 152813
21199.3 152915 22958.1 155411
23617.1 155789 23619.4 155791
23616 155785 23617.1 155800
23626 155820 23627.1 155823
23628.3 155818 23629.4 155807
23628.3 155807 23626 155807
23624.9 155805 23622.7 155805
23622.7 155803 23622.7 155805
23602.7 155805 23626 155816
23613.8 155763 23619.4 155836
23621.6 155827 23618.2 155827
23612.7 155745 23619.4 155843
23609.3 155829 23608.5 155836
23609.3 155834 23611.6 155823
23643.8 155829 23616 155798
23616 155807 23619.4 155791
23616 155791 23598.2 155803
23606 155805 23628.3 155812
23622.7 155809 23622.1 155822
23623.8 155820 23623.8 155789
23593.7 155798 23602.7 155809
23603.8 155814 23604.9 155816
23610.4 155798 23604.9 155834
23602.7 155834 23602.7 155834
23603.8 155791 23590.4 155861
23608.2 155818 23610.4 155812
23609.3 155805 23611.6 155800
23484.7 156068 20063.8 152973
17239.6 152207 15666.7 149469
11630.2 149092 8706.99 149865
7916.62 150731 6125.49 159984
4444.57 159461 2788.13 159095
3025.25 157891 2232.65 160901
221.107 163194 -6918.92 164065
-7209.47 158183 -8415.06 155722
-8436.21 153044 -8497.44 152245
-9529.37 150484 -11053.3 145615
-14028.9 143097 -12850 141647
-11513.1 142001 -11965 145882
-13000.3 146786 -14340.6 148173
-15156.6 147834 -13091.6 147302
-10867.4 149290 -7654.75 149506
-4927.42 149128 -4587.89 148015
-4653.57 143747 -4705.89 140656
-4757.1 136132 -4660.25 133376
-10131.6 135091 -9666.29 139851
-8668.87 139459 -4985.31 140668
-5222.42 143589 -10180.6 143301
-10227.3 142271 -10132.7 142861
-11063.3 138862 -10982.1 137386
-9905.63 141485 -11457.4 145655
-11672.3 145773 -8169.04 143139
-6087.37 143602 -2246.85 143337
-1682.46 152752 -1660.19 152833
-2170.04 152042 -5200.15 146939
-9095.22 146450 -9060.71 143909
-8734.55 143531 -10150.5 146082
-7743.8 143644 -6032.82 145911
-3978.98 147080 -1713.63 149128
-894.314 149268 321.295 148375
-887.635 148614 -4547.82 147020
-8794.66 146452 -8838.07 145038
-5068.79 143626 -3392.32 141812
-2879.14 143335 -1838.3 147327
-764.07 150315 2603.34 152260
2933.96 152975 2459.74 154482
2475.33 154447 1576.98 152931
3113.19 151755 3452.71 148130
6076.51 149368 11785 149166
14724.9 147494 13608.4 149074
8572.3 149184 4107.27 149379
3560.69 149433 7903.27 149233
12766.8 149139 15340.5 151510
16763.2 152292 20237.5 153147
21514.3 156168 23586 155767
23578.2 155767 23551.4 155827
23553.7 155814 23608.2 155749
23604.9 155749 23599.3 155754
23599.3 155751 23591.5 155760
23591.5 155763 23580.4 155783
23581.5 155767 23574.8 155758
23594.9 155738 23594.9 155742
23609.3 155760 23602.7 155756
23600.4 155758 23593.7 155765
23596 155776 23592.6 155767
23523.6 155827 23632.7 155720
23624.9 155729 23621.6 155734
23614.9 155725 23589.3 155747
23591.5 155805 23580.4 155798
23572.6 155749 23577 155756
23543.7 155785 23571.5 155751
23573.7 155754 23574.8 155751
23574.8 155754 23581.5 155760
23582.6 155763 23583.7 155765
18135.8 86871.4 23584.8 155765
23535.9 155796 23642.7 155751
23630.5 155760 23609.3 155765
23574.8 155789 23575.9 155796
23583.7 155787 23586 155780
23583.7 155778 23580.4 155771
23581.5 155771 23583.7 155774
23584.8 155771 23575.9 155760
23583.7 155751 23587.1 155754
23586 155751 23587.1 155771
23583.7 155765 23582.6 155760
23578.2 155765 23590.4 155767
23584.8 155754 23586 155765
23588.2 155767 23584.8 155774
23621.6 155751 23593.7 155749
23591.5 155789 23596 155791
23582.6 155789 23584.8 155780
23587.1 155780 23583.7 155789
23582.6 155787 23577 155787
23571.5 155820 23582.6 155769
23583.7 155767 23583.7 155767
23313.2 156132 25619.8 156188
26494.7 156315 26489.2 156317
25767.8 156163 23070.5 155847
23039.4 152677 18672.3 153013
15693.4 151348 14801.7 148137
11906.3 149086 9584.19 149226
8927.4 147694 10831 142549
12019.9 138773 10829.9 137813
11818.4 142170 10837.6 140503
8911.82 141351 4813.04 133572
2962.91 136934 337.993 142349
1205.17 143437 -58.3046 140919
-7062.53 139261 -7777.2 139786
-16334.3 141431 -15296.8 141848
-13975.5 143716 -12804.4 141489
-14202.6 139548 -3529.25 141685
-2898.06 142447 -3449.1 142455
-3667.28 143099 -3732.96 145345
-4650.23 143460 -4662.48 141465
-4733.72 135177 -10566.9 135077
-11781.4 135994 -6711.87 135006
-6192.01 139566 -4208.3 143602
-463.508 143342 1784.03 146997
4284.27 147008 7471.35 146699
7482.48 149195 5827.16 148204
3152.15 148079 3904.67 146988
1582.54 146645 -64.9838 146979
-1838.3 148923 -2715.5 145681
-2784.52 142562 -2852.42 137159
-4729.27 136008 -4729.27 136008
