2891.66 152730 19.619 149587
-1073.54 149101 -463.508 149339
3097.6 151515 3388.15 152735
3260.13 151018 2215.95 147765
3151.04 149402 1157.3 151403
293.465 156139 4344.38 156063
5218.24 152603 15735.7 148818
19136.5 150070 35061.9 151510
35059.7 151512 35060.8 151528
35058.5 151526 35058.5 151521
35066.3 151519 35064.1 151526
35063 151523 35058.5 151526
35055.2 151521 35055.2 151526
35066.3 151539 35065.2 151541
35065.2 151539 34877.1 151361
31469.6 151076 24425.3 152521
22417.1 152790 18429.6 153427
5590.05 152681 31096.7 156292
31096.7 156295 30770.5 153794
24465.4 154445 21625.6 152935
7535.91 152717 6220.11 160091
6220.11 160086 12281.5 161484
23755.2 161030 24057.9 158882
24054.6 158877 24049 158873
24099.1 158895 24045.7 158862
24096.9 158926 24110.3 158839
24031.2 159095 22010.8 159267
21940.7 159351 21950.7 159343
21956.2 159392 21967.4 159309
22030.8 159251 25068.7 159323
34851.5 152964 35055.2 151479
35054.1 151479 35057.4 151490
35056.3 151483 35050.7 151470
35051.9 151477 35047.4 151472
35047.4 151475 35039.6 151499
35041.8 151495 35053 151486
35054.1 151488 35056.3 151483
32463.7 151141 24243.9 149293
21498.7 151499 18445.2 153427
19137.6 153098 19119.8 152962
508.312 153643 2247.12 156170
2259.37 156145 4349.95 154367
-10.4373 145341 56.3544 141042
-1182.63 141008 2126.9 143008
1615.94 146993 -1120.29 146993
-0.418499 146283 1239.68 147516
4927.7 149388 11819.5 149139
15609.9 148714 11134.9 152332
35055.2 151517 35054.1 151523
35055.2 151523 35055.2 151521
35056.3 151521 35056.7 151522
35056.3 151519 35055.2 151517
35054.1 151519 35054.1 151517
35055.2 151519 35055.2 151517
35054.1 151517 35054.1 151519
35055.2 151519 35054.1 151528
31149 151011 24132.5 152559
18777 152964 15085.6 152205
9054.31 152283 8960.8 152434
13052.9 152425 14195 153754
14195 153750 14196.2 153748
14091.5 155647 20323.2 156226
23103.9 154576 23676.1 153356
23656.1 153113 26780.8 151154
31879.3 151673 32424.7 153792
35050.7 151526 35050.7 151528
35049.6 151528 35049.6 151526
35050.7 151526 35053 151526
35053 151523 34832.6 147830
34829.2 147830 34828.1 147832
34827 147830 35051.9 151517
35055.2 151523 35054.8 151523
35056.3 151523 35055.2 151523
35055.2 151521 35053 151521
35053 151523 35051.9 151515
35051.9 151517 35043 151477
35048.5 151499 35054.1 151495
35054.1 151497 35069.7 151541
35064.1 151537 35059.7 151526
35069.7 151617 35058.5 151532
35056.3 151535 35056.3 151523
35055.2 151521 35060.8 151570
35059.7 151546 35061.9 151532
35044.1 151523 35054.1 151532
35055.2 151532 35057.4 151537
35057.4 151535 35060.8 151526
35060.8 151523 35058.5 151517
35059.7 151519 35061.9 151517
35060.8 151519 35059.7 151517
35059.7 151519 35057.4 151528
35063 151512 35063 151510
35061.9 151512 34842.6 147984
33968.7 140302 33013.6 131956
32822.1 131720 33104.9 131791
33229.6 131871 33228.4 131876
33228.4 131871 33228.4 131869
33202.8 131860 33217.3 131867
33231.8 131880 33230.7 131885
33231.8 131878 32833.3 131720
32842.2 131738 32834.4 131700
32834.4 131702 33224 131860
33224 131862 33226.2 131862
33227.3 131860 33228.4 131862
33229.6 131860 33237.4 131938
33237.4 131918 33406.6 138303
34877.1 151192 35064.1 151506
35060.8 151508 35060.8 151510
35061.9 151510 35064.1 151510
35064.1 151512 35064.1 151515
35063 151515 35059.7 151519
35059.7 151517 35059.7 151519
35058.5 151519 35059.7 151521
35060.8 151519 35076.4 151519
35069.7 151521 35066.3 151528
35065.2 151528 35063 151523
35063 151526 35063 151526
35064.1 151526 35059.7 151530
34845.9 152944 26046.1 151590
20899.8 153033 15968.4 151771
10945.6 152283 -1561.12 152599
-2501.77 153445 -2072.07 153400
-4263.95 156125 1231.89 157700
5876.14 175112 5701.37 177265
2882.76 167859 5919.55 169873
4043.82 161687 4435.66 155901
-1774.85 147195 -1775.96 148309
1023.72 150335 4528.06 153158
5185.96 152757 8735.94 149513
