38.5433 161573 36.3169 161593
-607.11 160295 -555.903 159944
-567.035 161620 -946.634 162724
-687.26 162121 -583.733 157138
1198.49 153630 769.912 151610
773.252 151092 620.744 151377
1241.91 154549 2482.01 155814
1954.35 155934 1935.43 155996
1709.45 155987 1292 148763
1366.58 143508 2030.05 143299
2058.99 143854 -837.541 139922
-7044.72 139301 -12348 139430
-13487.9 140458 -7954.2 135160
-7334.15 131564 -7498.9 132755
-7503.35 132759 -7430.99 132733
-9346.8 133657 -8923.79 135131
-7316.34 135019 -7285.17 135091
-7059.19 135039 -8713.4 139276
-14051.2 139657 -10596.9 137455
-8391.68 137459 -8213.57 137455
-7679.24 135104 -6960.11 135968
-6982.38 133441 -6987.94 135636
-6849.91 135010 -6676.25 135039
-4778.25 138984 -4703.67 141975
-2894.73 143531 -1226.05 145405
34.0905 145356 1337.64 143544
1984.41 141868 3218.94 138539
4397.81 135233 4395.59 134944
6896.94 129747 9253.57 123121
11744.9 117204 12662.2 107292
17835.2 105996 19019.6 105880
19992.6 103692 19988.4 103687
19991.4 103690 19998.1 103707
19975.9 103649 20012.6 103710
19952.5 103460 19994.8 103618
19980.3 103625 19990.3 103656
19980.3 103565 20011.5 103672
20013.7 103652 19970.3 103618
20001.5 103665 20004.8 103672
19968.1 103652 19999.2 103674
19922.4 103725 20292 103113
20268.6 103055 18638.9 101294
18371.8 101628 18375.1 101639
18374 101637 18368.4 101626
18369.5 101626 18367.3 101643
18365.1 101641 18361.5 101624
18361.7 101626 18364 101621
18365.1 101621 18365.1 101621
18366.2 101621 18366.2 101621
18367.3 101621 18367.3 101621
18368.4 101621 18368.4 101621
18369.5 101621 18369.5 101621
18370.6 101621 18370.6 101621
18371.8 101621 18371.8 101621
18370.6 101621 18370.6 101621
18371.8 101621 18370.6 101626
18370.6 101623 18370.6 101621
18369.5 101621 17737.2 103353
17924.2 105978 15362.8 106123
15380.6 112250 15130.1 114844
15331.6 114826 13982.4 123654
5316.2 132857 4336.59 152650
5285.03 152768 6678.75 152944
6748.88 152917 6734.41 152741
-1853.89 137315 -1857.23 137308
-1859.45 137310 -2018.64 137321
-3483.61 139067 -7964.21 143390
-7930.82 145047 -7879.61 144775
-9907.85 144401 -13032.6 145962
-14053.4 143640 -14002.2 143157
42647.2 177265 -14037.8 142890
-14082.3 142531 -14554.3 138597
-16011.5 136930 -15797.8 136883
-13965.4 137542 -12333.5 137526
-11671.2 137989 -9485.95 137491
-9431.41 138321 -9434.75 138871
-9425.84 138299 -9415.82 138265
-10183.9 137428 -10839.6 132087
-10905.3 129449 -10804 134966
-10750.5 141113 -10460 144713
-10521.2 146405 -10535.7 147229
-7582.39 147151 -4401.99 148905
-4545.59 147492 -4574.54 147371
-4597.91 147240 -4625.74 145561
-2453.9 145403 -1831.62 148923
-1190.42 149112 -0.418499 149642
-12.6636 150867 -11.5504 152176
-36.0407 152274 -21.5692 152191
-57.1914 152283 17.3926 152158
-13.7768 152496 1306.47 151461
1286.43 148264 1433.38 144368
5.14748 146868 95.3163 149324
391.426 151080 6.26067 152398
3152.15 152688 4306.53 154645
4160.7 154663 3115.41 154402
2618.93 155965 2356.22 155976
-978.917 155901 -3486.94 155869
-3965.62 154262 -4799.4 153712
-4587.89 152806 -4304.03 152810
-4457.65 152692 -4649.12 152766
-5082.15 152746 -5308.13 149428
-6753.06 149553 -6891.09 149500
-7147.13 149493 -7423.2 149475
-7809.48 148340 -7825.07 147318
-7854.01 147178 -9085.2 147282
-10545.7 145394 -16164 144624
-17997.4 142834 -17991.9 141529
-18030.8 141300 -17212.6 145347
-18350.3 149070 -20381.9 150559
-22135.2 151047 -22875.5 150842
-21163.4 150557 -19555.9 150557
-17171.4 149164 -15957 149184
-14163.6 145862 -13450 145982
-13258.6 145973 -6261.03 134939
-1794.89 135919 -1464.27 135957
-2358.17 135941 -3727.4 137390
-3630.55 137237 -3188.61 135137
-2508.45 134772 -1881.72 136767
74.1656 137337 3614.13 135763
4240.85 134650 6333.66 130747
9301.44 122890 11899.6 115383
13067.4 108418 17849.7 104280
18361.7 101626 18361.7 101628
18362.8 101628 18362.8 101628
18364 101628 18366.2 101626
18365.1 101628 18368.4 101623
18368.4 101626 18368.4 101628
18367.3 101628 18367.3 101630
18366.2 101628 -1907.32 137344
18369.5 101632 18367.9 101638
18369.5 101637 18368.4 101632
18369.5 101632 18370.6 101668
18379.5 101628 18379.5 101628
18380.7 101628 18374 101619
18378.4 101621 18378.4 101621
18377.3 101621 18371.8 101619
18370.6 101621 18370.6 101621
18369.5 101621 18361.7 101684
18358.4 101655 18361.7 101643
18360.6 101641 18360.6 101641
18359.5 101641 18359.5 101641
18358.4 101641 18358.4 101639
19978.1 103079 19929.1 104375
19048.6 105874 19044.1 105869
18828.2 106003 17671.6 105954
15164.6 109117 15112.3 112384
15389.5 115334 15957.2 118971
16112 121287 16107.5 121285
16115.3 121358 18431.9 122536
18463 122458 15832.6 121523
16240 122059 15298.2 121200
13609.5 122667 12547.5 125461
8870.63 128064 7089.52 129349
5191.52 131201 5200.43 131230
5198.2 131221 4659.42 130480
2486.46 131804 1413.34 133361
1128.36 134612 1029.29 134663
1614.83 137967 4417.85 147097
3132.11 152626 2801.49 153042
3059.75 153191 3038.6 156306
3134.34 156695 4272.02 156012
4422.3 153552 4249.76 141819
5755.91 132118 13596.1 124188
15435.1 115037 15860.4 114583
15444 115260 16040.7 120254
16532.8 121739 15390.6 124148
2011.12 132806 781.044 132911
-2367.07 133643 -3660.6 133361
-6249.89 137433 -7297.41 138343
-6926.72 138789 -12305.7 139436
-15308 136600 -15297.9 136491
-15338 136624 -15223.4 136366
-15606.3 151459 -15604.1 152361
-15548.4 145356 -14002.2 143168
-13986.6 143177 -14031.1 143199
-14057.8 142754 -14071.2 142622
-13854.1 147725 -12864.5 150114
-11725.7 151225 -13856.4 152853
-17134.7 152781 -19034.9 152786
-19650.5 152806 -20429.8 152824
-21925.9 152249 -21940.4 148723
-7781.65 169791 -5485.13 170875
-5320.38 175675 -4348.56 175666
-3763.02 175535 -3705.13 175586
-5343.75 173039 -5322.6 169526
-4892.91 166589 -5196.81 165403
-5253.59 165243 -5293.66 165165
-5728.92 158212 -6129.67 158212
-6111.86 158207 -6264.37 156724
-5546.36 154823 1955.46 161079
-4865.08 154264 -4840.59 153966
-4821.67 153552 -4869.53 150130
-4891.8 147322 -4615.72 147022
-4525.56 145450 -4652.46 143433
-4570.08 143065 -7395.37 143624
-8868.13 143729 -10560.2 145040
-10525.7 146563 -10490.1 148910
-9669.63 150401 -9066.28 150657
-9287.8 150860 -10405.5 150413
-11224.8 150713 -11132.4 150415
-10663.7 150388 -10649.2 150439
-10635.9 150450 -11681.2 150408
-12877.9 151203 -13681.6 152042
-14710.2 151982 -15804.4 151606
-16349.9 151595 -16656 151584
-17044.5 151597 -16473.5 151074
-16485.7 151203 -16482.4 152314
-18871.3 152821 -20554.4 152824
-23850.6 153547 -24678.8 155685
-25481.4 153950 -25481.4 152873
-23841.7 153621 -23151.5 153750
-20717 153630 -19573.7 152436
-19573.7 152363 -16680.5 149208
-15522.8 149248 -13869.7 147329
-13873.1 147104 -13680.5 142972
-12759.9 142845 -12110.9 139630
-8987.24 139456 -8918.22 139145
-8892.62 139042 1483.47 141347
3064.21 138797 3133.23 136624
4245.31 134654 4243.08 134663
6280.23 130843 8626.84 125188
11761.6 116997 13391.3 106052
22368.1 103222 26279.9 102719
27318.5 104812 21214.9 106027
19018.5 105876 18358.4 101652
18355.1 101652 18355.1 101652
18353.9 101652 18359.5 101641
18360.6 101641 18362.8 101632
18364 101632 18364 101630
18365.1 101630 18365.1 101628
18366.2 101630 18366.2 101630
18365.1 101630 18365.1 101630
18366.2 101630 18366.2 101630
18365.1 101630 18365.1 101630
18366.2 101630 18366.2 101630
18365.1 101630 18365.1 101630
18364 101630 18364 101628
18365.1 101628 18365.1 101630
18366.2 101630 18366.2 101630
18365.1 101630 18365.1 101630
18366.2 101630 18364 101626
17770.6 103614 15324.9 106279
14759.4 113946 15500.8 117433
16241.1 122106 16208.8 121616
15873.7 122164 14106 124244
7291.01 129536 4423.42 134723
2930.62 134000 1151.74 134598
1146.17 134621 1146.17 134621
1145.06 134621 1293.11 134603
2604.46 136019 150.976 137304
-2019.75 137326 -766.297 140102
-1981.91 141284 -2321.43 142495
-3539.27 141503 -3648.36 140046
-1779.3 139071 2900.57 137328
9489.57 127314 15070 121576
15867.1 114461 15868.2 114470
15391.7 115964 15891.6 119993
15867.1 122175 13973.5 124326
10481.4 126904 7249.82 129616
4869.81 133928 1090.51 140438
-3937.79 139131 -8741.22 139334
-8880.37 139165 -8966.09 139165
-9414.71 138608 -9421.39 138234
-7760.5 137437 -6727.46 137373
-4802.74 137767 -4760.44 139993
-4631.31 143502 -4681.4 143244
-4784.93 138829 -4755.99 133154
-4204.96 132040 -2998.25 133189
-3056.14 133162 -3724.06 134699
-7736.01 138435 -10021.4 144488
-9655.16 151321 -9210.99 151797
-9238.82 151777 -8526.38 152018
-8479.62 152280 -8536.4 152345
-8477.4 154128 -8425.08 155426
-8450.68 158107 -8540.85 162618
-9492.63 165683 -11153.5 166797
-10996.6 167387 -10738.3 166184
-7334.15 164107 -713.976 163675
1270.85 156181 3034.15 156292
-7229.51 139281 3076.45 153567
-720.656 153643 -1468.72 151597
-1406.38 151595 31.8642 149880
27.4114 147959 69.7128 146525
270.088 146648 260.069 146957
241.145 146982 21.8454 148415
-433.451 149362 -1261.67 150159
-469.074 149604 1247.47 150310
2192.58 152701 4299.85 160832
2379.59 168043 2188.12 167039
2073.46 166874 2021.14 166663
-332.151 163619 -1277.25 162451
-814.164 154485 3083.13 152926
2395.18 152552 1809.64 152606
10.7134 149880 8.48706 149511
-465.734 149395 -481.319 149889
-715.09 152454 -248.661 153538
-720.656 153202 -171.851 152650
140.957 152837 1295.34 146180
1132.81 143615 990.325 143667
1265.28 148718 -362.207 155925
-3415.7 156034 -6021.69 156566
-8236.95 156840 -8411.72 155319
-8442.89 154823 -8426.19 153314
-8457.36 152960 -8461.81 152603
-8823.6 152895 -10443.3 153155
-11859.3 156724 -12660.8 159040
-12370.2 159899 -9757.57 156920
-8484.08 156922 -8401.7 155745
-8399.47 154892 -8405.04 154807
-6131.9 156555 -2502.88 155987
1080.49 158005 2342.86 158016
2998.53 156655 3047.51 156348
5725.86 156054 6080.97 155562
5082.43 154342 5165.92 152759
3126.55 152574 3114.3 152294
3135.45 148291 2220.41 147431
1138.38 146988 257.843 146973
29.6378 146205 -1241.63 145336
-1230.5 145327 -1234.95 145274
-1237.18 145276 -1222.71 145296
-1234.95 145299 -1244.97 145292
-1260.56 145307 -1067.97 145381
-828.636 145370 -1241.63 145301
-1076.88 144455 2720.23 137368
5012.3 133156 8235 126339
11739.3 117308 12803.5 106806
22403.7 106081 24347.4 104707
22334.7 101641 18374 101681
18360.6 101623 18360.6 101626
18361.7 101628 18360.6 101632
18359.5 101632 18359.5 101630
18359.5 101632 18359.5 101632
18360.6 101632 18363.7 101630
18361.7 101630 18362.8 101623
18361.7 101623 18360.6 101626
18613.3 101828 19486.1 106009
19024.1 105869 18170.3 105967
15435.1 108191 15196.9 114343
16089.7 121249 16094.2 121262
16143.1 121683 14521.2 120770
11378.7 125987 3471.64 128968
1385.51 130061 1937.65 131811
1393.3 132686 -117.304 141963
-949.974 142366 -1268.35 142297
-1175.95 142308 3134.34 131141
2506.5 135745 2605.57 136021
-520.281 144644 -3037.21 145417
-4499.95 145412 -4669.16 143435
-4524.44 139229 -3596.04 138130
-3647.25 136070 -1295.06 134739
3503.92 135990 5248.3 132711
4546.98 130607 3176.64 131715
4220.82 134647 4397.81 142896
2357.33 153367 -3264.31 156027
-6051.75 156573 -8423.96 156671
-8154.57 154618 -8427.3 155435
-10374.3 152470 -11192.5 150408
-11542 150372 -10806.2 148444
-15556.2 145316 -13820.7 144156
-13619.2 144085 -15614.1 145007
-15664.2 155288 -14379.6 155275
-14028.9 152888 -11325 152948
-11092.3 152946 -11267.1 160563
-4023.5 160721 -2078.75 163016
-2163.36 162700 -1753.7 158777
-1393.03 158033 -1741.46 158650
-1253.88 162014 -4010.15 164120
-4180.47 166187 -2340.35 165757
-877.616 166089 -1251.65 165116
-252.001 163913 -490.224 163942
-3150.76 163312 -3480.27 156589
-4247.26 154674 -4256.16 154583
-4298.46 152296 -4256.16 152189
-2151.11 152710 -32.7012 151428
24.0718 150642 -710.637 146599
588.462 145020 454.878 143807
447.086 143682 410.35 143778
420.369 143765 -30.4748 143793
3240.09 136437 7191.93 129226
11934.1 114917 12238 111275
12480.7 108040 16886.7 105972
19037.4 105889 18367.3 101643
18361.7 101646 18385.1 101641
18380.7 101643 18372.9 101646
19931.3 102561 20221.9 103102
21372.9 103295 22090.9 103333
22090.9 103338 22093.2 103342
22090.9 103340 22084.3 103331
22059.8 103182 22088.2 103332
22089.8 103331 22089.8 103333
22090.9 103331 20624.9 102966
20225.2 103062 20226.3 103057
20227.4 103059 20229.7 103057
20230.8 103059 20230.8 103059
20229.7 103059 20231.9 103075
20234.1 103068 20234.1 103068
20233 103068 20233 103068
20234.1 103068 20223 103077
20219.7 103073 20213 103057
20225.2 103117 20228.6 103073
19852.3 103433 18493.1 101626
18367.3 101637 18366.5 101643
18366.2 101637 18368.4 101621
18369.5 101621 18369.5 101623
18370.6 101621 18370.6 101621
18369.5 101621 18369.5 136333
18370.6 101626 18429.6 101548
18388.4 101592 18387.6 101588
18388.4 101590 18388.4 101590
18387.3 101590 18371.8 101612
18372.9 101612 18372.9 101612
18371.8 101612 18372.3 101609
18370.6 101610 18370.6 101612
18369.5 101612 18369.5 101615
18368.4 101615 18368.4 101615
18367.3 101615 18367.3 101617
18337.2 101637 18357.3 101635
18358.4 101630 18359.5 101637
18361.7 101637 18365.1 101628
18349.5 101601 18372.9 101619
18366.2 101628 18359.5 101650
20224.1 103039 18060.1 105976
15353.9 105787 15300.4 111046
15853.7 114712 16107.5 121231
15955 121271 13257.7 124900
9344.85 127343 1947.67 128679
1403.32 132063 1403.32 132060
2168.09 133759 1889.79 134507
2272.73 135616 562.858 141166
-858.692 143370 -710.637 143831
-713.976 146352 -463.508 149466
-1102.48 148440 -1548.87 154048
-2122.17 160970 -9028.43 161224
-13987.7 161620 -18608.6 163216
-18205.6 167736 -17716.9 162103
-11858.2 161660 -10049.2 162121
-10098.2 161402 -10401 153988
-9665.18 147327 -6815.4 147117
-5992.75 147405 -4760.44 147093
-4340.77 145412 -5918.16 147075
-7581.28 149484 -8213.57 152044
-8022.1 151846 -2519.58 152666
-176.303 153721 -632.713 152937
-404.508 150617 -464.621 149201
-487.998 149290 -1852.77 149322
-592.638 155956 912.401 156052
2553.25 155990 2567.72 155967
2555.48 155965 882.345 152305
940.231 151726 -1018.99 151212
-1016.77 151034 834.478 149319
2803.72 149575 2803.72 149575
2804.83 149575 1316.49 149143
1298.68 149048 2322.82 147728
2303.89 147743 1258.6 146875
1890.9 147249 2598.89 144971
2365.12 147970 1868.64 147191
-764.07 146991 -2878.03 143435
-4438.73 143529 -4550.05 143488
-4672.5 143370 -4636.88 143272
-4646.89 143141 -3589.36 141318
-1630.14 142794 -1716.97 142342
-1809.36 142295 -1798.23 141805
-1283.93 142302 -1369.65 142422
-4530.01 141389 -4680.29 142473
-5311.47 143106 -5618.71 143097
-4722.59 143275 -7894.08 143114
-7965.33 147191 -8174.61 147260
-7921.91 145973 -7884.06 141360
-5630.96 134897 -3590.47 134679
-3465.79 134843 -2935.91 136210
-2843.52 138232 -2855.76 142460
-2964.86 143348 -1917.34 144849
-1292.84 149115 -727.335 149279
-729.561 149288 -732.901 149286
-531.412 149326 -3038.33 149072
-6255.46 149346 -8015.42 151310
-8066.63 151312 -7414.3 152906
-3085.08 152701 2225.97 153405
5788.2 149025 5798.21 148500
3370.34 149422 2369.57 148607
2301.67 147625 2242.67 147732
2274.95 146525 2329.5 147716
2123.56 147886 1141.72 149664
3070.89 153109 4205.23 154652
3109.85 152592 2946.21 152612
2170.31 152537 1305.36 150366
1312.04 147102 156.542 146964
49.6753 146937 -18.2296 146971
-1522.16 145430 -1436.44 145383
1276.42 147149 1189.59 157085
1186.25 157087 1106.1 157960
-2522.92 161028 -4591.23 161217
-4584.56 161173 -3296.59 158991
-3661.72 155522 -3656.15 155518
622.971 156239 1080.49 156375
1313.15 156288 -1834.96 155863
-3917.75 154240 -4247.26 153612
-5488.47 152819 -9824.36 152980
-11028.8 152935 -13777.3 139443
-13784 139450 -13752.8 139539
-13588.1 139568 -9396.9 138630
-9534.93 138504 -8951.62 136357
-9454.78 134650 -9510.44 132040
-8110.04 132873 -5956.01 130112
-1049.05 127686 5940.7 131406
8908.48 124366 14521.2 105989
20233 103019 19915.8 103002
18362.8 101619 18361.7 101623
18360.6 101621 18360.6 101621
18361.7 101621 18366.2 101617
18367.3 101617 18367.3 101617
18368.4 101617 18368.4 101617
18369.5 101617 18369.5 101619
18370.6 101619 18370.6 101621
18371.8 101621 18371.8 101621
18370.6 101621 18370.6 101621
18371.8 101621 18371.8 101621
18370.6 101621 18370.6 101623
18371.8 101623 18371.8 101623
18370.6 101623 18370.6 101623
18369.5 101623 18369.5 101621
18368.4 101621 18368.4 101621
18369.5 101621 18369.5 101621
18370.6 101621 18370.6 101619
18369.5 101619 18368.4 101626
18367.3 101626 18364.8 101608
18364 101610 18364 101610
18365.1 101610 18467.5 101635
21366.2 103275 22393.7 103013
22404.9 102986 22402.6 102979
22380.4 102966 21372.9 103304
20975.5 106742 20808.5 106682
20808.5 106686 20808.5 106688
20809.6 106688 20794.1 106684
20807.4 106695 20806.3 106688
20809.6 106691 20809.6 106691
20810.8 106691 20813 106691
20814.1 106688 20814.1 106682
20888.7 106599 20821.9 106644
20806.3 106668 20806.3 106668
20807.4 106668 20807.4 106668
20808.5 106668 20808.5 106668
20809.6 106668 20810.8 106675
21163.6 106105 24246.1 106355
24694.7 104691 25069.8 104580
25064.3 104591 23077.2 104219
21382.9 103253 20226.3 103053
20225.2 103068 20231.9 103086
20230.8 103059 20225.2 103082
20229.7 103095 20249.7 103284
20253 103280 20246.4 103186
20236.4 103240 20238.6 103307
20230.8 103157 20230.8 103169
20225.2 103144 20223 103171
20221.9 103166 20213 103213
20219.7 103126 20254.2 102975
20248.6 103031 20225.2 103117
20229.7 103035 20229.7 103035
20230.8 103035 20230.8 103035
20231.9 103035 20231.9 103035
