-14499.8 155219 -13523.5 155368
-12857.8 153855 -12858.9 151423
-11929.4 150397 -10610.3 150404
-10326.4 150958 -10855.2 152630
-14219.3 152813 -16720.6 152710
-20808.3 152828 -22193.1 150731
-20633.5 152735 -18423.8 152853
-15539.5 149941 -14240.4 148197
-14236 148197 -13418.9 145958
-13556.9 145828 -13957.7 144294
-14244.9 139984 -14113.5 139643
-13421.1 139514 -11834.8 137491
-10260.7 136351 -8107.82 135142
-3915.52 134850 -1663.53 134692
939.118 130437 3054.19 129064
3057.53 129075 3005.21 129685
2709.1 129729 2705.76 129747
2585.53 129694 3733.24 134046
2562.16 137842 -1857.23 144753
-1887.28 145100 -2719.95 146169
-2772.27 143580 4613.77 135723
4846.43 135732 4417.85 135093
2759.19 132751 -219.718 133356
-2861.33 134126 -3687.32 130811
-3593.81 127835 -1760.38 130326
1406.66 129914 2207.05 129313
2225.97 129208 2182.56 129284
2189.24 129324 2214.84 129456
154.316 131297 -4331.86 134799
-7019.11 134935 -13326.5 135349
-769204 4.68793e+06 -14386.2 135509
-13952.1 135482 -12813.3 133848
-13005.9 136021 -13944.3 136257
-15960.3 135500 -16085 135879
-15693.1 136048 -16185.2 137691
-16807.4 137983 -16134 137702
-14430.8 139229 -13195.1 139557
-10601.4 141600 -10240.7 141663
-8916 139597 -8309.31 137448
-7951.97 137437 -7036.92 137424
-7002.41 135892 -6954.55 135542
-7597.97 137404 -7569.03 139379
-7231.73 139766 -6563.82 139334
-5348.21 140314 -4752.65 142985
-5928.18 141803 -4845.04 141396
-3554.85 140318 -3573.77 139494
-2874.69 136193 419.256 136411
1475.68 135298 3208.92 132457
3188.88 131424 4880.94 131076
8010.13 127076 10308.9 119764
10529.3 118586 10511.5 118611
10364.5 117894 10332.3 118079
10259.9 117990 8295.11 115870
10315.6 118241 10199.8 117348
10149.7 117244 8030.17 115846
8001.23 115066 10317.8 118023
10216.5 117344 10114.1 117255
9776.77 115222 9950.43 117106
10324.5 118052 10323.4 118054
10325.6 118054 10952.3 117887
12425.1 116229 12157.9 116191
10883.3 119141 11394.2 118357
12123.4 115667 13352.4 116309
11732.7 117602 10220.9 118094
8043.53 114129 10306.7 118226
10328.9 118201 10618.3 118054
9554.13 117037 10302.2 118232
10301.1 118235 10984.6 117351
12625.4 115605 11309.6 109353
12948.3 106432 18731.3 106167
18728 106230 18732.4 106203
18787 106136 20671.6 106110
19897.9 102919 21490.9 101394
22419.3 103195 21479.8 101559
21490.9 101399 21487.6 101321
21474.2 101363 21480.9 101441
21477.6 101390 21477.6 101383
21484.2 101383 21483.1 101394
21391.8 101220 21459.8 101365
21493.1 101376 21490.9 101367
21493.1 101365 21492 101383
21497.6 101381 21511 101392
21504.3 101383 21487.6 101363
21489.8 101367 21492 101396
21497.6 101392 21493.1 101385
20483.5 101334 16650.8 100107
12956.1 105811 8154.85 108378
4274.25 111146 3521.73 116407
2463.08 124468 -941.068 126521
-2758.92 123300 -3649.47 124929
-3616.08 126354 -5512.96 134494
-4837.25 133151 -3819.79 132443
-3771.92 129565 -4285.11 121247
-3059.48 122409 -3051.69 122369
-3118.48 122605 -3655.04 127959
-3659.49 131544 -4626.86 134730
-4603.48 133390 -3791.96 133490
-3571.55 135954 -2869.12 137359
-1876.15 139091 -1178.18 141100
-1189.31 141246 -306.547 142055
704.234 142052 709.8 142035
735.403 142041 654.14 141669
1745.07 142903 2060.11 144119
1325.4 143344 971.401 142081
558.405 143154 219.994 143025
244.484 142974 195.504 143117
234.466 143008 234.466 143005
235.579 143005 237.805 142985
281.22 142956 244.484 142970
233.352 143010 236.692 143005
234.466 143010 248.937 142999
237.805 142981 236.692 143008
238.918 143005 213.315 143063
785.497 142066 820.006 142130
1106.1 147026 2831.55 147220
2033.39 147863 1867.52 147213
-318.792 146993 -1088.01 145363
-223.057 143252 521.67 142638
439.293 142536 -287.623 140581
-833.088 141200 -2753.35 145067
-2835.73 145365 -3738.53 144528
-3641.68 143578 -1827.17 147365
-1680.23 152810 -1417.52 152020
-1064.63 149464 -17.1164 148520
831.138 147035 877.892 147091
1760.66 147006 3102.06 149264
2495.36 152276 2129.12 151815
1644.88 151535 3360.32 151076
2161.41 150143 1386.62 148117
1259.72 150706 -838.654 151566
-1015.65 151459 -492.451 149337
364.709 148518 866.76 147035
965.835 147013 670.838 148195
-1528.84 147592 -1661.31 147569
-1643.49 145479 -1470.95 145399
420.369 143825 917.967 142627
1442.28 141754 1977.73 141928
2257.14 142104 1599.24 143333
-265.359 143157 687.536 142008
189.938 142939 189.938 142936
188.825 142936 185.485 142972
183.259 142943 184.372 142923
-174.077 143598 -137.341 143716
15.1662 146915 -107.285 149284
21.8454 149286 1111.66 150119
2449.72 150938 4117.29 151052
5954.06 150982 6748.88 151058
6845.73 151443 6903.62 150902
7529.23 150800 8706.99 145245
11134.9 144063 10826.5 139699
8489.92 137194 5101.35 138461
4424.53 137644 4441.23 137568
4406.72 149711 1322.06 153494
641.895 155963 449.312 156887
667.498 157866 1320.94 153149
3112.07 152229 3097.6 150940
3881.29 151085 4324.34 151067
1391.08 150270 -1030.12 149141
-3248.72 149095 -3695.11 147509
-4612.39 147031 -3279.89 145396
-1738.12 150145 2398.52 153425
5338.46 154318 5837.18 155128
3117.64 155990 1339.87 155916
1640.43 152675 3092.04 152272
3132.11 149464 2725.8 147594
1428.92 146975 1259.72 154373
305.71 156152 2467.53 155999
3045.28 156237 3093.15 152183
3128.77 149460 2711.32 145183
2694.63 145140 1324.28 144029
1320.94 143626 -815.277 139327
-159.605 138036 -1577.82 137388
-1919.57 137417 158.768 138045
1453.41 135313 4088.35 134919
7120.69 129549 11147.1 126448
15017.7 121944 15410.7 116231
15371.7 111696 17988.8 106005
18719.1 106147 18738 106196
18724.6 106092 21438.6 101505
21475.3 101294 21479.8 101274
21480.9 101223 21452 101301
21460.9 101307 21511 101272
21546.6 101240 21475.3 101312
21549.9 101243 21495.4 101278
21558.8 101234 21581.1 101205
21598.9 101243 21477.6 101281
21585.5 101267 21474.2 101281
21428.6 101296 21434.1 101298
21437.5 101296 21468.7 101272
21469.8 101274 21472 101278
21473.1 101276 21473.1 101274
21473.1 101276 21472 101294
21457.5 101269 21513.2 101278
21466.4 101285 21521 101254
21512.1 101256 21500.9 101232
21478.7 101292 21475.3 101281
21475.3 101287 21496.5 101200
21470.9 101281 21470.9 101278
21472 101278 21472 101325
21474.2 101232 21455.3 101229
21467.5 101298 21466.4 101305
21474.2 101296 21464.2 101379
21459.8 101372 21483.1 101209
21478.7 101185 21490.9 101187
21484.2 101267 21489.8 101256
21476.5 101316 21475.3 101307
21493.1 101287 21469.8 101330
21470.9 101307 21316.2 101543
16471.5 100248 12528.6 107840
11692.6 117355 10337.8 118027
10300 118286 10315.6 118266
10313.3 118246 10332.3 118021
10332.3 118030 10334.5 118023
9991.62 117647 10069.5 117769
13320.1 121443 10031.7 126922
3297.98 136553 1206.28 142807
1251.93 149520 854.515 151379
-180.756 151532 -720.656 151619
-3264.31 152652 -3986.77 152563
-3638.34 151134 -3388.98 150715
-4890.68 152719 -5337.07 152775
-5833.56 152773 -5914.82 152786
-7522.28 152904 -8592.06 152650
-5683.28 147066 -4622.4 145450
-4070.26 145417 -4659.14 144435
-4707.01 139893 2545.46 130181
3463.84 134160 3194.45 135943
3193.34 135943 3192.22 135939
3837.88 136014 3980.37 136190
5123.62 134912 7473.57 134556
10464.7 132717 6699.9 134663
5231.6 134908 5728.08 131660
2107.97 125125 3560.69 111664
2981.83 106032 218.881 105820
7764.12 105337 15432.9 107944
15040 114234 15855.9 114741
15126.8 114283 15175.8 118045
12455.1 116253 11888.5 111671
11328.6 111486 11296.3 109037
8993.08 113535 8001.23 114561
8004.57 114648 11634.7 117607
13478.1 121605 8827.22 127761
2067.9 138735 1318.72 144152
1627.07 144036 1410 143475
1383.28 143488 586.235 143219
171.014 142910 177.693 142943
192.164 142941 130.938 142812
-278.717 143152 70.826 142885
69.7128 142883 59.694 142838
63.0336 142845 -14.89 142660
45.2225 142827 50.7885 142838
49.6753 142834 49.6753 142847
51.9017 142845 55.2412 142881
-3560.42 154117 70.826 142856
140.957 142963 331.314 141968
568.424 143963 35.2037 144058
1545.81 143524 2097.95 143426
407.011 145327 -1571.14 147033
-1787.1 148772 -1741.46 150929
-2018.64 152788 -1834.96 152641
-1700.27 150368 -1748.13 147730
-3473.59 143529 -9046.24 142803
-14458.6 138887 -11811.4 137502
-10711.6 136342 -10740.5 134997
-8976.11 131920 -8990.58 128327
-8492.98 129231 -10870.8 133732
-12125.3 134251 -12126.5 134253
-11047.8 133750 -9009.5 134467
-9481.5 133272 -9500.42 133151
-10706 135117 -12459.3 139414
-12728.7 142885 -12669.7 143439
-12268.9 143731 -12692 142845
-12774.3 141921 -14087.9 141816
-15613 144119 -15585.1 148006
-16567 149097 -15520.6 148264
-13072.7 148237 -11444.1 147311
-10494.5 145690 -11372.8 139423
-17230.4 124660 -14958.4 123881
-9015.07 131798 -8314.87 130923
-7629.14 132748 -9839.95 128928
-9759.8 128935 -9060.71 128594
-7786.1 132670 -7357.52 132751
-12409.2 140665 -10553.5 142939
-9876.68 141667 -9461.46 141623
-1840.53 144562 -1159.25 149079
-2.64489 149388 384.747 150706
-1111.39 152612 -4269.52 152675
-6544.89 152848 -11028.8 152868
-16470.1 152191 -16464.6 151105
-17051.2 149990 -16721.7 141282
-15823.4 140654 -15755.5 139679
-13479 134576 -13191.8 134674
-13702.7 135340 -16952.2 135801
-15105.4 155190 -14706.8 155197
-13484.5 153957 -12728.7 153198
-12836.7 151385 -11803.6 146352
-11457.4 145851 -9637.35 143522
-9414.71 142992 -8618.77 143736
-8332.68 143696 -6192.01 143658
-2992.69 143557 -2349.26 143502
3192.22 136758 5488.75 136611
5909.53 139748 4189.65 138043
2798.15 139252 1230.78 142616
1111.66 142346 2476.44 137486
1895.35 135678 2506.5 135738
729.837 131878 3397.05 129438
3171.07 130829 3147.7 131718
11918.6 115002 15051.1 105934
18790.3 106161 19919.1 102572
20543.6 101610 21872.7 102017
21871.6 102013 21867.2 102020
21867.2 102017 21504.3 102452
21480.9 101399 21480.9 101401
21480.9 101399 21460.9 101367
21473.1 101410 21504.3 101383
21487.6 101379 21475.3 101392
21476.5 101392 21477.6 101392
21473.1 101374 21476.5 101385
21158.1 101370 16609.6 100109
13325.6 105566 8209.39 109558
3338.05 111417 2818.19 123990
-675.015 127839 -2402.69 123026
-3216.44 123017 -3603.83 126192
-3641.68 131851 -3699.57 135496
-3835.37 134819 -3819.79 134826
-4802.74 136867 -5007.57 137751
-4811.65 137713 -1099.14 139619
56.3544 140158 -194.114 140111
1251.93 142874 1396.64 146997
4475.74 147022 5349.6 146714
5775.95 148576 3165.51 149402
1883.11 148867 1917.62 148836
1289.77 146955 1264.17 142765
1120.57 142667 631.876 141968
665.272 141937 635.216 141961
-175.19 143589 -1396.36 145341
-1575.59 145356 -1037.92 143758
-1159.25 142852 -1143.67 142870
-1143.67 142867 -1143.67 142919
7.37387 145245 -26.022 149213
-555.903 150524 -1586.72 150361
-1712.51 148542 -2604.18 147028
-2434.98 147035 -43.8331 146997
44.1093 143949 946.91 142317
1206.28 143546 2266.05 144130
1337.64 143992 2548.8 146634
3725.44 147536 3845.67 147483
1404.43 146937 922.42 148153
326.861 148478 -97.2665 148505
-1702.49 152412 -4187.14 152699
-4315.16 152623 -3587.13 151682
-3590.47 151439 -2745.56 149115
-1775.96 147211 -3855.41 143540
-9153.11 143916 -10635.9 139477
-13670.5 139448 -14400.7 139134
-14671.2 137816 -13631.5 135636
-12610.7 133808 -10963.2 135286
-8978.34 135567 -4876.21 134888
-36.0407 135823 1438.94 135329
3884.63 135260 9033.16 123956
10482.5 119593 12271.4 110930
16149.8 103714 20294.2 103525
21478.7 101392 21474.2 101387
21475.3 101387 21468.7 101403
21480.9 101403 21478.7 101403
21480.9 101403 21484.2 101405
21483.1 101405 21470.9 101421
21472 101421 21509.8 102527
21508.7 102527 21504.3 102516
21476.5 101748 21506.5 101060
21505.4 101067 21504.3 101065
21503.2 101067 21495.4 101060
21493.1 101163 21494.3 101053
21514.3 101065 21511 101051
21511 101056 21508.7 101056
21507.6 101058 21509.8 101111
21507.6 101100 21502.1 101089
21500.9 101085 21497.6 101078
21492 101018 21493.1 101022
21494.3 101018 21492 101036
21492 101029 21494.3 101027
21495.4 101029 21497.6 101033
21484.2 101011 21486.5 101031
21485.4 101002 21485.4 100982
21493.1 101027 21492 101013
21504.3 101053 21490.9 101027
21492 101027 21489.8 101033
21490.9 101000 21507.6 101071
21504.3 101013 21490.9 101065
21503.2 100980 21474.2 100782
21485.4 100944 21479.8 101009
21482 101011 21486.5 101018
21492 101051 21495.4 101004
21499.8 101004 21496.5 101016
21503.2 101085 21499.8 101022
21492 101033 21489.8 101025
21487.6 101033 21489.8 101000
21492 101004 21492 101080
21492 101036 21495.4 101029
21497.6 101029 21502.1 101045
21497.6 101045 21468.7 101160
21472 101143 21460.9 101031
22348.1 101668 24481 103578
22422.7 103242 16895.7 103698
8781.58 113027 10949 117714
10487 118646 10490.3 118635
10324.5 118036 10052.8 117380
11654.7 117616 14442.2 118528
15387.3 116518 15900.5 114639
15257 116026 12833.6 118226
11516.7 116890 9514.06 116934
7990.09 114570 10735.2 119339
7840.93 127387 2693.51 137613
-1843.87 145270 10498.1 118631
-43069.9 196031 10500.3 118626
10501.5 118629 10501.5 118631
10500.3 118631 10500.3 118633
10499.2 118633 10500.3 118635
10500.3 118633 10500.3 118635
10500.3 118633 10500.3 118637
11641.4 117598 12263.6 110959
15661.1 101672 20882 101456
21454.2 101076 22753.3 101710
23396.7 92403.9 26566 84990.1
33645.9 85036.8 34387.3 84003.8
34385.1 83968.2 34386.2 83970.4
34240.3 84130.7 29959 84776.3
23383.4 92174.6 23056.1 98653.4
21074.6 101296 21488.7 101374
21489.8 101385 21489.8 101387
21488.7 101387 21482 101385
21484.2 101338 21476.5 101341
21483.1 101385 21479.8 101381
4442.34 101381 21480.9 101381
21480.9 101383 21522.1 101401
21508.7 101381 21504.3 101372
21464.2 101336 21457.5 101336
21484.2 101381 21431.9 101350
21453.1 101379 21468.7 101383
21468.7 101387 21462 101376
21462 101374 21462 101372
21463.1 101379 21465.3 101370
21476.5 101370 21478.7 101374
21475.3 101383 21470.9 101376
21472 101381 21469.8 101387
21476.5 101392 21477.6 101394
21478.7 101392 21479.8 101390
21473.1 101414 21483.1 101412
21483.1 101410 21485.4 101392
21514.3 101392 21504.3 101379
21495.4 101394 21487.6 101381
21457.5 101367 21475.3 101376
21452 101439 21466.4 101416
21468.7 101441 21469.8 101432
21473.1 101439 21458.6 101407
21462 101407 21483.1 101387
21473.1 101385 21474.2 101390
21475.3 101387 21470.9 101334
21473.1 101341 21482 101345
21488.7 101323 21490.9 101361
21470.9 101412 21472 101278
21474.2 101312 21475.3 101356
21445.3 101476 21456.4 101441
21462 101456 21480.9 101401
21480.9 101407 21482 101399
21484.2 101399 21502.1 101350
21487.6 101374 21456.4 101434
21497.6 101323 21499.8 101207
21478.7 101385 21508.7 101312
21500.9 101318 21476.5 101361
21476.5 101358 21477.6 101358
21478.7 101347 21478.7 101367
21475.3 101367 21477.6 101363
21478.7 101365 21490.9 101390
21488.7 101381 21486.5 101376
21488.7 101376 21485.4 101390
21498.7 101448 21474.2 101416
21489.8 101381 21487.6 101383
21489.8 101381 21488.7 101383
21499.8 101376 21489.8 101383
21488.7 101387 21492 101385
21487.6 101383 21485.4 101383
21484.2 101385 21486.5 101379
21482 101370 21513.2 101461
21476.5 101367 21474.2 101363
21475.3 101365 21477.6 101365
21477.6 101367 21478.7 101370
21478.7 101367 21483.1 101372
21484.2 101367 21487.6 101358
21483.1 101356 21487.6 101361
21484.2 101358 21475.3 101354
21475.3 101356 21497.6 101053
21483.1 101031 21485.4 101031
21487.6 101100 21490.9 101069
21489.8 101074 21490.9 101069
21507.6 101087 21512.1 101045
21508.7 101045 21469.8 101174
21504.3 100989 21496.5 101040
21498.7 101040 21493.1 101076
21498.7 101058 21502.1 101053
21500.9 101058 21500.9 101056
21500.9 101058 21500.9 101056
21499.8 101056 21519.9 101154
21512.1 101109 21511 101116
21511 101067 21511 101069
21517.6 100993 21482 101285
21504.3 101025 21511 100991
21512.1 101002 21498.7 101118
21518.8 101022 21517.6 101020
21513.2 101067 21511 101080
21509.8 101076 21507.6 101076
21508.7 101071 21508.7 101069
21473.1 101027 21513.2 101085
21512.1 101076 21509.8 101076
21499.8 101020 21499.8 101013
21495.4 101082 21502.1 101096
21496.5 101069 21489.8 101018
21493.1 101004 21500.9 101020
21498.7 101022 21500.9 101080
21499.8 101080 21503.2 101125
21515.4 101025 21496.5 101069
21499.8 101065 21500.9 101069
21502.1 101065 21504.3 101049
21504.3 101051 21500.9 101069
21503.2 101053 21492 100991
21492 100996 21493.1 100998
20972.2 101476 18815.9 106021
14593.6 105967 10775.3 109699
9136.69 110277 10218.7 118150
10325.6 118072 10327.8 118070
10327.8 118072 10315.6 118110
10332.3 118081 10328.9 118081
10322.2 118063 10317.8 118061
10316.7 118063 10318.9 118063
10172 118016 11516.7 117538
10493.7 118640 10331.1 118054
10324.5 118052 10327.8 118052
9711.09 117286 8823.88 116010
9578.62 121732 7896.59 127329
4384.46 134378 2052.31 138546
230.013 141287 162.108 140779
-584.846 141687 -2825.71 139085
-7915.23 141184 -7772.75 141919
-6889.98 141843 -6976.81 141919
-7815.05 136115 -12576.2 135289
-17519.9 132301 -18960.4 131729
-19574.8 131562 -17880.6 132410
-15753.2 132448 -13139.5 133944
-11230.3 132078 -10827.4 130506
-8263.66 131622 -6979.04 135565
-4735.95 134055 -4672.5 134037
-4766.01 133583 -6488.12 134926
-14582.2 135442 -18226.8 131822
-19544.8 131571 -17725.8 132610
-17272.8 133069 -12176.5 135291
-4124.81 134799 -1647.95 139098
1263.06 146928 1416.68 147015
584.009 143319 247.824 142736
695.328 141438 714.253 141353
733.177 141238 641.895 143103
1280.87 149295 3983.71 152741
5876.14 152485 5141.43 152612
3109.85 150922 3853.46 148807
4382.23 157228 4373.32 159338
4708.4 161066 5598.95 163604
5586.71 161780 5155.9 159890
2239.33 160872 -2469.48 163782
-5597.56 165004 -5528.54 167318
-7081.45 167407 -7102.6 167006
-5927.07 164069 -3078.4 162186
-1221.59 161362 -545.884 159897
66.3732 158116 66.3732 158116
