2320.59 138724 2320.59 138724
656.366 136190 656.366 136190
873.44 134721 873.44 134721
1410 132971 1410 132971
1368.81 133131 1368.81 133131
986.985 134630 986.985 134630
712.026 134249 712.026 134249
648.574 134273 648.574 134273
650.801 134269 650.801 134269
651.914 134260 651.914 134260
648.574 134236 648.574 134236
650.801 134271 650.801 134271
637.442 134267 637.442 134267
647.461 134280 647.461 134280
639.669 134273 639.669 134273
637.442 134271 637.442 134271
656.366 134262 656.366 134262
572.877 134278 572.877 134278
580.669 134262 580.669 134262
582.896 134282 582.896 134282
580.669 134242 580.669 134242
582.896 134256 582.896 134256
589.575 134258 589.575 134258
581.782 134240 581.782 134240
563.971 134285 563.971 134285
578.443 134273 578.443 134273
586.235 134293 586.235 134293
578.443 134253 578.443 134253
572.877 134244 572.877 134244
569.537 134251 570.65 134251
585.122 134236 585.122 134236
579.556 134249 579.556 134249
581.782 134251 581.782 134251
595.141 134278 595.141 134278
573.99 134253 573.99 134253
765.46 133977 765.46 133977
831.138 131960 831.138 131960
999.231 131399 999.231 131399
1943.22 130357 1943.22 130357
2033.39 129723 2033.39 129723
2709.1 129705 2709.1 129705
4839.75 130032 4839.75 130032
5002.28 129130 5002.28 129130
4770.73 126973 4770.73 126973
4796.34 125628 4796.34 125628
5178.16 126550 5178.16 126550
3841.22 127385 3841.22 127385
2723.57 126713 2723.57 126713
2168.09 127637 2168.09 127637
1887.56 129277 1887.56 129277
2243.78 129698 2243.78 129698
3164.39 131486 3164.39 131486
3144.36 131479 3144.36 131479
2470.87 133410 2470.87 133410
1755.09 134307 1755.09 134307
1632.64 134171 1632.64 134171
2199.25 133924 2199.25 133924
2791.47 132915 2791.47 132915
3093.15 132174 3093.15 132174
2696.85 129698 2696.85 129698
3117.64 131114 3117.64 131114
2545.46 129734 2545.46 129734
1902.03 128694 1902.03 128694
1697.2 127659 1697.2 127659
-111.738 127530 -111.738 127530
-943.295 126483 -943.295 126483
-1324.01 124555 -1324.01 124555
-1307.31 124758 -1307.31 124758
-1467.61 124952 -1467.61 124952
-1256.1 125123 -1256.1 125123
-1242.74 125112 -1242.74 125112
-1228.27 125110 -1228.27 125110
-1334.03 125041 -1334.03 125041
-3623.87 125722 -3623.87 125722
-3983.43 125918 -3983.43 125918
-3974.52 125947 -3974.52 125947
-3946.69 125973 -3946.69 125973
-3956.71 125989 -3956.71 125989
-3947.81 125976 -3947.81 125976
-3937.79 125942 -3937.79 125942
-3963.39 125960 -3963.39 125960
-3955.6 125962 -3955.6 125962
-3957.83 125949 -3957.83 125949
-3943.35 125960 -3943.35 125960
-3967.85 125936 -3967.85 125936
-3972.3 125947 -3972.3 125947
-3960.05 125913 -3960.05 125913
-3808.66 129700 -3808.66 129700
-3791.96 130393 -3791.96 130393
-3740.75 133189 -3740.75 133189
-3708.47 135701 -3708.47 135701
-3636.11 137680 -3636.11 137680
-3646.13 138929 -3646.13 138929
-3514.77 142302 -3514.77 142302
-3697.34 143117 -3697.34 143117
-3783.05 143415 -3783.05 143415
-3254.29 143537 -3254.29 143537
-1870.59 144617 -1870.59 144617
-1670.21 145383 -1670.21 145383
-1528.84 146603 -1528.84 146603
-1515.48 146307 -1515.48 146307
-1529.95 145414 -1529.95 145414
-687.26 145368 -687.26 145368
700.894 145325 700.894 145325
1208.51 145310 1208.51 145310
641.895 141436 641.895 141436
5793.76 132045 5793.76 132045
8259.49 128191 8259.49 128191
13225.5 124537 13225.5 124537
14915.3 121719 14915.3 121719
15395.1 116823 15395.1 116823
15873.7 114496 15873.7 114496
15503 114240 15503 114240
15170.2 115017 15170.2 115017
15389.5 117702 15389.5 117702
13283.3 117404 13283.3 117404
13234.4 117028 13234.4 117028
13167.6 116393 13167.6 116393
13422.5 116311 13422.5 116311
13485.9 115948 13485.9 115948
13491.5 115961 13491.5 115961
13492.6 115957 13492.6 115957
13482.6 115935 13482.6 115935
13483.7 115961 13483.7 115961
13484.8 115944 13484.8 115944
13485.9 115950 13485.9 115950
13483.7 115946 13483.7 115946
13480.4 115937 13480.4 115937
13483.7 115955 13483.7 115955
13482.6 115944 13482.6 115944
13483.7 115955 13483.7 115955
13481.5 115932 13481.5 115932
13481.5 115941 13481.5 115941
13484.8 115955 13484.8 115955
13488.2 115946 13488.2 115946
13484.8 115944 13484.8 115944
13482.6 115937 13482.6 115937
13487.1 115939 13487.1 115939
13487.1 115950 13487.1 115950
13483.7 115944 13483.7 115944
13487.1 115946 13487.1 115946
13484.8 115944 13484.8 115944
13483.7 115950 13483.7 115950
13484.8 115948 13484.8 115948
13488.2 115959 13488.2 115959
13482.6 115944 13482.6 115944
13483.7 115952 13483.7 115952
13336.8 116333 13336.8 116333
13167.6 116567 13167.6 116567
13717.5 117751 13717.5 117751
15296 118072 15296 118072
15444 118310 15444 118310
15444 118235 15444 118235
15446.3 118145 15446.3 118145
15429.6 118039 15429.6 118039
15435.1 118023 15435.1 118023
15399.5 117553 15399.5 117553
15389.5 117491 15389.5 117491
15381.7 117475 15381.7 117475
15346.1 117039 15346.1 117039
15319.4 116663 15319.4 116663
15298.2 116409 15298.2 116409
15271.5 116037 15271.5 116037
15213.6 115418 15213.6 115418
15329.4 115231 15329.4 115231
15339.4 115222 15339.4 115222
15358.3 115276 15358.3 115276
15460.7 115258 15460.7 115258
15464.1 115258 15464.1 115258
15956.1 114759 15956.1 114759
15473 117981 15473 117981
14983.2 121579 14983.2 121579
11188.3 126094 11188.3 126094
4420.08 134509 4420.08 134509
2159.18 138584 2159.18 138584
1130.59 142562 1130.59 142562
1205.17 150152 1205.17 150152
750.988 150174 750.988 150174
874.553 150292 874.553 150292
811.101 150535 811.101 150535
763.233 150631 763.233 150631
811.101 150660 811.101 150660
746.535 150720 746.535 150720
530.575 150586 530.575 150586
832.251 150212 832.251 150212
287.899 149524 287.899 149524
37.4301 147100 37.4301 147100
537.255 146510 537.255 146510
572.877 147874 572.877 147874
48.5621 148507 48.5621 148507
372.502 150181 372.502 150181
818.893 150346 818.893 150346
860.081 150125 860.081 150125
24.0718 149322 24.0718 149322
-707.297 148422 -707.297 148422
-719.542 147311 -719.542 147311
-650.524 145675 -650.524 145675
-1506.57 145327 -1506.57 145327
-1547.76 145626 -1547.76 145626
-1761.49 146908 -1761.49 146908
-1919.57 147937 -1919.57 147937
-2035.34 147353 -2035.34 147353
-1979.68 147033 -1979.68 147033
-1737 149863 -1737 149863
-1712.51 151076 -1712.51 151076
-1627.91 152432 -1627.91 152432
-531.412 152617 -531.412 152617
2656.78 152686 2656.78 152686
3049.74 152732 3049.74 152732
3428.22 153342 3428.22 153342
4327.68 153175 4327.68 153175
3820.07 154353 3820.07 154353
3804.48 154371 3804.48 154371
3816.73 154373 3816.73 154373
3815.61 154378 3815.61 154378
3816.73 154351 3816.73 154351
3815.61 154331 3815.61 154331
3974.8 154351 3974.8 154351
4378.89 157484 4378.89 157484
3892.42 159605 3892.42 159605
3259.02 159067 3259.02 159067
3034.15 157811 3034.15 157811
3057.53 156148 3057.53 156148
3753.27 154378 3753.27 154378
3813.39 154402 3813.39 154402
3813.39 154396 3813.39 154396
3173.3 154396 3173.3 154396
3069.77 152784 3069.77 152784
794.403 152592 794.403 152592
-631.6 152619 -631.6 152619
-1576.7 153612 -1576.7 153612
-2857.99 154389 -2857.99 154389
-3731.85 154180 -3731.85 154180
-3764.13 154200 -3764.13 154200
-4320.73 153469 -4320.73 153469
-4326.29 153469 -4326.29 153469
-4296.24 153743 -4296.24 153743
-3537.04 154502 -3537.04 154502
-3483.61 157034 -3483.61 157034
-3285.46 158180 -3285.46 158180
-3183.04 162132 -3183.04 162132
-2712.16 163902 -2712.16 163902
-2111.04 164766 -2111.04 164766
-2155.56 164842 -2155.56 164842
-2410.49 164626 -2410.49 164626
-1842.76 162023 -1842.76 162023
-1852.77 162043 -1852.77 162043
-1850.55 162045 -1850.55 162045
-1850.55 162052 -1850.55 162052
-1836.08 162059 -1836.08 162059
-1328.46 161538 -1328.46 161538
-1665.76 158977 -1665.76 158977
-3167.46 158761 -3167.46 158761
-3305.49 157809 -3305.49 157809
-3156.33 155157 -3156.33 155157
-3011.61 155170 -3011.61 155170
-2868.01 155148 -2868.01 155148
-2560.77 153055 -2560.77 153055
-2568.56 152668 -2568.56 152668
-2283.58 150731 -2283.58 150731
-2629.78 150635 -2629.78 150635
-1594.51 149103 -1594.51 149103
-1393.03 149166 -1393.03 149166
-1374.1 149175 -1374.1 149175
-1379.67 149172 -1379.67 149172
-1278.37 149019 -1278.37 149019
-1368.54 149150 -1368.54 149150
-1711.4 148712 -1711.4 148712
-2042.02 146993 -2042.02 146993
-4572.31 147062 -4572.31 147062
-11651.1 169715 -11651.1 169715
-6622.82 169691 -6622.82 169691
-2743.33 169608 -2743.33 169608
2616.7 168083 2616.7 168083
4679.45 170250 4679.45 170250
6501.75 174576 6501.75 174576
5261.65 175680 5261.65 175680
4839.75 176212 4839.75 176212
4975.56 176673 4975.56 176673
5306.18 174936 5306.18 174936
4908.77 173271 4908.77 173271
9388.27 168148 9388.27 168148
10956.8 162831 10956.8 162831
10475.9 151877 10475.9 151877
10268.8 145773 10268.8 145773
7447.97 136720 7447.97 136720
5526.59 132227 5526.59 132227
8108.09 126724 8108.09 126724
11661.4 117714 11661.4 117714
11914.1 115153 11914.1 115153
13986.9 104478 13986.9 104478
18912.8 97428.9 18912.8 97428.9
20944.3 94728.3 20944.3 94728.3
21000 94723.8 21000 94723.8
20998.9 94721.6 20998.9 94721.6
20936.6 94699.4 20936.6 94699.4
21056.8 94650.4 21056.8 94650.4
25148.9 94218.5 25148.9 94218.5
30320.8 93488.2 30320.8 93488.2
30606.9 88681.4 30606.9 88681.4
30690.4 87766.4 30690.4 87766.4
30692.6 87753 30692.6 87753
30689.3 87753 30689.3 87753
30693.7 87753 30693.7 87753
30703.7 87766.4 30703.7 87766.4
30692.6 87757.5 30692.6 87757.5
30687 87755.2 30687 87755.2
30679.2 87750.8 30679.2 87750.8
30694.8 87748.6 30694.8 87748.6
30689.3 87755.2 30689.3 87755.2
30694.8 87755.2 30694.8 87755.2
30698.2 87759.7 30698.2 87759.7
30697 87757.5 30697 87757.5
30693.7 87761.9 30693.7 87761.9
30687 87753 30687 87753
30692.6 87750.8 30692.6 87750.8
30692.6 87744.1 30692.6 87744.1
30691.5 87748.6 30691.5 87748.6
30685.9 87750.8 30685.9 87750.8
30691.5 87746.3 30691.5 87746.3
30693.7 87753 30693.7 87753
30703.7 87746.3 30703.7 87746.3
30700.4 87753 30700.4 87753
30698.2 87757.5 30698.2 87757.5
30694.8 87764.1 30694.8 87764.1
30698.2 87764.1 30698.2 87764.1
30701.5 87753 30701.5 87753
30697 87748.6 30697 87748.6
30703.7 87746.3 30703.7 87746.3
30680.3 87755.2 30680.3 87755.2
30673.7 87744.1 30673.7 87744.1
30698.2 87759.7 30698.2 87759.7
30689.3 87753 30689.3 87753
30683.7 87753 30683.7 87753
30699.3 87766.4 30699.3 87766.4
30685.9 87753 30685.9 87753
30679.2 87739.7 30679.2 87739.7
30690.4 87753 30690.4 87753
30687 87737.4 30687 87737.4
30682.6 87724.1 30682.6 87724.1
30684.8 87739.7 30684.8 87739.7
30691.5 87744.1 30691.5 87744.1
30683.7 87746.3 30683.7 87746.3
30678.1 87739.7 30678.1 87739.7
30681.5 87753 30681.5 87753
30687 87750.8 30687 87750.8
30692.6 87744.1 30692.6 87744.1
30705.9 87753 30705.9 87753
30700.4 87770.8 30700.4 87770.8
30691.5 87768.6 30691.5 87768.6
30698.2 87764.1 30698.2 87764.1
30691.5 87759.7 30691.5 87759.7
30697 87753 30697 87753
30692.6 87755.2 30692.6 87755.2
30699.3 87753 30699.3 87753
30690.4 87748.6 30690.4 87748.6
30689.3 87753 30689.3 87753
30703.7 87748.6 30703.7 87748.6
30695.9 87753 30695.9 87753
30694.8 87757.5 30694.8 87757.5
30695.9 87750.8 30695.9 87750.8
30698.2 87748.6 30698.2 87748.6
30694.8 87737.4 30694.8 87737.4
30689.3 87737.4 30689.3 87737.4
30692.6 87741.9 30692.6 87741.9
30695.9 87757.5 30695.9 87757.5
30690.4 87753 30690.4 87753
30690.4 87748.6 30690.4 87748.6
30695.9 87757.5 30695.9 87757.5
30687 87748.6 30687 87748.6
30694.8 87744.1 30694.8 87744.1
30697 87750.8 30697 87750.8
30695.9 87746.3 30695.9 87746.3
30691.5 87737.4 30691.5 87737.4
30694.8 87744.1 30694.8 87744.1
30698.2 87746.3 30698.2 87746.3
30694.8 87744.1 30694.8 87744.1
30695.9 87753 30695.9 87753
30689.3 87741.9 30689.3 87741.9
30674.8 87737.4 30674.8 87737.4
30688.1 87753 30688.1 87753
30684.8 87755.2 30684.8 87755.2
30701.5 87759.7 30701.5 87759.7
30699.3 87757.5 30699.3 87757.5
30702.6 87779.7 30702.6 87779.7
30694.8 87750.8 30694.8 87750.8
30693.7 87755.2 30693.7 87755.2
30689.3 87730.8 30689.3 87730.8
30817.3 87810.9 30817.3 87810.9
30809.5 87842.1 30809.5 87842.1
30809.5 87817.6 30809.5 87817.6
30805 87806.4 30805 87806.4
30447.7 91065.9 30447.7 91065.9
30036.9 94158.3 30036.9 94158.3
24548.9 94176.1 24548.9 94176.1
22546.2 94211.8 22546.2 94211.8
21313.9 94107.1 21313.9 94107.1
21061.2 94668.2 21061.2 94668.2
21065.7 94699.4 21065.7 94699.4
19620.8 96723.1 19620.8 96723.1
15263.7 102298 15263.7 102298
10450.3 119579 10450.3 119579
9495.13 122031 9495.13 122031
6892.48 129707 6892.48 129707
6487.28 130268 6487.28 130268
6492.85 130284 6492.85 130284
6496.19 130266 6496.19 130266
6496.19 130273 6496.19 130273
6497.3 130275 6497.3 130275
6497.3 130286 6497.3 130286
6495.07 130268 6495.07 130268
6490.62 130270 6490.62 130270
6492.85 130270 6492.85 130270
6499.53 130277 6499.53 130277
6500.64 130270 6500.64 130270
6498.41 130277 6498.41 130277
6512.88 130279 6512.88 130279
6497.3 130282 6497.3 130282
6174.47 130956 6174.47 130956
3633.05 133942 3633.05 133942
2624.5 132575 2624.5 132575
2605.57 132544 2605.57 132544
2601.12 132512 2601.12 132512
2603.34 132510 2603.34 132510
2421.89 132270 2421.89 132270
1573.64 132844 1573.64 132844
-297.642 133530 -297.642 133530
-1002.29 134632 -1002.29 134632
-4401.99 134759 -4401.99 134759
-5196.81 134785 -5196.81 134785
-5181.23 134454 -5181.23 134454
-4771.57 134460 -4771.57 134460
-3206.42 134763 -3206.42 134763
-3011.61 134636 -3011.61 134636
-3318.85 134596 -3318.85 134596
-3679.53 133839 -3679.53 133839
-3040.55 133626 -3040.55 133626
-2930.35 133882 -2930.35 133882
-4396.43 134714 -4396.43 134714
-5362.68 137747 -5362.68 137747
-5374.92 138835 -5374.92 138835
-5384.94 138711 -5384.94 138711
-9747.55 139419 -9747.55 139419
-12622.9 139445 -12622.9 139445
-14797 139882 -14797 139882
-15649.7 143130 -15649.7 143130
-15598.5 146027 -15598.5 146027
-15582.9 151123 -15582.9 151123
-15574 154302 -15574 154302
-15577.4 156958 -15577.4 156958
-15930.2 158220 -15930.2 158220
-19447.9 158220 -19447.9 158220
-19520.3 157519 -19520.3 157519
-17252.7 156197 -17252.7 156197
-15309.1 155308 -15309.1 155308
-14525.4 155195 -14525.4 155195
-11984 155037 -11984 155037
-11172.4 155246 -11172.4 155246
-10448.9 154712 -10448.9 154712
-10398.8 154086 -10398.8 154086
-10407.7 152007 -10407.7 152007
-10413.2 150406 -10413.2 150406
-10513.4 146637 -10513.4 146637
-11921.6 146153 -11921.6 146153
-12315.7 146136 -12315.7 146136
-12310.1 146198 -12310.1 146198
-12294.5 146202 -12294.5 146202
-12648.5 146305 -12648.5 146305
-11238.1 145695 -11238.1 145695
-9965.74 144495 -9965.74 144495
-6737.47 143635 -6737.47 143635
-4433.16 143600 -4433.16 143600
-2275.79 143468 -2275.79 143468
-977.804 145350 -977.804 145350
-23.7956 145361 -23.7956 145361
1316.49 144250 1316.49 144250
1351 143707 1351 143707
579.556 143753 579.556 143753
16.2794 144043 16.2794 144043
-616.015 144700 -616.015 144700
-619.355 145223 -619.355 145223
178.806 145336 178.806 145336
1407.77 144740 1407.77 144740
2267.16 144517 2267.16 144517
3039.72 142415 3039.72 142415
3650.86 141928 3650.86 141928
3650.86 141934 3650.86 141934
3651.97 141921 3651.97 141921
3641.96 141930 3641.96 141930
3660.88 141919 3660.88 141919
3649.75 141919 3649.75 141919
3648.63 141928 3648.63 141928
3643.07 141928 3643.07 141928
3643.07 141930 3643.07 141930
3653.09 141926 3653.09 141926
3651.97 141939 3651.97 141939
3640.84 141932 3640.84 141932
3640.84 141928 3640.84 141928
3647.52 141926 3647.52 141926
3640.84 141939 3640.84 141939
3643.07 141954 3643.07 141954
3640.84 141939 3640.84 141939
3636.39 141943 3636.39 141943
3636.39 141948 3636.39 141948
3640.84 141948 3640.84 141948
3640.84 141932 3640.84 141932
3641.96 141948 3641.96 141948
3638.62 141954 3638.62 141954
3646.41 141928 3646.41 141928
3640.84 141932 3640.84 141932
3641.96 141921 3641.96 141921
3644.18 141941 3644.18 141941
3364.77 142184 3364.77 142184
2412.99 142805 2412.99 142805
1691.64 144737 1691.64 144737
1309.81 143782 1309.81 143782
71.9392 143862 71.9392 143862
12.9398 145060 12.9398 145060
-1438.67 145352 -1438.67 145352
-1897.3 145314 -1897.3 145314
-1743.68 149920 -1743.68 149920
-1726.98 151597 -1726.98 151597
-2167.81 153411 -2167.81 153411
-2558.54 153124 -2558.54 153124
-2249.07 152746 -2249.07 152746
-1722.53 150025 -1722.53 150025
-1741.46 147514 -1741.46 147514
-1654.63 147198 -1654.63 147198
-1532.17 147282 -1532.17 147282
-1075.76 149028 -1075.76 149028
-1761.49 150274 -1761.49 150274
-1742.57 151181 -1742.57 151181
-2283.58 152623 -2283.58 152623
-3411.25 152686 -3411.25 152686
-4780.48 152706 -4780.48 152706
-5151.17 152744 -5151.17 152744
-6412.42 152837 -6412.42 152837
-7107.05 152888 -7107.05 152888
-8327.12 152906 -8327.12 152906
-9293.37 152866 -9293.37 152866
-10137.2 152626 -10137.2 152626
-10086 152004 -10086 152004
-9990.23 151434 -9990.23 151434
-10424.4 151960 -10424.4 151960
-10454.4 152579 -10454.4 152579
-10429.9 154563 -10429.9 154563
-12078.6 156789 -12078.6 156789
-13404.4 156722 -13404.4 156722
-14134.7 156784 -14134.7 156784
-14768.1 157192 -14768.1 157192
-15391.5 157301 -15391.5 157301
-15535.1 155820 -15535.1 155820
-14591.1 155230 -14591.1 155230
-13349.9 155208 -13349.9 155208
-12063 155079 -12063 155079
-11623.3 155066 -11623.3 155066
-10047 154781 -10047 154781
-9744.21 154756 -9744.21 154756
-9664.06 156735 -9664.06 156735
-9660.72 156735 -9660.72 156735
-9661.84 157666 -9661.84 157666
-9626.21 158804 -9626.21 158804
-9603.95 159984 -9603.95 159984
-9184.28 159547 -9184.28 159547
-8516.36 159300 -8516.36 159300
-8431.76 158140 -8431.76 158140
-8437.32 157524 -8437.32 157524
-8437.32 157343 -8437.32 157343
-8448.45 157096 -8448.45 157096
-8452.91 155763 -8452.91 155763
-8399.47 155235 -8399.47 155235
-8449.57 154899 -8449.57 154899
-8457.36 154894 -8457.36 154894
-8439.55 154681 -8439.55 154681
-9027.32 154612 -9027.32 154612
-9317.86 154578 -9317.86 154578
-10264.1 154289 -10264.1 154289
-10384.3 152445 -10384.3 152445
-10387.6 151508 -10387.6 151508
-10785.1 149905 -10785.1 149905
-10802.9 149551 -10802.9 149551
-10828.5 148237 -10828.5 148237
-11666.7 148220 -11666.7 148220
-11821.4 147779 -11821.4 147779
-11820.3 147538 -11820.3 147538
-13333.2 147273 -13333.2 147273
-14140.2 147269 -14140.2 147269
-15486.1 147282 -15486.1 147282
-16476.8 147095 -16476.8 147095
-15705.4 147300 -15705.4 147300
-15054.2 147293 -15054.2 147293
-14273.8 147300 -14273.8 147300
-14269.4 147313 -14269.4 147313
-13422.2 147296 -13422.2 147296
-12669.7 147307 -12669.7 147307
-11563.2 148237 -11563.2 148237
-10955.4 148231 -10955.4 148231
-10818.4 149130 -10818.4 149130
-10819.6 149164 -10819.6 149164
-10112.7 149253 -10112.7 149253
-9627.33 149219 -9627.33 149219
-9536.05 150522 -9536.05 150522
-9480.39 151399 -9480.39 151399
-8529.72 151552 -8529.72 151552
-8490.76 151866 -8490.76 151866
-8511.91 151877 -8511.91 151877
-8816.92 152189 -8816.92 152189
-8773.51 152396 -8773.51 152396
-8500.77 153086 -8500.77 153086
-8492.98 153770 -8492.98 153770
-8478.51 153908 -8478.51 153908
-8485.19 154073 -8485.19 154073
-8452.91 155159 -8452.91 155159
-8460.7 156664 -8460.7 156664
-8464.04 157201 -8464.04 157201
-8455.13 158189 -8455.13 158189
-8472.94 158935 -8472.94 158935
-8163.48 158949 -8163.48 158949
-7969.78 158928 -7969.78 158928
-7619.12 158421 -7619.12 158421
-7262.9 157918 -7262.9 157918
-7268.47 157443 -7268.47 157443
-7279.6 157172 -7279.6 157172
-7282.94 157158 -7282.94 157158
-7301.86 156226 -7301.86 156226
-7364.2 153921 -7364.2 153921
-7475.52 153267 -7475.52 153267
-7502.24 152924 -7502.24 152924
-7622.46 151381 -7622.46 151381
-7614.67 149589 -7614.67 149589
-7808.37 148605 -7808.37 148605
-7839.54 147402 -7839.54 147402
-7820.61 147340 -7820.61 147340
-7837.31 146701 -7837.31 146701
-7872.93 146007 -7872.93 146007
-7664.77 146630 -7664.77 146630
-14266 139501 -14266 139501
-7196.11 146452 -7196.11 146452
-7366.43 145477 -7366.43 145477
-7467.73 145370 -7467.73 145370
-7850.67 144488 -7850.67 144488
-7723.76 144397 -7723.76 144397
-7751.59 144410 -7751.59 144410
-7767.18 143825 -7767.18 143825
-6198.69 145481 -6198.69 145481
-6045.07 145779 -6045.07 145779
-6023.92 146708 -6023.92 146708
-6015.01 146950 -6015.01 146950
-4945.23 147714 -4945.23 147714
-4909.61 148932 -4909.61 148932
-4895.14 149491 -4895.14 149491
-4860.63 150346 -4860.63 150346
-4463.22 151094 -4463.22 151094
-3619.42 152390 -3619.42 152390
-3561.53 153723 -3561.53 153723
-3563.76 154151 -3563.76 154151
-3522.57 155101 -3522.57 155101
-3469.13 157245 -3469.13 157245
-3301.04 157960 -3301.04 157960
-2967.08 160912 -2967.08 160912
-1372.99 161093 -1372.99 161093
-686.147 161756 -686.147 161756
-815.277 162159 -815.277 162159
-2568.56 162114 -2568.56 162114
-3187.5 161344 -3187.5 161344
-3252.06 159209 -3252.06 159209
-3204.19 160349 -3204.19 160349
-2884.71 158098 -2884.71 158098
-1811.59 158029 -1811.59 158029
552.839 157911 552.839 157911
629.65 157969 629.65 157969
724.271 157913 724.271 157913
674.178 157461 674.178 157461
609.612 156851 609.612 156851
611.839 156847 611.839 156847
612.952 156829 612.952 156829
605.16 156845 605.16 156845
611.839 156838 611.839 156838
618.518 156072 618.518 156072
-1516.59 155867 -1516.59 155867
-2932.57 155921 -2932.57 155921
-3584.91 155219 -3584.91 155219
-4240.58 155934 -4240.58 155934
-7248.43 156845 -7248.43 156845
-8405.04 156889 -8405.04 156889
-8456.25 158537 -8456.25 158537
-8465.15 161524 -8465.15 161524
-9075.18 161885 -9075.18 161885
-8961.64 161251 -8961.64 161251
-8430.64 160144 -8430.64 160144
-8423.96 157158 -8423.96 157158
-8423.96 155631 -8423.96 155631
-8155.68 154923 -8155.68 154923
-8450.68 156183 -8450.68 156183
-8449.57 156299 -8449.57 156299
-8456.25 156564 -8456.25 156564
-8456.25 156620 -8456.25 156620
-8470.72 160500 -8470.72 160500
-8481.85 160912 -8481.85 160912
-8491.87 162090 -8491.87 162090
-9079.64 162195 -9079.64 162195
-9546.06 161865 -9546.06 161865
-8609.87 161206 -8609.87 161206
-8430.64 158416 -8430.64 158416
-8391.68 155157 -8391.68 155157
-8425.08 155658 -8425.08 155658
-8452.91 156237 -8452.91 156237
-8808.02 156889 -8808.02 156889
-9458.12 156869 -9458.12 156869
-10110.5 157054 -10110.5 157054
-10069.3 157092 -10069.3 157092
-9705.25 156927 -9705.25 156927
-8421.74 156778 -8421.74 156778
-8192.42 154565 -8192.42 154565
-7398.71 154516 -7398.71 154516
-6188.67 155604 -6188.67 155604
-6131.9 156584 -6131.9 156584
-5731.15 158784 -5731.15 158784
-5664.35 161778 -5664.35 161778
-5157.85 164120 -5157.85 164120
-3063.93 163976 -3063.93 163976
-1018.99 164753 -1018.99 164753
-460.168 166111 -460.168 166111
-357.754 169344 -357.754 169344
324.634 171240 324.634 171240
2385.16 174696 2385.16 174696
3295.75 176417 3295.75 176417
3605.22 177817 3605.22 177817
3479.43 177980 3479.43 177980
3358.09 176679 3358.09 176679
2492.02 174874 2492.02 174874
376.955 171283 376.955 171283
-355.528 169001 -355.528 169001
-1020.11 164742 -1020.11 164742
-1258.33 161970 -1258.33 161970
-845.333 161086 -845.333 161086
54.1281 161919 54.1281 161919
-569.261 161253 -569.261 161253
-553.676 159906 -553.676 159906
-1064.63 157956 -1064.63 157956
-1145.9 156270 -1145.9 156270
-2522.92 155604 -2522.92 155604
-2679.88 154347 -2679.88 154347
-3210.87 154013 -3210.87 154013
-2761.14 153438 -2761.14 153438
-2538.5 153474 -2538.5 153474
-2535.16 153467 -2535.16 153467
-2511.79 153467 -2511.79 153467
-2503.99 153487 -2503.99 153487
-2510.67 153469 -2510.67 153469
-2500.65 153463 -2500.65 153463
-2495.09 153443 -2495.09 153443
-2493.98 153440 -2493.98 153440
-2481.73 153449 -2481.73 153449
-1747.02 153396 -1747.02 153396
-1418.63 153803 -1418.63 153803
-1662.42 151666 -1662.42 151666
-1833.85 145029 -1833.85 145029
-3308.83 143493 -3308.83 143493
-3303.27 137842 -3303.27 137842
-3660.6 136540 -3660.6 136540
-3773.04 133470 -3773.04 133470
-3747.43 131942 -3747.43 131942
-3852.07 127516 -3852.07 127516
-4227.22 124057 -4227.22 124057
-4365.26 119951 -4365.26 119951
-4300.69 118157 -4300.69 118157
-4474.35 116251 -4474.35 116251
-4100.32 115683 -4100.32 115683
-3848.73 117139 -3848.73 117139
-2987.12 117197 -2987.12 117197
-1661.31 115823 -1661.31 115823
-718.429 114383 -718.429 114383
599.594 111164 599.594 111164
921.307 110311 921.307 110311
434.841 111595 434.841 111595
215.541 112453 215.541 112453
1062.68 113935 1062.68 113935
2832.66 112459 2832.66 112459
6173.36 111017 6173.36 111017
8739.27 110393 8739.27 110393
11783.9 109540 11783.9 109540
12597.6 107583 12597.6 107583
15258.1 102336 15258.1 102336
17354.3 98876.1 17354.3 98876.1
20888.7 95264.9 20888.7 95264.9
20963.3 94690.4 20963.3 94690.4
20945.5 94697.1 20945.5 94697.1
20956.6 94703.8 20956.6 94703.8
20945.5 94699.4 20945.5 94699.4
21762.5 94173.9 21762.5 94173.9
25393.8 94189.5 25393.8 94189.5
27892.9 94363.2 27892.9 94363.2
30435.4 91370.9 30435.4 91370.9
30849.6 87750.8 30849.6 87750.8
30300.7 86853.6 30300.7 86853.6
30303 86826.8 30303 86826.8
30300.7 86849.1 30300.7 86849.1
30299.6 86851.3 30299.6 86851.3
30298.5 86840.2 30298.5 86840.2
30300.7 86853.6 30300.7 86853.6
30301.9 86878 30301.9 86878
30300.7 86873.6 30300.7 86873.6
30301.9 86875.8 30301.9 86875.8
30304.1 86878 30304.1 86878
30305.2 86864.7 30305.2 86864.7
30306.3 86875.8 30306.3 86875.8
30300.7 86873.6 30300.7 86873.6
30305.2 86871.4 30305.2 86871.4
30303 86873.6 30303 86873.6
30306.3 86871.4 30306.3 86871.4
30308.5 86864.7 30308.5 86864.7
30300.7 86869.1 30300.7 86869.1
30306.3 86880.3 30306.3 86880.3
30309.7 86871.4 30309.7 86871.4
30310.8 86878 30310.8 86878
30311.9 86873.6 30311.9 86873.6
30308.5 86871.4 30308.5 86871.4
30297.4 86895.9 30297.4 86895.9
30307.4 86873.6 30307.4 86873.6
30305.2 86878 30305.2 86878
30306.3 86875.8 30306.3 86875.8
30301.9 86862.5 30301.9 86862.5
30309.7 86866.9 30309.7 86866.9
30300.7 86864.7 30300.7 86864.7
30301.9 86882.5 30301.9 86882.5
30298.5 86873.6 30298.5 86873.6
30294.1 86880.3 30294.1 86880.3
30306.3 86869.1 30306.3 86869.1
30299.6 86880.3 30299.6 86880.3
30305.2 86862.5 30305.2 86862.5
30306.3 86875.8 30306.3 86875.8
30316.3 86858 30316.3 86858
30311.9 86864.7 30311.9 86864.7
30316.3 86860.2 30316.3 86860.2
30309.7 86875.8 30309.7 86875.8
30323 86860.2 30323 86860.2
30306.3 86871.4 30306.3 86871.4
30306.3 86878 30306.3 86878
30308.5 86866.9 30308.5 86866.9
30309.7 86869.1 30309.7 86869.1
30306.3 86886.9 30306.3 86886.9
30304.1 86875.8 30304.1 86875.8
30301.9 86878 30301.9 86878
30297.4 86880.3 30297.4 86880.3
30303 86864.7 30303 86864.7
30305.2 86884.7 30305.2 86884.7
30298.5 86862.5 30298.5 86862.5
30307.4 86866.9 30307.4 86866.9
30309.7 86866.9 30309.7 86866.9
30299.6 86873.6 30300.7 86873.6
30304.1 86880.3 30304.1 86880.3
30300.7 86880.3 30300.7 86880.3
30306.3 86875.8 30306.3 86875.8
30305.2 86873.6 30305.2 86873.6
30303 86864.7 30303 86864.7
30298.5 86873.6 30298.5 86873.6
30301.9 86842.4 30301.9 86842.4
30303 86869.1 30303 86869.1
30303 86875.8 30303 86875.8
30299.6 86875.8 30299.6 86875.8
30304.1 86864.7 30304.1 86864.7
30300.7 86864.7 30300.7 86864.7
30308.5 86878 30308.5 86878
30311.9 86878 30311.9 86878
30308.5 86880.3 30308.5 86880.3
30299.6 86866.9 30299.6 86866.9
30303 86860.2 30303 86860.2
30301.9 86862.5 30301.9 86862.5
30306.3 86871.4 30306.3 86871.4
30300.7 86851.3 30300.7 86851.3
30301.9 86846.9 30301.9 86846.9
30305.2 86855.8 30305.2 86855.8
30303 86846.9 30303 86846.9
30301.9 86858 30301.9 86858
30303 86871.4 30303 86871.4
30304.1 86866.9 30305.2 86866.9
30306.3 86866.9 30306.3 86866.9
30308.5 86882.5 30308.5 86882.5
30306.3 86871.4 30305.2 86871.4
30300.7 86873.6 30300.7 86873.6
30304.1 86880.3 30304.1 86880.3
30299.6 86884.7 30299.6 86884.7
30305.2 86866.9 30305.2 86866.9
30301.9 86866.9 30301.9 86866.9
30293 86862.5 30293 86862.5
30297.4 86866.9 30297.4 86866.9
30305.2 86871.4 30305.2 86871.4
30307.4 86880.3 30307.4 86880.3
30304.1 86866.9 30304.1 86866.9
30300.7 86855.8 30300.7 86855.8
30298.5 86855.8 30298.5 86855.8
30303 86869.1 30303 86869.1
30307.4 86864.7 30307.4 86864.7
30310.8 86871.4 30310.8 86871.4
30303 86866.9 30303 86866.9
30301.9 86869.1 30301.9 86869.1
30305.2 86871.4 30305.2 86871.4
30303 86864.7 30303 86864.7
30306.3 86869.1 30306.3 86869.1
30305.2 86862.5 30305.2 86862.5
30303 86869.1 30303 86869.1
30305.2 86869.1 30305.2 86869.1
30297.4 86864.7 30297.4 86864.7
30314.1 86851.3 30314.1 86851.3
30296.3 86858 30296.3 86858
30295.2 86864.7 30295.2 86864.7
30301.9 86875.8 30301.9 86875.8
30301.9 86866.9 30301.9 86866.9
30289.6 86866.9 30289.6 86866.9
30304.1 86882.5 30304.1 86882.5
30304.1 86871.4 30304.1 86871.4
30303 86869.1 30303 86869.1
30301.9 86871.4 30301.9 86871.4
30300.7 86878 30300.7 86878
30306.3 86878 30306.3 86878
30299.6 86862.5 30299.6 86862.5
30300.7 86878 30300.7 86878
30306.3 86878 30306.3 86878
30300.7 86869.1 30300.7 86869.1
30294.1 86853.6 30294.1 86853.6
30296.3 86864.7 30296.3 86864.7
30303 86898.1 30303 86898.1
30386.5 87468 30386.5 87468
30613.6 88605.7 30613.6 88605.7
28386.1 90464.8 28386.1 90464.8
27472.1 92911.6 27472.1 92911.6
24071.3 94198.4 24071.3 94198.4
23199.7 94222.9 23199.7 94222.9
21205.9 94145 21205.9 94145
19297.9 97025.9 19297.9 97025.9
16579.5 100076 16579.5 100076
14575.8 103460 14575.8 103460
12618.8 107412 12618.8 107412
12418.4 108904 12418.4 108904
12000.9 113837 12000.9 113837
11697 117493 11697 117493
10125.2 120025 10125.2 120025
9374.91 122485 9374.91 122485
9329.27 122676 9329.27 122676
9325.93 122656 9325.93 122656
9320.36 122663 9320.36 122663
9335.95 122649 9335.95 122649
8169.32 126494 8169.32 126494
7736.29 127788 7736.29 127788
6008.61 131232 6008.61 131232
5046.81 131079 5046.81 131079
3835.65 131038 3835.65 131038
3148.81 131392 3148.81 131392
3200.02 132134 3200.02 132134
3155.49 132172 3155.49 132172
3142.13 132207 3142.13 132207
2867.17 132722 2867.17 132722
3050.85 134808 3050.85 134808
2925.06 136306 2925.06 136306
2131.35 135349 2131.35 135349
1422.24 133784 1422.24 133784
1175.12 132018 1175.12 132018
1153.96 132036 1153.96 132036
1425.58 131557 1425.58 131557
1928.75 131123 1928.75 131123
2371.8 130313 2371.8 130313
1851.94 131145 1851.94 131145
-14319.4 135496 -14319.4 135496
-13001.4 135293 -13001.4 135293
-13031.5 134347 -13031.5 134347
-13038.2 134572 -13038.2 134572
-13215.2 135300 -13215.2 135300
-13569.2 136440 -13569.2 136440
-13551.3 136431 -13551.3 136431
-13578.1 136480 -13578.1 136480
-13018.1 136469 -13018.1 136469
-12641.9 133821 -12641.9 133821
-12512.7 133824 -12512.7 133824
-8657.74 139392 -8657.74 139392
-7584.62 139350 -7584.62 139350
-6168.63 141567 -6168.63 141567
-6180.88 141572 -6180.88 141572
-7000.19 142674 -7000.19 142674
-7378.67 140541 -7378.67 140541
-9303.39 130885 -9303.39 130885
-11671.2 124707 -11671.2 124707
-12310.1 123041 -12310.1 123041
-15252.3 115714 -15252.3 115714
-13603.7 119773 -13603.7 119773
-12476 122808 -12476 122808
-12284.5 123300 -12284.5 123300
-10018.1 129095 -10018.1 129095
-8301.51 131121 -8301.51 131121
-8497.44 127318 -8497.44 127318
-9253.29 127198 -9253.29 127198
-9421.39 128322 -9421.39 128322
-9900.06 128340 -9900.06 128340
-9903.4 128313 -9903.4 128313
-9905.63 128327 -9905.63 128327
-9905.63 128325 -9906.74 128325
-9903.4 128289 -9903.4 128289
-9910.08 128296 -9910.08 128296
-9902.29 128304 -9902.29 128304
-9898.95 128322 -9898.95 128322
-9905.63 128313 -9905.63 128313
-9904.51 128340 -9904.51 128340
-9906.74 128329 -9906.74 128329
-9910.08 128325 -9910.08 128325
-8940.49 129021 -8940.49 129021
-8767.94 129271 -8767.94 129271
-8723.41 129273 -8723.41 129273
-8717.85 129291 -8717.85 129291
-8724.53 129273 -8724.53 129273
-8498.55 128316 -8498.55 128316
-5260.26 130132 -5260.26 130132
-4760.44 133599 -4760.44 133599
-5212.4 133764 -5212.4 133764
-5234.66 133715 -5234.66 133715
-5091.06 134498 -5091.06 134498
-7791.67 134970 -7791.67 134970
-7778.31 138973 -7778.31 138973
-7924.14 139232 -7924.14 139232
-11159.1 139421 -11159.1 139421
-12841.1 141062 -12841.1 141062
-12811.1 141787 -12811.1 141787
-10923.1 145481 -10923.1 145481
-9444.76 144223 -9444.76 144223
-8521.93 143687 -8521.93 143687
-4770.46 143593 -4770.46 143593
-175.19 142854 -175.19 142854
517.217 143849 517.217 143849
1340.98 143529 1340.98 143529
1892.01 143183 1892.01 143183
2002.22 142433 2002.22 142433
4427.87 138446 4427.87 138446
6204.53 137951 6204.53 137951
6076.51 138312 6076.51 138312
6063.15 138310 6063.15 138310
5996.36 138508 5996.36 138508
5228.26 138468 5228.26 138468
3651.97 138706 3651.97 138706
3536.2 139347 3536.2 139347
3508.37 139459 3508.37 139459
3388.15 138568 3388.15 138568
3367 137001 3367 137001
2510.95 135821 2510.95 135821
2804.83 135211 2804.83 135211
3420.43 134674 3420.43 134674
3520.62 134721 3520.62 134721
3365.88 134516 3365.88 134516
2505.38 133485 2505.38 133485
2184.78 133944 2184.78 133944
1433.38 133924 1433.38 133924
1398.87 132964 1398.87 132964
1414.45 132439 1414.45 132439
1428.92 132098 1428.92 132098
1436.72 132049 1436.72 132049
1417.79 132060 1417.79 132060
1966.6 131274 1966.6 131274
1938.77 129743 1938.77 129743
2485.35 129703 2485.35 129703
3122.09 130195 3122.09 130195
2744.72 132942 2744.72 132942
2197.03 133904 2197.03 133904
2022.26 133461 2022.26 133461
1971.05 131272 1971.05 131272
1407.77 129558 1407.77 129558
1407.77 129614 1407.77 129614
1886.45 127835 1886.45 127835
1897.58 129505 1897.58 129505
2461.97 129696 2461.97 129696
3167.73 131470 3167.73 131470
3183.32 131477 3183.32 131477
3141.02 131477 3141.02 131477
3122.09 131461 3122.09 131461
3152.15 131459 3152.15 131459
3152.15 131448 3152.15 131448
3123.21 129954 3123.21 129954
2305.01 129651 2305.01 129651
2057.88 129705 2057.88 129705
3090.92 129714 3090.92 129714
3136.56 131455 3136.56 131455
3131 131444 3131 131444
3165.51 131399 3165.51 131399
3372.56 133592 3372.56 133592
4042.71 134447 4042.71 134447
4128.42 134590 4128.42 134590
4437.89 134445 4437.89 134445
2663.46 139345 2663.46 139345
3993.72 141267 3993.72 141267
3010.77 142404 3010.77 142404
2353.99 142892 2353.99 142892
2520.97 146643 2520.97 146643
2478.67 146877 2478.67 146877
2357.33 147712 2357.33 147712
1942.11 147915 1942.11 147915
1885.33 147487 1885.33 147487
1886.45 147418 1886.45 147418
1499.06 146919 1499.06 146919
1295.34 145143 1295.34 145143
1231.89 142600 1231.89 142600
1156.19 142253 1156.19 142253
1893.13 140879 1893.13 140879
2988.51 139793 2988.51 139793
4248.65 141523 4248.65 141523
4521.38 141567 4521.38 141567
4522.49 140387 4522.49 140387
4445.68 139733 4445.68 139733
4634.93 140225 4634.93 140225
4650.51 140198 4650.51 140198
4315.44 141442 4315.44 141442
3596.31 141681 3596.31 141681
3623.03 141863 3623.03 141863
3638.62 141859 3638.62 141859
3628.6 141854 3628.6 141854
3633.05 141848 3633.05 141848
3631.94 141843 3631.94 141843
3616.35 141861 3616.35 141861
3630.82 141854 3630.82 141854
3621.92 141863 3621.92 141863
3630.82 141852 3630.82 141852
3641.96 141854 3641.96 141854
3641.96 141865 3641.96 141865
3639.73 141839 3639.73 141839
3628.6 141848 3628.6 141848
3631.94 141852 3631.94 141852
3637.5 141836 3637.5 141836
3602.99 141839 3602.99 141839
3616.35 141841 3616.35 141841
3016.34 142398 3016.34 142398
1762.88 141169 1762.88 141169
1787.37 141224 1787.37 141224
1785.15 141189 1785.15 141189
1761.77 141215 1761.77 141215
1785.15 141220 1785.15 141220
1797.39 141180 1797.39 141180
1767.34 141193 1767.34 141193
1742.84 141220 1742.84 141220
1729.49 141233 1729.49 141233
1776.24 141244 1776.24 141244
2655.66 139485 2655.66 139485
3123.21 138911 3123.21 138911
3117.64 138895 3117.64 138895
3287.96 138508 3287.96 138508
2849.36 139169 2849.36 139169
1869.75 141198 1869.75 141198
2041.18 141636 2041.18 141636
2044.52 141647 2044.52 141647
2028.94 141692 2028.94 141692
2002.22 141587 2002.22 141587
2425.23 139779 2425.23 139779
3292.41 137479 3292.41 137479
3559.58 137889 3559.58 137889
3490.56 139543 3490.56 139543
3492.79 139530 3492.79 139530
3511.71 139503 3511.71 139503
3487.22 139550 3487.22 139550
3478.32 139577 3478.32 139577
3473.86 139572 3473.86 139572
3478.32 139570 3478.32 139570
3470.52 139581 3470.52 139581
3477.2 139554 3477.2 139554
2813.74 139425 2813.74 139425
1766.22 141151 1766.22 141151
1780.69 141182 1780.69 141182
1784.03 141206 1784.03 141206
1801.84 141173 1801.84 141173
1787.37 141198 1787.37 141198
1800.73 141191 1800.73 141191
1802.96 141191 1802.96 141191
1819.66 141160 1819.66 141160
1825.22 141155 1825.22 141155
1785.15 141224 1785.15 141224
1794.05 141229 1794.05 141229
1789.6 141231 1789.6 141231
1787.37 141242 1787.37 141242
1785.15 141231 1785.15 141231
1796.28 141226 1796.28 141226
1808.52 141271 1808.52 141271
1808.52 141202 1808.52 141202
1804.07 141222 1804.07 141222
1796.28 141209 1796.28 141209
1790.71 141313 1790.71 141313
1807.41 141260 1807.41 141260
1815.2 141251 1815.2 141251
1794.05 141311 1794.05 141311
1782.92 141244 1782.92 141244
1796.28 141240 1796.28 141240
1800.73 141175 1800.73 141175
1640.43 141371 1640.43 141371
-962.219 139746 -962.219 139746
-1731.44 137747 -1731.44 137747
296.805 130771 296.805 130771
-170.737 128142 -170.737 128142
-3602.72 127120 -3602.72 127120
-4089.18 120396 -4089.18 120396
-2827.93 118039 -2827.93 118039
-2251.3 116794 -2251.3 116794
-1152.58 115369 -1152.58 115369
-1222.71 115204 -1222.71 115204
238.918 112960 238.918 112960
1581.43 113739 1581.43 113739
4588.17 111137 4588.17 111137
7086.18 110899 7086.18 110899
11640.3 117596 11640.3 117596
12646.6 118183 12646.6 118183
14640.3 118564 14640.3 118564
16095.3 121191 16095.3 121191
16608.4 122044 16608.4 122044
15833.7 121714 15833.7 121714
15614.4 119477 15614.4 119477
14437.7 118517 14437.7 118517
13195.4 116672 13195.4 116672
13548.3 116271 13548.3 116271
13583.9 116275 13583.9 116275
13251.1 116344 13251.1 116344
13155.3 112555 13155.3 112555
13047.3 109970 13047.3 109970
13294.5 105822 13294.5 105822
15071.1 102643 15071.1 102643
17563.6 98744.7 17563.6 98744.7
19739.9 96623 19739.9 96623
21040.1 94677.1 21040.1 94677.1
21004.5 94721.6 21004.5 94721.6
26895.5 94381 26895.5 94381
29364.5 94256.3 29364.5 94256.3
30441 91419.9 30441 91419.9
30709.3 88055.8 30709.3 88055.8
30688.1 87755.2 30688.1 87755.2
30692.6 87755.2 30693.7 87755.2
30690.4 87757.5 30690.4 87757.5
30692.6 87753 30692.6 87753
30689.3 87744.1 30689.3 87744.1
30694.8 87766.4 30694.8 87766.4
30698.2 87759.7 30698.2 87759.7
30690.4 87750.8 30690.4 87750.8
30690.4 87753 30690.4 87753
30693.7 87757.5 30693.7 87757.5
30698.2 87753 30698.2 87753
30695.9 87759.7 30695.9 87759.7
30693.7 87744.1 30693.7 87744.1
30694.8 87755.2 30693.7 87755.2
30695.9 87750.8 30695.9 87750.8
30695.9 87739.7 30695.9 87739.7
30694.8 87741.9 30694.8 87741.9
30693.7 87746.3 30693.7 87746.3
30694.8 87726.3 30694.8 87726.3
30694.8 87739.7 30694.8 87739.7
30697 87748.6 30697 87748.6
30692.6 87746.3 30692.6 87746.3
30697 87739.7 30697 87739.7
30695.9 87746.3 30695.9 87746.3
30697 87744.1 30697 87744.1
30695.9 87746.3 30695.9 87746.3
30698.2 87755.2 30698.2 87755.2
30690.4 87759.7 30690.4 87759.7
30694.8 87757.5 30694.8 87757.5
30699.3 87750.8 30699.3 87750.8
30694.8 87744.1 30694.8 87744.1
30693.7 87757.5 30693.7 87757.5
30695.9 87744.1 30694.8 87744.1
30700.4 87750.8 30700.4 87750.8
30691.5 87753 30691.5 87753
30693.7 87741.9 30693.7 87741.9
30688.1 87744.1 30689.3 87744.1
30677 87735.2 30677 87735.2
30692.6 87750.8 30692.6 87750.8
30694.8 87741.9 30694.8 87741.9
30690.4 87741.9 30690.4 87741.9
30691.5 87744.1 30691.5 87744.1
30694.8 87733 30694.8 87733
30697 87746.3 30697 87746.3
30694.8 87741.9 30694.8 87741.9
30690.4 87748.6 30690.4 87748.6
30693.7 87766.4 30693.7 87766.4
30685.9 87757.5 30685.9 87757.5
30703.7 87748.6 30703.7 87748.6
30695.9 87766.4 30695.9 87766.4
30684.8 87750.8 30684.8 87750.8
30701.5 87753 30701.5 87753
30701.5 87757.5 30701.5 87757.5
30701.5 87761.9 30701.5 87761.9
30687 87741.9 30687 87741.9
30679.2 87755.2 30679.2 87755.2
30693.7 87750.8 30693.7 87750.8
30683.7 87755.2 30683.7 87755.2
30677 87750.8 30677 87750.8
30661.4 87755.2 30661.4 87755.2
30685.9 87746.3 30685.9 87746.3
30695.9 87753 30695.9 87753
30689.3 87755.2 30689.3 87755.2
30705.9 87750.8 30705.9 87750.8
30695.9 87746.3 30695.9 87746.3
30689.3 87748.6 30689.3 87748.6
30689.3 87741.9 30689.3 87741.9
30698.2 87761.9 30698.2 87761.9
30683.7 87741.9 30682.6 87741.9
30681.5 87744.1 30681.5 87744.1
30679.2 87741.9 30679.2 87741.9
30684.8 87733 30684.8 87733
30690.4 87746.3 30690.4 87746.3
30684.8 87750.8 30684.8 87750.8
30685.9 87755.2 30685.9 87755.2
30699.3 87761.9 30699.3 87761.9
30689.3 87757.5 30689.3 87757.5
30695.9 87753 30695.9 87753
30695.9 87748.6 30695.9 87748.6
30697 87755.2 30697 87755.2
30701.5 87750.8 30701.5 87750.8
30699.3 87753 30699.3 87753
30688.1 87750.8 30688.1 87750.8
30688.1 87748.6 30688.1 87748.6
30697 87755.2 30697 87755.2
30693.7 87757.5 30693.7 87757.5
30687 87746.3 30687 87746.3
30694.8 87755.2 30694.8 87755.2
30695.9 87750.8 30695.9 87750.8
30698.2 87750.8 30698.2 87750.8
30702.6 87739.7 30702.6 87739.7
30702.6 87755.2 30702.6 87755.2
30695.9 87759.7 30695.9 87759.7
30695.9 87757.5 30695.9 87757.5
30700.4 87755.2 30700.4 87755.2
30685.9 87755.2 30685.9 87755.2
30683.7 87750.8 30683.7 87750.8
30698.2 87750.8 30698.2 87750.8
30693.7 87739.7 30693.7 87739.7
30694.8 87741.9 30694.8 87741.9
30697 87750.8 30697 87750.8
30691.5 87753 30691.5 87753
30692.6 87744.1 30692.6 87744.1
30697 87744.1 30697 87744.1
30692.6 87750.8 30692.6 87750.8
30695.9 87757.5 30695.9 87757.5
30680.3 87730.8 30680.3 87730.8
30681.5 87737.4 30681.5 87737.4
30694.8 87764.1 30695.9 87764.1
30689.3 87755.2 30689.3 87755.2
30693.7 87748.6 30693.7 87748.6
30688.1 87753 30688.1 87753
30693.7 87761.9 30693.7 87761.9
30699.3 87755.2 30699.3 87755.2
30694.8 87753 30694.8 87753
30691.5 87750.8 30691.5 87750.8
30689.3 87753 30689.3 87753
30692.6 87761.9 30692.6 87761.9
30697 87766.4 30697 87766.4
30693.7 87750.8 30693.7 87750.8
30692.6 87755.2 30692.6 87755.2
30699.3 87746.3 30699.3 87746.3
30699.3 87766.4 30699.3 87766.4
30694.8 87755.2 30694.8 87755.2
30682.6 87753 30682.6 87753
30692.6 87753 30692.6 87753
30691.5 87750.8 30691.5 87750.8
30690.4 87753 30690.4 87753
30691.5 87755.2 30691.5 87755.2
30692.6 87759.7 30692.6 87759.7
30690.4 87746.3 30690.4 87746.3
30811.7 87802 30811.7 87802
30817.3 87786.4 30817.3 87786.4
30816.2 87815.4 30816.2 87815.4
30589.1 88699.2 30589.1 88699.2
28725.6 94271.9 28725.6 94271.9
24975.2 94196.2 24975.2 94196.2
23682.8 94218.5 23682.8 94218.5
20927.6 95122.4 20927.6 95122.4
17617 98675.7 17617 98675.7
15713.4 101537 15713.4 101537
13175.4 105689 13175.4 105689
12509.7 107931 12509.7 107931
12104.5 112657 12104.5 112657
11835.1 115921 11835.1 115921
10793.1 119256 10793.1 119256
9081.03 123736 9081.03 123736
7263.18 129046 7263.18 129046
6630.88 130186 6630.88 130186
4778.53 133630 4778.53 133630
4265.34 134529 4265.34 134529
3308 133441 3308 133441
2646.76 132597 2646.76 132597
2633.4 132581 2633.4 132581
2638.97 132586 2638.97 132586
2638.97 132633 2638.97 132633
2606.68 132581 2606.68 132581
2627.83 132586 2627.83 132586
2676.82 132688 2676.82 132688
2679.04 132659 2679.04 132659
2625.61 132568 2625.61 132568
2602.23 132535 2602.23 132535
2603.34 132541 2603.34 132541
2573.29 132495 2573.29 132495
913.515 132900 913.515 132900
-223.057 133336 -223.057 133336
-1942.94 134645 -1942.94 134645
-4580.1 134803 -4580.1 134803
-9124.16 135068 -9124.16 135068
-11727.9 135200 -11727.9 135200
-13624.8 135351 -13624.8 135351
-13677.1 135375 -13677.1 135375
-13652.6 135972 -13652.6 135972
-13635.9 136001 -13635.9 136001
-12970.3 137397 -12970.3 137397
-12974.7 137609 -12974.7 137609
-12921.3 139534 -12921.3 139534
-12808.8 141674 -12808.8 141674
-11223.6 144617 -11223.6 144617
-10945.4 145452 -10945.4 145452
-10929.8 145497 -10929.8 145497
-10861.9 145906 -10861.9 145906
-10741.6 146145 -10741.6 146145
-10530.1 147810 -10530.1 147810
-10431.1 154349 -10431.1 154349
-8992.81 154603 -8992.81 154603
-7925.25 154534 -7925.25 154534
-6679.59 154447 -6679.59 154447
-6184.22 155455 -6184.22 155455
-6134.12 156584 -6134.12 156584
-5969.37 157550 -5969.37 157550
-6119.65 158087 -6119.65 158087
-6462.51 158806 -6462.51 158806
-6547.12 158808 -6547.12 158808
-6994.62 158425 -6994.62 158425
-7561.24 158232 -7561.24 158232
-7793.9 159233 -7793.9 159233
-8033.23 159249 -8033.23 159249
-8225.82 159265 -8225.82 159265
-8374.98 159276 -8374.98 159276
-9037.33 159329 -9037.33 159329
-9640.69 159378 -9640.69 159378
-10742.7 159654 -10742.7 159654
-10873 160480 -10873 160480
-10723.8 159828 -10723.8 159828
-10738.3 159507 -10738.3 159507
-9642.91 159405 -9642.91 159405
-9599.5 160280 -9599.5 160280
-9586.14 160868 -9586.14 160868
-9621.76 160966 -9621.76 160966
-9547.18 161916 -9547.18 161916
-9549.4 161536 -9549.4 161536
-9462.58 160692 -9462.58 160692
-9177.6 160062 -9177.6 160062
-9177.6 159630 -9177.6 159630
-9175.37 159621 -9175.37 159621
-9189.84 159623 -9189.84 159623
-9175.37 159634 -9175.37 159634
-9173.14 159621 -9173.14 159621
-9166.47 159630 -9166.47 159630
-9187.62 159645 -9187.62 159645
-9187.62 159634 -9187.62 159634
-9123.05 159345 -9123.05 159345
-8432.87 158105 -8432.87 158105
-8428.42 157350 -8428.42 157350
-8447.34 157069 -8447.34 157069
-8422.85 155765 -8422.85 155765
-8382.78 155344 -8382.78 155344
-8427.3 154821 -8427.3 154821
-7031.36 154518 -7031.36 154518
-6072.9 154634 -6072.9 154634
-6141.91 156553 -6141.91 156553
-6839.89 156818 -6839.89 156818
-7314.11 154643 -7314.11 154643
-6564.93 154465 -6564.93 154465
-6198.69 155440 -6198.69 155440
-6166.41 156615 -6166.41 156615
-7286.28 156179 -7286.28 156179
-7323.01 155119 -7323.01 155119
-6072.9 154618 -6072.9 154618
-6203.14 156030 -6203.14 156030
-5121.12 156210 -5121.12 156210
-3808.66 156094 -3808.66 156094
-2578.58 156014 -2578.58 156014
-1446.46 155967 -1446.46 155967
1119.46 156048 1119.46 156048
1287.55 155527 1287.55 155527
1306.47 150470 1306.47 150470
3461.62 151076 3461.62 151076
4263.12 151049 4263.12 151049
5378.54 151018 5378.54 151018
6293.59 150967 6293.59 150967
7780.81 150767 7780.81 150767
8472.11 151662 8472.11 151662
8859.5 152554 8859.5 152554
8807.18 153547 8807.18 153547
8738.16 151225 8738.16 151225
9106.63 150731 9106.63 150731
10444.7 150177 10444.7 150177
10448 148244 10448 148244
10433.6 148237 10433.6 148237
10434.7 148246 10434.7 148246
10438 148251 10438 148251
10443.6 148251 10443.6 148251
10439.1 148246 10439.1 148246
10439.1 148237 10439.1 148237
10432.4 148240 10432.4 148240
10443.6 148248 10443.6 148248
10433.6 148248 10433.6 148248
10436.9 148240 10436.9 148240
10439.1 148235 10439.1 148235
10435.8 148244 10435.8 148244
10435.8 148251 10435.8 148251
10433.6 148240 10433.6 148240
10435.8 148248 10435.8 148248
10439.1 148260 10439.1 148260
10432.4 148240 10432.4 148240
10434.7 148240 10434.7 148240
10436.9 148242 10436.9 148242
10423.5 148988 10423.5 148988
10508.1 150553 10508.1 150553
9166.74 150695 9166.74 150695
8817.2 150673 8817.2 150673
7825.34 150729 7825.34 150729
7065.03 150858 7065.03 150858
5824.93 150913 5824.93 150913
4787.43 150994 4787.43 150994
3381.47 151000 3381.47 151000
3175.53 150976 3175.53 150976
2164.75 150793 2164.75 150793
1943.22 150132 1943.22 150132
2997.42 149431 2997.42 149431
3823.41 149408 3823.41 149408
5797.1 148607 5797.1 148607
6040.89 148206 6040.89 148206
5771.5 147578 5771.5 147578
5769.27 149014 5769.27 149014
3908.01 149386 3908.01 149386
3305.77 149404 3305.77 149404
3107.62 149667 3107.62 149667
3080.91 151163 3080.91 151163
3066.43 152485 3066.43 152485
3001.87 152639 3001.87 152639
2259.37 152670 2259.37 152670
1402.21 152525 1402.21 152525
1289.77 150586 1289.77 150586
1283.1 147612 1283.1 147612
1322.06 144933 1322.06 144933
1861.96 143166 1861.96 143166
1635.98 143255 1635.98 143255
1476.79 143426 1476.79 143426
956.929 143644 956.929 143644
42.9961 144254 42.9961 144254
8.48706 146220 8.48706 146220
510.538 146984 510.538 146984
852.289 147062 852.289 147062
1703.88 147013 1703.88 147013
2301.67 146995 2301.67 146995
3443.81 147002 3443.81 147002
4385.57 147106 4385.57 147106
4359.97 150949 4359.97 150949
4500.23 151699 4500.23 151699
4840.87 151824 4840.87 151824
4482.42 151893 4482.42 151893
3885.74 151027 3885.74 151027
2198.14 150818 2198.14 150818
1637.09 150455 1637.09 150455
840.044 149978 840.044 149978
27.4114 148636 27.4114 148636
41.8829 147616 41.8829 147616
51.9017 147331 51.9017 147331
660.819 147015 660.819 147015
677.517 146999 677.517 146999
925.76 147046 925.76 147046
1130.59 147020 1130.59 147020
1809.64 147022 1809.64 147022
2478.67 147020 2478.67 147020
3607.45 147020 3607.45 147020
4213.02 146995 4213.02 146995
5765.93 147222 5765.93 147222
5769.27 148865 5769.27 148865
6385.98 148807 6385.98 148807
6527.36 149295 6527.36 149295
5905.08 149357 5905.08 149357
4787.43 149373 4787.43 149373
3279.05 149384 3279.05 149384
2809.29 149371 2809.29 149371
2188.12 149297 2188.12 149297
1444.51 149306 1444.51 149306
108.675 149431 108.675 149431
56.3544 149428 56.3544 149428
0.694696 151399 0.694696 151399
-18.2296 152367 -18.2296 152367
-26.022 152568 -26.022 152568
1221.87 153398 1221.87 153398
1206.28 155745 1206.28 155745
2041.18 156012 2041.18 156012
2307.23 156043 2307.23 156043
1520.21 155954 1520.21 155954
1346.55 155938 1346.55 155938
904.609 155927 904.609 155927
-509.149 155798 -509.149 155798
-525.846 154977 -525.846 154977
-598.204 155894 -598.204 155894
-2509.56 155872 -2509.56 155872
-2506.22 155170 -2506.22 155170
-1554.44 153616 -1554.44 153616
-1706.95 150617 -1706.95 150617
-2079.87 146991 -2079.87 146991
-2655.39 146988 -2655.39 146988
-3671.74 148375 -3671.74 148375
-3645.02 149633 -3645.02 149633
-3576 151205 -3576 151205
-3646.13 152267 -3646.13 152267
-3678.41 152376 -3678.41 152376
-3630.55 152390 -3630.55 152390
-3748.55 152728 -3748.55 152728
-2795.65 152679 -2795.65 152679
-1077.99 152948 -1077.99 152948
-1226.05 153193 -1226.05 153193
-1219.37 153434 -1219.37 153434
-1226.05 153265 -1226.05 153265
-1261.67 152608 -1261.67 152608
-4304.03 152628 -4304.03 152628
-4325.18 152570 -4325.18 152570
-6325.59 152837 -6325.59 152837
-7140.45 152891 -7140.45 152891
-9273.33 152886 -9273.33 152886
-9691.89 152737 -9691.89 152737
-9682.99 155317 -9682.99 155317
-10413.2 155344 -10413.2 155344
-9798.76 154716 -9798.76 154716
-9688.55 154721 -9688.55 154721
-9665.18 156448 -9665.18 156448
-10411 156840 -10411 156840
-10767.2 156776 -10767.2 156776
-10779.5 157628 -10779.5 157628
-10560.2 156882 -10560.2 156882
-9664.06 156911 -9664.06 156911
-8759.04 156905 -8759.04 156905
-8643.26 156918 -8643.26 156918
-8613.21 156929 -8613.21 156929
-8514.13 156916 -8514.13 156916
-8415.06 155763 -8415.06 155763
-8408.38 155324 -8408.38 155324
-8369.42 155228 -8369.42 155228
-8413.95 155014 -8413.95 155014
-8433.98 154861 -8433.98 154861
-8446.23 154696 -8446.23 154696
-9214.33 154603 -9214.33 154603
-9878.91 154638 -9878.91 154638
-10431.1 149618 -10431.1 149618
-10529 146165 -10529 146165
-10482.3 144023 -10482.3 144023
-10504.5 144691 -10504.5 144691
-11286 145630 -11286 145630
-10655.9 145561 -10655.9 145561
-7510.03 143653 -7510.03 143653
-5078.81 143615 -5078.81 143615
-3520.34 143375 -3520.34 143375
-3496.96 142970 -3496.96 142970
-3594.92 143088 -3594.92 143088
-3760.79 143624 -3760.79 143624
-3717.38 145920 -3717.38 145920
-3688.43 147356 -3688.43 147356
-3660.6 148745 -3660.6 148745
-3656.15 149555 -3656.15 149555
-3609.4 151285 -3609.4 151285
-3616.08 152545 -3616.08 152545
-3544.83 154091 -3544.83 154091
-3539.27 154658 -3539.27 154658
-3520.34 155990 -3520.34 155990
-3307.72 157846 -3307.72 157846
-3210.87 161302 -3210.87 161302
-3019.4 162168 -3019.4 162168
-2766.71 162130 -2766.71 162130
-3071.72 162117 -3071.72 162117
-3126.27 163947 -3126.27 163947
-1764.83 163702 -1764.83 163702
-1119.18 164701 -1119.18 164701
-1259.44 164060 -1259.44 164060
-1358.52 162871 -1358.52 162871
-1657.97 162898 -1657.97 162898
-1282.82 164181 -1282.82 164181
-1246.08 164058 -1246.08 164058
-1272.8 163795 -1272.8 163795
-1551.1 163613 -1551.1 163613
-2204.54 161424 -2204.54 161424
-837.541 154774 -837.541 154774
-2491.75 154367 -2491.75 154367
-2765.59 153440 -2765.59 153440
-2511.79 153447 -2511.79 153447
-2522.92 153425 -2522.92 153425
-2503.99 153434 -2503.99 153434
-2510.67 153438 -2510.67 153438
-2514.01 153443 -2514.01 153443
-2512.9 153454 -2512.9 153454
-2503.99 153440 -2503.99 153440
-2506.22 153445 -2506.22 153445
-2510.67 153458 -2510.67 153458
-2495.09 153445 -2495.09 153445
-2492.86 153447 -2492.86 153447
-2050.92 153407 -2050.92 153407
-1545.53 154342 -1545.53 154342
674.178 155954 674.178 155954
1290.89 153452 1290.89 153452
2897.23 152686 2897.23 152686
4435.66 150150 4435.66 150150
4439 146018 4439 146018
5390.78 142502 5390.78 142502
5436.43 141262 5436.43 141262
4921.02 140643 4921.02 140643
4206.35 141547 4206.35 141547
3639.73 141897 3639.73 141897
3640.84 141910 3640.84 141910
3638.62 141899 3638.62 141899
3641.96 141905 3641.96 141905
3630.82 141885 3630.82 141885
3619.69 141897 3619.69 141897
3633.05 141885 3633.05 141885
3628.6 141879 3628.6 141879
3621.92 141901 3621.92 141901
3639.73 141892 3639.73 141892
3639.73 141881 3639.73 141881
3626.37 141888 3626.37 141888
-4398.65 167373 -4398.65 167373
2620.04 142654 2620.04 142654
1352.11 143482 1352.11 143482
315.729 143805 315.729 143805
205.523 143266 205.523 143266
-406.735 143350 -406.735 143350
-1105.82 143773 -1105.82 143773
-1867.25 143615 -1867.25 143615
-4617.95 143504 -4617.95 143504
-4683.63 142442 -4683.63 142442
-3307.72 141329 -3307.72 141329
-2778.95 141311 -2778.95 141311
-887.635 141233 -887.635 141233
-209.699 140830 -209.699 140830
1168.44 140173 1168.44 140173
2392.95 137965 2392.95 137965
3596.31 135774 3596.31 135774
3709.86 135578 3709.86 135578
5167.03 132835 5167.03 132835
6314.74 130756 6314.74 130756
8066.9 126842 8066.9 126842
8857.27 124504 8857.27 124504
10111.8 120102 10111.8 120102
11628 117843 11628 117843
12039.9 113552 12039.9 113552
12253.6 111014 12253.6 111014
12844.7 106668 12844.7 106668
14153.9 104213 14153.9 104213
16706.4 99898 16706.4 99898
18587.7 97740.6 18587.7 97740.6
21213.7 94343.1 21213.7 94343.1
20941 94714.9 20941 94714.9
20957.7 94697.1 20957.7 94697.1
20951 94697.1 20951 94697.1
20947.7 94699.4 20947.7 94699.4
21525.4 94160.6 21525.4 94160.6
24842.8 94211.8 24842.8 94211.8
27298.5 94398.8 27298.5 94398.8
30331.9 93339 30331.9 93339
30546.8 89449.5 30546.8 89449.5
30383.1 87102.9 30383.1 87102.9
30313 86869.1 30313 86869.1
30296.3 86886.9 30296.3 86886.9
30314.1 86860.2 30314.1 86860.2
30306.3 86878 30306.3 86878
30310.8 86878 30310.8 86878
30306.3 86878 30306.3 86878
30304.1 86878 30304.1 86878
30297.4 86864.7 30297.4 86864.7
30303 86875.8 30303 86875.8
30297.4 86891.4 30297.4 86891.4
30303 86880.3 30303 86880.3
30304.1 86878 30304.1 86878
30305.2 86889.2 30305.2 86889.2
30306.3 86873.6 30306.3 86873.6
30304.1 86869.1 30304.1 86869.1
30299.6 86880.3 30299.6 86880.3
30303 86878 30303 86878
30304.1 86871.4 30304.1 86871.4
30306.3 86869.1 30306.3 86869.1
30301.9 86886.9 30301.9 86886.9
30310.8 86884.7 30310.8 86884.7
30304.1 86871.4 30304.1 86871.4
30308.5 86869.1 30308.5 86869.1
30301.9 86871.4 30301.9 86871.4
30300.7 86884.7 30300.7 86884.7
30304.1 86878 30304.1 86878
30307.4 86866.9 30307.4 86866.9
30304.1 86873.6 30304.1 86873.6
30305.2 86884.7 30305.2 86884.7
30304.1 86869.1 30304.1 86869.1
30307.4 86871.4 30307.4 86871.4
30304.1 86875.8 30304.1 86875.8
30299.6 86873.6 30299.6 86873.6
30306.3 86869.1 30306.3 86869.1
30303 86878 30303 86878
30307.4 86869.1 30307.4 86869.1
30305.2 86869.1 30305.2 86869.1
30301.9 86875.8 30301.9 86875.8
30305.2 86869.1 30305.2 86869.1
30304.1 86871.4 30304.1 86871.4
30307.4 86875.8 30307.4 86875.8
30304.1 86880.3 30305.2 86880.3
30306.3 86878 30306.3 86878
30306.3 86855.8 30306.3 86855.8
30307.4 86893.6 30307.4 86893.6
30306.3 86871.4 30306.3 86871.4
30307.4 86878 30307.4 86878
30305.2 86873.6 30306.3 86873.6
30295.2 86873.6 30295.2 86873.6
30298.5 86869.1 30298.5 86869.1
30307.4 86875.8 30308.5 86875.8
30307.4 86878 30307.4 86878
30315.2 86862.5 30315.2 86862.5
30320.8 86853.6 30320.8 86853.6
30307.4 86866.9 30307.4 86866.9
30307.4 86871.4 30307.4 86871.4
30305.2 86862.5 30305.2 86862.5
30304.1 86849.1 30304.1 86849.1
30300.7 86891.4 30300.7 86891.4
30305.2 86880.3 30305.2 86880.3
30297.4 86902.5 30297.4 86902.5
30297.4 86880.3 30297.4 86880.3
30300.7 86880.3 30300.7 86880.3
30303 86873.6 30303 86873.6
30301.9 86886.9 30301.9 86886.9
30296.3 86873.6 30296.3 86873.6
30305.2 86871.4 30305.2 86871.4
30303 86880.3 30303 86880.3
30298.5 86900.3 30298.5 86900.3
30307.4 86878 30307.4 86878
30303 86884.7 30303 86884.7
30300.7 86878 30300.7 86878
30304.1 86873.6 30304.1 86873.6
30304.1 86875.8 30304.1 86875.8
30301.9 86875.8 30301.9 86875.8
30299.6 86858 30299.6 86858
30298.5 86875.8 30298.5 86875.8
30297.4 86869.1 30297.4 86869.1
30305.2 86878 30305.2 86878
30306.3 86875.8 30306.3 86875.8
30299.6 86858 30299.6 86858
30307.4 86884.7 30307.4 86884.7
30305.2 86900.3 30305.2 86900.3
30301.9 86882.5 30303 86882.5
30306.3 86891.4 30306.3 86891.4
30304.1 86866.9 30304.1 86866.9
30301.9 86866.9 30301.9 86866.9
30307.4 86860.2 30307.4 86860.2
30303 86900.3 30303 86900.3
30298.5 86846.9 30298.5 86846.9
30295.2 86871.4 30295.2 86871.4
30305.2 86880.3 30305.2 86880.3
30298.5 86862.5 30298.5 86862.5
30303 86855.8 30303 86855.8
30306.3 86878 30306.3 86878
30300.7 86873.6 30300.7 86873.6
30304.1 86875.8 30304.1 86875.8
30304.1 86884.7 30304.1 86884.7
30304.1 86871.4 30304.1 86871.4
30299.6 86858 30299.6 86858
30299.6 86864.7 30299.6 86864.7
30299.6 86866.9 30299.6 86866.9
30300.7 86862.5 30300.7 86862.5
30301.9 86880.3 30301.9 86880.3
30301.9 86853.6 30301.9 86853.6
30300.7 86864.7 30300.7 86864.7
30301.9 86873.6 30301.9 86873.6
30305.2 86869.1 30305.2 86869.1
30299.6 86866.9 30299.6 86866.9
30301.9 86858 30301.9 86858
30305.2 86871.4 30305.2 86871.4
30299.6 86860.2 30299.6 86860.2
30301.9 86871.4 30301.9 86871.4
30303 86862.5 30303 86862.5
30303 86864.7 30303 86864.7
30301.9 86862.5 30301.9 86862.5
30300.7 86866.9 30300.7 86866.9
30308.5 86875.8 30308.5 86875.8
30300.7 86860.2 30300.7 86860.2
30304.1 86862.5 30304.1 86862.5
30304.1 86875.8 30304.1 86875.8
30299.6 86869.1 30299.6 86869.1
30307.4 86900.3 30307.4 86900.3
30305.2 86866.9 30305.2 86866.9
30306.3 86864.7 30306.3 86864.7
30304.1 86866.9 30304.1 86866.9
30301.9 86866.9 30301.9 86866.9
30297.4 86866.9 30297.4 86866.9
30300.7 86866.9 30300.7 86866.9
30298.5 86866.9 30298.5 86866.9
30294.1 86864.7 30294.1 86864.7
30309.7 86875.8 30309.7 86875.8
30308.5 86862.5 30308.5 86862.5
30301.9 86875.8 30301.9 86875.8
30298.5 86869.1 30298.5 86869.1
30376.4 87316.6 30376.4 87316.6
30815 87875.5 30815 87875.5
29147.5 90157.5 29147.5 90157.5
29135.2 90179.8 29135.2 90179.8
29139.7 90175.3 29139.7 90175.3
29145.3 90177.6 29145.3 90177.6
29038.4 90253.3 29038.4 90253.3
25536.3 94191.7 25536.3 94191.7
24266.1 94216.2 24266.1 94216.2
21290.5 94098.2 21290.5 94098.2
19974.8 96375.8 19974.8 96375.8
17765.1 98508.7 17765.1 98508.7
16988 100054 16988 100054
19934.7 101200 19934.7 101200
21468.7 101599 21468.7 101599
21513.2 101419 21513.2 101419
21462 101379 21462 101379
21144.7 101971 21144.7 101971
21301.7 104175 21301.7 104175
18839.3 105994 18839.3 105994
16994.7 105938 16994.7 105938
14116 105985 14116 105985
13375.7 107450 13375.7 107450
13372.4 110197 13372.4 110197
13154.2 112896 13154.2 112896
13516 116291 13516 116291
13649.6 116124 13649.6 116124
13636.2 116131 13636.2 116131
13639.6 116126 13639.6 116126
13640.7 116128 13640.7 116128
13638.4 116131 13638.4 116131
13639.6 116133 13639.6 116133
13636.2 116131 13636.2 116131
13634 116128 13634 116128
13635.1 116122 13635.1 116122
13374.6 116180 13374.6 116180
13362.4 116200 13362.4 116200
13360.1 116209 13360.1 116209
13379.1 116177 13379.1 116177
13383.5 116193 13383.5 116193
13375.7 116180 13375.7 116180
13373.5 116182 13373.5 116182
13371.3 116193 13371.3 116193
13260 117279 13260 117279
14552.4 117954 14552.4 117954
14555.7 117945 14555.7 117945
14551.3 117934 14551.3 117934
14552.4 117938 14552.4 117938
14552.4 117972 14552.4 117972
14555.7 117947 14555.7 117947
14551.3 117945 14551.3 117945
14557.9 117943 14557.9 117943
14556.8 117954 14556.8 117954
14545.7 117947 14545.7 117947
14537.9 117941 14537.9 117941
14552.4 117965 14552.4 117965
14534.6 117912 14534.6 117912
14897.5 117972 14897.5 117972
14903 117981 14903 117981
14899.7 117976 14899.7 117976
14897.5 117983 14897.5 117983
14895.2 117974 14895.2 117974
14891.9 117970 14891.9 117970
14898.6 117994 14898.6 117994
14894.1 117992 14894.1 117992
14897.5 117992 14897.5 117992
14896.4 118010 14896.4 118010
14898.6 117996 14898.6 117996
14898.6 117992 14898.6 117992
14885.2 117983 14885.2 117983
14901.9 117996 14901.9 117996
14898.6 117972 14898.6 117972
14903 118001 14903 118001
14904.1 117990 14904.1 117990
15435.1 118337 15435.1 118337
15435.1 118384 15435.1 118384
15436.3 118324 15436.3 118324
15432.9 118357 15432.9 118357
15438.5 118370 15438.5 118370
15439.6 118410 15439.6 118410
15466.3 118562 15466.3 118562
15469.7 118562 15469.7 118562
15468.5 118566 15468.5 118566
15464.1 118568 15464.1 118568
15353.9 117014 15353.9 117014
15355 117037 15355 117037
15347.2 117026 15347.2 117026
15349.4 117026 15349.4 117026
15353.9 117017 15353.9 117017
15345 117014 15345 117014
15313.8 116696 15313.8 116696
15299.3 116369 15299.3 116369
15302.7 116360 15302.7 116360
15282.6 116331 15282.6 116331
15296 116342 15296 116342
15254.8 115984 15254.8 115984
15235.9 115730 15235.9 115730
15232.5 115730 15232.5 115730
15173.5 115089 15173.5 115089
15156.8 115118 15156.8 115118
15159.1 115140 15159.1 115140
15356.1 115298 15356.1 115298
15362.8 115287 15362.8 115287
15352.8 115256 15352.8 115256
15358.3 115311 15358.3 115311
15656.7 114890 15656.7 114890
15650 114882 15650 114882
15644.4 114432 15644.4 114432
14913.1 121674 14913.1 121674
5122.5 133236 5122.5 133236
567.311 141810 567.311 141810
1269.74 143923 1269.74 143923
-585.959 145359 -585.959 145359
-593.751 145381 -593.751 145381
-1887.28 145590 -1887.28 145590
-1833.85 147178 -1833.85 147178
-3598.26 149097 -3598.26 149097
-3646.13 149667 -3646.13 149667
-2965.97 150052 -2965.97 150052
-2847.97 149805 -2847.97 149805
-2796.76 149796 -2796.76 149796
-2652.05 149925 -2652.05 149925
-2658.73 149558 -2658.73 149558
-1919.57 149192 -1919.57 149192
-1165.93 149112 -1165.93 149112
-70.5498 149422 -70.5498 149422
177.693 148500 177.693 148500
-1070.2 148919 -1070.2 148919
-1738.12 149130 -1738.12 149130
-3095.1 148892 -3095.1 148892
-2998.25 148928 -2998.25 148928
-4297.35 148745 -4297.35 148745
-4391.97 148749 -4391.97 148749
-6011.67 146942 -6011.67 146942
-6038.39 145866 -6038.39 145866
-6287.74 143696 -6287.74 143696
-6691.83 143598 -6691.83 143598
-8752.36 142798 -8752.36 142798
-8661.07 142133 -8661.07 142133
-8205.78 141808 -8205.78 141808
-7944.18 141652 -7944.18 141652
-7796.12 141603 -7796.12 141603
-7925.25 142500 -7925.25 142500
-10326.4 144671 -10326.4 144671
-10541.3 146418 -10541.3 146418
-10436.6 152951 -10436.6 152951
-10960.9 154901 -10960.9 154901
-14329.5 155046 -14329.5 155046
-14323.9 155079 -14323.9 155079
-13723.9 154574 -13723.9 154574
-13519.1 154398 -13519.1 154398
-13143.9 154632 -13143.9 154632
-13150.6 154629 -13150.6 154629
-12557.3 155159 -12557.3 155159
-12234.4 155108 -12234.4 155108
-11965 156097 -11965 156097
-11881.5 156197 -11881.5 156197
-11878.2 156223 -11878.2 156223
-11880.4 156235 -11880.4 156235
-11874.9 156206 -11874.9 156206
-11873.8 156259 -11873.8 156259
-11878.2 156259 -11878.2 156259
-11874.9 156272 -11874.9 156272
-11820.3 156261 -11820.3 156261
-11849.3 156228 -11849.3 156228
-11848.2 156230 -11848.2 156230
-11841.5 156235 -11841.5 156235
-11834.8 156232 -11834.8 156232
-13550.2 155095 -13550.2 155095
-13149.5 152862 -13149.5 152862
-11916.1 152906 -11916.1 152906
-9569.44 152935 -9569.44 152935
-8538.62 152973 -8538.62 152973
-8494.1 151884 -8494.1 151884
-8694.47 151432 -8694.47 151432
-8231.38 149518 -8231.38 149518
-7825.07 149504 -7825.07 149504
-5703.32 149333 -5703.32 149333
-5180.11 149150 -5180.11 149150
-3382.3 149126 -3382.3 149126
-2518.47 149112 -2518.47 149112
-1586.72 145425 -1586.72 145425
-1538.85 145519 -1538.85 145519
-1543.31 145503 -1543.31 145503
-1536.63 145474 -1536.63 145474
-1182.63 145392 -1182.63 145392
-651.638 145425 -651.638 145425
535.028 143811 535.028 143811
1208.51 143606 1208.51 143606
2872.74 142533 2872.74 142533
3576.28 142081 3576.28 142081
4443.46 139599 4443.46 139599
4432.32 139069 4432.32 139069
4175.18 136424 4175.18 136424
3664.22 135743 3664.22 135743
3943.63 134340 3943.63 134340
21224.9 94320.9 21224.9 94320.9
25231.3 93167.6 25231.3 93167.6
25039.8 91217.3 25039.8 91217.3
29418 84749.6 29418 84749.6
29932.3 84112.9 29932.3 84112.9
29568.3 83536.2 29568.3 83536.2
29573.8 83542.9 29573.8 83542.9
29579.4 83540.7 29579.4 83540.7
29578.3 83538.5 29578.3 83538.5
29834.3 83371.5 29834.3 83371.5
31447.3 86261.3 31447.3 86261.3
31438.4 86236.8 31438.4 86236.8
30691.5 87748.6 30691.5 87748.6
30709.3 87768.6 30709.3 87768.6
30726 87788.6 30726 87788.6
30688.1 87746.3 30688.1 87746.3
30690.4 87741.9 30690.4 87741.9
30693.7 87735.2 30693.7 87735.2
30699.3 87750.8 30699.3 87750.8
30694.8 87753 30694.8 87753
30697 87748.6 30697 87748.6
30698.2 87746.3 30698.2 87746.3
30699.3 87770.8 30699.3 87770.8
30698.2 87748.6 30698.2 87748.6
30692.6 87755.2 30692.6 87755.2
30691.5 87750.8 30691.5 87750.8
30694.8 87761.9 30694.8 87761.9
30688.1 87766.4 30688.1 87766.4
30688.1 87759.7 30688.1 87759.7
30691.5 87759.7 30691.5 87759.7
30685.9 87759.7 30685.9 87759.7
30698.2 87757.5 30697 87757.5
30692.6 87753 30692.6 87753
30701.5 87746.3 30701.5 87746.3
30699.3 87757.5 30699.3 87757.5
30692.6 87753 30692.6 87753
30697 87753 30698.2 87753
30684.8 87746.3 30684.8 87746.3
30691.5 87755.2 30691.5 87755.2
30692.6 87757.5 30692.6 87757.5
30690.4 87757.5 30690.4 87757.5
30693.7 87755.2 30693.7 87755.2
30691.5 87755.2 30691.5 87755.2
30692.6 87757.5 30692.6 87757.5
30694.8 87770.8 30694.8 87770.8
30700.4 87757.5 30700.4 87757.5
30687 87750.8 30687 87750.8
30691.5 87755.2 30691.5 87755.2
30692.6 87757.5 30692.6 87757.5
30699.3 87766.4 30699.3 87766.4
30692.6 87755.2 30692.6 87755.2
30690.4 87759.7 30690.4 87759.7
30687 87757.5 30687 87757.5
30695.9 87764.1 30695.9 87764.1
30691.5 87739.7 30691.5 87739.7
30691.5 87744.1 30691.5 87744.1
30689.3 87764.1 30689.3 87764.1
30691.5 87766.4 30691.5 87766.4
30685.9 87735.2 30685.9 87735.2
30693.7 87759.7 30693.7 87759.7
85086.6 87746.3 85086.6 87746.3
30688.1 87746.3 30688.1 87746.3
30690.4 87750.8 30690.4 87750.8
30692.6 87744.1 30692.6 87744.1
30691.5 87753 30691.5 87753
30689.3 87755.2 30689.3 87755.2
30688.1 87753 30688.1 87753
30689.3 87750.8 30689.3 87750.8
30689.3 87733 30689.3 87733
30700.4 87766.4 30700.4 87766.4
30693.7 87737.4 30693.7 87737.4
30685.9 87753 30685.9 87753
30687 87748.6 30687 87748.6
30688.1 87730.8 30688.1 87730.8
30693.7 87753 30693.7 87753
30693.7 87757.5 30693.7 87757.5
30689.3 87764.1 30689.3 87764.1
30688.1 87757.5 30688.1 87757.5
30690.4 87757.5 30690.4 87757.5
30687 87750.8 30687 87750.8
30694.8 87748.6 30694.8 87748.6
30700.4 87757.5 30700.4 87757.5
30703.7 87764.1 30703.7 87764.1
30692.6 87753 30692.6 87753
30685.9 87744.1 30685.9 87744.1
30693.7 87748.6 30693.7 87748.6
30699.3 87746.3 30699.3 87746.3
30690.4 87761.9 30690.4 87761.9
30683.7 87757.5 30683.7 87757.5
30693.7 87748.6 30693.7 87748.6
30690.4 87750.8 30690.4 87750.8
30698.2 87733 30698.2 87733
30692.6 87755.2 30692.6 87755.2
30681.5 87750.8 30681.5 87750.8
30683.7 87748.6 30683.7 87748.6
30682.6 87744.1 30682.6 87744.1
30684.8 87748.6 30684.8 87748.6
30681.5 87744.1 30681.5 87744.1
30679.2 87755.2 30679.2 87755.2
30677 87764.1 30677 87764.1
30685.9 87759.7 30685.9 87759.7
30654.7 87768.6 30654.7 87768.6
30645.8 87761.9 30645.8 87761.9
30691.5 87750.8 30691.5 87750.8
30694.8 87761.9 30694.8 87761.9
30690.4 87757.5 30690.4 87757.5
30689.3 87750.8 30689.3 87750.8
30690.4 87753 30690.4 87753
30690.4 87755.2 30690.4 87755.2
30687 87753 30687 87753
30683.7 87741.9 30683.7 87741.9
30692.6 87761.9 30692.6 87761.9
30684.8 87746.3 30684.8 87746.3
30678.1 87741.9 30678.1 87741.9
30688.1 87768.6 30688.1 87768.6
30684.8 87764.1 30684.8 87764.1
30708.2 87741.9 30708.2 87741.9
30703.7 87748.6 30703.7 87748.6
30697 87741.9 30697 87741.9
30701.5 87746.3 30701.5 87746.3
30689.3 87759.7 30689.3 87759.7
30699.3 87761.9 30699.3 87761.9
30694.8 87748.6 30694.8 87748.6
30681.5 87750.8 30682.6 87750.8
30682.6 87755.2 30682.6 87755.2
30684.8 87750.8 30684.8 87750.8
30693.7 87753 30693.7 87753
30685.9 87746.3 30685.9 87746.3
30691.5 87748.6 30691.5 87748.6
30687 87724.1 30687 87724.1
30663.6 87706.3 30663.6 87706.3
30680.3 87744.1 30681.5 87744.1
30678.1 87746.3 30678.1 87746.3
30679.2 87753 30679.2 87753
30670.3 87759.7 30670.3 87759.7
30675.9 87750.8 30675.9 87750.8
30678.1 87757.5 30678.1 87757.5
30685.9 87755.2 30685.9 87755.2
30690.4 87761.9 30690.4 87761.9
30692.6 87755.2 30692.6 87755.2
30683.7 87735.2 30683.7 87735.2
30687 87755.2 30687 87755.2
30698.2 87777.5 30698.2 87777.5
30695.9 87775.3 30695.9 87775.3
30685.9 87739.7 30685.9 87739.7
30693.7 87764.1 30693.7 87764.1
30689.3 87759.7 30689.3 87759.7
30691.5 87759.7 30691.5 87759.7
30695.9 87766.4 30695.9 87766.4
30689.3 87748.6 30689.3 87748.6
30691.5 87748.6 30691.5 87748.6
30682.6 87733 30682.6 87733
30682.6 87737.4 30682.6 87737.4
30692.6 87757.5 30692.6 87757.5
30687 87764.1 30687 87764.1
30683.7 87759.7 30683.7 87759.7
30687 87757.5 30687 87757.5
30679.2 87744.1 30679.2 87744.1
30688.1 87757.5 30688.1 87757.5
30688.1 87750.8 30688.1 87750.8
30684.8 87750.8 30684.8 87750.8
30698.2 87761.9 30698.2 87761.9
30692.6 87755.2 30692.6 87755.2
30689.3 87757.5 30689.3 87757.5
30693.7 87755.2 30692.6 87755.2
30693.7 87748.6 30693.7 87748.6
30675.9 87728.5 30675.9 87728.5
30682.6 87739.7 30682.6 87739.7
30688.1 87728.5 30688.1 87728.5
30678.1 87724.1 30678.1 87724.1
30700.4 87761.9 30700.4 87761.9
30689.3 87746.3 30689.3 87746.3
30698.2 87757.5 30698.2 87757.5
30695.9 87757.5 30695.9 87757.5
30695.9 87755.2 30695.9 87755.2
30697 87757.5 30697 87757.5
30691.5 87755.2 30691.5 87755.2
30684.8 87748.6 30684.8 87748.6
30692.6 87764.1 30692.6 87764.1
30690.4 87753 30690.4 87753
30701.5 87757.5 30701.5 87757.5
30699.3 87761.9 30699.3 87761.9
30683.7 87733 30683.7 87733
30687 87733 30687 87733
30405.4 91911.9 30405.4 91911.9
30308.5 93668.5 30308.5 93668.5
25783.4 94189.5 25783.4 94189.5
24970.8 94189.5 24970.8 94189.5
21515.4 94140.5 21515.4 94140.5
20924.3 95140.2 20924.3 95140.2
16415.9 100341 16415.9 100341
15622.2 101686 15622.2 101686
12570.9 107628 12570.9 107628
12402.8 109097 12402.8 109097
11866.2 115598 11866.2 115598
11726 117255 11726 117255
9355.98 122625 9355.98 122625
9194.57 123282 9194.57 123282
7619.4 128117 7619.4 128117
7057.24 129424 7057.24 129424
4723.98 133721 4723.98 133721
4248.65 134567 4248.65 134567
3323.58 133445 3323.58 133445
2583.31 132506 2583.31 132506
2587.76 132490 2587.76 132490
2577.74 131228 2577.74 131228
2576.63 130978 2576.63 130978
5021.2 131361 5021.2 131361
5273.9 132708 5273.9 132708
10784.2 126388 10784.2 126388
12112.3 125535 12112.3 125535
13727.5 124045 13727.5 124045
15572.1 118969 15572.1 118969
15404 116859 15404 116859
15593.2 114218 15593.2 114218
15240.3 114418 15240.3 114418
14692.6 117941 14692.6 117941
14045.9 117818 14045.9 117818
13337.9 116327 13337.9 116327
13619.5 116266 13619.5 116266
13479.3 116077 13479.3 116077
13483.7 116075 13483.7 116075
13481.5 116091 13481.5 116091
13484.8 116088 13484.8 116088
13219.9 116883 13219.9 116883
13473.7 117667 13473.7 117667
15412.9 117934 15412.9 117934
15421.8 117909 15421.8 117909
15427.3 117909 15427.3 117909
15425.1 117927 15425.1 117927
15425.1 117914 15425.1 117914
15419.6 117927 15419.6 117927
15418.4 117921 15418.4 117921
15421.8 117909 15421.8 117909
15467.4 118482 15467.4 118482
15146.8 118666 15146.8 118666
14426.6 118506 14426.6 118506
12888.2 115291 12888.2 115291
12684.4 114639 12684.4 114639
12347.1 109932 12347.1 109932
12385 109471 12385 109471
14051.4 104386 14051.4 104386
14484.5 103652 14484.5 103652
18652.3 97667.1 18652.3 97667.1
18799.2 97440 18799.2 97440
19283.5 97057.1 19283.5 97057.1
23322.1 94263 23322.1 94263
23327.7 94260.8 23327.7 94260.8
27556.7 94107.1 27556.7 94107.1
27527.8 92595.4 27527.8 92595.4
29547.1 90175.3 29547.1 90175.3
30386.5 87013.9 30386.5 87013.9
30317.4 86884.7 30317.4 86884.7
30310.8 86882.5 30310.8 86882.5
30306.3 86875.8 30306.3 86875.8
30307.4 86871.4 30307.4 86871.4
30305.2 86869.1 30305.2 86869.1
30306.3 86880.3 30306.3 86880.3
30305.2 86878 30306.3 86878
30307.4 86880.3 30307.4 86880.3
30306.3 86878 30306.3 86878
30304.1 86869.1 30304.1 86869.1
30303 86873.6 30303 86873.6
30301.9 86875.8 30301.9 86875.8
30301.9 86864.7 30301.9 86864.7
30298.5 86866.9 30298.5 86866.9
30308.5 86871.4 30308.5 86871.4
30306.3 86880.3 30306.3 86880.3
30306.3 86884.7 30306.3 86884.7
30308.5 86875.8 30308.5 86875.8
30307.4 86869.1 30307.4 86869.1
30313 86864.7 30313 86864.7
30309.7 86871.4 30309.7 86871.4
30295.2 86882.5 30295.2 86882.5
30299.6 86873.6 30299.6 86873.6
30293 86886.9 30293 86886.9
30293 86891.4 30293 86891.4
30301.9 86884.7 30301.9 86884.7
30304.1 86889.2 30304.1 86889.2
30303 86884.7 30303 86884.7
30306.3 86864.7 30306.3 86864.7
30304.1 86869.1 30304.1 86869.1
30306.3 86866.9 30306.3 86866.9
30301.9 86880.3 30301.9 86880.3
30300.7 86882.5 30300.7 86882.5
30297.4 86880.3 30297.4 86880.3
30311.9 86871.4 30311.9 86871.4
30300.7 86882.5 30300.7 86882.5
30298.5 86889.2 30298.5 86889.2
30305.2 86880.3 30305.2 86880.3
30298.5 86884.7 30298.5 86884.7
30301.9 86880.3 30301.9 86880.3
30297.4 86898.1 30297.4 86898.1
30567.9 86824.6 30567.9 86824.6
30591.3 86795.7 30591.3 86795.7
30566.8 86844.6 30566.8 86844.6
30566.8 86875.8 30566.8 86875.8
30595.7 86744.5 30595.7 86744.5
30585.7 86775.6 30585.7 86775.6
30581.3 86809 30581.3 86809
30589.1 86775.6 30589.1 86775.6
30582.4 86771.2 30582.4 86771.2
30584.6 86775.6 30584.6 86775.6
30574.6 86860.2 30574.6 86860.2
30575.7 86858 30575.7 86858
30584.6 86840.2 30584.6 86840.2
30573.5 86831.3 30573.5 86831.3
30576.8 86811.3 30576.8 86811.3
30594.6 86838 30594.6 86838
30566.8 86813.5 30566.8 86813.5
30569 86826.8 30569 86826.8
30567.9 86795.7 30567.9 86795.7
30574.6 86815.7 30574.6 86815.7
30572.4 86833.5 30572.4 86833.5
30569 86829.1 30569 86829.1
30581.3 86833.5 30581.3 86833.5
30572.4 86824.6 30572.4 86824.6
30576.8 86829.1 30576.8 86829.1
30575.7 86831.3 30575.7 86831.3
30570.1 86824.6 30570.1 86824.6
30576.8 86822.4 30576.8 86822.4
30582.4 86851.3 30582.4 86851.3
30588 86846.9 30588 86846.9
30576.8 86844.6 30576.8 86844.6
30567.9 86855.8 30567.9 86855.8
30572.4 86855.8 30572.4 86855.8
30570.1 86844.6 30570.1 86844.6
30571.3 86849.1 30571.3 86849.1
30573.5 86844.6 30573.5 86844.6
30567.9 86849.1 30567.9 86849.1
30567.9 86851.3 30567.9 86851.3
30571.3 86829.1 30571.3 86829.1
30572.4 86826.8 30572.4 86826.8
30575.7 86842.4 30575.7 86842.4
30569 86831.3 30569 86831.3
30576.8 86829.1 30576.8 86829.1
30575.7 86838 30575.7 86838
30567.9 86826.8 30567.9 86826.8
30571.3 86842.4 30571.3 86842.4
30580.2 86820.2 30580.2 86820.2
30582.4 86829.1 30582.4 86829.1
30575.7 86844.6 30575.7 86844.6
30581.3 86838 30581.3 86838
30589.1 86789 30589.1 86789
30588 86793.4 30588 86793.4
30580.2 86811.3 30580.2 86811.3
30584.6 86780.1 30584.6 86780.1
30586.8 86777.9 30586.8 86777.9
30584.6 86789 30584.6 86789
30584.6 86791.2 30584.6 86791.2
30586.8 86780.1 30586.8 86780.1
30581.3 86791.2 30581.3 86791.2
30580.2 86786.8 30580.2 86786.8
30567.9 86784.5 30567.9 86784.5
30579 86795.7 30579 86795.7
30579 86797.9 30579 86797.9
30574.6 86795.7 30574.6 86795.7
30581.3 86800.1 30581.3 86800.1
30583.5 86786.8 30583.5 86786.8
30580.2 86786.8 30580.2 86786.8
30583.5 86789 30583.5 86789
30577.9 86789 30577.9 86789
30588 86780.1 30588 86780.1
30584.6 86782.3 30584.6 86782.3
30577.9 86797.9 30577.9 86797.9
30574.6 86800.1 30574.6 86800.1
30577.9 86811.3 30577.9 86811.3
30577.9 86786.8 30577.9 86786.8
30574.6 86809 30574.6 86809
30574.6 86806.8 30574.6 86806.8
30576.8 86809 30576.8 86809
30575.7 86824.6 30575.7 86824.6
30575.7 86840.2 30575.7 86840.2
30574.6 86829.1 30574.6 86829.1
30577.9 86829.1 30577.9 86829.1
30572.4 86842.4 30572.4 86842.4
30562.3 86804.6 30562.3 86804.6
30575.7 86817.9 30575.7 86817.9
30577.9 86829.1 30577.9 86829.1
30560.1 86806.8 30560.1 86806.8
30573.5 86838 30573.5 86838
30569 86840.2 30569 86840.2
30579 86842.4 30579 86842.4
30561.2 86815.7 30561.2 86815.7
30565.7 86820.2 30565.7 86820.2
30566.8 86811.3 30566.8 86811.3
30571.3 86820.2 30571.3 86820.2
30566.8 86797.9 30566.8 86797.9
30562.3 86806.8 30562.3 86806.8
30562.3 86815.7 30562.3 86815.7
30569 86835.7 30569 86835.7
30560.1 86820.2 30560.1 86820.2
30565.7 86838 30565.7 86838
30566.8 86826.8 30566.8 86826.8
30569 86804.6 30569 86804.6
30564.6 86831.3 30564.6 86831.3
30565.7 86804.6 30565.7 86804.6
30573.5 86800.1 30573.5 86800.1
30572.4 86804.6 30572.4 86804.6
30574.6 86824.6 30574.6 86824.6
30570.1 86826.8 30570.1 86826.8
30576.8 86813.5 30576.8 86813.5
30574.6 86802.3 30574.6 86802.3
30580.2 86802.3 30580.2 86802.3
30585.7 86809 30585.7 86809
30584.6 86811.3 30584.6 86811.3
30577.9 86782.3 30577.9 86782.3
30585.7 86789 30585.7 86789
30575.7 86793.4 30575.7 86793.4
30577.9 86791.2 30577.9 86791.2
30582.4 86793.4 30582.4 86793.4
30584.6 86784.5 30584.6 86784.5
30585.7 86797.9 30585.7 86797.9
30580.2 86782.3 30580.2 86782.3
30573.5 86789 30572.4 86789
30574.6 86820.2 30574.6 86820.2
30576.8 86842.4 30576.8 86842.4
30575.7 86784.5 30575.7 86784.5
30572.4 86784.5 30572.4 86784.5
30306.3 86864.7 30306.3 86864.7
30313 86880.3 30313 86880.3
30301.9 86864.7 30301.9 86864.7
30293 86860.2 30293 86860.2
30304.1 86882.5 30304.1 86882.5
30306.3 86873.6 30306.3 86873.6
30304.1 86871.4 30304.1 86871.4
30300.7 86871.4 30300.7 86871.4
30307.4 86882.5 30307.4 86882.5
30308.5 86869.1 30308.5 86869.1
30305.2 86864.7 30305.2 86864.7
30310.8 86893.6 30310.8 86893.6
30304.1 86882.5 30305.2 86882.5
30310.8 86882.5 30310.8 86882.5
30307.4 86882.5 30307.4 86882.5
30308.5 86884.7 30308.5 86884.7
30310.8 86875.8 30310.8 86875.8
30305.2 86878 30305.2 86878
30301.9 86871.4 30301.9 86871.4
30306.3 86869.1 30306.3 86869.1
30304.1 86866.9 30304.1 86866.9
30300.7 86871.4 30300.7 86871.4
30301.9 86882.5 30301.9 86882.5
30300.7 86878 30300.7 86878
30303 86882.5 30303 86882.5
30306.3 86880.3 30306.3 86880.3
30310.8 86873.6 30310.8 86873.6
30300.7 86869.1 30300.7 86869.1
30300.7 86873.6 30300.7 86873.6
30305.2 86864.7 30305.2 86864.7
30304.1 86871.4 30304.1 86871.4
30303 86878 30303 86878
30305.2 86882.5 30305.2 86882.5
30304.1 86878 30304.1 86878
30306.3 86884.7 30306.3 86884.7
30304.1 86869.1 30304.1 86869.1
30299.6 86864.7 30299.6 86864.7
30305.2 86858 30305.2 86858
30298.5 86893.6 30298.5 86893.6
30304.1 86869.1 30304.1 86869.1
30308.5 86858 30308.5 86858
30308.5 86869.1 30308.5 86869.1
30299.6 86871.4 30299.6 86871.4
30296.3 86871.4 30296.3 86871.4
30300.7 86862.5 30300.7 86862.5
30299.6 86873.6 30299.6 86873.6
30299.6 86878 30299.6 86878
30303 86864.7 30303 86864.7
30303 86886.9 30303 86886.9
30307.4 86871.4 30307.4 86871.4
30305.2 86878 30305.2 86878
30314.1 86864.7 30314.1 86864.7
30308.5 86869.1 30308.5 86869.1
30306.3 86858 30306.3 86858
30304.1 86878 30304.1 86878
30303 86873.6 30303 86873.6
30307.4 86869.1 30307.4 86869.1
30310.8 86871.4 30310.8 86871.4
30305.2 86889.2 30305.2 86889.2
30306.3 86882.5 30306.3 86882.5
30307.4 86873.6 30307.4 86873.6
30307.4 86882.5 30307.4 86882.5
30313 86871.4 30313 86871.4
30307.4 86880.3 30307.4 86880.3
30303 86878 30303 86878
30308.5 86871.4 30308.5 86871.4
30309.7 86878 30309.7 86878
30307.4 86873.6 30307.4 86873.6
30310.8 86869.1 30310.8 86869.1
30308.5 86871.4 30308.5 86871.4
30308.5 86878 30308.5 86878
30304.1 86871.4 30304.1 86871.4
30305.2 86875.8 30304.1 86875.8
30307.4 86873.6 30307.4 86873.6
30305.2 86871.4 30305.2 86871.4
30304.1 86875.8 30304.1 86875.8
30309.7 86871.4 30309.7 86871.4
30311.9 86866.9 30311.9 86866.9
30305.2 86882.5 30305.2 86882.5
30308.5 86880.3 30308.5 86880.3
30305.2 86878 30305.2 86878
30308.5 86878 30308.5 86878
30298.5 86884.7 30298.5 86884.7
30301.9 86880.3 30301.9 86880.3
30299.6 86880.3 30299.6 86880.3
30300.7 86873.6 30300.7 86873.6
30300.7 86869.1 30300.7 86869.1
30301.9 86864.7 30301.9 86864.7
30301.9 86871.4 30301.9 86871.4
30303 86869.1 30303 86869.1
30303 86873.6 30303 86873.6
30298.5 86873.6 30298.5 86873.6
30304.1 86869.1 30304.1 86869.1
30301.9 86875.8 30301.9 86875.8
30295.2 86875.8 30295.2 86875.8
30294.1 86882.5 30294.1 86882.5
30301.9 86878 30301.9 86878
30298.5 86873.6 30298.5 86873.6
30296.3 86875.8 30296.3 86875.8
30298.5 86878 30298.5 86878
30297.4 86866.9 30297.4 86866.9
30297.4 86875.8 30297.4 86875.8
30306.3 86878 30306.3 86878
30311.9 86882.5 30311.9 86882.5
30303 86873.6 30303 86873.6
30297.4 86886.9 30297.4 86886.9
30309.7 86873.6 30309.7 86873.6
30318.6 86866.9 30318.6 86866.9
30309.7 86873.6 30309.7 86873.6
30308.5 86875.8 30308.5 86875.8
30309.7 86873.6 30309.7 86873.6
30306.3 86873.6 30306.3 86873.6
30304.1 86880.3 30304.1 86880.3
30306.3 86875.8 30306.3 86875.8
30301.9 86869.1 30301.9 86869.1
30303 86864.7 30303 86864.7
30299.6 86862.5 30299.6 86862.5
30293 86860.2 30293 86860.2
30294.1 86871.4 30294.1 86871.4
30298.5 86873.6 30298.5 86873.6
30299.6 86871.4 30299.6 86871.4
30305.2 86880.3 30305.2 86880.3
30295.2 86864.7 30295.2 86864.7
30299.6 86873.6 30299.6 86873.6
30306.3 86866.9 30306.3 86866.9
30305.2 86871.4 30305.2 86871.4
30304.1 86878 30304.1 86878
30298.5 86880.3 30298.5 86880.3
60404.9 114056 60404.9 114056
30301.9 86873.6 30301.9 86873.6
30304.1 86878 30304.1 86878
30304.1 86871.4 30304.1 86871.4
30309.7 86878 30309.7 86878
30314.1 86882.5 30314.1 86882.5
30309.7 86869.1 30309.7 86869.1
30309.7 86878 30309.7 86878
30305.2 86871.4 30305.2 86871.4
30301.9 86880.3 30301.9 86880.3
30296.3 86880.3 30296.3 86880.3
30297.4 86882.5 30297.4 86882.5
30304.1 86878 30304.1 86878
30308.5 86880.3 30308.5 86880.3
30304.1 86891.4 30304.1 86891.4
30309.7 86884.7 30309.7 86884.7
30306.3 86884.7 30306.3 86884.7
30299.6 86893.6 30299.6 86893.6
30304.1 86884.7 30304.1 86884.7
30301.9 86882.5 30301.9 86882.5
30309.7 86873.6 30309.7 86873.6
30300.7 86882.5 30300.7 86882.5
30300.7 86880.3 30300.7 86880.3
30305.2 86873.6 30305.2 86873.6
30307.4 86871.4 30307.4 86871.4
30306.3 86878 30306.3 86878
30303 86880.3 30303 86880.3
30305.2 86871.4 30305.2 86871.4
30301.9 86875.8 30301.9 86875.8
30299.6 86886.9 30299.6 86886.9
30300.7 86878 30300.7 86878
30307.4 86882.5 30307.4 86882.5
30303 86871.4 30303 86871.4
30303 86878 30303 86878
30304.1 86875.8 30304.1 86875.8
30304.1 86871.4 30304.1 86871.4
30304.1 86869.1 30303 86869.1
30305.2 86871.4 30305.2 86871.4
30306.3 86878 30306.3 86878
30306.3 86869.1 30306.3 86869.1
30308.5 86873.6 30308.5 86873.6
30306.3 172196 30306.3 172196
30308.5 86869.1 30307.4 86869.1
30303 86880.3 30303 86880.3
30307.4 86875.8 30307.4 86875.8
30309.7 86889.2 30309.7 86889.2
30309.7 86871.4 30309.7 86871.4
30313 86884.7 30313 86884.7
30310.8 86873.6 30310.8 86873.6
30307.4 86866.9 30307.4 86866.9
30305.2 86891.4 30305.2 86891.4
30309.7 86882.5 30309.7 86882.5
30309.7 86878 30309.7 86878
30304.1 86871.4 30304.1 86871.4
30298.5 86869.1 30299.6 86869.1
30307.4 86862.5 30307.4 86862.5
30307.4 86869.1 30307.4 86869.1
30304.1 86873.6 30304.1 86873.6
30296.3 86878 30296.3 86878
30298.5 86862.5 30298.5 86862.5
30317.4 86849.1 30317.4 86849.1
30314.1 86858 30314.1 86858
30306.3 86875.8 30306.3 86875.8
30307.4 86878 30307.4 86878
30306.3 86862.5 30306.3 86862.5
30303 86862.5 30303 86862.5
30307.4 86873.6 30307.4 86873.6
30306.3 86875.8 30306.3 86875.8
30295.2 86902.5 30295.2 86902.5
30298.5 86884.7 30298.5 86884.7
30296.3 86873.6 30296.3 86873.6
30295.2 86878 30295.2 86878
30304.1 86862.5 30304.1 86862.5
30299.6 86871.4 30299.6 86871.4
30299.6 86873.6 30299.6 86873.6
30297.4 86866.9 30297.4 86866.9
30298.5 86875.8 30298.5 86875.8
30301.9 86880.3 30301.9 86880.3
30297.4 86862.5 30297.4 86862.5
30299.6 86873.6 30299.6 86873.6
30304.1 86871.4 30304.1 86871.4
30303 86886.9 30303 86886.9
30306.3 86882.5 30306.3 86882.5
30303 86873.6 30303 86873.6
30298.5 86875.8 30298.5 86875.8
30295.2 86878 30295.2 86878
30300.7 86873.6 30300.7 86873.6
30301.9 86875.8 30301.9 86875.8
30303 86860.2 30303 86860.2
30301.9 86875.8 30301.9 86875.8
30300.7 86873.6 30300.7 86873.6
30303 86871.4 30303 86871.4
30306.3 86871.4 30306.3 86871.4
30308.5 86886.9 30308.5 86886.9
30296.3 86875.8 30296.3 86875.8
30299.6 86878 30299.6 86878
30300.7 86866.9 30300.7 86866.9
30301.9 86875.8 30301.9 86875.8
30306.3 86880.3 30306.3 86880.3
30307.4 86891.4 30307.4 86891.4
30304.1 86875.8 30304.1 86875.8
30298.5 86860.2 30298.5 86860.2
30300.7 86864.7 30300.7 86864.7
30303 86866.9 30303 86866.9
30303 86878 30303 86878
30303 86871.4 30303 86871.4
30299.6 86882.5 30299.6 86882.5
30301.9 86869.1 30301.9 86869.1
30305.2 86875.8 30305.2 86875.8
30301.9 86873.6 30301.9 86873.6
30303 86866.9 30303 86866.9
30301.9 86871.4 30301.9 86871.4
30305.2 86862.5 30305.2 86862.5
30307.4 86855.8 30307.4 86855.8
30298.5 86860.2 30298.5 86860.2
30299.6 86862.5 30299.6 86862.5
30304.1 86866.9 30304.1 86866.9
30301.9 86864.7 30301.9 86864.7
30301.9 86869.1 30301.9 86869.1
30300.7 86855.8 30300.7 86855.8
30301.9 86864.7 30301.9 86864.7
30299.6 86864.7 30300.7 86864.7
30303 86869.1 30303 86869.1
30304.1 86873.6 30304.1 86873.6
30304.1 86875.8 30304.1 86875.8
30303 86873.6 30303 86873.6
30304.1 86880.3 30304.1 86880.3
30308.5 86873.6 30308.5 86873.6
30307.4 86869.1 30307.4 86869.1
30303 86869.1 30301.9 86869.1
30298.5 86866.9 30298.5 86866.9
30300.7 86864.7 30300.7 86864.7
30306.3 86871.4 30306.3 86871.4
30300.7 86869.1 30300.7 86869.1
30299.6 86880.3 30299.6 86880.3
30299.6 86878 30299.6 86878
30299.6 86875.8 30299.6 86875.8
30300.7 86873.6 30300.7 86873.6
30295.2 86875.8 30295.2 86875.8
30299.6 86880.3 30299.6 86880.3
30300.7 86882.5 30300.7 86882.5
30295.2 86873.6 30295.2 86873.6
30298.5 86884.7 30298.5 86884.7
30303 86882.5 30303 86882.5
30295.2 86889.2 30295.2 86889.2
30301.9 86886.9 30301.9 86886.9
30616.9 88579 30616.9 88579
30549 89313.7 30549 89313.7
27718.1 90640.6 27718.1 90640.6
27384.2 91128.2 27384.2 91128.2
23974.5 94209.5 23974.5 94209.5
23410.1 94218.5 23410.1 94218.5
21125.8 94490.1 21125.8 94490.1
20621.5 95687.9 20621.5 95687.9
15212.5 102387 15212.5 102387
14303 103919 14303 103919
12059.9 113259 12059.9 113259
11914.1 115006 11914.1 115006
9500.7 122017 9500.7 122017
9350.42 122609 9350.42 122609
7775.25 127657 7775.25 127657
7215.31 129142 7215.31 129142
4711.74 130415 4711.74 130415
4720.64 130408 4720.64 130408
4712.85 130397 4712.85 130397
4718.41 130400 4718.41 130400
4708.4 130417 4708.4 130417
4718.41 130411 4718.41 130411
3983.71 131070 3983.71 131070
3361.43 130932 3361.43 130932
3125.43 131502 3125.43 131502
3136.56 131502 3136.56 131502
3154.38 131517 3154.38 131517
3162.17 131533 3162.17 131533
3145.47 131513 3145.47 131513
3126.55 131553 3126.55 131553
3138.79 131542 3138.79 131542
3123.21 131542 3123.21 131542
3158.83 131513 3158.83 131513
3161.06 131515 3161.06 131515
3129.89 131542 3129.89 131542
3133.23 131539 3133.23 131539
3124.32 131535 3124.32 131535
3127.66 131531 3127.66 131531
3138.79 131519 3138.79 131519
3143.24 131513 3143.24 131513
2478.67 133410 2478.67 133410
2262.71 133817 2262.71 133817
-362.207 135371 -362.207 135371
-1526.61 134636 -1526.61 134636
-8054.38 134823 -8054.38 134823
-7788.33 136475 -7788.33 136475
-7938.61 143549 -7938.61 143549
-7934.16 143551 -7934.16 143551
-7937.5 143546 -7937.5 143546
-7675.9 143702 -7675.9 143702
-1961.87 143606 -1961.87 143606
-1871.7 144820 -1871.7 144820
-720.656 146307 -720.656 146307
-710.637 146968 -710.637 146968
1217.42 147950 1217.42 147950
1259.72 149086 1259.72 149086
1214.08 158512 1214.08 158512
1194.04 160300 1194.04 160300
2453.06 160894 2453.06 160894
2899.45 160910 2899.45 160910
3335.83 161667 3335.83 161667
3027.47 161533 3027.47 161533
1227.44 158882 1227.44 158882
1241.91 157127 1241.91 157127
1286.43 148692 1286.43 148692
1288.66 147144 1288.66 147144
-956.653 139728 -956.653 139728
-1802.68 139005 -1802.68 139005
-7466.62 139312 -7466.62 139312
-8498.55 139354 -8498.55 139354
-13866.4 139512 -13866.4 139512
-14751.4 139848 -14751.4 139848
-16700.6 141244 -16700.6 141244
-17349.6 141471 -17349.6 141471
-17920.6 141596 -17920.6 141596
-18517.3 140732 -18517.3 140732
-18481.7 141155 -18481.7 141155
-16817.5 140795 -16817.5 140795
-16862 140412 -16862 140412
-16487.9 137878 -16487.9 137878
-16296.5 137715 -16296.5 137715
-15221.1 137617 -15221.1 137617
-14513.1 137577 -14513.1 137577
-12926.8 139390 -12926.8 139390
-12451.5 139492 -12451.5 139492
-6918.92 139321 -6918.92 139321
-6131.9 139269 -6131.9 139269
-3183.04 139158 -3183.04 139158
-2836.84 139387 -2836.84 139387
-2407.15 139966 -2407.15 139966
-2584.14 139997 -2584.14 139997
-2583.03 139982 -2583.03 139982
-2610.86 140020 -2610.86 140020
-932.163 139830 -932.163 139830
-276.491 140679 -276.491 140679
1444.51 144740 1444.51 144740
1945.45 144691 1945.45 144691
3308 142253 3308 142253
3664.22 142006 3664.22 142006
3615.24 141843 3615.24 141843
3619.69 141854 3619.69 141854
3616.35 141816 3616.35 141816
3618.58 141836 3618.58 141836
3609.67 141816 3609.67 141816
3614.13 141830 3614.13 141830
3618.58 141808 3618.58 141808
3610.79 141801 3610.79 141801
3615.24 141792 3615.24 141792
3618.58 141801 3618.58 141801
3621.92 141803 3621.92 141803
3606.33 141819 3606.33 141819
3634.16 141908 3634.16 141908
3633.05 141914 3633.05 141914
3629.71 141888 3629.71 141888
3631.94 141863 3631.94 141863
3637.5 141899 3637.5 141899
3635.28 141888 3635.28 141888
3631.94 141903 3631.94 141903
3631.94 141897 3631.94 141897
3628.6 141917 3628.6 141917
3635.28 141899 3635.28 141899
3638.62 141899 3638.62 141899
3636.39 141894 3636.39 141894
3626.37 141914 3626.37 141914
3640.84 141879 3640.84 141879
3634.16 141914 3634.16 141914
3635.28 141892 3635.28 141892
3637.5 141874 3637.5 141874
3633.05 141892 3633.05 141892
3639.73 141883 3639.73 141883
3649.75 141885 3649.75 141885
3631.94 141897 3631.94 141897
3639.73 141883 3639.73 141883
3636.39 141890 3636.39 141890
3634.16 141897 3634.16 141897
3643.07 141881 3643.07 141881
3639.73 141885 3639.73 141885
3639.73 141910 3639.73 141910
3647.52 141890 3647.52 141890
3631.94 141899 3631.94 141899
3628.6 141912 3628.6 141912
3627.48 141930 3627.48 141930
3428.22 142139 3428.22 142139
1996.65 142157 1996.65 142157
1961.03 141449 1961.03 141449
1973.28 141966 1973.28 141966
1979.96 141843 1979.96 141843
3473.86 137161 3473.86 137161
3060.87 136580 3060.87 136580
3793.35 134349 3793.35 134349
3786.67 134256 3786.67 134256
2292.76 133730 2292.76 133730
2008.9 133009 2008.9 133009
1708.34 129645 1708.34 129645
1666.03 129329 1666.03 129329
1444.51 129683 1444.51 129683
1853.05 129700 1853.05 129700
3640.84 132891 3640.84 132891
3609.67 133824 3609.67 133824
3035.26 133216 3035.26 133216
2902.79 132944 2902.79 132944
2567.72 130404 2567.72 130404
2545.46 129745 2545.46 129745
2008.9 129656 2008.9 129656
2559.93 129678 2559.93 129678
2224.86 133837 2224.86 133837
1942.11 134293 1942.11 134293
1962.14 134351 1962.14 134351
2272.73 133951 2272.73 133951
2671.25 133683 2671.25 133683
2505.38 133392 2505.38 133392
2038.95 133260 2038.95 133260
2028.94 133280 2028.94 133280
1770.67 134777 1770.67 134777
1334.3 135391 1334.3 135391
568.424 136415 568.424 136415
867.874 137010 867.874 137010
4416.74 144257 4416.74 144257
4415.63 146173 4415.63 146173
4720.64 152939 4720.64 152939
5173.71 152715 5173.71 152715
4382.23 153492 4382.23 153492
4375.55 153489 4375.55 153489
4108.38 154344 4108.38 154344
3861.25 154351 3861.25 154351
2589.99 153572 2589.99 153572
3817.84 154453 3817.84 154453
3807.82 154458 3807.82 154458
3812.27 154445 3812.27 154445
3817.84 154418 3817.84 154418
3816.73 154402 3816.73 154402
3830.09 154418 3830.09 154418
3802.26 154445 3802.26 154445
3825.63 154342 3825.63 154342
3828.97 154335 3828.97 154335
3572.94 154393 3572.94 154393
3059.75 154427 3059.75 154427
1334.3 155972 1334.3 155972
1309.81 155972 1309.81 155972
1269.74 156918 1269.74 156918
1221.87 156226 1221.87 156226
1179.57 159225 1179.57 159225
1168.44 160189 1168.44 160189
618.518 160280 618.518 160280
614.065 160295 614.065 160295
-578.167 157274 -578.167 157274
-670.562 155914 -670.562 155914
