-14766.9 139957 -14490.9 136473
-13340.9 133935 -13802.9 135349
-14374 135389 -13070.4 134020
-7989.82 141413 -6922.26 143800
-6827.64 142275 -6788.68 140498
-7629.14 137624 -8723.41 143562
-8635.47 143751 -7743.8 139049
2203.71 138748 4650.51 137105
3765.52 135923 4434.55 138363
5898.4 139296 3673.12 135772
-142.907 133200 -2172.26 134563
-3569.32 134730 -10621.4 135111
-10749.4 134302 -10707.1 127216
-9320.09 125208 -10928.7 129046
-11752.4 130562 -10779.5 140338
-10817.3 141531 -11300.5 141549
-11493 141053 -7904.1 142825
-9430.29 138381 -9434.75 138268
-11357.2 138492 -11343.9 137695
-13777.3 137526 -15167.7 136030
-15137.6 135567 -8983.9 135986
-8973.88 136798 -10062.6 136380
-9208.77 131112 -8688.9 128349
-8564.23 131907 -10856.3 132165
-11346.1 133741 -12972.5 136992
-16841.9 137916 -18139.9 139027
-18205.6 137564 -14957.3 135226
-15113.2 127612 -17651.2 119236
-19746.3 116738 -16418.9 122625
-15818.9 123208 -15810 123213
-14989.6 125651 -12596.2 131649
-12883.4 133810 -15131 127249
-14439.7 123342 -15905.7 122772
-15941.4 123246 -15387 123772
-15303.5 123996 -15103.1 121254
-14193.7 122462 -16298.7 122816
-15167.7 127104 -13027 135300
-13428.9 135286 -13433.3 135286
-18944.8 138417 -16690.5 142242
-16548.1 142651 -11322.7 155466
-6466.97 162261 -4241.69 164118
-4280.65 164165 -4269.52 164087
-2172.26 162689 -1646.83 162820
1974.39 158755 1975.5 158468
1292 156789 1221.87 156718
2947.32 151450 3096.49 150268
885.685 150544 -1549.99 161507
-2640.92 161910 1246.36 155967
991.438 151252 4958.86 133597
7977.85 125419 7986.75 125624
9863.6 123400 10308.9 123970
-4428.71 149326 -4368.6 149313
-4363.03 149322 -4364.14 149310
-4377.5 149297 3447.15 152022
501.632 151247 1324.28 153369
2482.01 146997 15048.9 121550
15491.9 117651 12917.1 118261
11670.3 116119 10713 119357
1019.27 119441 -3186.38 123907
-2483.96 123442 -3808.66 129903
-3919.98 131584 -4770.46 134959
-4143.73 138241 -4428.71 138984
-162.945 140812 1280.87 149215
1657.13 142487 1722.81 142480
-1223.82 139283 753.214 128995
14298.6 122934 15872.6 114772
15284.9 116493 13562.7 116289
13492.6 116042 13492.6 116042
13491.5 116042 13497.1 116053
13498.2 116050 13498.2 116050
13497.1 116050 15231.4 118052
15369.5 117291 15318.3 116830
15222.5 114942 15942.8 114492
9780.11 127053 10471.4 119590
15286 116476 15650 114646
15928.3 114418 7473.57 129026
3104.28 152585 3051.96 153282
1023.72 152594 876.779 151958
877.892 151742 880.119 151544
836.704 151855 904.609 151820
3448.26 151949 848.949 155918
-3524.79 154355 -3551.51 153260
-3994.56 151009 -4311.82 150508
-1195.99 149166 1358.79 150283
5806.01 150967 8236.11 150940
7298.8 150827 6153.32 150940
5301.73 152761 -3793.07 143119
-3812 143250 -7859.57 141022
-8938.26 137259 -8959.41 136607
-4376.39 134042 -4079.16 134091
-7557.9 134966 -9880.02 142714
-10329.8 142834 -9873.34 141850
-9870 141863 -14028.9 141816
-17263.8 145430 -17386.3 145423
-15537.3 145895 -15587.4 143569
-17140.3 143279 -14543.2 139928
-15626.3 144107 -15616.3 146708
-16044.9 146403 -14132.4 141727
-14561 140668 -14507.6 140703
-14513.1 140714 -14499.8 140685
-14572.1 140670 -14535.4 140690
-14566.6 140677 -14564.3 140674
-14546.5 140690 -14568.8 140672
-14563.2 140641 -14535.4 140681
-14556.6 140654 -14565.5 140639
-14553.2 140665 -14531 140681
-14533.2 140628 -14515.4 140601
-14502 140674 -14537.6 140614
-10450 141614 -3804.21 143123
-4661.37 144753 -3829.81 143123
-3820.9 143130 -14450.8 145771
-17263.8 143903 -18024.2 144466
-19018.2 142892 -19612.7 152795
-18562.9 153763 -19562.6 153015
-15577.4 145194 -7639.16 137867
-10910.8 139394 -14544.3 140601
-15492.8 137644 -14669 138517
-15873.5 158848 -14145.8 165303
-5443.94 170933 -3495.85 177784
-3797.53 175569 -2684.33 163858
-2891.39 142475 -4389.75 140705
-649.411 141086 -3445.76 137399
-3978.98 135948 -6681.81 136119
-8533.06 139332 -9413.59 138283
-7628.03 139474 -8321.55 139330
-9283.35 141460 -9288.92 141373
-8447.34 139441 -5382.72 139423
-6237.65 137813 -6955.66 137818
-7867.37 135712 -8039.91 132857
-8029.89 132833 -10160.5 133285
-12114.2 133768 -10751.7 134681
-12612.9 133944 -15038.6 135765
-14478.6 137664 -14446.3 137464
-11481.9 137511 -8916 139741
-8749.02 143179 -15353.6 152853
-15540.6 149729 -12755.4 151392
-12840 149453 -11116.8 145681
-10445.5 148260 -9952.38 150962
-10447.8 148854 -10768.4 147273
-12284.5 147256 -14118 141752
-14152.5 134641 -9561.65 131958
-8258.1 132530 -10264.1 133677
-10786.2 133695 -11129 126058
-10478.9 118453 -12590.7 119183
-13592.5 124277 -15896.8 123244
-15898 123235 -13128.3 119470
-12854.5 120799 -12360.2 123090
-10448.9 124793 -10912 130184
-11277.1 131962 -12433.7 133100
-12349.1 133788 -14868.2 136542
-14008.9 136406 -12668.6 135879
-12926.8 136081 -12939.1 135019
-12439.3 131967 -11609.9 129418
-10949.8 128868 -5229.09 131103
-5180.11 132601 -3729.62 135289
-2721.07 138544 -4763.78 134754
-4794.95 137332 -5345.98 148079
-6328.93 142438 -6983.49 142582
-7091.47 142551 -6109.63 146180
-6136.35 146180 -4696.99 144087
-4665.82 142769 -1924.02 141242
-4740.4 138608 -3964.51 145450
-3436.85 145425 -3248.72 145396
-4825.01 141362 -5983.84 140445
-13875.3 139020 -13185.1 137353
-13197.3 137402 -13176.2 137399
-13187.3 137397 -13720.5 139465
-15503.9 136028 -17296.1 139643
-16998.9 139837 -15030.8 140140
-15999.3 137811 -15345.8 132577
-8218.02 137301 -8225.82 137297
-17295 157065 -3486.94 155673
-4075.83 149099 -3696.23 146205
-4106.99 149068 -4385.29 149313
-4378.61 149324 -4393.09 149317
-4358.58 149313 -4360.8 149317
-4406.44 149328 -4337.43 149299
-4347.44 149293 -4367.48 149306
-4405.33 149270 -4364.14 149326
-4368.6 149304 -4386.41 149293
-4423.14 149295 -4395.31 149282
-4050.22 151063 -6020.58 146258
-10957.6 145203 -12903.5 139539
-13799.6 139595 -13526.8 139505
-17032.3 139307 -16529.1 138517
-9089.65 135102 -4413.12 134841
-3822.02 134839 -3790.85 134832
-6987.94 134930 1549.15 137905
6982.65 129602 6888.03 129640
2424.12 132316 979.193 132886
3647.52 134823 4390.02 136437
1987.75 141870 1619.28 142473
757.667 151742 -997.841 151544
-1662.42 151018 -1128.08 149068
-1829.4 147198 530.575 141917
-3112.91 141331 -3786.39 139203
-12409.2 139448 -14278.3 140340
-10589.1 142340 -9485.95 154654
-6948.98 156012 -6203.14 155371
-4453.2 156212 -3520.34 154634
-4339.65 150611 -4279.54 150669
-4656.91 144660 -4665.82 144174
-8577.59 143655 -8621 143647
-8686.68 143954 -8633.25 145307
-13403.3 145917 -14470.8 140585
-14818.2 139971 -14582.2 139835
-14230.4 139612 -8307.08 133545
-19253.1 104841 -19640.5 106018
-18884.7 107180 -16706.1 114646
-16622.6 114385 -16634.9 114401
-16717.3 114456 -16166.2 115489
-15906.9 115233 -15876.8 115198
-15879 115209 -15879 115211
-16033.8 115278 -15350.3 119279
-17134.7 126824 -17751.4 136587
-18417.1 139530 -18225.6 141754
-10914.2 139445 -6208.71 139577
-7780.54 139888 -12673 137450
-14643.4 138116 -15580.7 147776
-15576.2 156562 -15449.3 157838
-14742.5 159231 -12889 159999
-11982.8 157272 -12303.4 156838
-9629.55 157390 -9736.42 157528
-7837.31 156931 -4045.77 156123
-3611.62 152229 -4427.59 149713
-4423.14 149729 -4412.01 149767
-4414.24 149867 -1744.79 150154
1133.93 152697 1700.54 153031
2659 152692 4906.54 151018
7495.84 150807 7050.56 150321
4063.86 152597 1056 152479
960.269 152436 1310.93 149582
1240.79 150161 835.591 151782
11.8266 151869 -1774.85 147516
-1749.25 146107 -1735.89 145949
-5584.2 147066 -6584.97 150201
-5115.55 147071 -3793.07 143112
-3794.19 143128 -3794.19 143130
1280.87 147618 625.197 155511
1020.38 152272 529.462 146995
-569.261 146398 -1740.34 146962
626.31 155680 643.008 155219
1150.63 152443 1178.45 152456
1053.78 152367 -2410.49 147011
-6396.84 147046 -8492.98 146748
-2762.26 145341 -2741.1 146009
-3796.41 143141 -3798.64 143148
-3786.39 143150 -8902.64 141609
-8898.19 139750 -7951.97 137644
-7934.16 137662 -7954.2 137646
-4939.66 140726 -3804.21 143130
-3801.98 143130 -3653.92 149179
-1448.69 147616 -3604.94 145414
-6057.31 148191 -3779.72 143161
-3814.22 143134 -3806.43 143137
-10440 150871 -7682.58 161061
-7014.66 162651 -5820.2 157541
-4325.18 151052 1176.23 152683
815.553 151648 -626.034 149313
-34.9275 149464 850.062 151443
916.854 151693 774.365 151679
801.082 151706 756.554 151806
782.158 151780 686.423 151664
673.064 151526 745.422 151784
-2609.75 151840 -4634.65 146109
-3794.19 143217 -10453.3 154629
-11754.6 156526 -15528.4 157040
-15581.8 143940 -14584.4 140026
-14549.9 139741 -15273.5 140207
-15585.1 153414 -14499.8 155308
-15572.9 146421 -14508.7 140583
-14520.9 140605 -14482 140639
-14542.1 139911 -14546.5 139788
-2400.47 139120 6207.87 131319
11733.8 117613 11660.3 116066
11740.4 117028 5984.12 131263
1381.06 132964 755.441 133897
694.215 133879 -390.037 133813
-8241.4 136217 -8635.47 136685
-9818.8 136319 -12375.8 145891
-14093.5 141892 -4826.12 139837
-4733.72 138450 -1775.96 135888
-3633.89 137853 -593.751 140302
-2782.29 140944 -4554.5 140732
-4354.12 139107 -8932.69 137502
-8967.2 135903 -10309.7 133739
-9696.35 133534 -9695.23 128928
-9498.2 128652 -9038.45 128730
-5518.53 131660 -8989.47 139394
-15775.5 155308 -14518.7 155210
-15530.6 152294 -15518.4 152105
-12010.7 145942 -13452.3 145906
-19517 148729 -20452 148852
-19426.8 143865 -19164.1 142616
-19955.6 145343 -18073.1 143591
-11829.2 147478 -10838.5 149415
-12248.9 148199 -12930.2 147567
-18863.5 148611 -16257.5 146294
-16322.1 148262 -10334.2 147320
-4641.33 147089 -4469.9 144228
-3736.3 140013 -2662.07 138172
-2862.44 137188 -10797.3 133706
-11463 130509 -7900.76 141894
-2705.48 146590 -2170.04 151639
-2166.7 151610 -2721.07 145490
-2875.8 136402 -884.295 139946
-2933.69 139076 -15894.6 139381
-16331 139367 -14295 138343
-15957 139207 -15668.6 140570
-13233 139570 -12935.7 139356
-11312.7 141598 -12638.5 143154
-17980.7 130774 -18561.8 127505
-15028.5 132178 -13690.5 134347
-14760.3 137664 -14292.7 137471
-11051.1 139401 -9398.01 138786
-4662.48 132508 -4157.09 132519
-4941.89 134002 -8293.72 136233
-10886.4 132156 -11026.6 133715
-12199.9 132092 -11219.2 133779
-9603.95 132539 -12885.6 133870
-12852.3 133873 -9520.46 134639
-9089.65 133672 -9275.56 130883
-8841.41 123716 -10268.5 125390
-9519.35 132771 -9360.16 133646
-14023.3 136458 -14380.7 136484
-11762.4 137479 -10128.3 136331
-7847.33 136279 -6922.26 137326
-6271.05 139316 -6253.23 139314
-4749.31 138708 -1483.19 134759
-1506.57 135923 -2796.76 141220
-2711.05 141707 -2851.31 137419
-1524.38 134714 1309.81 134572
1684.96 131958 2454.18 137829
-726.222 147975 50.7885 146503
137.618 139617 -1053.5 139615
-8331.57 140788 -8844.75 140648
-1770.4 139639 -1566.68 140360
11929.7 115093 15309.4 105954
60245.7 100310 69948.3 99795.6
68396.5 103157 68394.3 103160
68395.4 103157 68396.5 103164
68396.5 103162 68396.5 103162
68397.6 103162 68397.6 103162
68396.5 103162 68396.5 103162
68395.4 103162 68395.4 103160
68395.4 103162 68395.4 103160
68395.4 103162 68395.4 103162
68394.3 103162 68376.5 103157
68394.3 103177 68398.7 103180
68401 103171 63971.6 100403
51648.5 98003.3 35116.4 101007
18878.3 106003 14199.5 105931
3460.5 132568 3474.98 132557
3439.35 132597 3439.35 132593
3429.34 132608 3456.05 132581
2585.53 132532 4568.13 134100
11928.6 117776 14839.6 118622
14936.4 117963 15411.8 117943
15361.7 117148 15360.6 117150
15300.4 116393 15291.5 116266
15293.8 116289 15231.4 115721
15210.3 115251 15356.1 115109
15352.8 115109 15467.4 115240
15475.2 115276 15987.3 114710
6315.85 131074 1247.47 150553
766.573 150769 1295.34 149195
2696.85 144789 196.617 142669
193.277 142344 175.466 142669
185.485 143751 -4200.5 143566
-4417.58 143533 -4681.4 142246
-2974.88 135974 -2601.95 135952
-2471.71 136286 -2473.94 136829
-2629.78 135741 -2605.29 135988
-2605.29 135881 -3159.67 135988
-4393.09 139305 -10842.9 131962
-12049.6 130457 -12167.6 136415
-13858.6 139345 -13833 147610
-12719.8 153603 -12865.6 152968
-12756.5 153258 -12754.3 153273
-12758.7 153276 -12756.5 153247
-12010.7 151394 -16162.9 149137
-16571.4 149083 -15613 143190
-12523.9 141703 -8763.49 142963
-4709.23 143114 -5022.04 143054
-5979.39 147102 -6051.75 146096
-7806.14 143072 -8187.97 141625
-8369.42 143689 -4703.67 142763
-3486.94 142758 -3758.56 143119
-5393.85 147031 -5899.24 147026
-8656.62 144468 -8631.02 143871
-4722.59 145434 -4415.35 149667
-4053.56 143615 -3810.88 143261
-5423.9 143092 -3836.49 143052
-3730.73 143277 -2737.76 145147
-4688.08 142678 -4941.89 141712
-1814.93 146523 -571.487 161431
-755.165 161740 -1424.19 154507
-1842.76 146111 -4066.92 143557
-7026.9 136117 -7423.2 136137
-10457.8 126953 -11646.7 117355
-12699.7 122204 -10915.3 129863
-8654.4 134465 -8988.35 134610
-12333.5 149497 -12191 149727
-10062.6 145503 -5389.4 148865
-6021.69 145835 -10445.5 152781
-11553.2 159823 -11390.6 159518
-11123.5 157323 -10465.6 143390
-9739.76 137876 -7108.17 139325
-3781.94 143148 -3799.75 143266
-415.64 135280 521.67 133425
5418.61 148008 -2152.22 134634
-5146.72 133436 -4809.42 140610
-4110.33 141344 3619.69 140643
3482.77 140436 6683.2 129881
6683.2 129885 6679.86 129905
6680.98 129903 6680.98 129901
6682.09 129901 6682.09 129901
6683.2 129901 6683.2 129903
6692.11 129919 5527.71 131620
2593.33 131831 2022.26 133216
2054.54 132951 4431.21 139782
1117.23 142333 -174.077 152630
-7596.86 154195 -8489.64 152572
-8595.4 151261 -7823.95 147200
-7689.26 145205 -8692.24 143807
-9487.07 140541 -10647 138526
-9425.84 137484 -10136.1 136319
-8069.97 137355 -7931.93 136624
-2746.67 144470 -2515.13 149464
-2534.05 149462 1319.83 144622
4145.12 140372 4524.72 140449
-2713.27 138328 -2845.74 138230
717.592 141885 10.7134 141004
-11255.9 139407 -11262.6 139405
-15598.5 149175 -14311.7 155070
-15501.7 149727 -19085 147387
-19055 147523 -19046.1 147287
-15555.1 144820 -14846 137125
-14021.1 136409 -10859.6 130600
-12089.7 123533 -11737.9 115102
-10579.1 113984 -14531 115498
-14492 121734 -14221.5 122451
-14864.9 128349 -14122.4 129317
-11358.3 130092 -12191 134180
-9792.08 135055 -11470.8 135240
-19360 138804 -20686.9 147997
-19442.4 147763 -15863.4 137784
-12990.3 137439 -12963.6 137361
-7156.04 130074 -2708.82 123518
-2590.82 122676 -2551.86 122638
-2231.26 123150 -2706.6 123780
-2708.82 123700 -1773.74 122638
-3691.77 124362 -3345.57 127360
2907.25 131076 1405.55 133761
-1418.63 135874 -1851.66 136313
