-513.601 123894 -1531.06 123943
-3784.17 124134 -3613.85 126040
-4344.11 130161 -7060.3 132699
-7240.64 134970 -10524.6 143146
-10466.7 144232 -10526.8 146585
-10473.4 149041 -10473.4 149769
-12774.3 151982 -10500.1 152548
-10445.5 152817 -7551.22 152924
-4346.33 152748 -3788.62 152724
-3593.81 151877 -3668.4 147890
-4639.1 145506 -5311.47 141636
-5698.86 140443 -4968.61 141405
-3938.9 143578 -3177.48 143529
-1803.79 147253 -1732.55 150388
-2574.13 152087 -3375.63 151205
-3588.25 150588 -3059.48 149108
-2804.56 149115 -2731.09 149095
-1234.95 149544 -659.43 149520
-462.394 149578 21.8454 151314
8.48706 151461 617.405 151546
3082.02 151539 3104.28 152138
3095.38 151481 1246.36 153859
1237.45 155275 -1155.91 155909
-1580.04 155012 -1888.4 155048
-3138.51 155999 -3669.51 156045
-4211.63 156882 -5504.05 157448
-5724.47 158724 -6101.84 158499
-6109.63 157575 -5147.83 157245
-4251.71 154678 -4277.31 154643
-3754.11 152726 -269.812 152643
1014.82 152966 1181.79 153193
-613.789 152668 958.042 152585
695.328 152590 18.5058 150573
8.48706 149820 20.7322 149651
-868.711 149192 -1282.82 149097
-1209.35 149110 -1390.8 149077
-1816.04 149021 -1962.98 149043
-3633.89 149066 -3686.21 147113
-3687.32 147122 -3740.75 144234
-2772.27 143092 -2790.08 141912
-3269.87 141774 -2378.2 141805
-2403.81 141767 -2776.73 141754
-4080.28 141331 -3485.83 141821
-3118.48 141819 -1771.51 141267
-1607.87 139884 -1619 139416
-1636.82 140968 -3245.38 141298
-3490.28 141309 -4614.61 140697
-4748.19 139334 -4733.72 138027
-4488.82 136130 -3690.66 133777
-3683.98 133670 -3697.34 135473
-3646.13 137671 -3649.47 137807
-3650.58 137802 -3649.47 137791
-3622.75 138866 -4049.11 139109
-4741.52 137482 -3688.43 135981
-3858.75 136705 -4731.5 134118
-5565.28 131323 -5514.07 133481
-6360.1 134988 -6126.33 142616
-6234.31 143578 -8917.11 143742
-10524.6 143034 -10594.7 141275
-8506.34 139390 -8228.04 136562
-8736.77 139367 -10923.1 139407
-12067.5 139405 -11205.8 139492
-9538.27 150695 -9695.23 152341
-9685.21 154302 -9662.95 155878
-10305.3 156851 -11282.6 155729
-13973.2 155115 -15147.7 152875
-14848.2 154182 -14143.6 153378
-10073.7 152937 -8515.25 152964
-8470.72 152659 -9994.68 149215
-14074.5 149239 -16424.5 146899
-16234.1 146200 -15145.4 144368
-13387.7 142956 -12753.2 142150
-14284.9 139835 -14296.1 139632
-12703.1 139508 -10087.1 139488
-5356 139245 -3589.36 139664
-3227.57 142246 -2788.97 141371
-3298.82 136464 -2911.42 134814
-3301.04 133585 -4728.16 133185
-3611.62 127283 -3581.57 124920
2331.72 113212 5000.05 108069
11743.8 85595.6 11803.9 85477.6
11941.9 79433 12595.4 76618.8
13305.6 76044.4 13308.9 76040
13304.5 75968.7 11405.4 73691.1
11336.4 73016.5 11325.2 72840.7
11354.2 73566.5 11860.7 83001.9
9019.8 91691.5 8133.7 98136.9
8120.34 107719 8231.66 110041
3657.54 111239 3216.71 123371
2624.5 124275 -150.7 132697
-4846.16 139178 -5712.22 139227
-9744.21 139434 -15786.6 141095
-15590.7 148698 -15515 158439
-15434.9 159953 -15133.2 161912
-15036.3 161573 -15137.6 161491
-15532.8 154258 -15538.4 153534
-15542.8 149762 -14582.2 148244
-14390.7 148237 -13811.8 147066
-13810.7 147093 -13823 147080
-13829.6 147091 -11996.2 145969
-11202.5 145659 -7144.9 143640
-3972.3 143575 -3511.44 143544
-1791.55 148084 -4634.65 134665
-4622.4 133423 -4140.39 132922
-4740.4 132641 -4732.61 132947
-5181.23 134901 -9025.09 135082
-9642.91 134661 -9520.46 134630
-9730.86 135030 -9728.63 135026
-9806.55 135042 -9707.48 135188
-9707.48 135224 -9816.57 135044
-9819.91 135019 -9805.44 135064
-9808.78 135057 -9800.99 135064
-9818.8 135091 -9819.91 135113
-9829.93 135053 -9852.19 135046
-9844.4 135039 -9841.06 135042
-9847.74 135053 -9851.08 135044
-9854.42 135062 -9846.63 135037
-9856.65 135064 -10817.3 137724
-6513.72 139301 -3555.96 141177
-3511.44 142460 -2800.1 141509
-2843.52 138288 -2850.2 137778
-2916.99 134915 -3539.27 134716
-3666.17 134463 -3722.94 130397
-3562.64 125094 -3577.11 125021
-4224.99 120737 -4058.01 119401
-4050.22 119406 -4781.59 119401
-4141.5 122400 -3967.85 123077
-2726.63 123446 -3759.68 123865
-3649.47 124862 -4381.95 130164
-5084.38 130740 -5071.02 131114
-4626.86 127414 -2723.29 123694
-2721.07 123718 -2718.84 123709
-2714.39 123707 -3034.99 123901
-3646.13 124818 -3685.09 131310
-3698.45 132866 -4760.44 134069
-5389.4 138270 -5824.65 139209
-6116.31 142642 -6102.95 143333
-4645.78 143629 -3739.64 144806
-3746.32 144987 -3726.28 145695
-3688.43 147810 -3663.94 148220
-3663.94 148718 -3663.94 151421
-3619.42 152263 -3591.59 152545
-3568.21 154424 -3545.94 154861
-3515.89 155110 -3519.23 155825
-3481.38 155834 -3508.1 154716
-3560.42 153198 -3581.57 152372
-2768.93 151029 -2684.33 151045
-2675.43 149235 -2043.13 147026
-1817.15 148582 -1817.15 148963
-238.642 149388 1254.15 151673
1231.89 154364 1869.75 154358
1946.56 154369 1529.11 154324
1320.94 153391 1330.96 151546
1323.17 149604 1314.26 149395
1293.11 144960 980.306 142297
303.484 141420 -1742.57 138960
-3067.27 139029 -3479.15 139051
-2912.54 137722 -2843.52 136564
-2866.9 136584 -2928.12 134879
-2915.88 134850 -2924.78 134855
-3680.64 133394 -3643.91 132410
-3626.09 132083 -3665.06 131611
-4715.91 131090 -4865.08 131027
6973.75 95142.4 9030.93 85395.3
9036.5 80949.2 9097.72 77921.3
11944.2 75668.2 13285.6 76460.8
13305.6 76053.3 13304.5 76035.5
13306.7 76046.7 13304.5 76035.5
13305.6 76044.4 13283.3 76516.4
12070 76683.4 11367.5 85446.5
9019.8 90386.8 6629.77 94984.3
5399.69 101267 5310.63 104210
3077.57 112056 -288.736 114076
-885.408 114588 -858.692 114601
-1516.59 116876 -2171.15 116723
-4171.56 117213 -4243.92 121628
-3962.28 123139 -3456.89 122380
-3137.4 123752 -3759.68 124195
-4193.82 130170 -4750.42 132488
-5084.38 131931 -4776.02 133735
-6966.79 134919 -8101.14 134160
-16669.4 111555 -17385.2 110088
-14960.6 115765 -14260.4 115369
-12569.5 112584 -14030 113403
-14410.7 113782 -15321.3 115547
-12755.4 121904 -12129.8 123560
-10500.1 127298 -5509.62 134356
-5241.34 134474 -5209.06 134380
-5211.28 133681 -7720.43 134986
-10747.2 136613 -10816.2 138032
-10550.2 146044 -10818.4 146127
-6276.61 138270 -6284.4 139403
-5276.96 139261 -39.3803 140975
1285.32 143268 1269.74 148478
1422.24 152666 2925.06 152712
3057.53 153654 1463.43 154340
1304.25 154028 1392.19 152752
2289.42 152728 2522.08 153182
1155.08 151615 941.344 150873
379.181 149774 128.712 149444
-475.753 148507 -1014.54 148066
-1798.23 146619 -1824.94 144704
-1020.11 143644 815.553 142166
877.892 142248 1000.34 142402
1263.06 148037 1271.96 148747
1270.85 152474 384.747 162949
-440.13 166109 412.577 171661
587.348 173890 -418.98 175528
-2613.09 175967 -3364.49 176112
-3721.83 175586 -5317.04 173799
-5362.68 171886 -5449.51 168733
-5449.51 164454 -4788.27 164114
-2342.58 163795 1258.6 156954
2122.44 156027 3796.69 156027
7069.48 156043 6734.41 155591
5297.28 155981 1401.09 155950
983.646 155958 910.175 155346
2569.95 154380 2872.74 154382
2935.08 154407 3109.85 152728
5159.24 152715 10018.3 152483
12906 152788 12662.2 153378
12962.7 153416 13197.6 152280
11621.3 152343 9429.46 152305
7742.97 150746 6984.88 150864
4880.94 150989 3120.98 149486
2546.57 148956 2528.76 147705
2548.8 146975 2529.87 146975
1259.72 149079 1244.13 156050
396.992 157944 -1129.2 154645
-1170.39 154625 -1593.4 152777
-3215.33 152675 -3501.42 152679
-4675.84 152735 -4356.35 150847
-4348.56 150604 -3117.36 149413
-3244.27 151063 -3426.83 151072
-3677.3 147801 -3685.09 147182
-3686.21 147198 -4531.12 147048
-7225.05 147129 -9324.54 147293
-10501.2 145695 -10473.4 145345
-15487.2 145100 -16629.3 136778
-16688.3 135540 -17994.1 133343
-17475.4 133588 -17223.8 133661
-15281.2 135816 -15491.6 136887
-15483.8 136983 -16921 140247
-16860.9 140616 -19506.9 140080
-19518.1 140512 -20350.7 144025
-23025.7 143867 -23025.7 143865
-20660.2 144076 -20245 144626
-20243.9 144624 -19515.8 151205
-19459.1 150660 -18017.5 149233
-17978.5 148295 -17977.4 147881
-19501.4 144611 -19520.3 150686
-19571.5 151252 -23269.5 155117
-24576.4 154736 -24580.9 154741
-24323.7 153634 -23033.5 153222
-22997.9 152835 -19671.7 152826
-19411.2 148482 -19423.4 148253
-18380.4 145227 -17096.9 149348
-17153.6 149248 -15196.6 148244
-13716.1 148235 -13690.5 148233
-13410 148235 -12982.5 148269
-11398.4 148240 -10574.7 149204
-12605.1 149355 -13383.2 149310
-13692.7 149279 -17743.6 149722
-17712.5 149647 -17977.4 147416
-19520.3 145546 -19523.6 145543
-19524.7 145550 -18241.2 145183
-16700.6 144303 -9222.13 144016
-6541.55 142569 -6148.59 140503
-6094.05 139381 -4722.59 140688
-4708.12 140766 -3576 139227
-3649.47 137727 -5291.43 137375
-4766.01 137212 -4728.16 133463
-3663.94 131486 -3641.68 137642
-3606.06 138971 -2705.48 139120
-1118.07 139630 -1676.89 141226
-1036.8 141480 -1501.01 139053
-2866.9 140672 -6110.75 139227
-9572.78 139416 -10782.8 134311
-10845.2 132085 -12186.6 132076
-10825.1 132495 -9492.63 133065
-9002.83 135075 -8111.16 136255
-8110.04 136253 -8120.06 136253
-7556.79 137399 -6102.95 137424
-5018.7 137735 -4761.55 137304
-4753.76 136059 -1467.61 134688
1092.74 135542 -36.0407 135689
-3577.11 134696 -4397.54 134741
-4191.6 131753 -3660.6 128523
-3551.51 125686 -4033.52 120269
-3351.14 118894 -3262.08 118862
-1586.72 115692 1023.72 113962
4757.38 109743 5410.82 101951
5259.43 100143 9026.48 90179.8
9029.82 87303.3 11757.1 85624.6
13308.9 76035.5 13308.9 76044.4
13307.8 76028.8 11914.1 80419.3
10782 85419.8 8133.7 97771.8
8331.85 101833 8112.55 106624
3644.18 111241 -59.4178 113982
-1662.42 116941 -3691.77 118542
-4297.35 121089 -2725.52 123162
-2713.27 123680 -3801.98 124099
-3765.24 129006 -3667.28 131646
-3934.45 132499 -3938.9 132503
-3928.88 132503 -3937.79 132497
-3934.45 132483 -3962.28 132526
-3968.96 132530 -3965.62 132521
-3704.02 135841 -3608.28 138960
-3623.87 139029 349.125 141518
1299.79 143306 1081.61 142395
1179.57 142676 1248.59 148473
1271.96 153229 -1365.2 156900
-2025.32 151926 29.6378 149671
49.6753 148507 -502.469 149310
-457.942 149424 38.5433 145953
1326.51 144539 1338.75 143468
813.327 141794 -713.976 140053
-715.09 140042 -354.414 138452
-81.6817 138132 -248.661 138272
-233.076 138234 -230.85 138225
-221.944 138219 -221.944 138225
-89.4741 137406 -2861.33 137698
-2864.67 137682 -2859.1 137357
-2932.57 134705 -3082.86 134712
-3492.51 134692 -3484.72 134696
-3514.77 134683 -3659.49 132517
-3670.62 132506 -3734.07 133263
-3311.06 134679 -3315.51 134685
-4192.71 134777 -4494.39 134794
-7532.3 135068 -1369.65 134705
-1018.99 134892 3472.75 136117
3949.2 137168 3948.08 137148
3301.32 135783 3415.98 135589
4012.65 134434 4175.18 134652
4174.06 134654 4422.3 138109
5021.2 138495 5077.98 138488
5218.24 138486 5070.18 138550
5071.3 138555 5069.07 138546
5069.07 138550 5069.07 138548
5086.88 138557 -1300.63 145305
-3267.65 145376 -5827.99 145425
-6268.82 144361 -10600.3 150524
-12876.7 151339 -14369.5 154193
-14351.7 153015 -13841.9 152053
-12344.6 150927 -11817 147587
-11072.3 147302 -9411.37 144181
-7810.59 143117 -7111.51 142580
-6164.18 143065 -6150.82 140518
-5063.23 139258 -4395.31 139163
-7064.75 139303 -11281.5 135280
-11260.4 135266 -11235.9 135275
-11234.8 135271 -10728.3 136587
-10456.7 143626 -10456.7 143940
-10537.9 145835 -10472.2 148983
-10445.5 149776 -10440 152398
-11291.6 158301 -11110.1 159421
-10748.3 158278 -10811.8 155840
-10448.9 154275 -10413.2 152229
-10457.8 148968 -10496.7 147280
-10565.8 142504 -10268.5 137833
-10693.8 137025 -9873.34 136346
-8997.26 135099 -9809.89 135035
-9828.82 135064 -9822.14 135059
-9828.82 135059 -9848.85 135057
-9857.76 135059 -9861.1 135062
-9856.65 135050 -10412.1 135097
-10220.7 135195 -8975 136233
-8947.17 136195 -8950.51 136193
-8949.39 136224 -8966.09 136228
-8986.13 135453 -8993.92 135139
-9844.4 135053 -9844.4 135048
-9834.38 135059 -9845.51 135055
-9849.97 135046 -9856.65 135050
-10745 135068 -14842.6 135413
-14927.2 135502 -15027.4 136101
-14873.8 136186 -14517.6 135496
-10338.7 135157 -3058.36 134754
-431.225 135367 2949.55 139704
4386.68 146859 4391.14 148142
4965.54 151049 6320.3 150949
5907.31 150905 4618.23 151014
2518.74 150965 455.991 149778
113.127 149393 59.694 149406
-1004.52 150557 -1307.31 150742
-1029.01 151232 6.26067 152521
570.65 152650 4317.66 153057
4858.68 158748 5419.73 160008
5168.15 159895 3044.17 156711
3063.09 154540 2666.8 154369
2656.78 154360 2645.65 154373
1325.4 152775 21.8454 151586
18.5058 150793 24.0718 147104
1293.11 144566 1222.98 142656
334.653 136239 -2417.16 134752
-2144.43 135231 -3518.11 134699
-3530.36 134705 -3539.27 134674
-3521.45 134694 -3521.45 134692
-3531.47 134683 -3430.17 133047
-3801.98 133594 -4045.77 134578
-10464.5 135099 -12492.7 139443
-14030 139525 -15590.7 148400
-15826.7 155288 -15014.1 155197
-11292.7 157535 -11237 159975
-9736.42 164693 -5914.82 164730
-5915.94 164980 -4100.32 164125
-2945.93 163969 -2407.15 164154
-2417.16 165423 -2411.6 164512
-3095.1 162177 -3350.02 157624
-3474.7 156177 -3876.56 155449
-3355.59 156079 -2165.58 155952
104.222 157962 1141.72 157991
1267.51 157408 1312.04 153476
1302.02 150366 1298.68 150174
1317.6 146158 1357.68 141897
2001.11 140737 4369.98 136651
4931.03 133343 5664.63 131887
8089.17 126768 9337.06 122754
11872.9 115630 12494.1 108151
11906.3 108287 11373.1 100998
11697 94465.6 12275.9 92996.2
11756 85642.4 11864 82952.9
11925.2 80221.1 11314.1 72624.7
11429.9 71901.1 11458.8 72163.8
11615.8 71952.3 11213.9 73700
11211.7 73700 11217.2 73697.8
11215 73726.8 11215 73724.5
12003.2 76937.2 12430.6 83222.3
12458.5 83213.4 12466.3 83209
11943 79582.2 11662.5 71881.1
11802.8 71870 11801.7 71854.4
11432.1 71898.9 11429.9 71905.6
11431 71896.7 11427.6 71903.3
11385.3 72177.2 11542.3 74185.4
11830.6 84673.9 9019.8 85562.2
9016.46 90558.3 8252.81 99252.3
6426.06 102400 5414.16 103703
5419.73 103705 5411.94 103710
4996.71 107434 3773.31 111204
14.053 113942 -1672.44 115792
-1944.06 116794 -3734.07 119172
-3952.26 119325 -4307.37 122091
-2709.93 123711 -2732.2 123665
-2723.29 123645 -2729.97 123642
-2750.01 123600 -2770.05 123391
-2800.1 123282 -2785.63 123346
-2796.76 123480 -2783.41 123551
-3096.21 122979 -5035.4 121327
-4390.86 121652 -3698.45 123128
-3682.87 124796 -3621.64 126454
-3901.05 132523 -3727.4 129050
-3578.23 126301 -4229.45 121841
-3789.73 119586 -3914.41 119323
-3144.08 123028 -2718.84 123231
-2863.56 122861 -2836.84 122910
-2944.82 122988 -4010.15 119608
-5673.26 119441 -7097.04 119541
-10697.1 118548 -12400.3 119152
-13385.5 119826 -15515 122603
-15224.5 123491 -14430.8 124019
-12598.4 125352 -11618.8 125706
-11753.5 126265 -11631.1 125657
-10816.2 127401 -9556.08 130250
-8427.3 136233 -9804.33 135062
-10996.6 133735 -11891.6 133821
-11074.5 133748 -10789.5 135139
-10465.6 144027 -10484.5 148366
-10389.9 150228 -9287.8 154638
-7797.24 154542 -7502.24 154551
-4334.09 154320 -3576 154313
-3337.78 154369 -3474.7 155126
-3580.45 152532 -2640.92 149593
-530.299 149313 -1926.25 143673
-2829.05 143486 -4672.5 143584
-10885.2 145539 -12225.5 145926
-13749.5 145811 -14316.1 139719
-14566.6 138423 -13892 138234
-13910.9 137858 -13941 136551
-13670.5 136150 -14853.8 135578
-13369.9 135429 -13029.3 134022
-11358.3 133728 -11359.5 133775
-11906 133305 -12277.8 133806
-11908.3 133764 -10880.8 133746
-9480.39 133708 -9454.78 134037
-8372.76 135117 -6686.27 134995
-4633.54 134881 -5049.87 134806
-6281.06 134801 -6240.99 137898
-7641.39 137938 -7703.73 136816
-6824.3 136177 -4759.33 134879
-1549.99 134703 139.844 131755
3605.22 119361 3578.5 111691
4623.79 111132 6814.56 102474
8149.28 98194.8 9023.14 92016.6
11744.9 85626.8 11840.6 84469.1
11992 77709.8 13311.2 76037.8
13311.2 76046.7 13308.9 76044.4
13313.4 76035.5 13310.1 76048.9
13312.3 76042.2 13313.4 76037.8
13313.4 76048.9 13314.5 76037.8
13008.4 76569.9 12037.7 76701.2
13058.5 76561 13308.9 76042.2
13311.2 76042.2 15300.4 78885.3
17097.1 78500.1 20000.4 78673.8
21483.1 77433.7 21741.4 76981.7
23145.1 77066.3 21548.8 76957.3
21045.6 79056.7 20646 78923.2
17101.6 78509 13508.2 78845.2
13266.6 78135 13306.7 76035.5
13304.5 76053.3 13301.1 76051.1
13270 76391.7 12530.8 76630
11830.6 84676.1 8607.92 85364.1
7128.48 85433.1 6967.07 92014.3
5600.07 96313.5 5426.41 98257.1
4994.49 107470 3119.87 111996
1939.88 113604 -1543.31 115605
-1863.91 117805 -2178.94 117527
-3754.11 117569 -4124.81 118281
-4076.94 119268 -3131.84 123255
-4139.28 126294 -4417.58 126265
-4332.97 130170 -4890.68 131063
-5076.59 131094 -4779.36 136101
-4722.59 141246 -4131.48 141362
-2886.93 141730 -2801.22 141970
-2783.41 143103 -3541.49 141705
-5748.96 143602 -7398.71 143602
-6101.84 143544 -2452.79 143477
-1876.15 144862 1258.6 146214
1871.98 147342 2272.73 147765
3106.51 149310 4392.25 151414
4916.56 152770 11943 152472
14077 155440 14121.6 156174
14150.5 152775 11323 152374
10433.6 150588 7206.41 136126
8765.99 127828 11262.9 126067
15351.7 116119 15270.4 114307
15191.4 114919 13255.5 118317
11498.9 118099 10610.6 119423
7896.59 121532 -3561.53 123865
-2406.03 123030 -2428.3 123066
-2418.28 123068 -2418.28 123046
-2626.45 123008 -3729.62 123858
-3784.17 130052 -3682.87 132401
-3691.77 132673 -3608.28 138960
-3586.02 139810 -3540.38 141714
-3510.32 142573 -3530.36 143041
-3798.64 143366 -2723.29 146067
-2633.12 146405 -1308.42 145374
571.764 142698 118.693 143433
-917.691 143493 -2787.86 143482
-3230.91 143508 -3617.19 143508
-6567.16 143061 -7268.47 142832
-6323.37 143068 -4748.19 143517
-6078.46 143462 -5499.6 140398
-6177.54 139450 -9125.28 139394
-11542 141821 -11323.8 143359
-11343.9 143186 -13580.3 141756
-14483.1 141832 -15814.5 140643
-17472 141378 -16394.4 141151
-15977 138283 -15925.8 135585
-14925 135473 -15046.4 132314
-14673.4 133982 -12450.4 133821
-12054.1 135968 -11796.9 135928
-10806.2 135244 -8964.98 135747
-8110.04 135128 -4612.39 134948
-4172.67 132477 -3721.83 133120
-3666.17 136518 -3657.26 137593
-4428.71 139156 -3524.79 141799
-3521.45 141997 -3511.44 142244
-3505.87 142480 -3541.49 143057
-3968.96 143522 -4672.5 142634
-4703.67 140953 -4671.38 140701
-6228.74 143578 -6278.84 144183
-6004.99 144426 -6271.05 144056
-7321.9 143573 -6879.96 143083
-4909.61 143063 -4766.01 143077
-6108.52 142418 -3935.56 139185
-3591.59 139795 -4030.18 141282
-5174.55 143578 -7314.11 143606
-8467.38 143170 -8138.99 143580
-8704.49 143513 -8878.15 140525
-8928.24 137023 -8992.81 135151
-12227.8 135215 -13683.8 135362
-13536.9 136150 -12993.6 136335
-11360.6 137444 -10526.8 144753
-10600.3 145243 -11249.3 143932
-10586.9 141349 -10601.4 140329
-9461.46 137466 -8039.91 134403
-7700.39 134293 -7701.5 132773
-6924.49 135309 -6924.49 135309
