3.30735e+07 1.10996e+07 3.30735e+07 1.10996e+07
3.30735e+07 1.10996e+07 3.30735e+07 1.10996e+07
3.30735e+07 1.10996e+07 3.30735e+07 1.10996e+07
3.30735e+07 1.10996e+07 3.30735e+07 1.10996e+07
3.30735e+07 1.10995e+07 3.30734e+07 1.10996e+07
3.30735e+07 1.10996e+07 3.30736e+07 1.10994e+07
3.30683e+07 1.109e+07 3.30677e+07 1.10872e+07
3.30677e+07 1.10872e+07 3.30677e+07 1.10872e+07
3.30677e+07 1.10872e+07 3.30677e+07 1.10872e+07
3.30677e+07 1.10872e+07 3.30677e+07 1.10872e+07
3.30677e+07 1.10872e+07 3.30684e+07 1.10998e+07
3.30749e+07 1.11e+07 3.30736e+07 1.11073e+07
3.30735e+07 1.11073e+07 3.30735e+07 1.11073e+07
3.30735e+07 1.11073e+07 3.30735e+07 1.11073e+07
3.30735e+07 1.11073e+07 3.30731e+07 1.11053e+07
3.30649e+07 1.11002e+07 3.30488e+07 1.10981e+07
3.30336e+07 1.11029e+07 3.30191e+07 1.1106e+07
3.30112e+07 1.11187e+07 3.30042e+07 1.11348e+07
3.30044e+07 1.1138e+07 3.30044e+07 1.11377e+07
3.30055e+07 1.11385e+07 3.30044e+07 1.11377e+07
3.30072e+07 1.11376e+07 3.30044e+07 1.11376e+07
3.30092e+07 1.11375e+07 3.30045e+07 1.11385e+07
3.30018e+07 1.11328e+07 3.30018e+07 1.11329e+07
3.30011e+07 1.11346e+07 3.30018e+07 1.11327e+07
3.30018e+07 1.11328e+07 3.29998e+07 1.11436e+07
3.29992e+07 1.1155e+07 3.2998e+07 1.11551e+07
3.29974e+07 1.11544e+07 3.29964e+07 1.1151e+07
3.29963e+07 1.11481e+07 3.29964e+07 1.11454e+07
3.29971e+07 1.11454e+07 3.29971e+07 1.11454e+07
3.29996e+07 1.11527e+07 3.30056e+07 1.11632e+07
3.30044e+07 1.1153e+07 3.30044e+07 1.11424e+07
3.30049e+07 1.11404e+07 3.30018e+07 1.11311e+07
3.30048e+07 1.11336e+07 3.30069e+07 1.11296e+07
3.30057e+07 1.11318e+07 3.29997e+07 1.11416e+07
3.29995e+07 1.1142e+07 3.29972e+07 1.11395e+07
3.29972e+07 1.11392e+07 3.29884e+07 1.11415e+07
3.29884e+07 1.11416e+07 3.30019e+07 1.11392e+07
3.30151e+07 1.11215e+07 3.3016e+07 1.11147e+07
3.30133e+07 1.11176e+07 3.30134e+07 1.11162e+07
3.30154e+07 1.11182e+07 3.30155e+07 1.11184e+07
3.30154e+07 1.11175e+07 3.30154e+07 1.11175e+07
3.30154e+07 1.11175e+07 3.30153e+07 1.11172e+07
3.30153e+07 1.11171e+07 3.30153e+07 1.11171e+07
3.30153e+07 1.11171e+07 3.30153e+07 1.11171e+07
3.30153e+07 1.11161e+07 3.30153e+07 1.1116e+07
3.30155e+07 1.1115e+07 3.3016e+07 1.11147e+07
3.3006e+07 1.11316e+07 3.30033e+07 1.11527e+07
3.29981e+07 1.11533e+07 3.29981e+07 1.11534e+07
3.30014e+07 1.11598e+07 3.30022e+07 1.11598e+07
3.30022e+07 1.11597e+07 3.30022e+07 1.11597e+07
3.30022e+07 1.11599e+07 3.30022e+07 1.11597e+07
3.29907e+07 1.11441e+07 3.29874e+07 1.11395e+07
3.29895e+07 1.11475e+07 3.29853e+07 1.11552e+07
3.29855e+07 1.11552e+07 3.29916e+07 1.11555e+07
3.29916e+07 1.1155e+07 3.29964e+07 1.11543e+07
3.29992e+07 1.11435e+07 3.30063e+07 1.11308e+07
3.30119e+07 1.11148e+07 3.30205e+07 1.11061e+07
3.30363e+07 1.11004e+07 3.30562e+07 1.10985e+07
3.30653e+07 1.10887e+07 3.30677e+07 1.10872e+07
3.30677e+07 1.10872e+07 3.30677e+07 1.10872e+07
3.30677e+07 1.10873e+07 3.30677e+07 1.10872e+07
3.30677e+07 1.10872e+07 3.30677e+07 1.10872e+07
3.30677e+07 1.10872e+07 3.30677e+07 1.10872e+07
3.30677e+07 1.10873e+07 3.30677e+07 1.10873e+07
3.30677e+07 1.10872e+07 3.30677e+07 1.10872e+07
3.30677e+07 1.10872e+07 3.30677e+07 1.10872e+07
3.30677e+07 1.10872e+07 3.30677e+07 1.10872e+07
3.30677e+07 1.10872e+07 3.30677e+07 1.10872e+07
3.30677e+07 1.10873e+07 3.30677e+07 1.10872e+07
3.30677e+07 1.10872e+07 3.30677e+07 1.10872e+07
3.30677e+07 1.10872e+07 3.30677e+07 1.10872e+07
3.30677e+07 1.10872e+07 3.30677e+07 1.10872e+07
3.30677e+07 1.10872e+07 3.30677e+07 1.10872e+07
3.30654e+07 1.10887e+07 3.30591e+07 1.10997e+07
3.3042e+07 1.10988e+07 3.3027e+07 1.11053e+07
3.30126e+07 1.11077e+07 3.30084e+07 1.1126e+07
3.30015e+07 1.11397e+07 3.29971e+07 1.11381e+07
3.29972e+07 1.11402e+07 3.29919e+07 1.11393e+07
3.29824e+07 1.1132e+07 3.29838e+07 1.11585e+07
3.30621e+07 1.11009e+07 3.30674e+07 1.10885e+07
3.30677e+07 1.10872e+07 3.30664e+07 1.10854e+07
3.30665e+07 1.10776e+07 3.30665e+07 1.10776e+07
3.30673e+07 1.10865e+07 3.30677e+07 1.10872e+07
3.30677e+07 1.10872e+07 3.30677e+07 1.10872e+07
3.30677e+07 1.10872e+07 3.30677e+07 1.10872e+07
3.30677e+07 1.10872e+07 3.30677e+07 1.10872e+07
3.30677e+07 1.10872e+07 3.30677e+07 1.10872e+07
3.30677e+07 1.10872e+07 3.30677e+07 1.10872e+07
3.30677e+07 1.10872e+07 3.30677e+07 1.10872e+07
3.30677e+07 1.10872e+07 3.30678e+07 1.10872e+07
3.30677e+07 1.10872e+07 3.30677e+07 1.10872e+07
3.30677e+07 1.10872e+07 3.30677e+07 1.10872e+07
3.30677e+07 1.10873e+07 3.30677e+07 1.10872e+07
3.30677e+07 1.10872e+07 3.30677e+07 1.10872e+07
3.30677e+07 1.10873e+07 3.30677e+07 1.10872e+07
3.30677e+07 1.10872e+07 3.30677e+07 1.10872e+07
3.30677e+07 1.10872e+07 3.30677e+07 1.10872e+07
3.30677e+07 1.10873e+07 3.30677e+07 1.10872e+07
3.30723e+07 1.10962e+07 3.30748e+07 1.10979e+07
3.30745e+07 1.1098e+07 3.3071e+07 1.10949e+07
3.30677e+07 1.10872e+07 3.30677e+07 1.10872e+07
3.30677e+07 1.10872e+07 3.30677e+07 1.10872e+07
3.30677e+07 1.10872e+07 3.30677e+07 1.10872e+07
3.30709e+07 1.10939e+07 3.30734e+07 1.10998e+07
3.30754e+07 1.10998e+07 3.30736e+07 1.10896e+07
3.30678e+07 1.10872e+07 3.30678e+07 1.10872e+07
