-10499 148899 -10437.7 150297
-10766.1 151394 -10920.9 153449
-12431.5 153792 -14231.5 152773
-14424.1 152815 -16977.8 152813
-17258.3 153249 -18568.5 154427
-19446.8 154422 -20353 152815
-20633.5 152744 -18803.4 152857
-17243.8 154088 -18527.3 154436
-19714 155311 -18559.6 165091
-17189.3 167427 -15859 166674
-15887.9 168638 -15742.1 168086
-17317.3 166805 -17489.8 166901
-18590.8 163965 -19515.8 155353
-19256.5 155208 -17299.5 156473
-16728.4 155219 -16333.2 155206
-16298.7 158519 -17335.1 161228
-17359.6 161887 -15737.7 162687
-15417.1 159948 -15554 157452
-12710.9 155137 -12065.2 155092
-11379.5 154678 -13270.8 155144
-16796.3 155119 -16745.1 155208
-16476.8 154805 -16483.5 153501
-14402.9 152846 -13774 152870
-12951.3 153810 -12851.1 151884
-11564.3 150386 -13840.8 147126
-16234.1 144522 -16294.3 143698
-17325.1 143854 -17085.7 148859
-16284.2 149188 -15580.7 152405
-11537.6 153358 -11057.8 153331
-12156.5 153812 -13690.5 152781
-16477.9 152000 -17409.7 152793
-17882.8 152236 -17851.6 152819
-19228.6 152835 -13056 135391
-12723.1 134993 -12483.8 133821
-12215.5 133960 -11900.5 133768
-9883.36 133677 -9247.73 133641
-8991.69 135705 -8554.21 136602
-8047.7 136765 -7886.29 137197
-8894.85 137430 -8953.85 138844
-10411 139365 -10668.2 137575
-9419.16 137818 -9716.38 139383
-11112.3 139412 -14509.8 139661
-15686.4 142239 -15617.4 148876
-18117.7 149083 -18694.3 149057
-19632.7 151967 -20617.9 152788
-21912.5 152775 -20283.9 152835
-19781.9 155124 -19295.4 159461
-16475.7 158786 -15687.6 158234
-16471.3 154335 -15735.4 152642
-18154.4 152804 -20634.6 148077
-20645.7 147968 -20642.4 150784
-19912.1 152846 -19639.4 156074
-19163 158169 -19504.7 155382
-19395.6 155262 -19092.8 154431
-19635 155872 -19447.9 148286
-18667.6 141787 -16398.9 141104
-15920.2 138751 -15613 145851
-15616.3 148952 -15598.5 151646
-15324.7 153084 -15247.8 152933
-12414.8 153935 -13018.1 153830
-13385.5 153921 -14976.2 155112
-16803 155117 -15578.5 155820
-15587.4 157089 -15659.7 162671
-16983.3 162366 -16708.4 162433
-15747.7 162179 -15843.4 162749
-15469.4 162631 -15305.7 161854
-15557.3 153574 -15546.2 153118
-12000.7 153812 -11382.8 154643
-11946.1 154957 -17141.4 155086
-16728.4 155210 -15547.3 154226
-15537.3 153115 -13470.1 153926
-13014.8 153801 -10863 153955
-10837.4 154607 -10256.3 155342
-11989.5 156744 -12050.8 158973
-12738.7 161518 -8200.21 165430
-7854.01 165523 -7658.09 167832
-7098.15 167286 -5432.81 160874
-5140.04 157243 -3784.17 157114
-7238.41 156827 -10699.3 156827
-11999.5 155119 -14219.3 155110
-14843.8 152957 -18042 152372
-17257.2 152848 -15370.3 152848
-14347.3 154723 -14349.5 154925
-14337.3 152917 -12166.5 153799
-14300.5 152668 -16099.4 158345
-16402.2 157956 -17253.8 155509
-17268.3 158837 -17357.4 161947
-17940.7 162963 -18546.2 163001
-19268.7 159029 -18868 154409
-18549.6 154055 -15518.4 153086
-15579.6 144272 -12797.7 141580
-13797.4 141808 -15821.1 149090
-16474.6 152080 -19648.3 154398
-20369.7 153516 -19665 152837
-19322.1 152853 -21170 155885
-23173.8 156822 -22935.6 157544
-19667.2 152884 -15830.1 162698
-17336.2 161809 -17244.9 155544
-16740.6 155217 -10919.7 153423
-12020.7 154293 -12014 154750
-13985.5 155135 -15018.5 155137
-16471.3 154195 -16467.9 153244
-13697.2 152877 -13497.9 153547
-12979.2 153777 -12941.3 153881
-13490.1 153167 -11710.1 151354
-11568.7 150397 -12786.6 152501
-14851.6 152265 -15578.5 155938
-13758.4 158254 -12144.3 161420
-13751.7 158980 -13885.3 159741
-13766.2 157127 -13766.2 156784
-11143.5 156976 -10429.9 152612
-10415.5 151096 -10505.6 143045
-10476.7 143731 -10503.4 144717
-13001.4 145960 -13858.6 145909
-13875.3 146857 -15070.9 146735
-15072 147051 -15611.9 148807
-16115 149108 -18369.2 148313
-18396 148950 -18603 152813
-19323.3 152815 -19638.3 152712
-19553.7 154447 -18826.8 154422
-19346.6 154438 -19513.6 153118
-19370 152960 -19509.2 152764
-19570.4 145296 -19437.9 143041
-16701.7 135598 -15487.2 135545
-14978.5 136952 -15463.8 137573
-15649.7 137615 -15835.6 140714
-15616.3 145196 -15597.4 151354
-14440.8 152859 -10932 153443
-11508.6 153360 -11573.2 153565
-12776.6 153289 -15263.4 152726
-15540.6 148317 -15539.5 148195
-16890.9 149132 -16479 151528
-16333.2 151601 -15305.7 152505
-15443.8 154970 -15521.7 154703
-17246 154859 -17720.3 152775
-17849.4 152770 -19656.1 154233
-19159.6 160002 -18942.5 160859
-18247.9 168155 -18118.8 168609
-18176.7 168110 -18732.1 162008
-18885.8 162181 -18406 162404
-19285.4 158989 -19562.6 153411
-18525.1 152844 -16474.6 152882
-16480.2 153247 -17254.9 154787
-17247.1 154467 -18524 152810
-19512.5 147015 -19562.6 145971
-20802.7 138330 -20865 138179
-24488.5 138196 -27053.3 136242
-27049.9 135774 -27016.5 139285
-26269.6 143869 -26494.5 144709
-17109.1 162014 -16695 162671
-17111.3 163900 -16053.8 155193
-14444.1 155197 -13474.5 154750
-12943.5 153910 -13020.3 153834
-12182.1 153944 -11381.7 154683
-10915.3 153425 -12267.8 153797
-12773.2 153329 -13992.2 152815
-14374 152817 -16482.4 152274
-16467.9 151704 -14273.8 152848
-12951.3 153817 -10996.6 153396
-11448.5 153073 -11581 153029
-7749.37 152915 -4908.49 152777
-3509.21 155970 -2479.5 156048
-5589.77 156350 -8347.15 156874
-9322.31 157517 -10771.7 157726
-10776.1 157506 -10790.6 156922
-12696.4 156749 -14884.9 157232
-14888.3 157116 -11824.8 156813
-8694.47 156934 -6739.7 158212
-8130.08 156887 -8290.38 156880
-9659.61 154943 -11813.6 154999
-15887.9 156713 -15987 156742
-16994.5 158859 -17168.1 158906
-16713.9 162457 -17003.4 162375
-16472.4 161954 -16047.1 161874
-15116.5 155193 -14714.6 155190
-13056 153935 -12951.3 153932
-13028.1 153841 -12031.8 153823
-11003.2 153445 -12109.8 155014
-12309 155026 -17265 154896
-17272.8 155275 -17362.9 163907
-17263.8 159835 -17112.5 155206
-26647 148827 -30571 149217
-35345.5 146832 -38865.4 141371
-36179.3 141741 -34960.3 144259
-34177.7 145490 -32312 148171
-31245.6 149032 -24947.1 149021
-24230.2 150735 -23872.9 154665
-22307.7 155175 -12014 155072
-11996.2 154925 -10918.6 153432
-11927.2 153810 -12008.5 154928
-16191.8 155104 -17113.6 155110
-13116.1 155177 -12041.8 155088
-11948.3 153817 -12010.7 154963
-16229.7 155101 -16475.7 154291
-14178.1 152859 -13024.8 153808
-12882.3 153289 -12661.9 153719
-10977.6 153403 -11996.2 153808
-12777.7 152842 -14955.1 152810
-15579.6 154554 -16375.5 155108
-16441.2 152826 -15343.6 152799
-16475.7 151728 -16529.1 152056
-16471.3 151842 -16570.3 152824
-18518.4 152810 -26533.4 152830
-26828.4 152686 -27097.8 152552
-28374.6 152821 -29000.3 152819
-29063.7 151254 -28730.9 151112
-27133.4 151434 -27072.2 149290
-24749 149010 -24131.1 151508
-23869.5 153541 -23684.8 155201
-20123.6 155173 -12875.6 155148
-12017.4 154511 -10922 153427
-11166.9 153859 -11156.9 154017
-11926.1 154652 -13359.9 155130
-16296.5 155106 -16699.5 155215
-15541.7 155170 -15351.4 152601
-15972.5 151597 -14508.7 152031
-12960.2 153794 -12860 153518
-11577.6 153676 -10995.4 153389
-12015.1 154736 -13588.1 155130
-15574 155954 -15479.4 159067
-16848.6 161907 -17094.6 162019
-12808.8 161631 -5364.9 160975
-5697.75 158846 -4745.97 156277
-5496.26 157432 -6334.5 157526
-7284.05 157330 -7289.62 156951
-7944.18 156887 -9607.29 156882
-9634.01 157014 -9676.31 156887
-11522 157152 -11520.9 157423
-11960.6 156132 -12002.9 154707
-11494.2 152922 -10858.5 153656
-11143.5 153826 -11582.1 154638
-11124.6 153627 -11129 153331
-12029.6 154977 -13491.2 155101
-15605.2 156194 -15328 161925
-14971.8 163833 -15851.2 163858
-14887.2 163867 -14456.4 166037
-14974 166037 -14974 166037
