-4650.23 164621 -4650.23 164621
-4649.12 164561 -4649.12 164561
-4688.08 164532 -4688.08 164532
-4704.78 164537 -4704.78 164537
-4713.69 164539 -4713.69 164539
-4749.31 164543 -4749.31 164543
-4761.55 164537 -4761.55 164537
-4772.69 164528 -4772.69 164528
-4769.35 164499 -4769.35 164499
-4763.78 164466 -4763.78 164466
-4763.78 164472 -4754.87 164183
-4680.29 164192 -4680.29 164192
-4666.93 164194 -4666.93 164194
-4654.69 164192 -4654.69 164192
-4633.54 164192 -4633.54 164192
-4619.06 164172 -4619.06 164172
-4611.27 164183 -4611.27 164183
-4596.8 164183 -4596.8 164183
-4526.67 164183 -4526.67 164183
-4513.31 164192 -4513.31 164192
-4476.58 164209 -4476.58 164209
-4471.01 164216 -4471.01 164216
-4426.48 164198 -4426.48 164198
-4405.33 164105 -4405.33 164105
-4338.54 164114 -4338.54 164114
-4329.63 164116 -4329.63 164116
-4290.67 164187 -4290.67 164187
-4281.77 164149 -3013.84 164005
-2559.65 163913 -569.261 163758
-569.261 164744 -412.496 169460
-372.226 167865 -420.093 166618
-572.601 166598 -572.601 166598
-600.431 166596 -1752.59 166358
-1777.08 166313 -1777.08 166313
-1839.42 166262 -1839.42 166262
-1855 166229 -1893.96 165757
-2409.37 165746 -2409.37 165746
-2414.94 165746 -2414.94 165746
-2426.07 165761 -2426.07 165761
-2431.64 165779 -2528.11 166402
-2428.3 166396 -2428.3 166396
-2429.41 166376 -2342.13 164225
-2442.77 163998 -2442.77 163998
-2431.64 163965 -2431.64 163965
-2420.5 163960 -1409.72 163624
-1819.38 163668 -2023.09 163642
-2044.24 163446 -2114.38 162134
-1878.38 162117 -1878.38 162117
-1861.68 162155 -1861.68 162155
-1841.64 162161 -1841.64 162161
-1838.3 162190 -1816.04 162555
-1861.68 162077 -16849.7 162110
-2481.73 162132 -2849.08 162168
-2986.01 162350 -2986.01 162350
-2999.37 162346 -3207.53 162246
-3647.25 160926 -4616.84 160721
-11262.6 161086 -11201.4 154781
-11195.8 154952 -11195.8 154952
-11218.1 154977 -11218.1 154977
-11251.5 154986 -14337.3 155081
-14335 155052 -14335 155052
-14331.7 155032 -14335 152817
-14148 152848 -6127.44 152866
-4878.44 152810 -4878.44 152810
-4871.76 152844 -4766.01 154347
-4476.58 154351 -4476.58 154351
-4454.31 154364 -4277.31 154362
-4226.11 155938 -4226.11 155938
-4227.22 155967 -4154.86 156105
-3535.93 156101 234.466 155921
989.212 156068 989.212 156068
1028.17 156068 1028.17 156068
1061.57 156072 1061.57 156072
1094.97 156043 1094.97 156043
1122.8 156034 1122.8 156034
1136.15 156027 5138.09 155999
4650.51 155994 4650.51 155994
4623.79 155990 4623.79 155990
4533.62 155976 4533.62 155976
4525.83 155976 4525.83 155976
4483.53 155979 4483.53 155979
4467.95 155983 4467.95 155983
4456.81 155979 4456.81 155979
4455.7 155967 4557 154068
4477.96 154013 4807.47 152683
4728.43 152559 4728.43 152559
4681.68 152543 4433.44 151815
1742.84 147004 1456.75 146848
1397.75 146993 1397.75 146993
1330.96 146995 1250.81 147055
1227.44 148139 1227.44 148139
1219.64 148146 1219.64 148146
1163.98 148153 560.632 148269
557.292 148409 557.292 148409
542.821 148420 542.821 148420
543.934 148435 543.934 148435
542.821 148473 542.821 148473
512.764 148525 209.975 148447
219.994 148409 219.994 148409
226.673 148373 226.673 148373
232.239 148346 181.424 148010
223.334 148117 104.222 148509
42.9961 148513 42.9961 148513
6.26067 148507 6.26067 148507
4.03428 148480 4.03428 148480
11.8266 148420 -4.87128 147712
0.694696 148213 53.0149 148520
150.976 148509 150.976 148509
182.145 148502 182.145 148502
206.636 148496 520.557 148507
573.99 147790 599.594 147026
868.987 147028 868.987 147028
900.156 147028 900.156 147028
966.948 147028 1865.3 147117
1867.52 147171 1867.52 147171
1867.52 147200 1867.52 147200
1865.3 147227 1915.39 149342
2115.77 149353 4384.46 149520
4369.98 152570 4406.72 153073
4477.96 153089 4477.96 153089
4539.19 153060 4998.94 152748
11581.3 152450 17500.1 152550
17739.5 152781 18368.4 153285
18755.8 153193 18755.8 153193
18793.7 153182 19178.8 153040
20620.4 153115 21682.4 155743
22283.5 156105 23676.1 157007
23461.3 158543 23307.7 159071
23765.2 159360 23997.8 159530
24138.1 158321 24232.7 157860
25036.4 159156 25108.8 159227
25136.6 159218 28406.1 156635
26803.1 153930 25465 152225
25991.6 151637 27941.9 150524
28785.7 150388 31832.5 151256
31996.1 152514 31395 157724
31479.6 157942 32183.2 159461
32714.2 163958 32714.2 163958
32720.8 164005 32720.8 164005
32743.1 164058 35895.7 167498
36828.5 170325 36828.5 170325
36838.5 170377 36448.9 173522
36955.4 176582 37578.8 179360
39316.5 183174 40066.8 184285
40317.3 184369 42437.9 184975
42702.9 185200 44069.9 187170
45035 189305 45035 189305
45057.3 189305 45057.3 189305
45081.7 189301 46691.4 189857
46061.4 189768 46061.4 189768
46055.8 189795 46094.8 190586
47628.7 193464 47628.7 193464
47639.9 193453 47639.9 193453
47643.2 193397 47642.1 192848
47745.6 192852 47745.6 192852
47759 192819 47692.2 192358
47662.1 192344 47662.1 192344
47671 192335 47671 192335
47697.8 192355 47697.8 192355
47704.4 192369 47704.4 192369
47708.9 192389 47708.9 192389
47726.7 192485 47726.7 192485
47740.1 192496 47740.1 192496
47797.9 192507 47797.9 192507
47801.3 192534 47620.9 192901
47632.1 193393 47632.1 193393
47632.1 193446 47632.1 193446
47625.4 193446 47625.4 193446
47614.3 193426 47055.4 192033
43941.8 186892 42480.2 184975
39933.2 184151 38714.3 181771
37387.3 178608 36471.2 173166
36869.7 170432 35836.7 167389
32793.2 164080 25780.1 160307
25145.5 159311 23446.8 156718
23444.6 156744 21535.5 155493
21312.8 154832 20637.1 153100
19217.8 152982 19217.8 152982
19169.9 152966 19169.9 152966
19139.9 152955 17958.8 152784
17900.9 152632 17197.3 152354
17208.5 152225 17208.5 152225
17194 152216 16745.4 152053
16726.4 151898 16657.4 151635
16145.4 151768 15665.6 151653
15739 150800 15609.9 145245
15721.2 145163 15721.2 145163
15766.9 145091 16067.4 144911
16047.4 144746 16047.4 144746
16067.4 144729 16067.4 144729
16078.6 144717 16078.6 144717
16099.7 144695 16099.7 144695
16103.1 144673 16156.5 144519
16064.1 144517 16061.9 144936
15743.5 145118 15743.5 145118
15711.2 145169 15485.2 145548
15557.6 147233 15650 149916
15264.8 150072 15264.8 150072
15225.9 150067 14850.7 149998
14826.2 149063 14826.2 149063
14815.1 148992 14815.1 148992
14798.4 148959 14798.4 148959
14770.6 148943 7868.76 149204
7609.38 149326 7609.38 149326
7544.82 149331 7544.82 149331
7529.23 149342 7584.89 150769
6993.79 150856 6993.79 150856
6935.9 150858 4367.76 151080
4394.47 151223 4394.47 151223
4403.38 151259 4505.79 152038
4807.47 152027 4807.47 152027
4811.92 152091 4811.92 152091
4809.7 152131 4809.7 152131
4811.92 152176 4963.32 152405
4973.34 152209 4973.34 152209
5023.43 152194 5023.43 152194
5029 152198 5029 152198
5021.2 152198 5021.2 152198
5007.85 152225 5007.85 152225
4990.03 152227 4990.03 152227
4971.11 152216 4826.39 152416
4824.17 152383 4824.17 152383
4826.39 152343 4793 152053
4467.95 152020 4306.53 150996
3596.31 151063 2213.73 150851
1305.36 150210 1305.36 150210
1299.79 150199 1280.87 145334
679.744 145307 679.744 145307
665.272 145312 665.272 145312
648.574 145314 648.574 145314
612.952 145314 612.952 145314
592.914 145319 -1765.95 145267
-1793.78 144945 -1793.78 144945
-1819.38 144858 -1875.04 143593
-1966.32 143508 -8882.6 143727
-9114.15 143865 -10426.6 144595
-10438.8 144533 -10544.6 143030
-10494.5 143500 -10494.5 143500
-10488.9 143571 -10488.9 143571
-10487.8 143609 -10675.7 145615
-10578 145526 -10578 145526
-10633.7 145445 -10507.9 145641
-10499 145263 -10324.2 144735
-8776.85 143720 -7941.95 143682
-7947.52 143578 -7947.52 143578
-7964.21 143566 -7964.21 143566
-8034.35 143571 -8034.35 143571
-8069.97 143566 -8713.4 143593
-8726.75 143186 -8726.75 143186
-8718.96 143170 -7966.44 143210
-7969.78 143342 -7882.95 144677
-8570.91 145252 -8570.91 145252
-8635.47 145274 -8587.6 143682
-8513.02 143682 -8513.02 143682
-8501.89 143700 -7791.67 143820
-6881.08 144722 -6263.25 145463
-6155.27 145474 -6155.27 145474
-6112.97 145512 -6112.97 145512
-6030.6 145546 -3948.92 145474
-3937.79 145537 -3937.79 145537
-3909.96 145581 -3909.96 145581
-3871 145597 -3871 145597
-3839.83 145601 -3839.83 145601
-3759.68 145579 -3759.68 145579
-3748.55 145592 -3748.55 145592
-3747.43 145624 -3728.51 145909
-3720.72 145998 -3720.72 145998
-3722.94 146031 -3686.21 147026
-2806.78 147026 -739.58 147073
-730.674 148398 -730.674 148398
-719.542 148413 -734.014 148536
-1399.7 148509 -1399.7 148509
-1416.4 148480 -1521.04 147774
-1749.25 147783 -1749.25 147783
-1758.15 147763 -1758.15 147763
-1755.93 147728 -1755.93 147728
-1758.15 147690 -1758.15 147690
-1755.93 147607 -1783.76 143520
-492.451 143386 7882.11 128514
14077 123426 15025.5 121567
15613.3 119911 15509.7 114955
15579.9 114890 15878.2 114788
15878.2 114632 15878.2 114632
15877.1 114606 15724.6 114171
15509.7 114245 15242.6 114423
15245.9 114612 15481.9 114784
15540.9 114706 15583.2 114300
15599.9 114528 15524.2 114957
15468.5 115051 15470.8 116531
15576.5 116520 15576.5 116520
15622.2 116538 15622.2 116538
15644.4 116542 15644.4 116542
15680 116538 15680 116538
15711.2 116525 15711.2 116525
15743.5 116516 15743.5 116516
15758 116538 15758 116538
15765.8 116614 15910.5 119777
15838.1 119889 15838.1 119889
15847 119878 15847 119878
15883.8 119886 13851.1 124562
13757.6 124620 11586.8 126194
12624.3 129594 12624.3 129594
12622.1 129596 14077 141629
14514.5 141739 14878.5 141772
14898.6 141850 15245.9 144599
15493 145223 15666.7 149934
15182.4 150083 15182.4 150083
15143.5 150045 14290.8 150212
14177.2 150989 14177.2 150989
14166.1 151045 14166.1 151045
14160.5 151067 14084.8 151497
5266.11 152703 2958.45 152655
2948.43 152559 1394.41 152715
276.767 152639 -4114.79 152581
-4109.22 152550 -4109.22 152550
-4098.09 152503 -4098.09 152503
-4093.64 152470 -4114.79 151920
-4104.77 152125 -4104.77 152125
-4088.07 152136 -4088.07 152136
-4065.81 152149 -4065.81 152149
-4021.28 152171 -3728.51 152142
-3700.68 152265 -3700.68 152265
-3647.25 152231 -3647.25 152231
-3637.23 152243 -3433.51 156099
-2537.39 155990 -2537.39 155990
-2515.13 155983 -2515.13 155983
-2489.52 155961 5126.96 155979
4445.68 155976 4445.68 155976
4434.55 155956 4434.55 155956
4431.21 155921 4525.83 153162
4614.89 153044 4801.9 152583
4770.73 152565 4514.7 152203
4464.61 151123 4464.61 151123
4492.44 151067 7544.82 150800
7573.76 150711 7573.76 150711
7594.91 150700 7594.91 150700
7607.16 150673 7607.16 150673
7606.04 150651 7421.16 147657
7450.2 147756 7450.2 147756
7440.18 147741 7383.4 147572
7262.07 147634 7177.46 147656
7275.42 147701 7275.42 147701
7292.12 147696 7292.12 147696
7303.25 147674 7303.25 147674
7397.87 147685 7397.87 147685
7409.01 147672 7409.01 147672
7436.84 147690 7436.84 147690
7459.1 147756 7459.1 147756
7455.76 147785 7455.76 147785
7459.1 147801 7459.1 147801
7470.23 147819 7470.23 147819
7475.8 147841 7568.19 149386
7687.31 149359 7882.11 149299
7896.59 149927 7878.78 150691
7770.8 150729 7770.8 150729
7700.66 150684 7700.66 150684
7700.66 150722 7700.66 150722
7692.87 150740 7692.87 150740
7679.51 150744 7679.51 150744
7637.21 150767 7637.21 150767
7603.82 150751 7603.82 150751
7572.65 150722 7572.65 150722
7561.51 150746 7561.51 150746
7540.36 150773 7540.36 150773
7509.19 150791 7509.19 150791
7453.53 150733 6340.34 150947
5886.16 150945 5886.16 150945
5870.57 150945 5850.53 151089
5597.84 151103 4479.08 150996
4361.08 151141 4361.08 151141
4378.89 151185 4355.51 153200
4462.38 153211 4831.96 152884
4857.56 153196 4951.07 153505
4974.45 153494 5278.72 153549
5146.99 153494 5146.99 153494
5123.62 153501 5123.62 153501
5049.03 153489 5049.03 153489
5024.54 153472 4516.93 153360
4522.49 153193 4811.92 152614
4784.09 152581 4461.27 152125
4634.93 151363 5007.85 152454
4557 151735 4557 151735
4573.7 151686 5655.72 151025
5876.14 151036 5876.14 151036
5886.16 151029 5886.16 151029
5895.06 151029 7917.74 150762
8029.06 151742 8029.06 151742
8046.87 151748 8836.12 151693
8865.07 152214 8876.2 152414
10188.7 152617 10522.6 152859
10628.4 152817 10895.5 152521
12190.2 152454 12190.2 152454
12192.4 152476 12192.4 152476
12188 152516 12188 152516
12199.1 152510 12199.1 152510
12212.4 152516 12212.4 152516
12234.7 152592 12234.7 152592
12243.6 152561 12243.6 152561
12254.7 152525 12254.7 152525
12248.1 152488 12248.1 152488
12249.2 152472 12249.2 152472
12268.1 152470 13990.2 152171
13553.8 152227 13553.8 152227
13462.6 152236 11652.5 152372
11605.8 151348 11605.8 151348
11591.3 151259 11591.3 150974
12527.5 150891 12527.5 150891
12533 150907 14163.9 151096
14308.6 150121 14308.6 150121
14324.2 150116 15674.5 149949
15719 150513 15616.6 151704
14987.6 151370 12560.9 150878
11614.7 150911 8371.92 150655
7765.23 150740 4628.47 150980
4717.3 151092 4717.3 151092
4729.55 151074 4729.55 151074
4742.91 151074 4742.91 151074
4746.24 151134 4746.24 151134
4772.96 151129 6677.64 150907
6360.38 150911 4263.12 150969
4303.19 151134 4303.19 151134
4334.36 151163 4238.63 153111
3949.2 153104 1312.04 153385
1312.04 153340 1312.04 153340
1305.36 153318 1411.11 153073
1462.32 153095 1462.32 153095
1483.47 153095 1483.47 153095
1503.51 153100 1503.51 153100
1516.87 153118 1516.87 153118
1514.64 153160 1514.64 153160
1520.21 153171 1739.51 152706
2814.85 152726 2814.85 152726
2895 152744 2895 152744
2902.79 152750 2902.79 152750
2911.7 152766 3744.37 152639
4113.95 152759 4378.89 153218
4505.79 153173 4505.79 153173
4534.74 153138 4813.04 152804
4800.79 152614 4800.79 152614
4779.64 152572 4567.02 152443
4509.13 152194 4509.13 152194
4462.38 152149 4462.38 152149
4436.78 152176 4570.36 151067
4595.96 151067 7600.48 150891
7606.04 150940 7606.04 150940
7617.17 151023 7617.17 151023
7606.04 151063 7450.2 151370
7492.5 151374 7492.5 151374
7494.72 151385 7494.72 151385
7492.5 151463 7492.5 151463
7490.27 151479 7490.27 151479
7481.36 151503 7481.36 151503
7489.16 151470 7489.16 151470
7486.93 151412 7486.93 151412
7484.7 151401 7484.7 151401
7472.46 151401 7472.46 151401
7429.04 151403 7429.04 151403
7427.93 151392 7427.93 151392
7425.7 151345 7425.7 151345
7423.48 151325 7423.48 151325
7427.93 151252 7427.93 151252
7439.06 151241 7594.91 151207
7596.02 150824 7596.02 150824
7587.12 150811 7587.12 150811
7600.48 150769 7464.67 146706
7249.82 146717 7249.82 146717
7247.59 146766 7247.59 146766
7253.16 146826 7253.16 146826
7256.5 146832 7256.5 146832
7258.73 146859 7258.73 146859
7250.93 146832 7250.93 146832
7250.93 146826 7250.93 146826
7262.07 146848 7262.07 146848
7278.76 146881 7278.76 146881
7319.95 146906 7319.95 146906
7338.88 146910 7338.88 146910
7339.99 146917 7339.99 146917
7333.31 146944 7333.31 146944
7333.31 146959 7067.26 146755
7088.41 146743 7459.1 146761
7473.57 147104 7579.33 149355
7807.53 149315 7807.53 149315
7867.64 149286 7867.64 149286
7879.89 149293 7879.89 149293
7882.11 149308 8073.58 152516
7670.61 152695 6827.92 152583
7032.75 152581 7125.14 151857
6919.2 151746 6919.2 151746
6928.11 151686 6750 150958
6760.01 150956 8809.41 150706
8852.82 150706 14171.7 151223
14903 151401 14903 151401
14904.1 151426 14825.8 151712
14900.8 151593 14778.4 151296
14745 151279 14162.8 151080
14305.2 150132 14305.2 150132
14321.9 150121 15121.2 150061
14305.2 150110 14305.2 150110
14294.1 150128 14047 152127
13570.5 152243 5889.5 152692
4403.38 152516 3871.27 153229
-734.014 153846 -903.22 155901
-1114.73 155894 -5200.15 156201
-6077.35 156602 -8350.49 156880
-8717.85 156896 -8717.85 156896
-8757.92 156896 -8757.92 156896
-8790.21 156896 -8790.21 156896
-8835.85 156902 -8835.85 156902
-8854.77 156902 -8854.77 156902
-8929.35 156900 -8929.35 156900
-8986.13 156900 -14292.7 156789
-14339.5 156818 -14339.5 156818
-14348.4 156802 -14214.8 156001
-14083.4 155999 -13463.4 155898
-13460.1 155248 -9138.64 154654
-8734.55 154636 -8472.94 154658
-8456.25 155333 -8456.25 155333
-8450.68 155382 -8392.79 156914
-7387.58 156889 -2678.77 155979
-1282.82 155943 3064.21 155938
3097.6 152766 3097.6 152766
3100.94 152739 3100.94 152739
3112.07 152717 3112.07 152717
3125.43 152706 3125.43 152706
3175.53 152703 4217.48 152882
4477.96 153229 4477.96 153229
4512.47 153184 5096.9 152759
7108.44 152781 8931.86 152499
9056.54 152505 9056.54 152505
9059.87 152521 9059.87 152521
9059.87 152537 11767.2 149920
11970.9 149889 12071.1 149838
11969.8 149856 11566.8 149923
11557.9 150116 11557.9 150116
11542.3 150190 11552.3 150889
11383.1 150900 8455.41 150673
8553.37 152336 8553.37 152336
8544.47 152343 768.799 152632
694.215 152550 -1683.57 152559
-1685.8 152354 -1685.8 152354
-1676.89 152321 -1676.89 152321
-1657.97 152309 -1657.97 152309
-1635.7 152349 -1630.14 153362
-1836.08 153362 -2570.79 153367
-2617.54 153182 -2617.54 153182
-2629.78 153178 -2629.78 153178
-2620.88 153189 -2620.88 153189
-2628.67 153267 -2628.67 153267
-2609.75 153222 -2623.11 153374
-2846.86 153400 -2846.86 153400
-2852.42 153378 -2863.56 152688
827.799 152661 1581.43 152728
1622.62 152643 3073.11 152688
3097.6 152405 3089.81 152276
2976.26 152383 2976.26 152383
2976.26 152327 3073.11 151129
4342.15 151074 4342.15 151074
4353.29 151078 4353.29 151078
4375.55 151107 4375.55 151107
4466.83 151112 4466.83 151112
4548.1 151078 4633.81 150922
5858.33 151011 5858.33 151011
5859.44 151007 8978.61 150713
10522.6 150902 10522.6 150902
10520.4 150929 10520.4 150929
10557.1 150929 12574.2 150891
13568.3 151036 13568.3 151036
13626.2 151067 13626.2 151067
13667.4 151096 14079.3 151212
14158.3 152922 14158.3 152922
14155 152937 14155 152937
14155 152960 14155 152960
14163.9 152988 14157.2 153496
13876.7 153463 13876.7 153463
13862.2 153485 13862.2 153485
13857.7 153512 13878.9 153639
13876.7 153496 13876.7 153496
13887.8 153478 13887.8 153478
13934.6 153472 14188.4 153440
14146.1 152321 14146.1 152321
14147.2 152254 14147.2 152254
14158.3 152238 14158.3 152238
14177.2 152231 17522.4 152614
17725 152826 18159.1 153362
18655.6 153271 18908.3 153305
18919.4 153267 19047.5 153078
19565.1 153060 19565.1 153060
19646.4 153044 20647.1 153138
20775.1 153307 21615.6 155676
23090.6 156295 23314.3 156350
23483.5 156640 23483.5 156640
23483.5 156655 23483.5 156655
23475.7 156669 23475.7 156669
23446.8 156722 23446.8 156722
23478 156700 23478 156700
23508 156684 25066.5 159218
27237.2 161175 32676.3 164038
35804.4 167349 36869.7 170588
36849.7 171007 36455.6 173605
37509.8 179166 39121.7 182729
39938.8 184153 42675 185166
43563.4 186473 44075.4 187186
45129.6 189452 47047.7 192055
47625.4 193460 47625.4 193460
47637.6 193453 47637.6 193453
47645.4 193424 47626.5 192874
47806.9 192500 47806.9 192500
47790.2 192489 47790.2 192489
47734.5 192473 47734.5 192473
47723.4 192445 47723.4 192445
47714.5 192389 47714.5 192389
47712.2 192358 47712.2 192358
47698.9 192344 47698.9 192344
47678.8 192291 47678.8 192291
47686.6 192278 47678.8 192856
47642.1 192863 47642.1 192863
47631 192870 47631 192870
47623.2 192890 47623.2 192890
47620.9 192908 47623.2 193426
47108.9 192151 44511.8 188310
43946.3 186896 42476.9 184977
40708 184410 40012.3 184220
39344.3 183218 38469.4 181208
36565.8 174678 -20239.4 102465
36466.7 173182 36856.4 170383
36480.1 169226 35784.3 167309
33372.1 164739 32767.6 164069
30251.8 162747 25707.7 160224
25205.7 159416 23528.1 156807
22984.8 156477 21649 155687
21496.5 155426 20706.1 153178
20513.5 153033 18443 153126
18170.3 153000 17358.7 152427
8204.94 152510 6743.32 152717
3638.62 152672 3638.62 152672
3627.48 152677 3627.48 152677
3609.67 152670 3609.67 152670
3523.96 152666 1377.72 152559
1283.1 145074 1139.49 142547
-6656.21 139281 -10461.1 145670
-10455.5 144980 -10090.4 144584
-8815.81 143782 -7955.31 143727
-7858.46 143816 -7858.46 143816
-7839.54 143856 -7839.54 143856
-7836.2 143900 -7808.37 147178
-7797.24 147184 -7797.24 147184
-7782.76 147193 -4956.36 147133
-4910.72 148963 -4910.72 148963
-4905.16 149032 -4905.16 149032
-4900.7 149077 -4900.7 149077
-4891.8 149115 -4891.8 149115
-4871.76 149119 -1001.18 149199
-834.201 149215 -834.201 149215
-791.9 149210 -791.9 149210
-703.958 149219 -703.958 149219
-689.486 149210 -689.486 149210
-626.034 149155 -626.034 149155
-624.921 149141 -51.6255 149388
-19.3428 149288 234.466 149382
225.56 149099 225.56 149099
234.466 149077 234.466 149077
256.73 149066 1147.29 149164
1160.64 149889 1160.64 149889
1166.21 149843 2305.01 150722
1395.53 150194 1395.53 150194
1319.83 150143 1319.83 150143
1323.17 150139 281.22 149653
287.899 149388 287.899 149388
284.559 149353 284.559 149353
275.654 149337 275.654 149337
264.522 149331 264.522 149331
217.768 149326 -1071.31 149166
-995.615 149431 -995.615 149431
-1001.18 149444 -1001.18 149444
-990.049 149455 -990.049 149455
-995.615 149464 -995.615 149464
-1029.01 149449 -14385.1 156395
-14390.7 156847 -14390.7 156847
-14409.6 156945 -14409.6 156945
-14420.7 156958 -15687.6 157915
-15676.4 157815 -15676.4 157815
-15637.5 157742 -15637.5 157742
-15611.9 157748 -15611.9 157748
-15598.5 157782 -15598.5 157782
-15592.9 157853 -15533.9 159267
-15879 159173 -15977 158321
-15467.1 157875 -15467.1 157875
-15442.7 157887 -15442.7 157887
-15433.8 157924 -15513.9 158071
-15520.6 157949 -15502.8 155288
-15297.9 155222 -15297.9 155222
-15222.2 155166 -15222.2 155166
-15194.4 155181 -15194.4 155181
-15138.8 155193 -15138.8 155193
-15083.1 155242 -15083.1 155242
-15063.1 155244 -13663.8 155222
-9647.37 157548 -9647.37 157548
-9630.67 157559 -9630.67 157559
-9575.01 157548 -9575.01 157548
-9563.88 157546 -9202.09 157470
-9180.94 157040 -9180.94 157040
-9177.6 156989 -9177.6 156989
-9151.99 156936 -9151.99 156936
-9127.5 156925 -9127.5 156925
-9030.66 156934 -8435.1 156845
-8433.98 155682 -8468.49 151314
-8095.57 151308 -8095.57 151308
-8084.44 151290 -8084.44 151290
-8072.19 151296 -8072.19 151296
-8067.74 151314 -8067.74 151314
-8069.97 151412 -7975.35 151748
-7936.38 151748 -7936.38 151748
-7899.65 151753 -7615.78 151815
-7615.78 152020 -7615.78 152020
-7622.46 152036 -7622.46 152036
-7710.41 152042 -7710.41 152042
-7721.54 152020 -7721.54 152020
-7728.22 152013 -7728.22 152013
-7754.93 152036 -7754.93 152036
-7774.97 152042 -7774.97 152042
-7777.2 152065 -7772.75 152265
-7611.33 152020 -7582.39 149497
-6798.7 149564 -6798.7 149564
-6786.45 149567 -6786.45 149567
-6728.57 149564 -6620.59 149553
-6578.29 149460 -6578.29 149460
-6547.12 149408 -6547.12 149408
-6511.5 149382 -5275.85 149275
-5140.04 149121 -5140.04 149121
-5094.4 149121 -5094.4 149121
-5083.27 149121 -5083.27 149121
-5053.21 149115 -5053.21 149115
-5042.08 149121 -1387.46 149110
-1381.89 149210 -1381.89 149210
-1377.44 149259 -1377.44 149259
-1354.06 149304 -1354.06 149304
-1355.18 149322 -834.201 150310
-962.219 149782 -1049.05 149355
-609.336 149549 -609.336 149549
-583.733 149578 -583.733 149578
-569.261 149582 -569.261 149582
-480.206 149627 -480.206 149627
-469.074 149633 8.48706 149682
11.8266 150524 11.8266 150524
-1.53169 150506 64.1468 152661
1128.36 152737 1128.36 152737
1133.93 152744 1133.93 152744
1149.51 152744 3097.6 152621
3100.94 152403 3139.9 151040
3477.2 151089 4372.21 151114
4372.21 151241 4395.59 152294
4280.93 152483 4280.93 152483
4269.8 152514 4390.02 153227
4467.95 153218 4467.95 153218
4506.91 153182 4790.77 152588
4759.6 152559 4456.81 152109
4477.96 151279 4390.02 150967
4375.55 151103 4223.04 153126
4091.69 153100 1116.12 153494
1113.89 153434 1145.06 153022
1197.38 153055 1197.38 153055
1214.08 153093 1256.38 153340
1155.08 153316 1286.43 154514
-8590.94 147238 1325.4 154376
1926.52 154364 3075.34 154396
3082.02 154001 3134.34 152699
4172.95 152828 4411.17 153200
4512.47 153126 4811.92 152817
4807.47 152617 4807.47 152617
4785.21 152577 4542.53 152361
4522.49 152214 4522.49 152214
4464.61 152171 4464.61 152171
4451.25 152214 4726.21 151581
4490.21 152483 4516.93 149393
5752.57 149386 7520.33 149355
7523.67 149382 7572.65 150773
6893.6 150880 6893.6 150880
6880.24 150918 4477.96 151089
4459.04 151223 4459.04 151223
4442.34 151247 3887.97 151052
3164.39 151036 3164.39 151036
3158.83 151034 2199.25 150836
1522.43 150368 1522.43 150368
1473.45 150361 837.817 150038
818.893 150110 771.026 150702
805.535 149954 805.535 149954
822.233 149972 2073.46 150818
3030.81 151103 3030.81 151103
3086.47 151107 3086.47 151107
3084.24 151167 3064.21 151492
2692.4 151468 1334.3 151479
1317.6 151292 1317.6 151292
1300.91 151230 1492.63 151284
1484.58 151145 1244.13 151069
1227.44 149987 1219.64 142718
-1591.17 139033 -1986.36 138944
-2021.98 138835 -820.843 135026
360.257 130546 360.257 130546
401.445 130524 905.722 130546
932.439 130440 932.439 130440
954.703 130417 1416.68 130295
1395.53 129395 1395.53 129395
1399.98 129429 1399.98 129429
1403.32 129449 1458.98 129700
1885.33 129723 1885.33 129723
1896.47 129752 1896.47 129752
1898.69 129783 2030.05 133574
2586.65 134420 2119.1 135389
2397.4 135738 3084.24 136658
1945.45 138662 1945.45 138662
1907.6 138666 1907.6 138666
1874.2 138635 1874.2 138635
1850.82 138579 1850.82 138579
1850.82 138510 1850.82 138510
1879.77 138450 1879.77 138450
1920.96 138423 1920.96 138423
1962.14 138435 3666.45 140692
4113.95 141600 4113.95 141600
4106.16 141623 2349.54 142910
2655.66 144332 2722.46 146287
2508.72 146743 2508.72 146743
2510.95 146759 2536.55 146999
2813.74 147022 2813.74 147022
2814.85 147015 3097.6 146973
2607.8 146995 2607.8 146995
2575.51 146993 -1765.95 146906
-1788.21 146899 -1788.21 146899
-1856.11 146917 -1856.11 146917
-1880.6 146950 -1880.6 146950
-1910.66 146984 -2702.14 146977
-2709.93 146861 -2693.24 146414
-2150 146387 -1850.55 146369
-1841.64 146694 -1827.17 147115
-1747.02 147111 -726.222 147095
-658.317 148574 -658.317 148574
-641.619 148587 -402.282 148629
-430.112 148774 -424.546 149344
-41.6067 149455 -41.6067 149455
-38.2671 149464 388.087 149843
375.841 150105 315.729 150684
442.633 150940 442.633 150940
420.369 150851 423.709 151170
677.517 151241 749.875 151437
811.101 151348 832.251 151479
904.609 151481 2889.44 151535
2892.78 151768 2824.87 152080
2547.68 151969 2160.29 151857
2149.16 151559 2149.16 151559
2146.93 151548 2146.93 151548
2143.59 151537 2171.42 152628
1907.6 152626 1907.6 152626
1874.2 152621 1874.2 152621
1820.77 152650 1249.7 152639
1094.97 153093 1247.47 155153
1169.55 161527 -8.21086 163441
-366.66 163631 -2017.53 163608
-2019.75 163582 -2019.75 163582
-2010.85 163513 -2010.85 163513
-2006.4 163501 -2127.73 162132
-1891.74 162099 -1646.83 162166
-19492.5 147011 -1287.27 162146
-1287.27 163515 -1218.25 166532
-926.597 166587 -544.771 166732
-364.433 167144 -440.679 167534
-331.037 167533 -225.284 167505
-346.622 167511 -481.319 163715
1093.85 161812 1233 160997
1247.47 159162 1247.47 159162
1245.25 159144 1297.57 157993
1729.49 158009 1729.49 158009
1767.34 158009 1767.34 158009
1784.03 158005 1784.03 158005
1815.2 158013 3025.25 157936
3034.15 157880 3120.98 152706
4071.65 152732 4472.4 153216
4820.83 152744 4511.36 152191
4439 151303 4506.91 151063
4607.1 151078 4607.1 151078
4628.25 151085 4628.25 151085
4709.51 151078 4709.51 151078
4703.94 151069 4703.94 151069
4735.11 151074 5082.43 151125
5074.64 151158 5057.94 151971
4536.96 151902 4536.96 151902
4534.74 151875 4534.74 151875
4516.93 151875 4607.1 149253
4214.14 141589 5099.13 140376
5218.24 140169 5218.24 140169
5232.71 140176 5396.35 140294
5507.67 140142 5764.82 140127
5931.8 140236 5931.8 140236
5945.16 140316 6768.92 142731
6928.11 144517 6928.11 144517
6965.96 144533 7473.57 144613
7473.57 145430 7545.93 149344
7793.06 149322 7793.06 149322
7874.32 149277 7874.32 149277
7879.89 149297 7957.81 150711
8410.88 150655 10841 150945
10832.1 151497 10832.1 151497
10823.2 151508 10823.2 151508
10813.2 151526 10826.5 151947
10823.2 151537 10823.2 151537
10832.1 151508 10832.1 151508
10839.9 151430 10839.9 151430
10841 151390 10851 150929
11085.9 150936 12504.1 150885
13634 151067 13634 151067
13706.4 151103 13706.4 151103
13762 151114 16748.7 152154
16806.6 152483 16806.6 152483
16828.9 152503 16828.9 152503
16880.1 152488 17240.7 152503
17737.2 152833 18153.6 153367
18449.7 153311 18927.2 153267
18949.5 153149 18949.5 153149
18972.9 153115 20275.3 153044
20706.1 153249 21688 155756
22902.5 156477 23528.1 156822
24220.5 157753 24220.5 157753
24231.6 157724 24288.4 157524
25790.1 157158 26346.7 156789
26414.6 157018 26414.6 157018
26450.2 157000 26709.6 156934
26652.8 157029 26450.2 156967
26402.3 157003 26313.3 156769
25197.9 157512 24242.7 157548
24221.6 157720 24221.6 157720
24227.2 157731 24227.2 157731
24216 157826 24216 157826
24223.8 157853 24416.4 158298
25044.2 159182 25044.2 159182
25062.1 159205 25062.1 159205
25067.6 159189 23580.4 156845
23027.1 156524 23027.1 156524
22997.1 156513 22997.1 156513
22971.5 156499 22971.5 156499
22929.2 156502 22785.6 157089
22913.6 157069 22913.6 157069
22912.5 157052 22912.5 157052
22906.9 157056 22906.9 157056
22896.9 157045 22787.8 157058
22796.7 156978 22796.7 156978
22802.3 156963 22802.3 156963
22832.3 156929 22832.3 156929
22813.4 156989 22813.4 156989
22812.3 157000 22812.3 157000
22813.4 157012 22813.4 157012
22807.8 157040 22807.8 157040
22760 157034 22760 157034
22757.7 157007 23012.7 156528
23520.3 156822 26013.8 160518
31301.5 163312 31698.9 163452
31751.2 163174 31838.1 162257
31985 162172 31985 162172
32032.9 162143 32400.2 161910
32370.2 161805 32370.2 161805
32355.7 161754 32355.7 161754
32352.4 161760 32352.4 161760
32366.8 161805 32386.9 161945
31826.9 162266 31826.9 162266
31821.4 162295 31667.8 163490
31496.3 163430 31496.3 163430
31515.2 163452 33060.4 164336
33315.3 164695 36068.2 167883
36871.9 170593 36460.1 173649
37539.9 179244 39973.3 184207
42663.9 185153 43896.2 186859
44470.6 188259 47061 192068
47625.4 193469 47625.4 193469
47643.2 193424 47690 192868
47743.4 192868 47743.4 192868
47756.8 192834 47697.8 192355
47662.1 192344 47662.1 192344
47684.4 192333 47684.4 192333
47731.2 192369 47731.2 192369
47726.7 192367 47726.7 192367
47743.4 192380 47743.4 192380
47678.8 192344 47678.8 192344
47710 192362 47710 192362
47712.2 192373 47712.2 192373
47715.6 192422 47715.6 192422
47734.5 192485 47734.5 192485
47745.6 192489 47745.6 192489
47804.6 192507 47804.6 192507
47804.6 192522 47804.6 192522
47792.4 192618 47792.4 192618
47801.3 192678 47801.3 192678
47823.5 192696 47823.5 192696
47815.8 192714 47625.4 192914
47634.3 193391 47634.3 193391
47643.2 193426 47643.2 193426
47637.6 193442 47637.6 193442
47625.4 193438 46805 191587
44511.8 188303 43946.3 186896
43610.1 186529 42967.8 185589
39942.1 184153 38732.1 181802
37101.3 177029 36471.2 173144
36886.4 170561 35808.8 167360
32728.6 164047 26910 160959
25684.3 160162 23478 156702
23485.8 156851 21552.1 155533
21287.2 154718 21287.2 154718
21249.4 154732 20564.7 153040
20069.4 152966 18271.6 153044
17973.2 152793 17897.5 152639
17097.1 152376 16795.5 152338
16734.2 151931 16670.8 151630
16618.5 151664 15676.7 151719
15663.3 151686 15663.3 151686
15665.6 151635 15657.8 149909
15237 150061 15237 150061
15192.5 150065 14313 150188
14210.6 150913 14035.9 152142
13572.8 152247 13572.8 152247
13561.6 152247 4434.55 152670
423.709 152637 -1026.78 152510
-982.256 152392 -982.256 152392
-986.709 152376 -1001.18 151615
-58.3046 151552 655.253 151926
676.404 151915 676.404 151915
685.31 151915 852.289 150878
813.327 150613 813.327 150613
821.119 150546 850.062 150038
1160.64 150188 1160.64 150188
1221.87 150183 2067.9 150746
2430.8 151190 3043.06 150980
3449.37 151023 4342.15 151014
39750.7 259655 27719.2 211380
-4724.82 211380 5146.99 156012
4874.26 156016 4874.26 156016
4846.43 156079 4444.57 155999
4489.1 153423 4489.1 153423
4512.47 153400 4512.47 153400
4522.49 153367 4522.49 153367
4518.04 153278 4518.04 153278
4522.49 153189 4815.26 152773
4804.13 152577 4804.13 152577
4776.3 152554 4561.45 152425
4511.36 152183 4511.36 152183
4466.83 152131 4466.83 152131
4451.25 152049 5143.66 150640
4828.62 150873 4692.81 150940
4718.41 150807 4715.08 150700
4700.6 151067 4700.6 151067
4761.83 151107 6677.64 150902
5976.32 150934 5976.32 150934
5900.63 150947 5767.04 150902
5769.27 150784 5797.1 147489
-3834.26 140717 6292.47 147434
6259.08 147089 6259.08 147089
6240.15 147026 6267.98 147449
5826.04 147463 5826.04 147463
5792.65 147471 5792.65 147471
5774.84 147505 5819.36 149366
7520.33 149355 7520.33 149355
7529.23 149388 7601.59 150762
7484.7 150789 3850.12 150985
3846.78 150889 3844.56 150651
3846.78 151000 3846.78 151000
3832.31 151003 3832.31 151003
3821.18 151000 3821.18 151000
3726.56 151018 2199.25 150811
1377.72 150250 286.786 149620
278.993 149348 278.993 149348
254.503 149331 254.503 149331
217.768 149348 -135.115 149587
-136.228 149567 -477.979 149415
-474.64 149404 -450.149 148553
-214.152 148513 -214.152 148513
-190.775 148507 546.16 148476
551.726 148413 551.726 148413
551.726 148391 551.726 148391
562.858 148297 562.858 148297
566.198 148280 566.198 148280
566.198 148231 607.386 147037
988.099 147033 988.099 147033
1004.8 147037 1004.8 147037
1021.49 147037 1021.49 147037
1041.53 147037 1041.53 147037
1043.76 147089 1043.76 147089
1044.87 147089 1044.87 147089
1054.89 147073 1054.89 147073
1091.63 147115 2030.05 146995
2051.2 146999 3126.55 147082
3148.81 148068 3148.81 148068
3128.77 148097 13655.1 116075
3126.55 148175 3126.55 148175
3128.77 148197 3128.77 148197
3145.47 148228 3145.47 148228
3175.53 148240 3175.53 148240
3236.75 148220 3854.58 148329
3860.14 149331 3860.14 149331
3846.78 149342 3846.78 149342
3830.09 149366 3830.09 149366
3805.59 149377 1249.7 149404
1230.78 149776 1344.32 149705
1288.66 150268 1294.03 150160
1222.98 150435 1222.59 150868
1319.83 150844 1099.42 159808
705.347 159817 705.347 159817
654.14 159790 654.14 159790
646.348 159768 646.348 159768
646.348 159685 646.348 159685
649.687 159628 649.687 159628
651.914 159585 702.007 157953
1149.51 158002 1149.51 158002
1160.64 158013 1160.64 158013
1206.28 158013 3023.02 157998
4266.46 158169 4455.7 158810
4440.12 156012 4440.12 156012
4461.27 156001 5005.68 156099
4939.94 155994 4939.94 155994
4915.45 155990 4915.45 155990
4923.24 156088 4923.24 156088
4900.98 156143 4557 156221
4447.91 155972 4447.91 155972
4442.34 155956 4372.21 154340
4233.06 154275 4210.8 154019
3301.32 154302 3301.32 154302
3276.83 154396 3067.55 154358
3082.02 153741 3128.77 152715
3540.65 152706 3540.65 152706
3609.67 152677 8681.39 152414
10038.4 152503 10542.7 152870
10633.9 152821 10633.9 152821
10687.4 152755 10882.2 152543
11341.9 152476 14146.1 152225
14163.9 152098 14210.6 151163
14775 151325 14775 151325
14781.7 151290 14905.5 150898
14789.5 151074 14753.9 151312
14162.8 151156 14162.8 151156
14158.3 151114 14318.6 150123
15199.1 150054 15199.1 150054
15192.5 150054 15192.5 150054
15179.1 150061 15179.1 150061
15145.7 150079 14310.8 150132
14179.5 151023 14179.5 151023
14190.6 151029 14190.6 151029
14177.2 151036 14177.2 151036
14168.3 151045 14041.4 155010
14008 154999 13425.8 155026
14058.1 155021 14058.1 155021
14068.1 155043 14068.1 155043
14073.7 155066 14073.7 155066
14082.6 155070 14082.6 155070
14093.7 155066 14093.7 155066
14099.3 155041 14166.1 151212
14915.3 151401 14915.3 151401
14934.2 151403 16205.5 151857
16565 151808 16565 151808
16626.3 151849 16879 152494
17522.4 152610 18136.9 153362
18672.3 153285 18765.8 153362
18900.5 153305 18900.5 153305
18917.2 153271 18982.9 153104
19244.5 153062 20636 153138
20767.3 153293 21699.1 155756
22255.7 156099 23728.4 157036
24173.7 157780 25969.3 160496
26806.4 160952 33023.6 164303
35988.1 167683 36076 167872
33143.8 102327 32481.5 95320.5
38670.9 172565 37960.6 179694
38403.7 181063 39070.5 186625
47693.3 192318 47693.3 192318
47678.8 192347 47678.8 192347
47714.5 192380 47714.5 192380
47720 192429 47720 192429
47734.5 192480 47734.5 192480
47745.6 192491 47745.6 192491
47803.5 192511 47803.5 192511
47806.9 192522 47628.7 192881
47631 193380 47631 193380
47639.9 193442 47639.9 193442
47631 193453 47631 193453
47615.4 193446 47055.4 192095
46434.3 192157 46434.3 192157
46437.6 192162 46437.6 192162
46452.1 192162 47063.2 192102
47614.3 193464 47614.3 193464
47628.7 193458 47628.7 193458
47637.6 193431 47637.6 193431
47632.1 193402 47651 192856
47737.8 192863 47737.8 192863
47747.9 192841 47690 192355
47658.8 192347 47658.8 192347
47676.6 192347 47676.6 192347
47692.2 192351 47692.2 192351
47710 192362 47710 192362
47712.2 192380 47712.2 192380
47715.6 192418 47715.6 192418
47731.2 192469 47731.2 192469
47737.8 192478 47737.8 192478
47801.3 192502 47801.3 192502
47803.5 192522 47632.1 193052
47632.1 193382 47632.1 193382
47637.6 193415 47637.6 193415
47625.4 193438 47625.4 193438
47617.6 193426 46691.4 191405
46083.6 190514 46083.6 190514
46078.1 190474 46070.3 189753
46695.9 189824 46695.9 189824
46699.2 189784 46699.2 189784
46708.1 189784 46708.1 189784
46724.8 189784 46724.8 189784
46697 189791 46697 189791
46695.9 189808 46695.9 189808
46693.7 189835 46693.7 189835
46682.5 189840 45032.8 189294
44363.7 188025 43841.6 186769
42196.3 184837 40083.5 184343
40089.1 184530 40089.1 184530
40095.7 184530 40207.1 184554
40207.1 184536 40207.1 184536
40200.4 184525 40084.6 184503
40081.3 184329 40081.3 184329
40077.9 184296 40077.9 184296
40066.8 184269 39359.9 183230
38723.2 181758 38723.2 181758
38728.7 181747 38728.7 181747
38737.7 181742 39054.9 181359
38984.8 181230 38984.8 181230
38975.9 181241 38975.9 181241
38992.6 181235 38992.6 181235
39015.9 181270 39092.8 181468
38847.9 181658 38700.9 181724
36569.1 174736 36471.2 173175
36778.4 171445 36844.1 170370
35998.1 167700 35403.6 166821
32642.9 163994 25784.5 160307
25192.3 159396 23645 156918
22982.6 156484 21661.2 155682
21498.7 155426 20617.1 153033
20361 152955 18218.1 153011
17962.1 152784 17614.8 152298
16765.4 152113 16765.4 152113
16745.4 152058 16674.1 151619
16617.4 151648 15966.1 151782
15683.4 151702 15683.4 151702
15677.8 151690 15677.8 151690
15665.6 151675 15665.6 151675
15665.6 151668 15665.6 151668
15666.7 151613 15650 149909
15276 150067 14291.9 150154
14168.3 151069 14168.3 151069
14108.2 151047 14191.7 156010
14700.4 155954 14700.4 155954
14781.7 155965 14781.7 155965
14834 155965 14834 155965
14886.3 155956 15090.1 155961
15201.4 158327 15201.4 158327
15214.7 158343 15897.1 165964
14193.9 166331 14193.9 166331
14188.4 166313 14090.4 166013
14193.9 166325 14193.9 166325
14175 166340 12471.8 166696
12368.3 166576 10520.4 166587
10138.6 166198 8781.58 164777
9017.57 164247 9017.57 164247
9045.4 164247 9045.4 164247
9069.89 164232 9382.7 163437
9195.68 163259 8663.58 158359
8564.5 156034 8564.5 156034
8541.13 156010 3043.06 155894
3076.45 154442 3076.45 154442
3098.72 154429 4555.68 154429
3115.41 154420 1278.64 154353
1258.6 154202 1351 152532
1199.61 152643 20.7322 152572
28.5246 152439 28.5246 152439
4.03428 152405 4.03428 152405
4.03428 152398 64.1468 151568
738.743 151568 738.743 151568
716.479 151648 716.479 151648
722.045 151702 722.045 151702
749.875 151708 1188.47 151659
1305.36 151412 1305.36 151412
1316.49 151368 1336.53 150272
1673.83 150555 2394.06 150958
3398.17 151080 4375.55 151163
4317.66 152343 4428.98 154335
4575.93 154353 4575.93 154353
4578.15 154342 4578.15 154342
4564.79 154342 4564.79 154342
4550.32 154347 4550.32 154347
4481.3 154347 4344.38 156005
3092.04 155987 1292 155921
1283.1 155898 1249.7 145392
1245.25 148102 1245.25 148102
1225.21 148128 576.216 148184
566.198 146982 566.198 146982
542.821 146973 -1763.72 146933
-1833.85 146828 -1833.85 146828
-1905.09 146895 -3687.32 146973
-3725.17 145503 -3725.17 145503
-3722.94 145474 -3722.94 145474
-3725.17 145492 -3834.26 144390
-3843.17 144390 -3843.17 144390
-3856.53 144390 -3856.53 144390
-3878.79 144395 -3878.79 144395
-3942.24 144399 -3942.24 144399
-3953.37 144399 -3953.37 144399
-3999.01 144395 -3999.01 144395
-4003.47 144395 -4003.47 144395
-4037.98 144399 -4037.98 144399
-4084.73 144390 -4084.73 144390
-4114.79 144399 -4650.23 144377
-4661.37 144083 -4661.37 144083
-4663.59 144067 -4663.59 144067
-4665.82 144056 -4600.14 143687
-4170.45 143593 -1967.43 143589
-1897.3 143720 -1522.16 154431
-1443.12 154540 -720.656 155030
-708.41 155322 -636.053 158227
-652.751 158020 -652.751 158020
-641.619 157982 -641.619 157982
-619.355 157976 644.121 157991
655.253 158216 759.894 158599
1047.1 158588 1189.59 158661
1184.02 160385 1184.02 160385
1167.32 160385 640.782 160369
654.14 159830 654.14 159830
670.838 159817 1172.89 159917
1202.95 160732 1202.95 160732
1217.42 160725 1316.49 159841
1939.88 159841 1939.88 159841
1956.58 159819 2007.79 158192
4156.25 158053 4361.08 158336
4378.89 158855 4378.89 158855
4420.08 158873 4420.08 158873
4451.25 158833 4451.25 158833
4459.04 158759 4550.32 143230
4568.13 143148 4568.13 143148
4572.59 143097 4572.59 143097
4595.96 143081 4595.96 143081
4646.06 143074 4646.06 143074
4653.85 143097 4653.85 143097
4668.32 143099 5067.96 142818
5071.3 142585 5071.3 142585
5071.3 142562 5071.3 142562
5080.2 142540 5080.2 142540
5095.79 142518 5597.84 142469
5572.24 142308 5497.65 142030
4946.62 142195 4946.62 142195
4943.28 142213 4954.41 142507
4416.74 142484 4416.74 142484
4397.81 142447 4277.19 141745
4369.98 142809 4483.53 146937
4912.11 146944 7472.46 145590
8424.24 145267 10823.2 145140
10823.2 145089 10921.1 144421
11313 143600 11313 143600
11308.5 143549 11338.6 143248
11455.5 143188 12136.7 143141
11275.1 143419 11299.6 143664
10898.9 144499 10898.9 144499
10859.9 144490 10859.9 144490
10817.6 144499 10817.6 144499
10815.4 144550 10773.1 145189
5828.27 146403 4384.46 147066
4347.72 152321 3872.39 153222
1306.47 152788 1049.32 152548
590.688 152548 590.688 152548
587.348 152516 587.348 152516
588.462 152583 588.462 152583
594.028 152561 612.952 151475
668.612 151902 668.612 151902
743.196 151947 872.326 151704
941.344 152098 978.08 152209
1191.81 152020 1322.06 150279
1490.15 150424 1490.15 150424
1495.72 150421 1495.72 150421
1511.3 150413 2104.63 150813
3791.12 151052 7575.99 150791
8410.88 150691 8410.88 150691
8452.07 150680 11110.4 150940
12418.4 150891 12418.4 150891
12423.9 150891 12542 150940
12559.8 150833 12559.8 150833
12482.9 150833 10498.1 150856
9388.27 150762 7737.4 150773
7575.99 150795 5069.07 150991
5062.39 150869 5062.39 150869
5040.13 150802 4696.15 155834
4400.04 153790 4400.04 153790
4381.12 153763 4381.12 153763
4369.98 153701 4369.98 153701
4367.76 153616 4367.76 153616
4372.21 153596 4358.85 142197
4203.01 141585 4203.01 141585
4217.48 141549 4217.48 141549
4262 141516 5049.03 140510
5227.14 141028 5440.88 142030
4945.51 142179 4945.51 142179
4941.05 142206 4929.92 142487
4420.08 142491 4420.08 142491
4400.04 142462 4277.19 141729
4366.65 142807 4347.72 146982
3835.65 146988 3835.65 146988
3822.29 147004 3822.29 147004
3811.16 146995 3811.16 146995
3752.16 146950 3752.16 146950
3716.54 146928 2552.14 147033
3059.75 147011 4381.12 147071
4536.96 152031 4536.96 152031
4623.79 152038 4623.79 152038
4670.55 152047 4846.43 152127
4845.32 152209 4845.32 152209
4843.09 152283 4843.09 152283
4837.53 152361 4837.53 152361
4845.32 152392 4845.32 152392
4850.88 152403 4850.88 152403
4912.11 152436 4912.11 152436
4935.49 152432 4935.49 152432
4956.64 152427 4956.64 152427
4968.88 152432 4968.88 152432
4991.15 152392 4991.15 152392
5004.51 152376 5063.51 152332
5015.64 152327 5015.64 152327
5002.28 152325 5002.28 152325
4929.92 152321 4929.92 152321
4909.88 152332 4909.88 152332
4890.96 152316 4890.96 152316
4882.05 152294 4750.7 152058
4651.62 152047 4651.62 152047
4633.81 152031 4455.7 151975
4464.61 151118 4464.61 151118
4479.08 151089 4479.08 151089
4505.79 151069 4505.79 151069
4553.66 151036 4553.66 151036
4595.96 151007 4595.96 151007
4646.06 150980 4646.06 150980
4711.74 150936 5394.12 151003
6134.4 150980 7528.12 150791
7542.59 150773 7921.08 150755
8090.28 152516 8090.28 152516
8071.36 152543 7288.78 152672
