940.231 149428 940.231 149428
938.005 149428 938.005 149428
936.892 149428 260.069 149351
-696.165 147026 3066.43 147057
6227.91 146294 1206.28 137379
-4737.06 133719 -4456.54 139272
1284.21 144105 502.746 151080
382.521 150824 3098.72 151172
4343.27 142121 5169.26 140677
1458.98 143439 -220.831 143580
2064.56 135389 2441.93 137787
3044.17 139886 4336.59 150595
2308.35 152690 884.571 152274
5495.42 152715 8810.52 141318
14648.1 122211 15635.5 114839
16104.2 121256 14274.1 122629
566.198 141260 -700.618 140124
5082.43 152793 27919.8 165019
27936.3 164926 27936.3 164926
27954.1 164933 27954.1 164933
27959.7 164926 27959.7 164926
27987.5 164995 27987.5 164995
27971.9 164960 27971.9 164960
27974.2 164958 27974.2 164958
27976.4 164962 27976.4 164962
27977.5 164971 27977.5 164971
27978.6 164975 27978.6 164975
27993.1 164995 27993.1 164995
27985.3 164933 27985.3 164933
27982 164969 27982 164969
27980.8 164955 27980.8 164955
27979.7 164953 27979.7 164953
27980.8 164951 27984.2 164964
27909.6 164955 26807.5 160808
21664.6 155607 21060.1 154030
9201.25 152343 -824.183 154705
-5821.31 160819 -11641.1 154957
-14142.4 152844 27978.6 164971
-9324.54 155560 -11273.7 156341
-11652.2 151617 -10461.1 152289
-6151.93 152866 -4290.67 152296
-2584.14 152830 -2118.83 149112
-1669.1 153396 1290.89 157873
1861.96 154389 595.141 149306
916.854 149428 916.854 149428
911.288 149446 911.288 149446
912.401 149446 912.401 149446
906.835 149437 906.835 149437
907.949 149433 907.949 149433
909.062 149435 909.062 149435
910.175 149435 910.175 149435
911.288 149437 882.345 150003
-1600.08 149030 -6540.44 149379
-9858.87 149246 -16791.9 149143
-16221.9 149282 -19608.2 151483
-19550.3 152899 -18600.8 152817
-17147 149043 -11220.3 149293
-10451.1 154144 -9747.55 156889
-10978.7 161522 -15208.9 162297
-10543.5 161409 -11513.1 154970
-13737.2 155135 -14369.5 153033
-15571.8 146984 -15214.5 135549
-11745.7 133775 -9605.06 139463
-10768.4 140728 -11243.7 145604
-10494.5 145229 -3764.13 143589
-1723.64 150401 -2795.65 160881
-2429.41 166002 9463.96 161266
27666.9 163179 27980.8 164958
28028.7 164083 27965.3 164949
26665.1 160841 23200.8 154146
24440.9 154585 27308.5 161687
27789.4 164993 26446.9 160701
23042.7 156504 19218.9 152975
13572.8 152245 -15094.2 161524
-15401.5 159955 -15241.2 162163
-7286.28 161072 1153.96 149894
925.76 149446 925.76 149446
925.76 149451 925.76 149451
925.76 149462 925.76 149462
924.646 149464 1399.98 149620
-3236.48 156019 -7896.31 156847
-8480.74 157653 -6632.83 160917
-3474.7 156197 -3166.34 153944
-4186.03 152708 -10870.8 153071
-9672.97 156597 -8569.79 156931
-5558.6 154467 -3701.79 154242
-1523.27 154509 -823.07 154433
4407.83 142731 16096.4 121245
14529 123099 15484.1 145735
16792.1 152327 22497.3 156235
25873.6 157101 27454.3 162317
27976.4 164975 27976.4 164975
27969.7 165002 27969.7 165002
27973.1 164986 27973.1 164986
27975.3 164982 27975.3 164982
27975.3 164980 27975.3 164980
27976.4 164978 27976.4 164978
27939.7 165035 27939.7 165035
27978.6 164971 27978.6 164971
27979.7 164975 27979.7 164975
27980.8 164984 27980.8 164984
27974.2 164951 27974.2 164951
27970.8 164951 27970.8 164951
27944.1 164926 27944.1 164926
27951.9 164937 27951.9 164937
27964.2 164940 27964.2 164940
27965.3 164940 27965.3 164940
27967.5 164946 27967.5 164946
27960.8 164966 25084.3 159216
23249.8 154062 23249.8 154062
23247.5 154064 23247.5 154064
23248.7 154064 23248.7 154064
23253.1 154042 23253.1 154042
23248.7 154046 23248.7 154046
23247.5 154053 23247.5 154053
23247.5 154066 23247.5 154066
23228.6 154155 23228.6 154155
23250.9 154070 23250.9 154070
23252 154082 23252 154082
23270.9 154046 24681.3 156945
27846.2 164828 27983.1 165015
27945.2 164837 24348.5 158000
23183 154304 21777 152917
20717.3 153129 19225.6 152966
14099.3 151675 1277.53 149257
-1065.75 140643 -2314.75 139036
-14988.5 155199 -10778.4 157479
-8466.27 160859 -7071.43 164178
-7128.21 165810 -1986.36 163871
1056 161941 1298.68 153002
905.722 149428 905.722 149428
904.609 149453 904.609 149453
905.722 149473 905.722 149473
906.835 149473 906.835 149473
907.949 149449 -397.829 151308
423.709 155108 -2252.41 152675
1231.89 153545 8718.12 150691
14077 151145 16667.4 151265
21552.1 155553 25065.4 159222
27997.5 164922 27997.5 164922
27960.8 164922 27960.8 164922
27976.4 164949 27976.4 164949
27977.5 164958 27977.5 164958
27973.1 164966 27973.1 164966
27973.1 164971 27973.1 164971
27971.9 164971 27971.9 164971
27971.9 164973 27971.9 164973
27969.7 164978 27969.7 164978
27965.3 165031 27965.3 165031
27965.3 164951 27965.3 164951
27964.2 164989 27964.2 164989
27970.8 164986 27970.8 164986
27985.3 164924 27985.3 164924
27971.9 164966 27971.9 164966
27971.9 164960 27734.8 164889
27887.3 164076 22359.2 158114
22594.1 157448 18884.9 152953
11174.9 152318 11036.9 152289
-2046.47 165948 -1367.42 162090
2548.8 160901 5358.5 159238
-2413.83 152643 -6085.14 149344
-591.525 149324 1126.13 149366
6342.57 150965 -7254 154663
-3795.3 153340 -2834.61 158091
-3533.7 156016 -5827.99 156482
573.99 156003 5666.86 149366
10505.9 150833 14566.9 151405
18900.5 151443 22282.4 152138
23481.3 156715 27732.6 164860
27969.7 164978 27969.7 164978
27985.3 164946 27985.3 164946
27985.3 164944 27985.3 164944
27983.1 164995 27983.1 164995
27967.5 165018 27967.5 165018
27979.7 164978 27979.7 164978
27975.3 164966 27975.3 164966
27987.5 164966 27987.5 164966
27986.4 164966 27986.4 164966
27985.3 164966 27985.3 164966
27983.1 164969 27983.1 164969
27975.3 165000 27975.3 165000
27976.4 165000 27976.4 165000
27978.6 164998 27978.6 164998
27979.7 164993 27979.7 164993
27945.2 164911 27945.2 164911
27947.5 164913 27947.5 164913
27920.7 164922 27920.7 164922
27947.5 164895 27947.5 164895
27982 164986 27982 164986
27983.1 164989 27983.1 164989
27985.3 164989 18759.1 153009
7583.78 152761 -2424.96 154398
-2372.64 152715 -1220.48 155974
277.88 162889 277.88 162889
280.107 162889 280.107 162889
281.22 162891 281.22 162891
282.333 162891 1023.72 162235
2428.57 156027 1342.09 157918
611.839 159852 -7046.94 164717
856.742 160903 673.064 159514
1231.89 160600 3050.85 152770
26872.1 160908 27896.1 164968
27979.7 164913 27977.5 165073
28015.4 164929 28015.4 164929
28003.1 164873 27983.1 164971
27786 164940 27695.9 163201
22373.7 156103 19580.7 152911
10463.6 152372 -3188.61 161293
-3443.53 156079 -7107.05 156789
-10663.7 156853 -15536.2 147861
-18471.7 140926 -15542.8 140496
-11240.3 139497 -10798.4 133897
-12866.7 133877 -16069.4 136164
-10901.9 139441 -7921.91 139020
