40.7697 151432 32.9773 148794
-563.695 147022 -499.13 151550
-751.825 152975 -1034.58 150036
-721.769 147518 -387.81 145025
-1145.9 143034 -1407.5 141224
-3491.4 141284 -5131.13 141801
-5597.56 141093 -4713.69 140095
-4660.25 140699 -4722.59 141438
-6156.39 139808 -4732.61 140761
-2796.76 140202 -1603.42 140009
-1610.1 139802 -1170.39 139434
-1822.72 138960 147.636 137388
512.764 136607 1812.98 134592
2358.44 135672 3703.18 135039
3394.83 134607 1682.73 131967
1966.6 135202 2094.61 138185
1795.16 141200 1973.28 141580
3279.05 138537 3498.35 138671
1841.92 141031 498.293 143773
-1177.07 141387 -601.544 138938
1324.28 137604 2913.93 135934
2290.54 137212 586.235 141111
-1024.56 142197 -1350.72 140641
-1999.72 141242 -3430.17 141750
-4998.66 143571 -8121.18 143640
-9564.99 144254 -10569.1 145512
-10550.2 146995 -10684.9 148244
-10779.5 147405 -10539 147371
-9829.93 149250 -8251.42 149179
-8484.08 149522 -8524.15 150666
-9470.37 151379 -9681.87 152539
-9647.37 153349 -9649.59 154522
-10375.4 155355 -11901.6 156789
-13658.2 156678 -14722.4 157147
-16223 158421 -16383.3 157450
-15585.1 157479 -15545.1 147367
-16500.2 147182 -15572.9 145125
-14011.1 143137 -12551.7 141672
-9859.99 141612 -7847.33 141004
-7315.22 140532 -6927.83 141874
-6546 142282 -6277.72 142932
-7870.71 141649 -9523.8 139428
-15957 138882 -16546.9 138653
-16363.3 141031 -13425.5 139541
-7954.2 139374 -2035.34 139140
-1859.45 136558 -2857.99 137444
-4664.71 136865 -4360.8 136689
-4142.62 135999 -2142.21 136230
-4678.06 136021 -5864.73 139207
-11045.5 139407 -15429.3 140363
-15713.2 141641 -15502.8 155155
-14805.9 155166 -14037.8 155195
-13476.8 153868 -12342.4 151129
-13692.7 149257 -15569.6 148939
-15939.1 149117 -11505.3 147327
-10988.8 147318 -10742.7 150820
-10849.6 153641 -10758.3 159939
-10768.4 157550 -10752.8 150323
-10327.5 146076 -8685.57 143791
-8923.79 137698 -8930.47 136838
-7715.97 137998 -5344.87 140046
-4948.57 141407 -3790.85 141356
-3485.83 142280 -1679.12 141278
733.177 141102 6958.16 129671
9057.65 123914 11795 116640
31117.8 104932 32317.9 105226
32312.3 105306 32302.3 105203
32319 105226 32322.3 105150
32326.8 105246 32325.6 105417
32293.4 105226 32016.2 105050
27533.3 104571 26022.7 105491
28366 111032 23757.4 110772
23531.4 110342 23648.3 106900
25006.4 108031 28123.3 109465
28354.9 109454 28288.1 107888
29866.6 105720 31737.9 107343
27918.5 104288 30235.1 104863
28315.9 104175 27406.4 102792
26484.7 99633 29353.4 97927.6
29660.7 97197.4 25810.1 106428
25675.4 105945 25674.3 105455
27287.3 106731 26446.9 107341
24966.3 104246 22531.8 103235
20954.4 103344 20431.2 103389
19945.8 104442 19019.6 105658
19978.1 105972 25331.4 106448
28527.4 102487 29568.3 102389
29429.1 101120 29593.9 101877
29453.6 102447 27710.3 102579
27583.4 104495 24057.9 106070
24155.9 106550 24114.7 106366
24172.6 106508 24386.3 107303
28730 104297 30639.2 104805
32576.1 104277 32250 105215
31490.8 104849 25777.8 106428
24145.9 107361 24012.3 107675
24135.9 107323 25437.2 106452
30003.5 104805 32300 105223
32341.2 105150 -3491.4 156807
32319 105154 32302.3 105235
32290 105068 32314.5 105217
32350.1 105170 32305.6 105281
24904 106441 20018.2 106043
14986.5 105929 12378.3 109429
11573.5 117963 9342.63 122656
7645 128084 5728.08 131762
3173.3 134683 2345.08 138000
-442.357 141865 -525.846 141983
2573.29 137896 8564.5 127975
15087.8 121476 15552 118760
15367.2 116418 15883.8 114610
15310.5 114817 15172.4 115089
15340.5 117177 13236.6 116353
13193.2 116707 13720.8 117749
15441.8 118139 15214.7 115590
15345 115042 15487.5 115202
15612.1 114919 15972.8 114741
14615.8 122238 7207.52 129462
656.366 128656 -7970.89 127176
-11348.3 125517 -14489.8 117195
-12407 115619 -13725 115000
-14405.2 117691 -10107.1 128830
-7972.01 131840 -7025.79 133866
-4532.23 134821 559.519 136473
2362.89 133646 3178.87 131991
2922.83 134035 2644.53 135507
2076.8 134748 2321.71 138054
-593.751 142104 -2772.27 141302
-4674.72 141344 -5853.6 140550
-4897.36 140699 -3651.7 140705
-2692.12 139123 -1604.53 139953
-1620.12 140921 -1051.27 143611
-1057.95 144408 -1184.86 141013
-2752.24 141331 -2811.24 139196
-1092.46 139588 1269.74 143286
1251.93 142671 643.008 143045
-569.261 143170 -984.483 141260
943.571 142304 1709.45 141075
1198.49 142162 70.826 143878
-1201.56 145347 -3705.13 146423
-3739.64 145069 -3494.74 142970
-2913.65 140677 -1601.19 140091
-1223.82 140810 -2018.64 141908
-2750.01 143428 -2112.15 145388
-2734.43 145258 -2762.26 143751
1566.96 139695 1334.3 136856
1657.13 136633 1368.81 139775
1273.08 145363 1270.85 152935
592.914 156301 516.104 155981
-1840.53 154327 -3066.16 153806
-2935.91 153603 -2247.96 153416
-1413.06 153759 -3245.38 151036
-4006.81 150931 -3745.21 151029
-2660.95 149415 -1710.29 149139
-1750.36 147095 -1543.31 145399
144.297 143905 -579.28 143114
-1131.42 141126 626.31 141868
1286.43 146757 1249.7 156520
-1193.76 163648 -2849.08 164287
-2044.24 163802 -1239.4 165908
-1271.69 163735 -1236.06 161660
1108.32 160894 3300.2 160928
596.254 159792 520.557 158597
-1105.82 157114 -1544.42 154453
-1702.49 149894 -2230.15 149043
542.821 157991 1925.41 158025
1953.24 158746 644.121 159360
-607.11 156954 -1519.93 152891
-1728.1 147859 -2163.36 146979
-2389.33 145178 -3600.49 147006
-5952.67 147066 -9084.09 147287
-10683.8 149237 -12336.8 150640
-12879 151922 -15975.9 151601
-15849 151205 -16716.2 149224
-16203 149204 -15604.1 143947
-6037.27 139281 -4743.74 139793
-4534.46 140732 -5653.22 141803
-5844.69 141814 -2909.2 141322
-2026.43 141449 -4555.61 140739
-4741.52 140006 -5044.3 141240
-4734.84 141385 -3481.38 142495
-3633.89 137301 -3573.77 125063
-3708.47 118655 -1330.69 116551
-1407.5 116273 -8702.26 107503
-6990.17 106223 2661.23 105885
9331.49 105063 13084.1 106067
32314.5 105208 32660.7 103400
29945.6 102438 25553 106452
23809.7 107245 23648.3 107054
24410.8 109089 26417.9 110896
28376 115280 26159.7 118105
26573.8 118201 30872.9 118145
30034.7 114926 28533 111032
24965.2 110346 26088.4 105731
27461 109518 27917.4 109567
27658 109489 27379.7 109496
26511.4 106130 25832.4 105742
26077.3 105916 26180.8 105880
24835 103937 23066.1 102102
23789.7 101505 26677.3 105903
31961.6 104694 33821.8 102641
34071.1 104023 36234.1 110268
38256.8 120441 37004.4 132003
36410 139448 37457.5 142375
36919.8 141166 36998.8 131913
36234.1 110769 33775 102683
32396.9 103371 32409.1 103476
26453.5 106161 23462.4 107343
23515.8 107029 23511.4 107125
23272 107305 24105.8 106417
24095.8 106372 24125.9 106517
24106.9 106348 24116.9 106245
24138.1 106363 24159.3 106452
24088 106381 24130.3 106475
24189.3 106210 24127 106446
23951.1 106399 27424.3 104694
28605.4 102458 32631.8 102590
30655.9 104807 32301.2 105170
32297.8 105146 25032 106459
18815.9 106034 13028.4 105827
2557.7 130406 2526.53 129812
2302.78 133750 2022.26 136651
51.9017 141950 -771.863 142248
-1027.9 145332 -4268.41 145381
-3608.28 143110 -2822.37 139635
-1671.32 137444 1976.62 135511
1833.01 138944 -598.204 142113
-2259.09 141238 -2811.24 140376
-5354.89 138935 -5541.9 137887
-4803.85 138900 -5750.07 139234
-4778.25 138205 -5704.43 140423
-5035.4 140639 -5095.51 143562
-5364.9 140378 -3740.75 140674
-2797.88 139679 -1803.79 139062
1269.74 142277 1364.36 142398
-1152.58 141249 -1050.16 141231
-3045.01 139094 -10022.5 139421
-12051.9 140026 -8570.91 148026
-9439.2 149043 -8653.28 144735
-8838.07 140928 -9408.03 137310
-7931.93 137533 -7776.08 138922
-13238.5 139488 -15585.1 146503
-14519.8 148182 -14605.5 148284
-14514.3 146300 -13600.3 142943
-11759.1 141567 -8919.34 139430
-4723.7 139261 -4754.87 135903
-3834.26 133365 -3641.68 137206
-7556.79 139310 -18382.6 149101
-18345.9 150226 -18548.5 149825
-18059.8 152830 -17261.6 152891
-15533.9 150513 -14351.7 148248
-11721.2 141560 -7802.8 140380
-1775.96 139045 1275.3 147431
3935.84 149444 7530.35 149366
7199.73 149326 6014.17 148191
5841.63 148222 7478.02 149313
7230.9 146799 7445.74 146752
5883.93 150905 5042.35 150960
4208.57 141690 3186.66 131622
2783.68 133850 2502.04 135776
1195.15 140071 -87.2477 142273
1254.15 146772 1844.15 148333
1325.4 146209 1320.94 145840
2925.06 142424 -1325.12 144083
-1168.16 142749 -522.507 141767
-1285.05 141215 -4527.78 141320
-5295.89 140115 -5878.09 140559
-5272.51 141690 -5843.58 140427
-6087.37 140429 -8055.5 143631
-10422.1 151265 -12125.3 156704
-12307.9 157780 -11338.3 156871
-10826.2 154961 -10759.4 150444
-9369.07 148712 -9095.22 145937
-10290.8 143842 -7974.23 141629
-6247.67 140456 -4129.26 140750
-2804.56 139619 -1598.97 139672
-1175.95 141033 -1159.25 141939
-496.903 141819 -4125.92 139163
-11558.7 139459 -15608.5 144615
-18375.9 147369 -18798.9 148173
-18384.8 148124 -18708.8 149148
-15412.6 148237 -15539.5 152231
-15178.8 148248 -15567.3 146690
-10593.6 145537 -3987.88 143586
2320.59 138314 9119.99 127581
15335 121013 15755.7 114142
15396.2 106993 19859 106058
25530.7 106466 30614.7 104823
30681.5 104914 32302.3 105293
32297.8 105355 32320.1 105188
32323.4 105357 32319 105223
32290 105341 32369.1 105553
32453.7 105281 32306.7 105215
32324.5 105384 32323.4 105074
32309 105275 27622.4 104469
23016 106096 15417.3 105903
12229.1 111199 10194.2 119911
7247.59 126880 2636.74 126822
1928.75 131021 2441.93 134153
1913.16 138813 -499.13 143431
-1787.1 145325 -4004.58 145423
-4218.31 145085 -3822.02 143633
-3013.84 138223 -7943.06 139370
-8812.47 145831 -4755.99 140608
-3868.77 140071 -3564.87 141402
-13190.7 145962 -13914.2 144457
-10254.1 148867 -9518.23 160318
-9531.59 163446 -9295.6 166169
-9586.14 165795 -9540.5 162230
-11229.2 160380 -11587.7 154968
-11991.8 154919 -11903.8 153365
-10260.7 145543 -16513.6 144323
-16837.5 143094 -14742.5 149266
-15568.4 153447 -16205.2 158452
-14900.5 163793 -13513.5 165859
-11181.3 159839 -9831.04 159389
-8427.3 158281 -7356.41 156876
-5856.94 156508 -5535.22 156295
-3486.94 156698 -4031.3 160491
-3371.17 161295 -1611.21 162112
-1241.63 161640 590.688 158029
1692.75 158042 1314.26 150428
2154.73 149825 1847.49 149248
1222.98 149836 1971.05 150571
1878.65 147509 2689.06 144493
1628.19 144717 1292 151031
-2536.28 152628 -6283.29 152846
-10413.2 153745 -13909.8 155210
-10405.5 151201 -7818.39 143511
-6965.68 134981 -328.811 133541
2572.17 130589 3090.92 135104
3005.21 139768 4397.81 144800
4402.27 146053 1694.98 138007
-272.038 138221 -201.907 138341
3064.21 136798 6273.55 130631
8090.28 126797 10334.5 119740
12285.9 110692 16054.1 105929
18743.6 106196 18739.1 106052
26055 106417 30624.7 104812
32306.7 105210 32305.6 105168
32323.4 105192 33888.6 102494
33690.4 101465 32394.7 103614
32667.4 103912 32323.4 105272
32365.7 105357 32324.5 105192
32267.8 105277 32313.4 105219
32323.4 105228 32312.3 105172
32310.1 105179 32322.3 105328
32349 105123 32322.3 105219
32242.2 105161 32303.4 105268
32326.8 105181 32320.1 105281
32321.2 105210 28110 104199
24352.9 106317 19171 106029
14480 105978 12202.4 111624
10350.1 119713 7591.57 128233
4675 133806 2587.76 135629
1758.43 139125 -240.869 142507
-3219.78 143513 -6140.8 140761
-6727.46 137393 -5535.22 141262
-5233.55 140545 -2871.35 140748
-1810.47 139098 1274.19 147598
1643.77 150568 3463.84 151089
4000.4 151426 1865.3 147035
1317.6 143553 -588.185 143097
-553.676 142992 -1555.55 145356
-1597.85 153356 -2473.94 155956
-2316.98 156571 -2168.92 157617
-1129.2 156533 -1485.42 153803
-1748.13 148073 -2698.8 146265
-2453.9 143464 -1624.57 152156
-525.846 159603 -1188.2 160013
-2096.56 157904 -3510.32 155400
-2147.77 154355 -1701.38 150339
-2670.97 148329 -2865.78 137214
-3328.87 135917 -3660.6 136983
-3555.96 140892 -2796.76 141821
-2788.97 142703 -1739.23 149531
-2313.64 153391 -2627.56 153251
-2636.46 152661 -924.37 154765
-1077.99 157936 -1533.29 155003
-1494.33 152688 -2683.22 148460
-2635.35 144559 -2623.11 145592
-3746.32 144103 685.31 141941
3716.54 141970 5427.52 141229
5228.26 140770 2505.38 142718
1624.85 143983 -311 143422
-1170.39 141819 -2854.65 141262
-3484.72 140697 -3736.3 138642
-3771.92 139080 -10148.3 139410
-10525.7 146418 -11308.3 155941
-11304.9 158672 -10470 148712
-7885.18 142099 -9131.96 131348
-12572.8 122246 -12407 118767
-12414.8 118894 -13205.1 119566
-12181 123480 -7683.69 137241
-3683.98 139180 -2714.39 140679
-1507.68 139167 995.891 143918
-623.808 142772 -1126.97 141075
-1257.22 139813 -1289.5 140225
1267.51 147558 2117.99 150742
4701.72 151254 4646.06 151633
4641.6 151023 1887.56 148093
589.575 144838 -279.83 142095
-1185.97 141293 -2013.07 141271
-4216.09 140668 -9420.27 138061
-10122.7 137410 -8959.41 136696
-8900.41 139993 -8731.21 143495
