2320.59 138724 656.366 136190
873.44 134721 1410 132971
986.985 134630 722.172 134214
639.669 134273 765.46 133977
831.138 131960 999.231 131399
1943.22 130357 2033.39 129723
2709.1 129705 4839.75 130032
5002.28 129130 4770.73 126973
4796.34 125628 5178.16 126550
3841.22 127385 2723.57 126713
2168.09 127637 1887.56 129277
2243.78 129698 3144.36 131479
2470.87 133410 1755.09 134307
1632.64 134171 2199.25 133924
2791.47 132915 3093.15 132174
2696.85 129698 3117.64 131114
2545.46 129734 1902.03 128694
1697.2 127659 -111.738 127530
-943.295 126483 -1324.01 124555
-1307.31 124758 -1467.61 124952
-1256.1 125123 -1334.03 125041
-3623.87 125722 -3960.05 125913
-3808.66 129700 -3514.77 142302
-3697.34 143117 -3783.05 143415
-3254.29 143537 -1870.59 144617
-1670.21 145383 -1528.84 146603
-1515.48 146307 -1529.95 145414
-687.26 145368 1208.51 145310
641.895 141436 5793.76 132045
8259.49 128191 13225.5 124537
14915.3 121719 15395.1 116823
15873.7 114496 15503 114240
15170.2 115017 15389.5 117702
13283.3 117404 13167.6 116393
13422.5 116311 13483.7 115952
13336.8 116333 13167.6 116567
13717.5 117751 15296 118072
15444 118310 15213.6 115418
15329.4 115231 15464.1 115258
15956.1 114759 14983.2 121579
11188.3 126094 4420.08 134509
2159.18 138584 1130.59 142562
1205.17 150152 750.988 150174
874.553 150292 746.535 150720
530.575 150586 832.251 150212
287.899 149524 37.4301 147100
537.255 146510 572.877 147874
48.5621 148507 372.502 150181
818.893 150346 860.081 150125
24.0718 149322 -707.297 148422
-719.542 147311 -650.524 145675
-1506.57 145327 -1919.57 147937
-2035.34 147353 -1979.68 147033
-1737 149863 -1627.91 152432
-531.412 152617 3049.74 152732
3428.22 153342 4327.68 153175
3820.07 154353 3974.8 154351
4378.89 157484 3892.42 159605
3259.02 159067 3034.15 157811
3057.53 156148 3813.39 154396
3173.3 154396 3069.77 152784
794.403 152592 -631.6 152619
-1576.7 153612 -2857.99 154389
-3731.85 154180 -4326.29 153469
-4296.24 153743 -3537.04 154502
-3483.61 157034 -3285.46 158180
-3183.04 162132 -2712.16 163902
-2111.04 164766 -2410.49 164626
-1842.76 162023 -1328.46 161538
-1665.76 158977 -3167.46 158761
-3305.49 157809 -3156.33 155157
-3011.61 155170 -2868.01 155148
-2560.77 153055 -2283.58 150731
-2629.78 150635 -1594.51 149103
-1393.03 149166 -1278.37 149019
-1711.4 148712 -2042.02 146993
-4572.31 147062 -11651.1 169715
-6622.82 169691 -2743.33 169608
2616.7 168083 4679.45 170250
6501.75 174576 4839.75 176212
4975.56 176673 5306.18 174936
4908.77 173271 9388.27 168148
10956.8 162831 10268.8 145773
7447.97 136720 5526.59 132227
8108.09 126724 11661.4 117714
11914.1 115153 13986.9 104478
18912.8 97428.9 21056.8 94650.4
25148.9 94218.5 30320.8 93488.2
30606.9 88681.4 30689.3 87730.8
30817.3 87810.9 30036.9 94158.3
24548.9 94176.1 21313.9 94107.1
21061.2 94668.2 15263.7 102298
10450.3 119579 6892.48 129707
6487.28 130268 6174.47 130956
3633.05 133942 2421.89 132270
1573.64 132844 -297.642 133530
-1002.29 134632 -5196.81 134785
-5181.23 134454 -3206.42 134763
-3011.61 134636 -3318.85 134596
-3679.53 133839 -3040.55 133626
-2930.35 133882 -4396.43 134714
-5362.68 137747 -5374.92 138835
-9747.55 139419 -12622.9 139445
-14797 139882 -15649.7 143130
-15598.5 146027 -15577.4 156958
-15930.2 158220 -19447.9 158220
-19520.3 157519 -17252.7 156197
-15309.1 155308 -11984 155037
-11172.4 155246 -10448.9 154712
-10398.8 154086 -10513.4 146637
-11921.6 146153 -12648.5 146305
-11238.1 145695 -9965.74 144495
-6737.47 143635 -2275.79 143468
-977.804 145350 -23.7956 145361
1316.49 144250 1351 143707
579.556 143753 16.2794 144043
-616.015 144700 -619.355 145223
178.806 145336 1407.77 144740
2267.16 144517 3039.72 142415
3650.86 141928 2412.99 142805
1691.64 144737 1309.81 143782
71.9392 143862 12.9398 145060
-1438.67 145352 -1897.3 145314
-1743.68 149920 -1726.98 151597
-2167.81 153411 -2558.54 153124
-2249.07 152746 -1722.53 150025
-1741.46 147514 -1654.63 147198
-1532.17 147282 -1075.76 149028
-1761.49 150274 -1742.57 151181
-2283.58 152623 -9293.37 152866
-10137.2 152626 -9990.23 151434
-10424.4 151960 -10429.9 154563
-12078.6 156789 -14134.7 156784
-14768.1 157192 -15391.5 157301
-15535.1 155820 -14591.1 155230
-13349.9 155208 -9744.21 154756
-9664.06 156735 -9603.95 159984
-9184.28 159547 -8516.36 159300
-8431.76 158140 -8439.55 154681
-9027.32 154612 -10264.1 154289
-10384.3 152445 -10387.6 151508
-10785.1 149905 -10828.5 148237
-11666.7 148220 -11820.3 147538
-13333.2 147273 -15486.1 147282
-16476.8 147095 -15054.2 147293
-14273.8 147300 -12669.7 147307
-11563.2 148237 -10955.4 148231
-10818.4 149130 -9627.33 149219
-9536.05 150522 -9480.39 151399
-8529.72 151552 -8511.91 151877
-8816.92 152189 -8500.77 153086
-8492.98 153770 -8472.94 158935
-8163.48 158949 -7969.78 158928
-7619.12 158421 -7262.9 157918
-7268.47 157443 -7502.24 152924
-7622.46 151381 -7614.67 149589
-7808.37 148605 -7872.93 146007
-7664.77 146630 -14266 139501
-7196.11 146452 -7467.73 145370
-7850.67 144488 -7751.59 144410
-7767.18 143825 -6045.07 145779
-6023.92 146708 -6015.01 146950
-4945.23 147714 -4860.63 150346
-4463.22 151094 -3619.42 152390
-3561.53 153723 -3469.13 157245
-3301.04 157960 -2967.08 160912
-1372.99 161093 -686.147 161756
-815.277 162159 -2568.56 162114
-3187.5 161344 -3252.06 159209
-3204.19 160349 -2884.71 158098
-1811.59 158029 724.271 157913
674.178 157461 618.518 156072
-1516.59 155867 -2932.57 155921
-3584.91 155219 -4240.58 155934
-7248.43 156845 -8405.04 156889
-8456.25 158537 -8465.15 161524
-9075.18 161885 -8961.64 161251
-8430.64 160144 -8423.96 155631
-8155.68 154923 -8456.25 156620
-8470.72 160500 -8491.87 162090
-9079.64 162195 -9546.06 161865
-8609.87 161206 -8391.68 155157
-8425.08 155658 -8452.91 156237
-8808.02 156889 -9458.12 156869
-10110.5 157054 -8421.74 156778
-8192.42 154565 -7398.71 154516
-6188.67 155604 -5731.15 158784
-5664.35 161778 -5157.85 164120
-3063.93 163976 -1018.99 164753
-460.168 166111 -357.754 169344
324.634 171240 3295.75 176417
3605.22 177817 3479.43 177980
3358.09 176679 2492.02 174874
376.955 171283 -355.528 169001
-1020.11 164742 -1258.33 161970
-845.333 161086 54.1281 161919
-569.261 161253 -553.676 159906
-1064.63 157956 -1145.9 156270
-2522.92 155604 -2679.88 154347
-3210.87 154013 -2761.14 153438
-2538.5 153474 -1747.02 153396
-1418.63 153803 -1662.42 151666
-1833.85 145029 -3308.83 143493
-3303.27 137842 -3660.6 136540
-3773.04 133470 -3852.07 127516
-4227.22 124057 -4300.69 118157
-4474.35 116251 -4100.32 115683
-3848.73 117139 -2987.12 117197
-1661.31 115823 -718.429 114383
599.594 111164 921.307 110311
434.841 111595 215.541 112453
1062.68 113935 2832.66 112459
6173.36 111017 11783.9 109540
12597.6 107583 15258.1 102336
17354.3 98876.1 20888.7 95264.9
20963.3 94690.4 21762.5 94173.9
25393.8 94189.5 27892.9 94363.2
30435.4 91370.9 30849.6 87750.8
30300.7 86853.6 30613.6 88605.7
28386.1 90464.8 27472.1 92911.6
24071.3 94198.4 21205.9 94145
19297.9 97025.9 16579.5 100076
14575.8 103460 12618.8 107412
12418.4 108904 11697 117493
10125.2 120025 9236.52 122639
8169.32 126494 7736.29 127788
6008.61 131232 3835.65 131038
3148.81 131392 3142.13 132207
2867.17 132722 3050.85 134808
2925.06 136306 2131.35 135349
1422.24 133784 1153.96 132036
1425.58 131557 1928.75 131123
2371.8 130313 1851.94 131145
-14319.4 135496 -13001.4 135293
-13031.5 134347 -13578.1 136480
-13018.1 136469 -12641.9 133821
-12512.7 133824 -8657.74 139392
-7584.62 139350 -6180.88 141572
-7000.19 142674 -9303.39 130885
-11671.2 124707 -15252.3 115714
-13603.7 119773 -10018.1 129095
-8301.51 131121 -8497.44 127318
-9253.29 127198 -9421.39 128322
-9900.06 128340 -8724.53 129273
-8498.55 128316 -5260.26 130132
-4760.44 133599 -5234.66 133715
-5091.06 134498 -7791.67 134970
-7778.31 138973 -7924.14 139232
-11159.1 139421 -12841.1 141062
-12811.1 141787 -10923.1 145481
-9444.76 144223 -8521.93 143687
-4770.46 143593 -175.19 142854
517.217 143849 1892.01 143183
2002.22 142433 4427.87 138446
6204.53 137951 5996.36 138508
5228.26 138468 3651.97 138706
3536.2 139347 3508.37 139459
3388.15 138568 3367 137001
2510.95 135821 2804.83 135211
3420.43 134674 3520.62 134721
3365.88 134516 2505.38 133485
2184.78 133944 1433.38 133924
1398.87 132964 1417.79 132060
1966.6 131274 1938.77 129743
2485.35 129703 3122.09 130195
2744.72 132942 2197.03 133904
2022.26 133461 1971.05 131272
1407.77 129558 1886.45 127835
1897.58 129505 2461.97 129696
3167.73 131470 3123.21 129954
2305.01 129651 2057.88 129705
3090.92 129714 3372.56 133592
4042.71 134447 4128.42 134590
4437.89 134445 2663.46 139345
3993.72 141267 3010.77 142404
2353.99 142892 2478.67 146877
2357.33 147712 1942.11 147915
1885.33 147487 1499.06 146919
1295.34 145143 1156.19 142253
1893.13 140879 2988.51 139793
4248.65 141523 4521.38 141567
4522.49 140387 4445.68 139733
4634.93 140225 4315.44 141442
3596.31 141681 3616.35 141841
3016.34 142398 1776.24 141244
2655.66 139485 3287.96 138508
2849.36 139169 1869.75 141198
2041.18 141636 2425.23 139779
3292.41 137479 3559.58 137889
3490.56 139543 2813.74 139425
1766.22 141151 1707.43 141258
1815.2 141251 1640.43 141371
-962.219 139746 -1731.44 137747
296.805 130771 -170.737 128142
-3602.72 127120 -4089.18 120396
-2827.93 118039 -2251.3 116794
-1152.58 115369 -1222.71 115204
238.918 112960 1581.43 113739
4588.17 111137 7086.18 110899
11640.3 117596 12646.6 118183
14640.3 118564 16608.4 122044
15833.7 121714 15614.4 119477
14437.7 118517 13195.4 116672
13548.3 116271 13251.1 116344
13155.3 112555 13047.3 109970
13294.5 105822 15071.1 102643
17563.6 98744.7 19739.9 96623
21040.1 94677.1 29364.5 94256.3
30441 91419.9 30690.4 87746.3
30811.7 87802 28725.6 94271.9
24975.2 94196.2 23682.8 94218.5
20927.6 95122.4 17617 98675.7
15713.4 101537 13175.4 105689
12509.7 107931 11835.1 115921
10793.1 119256 7263.18 129046
6630.88 130186 4265.34 134529
3308 133441 2706.05 132593
2679.04 132659 2573.29 132495
913.515 132900 -223.057 133336
-1942.94 134645 -13677.1 135375
-13652.6 135972 -12974.7 137609
-12921.3 139534 -12808.8 141674
-11223.6 144617 -10741.6 146145
-10530.1 147810 -10431.1 154349
-8992.81 154603 -6679.59 154447
-6184.22 155455 -5969.37 157550
-6119.65 158087 -6547.12 158808
-6994.62 158425 -7561.24 158232
-7793.9 159233 -9640.69 159378
-10742.7 159654 -10873 160480
-10723.8 159828 -10738.3 159507
-9642.91 159405 -9547.18 161916
-9549.4 161536 -9462.58 160692
-9177.6 160062 -9123.05 159345
-8432.87 158105 -8427.3 154821
-7031.36 154518 -6072.9 154634
-6141.91 156553 -6839.89 156818
-7314.11 154643 -6564.93 154465
-6198.69 155440 -6166.41 156615
-7286.28 156179 -7323.01 155119
-6072.9 154618 -6203.14 156030
-5121.12 156210 -1446.46 155967
1119.46 156048 1287.55 155527
1306.47 150470 3461.62 151076
4263.12 151049 7780.81 150767
8472.11 151662 8859.5 152554
8807.18 153547 8738.16 151225
9106.63 150731 10444.7 150177
10448 148244 10508.1 150553
9166.74 150695 3175.53 150976
2164.75 150793 1943.22 150132
2997.42 149431 3823.41 149408
5797.1 148607 6040.89 148206
5771.5 147578 5769.27 149014
3908.01 149386 3305.77 149404
3107.62 149667 3001.87 152639
2259.37 152670 1402.21 152525
1289.77 150586 1322.06 144933
1861.96 143166 42.9961 144254
8.48706 146220 510.538 146984
852.289 147062 4385.57 147106
4359.97 150949 4500.23 151699
4840.87 151824 4482.42 151893
3885.74 151027 2198.14 150818
1637.09 150455 840.044 149978
27.4114 148636 51.9017 147331
660.819 147015 4213.02 146995
5765.93 147222 5769.27 148865
6385.98 148807 6527.36 149295
5905.08 149357 1444.51 149306
108.675 149431 -26.022 152568
1221.87 153398 1206.28 155745
2041.18 156012 2307.23 156043
1520.21 155954 -509.149 155798
-525.846 154977 -598.204 155894
-2509.56 155872 -2506.22 155170
-1554.44 153616 -2079.87 146991
-2655.39 146988 -3671.74 148375
-3645.02 149633 -3630.55 152390
-3748.55 152728 -2795.65 152679
-1077.99 152948 -1219.37 153434
-1261.67 152608 -4325.18 152570
-6325.59 152837 -9273.33 152886
-9691.89 152737 -9682.99 155317
-10413.2 155344 -9688.55 154721
-9665.18 156448 -10411 156840
-10767.2 156776 -10779.5 157628
-10560.2 156882 -8514.13 156916
-8415.06 155763 -8446.23 154696
-9214.33 154603 -9878.91 154638
-10431.1 149618 -10482.3 144023
-10504.5 144691 -11286 145630
-10655.9 145561 -7510.03 143653
-5078.81 143615 -3520.34 143375
-3496.96 142970 -3760.79 143624
-3717.38 145920 -3520.34 155990
-3307.72 157846 -3210.87 161302
-3019.4 162168 -2766.71 162130
-3071.72 162117 -3126.27 163947
-1764.83 163702 -1119.18 164701
-1259.44 164060 -1358.52 162871
-1657.97 162898 -1282.82 164181
-1272.8 163795 -1551.1 163613
-2204.54 161424 -837.541 154774
-2491.75 154367 -2765.59 153440
-2511.79 153447 -2050.92 153407
-1545.53 154342 674.178 155954
1290.89 153452 2897.23 152686
4435.66 150150 4439 146018
5390.78 142502 5436.43 141262
4921.02 140643 4206.35 141547
3639.73 141897 -4398.65 167373
2620.04 142654 1352.11 143482
315.729 143805 205.523 143266
-406.735 143350 -1105.82 143773
-1867.25 143615 -4617.95 143504
-4683.63 142442 -3307.72 141329
-2778.95 141311 -887.635 141233
-209.699 140830 1168.44 140173
2392.95 137965 6314.74 130756
8066.9 126842 10111.8 120102
11628 117843 12253.6 111014
12844.7 106668 16706.4 99898
18587.7 97740.6 21213.7 94343.1
20941 94714.9 21525.4 94160.6
24842.8 94211.8 27298.5 94398.8
30331.9 93339 30546.8 89449.5
30383.1 87102.9 30396.5 86878
30303 86880.3 30376.4 87316.6
30815 87875.5 29139.7 90175.3
29145.3 90177.6 25536.3 94191.7
24266.1 94216.2 21290.5 94098.2
19974.8 96375.8 17765.1 98508.7
16988 100054 19934.7 101200
21468.7 101599 21462 101379
21144.7 101971 21301.7 104175
18839.3 105994 14116 105985
13375.7 107450 13372.4 110197
13154.2 112896 13516 116291
13649.6 116124 13371.3 116193
13260 117279 14534.6 117912
14897.5 117972 15439.6 118410
15466.3 118562 15256.8 115119
15356.1 115298 15650 114882
15644.4 114432 14913.1 121674
5122.5 133236 567.311 141810
1269.74 143923 -593.751 145381
-1887.28 145590 -1833.85 147178
-3598.26 149097 -3646.13 149667
-2965.97 150052 -2796.76 149796
-2652.05 149925 -2658.73 149558
-1919.57 149192 -1165.93 149112
-70.5498 149422 177.693 148500
-1070.2 148919 -1738.12 149130
-3095.1 148892 -2998.25 148928
-4297.35 148745 -6011.67 146942
-6038.39 145866 -6287.74 143696
-6691.83 143598 -8752.36 142798
-8661.07 142133 -7796.12 141603
-7925.25 142500 -10326.4 144671
-10541.3 146418 -10436.6 152951
-10960.9 154901 -14323.9 155079
-13723.9 154574 -13519.1 154398
-13143.9 154632 -12557.3 155159
-12234.4 155108 -11834.8 156232
-13550.2 155095 -13149.5 152862
-11916.1 152906 -8538.62 152973
-8494.1 151884 -8694.47 151432
-8231.38 149518 -5703.32 149333
-5180.11 149150 -2518.47 149112
-1586.72 145425 -1543.31 145503
-1536.63 145474 -651.638 145425
535.028 143811 1208.51 143606
2872.74 142533 3576.28 142081
4443.46 139599 4175.18 136424
3664.22 135743 3943.63 134340
21224.9 94320.9 25231.3 93167.6
25039.8 91217.3 29932.3 84112.9
29568.3 83536.2 29834.3 83371.5
31447.3 86261.3 30693.7 87759.7
85086.6 87746.3 30658.7 87668.7
30690.4 87757.5 30308.5 93668.5
25783.4 94189.5 21515.4 94140.5
20924.3 95140.2 16415.9 100341
15622.2 101686 12570.9 107628
12402.8 109097 11726 117255
9355.98 122625 7619.4 128117
7057.24 129424 4248.65 134567
3323.58 133445 2587.76 132490
2577.74 131228 2576.63 130978
5021.2 131361 5273.9 132708
10784.2 126388 12112.3 125535
13727.5 124045 15572.1 118969
15404 116859 15593.2 114218
15240.3 114418 14692.6 117941
14045.9 117818 13337.9 116327
13619.5 116266 13578.8 116067
13484.8 116088 13219.9 116883
13473.7 117667 15421.8 117909
15467.4 118482 15146.8 118666
14426.6 118506 12684.4 114639
12347.1 109932 14051.4 104386
14484.5 103652 18799.2 97440
19283.5 97057.1 23327.7 94260.8
27556.7 94107.1 27527.8 92595.4
29547.1 90175.3 30317.4 86884.7
30310.8 86882.5 30566.8 86875.8
30595.7 86744.5 30572.4 86784.5
30306.3 86864.7 60404.9 114056
30301.9 86873.6 30306.3 172196
30308.5 86869.1 30616.9 88579
30549 89313.7 27718.1 90640.6
27384.2 91128.2 23974.5 94209.5
23410.1 94218.5 21125.8 94490.1
20621.5 95687.9 15212.5 102387
14303 103919 12059.9 113259
11914.1 115006 9350.42 122609
7775.25 127657 7215.31 129142
4711.74 130415 3983.71 131070
3361.43 130932 2262.71 133817
-362.207 135371 -1526.61 134636
-8054.38 134823 -7788.33 136475
-7938.61 143549 -7675.9 143702
-1961.87 143606 -1871.7 144820
-720.656 146307 -710.637 146968
1217.42 147950 1194.04 160300
2453.06 160894 2899.45 160910
3335.83 161667 3027.47 161533
1227.44 158882 1288.66 147144
-956.653 139728 -1802.68 139005
-7466.62 139312 -13866.4 139512
-14751.4 139848 -16700.6 141244
-17349.6 141471 -17920.6 141596
-18517.3 140732 -18481.7 141155
-16817.5 140795 -16487.9 137878
-16296.5 137715 -14513.1 137577
-12926.8 139390 -12451.5 139492
-6918.92 139321 -3183.04 139158
-2836.84 139387 -2407.15 139966
-2584.14 139997 -932.163 139830
-276.491 140679 1444.51 144740
1945.45 144691 3308 142253
3664.22 142006 3705.16 141834
3634.16 141908 3428.22 142139
1996.65 142157 1961.03 141449
1973.28 141966 3473.86 137161
3060.87 136580 3786.67 134256
2292.76 133730 2008.9 133009
1708.34 129645 1666.03 129329
1444.51 129683 1853.05 129700
3640.84 132891 3609.67 133824
3035.26 133216 2545.46 129745
2008.9 129656 2559.93 129678
2224.86 133837 1962.14 134351
2272.73 133951 2671.25 133683
2505.38 133392 2028.94 133280
1770.67 134777 568.424 136415
867.874 137010 4416.74 144257
4415.63 146173 4720.64 152939
5173.71 152715 4375.55 153489
4108.38 154344 3861.25 154351
2589.99 153572 3802.26 154445
3825.63 154342 3059.75 154427
1334.3 155972 1269.74 156918
1221.87 156226 1168.44 160189
618.518 160280 -578.167 157274
-670.562 155914 -670.562 155914
