-3823.13 132479 -3823.13 132479
-2904.74 133240 -2904.74 133240
-2930.35 134501 -2930.35 134501
-4769.35 134650 -4769.35 134650
-4173.79 135059 -4173.79 135059
-3624.98 134841 -3624.98 134841
-1702.49 134748 -1702.49 134748
643.008 136273 594.028 136353
713.139 136805 713.139 136805
2555.48 139187 2555.48 139187
4410.06 149593 4410.06 149593
3077.57 151826 3077.57 151826
3843.44 150651 3843.44 150651
3814.5 148231 3814.5 148231
2846.02 146957 2846.02 146957
2423.01 143350 2423.01 143350
3212.26 142308 3212.26 142308
4919.9 140679 4919.9 140679
4494.66 139770 4494.66 139770
3995.95 137800 3995.95 137800
2454.18 135048 2454.18 135048
2220.41 135467 2220.41 135467
1438.94 135269 1438.94 135269
2209.27 133931 2209.27 133931
2567.72 131922 2567.72 131922
2724.68 132862 2724.68 132862
2636.74 133082 2670.14 133067
1749.52 134801 1749.52 134801
1682.73 135618 1682.73 135618
2522.08 139646 2522.08 139646
1404.43 141877 1404.43 141877
1054.89 143662 1054.89 143662
1249.7 145091 1249.7 145091
1280.87 147233 1280.87 147233
1319.83 150070 1319.83 150070
1236.34 152439 1236.34 152439
1229.66 152842 1229.66 152842
1358.79 152919 1358.79 152919
1346.55 151737 1346.55 151737
1299.79 150493 1299.79 150493
1328.74 149593 1328.74 149593
1317.6 147071 1324.28 147073
1312.04 143938 1312.04 143938
1305.36 143611 1305.36 143611
1234.11 142115 1234.11 142115
1558.05 141549 1558.05 141549
2968.47 138969 2968.47 138969
3211.15 138528 3211.15 138528
2927.28 136362 2927.28 136362
2790.36 135687 2790.36 135687
4111.72 134536 4116.18 134550
6201.19 130934 6201.19 130934
6601.94 130253 6601.94 130253
9419.44 122957 9419.44 122957
9498.47 122894 9498.47 122877
10157.5 119998 10157.5 119998
10944.5 119098 10944.5 119098
12161.2 112119 12161.2 112119
12235.8 111219 12235.8 111219
14334.2 103901 14382.1 103819
18404 97900.9 18404 97900.9
17376.6 94138.3 17376.6 94138.3
17433.3 93942.4 17433.3 93942.4
19036.3 97299.8 19036.3 97299.8
19254.5 97083.8 19254.5 97083.8
20108.3 95710.1 20135.1 95797
20245.3 96498.3 20245.3 96498.3
20103.9 96248.9 20103.9 96248.9
19311.3 97017 19311.3 97017
17899.8 94418.8 17899.8 94418.8
18488.6 94975.4 18488.6 94975.4
16361.3 100443 16361.3 100443
15395.1 102078 15395.1 102078
9775.66 106321 9775.66 106321
8315.15 106508 8315.15 106508
-3887.7 119328 -3887.7 119328
-4278.43 120855 -4278.43 120855
-2964.86 122963 -2964.86 122963
-2141.09 123257 -2141.09 123257
-1035.69 127761 -1035.69 127761
675.291 128683 675.291 128683
3158.83 129656 3158.83 129656
2487.57 129640 2487.57 129640
1924.3 130235 1924.3 130235
1417.79 131611 1417.79 131611
-159.605 133216 -159.605 133216
-335.49 133641 -335.49 133641
1386.62 132962 1386.62 132962
3244.54 136820 3244.54 136820
4105.04 137927 4105.04 137927
4347.72 138245 4347.72 138245
3703.18 138691 3703.18 138691
3208.92 138512 3208.92 138512
1168.44 142104 1168.44 142104
88.6371 141080 88.6371 141080
-296.528 140376 -296.528 140376
-234.189 138192 -224.171 138170
1127.25 137353 1127.25 137353
1413.34 139690 1413.34 139690
-570.374 142961 -570.374 142961
-582.619 144666 -582.619 144666
-1088.01 145359 -1088.01 145359
-1850.55 146305 -1850.55 146305
-1764.83 149502 -1764.83 149502
-1743.68 150653 -1743.68 150653
-2579.69 150996 -2579.69 150996
-2580.8 152105 -2580.8 152105
-2593.05 152543 -2593.05 152543
-2531.82 153233 -2538.5 153311
-2518.47 153454 -2495.09 153447
-1664.64 153376 -1664.64 153376
-688.373 155279 -688.373 155279
-848.673 160990 -848.673 160990
-1248.31 161593 -1248.31 161593
-1299.52 162874 -1299.52 162874
-1297.29 163257 -1297.29 163257
-1254.99 165608 -1254.99 165608
-670.562 166618 -670.562 166618
-258.68 170000 -258.68 170000
-219.718 171056 -219.718 171056
561.745 173783 561.745 173783
-728.448 174825 -728.448 174825
-1935.15 176190 -1935.15 176190
-1912.89 176081 -1912.89 176081
-757.391 175640 -757.391 175640
51.9017 175326 51.9017 175326
578.443 173665 578.443 173665
435.954 171565 435.954 171565
-471.3 165928 -471.3 165928
-1291.72 164247 -1291.72 164247
292.352 163127 292.352 163127
1233 156408 1233 156408
1251.93 152919 1251.93 152919
5.14748 152445 5.14748 152445
9.60025 151706 9.60025 151706
1248.59 151192 1248.59 151192
1268.62 147754 1268.62 147754
2509.84 147244 2509.84 147244
2524.31 147817 2524.31 147817
1777.35 148012 1777.35 148012
1288.66 145884 1288.66 145884
-357.754 140572 -357.754 140572
-1984.13 138548 -1984.13 138548
-5447.28 134543 -5447.28 134543
-4966.38 133630 -4966.38 133630
-4773.8 133993 -4773.8 133993
-3722.94 135026 -3722.94 135026
-3672.85 136017 -3672.85 136017
-2900.29 137715 -2900.29 137715
-2839.07 138419 -2839.07 138419
-2752.24 138348 -2752.24 138348
-2826.82 139078 -2826.82 139078
-3489.17 140692 -3489.17 140692
-4000.13 140701 -4000.13 140701
-4953.02 140104 -4953.02 140104
-4725.93 140394 -4725.93 140394
-4683.63 142832 -4683.63 142832
-4015.71 143580 -4015.71 143580
-1843.87 144688 -1843.87 144688
-1770.4 148215 -1770.4 148215
-1683.57 151434 -1683.57 151434
-1613.44 152770 -1613.44 152770
-349.962 155943 -349.962 155943
1011.48 155934 1011.48 155934
1307.59 155718 1307.59 155718
1284.21 153705 1284.21 153705
1275.3 153596 1260.83 153543
1119.46 153249 1109.44 153160
1230.78 154725 1230.78 154725
-563.695 157700 -563.695 157700
-571.487 159864 -571.487 159864
-3052.8 160897 -3052.8 160897
-4945.23 160734 -4945.23 160734
-7862.91 161037 -7862.91 161037
-8133.42 161144 -8133.42 161144
-6869.94 160946 -6869.94 160946
-1460.93 161482 -1460.93 161482
-1289.5 161449 -1289.5 161449
-1760.38 158753 -1760.38 158753
-1192.65 158652 -1192.65 158652
-543.658 157982 -543.658 157982
-588.185 155863 -588.185 155863
-1472.06 153253 -1472.06 153253
-967.785 153211 -967.785 153211
-709.524 152995 -709.524 152995
-274.264 152819 -274.264 152819
856.742 153358 856.742 153358
-819.73 154854 -819.73 154854
-1228.27 155785 -1228.27 155785
-1580.04 155037 -1580.04 155037
-2329.22 155106 -2329.22 155106
-2515.13 155121 -2515.13 155121
-2581.92 154398 -2581.92 154398
-1389.69 154563 -1389.69 154563
-1555.55 153411 -1555.55 153411
-859.805 153118 -859.805 153118
-971.124 153111 -971.124 153111
-1005.63 152968 -1005.63 152968
-1716.97 152608 -1716.97 152608
-1956.3 153398 -1956.3 153398
-948.861 154754 -948.861 154754
-533.639 159632 -533.639 159632
-1240.52 160992 -1240.52 160992
-1443.12 161529 -1443.12 161529
-1178.18 161106 -1178.18 161106
-1136.99 158659 -1136.99 158659
-823.07 158000 -823.07 158000
-656.09 155291 -656.09 155291
-1271.69 153777 -1271.69 153777
-1026.78 153131 -1026.78 153131
-708.41 152886 -708.41 152886
-266.472 152833 -302.094 152770
-134.002 152690 -134.002 152690
855.628 153247 855.628 153247
-699.505 153792 -699.505 153792
-1580.04 155918 -1580.04 155918
-2194.53 155916 -2194.53 155916
-3384.53 156048 -3384.53 156048
-3569.32 156052 -3569.32 156052
-2531.82 154576 -2531.82 154576
-2052.04 154369 -2052.04 154369
-1504.34 152628 -1504.34 152628
-1626.8 153302 -1626.8 153302
-2286.92 152672 -2286.92 152672
-1597.85 152759 -1597.85 152759
-1032.35 151869 -1032.35 151869
-1188.2 152597 -1188.2 152597
-1145.9 154669 -1145.9 154669
-591.525 157319 -591.525 157319
-1005.63 161044 -1005.63 161044
-1228.27 161215 -1228.27 161215
-1276.14 162005 -1276.14 162005
-1311.76 162889 -1311.76 162889
-581.506 164659 -581.506 164659
-111.738 164958 -111.738 164958
389.2 165189 396.992 165147
230.013 164143 230.013 164143
150.976 163341 150.976 163341
1514.64 161631 1514.64 161631
2138.03 160897 2138.03 160897
3007.43 160872 3007.43 160872
3035.26 159476 3035.26 159476
3046.4 157098 3046.4 157098
3018.57 156617 3018.57 156617
3051.96 155600 3051.96 155600
3065.32 154567 3065.32 154567
3096.49 153656 3096.49 153656
3093.15 152169 3096.49 152109
3085.36 151243 3085.36 151243
3116.53 149571 3116.53 149571
3114.3 148407 3114.3 148407
3119.87 148594 3119.87 148594
3090.92 151423 3090.92 151423
3291.3 152621 3291.3 152621
3184.43 152601 3184.43 152601
3107.62 150344 3107.62 150299
1876.43 148556 1876.43 148556
1878.65 148378 1878.65 148378
2164.75 147808 2164.75 147808
2308.35 147745 2308.35 147745
3846.78 148965 3846.78 148965
4323.23 152245 4323.23 152245
4225.27 152470 4225.27 152470
3070.89 151463 3070.89 151463
2926.17 151470 2926.17 151470
3084.24 152479 3097.6 152508
2771.44 152948 2733.59 152962
3064.21 154255 3064.21 154258
4012.65 154538 4012.65 154545
3084.24 153696 3084.24 153696
3082.02 153574 3082.02 153574
3095.38 151893 3095.38 151893
3098.72 151630 3098.72 151630
3112.07 151439 3112.07 151439
3093.15 151675 3093.15 151675
3072 152200 3072 152200
4420.08 150600 4420.08 150600
4420.08 150103 4420.08 150103
2736.93 139370 2736.93 139370
2504.27 139038 2504.27 139038
8301.79 128149 8301.79 128149
8685.84 127877 8685.84 127877
15060 121476 15064.4 121469
15877.1 114695 15877.1 114695
15878.2 114528 15878.2 114528
15399.5 114276 15399.5 114276
15267 114278 15267 114278
14916.4 117996 14916.4 117996
14720.5 117958 14720.5 117958
11742.7 117651 11742.7 117651
9270.27 122961 9270.27 122961
9197.91 123259 9197.91 123259
7391.2 124569 7391.2 124569
6736.64 126913 6736.64 126913
6595.26 126929 6595.26 126929
2457.52 126875 2457.52 126875
1963.26 129070 1963.26 129070
2155.84 129097 2155.84 129097
7470.23 136874 7470.23 136874
7651.68 137335 7651.68 137335
10727.4 145178 10812 145172
11923 143350 11923 143350
11920.8 143212 11920.8 143212
14589.1 141734 14589.1 141734
17020.3 143934 17032.6 144005
17068.2 144139 17068.2 144139
17043.7 144038 17043.7 144038
15154.6 144152 15154.6 144152
12521.9 145274 12521.9 145274
12386.1 145283 12386.1 145283
10822.1 144595 10822.1 144595
10825.4 144159 10825.4 144159
9274.72 137134 9274.72 137134
5500.99 137653 5500.99 137653
5498.76 137477 5498.76 137477
4968.88 133563 4968.88 133563
5158.13 133249 5158.13 133249
735.403 128676 735.403 128676
431.501 128491 431.501 128491
-1478.74 124063 -1478.74 124063
-1588.95 123836 -1588.95 123836
-3032.76 122322 -3032.76 122322
-1597.85 123847 -1595.63 123854
1240.79 127683 1240.79 127683
1499.06 127681 1499.06 127681
2563.27 131319 2563.27 131319
1884.22 129273 1884.22 129273
1896.47 129545 1896.47 129545
1994.43 132895 1994.43 132895
1974.39 133142 1974.39 133142
3471.64 137130 3471.64 137130
3609.67 137310 3609.67 137310
5438.65 141609 5438.65 141609
5500.99 141950 5500.99 141950
5370.75 141195 5370.75 141195
5335.12 141019 5335.12 141019
4677.23 137475 4677.23 137475
4791.89 137482 4791.89 137482
5151.45 137448 5151.45 137448
4279.82 134563 4279.82 134563
4407.83 134345 4407.83 134345
-14.89 142509 -14.89 142509
-179.643 142805 -179.643 142805
-3095.1 142242 -3090.65 142239
-5968.26 143584 -5968.26 143584
-6100.73 143589 -6100.73 143589
-6047.29 145612 -6047.29 145612
-6041.73 145842 -6041.73 145842
-7309.66 149511 -7309.66 149511
-7541.2 149473 -7541.2 149473
-10517.9 149253 -10517.9 149253
-10781.7 149237 -10781.7 149237
-10738.3 147340 -10738.3 147340
-10573.5 147313 -10573.5 147313
-7846.22 147193 -7763.84 147189
-4614.61 147235 -4614.61 147235
-4605.71 147565 -4605.71 147565
-2915.88 151065 -2915.88 151065
-2684.33 151067 -2684.33 151067
-1524.38 146581 -1524.38 146581
-717.316 145350 -634.94 145332
1725.03 141231 1725.03 141231
1866.41 140979 1866.41 140979
3434.9 139666 3434.9 139666
2266.05 140095 2266.05 140095
2125.78 140478 2125.78 140478
-415.64 141792 -415.64 141792
-79.4553 137853 -79.4553 137853
80.8447 137515 80.8447 137515
1743.96 135701 1743.96 135701
1895.35 135676 1895.35 135676
2155.84 135422 2158.07 135440
578.443 141115 578.443 141115
452.652 141264 452.652 141264
779.931 142124 779.931 142124
959.156 142353 959.156 142353
2680.15 139468 2680.15 139468
2750.29 139365 2750.29 139365
4422.3 139363 4422.3 139363
4445.68 139728 4445.68 139728
4426.76 137756 4426.76 137756
4427.87 137491 4427.87 137491
5562.22 132063 5562.22 132063
5715.84 131780 5715.84 131780
8875.08 124444 8875.08 124444
8990.86 124092 8990.86 124092
11746 117190 11746 117190
11780.5 116774 11780.5 116774
12575.3 107677 12575.3 107677
12693.3 107156 12693.3 107156
15465.2 101986 15465.2 101986
15641.1 101684 15641.1 101684
20140.6 96240 20140.6 96240
20170.7 96344.7 20170.7 96344.7
20245.3 96491.6 20228.6 96458.2
18410.7 94358.7 18410.7 94358.7
17456.7 94249.6 17456.7 94249.6
18446.3 94581.4 18446.3 94581.4
18770.3 97034.8 18770.3 97034.8
20113.9 95716.8 20102.8 95750.2
18858.2 97451.2 18858.2 97451.2
14467.8 103641 14467.8 103641
14370.9 103808 14370.9 103808
12278.1 110518 12278.1 110518
12225.8 111130 12225.8 111130
11266.2 118540 11266.2 118540
11030.2 118936 11030.2 118936
8830.56 124504 8830.56 124504
8708.11 124869 8708.11 124869
6073.17 131116 6073.17 131116
5910.65 131390 5910.65 131390
2821.53 132793 2821.53 132793
1464.55 135246 1418.91 135284
2210.39 137148 2210.39 137148
2339.52 137312 2339.52 137312
340.219 141469 340.219 141469
129.825 141845 129.825 141845
-316.566 144401 -316.566 144401
-417.867 144533 -417.867 144533
-1753.7 145341 -1753.7 145341
-1871.7 145307 -1871.7 145307
-1863.91 145744 -1863.91 145744
-1868.36 145503 -1868.36 145503
167.674 145347 167.674 145347
372.502 145336 372.502 145336
1584.77 144005 1631.53 143996
1316.49 144671 1316.49 144671
1326.51 144501 1326.51 144501
1147.29 142431 1147.29 142431
1021.49 142422 1021.49 142422
139.844 142649 139.844 142649
51.9017 142529 51.9017 142529
-570.374 140220 -570.374 140220
-224.171 138196 -224.171 138196
-357.754 139160 -357.754 139160
-342.169 139301 -342.169 139301
-355.528 140469 -355.528 140469
-959.993 142266 -959.993 142266
-1662.42 142353 -1662.42 142353
-1170.39 141302 -1170.39 141211
-1275.03 139407 -1271.69 139414
-197.454 140766 -197.454 140766
-43.8331 140966 -43.8331 140966
1430.04 141785 1430.04 141785
1497.94 141652 1497.94 141652
1244.13 145276 1244.13 145276
1131.7 145314 1131.7 145314
-455.715 145334 -455.715 145334
-562.582 145339 -562.582 145339
-1794.89 147476 -1794.89 147476
-1782.64 147785 -1782.64 147785
-2610.86 151704 -2607.52 151757
-2597.5 153236 -2603.07 153273
-2804.56 152681 -2804.56 152681
-1590.06 152677 -1590.06 152677
-1720.3 148269 -1720.3 148269
-1735.89 148164 -1735.89 148164
-1378.55 144330 -1378.55 144330
-1298.4 144152 -1298.4 144152
398.105 141398 398.105 141398
491.614 141267 491.614 141267
-359.98 139748 -359.98 139748
-347.735 139566 -347.735 139566
-246.435 138227 -246.435 138227
-156.266 139971 -157.379 139986
-109.512 140941 -109.512 140941
20.7322 141102 20.7322 141102
10.7134 144134 10.7134 144134
-329.924 144415 -329.924 144415
-2027.55 151038 -2027.55 151038
-2557.43 152534 -2557.43 152534
-1546.65 152285 -1546.65 152285
-1774.85 147961 -1774.85 147961
34.0905 146015 34.0905 146015
-555.903 143139 -555.903 143139
-921.031 139570 -916.578 139568
-4.87128 137684 -4.87128 137684
-544.771 137428 -544.771 137428
-2152.22 136431 -2152.22 136431
-2165.58 136048 -2165.58 136048
117.58 136028 117.58 136028
405.898 136402 405.898 136402
1420.02 135286 1418.91 135286
3158.83 131548 3158.83 131548
4175.18 134636 4175.18 134636
-1745.91 148516 -1745.91 148516
-1705.83 148968 -1705.83 148968
-1710.29 151254 -1710.29 151254
-2667.63 158067 -2667.63 158067
243.371 155961 243.371 155961
1630.41 155996 1630.41 155996
1372.15 152926 1372.15 152926
1287.55 149041 1287.55 149041
1295.34 144241 1295.34 144241
3008.55 137108 3008.55 137108
4702.83 135754 4702.83 135754
4397.81 135035 4397.81 135035
1899.81 135097 1899.81 135097
1693.86 137194 1693.86 137194
3023.02 135019 3023.02 135019
5030.11 138484 5030.11 138484
3459.39 137114 3459.39 137114
3147.7 136678 3147.7 136678
3078.68 134906 3078.68 134906
2615.59 133619 2615.59 133619
2239.33 133844 2239.33 133844
1957.69 134365 1957.69 134365
1416.68 133835 1416.68 133835
1398.87 132958 1398.87 132958
2651.21 133082 2626.72 133116
2480.89 132100 2480.89 132100
2569.95 131450 2569.95 131450
2288.31 129647 2286.08 129645
3151.04 131257 3151.04 131257
2753.63 132938 2753.63 132938
2371.8 134089 2371.8 134089
2264.93 135571 2261.59 135565
2015.58 136662 2015.58 136662
2496.48 137524 2496.48 137524
627.423 141086 627.423 141086
-8.21086 142077 -8.21086 142077
-508.035 144646 -508.035 144646
-1131.42 145312 -1131.42 145312
-1241.63 145303 -1241.63 145303
-503.583 143435 -503.583 143435
-85.0213 143771 -85.0213 143771
723.158 142985 723.158 142985
980.306 142217 980.306 142217
744.309 141881 744.309 141881
-87.2477 140832 -87.2477 140832
-728.448 140022 -728.448 140022
-1248.31 139336 -1248.31 139336
-2845.74 138392 -2845.74 138392
-2861.33 137299 -2861.33 137299
-3311.06 135542 -3311.06 135542
-3284.34 135364 -3284.34 135364
-3206.42 134919 -3206.42 134919
-3061.7 134774 -3061.7 134774
-5826.88 134866 -5826.88 134866
-7383.13 134939 -7383.13 134939
-10726.1 136823 -10726.1 136823
-10798.4 138962 -10798.4 138962
-11937.2 140614 -11937.2 140614
-11699 141095 -11699 141095
-10713.8 141583 -10713.8 141583
-10386.5 141607 -10386.5 141607
-8397.25 141607 -8397.25 141607
-7988.71 141589 -7988.71 141589
-7042.49 139334 -7042.49 139334
-6622.82 139341 -6622.82 139341
-5560.83 139229 -5480.68 139274
-5253.59 139263 -5253.59 139263
-993.388 139773 -993.388 139773
-698.392 140164 -698.392 140164
-1775.96 135910 -1775.96 135910
-1536.63 134732 -1539.97 134728
1133.93 134645 1133.93 134645
1618.17 132483 1532.45 132434
1929.86 129749 1929.86 129749
1914.28 128750 1914.28 128750
585.122 127588 585.122 127588
-1444.23 124544 -1444.23 124544
-1812.7 123475 -1812.7 123475
-3121.82 122888 -3121.82 122888
-3141.85 122995 -3141.85 122995
-3523.68 123934 -3520.34 123930
-2271.34 123157 -2271.34 123157
-1503.23 124023 -1503.23 124023
-451.262 125896 -451.262 125896
-157.379 127405 -157.379 127405
183.259 127576 183.259 127576
1904.26 129680 1904.26 129680
1900.92 130642 1900.92 130642
2156.95 134002 2156.95 134002
1585.88 134672 1585.88 134672
1503.51 135037 1503.51 135037
1552.49 134703 1552.49 134703
2440.82 135774 2440.82 135774
2018.92 135226 2018.92 135226
-560.356 135220 -560.356 135220
-7537.86 134941 -7537.86 134941
-8259.21 133570 -8259.21 133570
-8848.09 131909 -8848.09 131909
-7081.45 131867 -7081.45 131867
-7030.24 133721 -7030.24 133721
-6230.97 135182 -6230.97 135182
-5291.43 134926 -5291.43 134926
-4757.1 138559 -4757.1 138559
-4512.2 139218 -4512.2 139218
-681.694 140167 -681.694 140167
-404.508 140394 -404.508 140394
-391.15 139140 -391.15 139140
-331.037 138412 -331.037 138412
487.161 136649 487.161 136649
714.253 136019 714.253 136019
2263.82 135554 2263.82 135554
2850.47 135255 2850.47 135255
3401.51 134625 3401.51 134625
2527.65 133499 2527.65 133499
2515.4 131851 2515.4 131851
3086.47 131793 3086.47 131793
4103.93 134543 4103.93 134543
4359.97 134403 4359.97 134403
7008.26 129547 7008.26 129547
9130.01 123596 9130.01 123596
9615.36 121605 9615.36 121605
11797.2 116496 11797.2 116496
12052.1 114846 12052.1 114846
11992 114196 11992 114196
12750.1 106944 12750.1 106944
13648.5 105057 13648.5 105057
16723.1 99853.4 16723.1 99853.4
18142.4 98172.5 18142.4 98172.5
17487.9 94472.3 17487.9 94472.3
17394.4 93935.7 17394.4 93935.7
17676 93733.1 17676 93733.1
18402.9 94202.9 18402.9 94202.9
19606.3 96749.9 19606.3 96749.9
20266.4 96086.4 20266.4 96086.4
20245.3 96498.3 20245.3 96498.3
18480.8 94946.5 18480.8 94946.5
18208.1 94396.6 18208.1 94396.6
18777 97261.9 18777 97261.9
18562.1 97769.5 18562.1 97769.5
14697.1 103273 14697.1 103273
14418.8 103738 14418.8 103738
8106.98 106702 8106.98 106702
8135.92 108127 8135.92 108127
3921.37 111204 3921.37 111204
3217.83 111851 3217.83 111851
98.6558 113953 98.6558 113953
-2360.39 117360 -2360.39 117360
-2762.26 117872 -2762.26 117872
-3994.56 119328 -3994.56 119328
-4245.03 121521 -4245.03 121521
-3978.98 122972 -3978.98 122972
-2729.97 123202 -2729.97 123202
-2712.16 123756 -2712.16 123756
-3128.5 123600 -3128.5 123600
-1603.42 123798 -1603.42 123798
-2042.02 123340 -2042.02 123340
-4025.73 122462 -4025.73 122462
-4036.86 122362 -4036.86 122362
-5044.3 122062 -5044.3 122062
-5404.98 121712 -5404.98 121712
-5536.34 121294 -5536.34 121294
-4800.51 121688 -4800.51 121688
-4196.05 122275 -4196.05 122275
-3124.04 123284 -3124.04 123284
-3704.02 123885 -3704.02 123885
-4364.14 124980 -4365.26 124978
-7031.36 127073 -7031.36 127073
-8023.21 127124 -8023.21 127124
-9812.12 130253 -9812.12 130253
-10899.7 130787 -10899.7 130787
-12284.5 132704 -12284.5 132704
-12401.4 133799 -12401.4 133799
-12251.1 132882 -12251.1 132882
-12302.3 132078 -12339.1 132005
-11824.8 129409 -11824.8 129409
-11457.4 128850 -11457.4 128850
-11282.6 130811 -11282.6 130811
-11257 131573 -11257 131573
-12287.9 132225 -12287.9 132225
-12989.2 133839 -13003.6 133837
-13063.8 133730 -13120.5 133777
-13142.8 133810 -13142.8 133810
-12599.6 132506 -12599.6 132506
-12449.3 132132 -12449.3 132132
-10867.4 132034 -10867.4 132034
-10890.8 130673 -10890.8 130673
-10935.3 129242 -10935.3 129242
-10899.7 130413 -10899.7 130413
-10877.4 131929 -10877.4 131929
-11872.6 132072 -11872.6 132072
-12950.2 133842 -12950.2 133842
-13079.3 133236 -13079.3 133236
-12592.9 133659 -12592.9 133659
-10845.2 133735 -10845.2 133735
-10819.6 135102 -10819.6 135102
-11660 139452 -11660 139452
-12952.4 139463 -12952.4 139463
-13799.6 139550 -13799.6 139550
-13981 139574 -13981 139574
-13578.1 139579 -13578.1 139579
-13413.3 139568 -13315.3 139550
-12853.4 140648 -12853.4 140648
-12227.8 141629 -12227.8 141629
-11742.4 141527 -11742.4 141527
-7339.71 140510 -7339.71 140510
-4742.63 139194 -4742.63 139194
-4538.91 139169 -4538.91 139169
-3941.13 137698 -3941.13 137698
-3358.93 134781 -3358.93 134781
-3679.53 135438 -3679.53 135438
-3424.61 135411 -3424.61 135411
-3227.57 135242 -3227.57 135242
-3200.85 134868 -3200.85 134868
-2059.83 135941 -2059.83 135941
-1804.91 136315 -1804.91 136315
-3279.89 135338 -3279.89 135338
-4661.37 130148 -4661.37 130148
-4715.91 130371 -4715.91 130371
-4772.69 135986 -4772.69 135986
-4700.33 140621 -4700.33 140621
-4749.31 137929 -4749.31 137929
-4469.9 136128 -4471.01 136126
-3441.3 135471 -3441.3 135471
-3191.95 135126 -3191.95 135126
-3193.06 134981 -3193.06 134981
-1164.82 134941 -1164.82 134941
-2162.24 135917 -2162.24 135917
-3195.29 135175 -3195.29 135175
1715.01 139105 1715.01 139105
386.973 140966 386.973 140966
1086.06 142478 1086.06 142478
1314.26 146490 1314.26 146490
1314.26 145904 1314.26 145904
1326.51 143831 1326.51 143831
1264.17 148558 1264.17 148558
1241.91 152516 1241.91 152516
1229.66 152975 1229.66 152975
2935.08 154393 2935.08 154393
3068.66 154745 3068.66 154745
2311.69 152603 2311.69 152603
2164.75 152608 2164.75 152608
-1272.8 154556 -1272.8 154556
629.65 152695 629.65 152695
-2794.54 155979 -2794.54 155979
-3254.29 155139 -3254.29 155139
-3106.23 155135 -3106.23 155135
-1492.1 153810 -1492.1 153810
-1285.05 153801 -1285.05 153801
-1551.1 153777 -1551.1 153777
-1089.12 161032 -1089.12 161032
-1309.54 162925 -1309.54 162925
-1989.7 164722 -1989.7 164722
-2091 166719 -2091 166719
-2419.39 165249 -2419.39 165249
-2122.17 163789 -2122.17 163789
-2033.11 163257 -2034.23 163234
-1993.04 153345 -1993.04 153345
-691.713 155600 -691.713 155600
-455.715 159340 -455.715 159340
-1241.63 161482 -1241.63 161482
-1259.44 161812 -1259.44 161812
-1958.53 162090 -1958.53 162090
-2197.87 161669 -2197.87 161669
-652.751 160756 -652.751 160756
628.537 160879 628.537 160879
1914.28 160901 1914.28 160901
2862.72 160912 2862.72 160912
3953.65 160926 3953.65 160926
3038.6 160013 3038.6 160013
3035.26 158053 3035.26 158053
2707.98 155970 2707.98 155970
2524.31 155958 2524.31 155958
2514.29 155765 2514.29 155765
2023.37 155106 2023.37 155106
1305.36 153721 1305.36 153721
1190.7 153104 1190.7 153104
1227.44 155068 1227.44 155068
1652.68 156076 1652.68 156076
1673.83 156495 1673.83 156495
2979.6 156012 2979.6 156012
3056.41 155244 3056.41 155244
3075.34 153420 3075.34 153420
3341.39 152712 3341.39 152712
7717.36 152755 7717.36 152755
8537.79 151995 8537.79 151995
9339.29 150720 9339.29 150720
9630.94 150063 9630.94 150063
9359.32 150337 9359.32 150337
10037.3 150838 10037.3 150838
12051 150909 12051 150909
13503.7 151005 13503.7 151005
14822.9 150907 14822.9 150907
15370.6 150693 15370.6 150693
14717.1 151292 14717.1 151292
14215.1 151176 14215.1 151176
12091.1 152323 12091.1 152323
10415.7 152020 10415.7 152020
7259.84 152683 7259.84 152683
5260.54 152643 5260.54 152643
3587.41 152053 3587.41 152053
2853.81 151659 2850.47 151626
3015.23 151450 3015.23 151450
3171.07 149420 3171.07 149420
3843.44 149032 3843.44 149032
3174.41 149391 3174.41 149391
2496.48 150934 2496.48 150934
1461.21 150344 1461.21 150344
1253.04 156019 1253.04 156019
1197.38 160240 1197.38 160240
1358.79 160897 1358.79 160897
2211.5 160879 2211.5 160879
615.178 156090 615.178 156090
-2539.62 153131 -2539.62 153131
-2648.71 150034 -2648.71 150034
-2716.61 146441 -2716.61 146441
-5286.98 144141 -5286.98 144141
-4625.74 146421 -4625.74 146421
-4762.67 150417 -4762.67 150417
-4863.97 150441 -4863.97 150441
-5952.67 152797 -5952.67 152797
-6251.01 152819 -6251.01 152819
-10505.6 152815 -10505.6 152815
-10791.7 156900 -10791.7 156900
-10777.3 157250 -10777.3 157250
-9113.03 156922 -9113.03 156922
-8442.89 154380 -8442.89 154380
-8454.02 154033 -8454.02 154033
-8526.38 150437 -8526.38 150437
-8541.96 149593 -8541.96 149593
-8595.4 147207 -8595.4 147207
-6445.82 143633 -6445.82 143633
-6101.84 143629 -6101.84 143629
-4514.42 145459 -4496.61 145452
4597.08 141796 4597.08 141796
4428.98 139414 4428.98 139414
3187.77 138570 3187.77 138570
175.466 143869 175.466 143869
36.3169 143898 36.3169 143898
-2578.58 146394 -2578.58 146394
-1061.29 145370 -1061.29 145370
1275.3 146741 1275.3 146741
1186.25 159100 1186.25 159100
1283.1 156288 1283.1 156288
1281.98 156027 1281.98 156027
1297.57 145710 1297.57 145710
4839.75 140803 4839.75 140803
4386.68 134964 4386.68 134964
7604.93 128231 7604.93 128231
7818.66 127590 7818.66 127590
10709.6 119366 10709.6 119366
12247 111112 12247 111112
16512.7 99864.6 16512.7 99864.6
18588.8 97738.4 18588.8 97738.4
18773.6 97555.8 18773.6 97555.8
20245.3 96500.5 20245.3 96500.5
20141.7 96240 20141.7 96240
18794.8 97257.5 18794.8 97257.5
17422.2 93949.1 17398.8 93944.6
17525.7 93626.2 17525.7 93626.2
19672 96687.5 19672 96687.5
20111.7 95719 20111.7 95719
20246.4 96480.5 20216.3 96458.2
21350.7 90536 21350.7 90536
21381.8 87345.6 21381.8 87345.6
22260.1 80797.8 22260.1 80797.8
21389.6 77057.4 21389.6 77057.4
21045.6 71164.2 21045.6 71164.2
21349.5 68445.8 21349.5 68445.8
22993.7 61368.1 22993.7 61368.1
29810.9 59110.5 29810.9 59110.5
36830.7 54806.9 36830.7 54806.9
38433.7 53268.5 38433.7 53268.5
40000 51794.6 40000 51794.6
41952.6 50338.5 41952.6 50338.5
43609 47994.1 43609 47994.1
44378.2 45787.8 44378.2 45787.8
44203.4 40918.7 44203.4 40918.7
42823.1 37401 42823.1 37401
43347.4 28878.4 43347.4 28878.4
42662.8 25921.7 42662.8 25921.7
41392.6 22257.1 41392.6 22257.1
41186.7 19681.1 41186.7 19681.1
41004.1 14898.9 41004.1 14898.9
41243.5 11911 41243.5 11911
39825.2 7712.07 39825.2 7712.07
39483.5 6661.22 39483.5 6661.22
41743.3 6679.03 41743.3 6679.03
42767.4 563.137 42767.4 563.137
43960.8 -937.45 43960.8 -937.45
46202.7 -3577.95 46202.7 -3577.95
46918.5 -1986.08 46918.5 -1986.08
48449.2 2346.48 48449.2 2346.48
51926.8 5650.44 51926.8 5650.44
52708.2 2680.43 52708.2 2680.43
52480 2767.26 52476.7 2756.13
52687.1 3537.59 52687.1 3537.59
52828.5 3348.35 52828.5 3348.35
52633.7 3969.51 52633.7 3969.51
52552.4 3882.68 52552.4 3882.68
52473.4 2760.58 52473.4 2760.58
52585.8 3965.06 52651.5 3978.42
52611.4 3252.62 52611.4 3252.62
52473.4 2765.04 52475.6 2771.72
52660.4 3958.38 52660.4 3958.38
51870 4764.33 51870 4764.33
51873.4 5040.41 51873.4 5040.41
49293 4218.87 49293 4218.87
46604.6 -2271.06 46604.6 -2271.06
46423.1 -2400.19 46423.1 -2400.19
44305.9 -1189.03 44305.9 -1189.03
44124.4 -1122.24 44124.4 -1122.24
42853.1 3357.26 42853.1 3357.26
42781.9 3537.59 42781.9 3537.59
39840.8 7046.38 39840.8 7046.38
39642.7 6879.41 39642.7 6879.41
41389.3 11481.4 41389.3 11481.4
41302.5 11764.1 41302.5 11764.1
41151.1 19436.2 41151.1 19436.2
41186.7 19645.5 41186.7 19645.5
42311 25572.2 42311 25572.2
42530.3 25797 42530.3 25797
42565.9 35918.2 42565.9 35918.2
42568.2 36303.4 42568.2 36303.4
44369.3 46010.4 44369.3 46010.4
44319.2 46288.7 44319.2 46288.7
41281.3 50585.7 41281.3 50585.7
41047.5 50757.1 41047.5 50757.1
36284.2 55298.9 36284.2 55298.9
36061.5 55512.7 36061.5 55512.7
29963.4 59099.4 29963.4 59099.4
29744.1 59108.3 29744.1 59108.3
23777.4 60243.7 23777.4 60243.7
23549.2 60439.7 23549.2 60439.7
21649 65854.2 21649 65854.2
21592.2 66217.1 21592.2 66217.1
20942.1 74866.7 20942.1 74866.7
20990 75238.5 20990 75238.5
21405.2 84400.1 21405.2 84400.1
21397.4 84783 21397.4 84783
18335 90075.1 18335 90075.1
18307.2 90424.7 18307.2 90424.7
17386.6 94104.9 17411.1 94018.1
17391 93931.2 17391 93931.2
19460.5 94227.4 19460.5 94227.4
20649.3 94062.6 20649.3 94062.6
22980.4 93114.2 22980.4 93114.2
22687.6 92989.5 22687.6 92989.5
19748.8 94167.2 19748.8 94167.2
19450.4 94209.5 19450.4 94209.5
17455.6 93975.8 17455.6 93975.8
17495.7 94360.9 17495.7 94360.9
17653.7 94461.1 17653.7 94461.1
20111.7 95725.7 20111.7 95725.7
20245.3 96496 20245.3 96496
19822.2 96525 19822.2 96525
17739.5 94443.3 17739.5 94443.3
17491.2 93624 17491.2 93624
19119.8 97228.5 19119.8 97228.5
20247.5 96500.5 20247.5 96500.5
