-16737.3 149155 -16737.3 149155
-18244.6 149046 -18247.9 149032
-15663.1 149204 -15663.1 149204
-14030 145886 -14030 145886
-10977.6 145626 -10977.6 145626
-10261.8 145510 -10261.8 145510
-10663.7 138760 -10663.7 138760
-9564.99 136268 -9583.91 136324
-9623.99 136319 -9623.99 136319
-9440.31 135696 -9433.63 135683
-9422.5 136081 -9422.5 136081
-11635.5 137604 -11635.5 137604
-11548.7 137499 -11548.7 137499
-8780.19 142141 -8780.19 142141
-8728.98 143515 -8728.98 143515
-8165.7 144591 -8165.7 144591
-7909.67 144989 -7909.67 144989
-7763.84 139461 -7763.84 139461
-10673.7 137695 -10673.7 137695
-11625.5 137477 -11634.4 137524
-11588.8 137611 -11588.8 137611
-10031.4 136322 -10031.4 136322
-9418.05 137546 -9418.05 137546
-9418.05 138314 -9418.05 138314
-9464.8 139365 -9464.8 139365
-10711.6 136271 -10711.6 136271
-13013.7 134997 -13013.7 134997
-14444.1 133269 -14444.1 133269
-14859.3 133962 -14859.3 133962
-14997.4 135418 -14997.4 135418
-17624.5 141080 -17624.5 141080
-18437.2 140770 -18437.2 140770
-19695.1 142518 -19695.1 142518
-19504.7 140020 -19504.7 140020
-9416.93 137199 -9419.16 137203
-10699.3 136564 -10699.3 136564
-10829.6 132136 -10829.6 132136
-11288.2 130598 -11288.2 130598
-11372.8 130664 -11372.8 130664
-11845.9 129596 -11845.9 129596
-12650.8 132624 -12650.8 132624
-13079.3 133220 -13079.3 133220
-11942.8 129985 -11942.8 129985
-11769.1 129823 -11769.1 129823
-12429.2 131942 -12429.2 131942
-13073.8 133612 -13073.8 133612
-15073.1 135202 -15073.1 135202
-16919.9 137949 -16919.9 137949
-17883.9 141685 -17883.9 141685
-18889.1 142426 -18889.1 142426
-18792.3 143175 -18792.3 143175
-18364.8 144143 -18364.8 144143
-18957 144103 -18957 144103
-19004.9 149101 -19004.9 149101
-18010.8 148985 -18010.8 148985
-15922.4 149188 -15922.4 149188
-17997.4 148794 -17997.4 148794
-18144.4 148896 -18144.4 148896
-17870.5 148415 -17870.5 148415
-18011.9 149010 -18011.9 149010
-15606.3 149727 -15606.3 149727
-15588.5 152162 -15588.5 152162
-15581.8 153632 -15581.8 153632
-15571.8 154917 -15571.8 154917
-15592.9 156181 -15592.9 156181
-15587.4 156965 -15587.4 156965
-15332.5 157731 -15332.5 157731
-7181.64 153405 -7181.64 153405
-14549.9 158022 -14549.9 158022
-13749.5 158819 -13749.5 158819
-14359.5 157962 -14359.5 157962
-14693.5 157036 -14693.5 157036
-14888.3 157207 -14888.3 157207
-15537.3 153714 -15537.3 153714
-15535.1 152425 -15535.1 152425
-15362.5 149738 -15362.5 149738
-14507.6 147859 -14507.6 147859
-14507.6 145980 -14507.6 145980
-13413.3 142943 -13413.3 142943
-12950.2 137557 -12950.2 137557
-12627.4 134964 -12627.4 134964
-12529.4 133828 -12529.4 133828
-11810.3 135309 -11810.3 135309
-8997.26 135547 -8997.26 135547
-9595.05 136275 -9598.38 136279
-9463.69 136304 -9463.69 136304
-8860.34 140857 -8860.34 140857
-2044.24 146365 -2044.24 146365
-2059.83 146841 -2059.83 146841
-1793.78 145443 -1793.78 145443
-3417.93 143471 -3417.93 143471
-4630.2 143460 -4630.2 143460
-4681.4 143264 -4681.4 143264
-4757.1 138265 -4757.1 138265
-4734.84 132991 -4734.84 132991
-4986.42 132281 -4986.42 132281
-4987.53 131092 -4987.53 131092
-3977.86 133332 -3977.86 133332
-4190.48 133227 -4190.48 133227
-4773.8 133917 -4772.69 133966
-6233.2 137439 -6233.2 137439
-6567.16 139009 -6567.16 139009
-7353.07 138339 -7353.07 138339
-6910.02 138953 -6910.02 138953
-6140.8 142101 -6140.8 142101
-6256.57 145368 -6256.57 145368
-6314.46 148346 -6314.46 148346
-6514.84 152405 -6514.84 152405
-6951.21 153875 -6951.21 153875
-7729.33 153890 -7729.33 153890
-8481.85 152416 -8481.85 152416
-8000.95 149495 -8000.95 149495
-6293.31 148928 -6293.31 148928
-4060.24 147089 -4060.24 147089
-2163.36 146385 -2163.36 146385
-3154.1 147020 -3154.1 147020
-6018.35 146661 -6018.35 146661
-6031.71 145953 -6031.71 145953
-4660.25 144448 -4660.25 144448
-4669.16 144063 -4669.16 144063
-11170.2 144348 -11168 144350
-10812.9 141592 -10812.9 141592
-9435.86 142841 -9435.86 142841
-8269.23 139804 -8269.23 139804
-6996.85 140503 -6996.85 140503
-7757.16 139352 -7757.16 139352
-9848.85 129353 -9848.85 129353
-13851.9 119016 -13851.9 119016
-14377.3 116342 -14377.3 116342
-15014.1 116122 -15014.1 116122
-16978.9 120287 -16978.9 120287
-15978.1 122663 -15978.1 122663
-15870.1 123015 -15870.1 123015
-15195.5 125058 -15195.5 125058
-18083.2 124671 -18069.8 124722
-15161 127147 -15161 127147
-13245.2 129324 -13245.2 129324
-12213.3 134714 -12213.3 134714
-9428.07 137491 -9428.07 137491
-9420.27 137813 -9420.27 137813
-7759.39 137428 -7759.39 137428
-9434.75 130462 -9434.75 130462
-12087.5 125395 -12087.5 125395
-12287.9 125871 -12287.9 125871
-16146.2 122162 -16130.6 122169
-16063.8 122055 -16063.8 122055
-16010.4 122017 -16010.4 122017
-13947.6 124317 -13947.6 124317
-12598.4 122102 -12598.4 122102
-10633.7 118502 -10633.7 118502
-7323.01 117306 -7323.01 117306
-4738.18 115162 -4738.18 115162
-4075.83 119214 -4075.83 119214
-4640.21 127258 -4640.21 127258
-4781.59 136765 -4781.59 136765
-4663.59 143713 -4663.59 143713
-1103.59 148151 -1103.59 148151
-1224.93 148498 -1224.93 148498
-662.769 145991 -662.769 145991
132.052 141870 132.052 141870
30776.1 104965 30776.1 104965
38237.8 99590.7 38251.2 99610.8
49154.9 95970.6 49157.2 95972.8
48907.8 95714.6 48907.8 95714.6
48628.4 98170.3 48628.4 98170.3
42469.1 98700.2 42469.1 98700.2
29456.9 104589 29456.9 104589
19533.9 106014 19533.9 106014
15421.8 105909 15421.8 105909
8571.18 127948 8571.18 127948
-1812.7 146307 -1812.7 146307
-691.713 155215 -691.713 155215
-5594.22 164552 -5594.22 164552
-4848.38 166549 -4843.93 166545
-5610.92 164786 -5610.92 164786
-5682.17 164802 -5682.17 164802
-6196.46 164808 -6196.46 164808
-6234.31 163827 -6234.31 163827
-6744.15 163259 -6744.15 163259
-7413.18 163579 -7413.18 163579
-6071.78 160992 -6071.78 160992
-6484.78 163245 -6484.78 163245
-6976.81 159445 -6976.81 159445
-5481.79 155222 -5481.79 155222
-4827.23 154302 -4827.23 154302
-4841.7 151430 -4841.7 151430
2079.03 137914 2079.03 137914
-4848.38 149146 -4848.38 149146
-4582.33 149110 -4582.33 149110
-4430.93 148431 -4430.93 148431
-5772.33 147066 -5772.33 147066
-7880.73 145933 -7880.73 145933
-8696.7 143822 -8696.7 143822
-9488.18 144156 -9488.18 144156
-9927.89 142836 -9927.89 142836
-9450.33 142809 -9450.33 142809
-8732.32 143442 -8732.32 143442
-6380.14 143613 -6380.14 143613
-2499.54 143455 -2499.54 143455
-1792.66 146505 -1792.66 146505
530.575 141690 530.575 141690
-3.75808 140937 -3.75808 140937
-1092.46 138969 -1092.46 138969
-821.956 137609 -821.956 137609
1533.56 137833 1533.56 137833
4377.78 150929 4377.78 150929
3851.24 150056 3853.46 150050
285.673 137005 285.673 137005
-833.088 138176 -833.088 138176
-906.559 138706 -906.559 138706
-3544.83 139094 -3544.83 139094
-4348.56 138844 -4348.56 138844
-3610.51 139263 -3610.51 139263
-4602.37 140705 -4602.37 140705
-4357.46 138423 -4357.46 138423
-6608.34 139247 -6608.34 139247
-7666.99 139151 -7666.99 139151
-6656.21 139252 -6656.21 139252
-10820.7 139436 -10820.7 139436
-13422.2 139488 -13422.2 139488
-14575.5 138450 -14575.5 138450
-15427.1 136965 -15427.1 136965
-14365.1 139557 -14365.1 139557
-13492.3 139566 -13492.3 139566
-12188.8 140670 -12193.2 140681
-12212.2 140291 -12212.2 140291
-12114.2 140360 -12114.2 140360
-8920.45 139247 -8920.45 139247
-8791.32 136291 -8791.32 136291
-8504.11 136591 -8504.11 136591
-10263 137459 -10263 137459
-10634.8 141551 -10634.8 141551
-10540.1 145548 -10540.1 145548
-10481.1 148703 -10481.1 148703
-10444.4 152519 -10444.4 152519
-13580.3 155126 -13580.3 155126
-14336.1 154928 -14336.1 154928
-14844.9 153211 -14844.9 153211
-15542.8 151586 -15542.8 151586
-15472.7 149691 -15495 149700
-15548.4 149357 -15548.4 149357
-14500.9 147489 -14500.9 147489
-15578.5 144101 -15578.5 144101
-12924.6 138773 -12924.6 138773
-12929.1 138564 -12929.1 138564
-11676.7 137522 -11676.7 137522
-9209.88 137453 -9209.88 137453
-8214.68 136248 -8214.68 136248
-8628.79 136602 -8628.79 136602
-8783.53 137442 -8783.53 137442
-8929.35 139156 -8929.35 139156
-9849.97 141585 -9849.97 141585
-10268.5 142625 -10268.5 142625
-10032.5 142907 -10032.5 142907
-9677.42 142816 -9677.42 142816
-10229.6 143460 -10229.6 143460
-10097.1 142890 -10097.1 142890
-8812.47 142798 -8812.47 142798
-8724.53 143417 -8724.53 143417
-7016.89 143653 -7016.89 143653
-2773.39 143097 -2773.39 143097
-3506.98 141816 -3506.98 141816
-4140.39 140049 -4140.39 140049
-4286.22 140044 -4286.22 140044
-5388.28 137388 -5388.28 137388
-7492.22 137415 -7492.22 137415
-7998.72 136656 -7998.72 136656
-8538.62 136604 -8538.62 136604
-8626.57 136829 -8626.57 136829
-8933.81 138780 -8933.81 138780
-8927.13 139147 -8927.13 139147
-8564.23 139445 -8566.45 139450
-8329.34 139412 -8329.34 139412
-7669.22 138234 -7669.22 138234
-7625.8 137533 -7625.8 137533
-8251.42 136589 -8281.48 136589
-8695.58 137419 -8695.58 137419
-8806.9 137424 -8806.9 137424
-8020.99 136694 -8020.99 136694
-7872.93 136660 -7872.93 136660
-7442.13 135037 -7442.13 135037
2617.82 137548 2617.82 137548
2932.85 138067 2932.85 138067
3490.56 139546 3489.45 139541
2811.51 139423 2811.51 139423
629.65 136587 629.65 136587
-283.17 137410 -283.17 137410
-820.843 137891 -820.843 137891
-2147.77 136346 -2147.77 136346
-2919.22 135017 -2919.22 135017
-3905.51 134725 -3905.51 134725
-4152.64 134730 -4152.64 134730
-3815.34 134826 -3815.34 134826
-3334.44 135952 -3334.44 135952
-1936.26 135914 -1936.26 135914
-1390.8 134725 -1390.8 134725
715.366 128220 715.366 128220
3533.98 115616 3533.98 115616
7228.67 110843 7228.67 110843
12427.3 108064 12427.3 108064
16025.1 105931 16025.1 105931
18749.1 106203 18729.1 106199
21712.4 106070 21712.4 106070
27015.7 105353 27015.7 105353
33521.2 103124 33521.2 103124
39014.8 99308 39014.8 99308
39086.1 99272.4 39086.1 99272.4
42436.8 96932.4 42436.8 96932.4
42177.4 96994.8 42180.8 97034.8
42176.3 97054.9 42171.9 97043.7
42177.4 96994.8 42170.7 97048.2
42174.1 97054.9 42171.9 97050.4
34798.1 101265 34798.1 101265
27950.8 104248 27950.8 104248
24405.3 106441 24405.3 106441
19444.9 106018 19444.9 106018
15338.3 105896 15338.3 105896
12198 111593 12198 111593
10820.9 119221 10820.9 119221
8749.29 124791 8749.29 124791
5743.67 131522 5743.67 131522
3202.24 130907 3202.24 130907
851.176 131762 832.251 131815
831.138 131853 828.912 131880
832.251 131929 832.251 131929
830.025 132121 830.025 132121
3284.62 135286 3284.62 135286
4405.61 136442 4405.61 136442
5517.69 136858 5517.69 136858
3672.01 135763 3672.01 135763
3158.83 131526 3158.83 131526
2576.63 131043 2576.63 131043
2544.35 129387 2544.35 129387
2582.19 131702 2582.19 131702
2828.21 135260 2828.21 135260
2610.02 136008 2610.02 136008
1878.65 136700 1878.65 136700
1822.99 136633 1809.64 136624
1902.03 136745 1902.03 136745
3924.71 141088 3924.71 141088
3232.3 146993 3232.3 146993
2315.03 147736 2315.03 147736
1833.01 147979 1833.01 147979
1343.21 147380 1342.09 147385
1955.46 147921 1955.46 147921
3119.87 148928 3119.87 148928
5305.07 149373 5305.07 149373
5646.82 148600 5646.82 148600
5774.84 149097 5774.84 149097
3311.34 149382 3311.34 149382
1722.81 149315 1722.81 149315
1361.02 149302 1361.02 149302
-358.867 149339 -358.867 149339
-453.489 148611 -453.489 148611
-1151.46 146991 -1151.46 146991
-1157.03 146721 -1157.03 146721
266.748 145339 266.748 145339
1997.77 143083 1997.77 143083
1982.18 141914 1982.18 141914
1442.28 140752 1442.28 140752
1739.51 141180 1739.51 141180
90.8635 140774 90.8635 140774
-347.735 140505 -347.735 140505
-174.077 139819 -174.077 139819
-1737 138969 -1737 138969
-4261.73 139114 -4261.73 139114
-5390.51 137691 -5390.51 137691
-4766.01 136121 -4766.01 136121
-4698.1 131735 -4698.1 131735
-4754.87 132987 -4754.87 132987
-5430.58 134485 -5430.58 134485
-9006.17 135220 -9006.17 135220
-9592.82 136275 -9592.82 136257
-9576.12 136184 -9576.12 136184
-9481.5 136304 -9481.5 136304
-11493 135191 -11493 135191
-13123.9 133828 -13123.9 133828
-13407.7 133855 -13407.7 133855
-14982.9 134964 -14982.9 134964
-15991.5 135594 -15991.5 135594
-9440.31 135378 -9440.31 135378
-9432.52 135603 -9432.52 135603
-8912.66 139833 -8912.66 139833
-8697.81 143829 -8697.81 143829
-8609.87 147111 -8609.87 147111
-8515.25 151846 -8515.25 151846
-8535.28 151926 -8535.28 151926
-9070.73 150833 -9067.39 150842
-9479.27 151357 -9479.27 151357
-10298.6 152249 -10298.6 152249
-10395.4 152361 -10395.4 152361
-11076.7 156217 -11076.7 156217
-11152.4 155584 -11152.4 155584
-10407.7 151247 -10407.7 151247
-10506.8 146801 -10506.8 146801
-11453 145717 -11453 145717
-11975.1 145891 -11975.1 145891
-15657.5 145065 -15657.5 145065
-15045.2 145998 -15045.2 145998
-14028.9 145884 -13978.8 145889
-10895.3 145581 -10895.3 145581
-6826.53 143633 -6826.53 143633
-1853.89 147082 -1853.89 147082
-1239.4 147594 -1239.4 147594
-1537.74 147471 -1537.74 147471
-2118.83 147006 -2118.83 147006
-4561.18 147060 -4561.18 147060
-5901.46 147053 -5901.46 147053
-8516.36 147227 -8516.36 147227
-9091.88 145599 -9091.88 145599
-9217.67 145472 -9217.67 145472
-9585.03 146140 -9585.03 146140
-10148.3 146561 -10148.3 146561
-9632.89 146354 -9632.89 146354
-9578.35 145937 -9578.35 145937
-9638.46 144642 -9638.46 144642
-7852.9 142607 -7856.23 142609
-7666.99 138359 -7666.99 138359
-7066.98 138297 -7066.98 138297
-7288.51 138297 -7288.51 138297
-5348.21 139241 -5348.21 139241
-3462.45 139167 -3462.45 139167
-2506.22 140670 -2506.22 140670
-2771.16 140634 -2771.16 140634
-2765.59 141776 -2765.59 141776
-1737 142386 -1737 142386
-640.506 142190 -640.506 142190
-125.096 141255 -125.096 141255
-541.431 140282 -541.431 140282
-6255.46 140461 -6255.46 140461
-6888.87 140498 -6888.87 140498
-7333.03 137428 -7333.03 137428
-6228.74 138564 -6228.74 138564
-6272.16 143825 -6272.16 143825
-6275.5 144606 -6275.5 144606
-4673.61 143088 -4673.61 143088
-4673.61 142718 -4673.61 142718
-4692.54 142413 -4692.54 142413
-3952.26 139192 -3952.26 139192
-3721.83 138506 -3721.83 138506
-4243.92 139123 -4243.92 139123
-12454.8 138134 -12454.8 138134
-12532.8 138045 -12532.8 138045
-12422.6 137515 -12422.6 137515
-10846.3 138210 -10846.3 138210
-12172.1 139399 -12172.1 139399
-10966.5 139459 -10966.5 139459
-6071.78 139265 -6071.78 139265
-2925.89 139085 -2925.89 139085
1261.94 142910 1261.94 142910
1255.27 146592 1255.27 146592
1324.28 146721 1324.28 146721
2050.09 143647 2050.09 143647
1965.48 141558 1965.48 141558
592.914 141781 592.914 141781
-867.597 141215 -867.597 141215
-2347.03 143411 -2347.03 143411
-2765.59 143934 -2765.59 143934
-2301.39 145405 -2301.39 145405
-1802.68 147908 -1802.68 147908
-1803.79 148939 -1803.79 148939
-673.901 149315 -673.901 149315
-481.319 149364 -481.319 149364
-10.4373 152234 -11.5504 152234
1303.13 154409 1303.13 154409
1299.79 154278 1299.79 154278
1343.21 152309 1343.21 152309
1812.98 151495 1799.62 151490
1629.3 151490 1629.3 151490
1237.45 152521 1237.45 152521
-7060.3 156833 -7060.3 156833
-8850.32 156898 -8850.32 156898
-11623.3 156796 -11623.3 156796
-12279 157263 -12279 157263
-12296.8 157844 -12296.8 157844
-12556.1 155135 -12556.1 155135
-11539.8 153307 -11539.8 153307
-10502.3 151417 -10502.3 151417
-10468.9 147930 -10468.9 147930
-9380.2 148743 -9380.2 148743
-10161.7 147287 -10161.7 147287
-10428.8 145624 -10428.8 145624
-8726.75 143720 -8726.75 143720
-9540.5 136277 -9541.61 136277
-9415.82 138069 -9415.82 138069
-9418.05 137800 -9418.05 137800
-11648.9 137417 -11648.9 137417
-11737.9 137448 -11740.2 137446
-10791.7 133859 -10791.7 133859
-10932 128959 -10932 128959
-10937.6 129090 -10937.6 129090
-11844.8 132054 -11844.8 132054
-13385.5 133813 -13385.5 133813
-13189.6 133726 -13189.6 133726
-11695.6 135260 -11695.6 135260
-7904.1 141569 -7904.1 141569
-4292.9 143593 -4292.9 143593
-1741.46 150174 -1741.46 150174
-2247.96 151820 -2247.96 151820
-2638.69 151052 -2638.69 151052
-2640.92 150368 -2640.92 150368
-2707.71 147093 -2707.71 147093
-3276.55 143500 -3276.55 143500
-7861.8 140868 -7861.8 140868
-7827.29 136010 -7827.29 136010
-6253.23 137292 -6253.23 137292
-5381.6 138878 -5381.6 138878
-4780.48 138711 -4780.48 138711
-5371.58 137969 -5371.58 137969
-4781.59 139296 -4781.59 139296
-1711.4 139087 -1711.4 139087
-435.678 140688 -435.678 140688
1239.68 147543 1239.68 147543
581.782 147380 581.782 147380
1875.31 147302 1875.31 147302
5649.05 146548 5649.05 146548
8820.54 145245 8820.54 145245
11919.7 142760 11919.7 142760
11650.3 139810 11650.3 139810
10835.4 139828 10835.4 139828
10779.8 145174 10779.8 145174
3263.47 140078 3263.47 140078
-2493.98 134748 -2493.98 134748
-1663.53 139087 -1663.53 139087
-2824.59 139178 -2824.59 139178
4424.53 130141 4424.53 130141
8114.77 126717 8114.77 126717
11500 118152 11500 118152
12595.4 107572 12595.4 107572
18379.5 106014 18379.5 106014
21086.8 110654 21086.8 110654
23393.4 108263 23394.5 108265
26218.7 106339 26218.7 106339
35371.3 100855 35371.3 100855
38241.2 99579.6 38232.3 99597.4
46719.3 98063.4 46719.3 98063.4
49159.4 95957.3 49160.5 95970.6
48795.4 96382.5 48795.4 96382.5
46635.8 98063.4 46635.8 98063.4
39791.8 99149.9 39791.8 99149.9
32739.8 104124 32739.8 104124
25701 106432 25701 106432
19990.3 105141 19990.3 105141
19529.5 101085 19529.5 101085
19183.3 101236 19183.3 101236
10453.6 200840 10453.6 200840
19188.8 101229 19188.8 101229
19021.9 101160 19027.4 101163
19198.9 101212 19198.9 101212
17836.3 103661 17836.3 103661
13288.9 105849 13288.9 105849
8228.32 109848 8228.32 109848
3602.99 110353 3602.99 110353
594.028 105831 594.028 105831
-3176.36 106134 -3176.36 106134
-1689.14 113025 -1689.14 113025
-3549.28 115737 -3549.28 115737
-4350.78 115369 -4359.69 115425
-4196.05 116171 -4196.05 116171
-4568.97 117812 -4568.97 117812
-4150.41 119339 -4150.41 119339
-3775.26 119352 -3765.24 119334
-4247.26 121572 -4247.26 121572
-3063.93 122460 -3063.93 122460
-2717.73 123838 -2717.73 123838
-4115.9 125123 -4115.9 125123
-3795.3 130115 -3795.3 130115
-5248.02 131112 -5248.02 131112
-5321.49 131125 -5317.04 131130
-5518.53 131123 -5518.53 131123
-6882.19 134903 -6882.19 134903
-8873.7 134997 -8873.7 134997
-8798 135102 -8798 135102
-4748.19 133857 -4748.19 133857
-4856.17 131052 -4856.17 131052
-5307.02 131123 -5307.02 131123
-5363.79 131201 -5363.79 131201
-5536.34 132697 -5536.34 132697
-7910.78 135799 -7910.78 135799
-8548.64 135990 -8548.64 135990
-8942.71 138866 -8942.71 138866
-12172.1 140685 -12162.1 140650
-12217.7 140365 -12217.7 140365
-12228.9 140545 -12228.9 140545
-12854.5 140153 -12854.5 140153
-12730.9 140697 -12730.9 140697
-11517.5 137515 -11517.5 137515
-11378.4 137508 -11378.4 137508
-4015.71 134810 -4015.71 134810
-3479.15 134830 -3479.15 134830
-3128.5 134808 -3128.5 134808
-3570.43 136696 -3570.43 136696
-3720.72 135961 -3720.72 135961
-2912.54 133951 -2912.54 133951
-2131.07 133174 -2131.07 133174
-3661.72 137330 -3661.72 137330
-3726.28 140033 -3726.28 140033
-4699.21 140311 -4698.1 140280
-4750.42 139454 -4750.42 139454
-4730.38 138644 -4730.38 138644
-5343.75 138962 -5343.75 138962
-5392.73 138314 -5392.73 138314
-7143.79 139283 -7143.79 139283
-7927.48 143050 -7927.48 143050
-8541.96 143181 -8541.96 143181
-9591.71 142827 -9591.71 142827
-10448.9 142934 -10448.9 142934
-11411.8 145686 -11411.8 145686
-12235.5 145913 -12235.5 145913
-13585.8 145864 -13585.8 145864
-15758.8 140754 -15758.8 140754
-16061.6 136230 -16061.6 136230
-16207.4 133421 -16210.8 133416
-16113.9 135244 -16113.9 135244
-13947.6 136159 -13947.6 136159
-14752.5 136511 -14752.5 136511
-15656.4 137638 -15656.4 137638
-15969.2 139089 -15969.2 139089
-16523.6 138437 -16523.6 138437
-16078.3 138813 -16078.3 138813
-14551 139768 -14551 139768
-14238.2 139619 -14238.2 139619
-13900.9 139592 -13900.9 139592
-12186.6 140659 -12186.6 140659
-11968.4 140561 -11968.4 140561
-11626.6 141420 -11632.2 141420
-10460 141616 -10460 141616
-9927.89 141627 -9927.89 141627
-8790.21 142182 -8790.21 142182
-8757.92 142907 -8757.92 142907
-8684.45 143186 -8684.45 143186
-6348.97 143057 -6348.97 143057
-4885.12 140712 -4885.12 140712
-4115.9 140734 -4115.9 140734
-1979.68 141280 -1979.68 141280
-1610.1 142389 -1610.1 142389
12022.1 113873 12022.1 113873
15102.3 105936 15102.3 105936
20078.3 106056 20078.3 106056
25433.9 106450 25433.9 106450
31407.3 104901 31407.3 104901
38216.7 99497.2 38216.7 99497.2
38241.2 99577.4 38241.2 99577.4
42189.7 98773.6 42189.7 98773.6
49051.4 97992.2 49051.4 97992.2
49148.2 95977.3 49148.2 95972.8
46532.2 98063.4 46532.2 98063.4
42139.6 97061.6 42166.3 97014.8
41135.5 98887.2 41135.5 98887.2
33663.7 102868 33663.7 102868
26588.2 106014 26588.2 106014
18219.2 105978 18219.2 105978
12504.1 107973 12504.1 107973
12052.1 113325 12052.1 113325
9730.02 121189 9730.02 121189
4079.44 131083 4079.44 131083
2591.1 131836 2591.1 131836
2583.31 131408 2583.31 131408
2578.85 131758 2578.85 131758
-363.32 133717 -363.32 133717
-6834.32 134937 -6834.32 134937
-10781.7 140162 -10781.7 140162
-11712.3 150399 -11712.3 150399
-12395.8 151152 -12395.8 151152
-10828.5 151557 -10828.5 151557
-10306.4 152450 -10305.3 152488
-10304.2 152514 -10293 152530
-10386.5 152390 -10386.5 152390
-4560.06 143651 -4560.06 143651
-4397.54 143622 -4397.54 143622
-574.827 142041 -574.827 142041
-722.882 141173 -722.882 141173
-3927.77 139131 -3927.77 139131
-6296.65 136115 -6296.65 136115
-6694.06 136137 -6694.06 136137
-7127.09 136264 -7127.09 136264
-9326.77 131266 -9327.88 131263
-9494.86 133056 -9494.86 133056
-9017.3 134556 -9017.3 134556
-8957.18 137393 -8957.18 137393
-8612.09 147133 -8612.09 147133
-8764.6 148179 -8764.6 148179
-8863.68 147296 -8863.68 147296
-5878.09 149344 -5878.09 149344
-5990.52 147915 -5990.52 147915
-8085.55 147195 -8085.55 147195
-11339.4 145688 -11339.4 145688
-14592.2 143753 -14592.2 143753
-15109.8 143070 -15109.8 143070
-12284.5 137515 -12284.5 137515
-4727.04 132610 -4727.04 132610
-4629.08 127396 -4629.08 127396
-4235.01 121634 -4235.01 121634
-3291.02 118493 -3291.02 118493
-1448.69 115480 -1448.69 115483
-2744.44 115941 -2729.97 115926
-3711.81 119036 -3711.81 119036
-4132.6 119323 -4132.6 119323
-6696.29 119613 -6696.29 119613
-6879.96 117972 -6879.96 117972
-13932.1 120650 -13932.1 120650
-16461.2 122298 -16461.2 122298
-16425.6 123707 -16425.6 123707
-15260.1 125760 -15260.1 125760
-18235.7 127182 -18235.7 127182
-18184.5 129589 -18184.5 129589
-17393 132967 -17393 132967
-15011.9 133000 -15011.9 133000
-13015.9 135727 -13015.9 135727
-12680.8 136235 -12680.8 136235
-13003.6 135865 -13003.6 135865
-6955.66 137114 -6952.32 137166
-9416.93 136524 -9416.93 136524
-9415.82 138156 -9405.8 138183
-10170.6 137355 -10170.6 137355
-9551.63 136295 -9551.63 136295
-13414.4 135322 -13414.4 135322
-14888.3 136478 -14888.3 136478
-15185.5 136166 -15185.5 136166
-16211.9 134042 -16213 134044
-16040.4 136947 -16040.4 136947
-19509.2 143261 -19509.2 143261
-17685.7 141645 -17685.7 141645
-16715 144332 -16715 144332
-16418.9 146855 -16418.9 146855
-11282.6 147282 -11282.6 147282
-8634.36 147264 -8634.36 147264
-5268.06 147091 -5268.06 147091
-4245.03 149123 -4245.03 149123
-3621.64 152243 -3621.64 152243
-3568.21 152946 -3568.21 152946
-711.75 147692 -711.75 147692
-3628.32 147020 -3628.32 147020
-6723 147115 -6723 147115
-6508.16 147102 -6508.16 147102
-4921.85 148418 -4921.85 148418
-2831.27 149130 -2831.27 149130
-2676.54 148418 -2676.54 148418
-1794.89 145986 -1794.89 145986
84.1843 143903 84.1843 143903
332.427 143834 332.427 143834
282.333 142827 282.333 142827
-1043.48 145152 -1043.48 145152
-2131.07 145372 -2131.07 145372
-2758.92 143629 -2758.92 143629
-4668.04 143090 -4668.04 143090
-4696.99 142326 -4696.99 142326
-4769.35 136413 -4769.35 136413
-7022.45 133087 -7022.45 133087
-8425.08 131871 -8425.08 131871
-8865.9 133608 -8865.9 133608
-10806.2 132038 -10806.2 132038
-8240.29 131902 -8240.29 131902
-7881.84 131847 -7881.84 131847
-9140.86 131909 -9140.86 131909
-12543.9 132419 -12543.9 132419
-14185.9 133525 -14185.9 133525
-14472 132971 -14472 132971
-13031.5 135255 -13031.5 135255
-12978 138047 -12976.9 138078
-13972.1 137522 -13972.1 137522
-14839.3 136669 -14839.3 136669
-16864.2 134133 -16864.2 134133
-17008.9 134020 -17008.9 134020
-15590.7 135531 -15590.7 135531
-14872.7 136994 -14872.7 136994
-14788.1 137513 -14788.1 137513
-15745.4 141661 -15744.3 141667
-16361 141184 -16361 141184
-16644.9 140245 -16644.9 140245
-15894.6 139957 -15894.6 139957
-10644.8 139441 -10644.8 139441
-7957.54 143397 -7957.54 143397
-8777.96 142251 -8777.96 142251
-7976.46 139474 -7976.46 139474
-7764.95 139448 -7764.95 139448
-8975 135767 -8975 135767
-8970.54 135698 -8970.54 135698
-9008.39 134959 -9008.39 134959
-10170.6 137475 -10170.6 137475
-9415.82 137595 -9415.82 137595
-9209.88 131112 -9209.88 131112
-12311.2 119107 -12311.2 119107
-4610.16 119341 -4610.16 119341
-3130.72 123674 -3130.72 123674
-2265.77 123177 -2265.77 123177
-1188.2 127770 -1188.2 127770
404.784 136368 404.784 136368
4417.85 147060 4417.85 147060
6344.79 152768 6344.79 152768
4453.47 150575 4453.47 150575
4456.81 145512 4456.81 145512
5163.69 140251 5163.69 140251
7404.55 137361 7404.55 137361
7530.35 137134 7530.35 137134
4397.81 134910 4397.81 134910
7178.58 129240 7178.58 129240
11383.1 118373 11383.1 118373
13424.7 106038 13424.7 106038
19820 104703 19820 104703
18920.6 105747 18920.6 105747
18736.9 106214 18734.7 106194
21754.7 106076 21754.7 106076
27306.3 104878 27306.3 104878
35517.2 100782 35517.2 100782
38247.8 99595.2 38247.8 99595.2
43707 98330.6 43707 98330.6
49151.6 95981.8 49151.6 95979.5
48779.8 95928.3 48779.8 95928.3
47082.2 98059 47082.2 98059
40460.9 99005.2 40460.9 99005.2
32378 102258 32378 102258
26165.2 102690 26165.2 102690
22009.7 103238 22009.7 103238
17839.6 104342 17839.6 104342
12690 105883 12690 105883
7586 110729 7586 110729
1251.93 113855 1251.93 113855
-1647.95 116124 -1647.95 116124
-2162.24 117433 -2167.81 117435
-2362.62 117391 -2362.62 117391
-3908.85 115754 -3908.85 115754
-4062.47 114768 -4062.47 114768
-4286.22 122592 -4286.22 122592
-4737.06 130967 -4737.06 130967
-8288.15 135008 -8288.15 135008
-11786.9 136409 -11786.9 136409
-9725.29 137891 -9725.29 137891
-9908.97 137858 -9908.97 137858
-9412.48 136362 -9412.48 136362
-13023.7 135329 -13023.7 135329
-16585.9 132813 -16587 132817
-16100.6 135424 -16100.6 135424
-14959.5 136095 -14959.5 136095
-14638.9 136489 -14638.9 136489
-15585.1 151931 -15585.1 151931
-16465.7 152398 -16465.7 152398
-14613.3 152134 -14613.3 152134
-12851.1 152069 -12851.1 152069
-10491.2 150406 -10491.2 150406
-7963.1 143255 -7963.1 143255
-8959.41 131822 -8959.41 131822
-6661.78 127222 -6661.78 127222
-4170.45 122416 -4170.45 122416
-4115.9 117529 -4115.9 117529
-3694 106279 -3694 106279
-1887.28 107425 -1887.28 107425
-4155.98 111337 -4155.98 111337
-3217.55 117150 -3217.55 117150
-2025.32 117549 -2025.32 117549
-1606.76 116148 -1606.76 116148
-3991.22 115761 -3991.22 115761
-1515.48 116781 -1515.48 116781
-3803.09 117130 -3803.09 117130
-4072.49 119292 -4072.49 119292
-4424.26 124689 -4424.26 124689
-5667.69 130074 -5667.69 130074
-7692.6 134990 -7692.6 134990
-10769.5 140841 -10769.5 140841
-12369.1 145920 -12368 145920
-14836 143789 -14836 143789
-14929.5 143789 -14929.5 143789
-10188.4 144622 -10188.4 144622
-5002 143604 -5002 143604
-1842.76 144522 -1842.76 144522
-2614.2 153296 -2614.2 153296
-4251.71 154300 -4251.71 154300
-5633.18 154380 -5633.18 154380
-4845.04 151564 -4845.04 151564
-4643.55 147100 -4643.55 147100
-4654.69 143729 -4654.69 143729
-3106.23 143546 -3106.23 143546
-5205.72 143600 -5205.72 143600
-10542.4 147146 -10542.4 147146
-11869.3 148295 -11869.3 148295
-12502.7 145944 -12502.7 145944
-15045.2 143854 -15045.2 143854
-14804.8 142640 -14804.8 142640
-15841.2 139989 -15841.2 139989
-17852.7 131780 -17852.7 131780
-19587.1 131586 -19587.1 131586
-18630.8 132029 -18630.8 132029
-17876.1 132519 -17876.1 132519
-16681.6 132824 -16681.6 132824
-16892 132844 -16892 132844
-18609.7 131822 -18609.7 131822
-20171.5 131495 -20171.5 131495
-22001.6 135458 -22001.6 135458
-21727.8 139025 -21745.6 139067
-19661.7 138951 -19661.7 138951
-18585.2 137927 -18585.2 137927
-16565.9 138688 -16565.9 138688
-16334.3 139258 -16334.3 139258
-13669.3 139561 -13669.3 139561
-12697.5 139134 -12697.5 139145
-12810 137484 -12810 137484
-11568.7 152755 -11568.7 152755
-11563.2 152817 -11563.2 152817
-16489.1 147106 -16489.1 147106
-16671.6 146759 -16671.6 146759
-16311 146481 -16311 146481
-15570.7 152937 -15570.7 152937
-3319.97 160943 -3319.97 160943
669.725 160879 669.725 160879
2597.78 160910 2597.78 160910
5548.86 161896 5548.86 161896
5562.22 162244 5562.22 162244
3338.05 160865 3338.05 160865
621.857 162575 621.857 162575
-5687.73 164047 -5687.73 164047
-5042.08 166017 -5042.08 166017
-6617.25 163254 -6617.25 163254
-7034.7 163254 -7034.7 163254
-7640.28 162885 -7640.28 162885
-7060.3 162740 -7060.3 162740
-7059.19 165779 -7059.19 165779
-7776.08 169698 -7776.08 169698
-8461.81 169047 -8461.81 169047
-7248.43 166710 -7248.43 166710
-7054.73 164230 -7054.73 164230
-6514.84 162606 -6514.84 162606
-6992.4 158735 -6992.4 158735
-7222.83 157595 -7222.83 157595
-9346.8 156862 -9346.8 156862
-10435.5 152592 -10435.5 152592
-13231.9 145922 -13231.9 145922
-13942.1 137537 -13942.1 137537
-11838.1 137911 -11844.8 137916
-13007 137448 -13007 137448
-14907.2 136502 -14907.2 136502
-15164.4 136395 -15164.4 136395
-17193.7 133525 -17193.7 133525
-19313.2 126011 -19313.2 126011
-20585.6 125219 -20585.6 125219
-23913 122175 -23913 122175
-27024.3 123489 -27024.3 123489
-26733.8 124851 -26733.8 124851
-26985.4 123696 -26985.4 123696
-23066.9 122046 -23066.9 122046
-20580.1 126196 -20580.1 126196
-20522.2 127033 -20522.2 127033
-20483.2 125319 -20483.2 125319
-18886.9 127510 -18886.9 127510
-20000.1 127579 -20002.3 127581
-16297.6 126572 -16297.6 126572
-14131.3 123349 -14131.3 123349
-12630.7 119214 -12630.7 119214
-10081.5 116122 -10081.5 116122
-10655.9 116104 -10655.9 116104
-11916.1 118943 -11916.1 118943
-12115.3 119016 -12115.3 119016
-13362.1 120483 -13362.1 120483
-12202.1 139445 -12202.1 139445
-15676.4 142366 -15676.4 142366
-15577.4 153948 -15577.4 153948
-14387.3 155313 -14387.3 155313
-14851.6 154360 -14851.6 154360
-13790.7 152857 -13790.7 152857
-10431.1 152919 -10431.1 152919
-6085.14 152835 -6085.14 152835
-2658.73 152663 -2658.73 152663
2321.71 152655 2321.71 152655
4118.4 160647 4118.4 160647
4191.87 161384 4191.87 161384
3019.68 160910 3019.68 160910
1271.96 154064 1271.96 154064
941.344 142248 941.344 142248
-5449.51 139212 -5449.51 139212
-8962.75 136360 -8962.75 136360
-8980.56 135627 -8980.56 135627
-9055.15 137433 -9055.15 137433
-11520.9 137464 -11520.9 137464
-11016.6 138183 -11016.6 138183
-10483.4 148689 -10483.4 148689
-9681.87 154785 -9681.87 154785
-9675.2 155266 -9675.2 155266
-10610.3 158220 -10610.3 158220
-10769.5 158029 -10769.5 158029
-10839.6 154937 -10839.6 154937
-14710.2 155135 -14710.2 155135
-16166.2 155219 -16166.2 155219
-16473.5 153053 -16473.5 153053
-15503.9 153160 -15503.9 153160
-12123.1 153814 -12123.1 153814
-11851.5 153823 -11851.5 153823
-11572.1 151399 -11572.1 151399
-15620.8 155148 -15620.8 155148
-24124.5 155148 -24124.5 155148
-26473.3 154678 -26473.3 154678
-24662.1 153641 -24662.1 153641
-19568.2 150555 -19568.2 150555
-18396 149221 -18396 149221
-19292.1 146133 -19283.2 146127
-18021.9 144114 -18021.9 144114
-18023 143689 -18023 143689
-19012.7 142847 -19012.7 142847
-17959.6 141732 -17959.6 141732
-14399.6 139668 -14399.6 139668
-8855.88 139407 -8855.88 139407
-4690.31 142687 -4690.31 142687
-4710.35 140815 -4710.35 140815
-3650.58 136729 -3650.58 136729
-3627.21 138971 -3627.21 138971
-6921.15 140053 -6921.15 140053
-6918.92 139871 -6918.92 139871
-4033.52 140616 -4033.52 140616
-3573.77 139815 -3573.77 139815
1158.42 142602 1158.42 142602
2106.86 152666 2106.86 152666
10729.7 152657 10729.7 152657
12415 152307 12415 152307
8892.9 152298 8892.9 152298
7896.59 150544 7896.59 150544
5834.95 150962 5834.95 150962
10328.9 155264 10328.9 155264
-14305 152076 -14305 152076
-16349.9 151577 -16346.6 151575
-13042.6 152082 -13042.6 152082
-12106.4 150417 -12106.4 150417
-8540.85 149582 -8540.85 149582
-4524.44 149103 -4524.44 149103
-2403.81 147788 -2403.81 147788
-2660.95 147779 -2660.95 147779
-2249.07 149061 -2249.07 149061
-3663.94 148556 -3663.94 148556
-2590.82 148387 -2590.82 148387
-3709.58 146305 -3709.58 146305
-3700.68 146708 -3700.68 146708
-4989.76 147743 -4989.76 147743
-4648.01 145005 -4648.01 145005
-4719.25 141792 -4719.25 141792
-7709.29 142197 -7709.29 142197
-7778.31 142202 -7778.31 142202
-6023.92 140452 -6023.92 140452
-5728.92 140425 -5728.92 140425
-4993.1 141520 -4993.1 141520
-3581.57 140280 -3559.3 140285
689.762 143012 686.423 143016
2512.06 139659 2512.06 139659
3993.72 137807 3993.72 137807
4306.53 138666 4306.53 138666
3615.24 137800 3615.24 137800
1481.24 135251 1481.24 135251
748.762 136061 748.762 136061
1957.69 131226 1957.69 131226
-2654.28 130199 -2654.28 130199
-3973.41 130633 -3973.41 130633
-3747.43 130587 -3747.43 130587
-4787.16 136284 -4786.04 136284
-3875.45 139183 -3875.45 139183
-3686.21 133942 -3686.21 133942
-3570.43 126103 -3570.43 126103
-3735.19 119379 -3735.19 119379
-1944.06 116242 -1944.06 116242
1976.62 113586 1976.62 113586
7801.96 110685 7801.96 110685
12476.3 108044 12476.3 108044
15781.3 105929 15781.3 105929
18755.8 106199 18761.4 106199
19915.8 106047 19915.8 106047
25425 106461 25425 106461
32106.3 104625 32106.3 104625
37951.7 99521.7 37951.7 99521.7
38237.8 99593 38237.8 99593
43426.4 98364 43426.4 98364
49013.6 97831.9 49013.6 97831.9
49151.6 95984 49153.8 95984
48952.3 97546.9 48952.3 97546.9
42551.5 96834.5 42551.5 96834.5
42156.3 97046 42160.7 97057.1
42596 97088.3 42596 97088.3
35844.5 100586 35844.5 100586
27186 105039 27186 105039
24084.7 106241 24084.7 106241
16568.4 105920 16568.4 105920
12083.3 113029 12083.3 113029
9351.53 122623 9351.53 122623
6851.3 126893 6851.3 126893
4798.56 130092 4798.56 130092
4736.23 130426 4731.77 130422
3137.68 130767 3137.68 130767
3064.21 131804 3064.21 131804
2504.27 135870 2504.27 135870
2965.13 136466 2965.13 136466
4951.07 139946 4951.07 139946
4957.75 139724 4957.75 139724
5938.48 139946 5938.48 139946
5913.99 140211 5913.99 140211
4369.98 142607 4369.98 142607
3318.02 152724 3318.02 152724
3438.24 152721 3438.24 152721
4595.96 151835 4595.96 151835
4551.44 151784 4551.44 151784
4597.08 151617 4597.08 151617
1414.45 152585 1414.45 152585
3418.2 151078 3418.2 151078
4400.04 151040 4400.04 151040
2712.44 139341 2712.44 139341
8764.88 127828 8764.88 127828
15556.5 118813 15556.5 118813
15872.6 114394 15872.6 114394
15410.7 117983 15410.7 117983
10867.7 119174 10867.7 119174
2581.08 131428 2583.31 131410
2572.17 131152 2572.17 131152
5240.5 132132 5240.5 132132
8731.48 124874 8731.48 124874
9848.02 124722 9848.02 124722
8631.29 125125 8631.29 125125
5307.29 131392 5307.29 131392
3117.64 130041 3117.64 130041
2585.53 131419 2584.42 131419
2575.51 131662 2575.51 131662
573.99 131818 573.99 131818
795.516 132938 795.516 132938
955.816 132891 955.816 132891
-8385 133316 -8385 133316
-10473.4 126893 -10473.4 126893
-10290.8 125366 -10290.8 125366
-11223.6 125677 -11223.6 125677
-9773.16 129754 -9773.16 129754
-7930.82 135505 -7930.82 135505
-5446.17 139278 -5446.17 139278
-5371.58 139639 -5371.58 139639
-2864.67 139098 -2864.67 139098
1271.96 146303 1271.96 146303
894.59 155765 894.59 155765
857.855 155364 857.855 155364
1556.94 154364 1555.83 154371
3087.58 153407 3087.58 153407
1575.87 152577 1575.87 152577
2899.45 151488 2899.45 151488
3127.66 149513 3127.66 149513
3550.67 147006 3550.67 147006
3811.16 146995 3811.16 146995
7308.82 144533 7308.82 144533
7169.67 144228 7169.67 144228
7170.78 149308 7170.78 149308
5896.17 147456 5896.17 147456
3191.11 146971 3191.11 146971
930.212 146988 930.212 146988
-1849.44 143820 -1849.44 143820
-4663.59 143172 -4663.59 143172
-4674.72 143079 -4674.72 143079
-4685.86 142678 -4685.86 142678
-2389.33 139056 -2389.33 139056
1361.02 143506 1361.02 143506
2056.77 143161 2056.77 143161
2729.14 146049 2729.14 146049
2478.67 147658 2478.67 147658
4377.78 151092 4377.78 151092
5362.95 151009 5362.95 151009
4391.14 146113 4391.14 146113
3312.45 146955 3312.45 146955
1171.78 146957 1171.78 146957
-894.314 146971 -894.314 146971
-1448.69 146959 -1448.69 146959
-47.1727 145332 -47.1727 145332
2014.46 146999 2014.46 146999
3844.56 148429 3845.67 148464
3168.85 147017 3168.85 147017
5780.4 147449 5780.4 147449
6466.13 146714 6466.13 146714
6355.92 147478 6350.36 147489
4460.15 146617 4460.15 146617
4519.15 145477 4519.15 145477
3710.97 146977 3710.97 146977
3495.01 146991 3495.01 146991
2546.57 149253 2546.57 149253
1347.66 149469 1347.66 149469
2412.99 149382 2412.99 149382
