1297.57 146719 1678.28 144751
1260.83 144666 1271.96 152786
1053.78 160356 -13.7768 158610
-2124.39 157167 -4060.24 154258
-4317.39 152505 -4400.88 152574
-3578.23 151096 -2611.97 151693
-5539.68 152752 -7456.6 152864
-14707.9 152806 -27918.2 152835
-28710.8 150738 -28704.1 150958
-27941.6 151426 -26016.9 148916
-26126 148836 -4797.18 131081
-3777.49 133541 -4217.2 134750
-3934.45 134866 -3873.22 134861
-2774.5 141710 -2772.27 142892
-1966.32 143620 -1757.04 147411
-1753.7 149395 -1711.4 151535
-3122.93 152505 -3592.7 152706
-3877.68 152683 -5863.62 152828
-6483.67 152701 -6502.59 149382
-5779.01 149328 -4604.59 149108
-2095.45 149090 -1747.02 147318
-1172.61 147040 -1089.12 148609
5.14748 149164 8.48706 148923
604.046 147347 864.534 147028
2282.74 147026 3151.04 148050
1877.54 147365 1865.3 147135
4416.74 147874 4459.04 153576
4774.07 155636 4445.68 155473
3097.6 153229 1723.92 151512
868.987 151546 -1050.16 152922
-961.106 153089 845.61 152793
783.271 152922 2633.4 152672
5114.71 152750 -1.29625e+07 9.03751e+06
30611.3 102754 30600.2 102801
30613.6 102699 30612.4 102728
30615.8 102699 30848.4 103240
28124.5 105212 28157.8 109843
27928.5 107581 30713.7 104894
30859.6 103013 28727.8 105722
27967.5 109398 28140 109848
28005.3 109687 21193.7 111181
20637.1 119354 18180.3 124366
14041.4 124228 6455 131038
4316.55 134683 -1863.91 143480
-3072.84 140986 -2785.63 142760
-2426.07 146345 -2604.18 146374
-6714.1 157319 -6091.82 158672
-3863.2 152167 -676.128 156232
-375.565 157991 -1020.11 157998
-1257.22 161943 -1265.01 165425
964.721 169726 601.82 169962
-671.675 166583 -2434.98 166374
-2426.07 164221 -3178.59 162560
-3311.06 157822 -4218.31 156197
-6233.2 156624 -7882.95 153567
-9505.99 152781 -10121.6 152752
-11143.5 151399 -10800.6 150406
-11703.4 151060 -10402.1 149502
-9872.23 144410 -7685.92 137593
-7876.27 131851 -12349.1 131557
-10875.2 131813 -10776.1 135229
-8626.57 139372 -6145.25 141932
-4269.52 143604 -1810.47 146962
-2306.96 151045 -2598.62 152383
-2613.09 153115 -3545.94 154155
-3264.31 158833 -3511.44 164049
-9051.81 164267 -11815.9 169693
-12777.7 170855 -11707.9 171007
-11696.8 171142 -11582.1 167384
-11228.1 163063 -11176.9 162960
-11215.9 162077 -10846.3 161654
-11289.3 156088 -15464.9 154870
-16032.7 152806 -17287.2 152185
-17254.9 151731 -17635.7 150214
-16489.1 151452 -13491.2 152056
-10765 152911 -6219.84 153888
-6219.84 155075 -7014.66 156836
-7378.67 153612 -7781.65 148970
-7850.67 146463 -7898.54 144969
-6268.82 144292 -6277.72 143885
-2569.67 143497 8945.22 127699
15091.2 121409 15864.8 114485
15896 119842 15358.3 121133
13121.9 125045 8788.26 128149
5699.14 132593 2015.58 136856
4292.06 142066 4394.47 150934
5823.82 150998 4926.58 150996
7565.97 150824 7496.95 151381
7259.84 150864 3704.29 151076
1455.64 150299 138.731 148489
422.596 148493 -455.715 148870
-1222.71 147322 -728.448 149689
-1079.1 149250 -1511.02 146309
-1895.08 146937 -1732.55 151132
717.592 153596 2935.08 153396
4434.55 153541 6990.45 154714
4557 154318 3086.47 153732
3070.89 153411 1610.37 153037
1624.85 153106 1294.23 153066
1273.08 152276 1296.45 145405
876.779 140930 4420.08 134291
7149.63 129618 9899.22 127381
13606.2 124691 18038.9 124364
20815.2 120254 21173.7 112453
25986 110881 28157.8 109843
27819.4 107174 28025.4 101078
30424.3 91756.1 31312.6 84406.8
31525.3 74225.5 32144.2 72900.8
33505.6 73735.7 37041.1 76389.5
38874.6 72720.4 38786.6 69329.6
38574 75868.5 34778 81650.5
31132.3 86838 30161.6 95988.4
27572.3 103220 28176.8 109026
28156.7 109843 28131.1 107739
30827.3 103529 30855.1 103131
30653.6 104814 27995.3 105386
27959.7 110144 26525.9 110883
23509.1 113512 21020 119403
19030.8 124522 13963.5 124328
8985.29 127968 5413.05 132944
3862.37 135999 2436.37 134679
2402.97 135750 -235.303 133336
1423.36 134376 1814.09 138597
1248.59 143028 568.424 145900
1309.81 148269 1237.45 148028
1625.96 147990 1659.36 147011
2125.78 150767 1294.23 145361
-1236.06 144782 -1633.48 152614
1251.93 155364 -1377.44 163653
-5626.51 164185 -5311.47 165024
-6711.87 164036 -6950.09 162197
-6911.13 158835 -6321.14 158813
-6109.63 158499 -6794.25 157597
-7317.45 155215 -8466.27 153601
-8726.75 152837 -9188.73 151889
-10291.9 150357 -11241.5 151230
-12342.4 151230 -10558 151421
-9724.18 151450 -9556.08 151007
-10182.8 150406 -10472.2 151866
-10477.8 153349 -11249.3 159928
-12587.3 161674 -10411 161634
-9993.57 161542 -5571.96 160313
-5137.81 157268 -4249.48 157150
-4252.82 154654 -4295.12 152301
-3601.6 151259 -2685.44 151029
-1666.87 149164 -695.052 143526
893.477 141988 -50.5123 141068
-591.525 141897 -510.262 140799
1228.55 146839 1886.45 147921
1854.16 148522 1218.53 150720
932.439 153552 -886.522 152931
-1025.67 152706 -1971.89 153289
-1974.11 153202 -2011.96 153314
-2712.16 150971 -3682.87 148204
-2714.39 146890 -1511.02 145650
-1544.42 145465 -1762.61 149660
-3252.06 152597 -8079.99 152902
-16787.4 144221 -19434.6 141244
-23385.3 138187 -13132.8 152895
-9918.99 153398 -9668.52 152948
-9389.1 144121 -7275.15 142618
-6774.21 142589 -6333.38 143050
-5815.75 140441 -5436.15 140425
-3741.87 140748 -2797.88 141173
-1249.42 141220 3738.8 140761
3863.48 140964 4405.61 151296
4020.44 159781 3977.03 160986
3039.72 158136 3087.58 152236
4464.61 147687 5859.44 146808
4231.95 146975 1788.49 141124
4268.68 134712 8094.73 126770
10664 119437 12183.5 111989
30588 102770 30595.7 102741
30601.3 102797 30592.4 102761
30572.4 102772 30594.6 102605
30590.2 102723 30677 105070
28132.2 107835 28135.6 109825
28095.5 107595 30711.5 104845
29031.7 102467 26869.9 105571
20037.1 114390 21347.3 124364
14510.1 124406 10161.9 127111
4394.47 135843 803.308 142798
897.93 142625 1261.94 153598
-914.352 163671 -4079.16 164782
-4924.08 164025 -5258.04 164031
-6979.04 160954 -7208.36 161066
-6977.92 160226 -7591.29 165156
-7672.56 165084 -7718.2 164953
-6976.81 159826 -6883.3 159801
-8430.64 158416 -9998.02 156860
-10797.3 156548 -10853 154302
-11874.9 153140 -11864.8 153078
-10582.4 155391 -9179.82 157499
-10404.3 156700 -10403.2 155589
-9716.38 153347 -8988.35 154616
-10992.1 154235 -11867.1 153015
-11716.8 150488 -12686.4 142919
-12895.7 139568 -10423.3 137466
-9009.5 139312 -7392.03 140514
-6104.07 141010 -6041.73 134973
-3749.66 134952 -4778.25 138844
-4767.12 139822 -3472.47 143546
-1919.57 147015 -2712.16 145465
-2783.41 141919 -2822.37 138555
-3292.14 140652 -4224.99 140730
-5253.59 141656 -6090.71 141698
-4774.91 140692 -4457.65 140683
-3787.51 143413 -3622.75 151853
-2640.92 152612 3715.43 152663
11260.7 152494 15711.2 152450
17981 152136 17613.7 152474
12930.5 150913 6960.39 150893
5880.59 150936 3411.52 151027
2234.88 148798 2424.12 148836
1374.38 149335 -266.472 149368
-1476.51 149219 -1059.07 148821
-2019.75 147912 -2705.48 146730
-2448.33 146374 -3697.34 146494
-3698.45 145853 -1636.82 145486
-624.921 145521 -1254.99 144949
-1252.76 144798 2120.22 143001
3584.07 141674 3606.33 141787
1330.96 143453 783.271 142898
22.9586 143963 -1774.85 139002
-12949.1 135404 -10930.9 135249
-12128.7 137475 -15411.5 137646
-14817 137642 -10958.7 145490
-10790.6 145570 -10058.1 146365
-17336.2 143431 -18306.9 146614
-17163.7 146421 -15613 148665
-14436.3 148260 -12979.2 148240
-11456.3 147362 -10447.8 143704
-9566.1 137448 -9273.33 139345
-9404.69 139258 -9398.01 138577
-9148.65 139441 -9237.71 135153
-8936.03 137381 -9297.82 136295
-12009.6 139419 -8892.62 145488
-8432.87 146728 -7851.78 148233
-7796.12 149431 -9582.8 151374
-10291.9 151394 -10389.9 152020
-10438.8 154591 -17152.5 156482
-17254.9 155324 -17258.3 154912
-15557.3 152821 -15641.9 142916
-8501.89 133020 -15162.1 115585
-17921.7 111591 -20190.4 115180
-19809.7 116476 -18156.6 117569
-16916.5 120697 -15656.4 123711
-14136.9 123044 -14323.9 122629
-14136.9 124235 -12567.3 125250
-12194.4 123691 -8506.34 133111
-8951.62 137145 -9844.4 137433
-9416.93 136827 -8890.39 139298
-7713.75 140536 -7783.88 140541
-9404.69 137332 -9018.41 134661
-8032.12 134423 -7613.56 133719
-7128.21 134630 -8949.39 137395
-6896.66 139356 -6133.01 142999
-7604.65 143074 -7527.84 139439
-5353.77 139913 -4686.97 144232
-2896.95 145410 557.292 141474
4476.85 136647 6193.4 137589
5921.78 140011 5512.12 140109
5388.56 140260 4414.51 136662
2750.29 139336 1180.68 142204
1268.62 146926 3542.88 146986
5779.29 146512 5840.52 147451
3600.77 146959 3122.09 150945
2343.97 151886 1234.11 152525
15.1662 151621 -2468.37 152650
-6891.09 152879 -10487.8 153267
-9672.97 154845 -9517.12 163633
-7843.99 165536 -7056.96 163871
-6648.42 158822 -5767.88 156807
-3501.42 155849 -4314.05 152815
-3660.6 148754 -2102.13 145590
-1248.31 145555 1209.62 142698
25.185 138025 129.825 137388
6009.72 131268 9780.11 127412
14974.3 124304 21289.4 124384
20294.2 113855 23829.7 110781
27973.1 110304 30819.5 103598
30600.2 102774 30850.7 103160
30653.6 104805 28923.7 105729
28232.4 109469 27695.9 107011
27743.7 106159 30796.1 104092
30603.5 102748 30849.6 102779
24686.9 103572 22409.3 102781
22152.2 102503 22083.1 102478
22166.6 102503 22200 102481
22165.5 102516 22176.7 102494
22178.9 102496 22186.7 102556
22160 102420 22185.6 102507
22186.7 102507 22190 102445
22193.3 102496 22175.5 102498
22174.4 102498 21871.6 103676
23351.1 107955 27826.1 109569
28143.4 109839 28176.8 108140
27944.1 104284 30838.4 103454
30752.7 104709 28433.9 105504
28170.1 108238 28157.8 109830
28181.2 108792 27408.7 102672
30372 92566.5 31321.5 84489.1
31259.2 76420.7 32149.8 72891.9
34971.7 74247.7 37421.9 76080.1
38800 73688.9 38785.5 69338.5
38871.2 72713.8 37586.6 77491.6
34475.2 82603.4 30855.1 87719.6
29872.2 96756.5 27390.9 102674
24807.1 107229 24921.8 108015
27935.2 108755 27961.9 110117
28159 109830 26560.4 109200
25615.3 107165 26292.1 108031
28259.1 109554 27934.1 111088
27338.5 118379 20968.8 118876
21047.9 119052 20275.3 113869
23711.7 110805 27993.1 110516
28136.7 109870 28179 108922
27971.9 104576 30598 102886
30786.1 104453 30648.1 104792
27662.5 106985 28177.9 109022
28712.2 104302 30612.4 102719
30601.3 102830 30619.1 102759
30618 102823 30615.8 102741
30631.4 102806 30614.7 102761
30625.8 102806 30643.6 105773
27948.6 105471 26829.8 109298
23554.8 110778 23086.1 118602
20984.4 119412 18870.5 124497
14090.4 124215 12340.5 127971
13365.7 134990 12044.4 138619
11107 138642 7584.89 137152
7420.14 136838 7987.87 131853
8593.45 131762 6345.91 132054
4380 135282 3862.37 135999
1996.65 132951 1781.81 128699
-3953.37 126746 -4259.5 125470
-3704.02 126290 -3633.89 126321
-3656.15 126659 -5123.34 130199
-4739.29 130177 -3534.81 125439
-2253.52 123226 -3651.7 123843
-3602.72 126172 -3727.4 132388
-4069.15 133329 -3641.68 137181
-3573.77 140694 -4694.76 141382
-5452.85 143054 -5889.22 143045
-7375.33 143655 -10540.1 145991
-10588 150401 -11021 150390
-11807 148451 -12545 147360
-10660.4 147333 -9527.14 150279
-8590.94 151653 -8495.21 152601
-10073.7 154542 -14779.2 158412
-13450 155878 -14518.7 152795
-15571.8 146100 -20017.9 130725
-21374.9 130892 -19563.7 131622
-17610 132735 -16191.8 133939
-16032.7 137141 -16287.6 142146
-15572.9 151394 -16443.4 152768
-14375.1 152735 -12320.1 151256
-7751.59 142217 -6165.29 141151
-5598.68 143085 -6084.03 143424
-5813.52 141948 -5930.41 143059
-5574.19 143649 -1801.57 148048
-2077.64 148489 -2607.52 151849
-1994.15 152826 -1810.47 145641
-696.165 140109 -7233.96 139316
-10745 135135 -13034.8 134585
-13047.1 133882 -13015.9 134616
-13810.7 133913 -13689.4 134298
-12981.4 133668 -11883.8 133868
-11887.1 133808 -10857.4 131421
-11474.1 127933 -12561.7 126016
-12928 126178 -12928 126178
