-12847.8 152813 -12847.8 152813
-14097.9 152770 -14097.9 152770
-14375.1 152205 -14375.1 152205
-14371.8 152692 -14371.8 152692
-13482.3 154473 -13482.3 154473
-13588.1 155938 -13588.1 155938
-12118.7 155079 -12118.7 155079
-11972.8 157147 -11972.8 157147
-12030.7 154745 -12030.7 154745
-10904.2 153240 -10904.2 153240
-10886.4 153066 -10886.4 153066
-10438.8 151742 -10438.8 151742
-10446.6 152060 -10446.6 152060
-11296 157568 -11296 157568
-11484.1 165648 -11484.1 165648
-5386.06 164080 -5386.06 164080
-2423.84 164187 -2423.84 164187
-2075.41 167237 -2075.41 167237
-1996.38 167095 -1996.38 167095
-2427.18 166736 -2427.18 166736
-2155.56 163793 -2155.56 163793
-4465.44 163953 -4465.44 163953
-4904.04 163321 -4904.04 163321
-5599.79 165044 -5599.79 165044
-5589.77 165251 -5589.77 165251
-299.868 169595 -299.868 169595
4196.33 162584 4196.33 162584
4463.49 157397 4463.49 157397
4484.64 156068 4484.64 156068
5612.31 154338 5612.31 154338
4877.6 154333 4882.05 154351
4492.44 154322 4492.44 154322
3458.28 154376 3458.28 154376
2771.44 153334 2771.44 153334
-1593.4 152521 -1593.4 152521
-1791.55 146975 -1791.55 146975
-4260.62 143578 -4260.62 143578
-6203.14 143615 -6203.14 143615
-8128.97 143635 -8128.97 143635
-9546.06 144261 -9546.06 144261
-10372.1 144691 -10372.1 144691
-13472.3 145900 -13472.3 145900
-13526.8 146318 -13526.8 146318
-13690.5 146260 -13690.5 146260
-13398.8 146015 -13398.8 146015
-12982.5 147200 -12982.5 147200
-12857.8 149331 -12857.8 149331
-10853 149339 -10853 149339
-10050.3 150288 -10050.3 150288
-10074.8 152354 -10074.8 152354
-9691.89 152639 -9691.89 152639
-9684.1 153924 -9684.1 153924
-9679.65 154369 -9679.65 154369
-9670.74 155286 -9670.74 155286
-9645.14 156597 -9645.14 156597
-9302.28 156911 -9302.28 156911
-8667.75 156983 -8667.75 156983
-8456.25 158200 -8456.25 158200
-10119.4 162217 -10119.4 162217
-9699.69 161337 -9699.69 161337
-10106 161393 -10106 161393
-11252.6 158428 -11252.6 158428
-11276 155217 -11276 155217
-10393.2 153728 -10393.2 153728
-9709.7 151394 -9709.7 151394
-9490.41 150357 -9490.41 150357
-10091.5 150758 -10091.5 150758
-9975.76 151045 -9975.76 151045
-10336.4 151410 -10336.4 151410
-10393.2 154342 -10393.2 154342
-11268.2 160342 -11268.2 160342
-11937.2 163873 -11937.2 163873
-12403.6 164238 -12403.6 164238
-13869.7 163693 -13869.7 163693
-13732.8 163660 -13732.8 163660
-11713.5 163965 -11713.5 163965
-11805.9 163876 -11805.9 163876
-14097.9 165332 -14097.9 165332
-15548.4 155377 -15548.4 155377
-15519.5 150366 -15519.5 150366
-15299.1 147325 -15299.1 147325
-14695.7 147316 -14695.7 147316
-12557.3 146013 -12557.3 146013
-7158.26 143629 -7158.26 143629
-2764.48 143161 -2764.48 143161
-2716.61 143121 -2716.61 143121
-3372.29 141336 -3372.29 141336
-4691.42 140844 -4691.42 140844
-4193.82 141854 -4193.82 141854
-4625.74 141872 -4649.12 141850
-4292.9 143544 -4292.9 143544
-8262.55 143580 -8262.55 143580
-8707.83 143562 -8707.83 143562
-8714.51 143482 -8714.51 143482
-7760.5 139194 -7760.5 139194
-9075.18 131508 -9075.18 131508
-10028.1 128834 -10028.1 128834
-8505.23 129195 -8508.57 129208
-9512.67 132227 -9512.67 132227
-9509.33 132339 -9509.33 132339
-8041.03 134757 -8041.03 134757
-4203.84 143569 -4203.84 143569
-1763.72 148542 -1763.72 148542
-2556.31 151023 -2556.31 151023
-2594.16 153285 -2594.16 153285
1371.04 152846 1371.04 152846
1340.98 145359 1340.98 145359
1476.79 144381 1476.79 144381
1410 144359 1410 144359
586.235 146686 586.235 146686
575.103 146824 575.103 146824
253.39 144343 256.73 144306
1162.87 147066 1162.87 147066
1997.77 147937 1997.77 147937
1329.85 147117 1329.85 147117
2808.17 146151 2803.72 146160
2104.63 144942 2104.63 144942
1349.89 144377 1349.89 144377
1322.06 143724 1322.06 143724
-1197.1 139258 -1197.1 139258
-2240.17 139120 -2240.17 139120
-1606.76 139361 -1598.97 139347
-1207.12 139517 -1207.12 139517
-302.094 141612 -302.094 141612
-1393.03 145372 -1393.03 145372
-2885.82 149099 -2885.82 149099
-3596.04 151557 -3596.04 151557
-3511.44 155353 -3511.44 155353
-1745.91 158810 -1745.91 158810
-1279.48 162286 -1279.48 162286
-1396.36 163617 -1396.36 163617
-5568.62 166037 -5568.62 166037
-6282.18 166701 -6282.18 166701
-5529.66 164759 -5520.75 164735
-10275.2 164962 -10275.2 164962
-13279.7 152857 -13279.7 152857
-10909.7 151403 -10909.7 151403
-10339.8 145494 -10342 145497
-10425.5 143691 -10425.5 143691
-8363.85 141623 -8363.85 141623
-5580.86 140434 -5580.86 140434
-4675.84 136901 -4675.84 136901
-2329.22 134737 -2329.22 134737
1503.51 128892 1503.51 128892
6355.92 130711 6355.92 130711
25939.2 105785 25921.4 105829
25920.3 105847 25934.8 105834
25961.5 105798 25937 105773
25443.9 106165 25443.9 106165
22188.9 106049 22188.9 106049
17957.6 105960 17957.6 105960
12479.6 105898 12479.6 105898
10727.4 109703 10727.4 109703
4873.15 111081 4873.15 111081
2031.16 114289 2031.16 114289
2045.63 114374 2045.63 114374
1393.3 121559 1393.3 121559
1407.77 122327 1407.77 122327
-924.37 124426 -924.37 124426
-1892.85 122462 -1892.85 122462
-503.583 123896 -503.583 123896
-663.883 123168 -663.883 123168
-620.468 124117 -620.468 124117
-3096.21 123032 -3096.21 123032
-3124.04 122848 -3124.04 122848
-465.734 127507 -465.734 127507
1699.43 127654 1699.43 127654
1890.9 129030 1890.9 129030
707.573 131760 707.573 131760
2.92109 133182 2.92109 133182
-1564.46 134585 -1564.46 134585
-3366.72 133619 -3366.72 133619
-3205.31 133739 -3205.31 133739
-3360.04 133621 -3360.04 133621
-3045.01 132537 -2991.57 132537
-2693.24 133637 -2693.24 133637
-2836.84 133641 -2836.84 133641
-4769.35 133423 -4769.35 133423
-4779.36 133565 -4779.36 133565
-5229.09 133795 -5213.51 133761
-5224.64 133710 -5226.87 133728
-4783.82 138087 -4783.82 138087
-2052.04 139040 -2052.04 139040
1194.04 143052 1194.04 143052
1992.2 142055 1992.2 142055
1994.43 141986 1994.43 141986
1071.59 141990 1071.59 141990
944.684 142055 944.684 142055
1022.61 141883 1024.83 141877
982.533 141792 982.533 141792
1014.82 141872 1014.82 141872
1014.82 141959 1014.82 141959
-179.643 139853 -179.643 139853
585.122 136377 585.122 136377
2235.99 135594 2235.99 135594
3656.43 133939 3656.43 133939
4080.55 133220 4080.55 133220
2536.55 134492 2536.55 134492
2297.22 133864 2297.22 133864
2497.59 133554 2497.59 133554
3151.04 130932 3151.04 130932
1989.97 131867 1989.97 131867
1150.63 134636 1150.63 134636
1447.85 132058 1455.64 132003
-305.434 133548 -305.434 133548
581.782 132886 594.028 132913
3006.32 133125 3006.32 133125
3873.5 134262 3873.5 134262
4068.31 134536 4068.31 134536
4402.27 135823 4402.27 135823
4441.23 138163 4441.23 138163
3623.03 137782 3623.03 137782
1837.47 141097 1837.47 141097
1237.45 141474 1237.45 141474
1113.89 141819 1113.89 141819
931.326 141654 931.326 141654
871.213 142199 871.213 142199
1253.04 145722 1253.04 145722
1097.19 147178 1097.19 147178
1088.29 147117 1088.29 147117
1354.34 143549 1354.34 143549
950.25 142128 950.25 142128
940.231 141814 940.231 141814
217.768 141534 217.768 141534
3594.09 137270 3594.09 137270
4406.72 138319 4406.72 138319
4428.98 138078 4428.98 138078
4421.19 137969 4421.19 137969
3790.01 137408 3790.01 137408
3677.58 140688 3677.58 140688
4404.49 150212 4404.49 150212
3043.06 153576 3043.06 153576
2025.6 154411 2025.6 154411
3569.6 154378 3569.6 154378
4454.59 154387 4454.59 154387
4569.25 151141 4569.25 151141
6152.21 150969 6152.21 150969
6073.17 150925 6073.17 150925
4454.59 147859 4454.59 147859
4592.62 145452 4592.62 145452
4529.17 145448 4529.17 145448
4463.49 145294 4463.49 145294
4180.74 141031 4180.74 141031
3831.2 138673 3831.2 138673
4476.85 137466 4476.85 137466
4570.36 138472 4570.36 138472
3028.58 137925 3028.58 137925
3328.03 136923 3328.03 136923
1981.07 136711 1981.07 136711
1399.98 137591 1391.08 137586
-3732.96 134748 -3732.96 134748
-6328.93 135983 -6328.93 135983
-6151.93 137428 -6151.93 137428
-5391.62 138517 -5391.62 138517
-4780.48 137856 -4780.48 137856
-4879.55 138486 -4879.55 138486
-5382.72 138666 -5382.72 138666
-4752.65 140006 -4752.65 140006
-4924.08 140708 -4924.08 140708
-5002 141295 -5002 141295
-6037.27 143544 -6037.27 143544
-6932.28 143591 -6932.28 143591
-7292.96 143593 -7292.96 143593
-8147.89 143606 -8147.89 143606
-8594.28 143517 -8594.28 143517
-9750.89 144272 -9750.89 144272
-10583.6 145138 -10583.6 145138
-13576.9 146067 -13605.9 146064
-13266.4 146443 -13266.4 146443
-12998.1 147040 -12998.1 147040
-13757.3 147251 -13757.3 147251
-13663.8 146714 -13663.8 146714
-13542.4 146623 -13542.4 146623
-14460.8 147253 -14460.8 147253
-15047.5 147284 -15047.5 147284
-15614.1 149954 -15614.1 149954
-15600.7 152390 -15600.7 152390
-15540.6 152296 -15540.6 152296
-15544 149377 -15544 149377
-15542.8 145868 -15542.8 145868
-16445.6 138241 -16445.6 138241
-17962.9 131539 -17962.9 131539
-18331.4 129778 -18331.4 129778
-16878.7 134216 -16878.7 134216
-16071.6 135302 -16071.6 135302
-14861.6 135514 -14861.6 135514
-13048.2 134387 -13048.2 134387
-12327.9 132127 -12327.9 132127
-9631.78 131960 -9631.78 131960
-7206.13 132855 -7206.13 132855
-7205.02 133392 -7200.56 133405
-7200.56 133305 -7200.56 133305
-7061.41 133098 -7061.41 133098
-8645.49 132619 -8645.49 132619
-10397.7 127104 -10397.7 127104
-9321.2 125526 -9321.2 125526
-10909.7 125546 -10909.7 125546
-9746.44 129783 -9746.44 129783
-7747.14 132795 -7747.14 132795
-6944.53 135910 -6944.53 135910
-4102.54 134890 -4102.54 134890
-3034.99 134788 -3034.99 134788
-1084.67 135004 -1084.67 135004
1426.7 129709 1426.7 129709
-831.975 130408 -831.975 130408
-5387.17 130090 -5387.17 130090
-8692.24 131891 -8692.24 131891
-9198.75 132352 -9198.75 132352
-7290.73 134999 -7284.05 134986
582.896 136420 582.896 136420
2461.97 133494 2461.97 133494
3173.3 131332 3173.3 131332
3781.1 130066 3781.1 130066
5887.27 131522 5887.27 131522
7037.2 129502 7037.2 129502
6773.37 125731 6773.37 125731
6546.28 124317 6546.28 124317
8831.67 124442 8831.67 124442
11181.6 118747 11181.6 118747
13372.4 116333 13372.4 116333
13723 116162 13721.9 116166
13400.2 116224 13400.2 116224
14122.7 117863 14122.7 117863
14760.5 117967 14759.4 117972
14687.1 113196 14687.1 113196
15412.9 109084 15412.9 109084
18645.6 106027 18645.6 106027
21315 106058 21315 106058
22590.8 105992 22606.3 105969
24405.3 106428 24405.3 106428
25644.3 105867 25640.9 105885
25629.8 105769 25629.8 105769
25637.6 105849 25643.1 105878
25683.2 105925 25657.6 105871
25640.9 105867 25632 105871
25576.3 105905 25576.3 105905
24386.3 106103 24383 106156
24383 106219 24381.9 106216
24387.5 106288 24387.5 106288
24179.3 106272 24179.3 106272
19200 106034 19200 106034
15431.8 105920 15431.8 105920
15287.1 112272 15287.1 112272
8088.06 128300 8088.06 128300
1949.9 138935 1949.9 138935
-1867.25 144668 -1867.25 144668
-2750.01 145439 -2750.01 145439
-2736.65 145706 -2736.65 145706
-2667.63 149021 -2667.63 149021
-2589.71 152528 -2589.71 152528
-2618.65 153362 -2618.65 153362
-3333.32 154115 -3333.32 154115
-4574.54 154291 -4574.54 154291
-4822.78 153955 -4822.78 153955
-4836.14 152314 -4836.14 152314
-4594.57 151270 -4594.57 151270
-2617.54 151018 -2617.54 151018
-1423.08 154511 -1423.08 154511
-824.183 161028 -824.183 161028
-613.789 160398 -613.789 160398
833.364 160369 833.364 160369
901.269 160378 901.269 160378
-398.942 160761 -398.942 160761
-551.45 159701 -551.45 159701
-5588.66 160814 -5588.66 160814
-11139 161400 -11139 161400
-11259.3 155159 -11259.3 155159
-10375.4 153385 -10375.4 153385
-10308.6 152227 -10308.6 152227
-10265.2 152608 -10265.2 152608
-9915.65 151029 -9915.65 151029
-9888.93 150731 -9888.93 150731
-9612.86 150433 -9612.86 150433
-8509.68 151018 -8509.68 151018
-7605.77 151924 -7605.77 151924
-7505.58 152804 -7505.58 152804
-6205.37 152864 -6205.37 152864
-4445.41 152748 -4445.41 152748
-2712.16 152663 -2712.16 152663
942.458 152679 942.458 152679
1309.81 152065 1309.81 152065
1250.81 151544 1250.81 151544
1290.89 150559 1290.89 150559
1366.58 151118 1366.58 151118
1592.56 151265 1592.56 151265
1228.55 152421 1228.55 152421
-98.3797 153598 -98.3797 153598
-1281.71 153100 -1282.82 153093
-1656.85 151791 -1656.85 151791
-1715.85 150070 -1715.85 150070
-598.204 143477 -598.204 143477
182.145 139463 182.145 139463
337.993 139225 337.993 139225
-91.7005 139837 -91.7005 139837
-157.379 140062 -157.379 140062
1483.47 139608 1483.47 139608
4408.95 147407 4408.95 147407
5832.72 151011 5832.72 151011
6163.34 150960 6163.34 150960
8863.95 150700 8863.95 150700
11537.8 150664 11537.8 150664
12074.4 149420 12074.4 149420
11585.7 149424 11585.7 149424
11275.1 152323 11275.1 152323
6399.34 152666 6399.34 152666
1279.76 154033 1279.76 154033
1309.81 153647 1309.81 153647
1283.1 150408 1283.1 150408
-1063.52 145312 -1063.52 145312
-1625.68 145350 -1625.68 145350
-1711.4 145601 -1711.4 145601
-1531.06 145715 -1531.06 145715
-1561.12 145481 -1561.12 145481
-382.244 143364 -382.244 143364
11.8266 144085 11.8266 144085
-870.937 145307 -870.937 145307
-1254.99 145096 -1254.99 145096
-3068.38 143520 -3068.38 143520
-6274.39 144539 -6274.39 144539
-6263.25 145396 -6263.25 145396
-6161.95 145483 -6161.95 145483
-6030.6 146697 -6030.6 146697
-7606.88 147153 -7606.88 147153
-8548.64 147240 -8548.64 147240
-9121.94 146815 -9121.94 146815
-9092.99 145503 -9092.99 145503
-10388.8 145463 -10388.8 145463
-10899.7 145305 -10899.7 145305
-11446.3 142400 -11446.3 142400
-11484.1 142052 -11484.1 142052
-11426.3 139488 -11426.3 139488
-8972.77 139508 -8972.77 139508
-8802.45 139468 -8802.45 139468
-7065.87 139350 -7065.87 139350
-6097.39 143611 -6097.39 143611
-1950.74 143658 -1950.74 143658
-1248.31 145410 -1248.31 145410
-713.976 146305 -713.976 146305
497.18 147022 497.18 147022
1247.47 148422 1247.47 148422
1285.32 152044 1285.32 152044
793.289 159799 793.289 159799
649.687 159011 649.687 159011
797.742 160333 808.874 160333
825.572 160387 825.572 160387
1112.78 160338 1112.78 160338
1305.36 153596 1305.36 153596
1308.7 151212 1308.7 151212
1125.02 142504 1125.02 142504
1635.98 135010 1635.98 135010
2602.23 133263 2603.34 133254
2506.5 133381 2506.5 133381
2567.72 134300 2567.72 134300
2473.1 133372 2473.1 133367
2632.29 133089 2632.29 133089
3001.87 136809 3001.87 136809
5489.86 136598 5489.86 136598
4884.28 137437 4884.28 137437
4474.63 136629 4474.63 136629
1948.79 134371 1948.79 134371
474.916 133946 474.916 133946
444.859 133875 444.859 133875
1729.49 132866 1729.49 132866
2527.65 130286 2527.65 130286
5505.44 132392 5505.44 132392
8591.22 125283 8591.22 125283
10508.1 119559 10508.1 119559
12011 116004 12011 116004
12092.2 115696 12093.3 115696
13254.4 116360 13254.4 116360
13381.3 116075 13381.3 116075
12107.8 115696 12107.8 115705
12298.2 110609 12298.2 110609
15847 105929 15847 105929
24970.8 106346 24970.8 106346
25934.8 105791 25959.3 105740
25971.5 105698 25971.5 105698
25914.8 105883 25914.8 105883
25563 106931 25563 106931
25423.8 107178 25423.8 107178
24397.5 106332 24397.5 106332
19030.8 105969 19030.8 105969
15316 105867 15316 105867
11370.9 108536 11370.9 108536
6229.02 110992 6229.02 110992
2020.03 114116 2020.03 114116
2042.29 114358 2042.29 114358
1666.03 118858 1666.03 118858
1314.26 122407 1314.26 122407
1082.72 125181 1082.72 125181
1853.05 127748 1853.05 127748
1885.33 129643 1885.33 129643
1719.47 129656 1719.47 129656
2349.54 129705 2349.54 129705
2543.23 129280 2538.78 129309
2546.57 129358 2546.57 129358
2541.01 129562 2541.01 129562
1485.7 132873 1485.7 132873
796.629 134728 796.629 134728
890.137 142257 890.137 142257
998.117 141741 983.646 141712
472.689 141603 472.689 141603
-571.487 143005 -571.487 143005
-993.388 144945 -993.388 144945
-2192.3 145292 -2192.3 145292
-2396.01 144998 -2396.01 144998
-1269.46 145363 -1269.46 145363
-775.202 145949 -775.202 145935
-712.863 146051 -712.863 146051
995.891 141981 984.759 141961
913.515 142204 913.515 142204
1063.8 142032 1063.8 142032
926.873 142164 926.873 142164
1024.83 141905 1024.83 141905
909.062 142186 909.062 142186
1015.93 141926 994.778 141930
992.551 142030 992.551 142030
-236.416 138199 -236.416 138199
1391.08 135375 1391.08 135375
2765.87 132806 2765.87 132806
3326.92 130943 3326.92 130943
3102.06 129061 3102.06 129061
2537.67 129293 2529.87 129289
2517.63 129217 2517.63 129217
2493.14 129151 2499.82 129166
1827.45 127663 1827.45 127663
42.9961 127579 42.9961 127579
1920.96 130571 1920.96 130571
2164.75 131108 2164.75 131108
2164.75 133806 2164.75 133806
2655.66 137448 2655.66 137448
-312.113 142598 -312.113 142598
-599.317 144847 -599.317 144847
-1417.52 146984 -1417.52 146984
-1515.48 146759 -1515.48 146759
-757.391 145969 -757.391 145969
-685.033 146104 -685.033 146104
-470.187 148567 -470.187 148567
252.277 149613 252.277 149613
28.5246 147111 28.5246 147111
-756.278 145995 -756.278 145995
1437.83 144430 1437.83 144430
1300.91 144755 1300.91 144755
1968.82 143123 1968.82 143123
4405.61 144308 4405.61 144308
4404.49 151394 4404.49 151394
4413.4 151459 4413.4 151459
4465.72 149952 4465.72 149952
3138.79 146955 3138.79 146955
1365.47 146979 1365.47 146979
573.99 146572 573.99 146572
-721.769 146478 -721.769 146478
-787.447 145929 -786.334 145926
-717.316 146047 -717.316 146047
-1082.44 149148 -1082.44 149148
-1064.63 149317 -1064.63 149317
-1051.27 148631 -1051.27 148631
-1797.12 145296 -1797.12 145296
-4686.97 141923 -4686.97 141923
-4729.27 139085 -4729.27 139085
-4779.36 138510 -4779.36 138510
-4495.5 136262 -4495.5 136262
-3397.89 135937 -3397.89 135937
-2884.71 135271 -2883.59 135295
-2892.5 135164 -2892.5 135164
-2924.78 133534 -2924.78 133534
-3663.94 133042 -3663.94 133042
-3480.27 133044 -3480.27 133044
-3721.83 133073 -3721.83 133073
-4772.69 133953 -4772.69 133953
-5246.91 133710 -5246.91 133710
-3712.92 134830 -3712.92 134830
271.201 130843 271.201 130843
3597.43 119668 3597.43 119668
4728.43 111132 4728.43 111132
11284 108583 11284 108583
16149.8 105943 16149.8 105943
21113.5 106112 21113.5 106112
23156.3 105818 23156.3 105818
22594.1 106005 22571.8 106023
23285.4 107577 23285.4 107577
23620.5 107942 23619.4 107924
23612.7 108002 23612.7 108002
25423.8 107236 25420.5 107196
25674.3 106506 25674.3 106506
25938.1 105827 25938.1 105816
25955.9 105760 25955.9 105760
25928.1 105827 25940.4 105793
25959.3 105742 25943.7 105798
25942.6 105802 25922.6 105818
26030.5 105671 26030.5 105671
25979.3 105747 25979.3 105747
25934.8 105816 25918.1 105820
25950.4 105751 25950.4 105751
25931.5 105816 25931.5 105813
25632 105905 25632 105911
22323.6 106061 22323.6 106061
14212.9 105972 14212.9 105972
11419.8 110678 11419.8 110678
11906.3 115008 11906.3 115008
9588.64 121625 9588.64 121625
-1074.65 163700 -1074.65 163700
17.3926 164490 17.3926 164490
41.8829 163464 41.8829 163464
-3037.21 164011 -3037.21 164011
-3093.99 163916 -3093.99 163916
-4995.32 163989 -4995.32 163989
-4998.66 163644 -4998.66 163644
-5245.79 165269 -5231.32 165276
-4134.82 164183 -4134.82 164183
-3539.27 164096 -3539.27 164096
-2652.05 162215 -2652.05 162215
-1843.87 162306 -1844.98 162317
-1830.51 162170 -1830.51 162170
-3252.06 158837 -3252.06 158837
-5481.79 155159 -5481.79 155159
-6511.5 154229 -6511.5 154229
-6345.63 154398 -6345.63 154398
-6407.97 152641 -6407.97 152641
-6232.08 148222 -6232.08 148222
-5655.45 148244 -5655.45 148244
-3942.24 147077 -3942.24 147077
-1811.59 144588 -1811.59 144588
-1125.86 143232 -1125.86 143232
372.502 139238 372.502 139238
-1808.25 137319 -1808.25 137319
-1052.39 134870 -1052.39 134870
3450.49 137072 3450.49 137072
6318.08 138490 6318.08 138490
10450.3 137887 10450.3 137887
10754.2 137811 10754.2 137811
8442.05 137192 8442.05 137192
4929.92 138466 4929.92 138466
3961.44 140518 3961.44 140518
3339.17 139828 3339.17 139828
4631.59 139955 4631.59 139955
4440.12 140817 4440.12 140817
4407.83 147353 4407.83 147353
588.462 152601 588.462 152601
26.2982 152405 35.2037 152396
28.5246 152002 28.5246 152002
1279.76 148231 1279.76 148231
-36891.7 152768 -36891.7 152768
-36827.1 150666 -36827.1 150666
333.54 140719 333.54 140719
-662.769 140078 -662.769 140078
491.614 139477 491.614 139477
-47.1727 139953 -39.3803 139948
-116.191 140004 -116.191 140004
1136.15 142353 1136.15 142353
1976.62 141665 1976.62 141665
2160.29 140425 2160.29 140425
4933.26 138501 4933.26 138501
6026.42 137471 6026.42 137471
5562.22 138477 5562.22 138477
3139.9 136709 3139.9 136709
1414.45 133866 1414.45 133866
-275.378 133501 -265.359 133472
-256.453 133427 -230.85 133392
-53.8519 133187 -53.8519 133187
3159.94 131005 3159.94 131005
3148.81 130023 3148.81 130023
3137.68 131519 3137.68 131519
2006.67 133178 2006.67 133178
3542.88 137248 3542.88 137248
5109.15 138519 5113.6 138512
4415.63 136159 4415.63 136159
4284.27 134590 4284.27 134590
7044.99 129487 7044.99 129487
9411.64 122476 9411.64 122476
11924.1 115180 11924.1 115180
14114.9 106014 14114.9 106014
18732.4 106174 18732.4 106174
19402.6 106023 19402.6 106023
24542.2 106375 24542.2 106375
25657.6 105929 25657.6 105947
25614.2 106813 25614.2 106813
25422.7 107183 25422.7 107183
25649.8 105967 25649.8 105967
24399.7 106940 24399.7 106940
23593.7 107962 23593.7 107962
23636 107911 23610.4 107944
22444.9 106070 22444.9 106070
15528.7 105923 15528.7 105923
15296 110767 15296 110767
15316 114770 15316 114770
4994.49 131223 4994.49 131223
1246.36 132495 1246.36 132495
1240.79 132724 1248.59 132670
1023.72 132292 1061.57 132283
994.778 132207 994.778 132207
3179.98 132296 3179.98 132296
4598.19 134078 4598.19 134078
1263.06 143154 1263.06 143154
14.053 151134 14.053 151134
28.5246 150448 31.8642 150457
-42.7199 150419 -42.7199 150419
1205.17 149326 1205.17 149326
1234.11 142731 1234.11 142731
5991.91 131704 5991.91 131704
14738.3 122031 14738.3 122031
14702.7 113296 14702.7 113296
14649.2 112646 14649.2 112646
15464.1 108418 15464.1 108418
18635.6 106067 18635.6 106067
24719.2 106455 24719.2 106455
27418.7 102819 27418.7 102819
28177.9 94381 28177.9 94381
28841.3 93833.3 28842.5 93835.5
27577.9 94806.2 27577.9 94806.2
27399.8 102652 27399.8 102652
25696.6 106439 25696.6 106439
25421.6 107185 25420.5 107241
25911.4 105960 25911.4 105960
25948.2 105822 25958.2 105787
25969.3 105765 25947 105818
25943.7 105831 25940.4 105867
-29336.4 151463 -29336.4 151463
25953.7 105842 25954.8 105820
25950.4 105765 25952.6 105813
25942.6 105827 25958.2 105845
26021.6 105829 26003.8 105836
25955.9 105840 25949.3 105822
25863.6 105894 25904.7 105862
25918.1 105856 25928.1 105874
26023.9 105862 26023.9 105862
25933.7 105836 25933.7 105836
26009.4 105809 25983.8 105836
25942.6 105849 25950.4 105813
25904.7 105934 25904.7 105934
24859.5 106083 24859.5 106083
20017.1 106003 20017.1 106003
15440.7 105891 15440.7 105891
11841.7 107955 11841.7 107955
6951.48 110934 6951.48 110934
2036.73 114703 2036.73 114703
1444.51 119332 1444.51 119332
-1164.82 124994 -1164.82 124994
-3092.87 122997 -3092.87 122997
-2716.61 123130 -2728.86 123166
-2707.71 123311 -2707.71 123311
-3583.79 126579 -3583.79 126579
-3622.75 131820 -3622.75 131820
-3176.36 133824 -3176.36 133824
-3174.14 133997 -3174.14 133997
-9019.52 135021 -9019.52 135021
-11203.6 145668 -11203.6 145668
-13456.7 146002 -13456.7 146002
-13357.6 145984 -13357.6 145984
-10942 145069 -10942 145069
-10903 145474 -10903 145474
-9512.67 147244 -9512.67 147244
-7888.52 148358 -7888.52 148358
-9103.01 146873 -9103.01 146873
-10175 145532 -10175 145532
-10288.6 145653 -10288.6 145653
-13500.1 154001 -13500.1 154001
-7790.56 147160 -7790.56 147160
-5911.48 147089 -5911.48 147089
-3656.15 145394 -3656.15 145394
-3513.66 145405 -3513.66 145405
-1816.04 147997 -1816.04 147997
-1080.22 149433 -1080.22 149433
-1037.92 151052 -1037.92 151052
-1076.88 149043 -1076.88 149043
-1511.02 147779 -1511.02 147779
-1817.15 146699 -1817.15 146699
-2880.25 143473 -2880.25 143473
-7476.64 143602 -7476.64 143602
-8084.44 134955 -8084.44 134955
-14777 135440 -14777 135440
-17164.8 132942 -17164.8 132942
-17216 133325 -17216 133325
-18065.3 130304 -18065.3 130304
-19096.2 128663 -19096.2 128663
-18034.2 130751 -18034.2 130751
-16219.7 133374 -16219.7 133374
-16348.8 134356 -16348.8 134356
-16033.8 135102 -16033.8 135102
-14492 135812 -14492 135812
-14365.1 135511 -14365.1 135511
-10819.6 140852 -10819.6 140852
-10437.7 145795 -10437.7 145795
-9625.1 156838 -9625.1 156838
-9170.92 157265 -9170.92 157265
-7783.88 158138 -7783.88 158138
-6937.85 157626 -6937.85 157626
-7232.85 157379 -7232.85 157379
-7796.12 158289 -7796.12 158289
-6259.91 156631 -6259.91 156631
-3633.89 156065 -3633.89 156065
-2465.03 156094 -2465.03 156094
-1573.36 153095 -1573.36 153095
-1385.23 149869 -1385.23 149869
-1056.84 148594 -1056.84 148594
-957.766 147006 -957.766 147006
-40.4935 149580 -40.4935 149580
2082.37 150847 2082.37 150847
4070.54 151065 4070.54 151065
6913.64 150951 6913.64 150951
7491.38 152116 7491.38 152113
6997.12 152626 6997.12 152626
7513.65 150041 7513.65 150041
5751.46 149219 5751.46 149219
3309.11 149375 3309.11 149375
1608.15 149299 1608.15 149299
-317.679 140579 -317.679 140579
-7369.77 139307 -7369.77 139307
-15198.9 140149 -15198.9 140149
-16509.1 139265 -16509.1 139265
-16205.2 138691 -16205.2 138691
-15992.6 137693 -15992.6 137693
-13977.7 137557 -13977.7 137557
-13934.3 136075 -13934.3 136075
-14721.3 137575 -14721.3 137575
-16427.8 140122 -16427.8 140122
-16406.7 140534 -16406.7 140534
-16560.3 139047 -16560.3 139047
-14921.7 137602 -14921.7 137602
-14149.1 137546 -14149.1 137546
-13099.4 135269 -13099.4 135269
-12974.7 133142 -12974.7 133142
-11247 133755 -11247 133755
-10534.6 131996 -10534.6 131996
-8128.97 131891 -8128.97 131891
-8009.86 131869 -8009.86 131869
-6979.04 135914 -6979.04 135914
-6941.19 135538 -6941.19 135538
-5914.82 134950 -5914.82 134950
-3658.38 128086 -3658.38 128086
-3663.94 124508 -3663.94 124508
-4253.94 121812 -4253.94 121812
-3968.96 115732 -3968.96 115732
-1503.23 117017 -1503.23 117017
-1312.88 118085 -1312.88 118085
-1224.93 115131 -1224.93 115131
2017.8 113550 2017.8 113550
5955.17 111326 5955.17 111326
9765.64 115289 9765.64 115289
12704.5 118197 12704.5 118197
13301.1 116335 13301.1 116335
15193.6 115098 15190.2 115075
15284.9 114919 15284.9 114919
15372.8 114982 15372.8 114982
15322.7 114926 15328.3 114935
15563.2 115138 15527.5 115118
15924.9 114757 15924.9 114757
14432.2 122572 14432.2 122572
5774.84 132065 5774.84 132065
-422.319 143252 -422.319 143252
-1735.89 149789 -1735.89 149789
-3599.38 150871 -3599.38 150871
-3361.15 150842 -3361.15 150842
-2670.97 148901 -2670.97 148901
-2462.81 148004 -2462.81 148004
-1534.4 145417 -1534.4 145417
-1733.66 147080 -1733.66 147080
-1277.25 146955 -1277.25 146955
-1342.93 146973 -1349.61 146973
-2281.35 148387 -2281.35 148387
-2580.8 147966 -2580.8 147966
-762.957 146999 -762.957 146999
-1332.91 146975 -1332.91 146975
-2728.86 145303 -2728.86 145303
-2736.65 144568 -2736.65 144568
-2786.75 141828 -2786.75 141828
-638.279 141607 -638.279 141607
-366.66 141710 -366.66 141710
-372.226 144448 -372.226 144448
-1785.98 145287 -1785.98 145287
-3722.94 144844 -3722.94 144844
-2404.92 145341 -2404.92 145341
-2021.98 145347 -2021.98 145347
-1574.48 154191 -1574.48 154191
-1157.03 155927 -1157.03 155927
-1561.12 161531 -1561.12 161531
-2781.18 162903 -2784.52 162905
-1991.92 161026 -1991.92 161026
1210.74 159823 1210.74 159823
1572.53 159819 1572.53 159819
2573.29 159035 2573.29 159035
2345.08 158826 2345.08 158826
3038.6 156108 3038.6 156108
3013 156406 3013 156406
3021.91 156700 3021.91 156700
3058.64 156110 3058.64 156110
4661.64 152806 4661.64 152806
4091.69 141356 4091.69 141356
-217.492 133249 -217.492 133249
-2489.52 127280 -2489.52 127280
-3238.7 126218 -3238.7 126218
-3258.74 126330 -3258.74 126330
-2650.94 130215 -2650.94 130215
1368.81 130411 1368.81 130411
4122.86 134587 4122.86 134587
4225.27 135240 4225.27 135240
4404.49 136424 4404.49 136424
4215.25 140323 4213.02 140334
4397.81 137620 4397.81 137620
5460.92 132971 5460.92 132971
6000.82 132414 6000.82 132414
5400.8 133939 5400.8 133939
5336.24 134113 5327.33 134102
3253.45 136609 3253.45 136609
-2973.76 134701 -2973.76 134701
-14274.9 145837 -14274.9 145837
-2715.5 146443 -2715.5 146443
-2625.33 150139 -2625.33 150139
-2066.51 150261 -2066.51 150261
-2632.01 150566 -2632.01 150566
-2722.18 147498 -2722.18 147498
-1918.45 144116 -1918.45 144116
-673.901 140122 -673.901 140120
538.368 136538 538.368 136538
3097.6 136509 3097.6 136509
5229.37 134863 5229.37 134863
5592.27 132717 5592.27 132717
3926.93 134115 3926.93 134115
2364.01 132296 2364.01 132296
4033.8 134389 4033.8 134389
25639.8 105858 25647.6 105880
25627.6 105793 25632 105802
25639.8 105869 25645.4 105883
25574.1 105762 25574.1 105762
25669.9 105894 25669.9 105894
25620.9 105825 25636.5 105862
25676.5 105874 25661 105878
25623.1 105927 25642 105907
25597.5 105203 25597.5 105203
25882.5 105671 25882.5 105671
23327.7 103282 23327.7 103282
22267.9 103309 22267.9 103309
22344.7 103173 22344.7 103173
24203.8 103367 24203.8 103367
28177.9 107746 28177.9 107746
32979.1 109382 32979.1 109382
37790.3 110373 37790.3 110373
44300.3 109612 44300.3 109612
47289.2 115371 47289.2 115371
51867.8 113506 51867.8 113501
52414.4 112878 52414.4 112878
52650.4 109478 52650.4 109478
55169.5 100949 55169.5 100949
54879 99236.7 54883.4 99212.2
54076.4 98266 54076.4 98266
51469.3 97909.8 51469.3 97909.8
52893 98156.9 52893 98156.9
54846.7 99276.8 54846.7 99276.8
53392.9 98221.5 53392.9 98221.5
51467 97932.1 51472.6 97923.2
52945.4 98156.9 52945.4 98156.9
54852.3 99308 54856.7 99294.6
54850 99381.4 54850 99381.4
54865.6 99267.9 54872.3 99234.5
