-731.788 149297 -640.506 149333
-1408.61 148500 -726.222 147407
-723.995 147618 262.295 148489
1828.56 149326 1828.56 149326
1831.9 149331 3479.43 148558
3139.9 147549 3142.13 147276
2493.14 146879 3441.58 148021
3438.24 148151 4697.26 149386
6850.18 148772 4395.59 150152
4404.49 150457 1233 155878
1096.08 159271 1507.96 159810
4012.65 159803 4914.34 159690
4450.13 153249 4572.59 152977
1248.59 154681 -2328.11 155914
-4508.86 156125 -7225.05 156825
-9538.27 156862 -9688.55 152980
-9549.4 150573 -9549.4 150573
-9536.05 150548 -9446.99 149199
-10504.5 146819 -10506.8 146701
-2739.99 143495 -1063.52 143497
2582.19 131722 1618.17 137344
1671.6 135587 1604.81 134641
-846.447 134981 -2068.73 138537
-8932.69 139354 -10627 139387
-10476.7 143620 -13077.1 146454
-10574.7 142527 -14758 139826
-15145.4 140129 -17177 133521
-17189.3 132922 -16211.9 132795
-13138.3 133873 -13030.4 134100
-12486 133826 -10781.7 135663
-10812.9 137566 -11323.8 137789
-12145.4 136576 -12172.1 135349
-11670 135275 -10769.5 136297
-10767.2 137464 -8978.34 139497
-8881.49 140282 -8765.72 143163
-9638.46 144243 -9638.46 144243
-9659.61 144265 -9965.74 142872
-9344.58 141618 -8890.39 139788
-7732.67 139379 -5476.22 139258
-4964.15 141387 -4734.84 141643
-4669.16 143250 -3475.81 141340
-2873.57 141313 -1743.68 141280
-850.899 139962 -533.639 140372
-1289.5 139321 -4160.43 139138
-5374.92 137967 -4344.11 139216
-3726.28 139178 -739.58 140113
556.179 141173 3660.88 135676
3648.63 133917 2854.93 132860
2589.99 131250 2435.25 132178
3980.37 134409 4139.55 134536
3182.21 132205 2407.42 129654
1971.05 129685 2575.51 131052
1637.09 131949 930.212 132036
3066.43 136604 4305.42 138207
4540.3 140432 4439 138428
3689.82 135774 -433.451 134153
848.949 132906 189.938 133036
2576.63 132517 2576.63 132517
2565.5 132528 2661.23 133080
1240.79 132417 1690.52 134812
976.967 140501 -1961.87 143197
-2741.1 145891 -1446.46 154525
-583.733 157568 -1200.44 160413
1267.51 157459 1129.47 157232
-613.789 155549 -1348.5 153810
-1566.68 152216 -2514.01 145372
-2738.88 144985 -1952.96 145408
-2492.86 152621 -6964.57 152879
-11966.2 152868 -14263.8 152842
-14431.9 155115 -14215.9 154436
-13502.4 154404 -13293.1 157971
-12477.1 157158 -11991.8 155213
-11146.8 153329 -10113.8 152926
-7339.71 152928 -2560.77 152675
-329.924 147084 -886.522 146995
-1828.28 145419 -4692.54 141928
-2787.86 142404 -1991.92 143582
-764.07 147020 1189.59 147002
-307.66 147171 -307.66 147171
-285.396 147158 8.48706 147823
17.3926 150713 19.619 147238
-285.396 147256 9235.76 145715
9897 146706 9069.89 145773
5301.73 146683 3020.79 146979
100.882 146991 -317.679 147089
-1840.53 144628 -10248.5 144619
-10472.2 149406 -11350.6 156279
-9562.76 162199 -9493.74 165200
-8012.08 166630 -6121.88 164116
-4118.13 164123 -2257.98 160999
-1437.55 154491 -1701.38 150531
-852.013 147100 -852.013 147100
-858.692 147093 -858.692 147093
-857.579 147097 -857.579 147097
-864.258 147100 -864.258 147100
-857.579 147104 -857.579 147104
-856.465 147097 -856.465 147097
-865.371 147097 -865.371 147097
-859.805 147089 -859.805 147089
-864.258 147089 -864.258 147089
-860.918 147093 -860.918 147093
-867.597 147089 -867.597 147089
-862.031 147091 -862.031 147091
-863.145 147097 -863.145 147097
-859.805 147100 -859.805 147100
-859.805 147093 -859.805 147093
-857.579 147086 -857.579 147086
-858.692 147097 -858.692 147097
-859.805 147084 -859.805 147084
-864.258 147093 -864.258 147093
-860.918 147095 -860.918 147095
-863.145 147095 -863.145 147095
-859.805 147086 -731.788 147017
-376.678 147271 -937.729 145299
-723.995 146926 -287.623 147302
727.611 147006 1769.56 136738
1812.98 136529 2244.9 135547
2774.78 137226 -516.941 143435
-1724.76 150691 -2432.75 152639
-2550.75 152634 -2874.69 152724
-2636.46 150867 -1785.98 147249
1014.82 142409 2857.15 139174
4201.89 134665 2834.89 132869
1406.66 133846 1740.62 132900
591.801 136333 100.882 137433
-373.339 140498 -1925.13 141086
-4869.53 143030 -4869.53 143030
-4861.74 143010 -2824.59 143488
-1860.57 146917 -1488.76 147033
-1463.16 147975 -715.09 146545
12.9398 147407 -5.98447 151408
1204.06 159425 -3233.14 159872
-3269.87 158205 -1364.08 155932
-1259.44 156907 -1775.96 158002
-1179.29 159964 -1306.2 161511
-1758.15 162101 -1027.9 163693
833.364 162241 1227.44 158884
2681.27 152766 2676.82 152960
2626.72 152617 10139.7 139450
5479.84 139425 2742.49 142226
3817.84 144415 -1856.11 145840
-1733.66 151339 -1721.42 151584
-4484.37 152719 -8682.23 152886
-8728.98 152808 -8527.49 152521
-9621.76 152891 -14280.5 152766
-14372.9 152619 -14310.5 154896
-15546.2 150459 -14937.3 149239
-13051.5 149395 -12922.4 149411
-12781 153138 -12032.9 154821
-11286 158701 -6944.53 160957
-6769.76 160932 -6955.66 161206
-7398.71 163346 -7389.81 163223
-6237.65 163495 -6244.33 163626
-4977.51 164125 -3201.97 164054
-1091.35 161086 -619.355 160429
-2477.28 154380 -3388.98 154242
-2815.69 153454 -1905.09 153411
-3474.7 157179 -3075.06 157415
-1091.35 157996 1770.67 157991
1961.03 159289 2455.29 160022
2045.63 159797 1961.03 158788
1273.08 157366 1283.1 153349
995.891 152630 480.482 152623
-1523.27 151178 -1275.03 149103
-1169.27 149190 -524.733 149290
823.346 151134 407.011 151301
1027.06 151138 1206.28 152327
1383.28 152387 1383.28 152387
1406.66 152432 1293.11 149032
1292 145993 -75.0026 140852
-1031.24 139659 -1062.41 135774
-6584.97 134908 -8086.67 134253
-9415.82 130524 -10876.3 125546
-10279.7 125401 -10546.8 124431
-10929.8 125570 -11194.7 125662
-10083.7 128919 -9500.42 132984
-9462.58 134418 -10082.6 136832
-9713.04 136326 -10727.2 135260
-16048.2 135567 -15840.1 135790
-15772.2 137617 -17113.6 138337
-17062.4 139276 -16825.2 140886
-18204.5 142302 -18004.1 142478
-17426.4 144343 -15607.4 147064
-14997.4 147293 -13853 148191
-12862.3 149845 -12788.8 153046
-12382.5 153810 -11882.7 153826
-11530.9 153151 -9972.42 153329
-9669.63 154226 -9686.33 154333
-10403.2 154734 -11404 156793
-11886 156747 -11980.6 157083
-12620.7 157900 -12732 161536
-11405.1 165612 -10109.3 165240
-9583.91 165512 -8376.1 165510
-7063.64 165821 -4969.72 164129
-3679.53 164120 -2918.1 163962
-1829.4 162457 -1705.83 162110
-1312.88 162103 -1010.09 162119
-945.521 161113 -637.166 155402
-1557.78 153607 -1791.55 147004
1363.25 140064 2200.37 138651
3826.75 135396 4166.27 134567
3710.97 134013 2115.77 135349
1076.04 135487 481.595 136126
455.991 136157 455.991 136157
441.52 136153 441.52 136153
442.633 136161 442.633 136161
460.444 136146 460.444 136146
439.293 136168 439.293 136168
450.425 136150 450.425 136150
442.633 136150 442.633 136150
453.765 136146 453.765 136146
444.859 136166 444.859 136166
459.331 136170 459.331 136170
440.407 136175 440.407 136175
449.312 136124 449.312 136124
450.425 136170 450.425 136170
434.841 136157 434.841 136157
425.935 136188 425.935 136188
458.218 136166 458.218 136166
458.218 136124 458.218 136124
455.991 136139 455.991 136139
453.765 136148 453.765 136148
433.728 136168 433.728 136168
463.784 136132 422.596 136186
463.784 136153 525.009 136032
442.633 136168 442.633 136168
469.35 136121 469.35 136121
448.199 136137 448.199 136137
467.123 136141 467.123 136141
457.105 136112 447.086 136177
589.575 136250 -2085.43 138684
-1675.78 139085 -736.24 140002
502.746 136629 2448.61 135825
2813.74 136273 5070.18 138526
4058.29 137882 1157.3 142237
579.556 143586 11.8266 145256
-356.641 147093 -1799.34 146336
-1986.36 142504 -1847.21 146877
-371.112 147093 542.821 147011
1259.72 154698 1316.49 158007
2143.59 159084 1309.81 157949
-81.6817 157922 -2095.45 157953
-2098.79 155963 -280.944 155950
2981.83 157991 5254.97 159153
5555.54 161687 5306.18 159196
3117.64 157949 4467.95 152263
4434.55 145238 3367 140207
1897.58 135681 1402.21 132944
1227.44 132535 1632.64 129351
1610.37 129656 1900.92 130052
1631.53 135008 611.839 136266
275.654 137079 -437.904 141814
-523.62 143453 -373.339 147022
-302.094 147109 -302.094 147109
-304.321 147093 -304.321 147093
-305.434 147082 -305.434 147082
-311 147071 -311 147071
-327.698 147084 -327.698 147084
-326.585 147082 -326.585 147082
-346.622 147086 -346.622 147086
-353.301 147093 -353.301 147093
-349.962 147084 -349.962 147084
-357.754 147082 -357.754 147082
-347.735 147095 -347.735 147095
-353.301 147089 854.515 147011
1281.98 151958 4579.27 154433
4435.66 152027 1303.13 149400
1297.57 144228 -1400.82 139187
-6897.77 139096 -6147.48 140449
-4717.03 141400 -303.208 147115
-263.132 147298 -328.811 147082
-364.433 147166 -327.698 147086
-299.868 147309 -447.923 147004
-612.676 157007 -1312.88 162907
-640.506 160563 -879.842 154754
-1716.97 149709 -357.754 147035
-2498.43 143446 -4711.46 141413
-4766.01 136219 -4694.76 132523
-4189.37 132597 -2899.18 136159
-2812.35 140619 -1857.23 143889
-385.584 147138 -390.037 147258
-632.713 145506 0.694696 143894
-630.487 142758 -390.037 147258
1253.04 147209 3053.08 156088
3069.77 154471 2161.41 150274
1323.17 149268 -428.999 149337
-2546.3 146385 -768.523 147026
-393.376 147258 -762.957 146997
-3161.89 147017 -6154.16 145470
-6104.07 143092 -5864.73 139289
-4714.8 142108 -4626.86 147026
-1762.61 146759 -985.596 143600
704.234 141082 7012.71 129549
11063.6 118925 12104.5 112844
12527.5 107929 21545.5 106081
25517.3 106452 37800.3 99568.5
39068.3 99212.2 38973.6 99305.8
42716.2 98635.6 42736.2 97522.4
42126.2 96823.3 41873.5 96939.1
41557.4 98032.3 41608.6 98602.2
41476.1 98849.3 38108.7 99470.5
33965.4 98729.1 33278.5 92288.2
33099.3 92219.2 32031.8 91344.2
32356.8 91130.4 6264.64 130653
32351.3 91126 31995 91324.1
38090.9 93060.7 41058.7 93652.9
41881.3 96950.2 35917.9 100544
30319.7 102394 27562.3 102679
25925.9 102668 22754.4 100399
22625.3 100893 22353.6 101171
26051.7 102699 26519.2 102721
37982.9 99508.4 42653.9 97729.5
42749.6 97591.4 42714 98415.2
15319.4 118758 2131.35 140407
10.7134 144147 -369.999 147102
5407.48 154874 5397.46 154342
3305.77 154389 56.3544 146991
-378.905 147084 -378.905 147084
-381.131 147084 3053.08 151025
5556.65 151000 6649.81 150778
27.4114 146993 1289.77 144078
-7366.43 139303 -14851.6 136088
-14935 134046 -14985.1 128126
-15693.1 127171 -14613.3 130546
-13268.6 133873 -14557.7 139699
-16256.4 146434 -15451.6 145347
-14793.7 142099 -13050.4 139483
-10483.4 144130 -11092.3 144691
-5413.89 161458 -1729.21 161050
-594.865 155858 -1527.72 154304
698.668 142010 1150.63 142262
2113.54 140405 3201.13 138539
3604.11 135772 4063.86 134425
3650.86 133917 1994.43 132793
1384.4 133109 1384.4 133109
1391.08 133122 1416.68 133951
2564.38 134311 3041.94 134915
2725.8 135387 1404.43 132971
1388.85 133125 1388.85 133125
1394.41 133127 2566.61 132499
3029.7 133113 256.73 133009
-927.71 134616 -2932.57 132532
-6030.6 134879 -10869.7 132374
-12965.8 135246 -14903.9 135478
-14907.2 135656 -15227.8 136956
-14830.4 137174 -14830.4 137174
-14828.2 137172 -15249 137589
-16584.8 136930 -16584.8 136930
-16582.6 136927 -16034.9 136204
-15202.2 136166 -15457.1 136148
-16501.3 135456 -18473.9 134309
-18852.4 134342 -19472.4 141082
-20257.2 148037 -20600.1 148024
-19456.8 140993 -19509.2 140093
-13613.7 135396 -3879.9 134821
-3679.53 135382 -3819.79 135974
-2861.33 137673 -2842.41 138704
-4076.94 139131 -12476 139450
-14844.9 125049 -13975.5 124315
-12456 123858 -12240 123166
-13363.2 120194 -14692.4 116640
-13541.3 114706 -12338 114423
-9549.4 114191 -8391.68 114089
-9081.86 114142 -11967.3 114336
-14895 115712 -14859.3 116643
-13570.3 119878 -11925 124152
-9433.63 125230 -9156.45 124241
-11196.9 125662 -11196.9 125662
-11202.5 125653 -10205.1 128605
-7928.59 137419 -8731.21 137399
-10579.1 142562 -10462.2 143733
-10561.3 145508 -10546.8 146879
-11061.1 147273 -11822.5 147333
-11833.7 147754 -12124.2 148211
-11223.6 147427 -9103.01 143932
-7874.05 142164 -6777.55 140481
-6839.89 139347 -5231.32 139232
-3597.15 138960 -2717.73 135948
-2901.4 135128 -2890.27 133033
-4256.16 132512 -4466.56 132521
-4975.29 132270 -4745.97 131974
-4770.46 133323 -5207.94 133619
-4737.06 132931 -4639.1 127490
-4171.56 122445 -4119.24 120448
-3700.68 118934 -3033.87 115748
-2247.96 114995 -2744.44 115734
-3702.9 118488 -3754.11 119339
-4072.49 120151 -3611.62 126074
-5400.53 138294 -5367.13 138481
-4754.87 138116 -5019.81 137379
-4764.89 136112 -4729.27 132601
-3810.88 132506 -3810.88 132506
-3758.56 132519 -2918.1 134630
8.48706 135883 766.573 135338
1414.45 133490 1952.13 131047
1926.52 129705 -1544.42 123918
-2646.48 123001 -4232.79 121877
-4143.73 117057 -4042.43 114628
-4098.09 118653 -4165.99 122351
-3941.13 126283 -3563.76 125054
-990.049 125063 -217.492 125965
1844.15 127683 1965.48 132530
2587.76 134347 3980.37 134371
4123.97 134547 4123.97 134547
4128.42 134527 4128.42 134527
4131.76 134523 3541.77 133795
2215.95 133899 638.555 136181
-115.078 135596 -342.169 133681
834.478 132915 2133.58 133781
1984.41 131600 3132.11 130364
2270.5 129656 2233.76 129380
3144.36 131486 2417.44 132174
384.747 132915 -2775.61 134694
-5232.43 134799 -6256.57 137386
-6936.74 138479 -6493.68 138268
-5390.51 139519 -4762.67 136035
-4801.63 134781 -5323.72 134472
-4766.01 134104 -1037.92 150381
-749.599 149504 14.053 152472
1169.55 152703 1354.34 152777
710.913 152588 31.8642 151590
-47.1727 147763 -3144.08 152641
-4564.52 152726 -6239.88 154447
-9675.2 154901 -10145 154783
-10762.8 156804 -11085.6 156787
-11676.7 158301 -11520.9 157412
-9778.72 154705 -10746.1 155364
-10708.2 154986 -10807.3 151379
-11723.5 149295 -12781 149362
-13850.8 145935 -14112.4 141939
-14506.5 141834 -14051.2 143119
-16198.5 169263 -16991.1 169259
-18168.9 168164 -18580.8 163740
-17974.1 162181 -15815.6 161832
-12765.4 161662 -11288.2 161852
-9563.88 161239 -8428.42 157012
-8436.21 154647 -8157.91 147349
-8613.21 146516 -10207.3 145450
-376.678 147097 -376.678 147097
-374.452 147106 -374.452 147106
-367.773 147104 552.839 145345
2012.24 144673 756.554 145314
-358.867 147095 -358.867 147095
-353.301 147104 -1872.81 146953
-3460.23 147013 -12950.2 147276
-16167.3 147282 -21028.7 149034
-22399 148398 -25075.1 148934
-20435.3 150551 -20432 149161
-18045.3 149117 -14938.4 148228
-12988.1 147300 -9019.52 145470
-8682.23 143905 -4778.25 143613
-377.792 147017 -1772.62 146812
-5840.24 143602 -11434 141997
-9597.27 145477 -7632.48 143658
-1799.34 146536 -3462.45 143515
-16948.8 139948 -18014.1 142613
-18097.6 141745 -14399.6 139666
-1850.55 146421 -1529.95 147004
-1777.08 146732 -9930.12 144415
-10801.7 133761 -10801.7 133761
-10797.3 133766 -11259.3 129540
-10890.8 131179 -10812.9 138272
-8736.77 143413 -8724.53 143613
-3891.03 143564 -390.037 147169
-1782.64 148240 -3493.62 154260
-6792.02 155816 -7278.49 156368
-6734.13 156117 -7254 156867
-6914.47 156853 -607.11 155965
-939.955 147020 -509.149 147020
49.6753 149393 -4444.29 149106
-854.239 147013 -525.846 147017
1956.58 156003 3675.35 155985
3289.07 155979 4612.66 152376
3717.65 140685 3354.75 140191
6909.18 130043 14278.5 122988
14481.1 122527 15588.8 120145
15528.7 118531 15360.6 115685
15863.7 114514 15863.7 114514
15867.1 114521 15225.9 114287
15488.6 108928 15463 108318
21790.4 106074 28888.1 104377
29435.8 104591 37337.3 99804.5
38432.6 99481.6 38259 99608.5
38850.1 99357 42315.5 98108
42742.9 97587 42800.8 97540.2
42697.3 98544.3 42697.3 98544.3
42700.6 98551 42803 97564.7
42741.8 97491.2 42741.8 97491.2
42745.2 97491.2 42712.9 98462
36969.9 99982.6 35822.2 100586
29275.5 104500 23933.3 106194
12264.8 110745 10893.3 119132
9081.03 123725 8823.88 124529
5773.72 131651 3182.21 132239
3175.53 131827 2103.52 129649
2172.54 132579 1881.99 132853
1386.62 133065 1427.81 134131
1705 134832 1816.32 136188
1994.43 135507 4405.61 138372
4849.77 140282 4868.7 140768
3315.79 142206 1241.91 145267
20.7322 145325 -1851.66 146672
-2727.75 147676 -2673.2 148360
-1797.12 148774 -1794.89 148923
-1136.99 149159 -1814.93 145508
-1905.09 143500 -1604.53 139628
-428.999 140545 1051.55 142447
1594.79 144003 2064.56 143980
577.33 143987 18.5058 143876
1073.81 143624 1236.34 144706
1864.18 147073 1230.78 149742
1179.57 150268 1199.61 160057
-3412.36 164056 -3974.52 164040
-3464.68 166592 -3728.51 164116
-3152.99 163208 -3445.76 155101
-3596.04 155161 -3579.34 154718
-3551.51 155208 -1283.93 155947
-895.427 155486 -1263.89 155878
-11311.6 155734 -12939.1 156753
-14836 157228 -13730.6 158269
-13753.9 157308 -14893.9 157210
-14985.1 157361 -15522.8 156793
-15588.5 154064 -15791.1 155106
-16156.2 152888 -14746.9 154389
-14399.6 154387 -11946.1 152893
-10412.1 152614 -10375.4 151842
-9929 151630 -8505.23 152171
-7384.24 154066 -4398.65 154193
-4253.94 155119 -3755.22 154683
-3687.32 154709 -4524.44 151056
-4849.5 151593 -6956.77 152884
-10496.7 152592 -10486.7 153249
-11921.6 156206 -13775.1 157005
-10185 157708 -8411.72 154763
-4943 154355 -4112.56 152138
-3921.09 152167 531.689 152657
275.654 151541 1292 144642
877.892 136907 2691.29 135563
5950.72 131364 9545.23 121886
12100 112873 12180.2 111898
24359.6 106346 24762.6 106437
32883.4 103999 40283.9 99060.8
40584.4 98991.8 42575.9 96903.5
42808.6 97658.2 42808.6 97658.2
42797.5 97667.1 42797.5 97667.1
42815.3 97649.3 42815.3 97649.3
42809.7 97656 42809.7 97656
42814.2 97649.3 42589.3 97021.5
41880.2 96948 41880.2 96948
41882.4 96936.9 42809.7 97602.6
38443.8 99405.9 36049.3 101236
37233.7 99857.9 42579.3 98682.4
42790.8 97578.1 42672.8 97845.2
41429.4 98726.9 41429.4 98726.9
41432.7 98722.4 38339.1 99399.3
37165.8 99882.4 37523.2 103304
37181.4 100666 33260.7 101989
33898.6 101643 33487.8 100838
33810.7 100559 33810.7 100559
33819.6 100546 33819.6 100546
33783.9 100581 33783.9 100581
33783.9 100584 34161.3 101510
35990.3 100532 41369.2 97584.8
41879.1 96945.8 41403.8 98346.2
40443.1 98459.7 40443.1 98459.7
