-3661.72 154351 -2954.84 164510
-3447.98 165795 -4011.26 164267
-4674.72 163702 -3267.65 162237
-1692.47 162152 -865.371 162146
-2036.45 163533 -1522.16 161055
-1362.97 149108 -70.5498 149420
910.175 149462 540.594 149424
-392.263 150559 -1027.9 151472
-1456.48 152570 -3101.78 153765
-3583.79 152294 -4692.54 151085
-6041.73 154286 -7064.75 156827
-8425.08 156896 -9188.73 159632
-8456.25 160906 -7052.51 163021
-6183.1 164125 -5615.37 164733
-5535.22 167082 -4747.08 167600
-6735.25 171534 -5440.6 169214
-5093.29 165752 -5109.98 164129
-958.879 163722 437.067 165739
861.194 168170 -351.075 168542
-1240.52 165881 -1272.8 163929
-1675.78 163637 -5125.57 164069
-7073.66 163628 -7046.94 164561
-3977.86 164138 -877.616 163686
2542.12 160912 4443.46 149600
2058.99 146975 1700.54 146977
1791.83 146254 572.877 146503
343.559 146988 -718.429 146505
-1321.78 145354 -3584.91 145390
-3746.32 143635 -3576 139563
-2324.77 136587 -2144.43 136206
-2331.45 137268 -3624.98 138646
-3613.85 139016 -3495.85 142734
-1989.7 143564 938.005 142340
1270.85 145777 2834.89 147011
3574.05 149400 5570.01 150978
5832.72 150969 6116.59 150956
5251.64 150954 4433.44 144096
-7.09767 135778 -3452.44 134694
-3293.25 134794 -2869.12 137192
-3286.57 141311 -433.451 140679
1229.66 137386 1188.47 135260
-376.678 138450 -475.753 140656
-2807.9 141596 -3798.64 143408
-3716.26 146189 -4251.71 148108
-3679.53 149110 -1374.1 149455
-160.719 149411 1052.66 150103
1285.32 146679 -1741.46 138967
-6370.12 139147 -10124.9 139405
-10883 145490 -10428.8 147325
-8567.57 148297 -8905.98 139501
-8328.23 138150 -7251.77 139777
-6337.84 143061 -4363.03 143631
-10440 127280 -10599.1 124166
-10684.9 127552 -7700.39 137359
-10903 139448 -15598.5 144735
-15560.7 156522 -14644.5 163840
-14464.2 156987 -13484.5 153218
-10804 149611 -8588.72 147569
-6040.61 145788 -5978.28 145501
-3751.89 143626 -3801.98 143219
-6111.86 142999 -2940.37 143500
-2752.24 144388 -3806.43 143237
-9678.54 144281 -10651.5 145599
-7869.59 144737 -6859.93 143065
-3773.04 143163 -9823.25 144381
-11568.7 147280 -11735.7 152136
-13522.4 155965 -13501.2 157956
-8579.81 149181 -6042.84 145788
-3711.81 146209 -1742.57 150054
-1798.23 155954 -1568.91 162168
-2037.57 163308 -2059.83 163096
-1194.88 161168 -1147.01 152619
-722.882 147846 -2766.71 143515
-3768.58 143141 -1706.95 151486
-1772.62 158013 -3077.29 158750
-3588.25 152430 -3721.83 145477
-2785.63 142110 -2875.8 136560
1118.34 134647 2431.91 133191
2364.01 136041 560.632 136429
4414.51 144317 6913.64 152757
7892.13 149322 6904.73 144076
6124.38 142349 5917.33 142447
5227.14 140754 4640.49 141102
3769.97 140734 -2144.43 135992
-2647.6 135932 -5108.87 145425
-3827.58 139790 -8920.45 139321
-6174.2 140525 -3852.07 143564
-2529.6 153463 -7213.92 159205
-8190.19 158926 -8433.98 157054
-9664.06 155660 -9662.95 155179
-12056.3 149308 -18560.7 150553
-18037.5 152855 -16100.6 152875
-17246 154698 -18547.4 152913
-18383.7 149179 -17612.3 148427
-14348.4 147291 -13029.3 148168
-11841.5 147158 -12128.7 149244
-11726.8 148228 -11238.1 150524
-10667.1 151426 -5481.79 152804
-3114.02 152659 3102.06 151149
2547.68 148678 -134.002 149377
-2566.33 149057 -4872.87 149092
-8078.87 151018 -8347.15 152011
-8482.96 151512 -5901.46 149339
-4597.91 151145 -4029.07 149128
-2693.24 151083 -1860.57 151837
-2129.96 152421 -1108.05 153202
-1400.82 153106 -4240.58 152724
-7360.86 152915 -11913.8 152877
-15580.7 145156 -14586.6 139786
-15782.2 135493 -18560.7 149965
-18549.6 150330 -17311.7 151621
-12853.4 149595 -12107.5 149395
-11791.4 151394 -10487.8 147928
-8894.85 139532 -8879.26 140336
-9133.07 142787 -10594.7 145412
-15655.3 145007 -17153.6 146837
-18391.5 148992 -18554 152643
-17415.2 152821 -6258.8 152870
-4922.97 152764 -2972.65 152675
-1673.55 151076 -1513.25 147790
-713.976 147367 -619.355 145708
765.46 143716 128.712 141135
-1134.76 141215 -1580.04 141233
-1994.15 142838 -2757.8 144163
-2771.16 145345 -13.7768 145339
1201.83 143578 3415.98 142177
4660.53 141518 4985.58 141246
5394.12 141349 5965.19 142413
6126.61 142377 5949.61 142593
5913.99 142442 4711.74 142487
3709.86 141946 1050.44 143638
578.443 145630 1261.94 148665
1258.6 151975 867.874 152421
54.1281 150940 1148.4 149310
1286.43 146830 1148.4 142259
2653.44 139481 -895.427 134966
-3682.87 133347 -3611.62 132078
-3695.11 130754 -3617.19 127935
-3701.79 131205 -4753.76 133459
-4745.97 139962 -2772.27 143925
-942.181 145365 -727.335 147476
-40.4935 149404 255.616 149671
1268.62 151706 804.421 152385
-406.735 151528 -3667.28 148202
-3717.38 145519 -3509.21 142317
-3591.59 139350 -4420.92 138991
-3547.06 141681 -3807.55 143219
-3736.3 145167 -4620.18 146953
-3051.69 149108 -441.244 149366
982.533 150110 3227.85 152056
1371.04 151486 827.799 142106
-528.073 141727 -1305.08 141222
-1848.32 144297 -2073.19 151040
-3611.62 152341 667.498 148206
75.2788 147004 -2547.41 143455
-7886.29 141289 -8939.37 135017
-7905.22 137410 -7760.5 136422
-9677.42 131368 -9011.73 134705
-7915.23 137439 -7336.37 143682
-1733.66 151374 -1278.37 152775
2613.36 152708 5338.46 151014
3772.2 151034 1276.42 149368
-336.603 150580 -715.09 148144
-712.863 147654 -1214.91 145354
-3783.05 143471 -3793.07 143210
-2795.65 141387 -3552.62 141498
-15579.6 157964 -13496.8 153389
-10060.4 149246 -8570.91 148021
-7455.48 143678 -3488.06 142264
-3822.02 143221 -2793.42 141117
-2814.58 140605 -3814.22 143244
-6642.85 143613 -13304.2 145931
-15578.5 151584 -18608.6 154431
-16816.3 152830 -10972.1 152895
-10148.3 149224 -7891.86 145699
-3704.02 143099 -3798.64 143228
-3756.34 143934 -6324.48 147042
-3728.51 143108 -3793.07 143203
-298.755 143050 6128.83 131446
12688.9 125326 16063 120138
16429.2 122088 14488.9 123133
8388.62 128394 4390.02 135830
1620.39 141373 -873.163 144072
-3735.19 144720 -3796.41 143190
-3817.56 143232 -4455.42 143529
-5467.32 139156 -5362.68 139875
-3511.44 142484 -719.542 146554
-1022.33 151241 563.971 148360
3068.66 147017 4454.59 142881
6133.29 142404 5926.23 142442
5444.22 141638 3926.93 140986
6147.76 131455 13621.7 124172
15014.4 121594 15852.6 114830
15416.2 114265 15253.7 116030
15801.4 120091 12645.5 125352
9525.19 127583 6272.43 131386
4396.7 134848 2782.57 139314
4410.06 150150 -249.774 152617
-4409.78 152717 -5974.94 152821
-8298.17 154540 -13303.1 155117
-14276 155099 -13592.5 154409
-12806.6 152879 -12335.7 150628
-13733.9 149268 -15436 148954
-15582.9 152149 -14842.6 152893
-14292.7 152176 -13218.5 152071
-12841.1 150448 -10853 150404
-10419.9 149894 -8374.98 143649
-5264.72 143606 -2570.79 143482
2699.08 137651 9183.44 127523
15115.7 121372 15882.6 114445
15319.4 116865 15287.1 121271
14283 123625 14107.1 124036
13562.7 124704 11459.9 126201
7302.14 129507 5593.39 132782
5557.76 136582 4467.95 138406
4282.04 141482 4412.29 151009
3488.33 157969 1713.9 157940
-1170.39 155874 -2161.13 155669
-3650.58 156050 -5474 155342
-7354.18 154324 -8464.04 152432
-9379.09 151363 -10667.1 150404
-12319 150439 -11897.1 149295
-12164.3 149288 -12881.2 148228
-15653.1 149137 -19592.6 148856
-19626 156433 -21485.1 157072
-19818.6 155184 -19560.4 145332
-16799.6 144252 -13529.1 145982
-12279 146047 -10444.4 143680
-9885.59 142055 -9854.42 142246
-9881.14 142090 -9863.33 142300
-9883.36 142064 -9219.9 142801
-10199.5 142821 -10539 147111
-11643.3 149273 -10478.9 149246
-9664.06 156511 -9651.82 156791
-9665.18 154787 -7550.11 154531
-4849.5 154402 -2865.78 154393
-649.411 158060 1855.28 157996
1963.26 159590 2456.4 159817
4445.68 158080 4440.12 147091
4993.37 142520 5947.38 142602
5603.4 142524 3144.36 142300
4101.7 141649 2522.08 139071
15874.9 114746 15537.6 118853
10099.6 126826 3952.54 135275
3862.37 137321 1866.41 140946
1212.96 145314 2542.12 146069
1241.91 149199 3029.7 149413
1320.94 147892 1235.23 149600
47.4489 150978 18.5058 147808
-1706.95 141425 -2055.38 141356
-3785.28 143324 -6551.57 143600
-10502.3 148375 -10707.1 147307
-8834.73 145481 -9005.05 134952
-8932.69 139223 -7914.12 142845
-5099.96 143647 -3801.98 143235
-2954.84 143537 -2723.29 147930
-3801.98 151052 -4593.46 151245
-2997.14 151049 -2599.73 151853
-2868.01 149106 -1787.1 144542
-1182.63 141311 -3163.01 142473
-3794.19 143379 -3601.6 138793
-3621.64 131733 -3584.91 125041
-4684.74 132532 -4779.36 139359
-4651.35 145390 -5400.53 148086
-6003.88 146944 -4001.24 143582
-2795.65 141329 -2833.5 140004
-2784.52 142317 -3815.34 143210
-11194.7 155026 -9699.69 144339
-3788.62 143179 -3818.68 143250
-7939.72 143611 -3803.09 143201
-1642.38 152000 -2776.73 152621
-3678.41 147679 -3778.6 143159
-7045.83 143611 -13053.7 120906
-10264.1 118043 -13415.5 120229
-11038.9 126942 -7778.31 136578
-7205.02 143664 -2029.77 143515
-1632.36 152323 317.955 152643
2259.37 152641 -1969.66 153369
-3538.15 151036 -3748.55 143132
-3786.39 143154 -2331.45 143475
-2401.58 152634 -7416.52 152902
-12228.9 152815 -18496.2 152815
-18547.4 153852 -14396.3 152848
-10761.7 150856 -8564.23 148391
-6008.33 147173 -4566.74 152759
-2450.56 153423 -1018.99 152470
482.708 149829 4347.72 147008
2381.82 138608 9189.01 127523
15553.1 118693 15380.6 116538
15873.7 114813 15490.8 118283
8947.44 127677 2260.48 138862
5365.18 141157 6122.15 142433
5964.08 142556 5982.79 142549
5958.51 142511 5939.59 142703
5351.82 142484 3695.39 141961
1985.52 141986 2502.04 146895
4784.09 146977 5765.93 148823
8288.43 150662 9528.53 150154
7483.59 150784 4589.28 151023
2410.76 151486 807.761 151499
-659.43 149954 -582.619 149319
-723.995 147044 -201.907 145370
-2734.43 145439 -3805.32 143250
-8102.25 143618 -11834.8 133752
-13092.7 136442 -13890.9 138646
-15594.1 145670 -18482.8 149072
-21893.6 147892 -24428.4 147356
-28825.5 148026 -30126.8 148244
-27859.2 145735 -26595.8 141485
-26541.2 138214 -19482.4 143088
-18089.8 141732 -16413.4 140414
-15613 143889 -10880.8 145610
-9610.63 145174 -7920.8 143740
-5046.53 145434 -3635 147051
-1501.01 153783 1290.89 156050
1297.57 155121 11.8266 151575
569.537 148204 -189.662 146421
1226.32 148146 2959.57 151915
3061.98 153267 -728.448 148362
916.854 147026 3109.85 148037
-2708.82 139029 -3586.02 139940
-3803.09 143224 -3444.64 143553
-1596.74 153351 900.156 155433
943.571 155694 1320.94 152779
-385.584 150562 -721.769 148342
-1712.51 145354 -3742.98 143978
-5421.68 141790 -3738.53 143117
-3785.28 143177 -4714.8 141075
-3513.66 142415 -3804.21 143221
-3738.53 144421 6462.79 150749
-3531.47 155778 -7304.09 157110
-4236.13 155239 -4060.24 151056
-3698.45 146200 -3749.77 143235
-3886.58 143524 -5913.71 139675
-3508.1 142671 -3815.34 143279
-6095.16 139786 -5745.62 140429
-6222.06 140456 -3868.77 141351
-1844.98 145181 394.766 149778
1574.75 149355 1326.51 146979
6.26067 147338 667.498 147026
550.613 141741 1436.72 141779
4412.29 139307 6149.98 142415
5956.29 142562 4807.47 140835
4418.97 137121 2781.46 137217
3500.58 135981 6738.86 130030
9861.38 120824 12191.3 111847
15312.7 105936 19909.1 106049
25429.4 106459 32740.9 104135
39575.9 99210 44540.7 98237.1
51687.4 98032.3 57971.4 99143.2
63691 100488 70920.1 99893.5
73384.7 98032.3 75946.2 97994.4
81403.1 94801.8 86964.6 93652.9
91139.1 87125.2 91348.4 87045
91342.8 87129.6 91275.8 86817.2
90139.4 91644.7 86743.1 93717.5
88841.4 92900.4 90125 92085.6
90225.1 90422.5 90814 87347.8
91214.8 86815.7 90876.4 87163
90958.7 87483.6 90218.5 90513.7
84996.5 94719.4 74910.9 99817.8
74667.1 100557 74796.3 101948
74774 101813 74969.9 101031
73572.9 100296 74933.2 101245
74955.4 100829 74893.1 99837.9
79606.4 99804.5 86039.5 99100.9
85717.8 94443.3 87942 93267.8
93797.4 91293 96516.9 90426.9
99751.9 91235.1 100465 91580.2
100247 91493.3 100818 91604.7
101747 91397.6 101198 91584.6
98392.7 90511.5 91192.5 92330.5
90539.1 88654.7 90955.4 87461.4
91340.6 87125.2 91276.5 86820.9
94566.6 84596 98635.3 83885.8
100460 80330.2 99800.8 75476.7
100180 82846.1 97448.7 87668.4
96277.6 90280 100224 91493.3
100225 91495.6 98122.1 90645.1
94807.1 90763.1 92090.9 88380.9
21840.5 -136320 91296 87071.3
91348.4 87045 91169.1 87111.8
90230.7 90415.8 89532.7 92804.7
-24213.5 166817 89531.6 92833.6
90896.4 87165.2 91343.9 87042.8
90586.9 87247.6 88929.4 92889.3
82765.6 94712.7 78267.2 95981.8
74893.1 98773.6 70942.4 99869
67052.9 99154.4 66924.3 99175.9
67039.5 99564 67109.2 101614
67167.5 101603 68039.2 99673.1
73523.9 99853.4 82131.1 99795.6
90344.3 96206.6 95099.8 90295.6
98300.3 90631.7 100252 91471.1
97723.6 90698.5 94968.5 90402.4
91488.6 94870.8 90725 95656.7
87311.9 98328.4 79920.3 99806.7
74672.7 99820 69648.8 99902.4
67167.5 101561 67167.5 101561
