6617.53 150929 6617.53 150929
5072.41 150998 5072.41 150998
-11784.7 136424 -11784.7 136424
-10768.4 133853 -10768.4 133853
-10435.5 127196 -10435.5 127196
-8789.09 125519 -8789.09 125519
-9435.86 125713 -9435.86 125713
-9635.12 125283 -9635.12 125283
-10445.5 124771 -10445.5 124771
-14155.8 124172 -14155.8 124172
-14561 124905 -14561 124905
-14649 129879 -14649 129879
-14931.7 134612 -14931.7 134612
-14882.7 136099 -14882.7 136099
-15045.2 136121 -15045.2 136121
-12563.9 134106 -12563.9 134106
-12597.3 133868 -12597.3 133868
-11358.3 129097 -11358.3 129097
-11376.2 128872 -11376.2 128872
-12558.4 133496 -12558.4 133496
-12587.3 133846 -12587.3 133846
-14267.1 135262 -14267.1 135262
-12858.9 133846 -12858.9 133846
-10516.8 137508 -10516.8 137508
-9426.95 138971 -9426.95 138971
-10671.5 137546 -10671.5 137546
-10136.1 136333 -10171.7 136357
-12882.3 139459 -12882.3 139459
-16352.1 141093 -16352.1 141093
-16680.5 140218 -16680.5 140218
-16808.5 126728 -16808.5 126728
-12222.2 126034 -12222.2 126034
-11327.2 125744 -11327.2 125744
-10366.5 125495 -10366.5 125495
-11163.5 125635 -11163.5 125635
-9035.11 131729 -9035.11 131729
-7898.54 131862 -7898.54 131862
-7000.19 134420 -7000.19 134420
-7409.84 136188 -7397.6 136186
-6120.76 143139 -6120.76 143139
-5748.96 143043 -5748.96 143043
-3066.16 143504 -3066.16 143504
-1700.27 151508 -1700.27 151508
3243.43 155159 3243.43 155159
3385.92 155157 3385.92 155157
3084.24 154665 3084.24 154665
3092.04 152623 3092.04 152623
1759.54 152601 1759.54 152601
1469 152532 1469 152532
1307.59 150816 1307.59 150816
1188.47 149279 1188.47 149279
-1132.54 149048 -1132.54 149048
-1789.32 146027 -1789.32 146027
-1604.53 145804 -1604.53 145804
-638.279 143718 -638.279 143718
25.185 146942 25.185 146942
703.121 147260 703.121 147260
-1307.31 146986 -1307.31 146986
-1494.33 146968 -1494.33 146968
2105.75 144508 2105.75 144508
1556.94 144001 1556.94 144001
-1799.34 144125 -1799.34 144125
-6170.86 139835 -6170.86 139835
3238.98 140078 3238.98 140078
4504.68 155604 4504.68 155604
4755.15 155498 4755.15 155498
3102.06 155981 3102.06 155981
2573.29 155947 2573.29 155947
4450.13 145034 4450.13 145034
5912.87 140732 5912.87 140732
5351.82 140946 5351.82 140946
4886.51 140728 4886.51 140728
1247.47 144346 1247.47 144346
1189.59 142600 1189.59 142600
-4039.09 140449 -4039.09 140449
-4606.82 143457 -4643.55 143480
-4214.97 140982 -4214.97 140982
-4971.95 140779 -4971.95 140779
-5321.49 140095 -5321.49 140095
-4688.08 128316 -4688.08 128316
-2573.01 109839 -2573.01 109839
-2920.33 109215 -2920.33 109215
-4011.26 113613 -4011.26 113613
-4139.28 117395 -4139.28 117395
-3961.17 123046 -3961.17 123046
-3126.27 123936 -3126.27 123936
-11671.2 138334 -11671.2 138334
-11756.9 138014 -11751.3 138025
-11627.7 137956 -11627.7 137956
-12222.2 133752 -12222.2 133752
-13005.9 136409 -13005.9 136409
-14298.3 139445 -14298.3 139445
-14553.2 139209 -14553.2 139209
-14546.5 139973 -14551 139975
-14531 139897 -14531 139897
-14549.9 140006 -14555.4 140022
-14548.8 140071 -14548.8 140071
-14523.2 140151 -14523.2 140151
-14563.2 140082 -14563.2 140082
-14567.7 140009 -14567.7 140009
-14564.3 140080 -14564.3 140080
-14534.3 139830 -14534.3 139830
-14553.2 139982 -14577.7 140033
-14514.3 139862 -14514.3 139862
-14552.1 139997 -14558.8 140015
-14544.3 140062 -14558.8 140064
-14623.3 140060 -14623.3 140060
-14115.7 141861 -14115.7 141861
-14087.9 144001 -14087.9 144001
-2294.71 143488 -2294.71 143488
9941.53 126998 9941.53 126998
15617.7 119515 15617.7 119515
15876 114701 15876 114701
15874.9 114539 15874.9 114539
15326 114897 15326 114897
13354.6 117758 13365.7 117760
11756 117638 11756 117638
11542.3 116660 11542.3 116660
11668.1 116131 11668.1 116131
11698.1 116044 11692.6 116044
7020.5 119236 7020.5 119236
1348.77 119448 1348.77 119448
-1182.63 120862 -1182.63 120862
-1774.85 122578 -1774.85 122578
-2729.97 123622 -2731.09 123671
-2840.18 123898 -2840.18 123898
-2823.48 124010 -2823.48 124010
4720.64 130765 4720.64 130765
15538.7 118544 15538.7 118544
15854.8 114496 15854.8 114496
15003.2 118012 15003.2 118012
11851.8 117709 11851.8 117709
8889.56 119463 8889.56 119463
2799.27 119252 2799.27 119252
-943.295 119432 -943.295 119432
-2643.14 123707 -2643.14 123707
-2768.93 123752 -2768.93 123752
-2741.1 123182 -2741.1 123182
-3627.21 126216 -3627.21 126216
-4744.86 131005 -4744.86 131005
-4070.26 119009 -4070.26 119009
-4235.01 107401 -4235.01 107401
-2873.57 106056 -2873.57 106056
-4152.64 117549 -4152.64 117549
-4052.45 120007 -4052.45 120007
-3953.37 123070 -3953.37 123070
-2721.07 123564 -2721.07 123564
-5711.11 134817 -5711.11 134817
-7566.8 134351 -7566.8 134351
-12990.3 137092 -12990.3 137092
-14346.2 137535 -14346.2 137535
-16563.6 137878 -16563.6 137878
-17282.8 139635 -17282.8 139635
-16366.6 141166 -16366.6 141166
-15587.4 146828 -15587.4 146828
-15580.7 150976 -15580.7 150976
-14365.1 154222 -14365.1 154222
-14848.2 154905 -14848.2 154905
-14851.6 153296 -14851.6 153296
-6600.55 152879 -6600.55 152879
-2536.28 152995 -2536.28 152995
-3318.85 153770 -3318.85 153770
-3616.08 151630 -3616.08 151630
-4294.01 151134 -4294.01 151134
-7901.88 152864 -7901.88 152864
-8202.44 151267 -8202.44 151267
-8573.13 147984 -8573.13 147984
-8712.28 145479 -8712.28 145479
-8763.49 142631 -8763.49 142631
-9467.03 141600 -9467.03 141600
-11847 141890 -11847 141890
-12306.8 140100 -12306.8 140100
-11715.7 137381 -11715.7 137381
-12234.4 134821 -12234.4 134834
-12199.9 135251 -12199.9 135251
-12491.6 137629 -12491.6 137629
-12916.8 138679 -12916.8 138679
-13007 135467 -13007 135467
-14231.5 135075 -14231.5 135075
-8201.33 137413 -8201.33 137413
-8927.13 137166 -8927.13 137134
-7654.75 134939 -7654.75 134939
-9469.25 133329 -9469.25 133329
-10741.6 131989 -10741.6 131989
-6318.91 139318 -6318.91 139318
-4705.89 142631 -4705.89 142631
-4239.46 143604 -4239.46 143604
-1925.13 148914 -1925.13 148914
-1239.4 154632 -1239.4 154632
-3220.89 161179 -3220.89 161179
-4041.32 163844 -4041.32 163844
-4224.99 164771 -4224.99 164771
-4014.6 164172 -4014.6 164172
-4062.47 162070 -4062.47 162070
-16003.7 137811 -16003.7 137811
-5560.83 159699 -5560.83 159699
-4695.87 162288 -4695.87 162288
-4211.63 162248 -4211.63 162248
-2166.7 158053 -2166.7 158053
-2299.17 158025 -2299.17 158025
-2154.45 155958 -2154.45 155958
2423.01 155987 2423.01 155987
1320.94 155854 1320.94 155854
843.383 153095 843.383 153095
-644.958 152817 -644.958 152817
-4469.9 152710 -4469.9 152710
-5028.72 152752 -5028.72 152752
-7195 152891 -7195 152891
-11716.8 152797 -11716.8 152797
-13785.1 152837 -13785.1 152837
-15531.7 152269 -15531.7 152269
-15566.2 146832 -15566.2 146832
-15415.9 143090 -15415.9 143090
-14274.9 137546 -14274.9 137546
-11670 137475 -11676.7 137468
-11810.3 137417 -11810.3 137417
-12953.6 138484 -12953.6 138484
-12971.4 136584 -12971.4 136584
-12031.8 130359 -12031.8 130359
-11840.4 129625 -11840.4 129625
-9530.48 131956 -9530.48 131956
-9136.41 131947 -9136.41 131947
-9433.63 133630 -9433.63 133630
-11464.1 135166 -11487.5 135164
-14649 136137 -14649 136137
-14847.1 134000 -14847.1 134000
-12687.5 133797 -12687.5 133797
-11804.7 135309 -11804.7 135309
-4641.33 134841 -4641.33 134841
491.614 129605 491.614 129605
3628.6 120456 3628.6 120456
6977.09 119230 6977.09 119230
11619.1 117838 11619.1 117838
11685.9 116153 11664.8 116135
11646.9 116075 11663.6 116131
11665.9 116133 11659.2 116126
10056.2 120140 10056.2 120140
7431.27 122823 7431.27 122823
6139.96 127000 6139.96 127000
4809.7 130054 4809.7 130054
3152.15 131510 3152.15 131510
2863.83 131789 2863.83 131789
2545.46 132523 2587.76 132550
-3449.1 134721 -3449.1 134721
-5571.96 139283 -5571.96 139283
-5337.07 139479 -5337.07 139479
-4696.99 143146 -4696.99 143146
-4674.72 141587 -4674.72 141587
-4685.86 139254 -4685.86 139254
-4592.35 140628 -4592.35 140628
-5091.06 140554 -5091.06 140554
-1986.36 142660 -1986.36 142660
-1981.91 142725 -1981.91 142725
-2573.01 143428 -2573.01 143428
-1739.23 150185 -1739.23 150185
-117.304 152641 -117.304 152641
786.61 152679 786.61 152679
-404.508 153091 -408.961 153084
-1647.95 152614 -1647.95 152614
-5817.98 152779 -5817.98 152779
-10398.8 151833 -10398.8 151833
-9819.91 139459 -9819.91 139459
-9441.42 138441 -9441.42 138441
-9429.18 136391 -9429.18 136391
-9563.88 136288 -9553.86 136297
-10149.4 136326 -10177.2 136344
-12590.7 133757 -12590.7 133757
-10863 131038 -10863 131038
-10894.1 129478 -10894.1 129478
-10809.5 134082 -10809.5 134082
-10593.6 141959 -10593.6 141959
-10595.8 145094 -10595.8 145094
-12787.7 145995 -12787.7 145995
-11011 147282 -11011 147282
-10558 149092 -10558 149092
-14348.4 149217 -14348.4 149217
-18921.4 142976 -18921.4 142976
-18427.1 142867 -18427.1 142867
-12880.1 133439 -12880.1 133439
-12543.9 134489 -12543.9 134489
-12503.8 134409 -12503.8 134409
-12579.5 134576 -12561.7 134556
-12510.5 134521 -12510.5 134521
-12528.3 134454 -12528.3 134454
-12553.9 134532 -12521.6 134527
-12545 134383 -12553.9 134334
-10519 147320 -10519 147320
-10505.6 146499 -10505.6 146499
-13070.4 143266 -13070.4 143266
-12438.1 147249 -12438.1 147249
-12348 146080 -12348 146080
-13017 146020 -13017 146020
-13434.5 145866 -13448.9 145911
-4674.72 143346 -4674.72 143346
-4614.61 143059 -4614.61 143059
-4707.01 142972 -4707.01 142972
-4675.84 142832 -4675.84 142832
-4563.4 141850 -4563.4 141850
-4544.48 143511 -4544.48 143511
-4443.18 141329 -4443.18 141329
-4733.72 138457 -4733.72 138457
-4363.03 138655 -4363.03 138655
-4643.55 143462 -4648.01 143455
-4148.18 139225 -4148.18 139225
-10515.7 143310 -10515.7 143310
-10491.2 144622 -10491.2 144622
-11025.5 145532 -11025.5 145532
-13398.8 145862 -13398.8 145862
-14417.4 139243 -14417.4 139243
-13333.2 137535 -13333.2 137535
-12450.4 137773 -12450.4 137773
-11963.9 135436 -11963.9 135436
-10741.6 136978 -10741.6 136978
-10146.1 136331 -10146.1 136331
-11290.4 138154 -11327.2 138138
-8943.83 138274 -8943.83 138274
-9414.71 138553 -9414.71 138553
-12208.8 139410 -12208.8 139410
-13250.8 139441 -13250.8 139441
-14020 139468 -14032.2 139468
-17959.6 131613 -17959.6 131613
-19174.1 128883 -19174.1 128883
-19078.4 129050 -19078.4 129050
-16914.3 132849 -16914.3 132849
-15139.9 136981 -15139.9 136981
-14948.4 136970 -14948.4 136970
-14886.1 136978 -14886.1 136978
-15095.3 141126 -15095.3 141126
-14189.2 140490 -14189.2 140490
-13758.4 139590 -13731.7 139574
-9414.71 137353 -9414.71 137353
-9402.46 137134 -9402.46 137134
-10867.4 132653 -10867.4 132653
-10559.1 135229 -10559.1 135229
-9423.61 136348 -9429.18 136346
-9421.39 137373 -9421.39 137373
-12831.1 141518 -12831.1 141518
-12737.6 141162 -12737.6 141162
-15761 141327 -15761 141327
-15304.6 148244 -15304.6 148244
-14139.1 148093 -14139.1 148093
-14110.2 148231 -14110.2 148231
-13511.3 146051 -13511.3 146051
-7957.54 135160 -7957.54 135160
-13243 119639 -13243 119639
-11648.9 117344 -11648.9 117344
-12945.8 119321 -12945.8 119321
-13340.9 122393 -13340.9 122393
-13249.7 122669 -13249.7 122669
-10889.7 131931 -10889.7 131931
-11742.4 132875 -11742.4 132875
-10829.6 133588 -10829.6 133588
-10783.9 137399 -10783.9 137399
-11062.2 138789 -11062.2 138789
-13846.3 139470 -13846.3 139470
-13870.8 139247 -13870.8 139247
-10762.8 134759 -10762.8 134759
-10593.6 129431 -10593.6 129431
-11284.9 130838 -11284.9 130838
-11272.6 131230 -11272.6 131230
-8273.68 136598 -8273.68 136598
-8412.83 137784 -8412.83 137784
-8501.89 138199 -8501.89 138199
-11335 143335 -11335 143335
-11431.8 143406 -11431.8 143406
-18559.6 153977 -18559.6 153977
-15551.8 149756 -15551.8 149756
-13830.8 147360 -13830.8 147360
-12403.6 146047 -12403.6 146047
-14034.5 142700 -14034.5 142700
-2991.57 134705 -2991.57 134705
10094 120047 10094 120047
11673.7 116075 11673.7 116079
698.668 147650 698.668 147650
11673.7 116079 11675.9 116068
10148.6 119969 10148.6 119969
4974.45 119252 4974.45 119252
158.768 118718 158.768 118718
-1879.49 122140 -1879.49 122140
-4275.09 133601 -4275.09 133601
-5452.85 134794 -5452.85 134794
-8149.01 133906 -8149.01 133906
-4732.61 132773 -4732.61 132773
-4784.93 131132 -4784.93 131132
-5488.47 134656 -5488.47 134656
-7444.35 134367 -7444.35 134367
-8701.15 132452 -8701.15 132452
-6750.83 142571 -6750.83 142571
-6304.44 142814 -6304.44 142814
-8628.79 132624 -8628.79 132624
-6302.21 142792 -6302.21 142792
-7970.89 141563 -7970.89 141563
-9924.55 140632 -9924.55 140632
-14347.3 152995 -14347.3 152995
-15552.9 149900 -15552.9 149900
-15585.1 144009 -15585.1 144009
-15152.1 143092 -15152.1 143092
-15127.6 152888 -15127.6 152888
-14358.4 154585 -14358.4 154585
-14853.8 152968 -14853.8 152968
-15570.7 146245 -15570.7 146245
-14484.2 141834 -14484.2 141834
-14509.8 140603 -14552.1 140610
-14204.8 140999 -14204.8 140999
-14323.9 140133 -14323.9 140133
-15886.8 139568 -15886.8 139568
-15863.4 140710 -15863.4 140710
-10329.8 140218 -10329.8 140218
-10308.6 140062 -10296.4 140046
-9049.58 139372 -9049.58 139372
-10473.4 139323 -10473.4 139323
-10684.9 141389 -10684.9 141389
-17282.8 143511 -17282.8 143511
-15581.8 153202 -15581.8 153202
-14547.6 155179 -14547.6 155179
-13500.1 153988 -13500.1 153988
-12936.9 148358 -12936.9 148358
-13442.2 146552 -13442.2 146552
-12755.4 152899 -12755.4 152899
-4577.88 152759 -4577.88 152759
-2590.82 153345 -2590.82 153345
-3578.23 152808 -3578.23 152808
-4337.43 150217 -4337.43 150217
-4620.18 146501 -4620.18 146501
-4699.21 141184 -4699.21 141184
-3593.81 139214 -3593.81 139214
-3672.85 135636 -3672.85 135636
-4306.26 132577 -4306.26 132577
-3627.21 132125 -3627.21 132125
-6348.97 134999 -6348.97 134999
-7112.62 135389 -7112.62 135389
-4320.73 134850 -4320.73 134850
20.7322 132368 20.7322 132368
3459.39 122725 3459.39 122725
6076.51 119185 6076.51 119185
10026.1 120007 10026.1 120007
11674.8 116070 11677 116128
12039.9 113615 12039.9 113615
14509 105985 14509 105985
24858.3 106439 24858.3 106439
31279.2 104925 31279.2 104925
38541.7 99405.9 38541.7 99405.9
44856.9 98172.5 44856.9 98172.5
52994.3 98145.8 52994.3 98145.8
61554.8 100924 61554.8 100924
65278.4 100216 65278.4 100216
67361.2 94503.4 67361.2 94503.4
67282.2 93897.9 67288.9 93897.9
67366.8 94309.7 67366.8 94309.7
67354.6 99544 67354.6 99544
66402.8 99771.1 66402.8 99771.1
67406.9 97978.8 67406.9 97978.8
67290 93897.9 67268.8 93902.3
67275.5 93835.5 67275.5 93835.5
67310 93886.7 67280 93888.9
67290 93951.3 67280 93900.1
67282.2 93884.5 67291.1 93871.1
67242.1 93793.2 67253.3 93822.2
67294.4 93933.5 67280 93902.3
67263.3 93837.7 67303.3 93880
67303.3 93886.7 67288.9 93900.1
67315.6 93815.5 67297.8 93871.1
67296.7 93873.4 67267.7 93893.4
67374.6 95231.5 67374.6 95231.5
67409.1 98239.3 67409.1 98239.3
71950.9 99924.7 71950.9 99924.7
73688.6 97785.1 73688.6 97785.1
74027 97520.2 74043.7 97511.3
74070.5 97880.9 74070.5 97880.9
73686.4 97785.1 73682 97758.4
73569.5 100043 73569.5 100043
73843.4 101049 73843.4 101049
71873 101049 71873 101049
67419.1 99060.8 67419.1 99060.8
69566.5 95485.3 69566.5 95485.3
67306.7 93915.7 67293.3 93895.6
67324.5 94009.2 67324.5 94009.2
67285.5 93886.7 67275.5 93909
67877.8 94129.4 67877.8 94129.4
67287.8 93911.2 67278.9 93893.4
67287.8 93848.9 67291.1 93895.6
67259.9 93788.8 67259.9 93788.8
67285.5 93875.6 67271.1 93920.1
67242.1 93946.8 67288.9 93917.9
67287.8 93904.5 67274.4 93895.6
68041.4 95244.8 68041.4 95244.8
69757.9 95578.8 69756.8 95592.1
69651.1 95761.3 69651.1 95761.3
68869.6 99871.3 68869.6 99871.3
63831.3 100450 63831.3 100450
62749.3 110268 62749.3 110268
62125.9 120615 62125.9 120615
62079.1 120523 62079.1 120523
61210.8 120080 61210.8 120065
61376.7 120323 61376.7 120323
61218.6 120085 61209.7 120051
62226.1 116919 62226.1 116919
63438.3 104869 63438.3 104869
69159 99893.5 69159 99893.5
69412.8 95280.4 69412.8 95280.4
67293.3 93893.4 67293.3 93893.4
68993.2 99884.6 68993.2 99884.6
71236.3 104375 71236.3 104375
70169.8 106838 70169.8 106838
70237.7 106822 70238.8 106824
70309 106544 70309 106544
70172 106038 70167.6 106029
70243.3 106862 70221 106824
