-41354.5 376155.0
26808.7 139392.0
26798.6 139401.0
-16354.4 139412.0
26780.8 139412.0
26726.3 139445.0
26798.6 139401.0
15021.0 147850.0
14461.1 147935.0
-18632.0 158692.0
-18709.9 158862.0
26808.7 139390.0
26815.3 139325.0
26815.3 139336.0
26820.9 139323.0
26823.1 139330.0
26826.5 139323.0
26828.7 139347.0
26836.5 139347.0
26815.3 139401.0
26830.9 139367.0
27049.1 139025.0
27045.8 139067.0
26937.8 139203.0
26903.3 139258.0
26912.2 139245.0
26856.5 139330.0
26862.1 139303.0
26825.4 139367.0
26812.0 139474.0
26806.4 139470.0
26901.0 139530.0
26803.1 139379.0
26826.5 139345.0
26734.1 139481.0
26809.8 139401.0
26931.1 139448.0
27294.0 139534.0
26793.1 139403.0
26804.2 139407.0
26828.7 139367.0
26780.8 139441.0
26847.6 139436.0
4225.27 138666.0
4372.21 138639.0
4428.98 138588.0
4440.12 138423.0
5492.09 138466.0
7322.18 137482.0
7761.89 137143.0
8926.29 137159.0
9187.89 137141.0
10056.2 137956.0
10088.5 138212.0
10078.4 138321.0
10301.1 138561.0
10826.5 138706.0
10824.3 139679.0
10963.4 139826.0
11900.7 139879.0
11756.0 141144.0
12017.6 138679.0
12238.0 138495.0
13562.7 138205.0
13489.3 137326.0
17912.0 136108.0
19483.8 134814.0
19685.3 134883.0
19700.9 134806.0
19668.6 134728.0
19587.4 134743.0
18930.6 135055.0
18936.1 135073.0
23889.9 135262.0
26559.3 135251.0
26695.1 137221.0
26709.6 137237.0
26641.7 139147.0
26898.8 139167.0
26864.3 139481.0
26873.2 139412.0
26862.1 139403.0
26804.2 139396.0
26814.2 139419.0
26800.9 139370.0
26797.5 139407.0
26819.8 139423.0
26804.2 139367.0
26775.3 139392.0
26825.4 139430.0
26793.1 139396.0
26806.4 139434.0
26828.7 139370.0
26578.2 139824.0
26500.3 139946.0
26489.2 139935.0
26474.7 139942.0
26461.3 139935.0
26803.1 139425.0
26809.8 139459.0
26797.5 139385.0
26754.1 139296.0
26787.5 139370.0
26769.7 139336.0
26792.0 139407.0
26976.7 139570.0
27084.7 139646.0
26984.5 139568.0
27038.0 139615.0
22500.6 157225.0
25667.6 151312.0
27435.4 146470.0
27357.5 146472.0
27321.8 146470.0
27232.8 145223.0
27073.6 143364.0
26973.4 143411.0
26942.2 143382.0
26561.5 141551.0
26520.3 141028.0
26400.1 140648.0
26383.4 140387.0
26277.7 140147.0
26263.2 140087.0
26297.7 139971.0
26252.1 139948.0
26235.4 139931.0
26127.4 139920.0
26227.6 139837.0
29268.8 137686.0
27975.3 138566.0
28353.8 138301.0
27905.2 138613.0
28589.8 138132.0
26793.1 139401.0
26826.5 139367.0
26882.1 139281.0
26803.1 139403.0
26786.4 139412.0
26164.1 140276.0
28856.9 136506.0
-17155.9 158926.0
-17116.9 159151.0
-15653.1 158038.0
-15636.4 158058.0
-15542.8 158470.0
-15517.2 161366.0
-15656.4 161727.0
-15615.2 161894.0
-15322.4 162391.0
-14930.6 163726.0
-14899.4 163802.0
-13942.1 165619.0
-12068.6 165902.0
-7727.1 164071.0
-4602.37 164087.0
-1320.67 163702.0
-1316.21 163709.0
-1301.74 163680.0
-3544.83 169441.0
2716.89 163791.0
30227.3 188477.0
88163.5 318848.0
93361.0 301996.0
103631.0 155377.0
106769.0 51465.1
109463.0 2911.98
5006.73 156061.0
5032.34 156054.0
5034.56 156027.0
5018.98 155976.0
4501.34 155979.0
4444.57 155994.0
4450.13 155987.0
3067.55 155983.0
2519.85 155972.0
958.042 156918.0
926.873 156929.0
848.949 156902.0
4439.0 156061.0
26862.1 139425.0
26842.1 139463.0
26648.4 140271.0
26327.8 141638.0
27777.1 139741.0
27516.6 137014.0
27630.2 136535.0
26984.5 139802.0
27193.8 140414.0
27187.1 139953.0
27162.7 139913.0
27173.8 139924.0
26862.1 139434.0
26878.8 139441.0
26867.7 139396.0
26876.6 139307.0
26871.0 139285.0
26875.4 139263.0
26886.6 139263.0
26886.6 139163.0
26789.7 139129.0
26776.4 139140.0
26734.1 139118.0
25578.6 139080.0
25721.1 137776.0
22954.8 144829.0
23105.1 146131.0
23040.5 148531.0
22240.1 149511.0
21487.6 149400.0
21210.4 149756.0
21199.3 149760.0
20869.8 150277.0
20561.4 150335.0
19492.7 151323.0
18023.3 151537.0
18017.8 151530.0
15707.9 151724.0
15661.1 151693.0
15691.2 151419.0
15733.5 151074.0
15732.4 150813.0
15677.8 149894.0
15637.7 148859.0
15927.2 148825.0
17650.4 148874.0
17850.8 149074.0
17850.8 149052.0
17819.6 148992.0
15479.7 148821.0
13642.9 149063.0
9548.57 149210.0
8763.77 149175.0
7909.94 149199.0
5780.4 149322.0
5770.38 149299.0
5774.84 148286.0
5770.38 148253.0
5798.21 148195.0
5798.21 146461.0
7453.53 145537.0
7464.67 145563.0
-19326.6 121084.0
7462.44 148876.0
7629.42 150784.0
7904.38 150722.0
8516.64 150651.0
8861.73 150706.0
9321.48 150769.0
10834.3 150925.0
10841.0 150958.0
10839.9 151214.0
10906.7 151426.0
52595.8 226544.0
53760.2 233717.0
59354.0 241937.0
60150.0 244656.0
82607.5 404709.0
4353.29 157815.0
4328.8 157824.0
3682.03 157813.0
3002.98 157824.0
3008.55 160799.0
3053.08 162511.0
3004.09 162377.0
3039.72 162321.0
2991.85 159797.0
2488.69 159817.0
2457.52 159728.0
2240.44 159356.0
2618.93 159835.0
2638.97 159850.0
2583.31 159719.0
1167.32 158884.0
2980.72 159928.0
3000.75 160863.0
3169.96 163123.0
2964.02 163691.0
2948.43 163680.0
2959.57 163682.0
-58356.3 92998.4
11904.1 139891.0
11898.5 139891.0
11789.4 140815.0
11452.1 139908.0
6424.94 150938.0
11452.1 139908.0
26873.2 139425.0
26854.3 139470.0
26862.1 139492.0
26828.7 139401.0
26837.6 139396.0
26793.1 139296.0
26672.8 138991.0
26695.1 139045.0
30652.5 84642.7
26786.4 139730.0
26761.9 139548.0
26859.9 139479.0
26858.7 139403.0
26858.7 139419.0
26858.7 139392.0
26867.7 139436.0
26884.4 139452.0
26945.6 139281.0
26947.8 139312.0
27003.5 138802.0
26856.5 139425.0
26869.9 139445.0
26853.2 139436.0
26842.1 138613.0
26856.5 139407.0
26921.1 139347.0
26858.7 139430.0
26842.1 139425.0
26834.3 139434.0
26843.2 139412.0
26753.0 139519.0
26734.1 139568.0
26725.2 139552.0
26730.7 139534.0
26726.3 139508.0
26731.8 139508.0
26722.9 139534.0
26726.3 139548.0
26730.7 139523.0
26976.7 140160.0
26956.7 140049.0
26247.6 137989.0
26058.4 137544.0
26728.5 139136.0
25940.4 137266.0
5758.14 148213.0
5639.03 149371.0
3904.67 149364.0
3607.45 149371.0
3128.77 149355.0
3128.77 148309.0
3147.7 147663.0
3824.52 146988.0
4275.36 146984.0
4436.78 146910.0
4216.36 141523.0
4807.47 140815.0
4681.68 140632.0
4618.23 140565.0
4284.27 140093.0
4408.95 138479.0
4392.25 138372.0
4295.4 138212.0
-6264.37 124057.0
-15620.8 105192.0
-33233.7 78649.3
-61403.1 15793.9
-108627.0 -129580.0
-123512.0 -182290.0
9418.32 150735.0
9396.06 150746.0
8644.65 150635.0
7968.94 150689.0
7249.82 151007.0
5335.12 150936.0
5318.43 150962.0
3924.71 151063.0
3913.57 151056.0
3540.65 151040.0
3137.68 151018.0
1689.41 150522.0
1683.85 150533.0
1225.21 150310.0
1256.38 150662.0
-1472.06 163586.0
-1493.21 163602.0
-2021.98 163657.0
-1971.89 163653.0
-2214.56 162669.0
4479.08 187682.0
2471.99 195862.0
23164.1 190770.0
44667.6 115603.0
56256.0 35406.1
51394.7 -56296.6
41695.4 -120345.0
35519.4 -181856.0
26798.6 139401.0
26784.2 139419.0
26809.8 139390.0
26781.9 139468.0
26787.5 139445.0
26786.4 139448.0
26793.1 139436.0
26789.7 139441.0
26792.0 139434.0
26804.2 139385.0
26798.6 139407.0
26804.2 139401.0
26803.1 139403.0
26798.6 139374.0
26798.6 139390.0
26797.5 139385.0
26809.8 139419.0
26812.0 139392.0
26803.1 139407.0
26814.2 139396.0
26800.9 139403.0
26808.7 139403.0
26800.9 139392.0
26804.2 139414.0
26795.3 139401.0
26804.2 139403.0
26797.5 139414.0
26793.1 139396.0
26808.7 139407.0
26793.1 139401.0
26793.1 139407.0
26781.9 139403.0
26795.3 139392.0
26806.4 139392.0
26806.4 139401.0
26798.6 139390.0
26798.6 139396.0
26834.3 139407.0
26828.7 139419.0
26837.6 139430.0
26847.6 139419.0
26787.5 139407.0
26786.4 139412.0
26789.7 139396.0
26804.2 139390.0
26808.7 139412.0
26795.3 139396.0
26803.1 139407.0
26795.3 139407.0
26803.1 139412.0
26797.5 139385.0
26806.4 139401.0
26804.2 139419.0
26803.1 139403.0
26786.4 139396.0
26814.2 139407.0
26781.9 139396.0
26787.5 139392.0
-11279.3 128687.0
26789.7 139396.0
26795.3 139392.0
26789.7 139396.0
26798.6 139412.0
26803.1 139401.0
26809.8 139403.0
26792.0 139392.0
26797.5 139385.0
26809.8 139419.0
26806.4 139407.0
26789.7 139403.0
26786.4 139392.0
26804.2 139407.0
26798.6 139396.0
26806.4 139407.0
26819.8 139396.0
26815.3 139379.0
26812.0 139414.0
26806.4 139401.0
26812.0 139385.0
26795.3 139434.0
26817.6 139392.0
26814.2 139401.0
26815.3 139412.0
26800.9 139403.0
26797.5 139407.0
26797.5 139379.0
26795.3 139390.0
26795.3 139381.0
26795.3 139468.0
26793.1 139430.0
26795.3 139479.0
26795.3 139468.0
26797.5 139492.0
26793.1 139419.0
26815.3 139412.0
26804.2 139414.0
26809.8 139370.0
26798.6 139392.0
26798.6 139401.0
26784.2 139370.0
26804.2 139396.0
26795.3 139381.0
26793.1 139407.0
26803.1 139381.0
26804.2 139412.0
20082.7 143433.0
21264.9 142725.0
24210.5 140939.0
24432.0 140759.0
24849.4 140521.0
26503.6 139637.0
26592.7 139597.0
26663.9 139512.0
26656.1 139497.0
26628.3 139485.0
26525.9 139485.0
26574.9 139474.0
27641.3 142097.0
30021.3 126111.0
28704.4 131871.0
27088.1 138272.0
26803.1 139396.0
26792.0 139419.0
26789.7 139407.0
26730.7 139592.0
25924.8 141828.0
24991.9 144501.0
24538.9 145757.0
24583.4 146559.0
23789.7 146358.0
22637.5 146828.0
22014.1 146971.0
21719.1 147200.0
21483.1 147400.0
21320.6 147356.0
20275.3 147307.0
19945.8 147222.0
19846.7 147211.0
20191.8 146726.0
19601.8 147104.0
19906.8 146944.0
19891.3 146839.0
20903.2 145897.0
20308.7 146138.0
21003.3 145831.0
21287.2 145356.0
22901.3 143760.0
26798.6 139412.0
26809.8 139423.0
26798.6 139430.0
27229.4 138969.0
27836.1 138245.0
28270.3 137756.0
28395.0 137611.0
27482.1 138635.0
27377.5 138744.0
27398.6 138713.0
27012.4 139047.0
26819.8 139445.0
26803.1 139403.0
27274.0 138528.0
26804.2 139390.0
26886.6 139192.0
27032.4 138784.0
26871.0 138817.0
26962.3 138584.0
26884.4 139145.0
26926.7 139011.0
26971.2 139111.0
26943.4 139163.0
27660.2 137920.0
27199.4 138584.0
27151.5 138713.0
26800.9 139407.0
26803.1 139414.0
27201.6 138550.0
26970.1 139089.0
27168.2 138784.0
27131.5 138479.0
27232.8 138372.0
27393.1 138172.0
27320.7 138323.0
27048.0 138668.0
27079.2 138744.0
26741.9 137497.0
26659.5 139434.0
26715.1 139423.0
26806.4 139025.0
26804.2 139069.0
26819.8 138735.0
26806.4 139062.0
26828.7 138339.0
26814.2 138840.0
26789.7 138844.0
26792.0 139401.0
26686.2 139485.0
27048.0 139267.0
26834.3 139396.0
27537.8 138956.0
26806.4 139412.0
26804.2 139407.0
26731.8 139470.0
59771.5 104954.0
104068.0 -7434.06
182173.0 -238974.0
183038.0 -395639.0
174258.0 -460687.0
26806.4 139412.0
26784.2 139423.0
26803.1 139419.0
26658.4 139269.0
26814.2 139436.0
26812.0 139445.0
26842.1 139314.0
26830.9 139356.0
26830.9 139352.0
26828.7 139379.0
26834.3 139374.0
26823.1 139385.0
26814.2 139385.0
26789.7 139441.0
26820.9 139374.0
26804.2 139403.0
26808.7 139396.0
26759.7 139490.0
26798.6 139403.0
26798.6 139412.0
26925.5 139403.0
26943.4 139296.0
26947.8 139192.0
26932.2 139185.0
25570.8 139080.0
25713.3 137764.0
25095.4 137660.0
25072.1 137686.0
23478.0 142253.0
22913.6 144290.0
22192.2 149522.0
20826.3 150232.0
20702.8 150194.0
20546.9 150388.0
20424.5 150673.0
18939.5 151452.0
16617.4 151664.0
16316.8 151782.0
15652.2 151682.0
15737.9 150918.0
15699.0 150179.0
12696.7 149077.0
11594.6 149130.0
8787.14 149177.0
6026.42 149315.0
6017.51 149299.0
5954.06 149293.0
5783.74 149297.0
5774.84 147494.0
5781.52 146543.0
5708.04 145479.0
4464.61 145441.0
4217.48 141629.0
4200.78 141589.0
4208.57 141567.0
4840.87 140810.0
4249.76 140024.0
4262.0 139980.0
4442.34 139692.0
4420.08 138457.0
4425.64 137511.0
4416.74 136680.0
4416.74 135262.0
4423.42 134932.0
5792.65 134906.0
5769.27 134877.0
4416.74 134928.0
4256.44 134732.0
4195.21 134676.0
3705.41 135540.0
1008.14 140425.0
715.366 141039.0
-956.653 143533.0
-956.653 143555.0
-1010.09 143631.0
-1106.93 143444.0
-1190.42 142317.0
-1324.01 142324.0
-1771.51 142402.0
-1721.42 142941.0
-1708.06 142992.0
-1752.59 142375.0
-1125.86 142308.0
-569.261 142084.0
-446.81 141879.0
-347.735 142006.0
-346.622 142017.0
-99.4928 142275.0
97.5427 142019.0
98.6558 141990.0
2976.26 136954.0
3568.48 135830.0
3571.82 135807.0
6271.32 130818.0
7044.99 129511.0
7125.14 129556.0
7188.59 129640.0
7214.2 129638.0
7685.08 128899.0
13494.8 136050.0
13100.8 138446.0
9967.13 130451.0
9761.19 134538.0
6009.72 134959.0
2728.02 163798.0
1017.04 162139.0
1130.59 161990.0
1314.26 160975.0
1937.65 160863.0
2638.97 160910.0
2928.4 160852.0
3006.32 160852.0
3026.36 160796.0
3036.38 157047.0
3075.34 156032.0
3120.98 155994.0
4353.29 155976.0
4339.93 155987.0
4503.57 153351.0
4974.45 152788.0
5177.05 152839.0
5145.88 152793.0
5154.79 152777.0
10147.5 152570.0
10633.9 152828.0
11360.8 152483.0
11714.8 152505.0
14171.7 152136.0
14132.7 151234.0
14196.2 151170.0
14347.6 151270.0
14336.4 151414.0
14436.6 151486.0
14413.2 151401.0
14419.9 151385.0
14418.8 151430.0
14336.4 151457.0
14399.9 151882.0
14413.2 151880.0
14429.9 152116.0
14202.8 152136.0
14124.9 152154.0
14158.3 152715.0
14166.1 152744.0
14208.4 154191.0
14202.8 154135.0
14104.9 156034.0
12482.9 156791.0
12474.0 156747.0
12471.8 156655.0
12494.1 156658.0
12476.3 156658.0
12488.5 156802.0
12507.4 156818.0
14121.6 155967.0
14080.4 155248.0
21637.9 155694.0
21602.2 155653.0
21572.2 155665.0
21513.2 156121.0
18821.5 156284.0
18805.9 156707.0
18665.6 156684.0
18674.5 148932.0
18711.3 148919.0
18699.0 148941.0
19378.1 148658.0
21098.0 148509.0
21084.6 148540.0
109903.0 -1240.24
108567.0 1155.36
21559.9 154353.0
21955.1 154073.0
22487.2 154240.0
22496.1 154313.0
23201.9 154509.0
23392.3 157735.0
23436.8 159107.0
23411.2 159701.0
23303.2 161487.0
23190.8 161634.0
22807.8 161716.0
22830.1 161834.0
22551.8 161939.0
22487.2 161910.0
28244.7 119508.0
28403.9 118542.0
26793.1 139392.0
26858.7 139423.0
26842.1 139419.0
26843.2 139396.0
26839.8 139456.0
26854.3 139425.0
26747.4 139586.0
26871.0 139407.0
26887.7 139158.0
25568.6 139058.0
25587.5 138918.0
22901.3 149415.0
22957.0 150778.0
21474.2 151441.0
21485.4 150101.0
21947.3 149538.0
22099.8 149582.0
22139.9 149571.0
14132.7 150410.0
14073.7 150435.0
14121.6 148992.0
16110.9 148865.0
18694.6 148921.0
19370.3 148654.0
21076.8 148513.0
22333.6 149582.0
22901.3 149631.0
23016.0 151092.0
23288.7 150985.0
23637.2 150824.0
23611.6 150602.0
23583.7 150535.0
23670.6 150499.0
23691.7 150479.0
23715.1 150488.0
23728.4 150439.0
23836.4 150484.0
23943.3 150457.0
24032.3 150250.0
24043.5 150254.0
25389.3 152298.0
25368.2 152327.0
25190.1 152470.0
24630.1 152521.0
24349.6 152561.0
23931.0 152592.0
23114.0 152617.0
22902.5 149531.0
22874.6 149453.0
21394.1 149444.0
20841.9 150250.0
20711.7 150188.0
20544.7 150368.0
20431.2 150657.0
18928.3 151430.0
17831.9 151593.0
15693.4 151686.0
15668.9 151679.0
15744.6 150880.0
15613.3 148919.0
15574.3 148818.0
14856.3 148936.0
14831.8 148903.0
12677.8 149054.0
11561.2 149115.0
7913.28 149175.0
5780.4 149299.0
5770.38 149259.0
5791.53 146937.0
5026.77 146837.0
4489.1 146959.0
1878.65 146988.0
1867.52 147044.0
1859.73 147026.0
1835.24 147812.0
1767.34 147850.0
1750.64 147828.0
1726.15 147841.0
1735.05 147968.0
1330.96 148117.0
1322.06 148086.0
1330.96 147073.0
2497.59 147028.0
2507.61 147062.0
2546.57 149355.0
2208.16 149344.0
1893.13 149288.0
1873.09 148787.0
1879.77 148769.0
1874.2 148747.0
1876.43 147946.0
1856.39 147823.0
1843.03 147808.0
1308.7 148035.0
1266.4 147322.0
1228.55 147438.0
919.08 147340.0
865.647 147037.0
885.685 147028.0
1200.72 147011.0
1210.74 147017.0
1863.07 147017.0
1876.43 147471.0
1874.2 149208.0
1912.05 149353.0
2146.93 149371.0
2145.82 149359.0
3084.24 149408.0
3108.73 149400.0
3117.64 149382.0
3136.56 147734.0
4612.66 149366.0
3910.24 149377.0
3579.62 149397.0
3158.83 149404.0
3106.51 149422.0
3087.58 150873.0
3076.45 154462.0
3086.47 154409.0
4362.19 154362.0
-6036.16 156557.0
-6687.38 156800.0
-6815.4 156813.0
-6832.1 156825.0
-8309.31 156891.0
-9108.58 156911.0
-9570.56 156900.0
-9580.57 156974.0
-10160.5 156956.0
-10179.5 156836.0
-12152.1 156747.0
-12144.3 156733.0
-12010.7 156751.0
-11977.3 156789.0
-11955.0 157167.0
-11963.9 158080.0
-12083.0 158180.0
-12079.7 158292.0
-12113.1 158381.0
-12038.5 159485.0
-12845.6 159563.0
-12648.5 159561.0
-12653.0 161398.0
-12706.4 161420.0
-12661.9 161593.0
-9583.91 161431.0
-8682.23 161155.0
-8579.81 160819.0
-8206.89 161144.0
-4346.33 160681.0
-4271.75 160554.0
-4073.6 160663.0
-4062.47 160736.0
-4059.13 161498.0
-4049.11 161500.0
-3926.66 162996.0
