3089.81 153941.0
3094.26 153812.0
3082.02 152806.0
708.687 152646.0
243.371 150401.0
472.689 151234.0
412.577 151161.0
396.992 151459.0
1237.45 152675.0
1184.02 155840.0
1314.26 154810.0
1546.92 154320.0
1553.6 154280.0
1541.36 154338.0
2884.98 154429.0
3096.49 153605.0
3077.57 153529.0
1510.19 153198.0
1210.74 159975.0
-3873.22 164063.0
-9340.12 164441.0
-14766.9 163969.0
-15949.2 158577.0
-15561.8 151579.0
-16027.1 147280.0
-16026.0 145285.0
-16029.3 145319.0
-15274.6 145439.0
-13900.9 145960.0
-13847.4 147086.0
-13846.3 148068.0
-13362.1 148280.0
-13099.4 148309.0
-11426.3 147385.0
-11215.9 149103.0
-11812.5 147972.0
-10559.1 145521.0
-7878.5 142674.0
-7787.22 136250.0
-9856.65 129177.0
-10777.3 126635.0
-10932.0 129081.0
-10912.0 129242.0
-12267.8 132149.0
-12301.2 133790.0
-12590.7 133775.0
-11312.7 130542.0
-11263.7 130546.0
-10854.1 132904.0
-10839.6 133200.0
-10132.7 133686.0
-8990.58 131936.0
-7436.56 131864.0
-7419.86 131847.0
-7444.35 131807.0
-7408.73 131909.0
-7256.22 131860.0
-5013.14 130130.0
-3675.07 131437.0
-3700.68 131464.0
-3666.17 131646.0
-2914.76 133801.0
-1163.71 134834.0
476.029 136509.0
732.064 135992.0
798.855 133285.0
812.214 132978.0
584.009 132918.0
651.914 132969.0
1474.56 135255.0
2576.63 135729.0
4072.76 134487.0
4322.12 134498.0
4231.95 134596.0
1778.47 132875.0
585.122 132214.0
850.062 132439.0
1934.31 130491.0
1147.29 130339.0
1151.74 130348.0
1162.87 130348.0
1925.41 130900.0
1398.87 132089.0
1405.55 132374.0
2696.85 136079.0
3033.04 136551.0
1788.49 137072.0
1657.13 137088.0
1630.41 137099.0
1601.47 137096.0
1535.79 137381.0
-4231.67 134788.0
-10588.0 135115.0
-10757.2 140683.0
-11637.8 146131.0
-12789.9 146763.0
-12987.0 146683.0
-13988.8 143622.0
-14338.4 142113.0
-14033.4 142979.0
-14013.3 142845.0
-14038.9 142462.0
-15381.4 141843.0
-15929.1 138777.0
-16519.1 138443.0
-15860.1 140461.0
-15472.7 140461.0
-15472.7 140449.0
-15330.2 140316.0
-11682.3 139463.0
-10541.3 145644.0
-10533.5 147823.0
-10457.8 149455.0
-10396.5 152036.0
-9075.18 154583.0
-8447.34 156707.0
-6739.7 158187.0
-6746.38 158198.0
-6727.46 158196.0
-6736.36 158223.0
-6726.34 158189.0
-6729.68 158196.0
-7284.05 156789.0
-7351.96 153959.0
-7369.77 153563.0
-7291.85 156261.0
-7299.64 156709.0
-6999.07 158512.0
-7621.35 165599.0
-7959.76 168137.0
-7040.26 165824.0
-6977.92 162373.0
-5535.22 159514.0
-4066.92 156132.0
-2627.56 154387.0
-3209.76 154416.0
-3785.28 153289.0
-3592.7 151072.0
-2668.75 148398.0
-504.696 143215.0
-513.601 142985.0
2411.87 137940.0
4181.85 134763.0
4476.85 135398.0
14433.3 123280.0
15982.8 119196.0
14707.1 113857.0
15369.5 106025.0
19932.4 106027.0
27778.2 101657.0
30493.3 90618.4
34087.8 84812.0
36129.4 77705.3
36628.1 77587.3
37193.6 81336.6
37204.8 81323.2
37204.8 81332.1
37197.0 81329.9
37217.0 81519.1
37205.9 81376.6
37212.6 81390.0
37208.1 81345.5
37034.5 81701.7
37100.1 82863.9
34258.2 84072.8
29874.4 84805.3
28723.3 84912.1
28685.5 85074.7
28681.0 85063.5
28741.2 84778.6
24328.5 87554.9
24186.0 94191.7
21159.2 94369.8
16756.5 99775.5
12599.8 107445.0
11274.0 111885.0
9806.83 110968.0
8396.41 110438.0
3599.65 110491.0
2591.1 105871.0
-1899.53 108392.0
-3946.69 109046.0
-6184.22 106497.0
-11598.8 106464.0
-17053.5 107490.0
-18851.3 107225.0
-16150.7 113272.0
-15735.4 119388.0
-16456.8 122471.0
-15098.7 127908.0
-14960.6 135229.0
-16443.4 134494.0
-16097.2 135375.0
-11161.3 135253.0
-10750.5 141122.0
-10490.1 144090.0
-10539.0 147053.0
-10399.9 150239.0
-9301.16 151791.0
-9674.08 151699.0
-9639.57 151350.0
-10145.0 149241.0
-10775.0 147507.0
-10561.3 142464.0
-12215.5 135155.0
-12218.8 134879.0
-12218.8 134921.0
-12215.5 134870.0
-12228.9 134886.0
-12216.6 134875.0
-12222.2 134160.0
-10051.5 133699.0
-8999.49 131925.0
-10195.1 128454.0
-7771.63 132009.0
-7655.86 132775.0
-8378.32 131882.0
-12270.1 132559.0
-12247.8 133790.0
-12501.6 132270.0
-13103.8 133325.0
-13067.1 133349.0
-12074.1 132083.0
-9443.65 130453.0
-12563.9 122246.0
-11938.3 118958.0
-10456.7 115616.0
-10870.8 117110.0
-12566.2 120746.0
-13108.3 120370.0
-13285.3 120336.0
-12402.5 119216.0
-11036.6 118644.0
-11953.9 117104.0
-11948.3 117092.0
-12115.3 117043.0
-11982.8 115371.0
-11764.7 115411.0
-10945.4 113621.0
-9605.06 113530.0
-10221.8 116347.0
-11976.2 117041.0
-12838.9 117471.0
-11488.6 118767.0
-12312.4 118088.0
-13745.0 117449.0
-12365.8 117048.0
-12872.3 115792.0
-11150.2 115423.0
-9146.43 115053.0
-9178.71 114793.0
-12456.0 114405.0
-14680.1 115529.0
-13443.4 113987.0
-13324.2 117017.0
-13633.7 117014.0
-15192.2 119227.0
-16334.3 120554.0
-16260.9 120891.0
-15955.8 124281.0
-15383.7 125023.0
-15394.8 125510.0
-15925.8 124379.0
-16636.0 121843.0
-16408.9 120314.0
-16208.5 121066.0
-14332.8 118255.0
-12833.3 116847.0
-10729.4 114300.0
-10349.8 113742.0
-10740.5 114234.0
-10642.6 114292.0
-7532.3 115046.0
-6019.46 113626.0
-5843.58 114300.0
-8268.12 114040.0
-9305.61 115489.0
-11345.0 117642.0
-13666.0 117019.0
-15281.2 119268.0
-16486.8 121238.0
-15093.1 121267.0
-16504.6 121196.0
-16949.9 120307.0
-14236.0 121115.0
-13329.8 122411.0
-12078.6 123580.0
-10281.9 125361.0
-10024.7 124555.0
-9754.23 125323.0
-10241.8 125459.0
-11200.3 125673.0
-10783.9 127441.0
-7799.46 136446.0
-7713.75 143702.0
-2723.29 147808.0
-2654.28 151132.0
-2626.45 153124.0
-3530.36 153271.0
-3624.98 151005.0
-2672.09 149146.0
-2729.97 145290.0
-2793.42 143658.0
-2822.37 141360.0
-1447.57 139223.0
-230.85 138236.0
679.744 136148.0
1838.58 135709.0
1415.57 136930.0
2120.22 135355.0
1416.68 132198.0
1407.77 133062.0
2506.5 135836.0
703.121 141075.0
-779.655 143920.0
-1629.02 145394.0
-1733.66 150956.0
-4566.74 152677.0
-4855.06 151198.0
-4890.68 147280.0
-4634.65 145419.0
-4524.44 141008.0
-4769.35 137119.0
-4713.69 132192.0
-3687.32 131584.0
-3714.04 131606.0
-4803.85 131038.0
-4766.01 135015.0
-3334.44 139123.0
1269.74 145648.0
1236.34 155486.0
1649.34 156751.0
1651.56 156862.0
1281.98 156094.0
1333.19 151962.0
1307.59 148240.0
3560.69 135338.0
4027.12 134447.0
2838.23 137355.0
-2389.33 143446.0
-5811.3 142896.0
-5821.31 142796.0
-6049.52 143045.0
-6220.95 137499.0
-2191.19 134705.0
777.705 135772.0
782.158 135191.0
1810.75 134975.0
1270.85 139977.0
1076.04 143377.0
1288.66 140187.0
2766.98 137284.0
4900.98 133414.0
9841.34 120859.0
11990.9 114247.0
13458.1 106043.0
17757.3 106009.0
23245.3 106112.0
25197.9 102961.0
28467.3 100020.0
30388.7 92392.8
31047.7 87109.6
34574.3 82211.5
35508.3 79067.9
35528.3 79074.5
35588.4 79074.5
37146.9 81543.6
37027.8 81701.7
37042.3 81661.6
37021.1 81703.9
37034.5 81695.0
37022.2 81679.4
37023.3 81701.7
37131.3 81788.5
34422.9 82930.7
30537.9 89694.4
28024.3 101038.0
23806.4 103300.0
22380.4 104217.0
18982.9 106003.0
15261.5 105894.0
12365.0 109220.0
11691.5 117515.0
9622.04 121552.0
6893.6 123364.0
6057.59 125858.0
3651.97 127412.0
2063.44 127643.0
450.425 127572.0
1885.33 129108.0
3176.64 132328.0
2578.85 133189.0
3085.36 135037.0
3439.35 135502.0
3367.0 140254.0
4381.12 151176.0
3113.19 152510.0
3055.3 153643.0
1878.65 154387.0
1317.6 154387.0
1281.98 155286.0
2512.06 155687.0
2582.19 155233.0
2558.82 155333.0
3045.28 155095.0
3067.55 154649.0
3069.77 153937.0
2991.85 152708.0
2346.2 152590.0
1339.87 152552.0
1202.95 159369.0
-5596.45 164011.0
-5738.94 163989.0
-4852.84 164100.0
-4017.94 164595.0
-4188.26 164819.0
-4191.6 164813.0
-4468.78 164799.0
-4348.56 164773.0
-3997.9 164343.0
1260.83 155126.0
3367.0 152737.0
3518.39 152795.0
4436.78 151940.0
4420.08 149306.0
3118.75 148932.0
3092.04 150885.0
3063.09 152296.0
2188.12 152661.0
1654.9 152628.0
1209.62 158866.0
-1939.6 163673.0
-2338.13 164726.0
-2182.28 162540.0
-1858.34 161057.0
-6696.29 160859.0
-8433.98 157009.0
-8488.53 153247.0
-8462.93 152621.0
-8550.87 150493.0
-7835.08 147478.0
-7818.39 147440.0
-7993.16 149500.0
-8205.78 151800.0
-8226.93 152252.0
-8244.74 152445.0
-10501.2 152844.0
-7891.86 156907.0
-6848.79 156865.0
-3580.45 156117.0
-3373.4 157466.0
-2309.18 157475.0
-1281.71 155923.0
-1521.04 154304.0
-1732.55 150123.0
-48.2859 147026.0
34.0905 146950.0
-3.75808 146084.0
-422.319 146445.0
-528.073 146454.0
540.594 143773.0
592.914 143175.0
1248.59 142965.0
1281.98 150624.0
1116.12 152744.0
50.7885 152445.0
17.3926 149620.0
316.842 148449.0
317.955 148505.0
339.106 148502.0
474.916 149028.0
-889.861 149181.0
-1752.59 149021.0
-1743.68 151038.0
-3451.32 154251.0
-3606.06 154088.0
-3586.02 153196.0
-3563.76 154211.0
-3561.53 154888.0
-3351.14 157695.0
-3178.59 162765.0
-1886.17 163789.0
-1794.89 163778.0
-2890.27 163824.0
-3187.5 161912.0
-10766.1 159494.0
-9893.38 159400.0
-8444.0 161166.0
-522.507 158241.0
-577.053 157354.0
2201.48 153432.0
425650.0 137072.0
3006.32 137072.0
7917.74 128456.0
14991.0 121583.0
15857.0 114349.0
15221.4 115478.0
13445.9 117656.0
13693.0 116168.0
13698.6 116173.0
13375.7 116260.0
13146.4 116709.0
14623.6 117927.0
15460.7 118444.0
15446.3 118188.0
15402.9 117665.0
15316.0 117259.0
15358.3 117121.0
15293.8 116380.0
15245.9 115507.0
15516.4 115073.0
15808.1 114850.0
15986.2 114701.0
15918.3 114314.0
14776.1 121908.0
6695.45 130364.0
50.7885 128269.0
-9141.98 127149.0
-17240.5 129026.0
-16741.8 126664.0
-15144.3 127670.0
-12827.8 130017.0
-12557.3 133835.0
-12543.9 133824.0
-12541.7 133839.0
-12528.3 133806.0
-12580.6 133906.0
-12543.9 133850.0
-9483.73 133623.0
-9537.16 132014.0
5408.6 132341.0
8449.84 125731.0
12086.7 113085.0
14316.4 103921.0
17509.0 98815.9
22869.1 94260.8
27496.6 94414.4
31460.7 86323.7
32597.3 85422.0
37261.6 82494.3
37199.2 81323.2
37184.7 81278.7
37193.6 81309.8
37198.1 81332.1
37193.6 81329.9
37438.6 80265.7
35020.7 81020.4
30919.7 87510.3
29297.8 94222.9
24664.6 94189.5
21090.2 94674.9
15647.8 101643.0
12518.6 107942.0
11339.7 110985.0
9800.15 110825.0
9777.89 110614.0
6744.43 110954.0
3574.05 107477.0
-362.207 105805.0
-3088.42 109191.0
-3224.23 109169.0
-4072.49 113550.0
-4530.01 114603.0
-4501.07 114577.0
-6104.07 114626.0
-9243.28 114162.0
-9531.59 115603.0
-12576.2 118105.0
-12984.7 121449.0
-12196.6 123446.0
-11078.9 124293.0
-11155.7 124230.0
-12549.5 122264.0
-12547.2 120180.0
-12675.3 118079.0
-12513.8 118081.0
-12892.3 118524.0
-12185.4 118088.0
-12213.3 118108.0
-12280.1 118099.0
-12383.6 117028.0
-14282.7 117547.0
-15988.1 119497.0
-17655.7 122714.0
-17838.3 122747.0
-16974.4 122941.0
-16503.5 122315.0
-16297.6 120648.0
-16230.8 120443.0
-16480.2 120356.0
-15913.5 122022.0
-15859.0 123133.0
-13997.7 124313.0
-12414.8 123825.0
-10097.1 127178.0
-2707.71 127340.0
5218.24 131811.0
12044.4 125566.0
15402.9 116705.0
15849.3 114325.0
15264.8 116231.0
15352.8 117324.0
14623.6 118537.0
12545.3 116841.0
12064.4 115501.0
12496.3 108111.0
11625.8 108171.0
11633.6 108151.0
11658.1 108283.0
11682.6 108369.0
11933.0 114761.0
9456.17 122249.0
7806.42 128340.0
1627.07 139543.0
-1836.08 145722.0
-1728.1 150352.0
-2614.2 151254.0
-2550.75 153013.0
-3519.23 153209.0
-3488.06 151112.0
-3319.97 151132.0
-1684.68 153405.0
-2547.41 155342.0
-2101.02 157967.0
-2505.11 158761.0
-1084.67 158263.0
1658.24 157962.0
1268.62 156624.0
2271.61 156005.0
4408.95 154362.0
4395.59 152018.0
4459.04 145844.0
5462.03 141636.0
5417.5 141389.0
3528.41 140414.0
-2157.79 134681.0
-13661.5 135340.0
-13674.9 135961.0
-13928.7 137426.0
-14345.0 138938.0
-13669.3 134086.0
-13688.3 134265.0
-13473.4 135427.0
-13674.9 134169.0
-13703.8 134550.0
-10340.9 135171.0
-6910.02 135028.0
-4022.39 134857.0
-3341.12 134801.0
-2378.2 134765.0
-1469.84 135981.0
-211.926 135627.0
1083.83 135462.0
1356.57 135338.0
2572.17 135133.0
3267.92 134550.0
3545.11 132773.0
3469.41 130954.0
2270.5 133784.0
-1001.18 134861.0
-7797.24 134993.0
-13031.5 133962.0
-12617.4 132595.0
-12492.7 132212.0
-9589.48 131949.0
-7120.41 131864.0
-6557.14 137419.0
-6127.44 143502.0
-4674.72 144675.0
-4395.31 149475.0
-4374.16 150321.0
-4389.75 148856.0
-4640.21 145216.0
-4702.55 140734.0
-3611.62 138125.0
-2890.27 134794.0
517.217 136540.0
2982.94 134888.0
3161.06 131092.0
3743.26 130034.0
3135.45 129596.0
2527.65 129244.0
2539.89 129255.0
2507.61 129293.0
2520.97 129645.0
2823.76 132866.0
4198.55 134665.0
5425.29 133951.0
5349.6 134129.0
5323.99 134075.0
3480.54 136179.0
-1329.57 139252.0
-7772.75 139310.0
-8898.19 140347.0
-10301.9 140055.0
-10247.4 136346.0
-8327.12 135091.0
-7335.26 136157.0
-6173.08 138929.0
-4850.61 137388.0
-3573.77 134828.0
-3047.23 134785.0
-3695.11 130854.0
-3611.62 124669.0
-3083.97 124542.0
-2444.99 123046.0
-236.416 128146.0
-2024.21 138428.0
-870.937 139944.0
125.373 137415.0
1604.81 137194.0
1573.64 137221.0
1497.94 137410.0
4309.87 142231.0
4382.23 151441.0
4278.7 151437.0
4463.49 147055.0
4454.59 146623.0
1053.78 137194.0
-6196.46 134906.0
-10241.8 128322.0
-12519.4 122418.0
-14962.9 115952.0
-15256.8 116226.0
-15059.7 116135.0
-12925.7 117063.0
-11234.8 117544.0
-12373.6 119092.0
-10077.1 116204.0
-9639.57 115696.0
-7703.73 113942.0
-4112.56 114574.0
-1047.93 114886.0
2562.16 112856.0
6861.31 110959.0
13208.8 106101.0
11277.4 112105.0
11525.6 112268.0
11338.6 112272.0
11303.0 111771.0
12161.2 115198.0
12387.2 109576.0
15951.7 103725.0
19722.1 103489.0
23937.7 103333.0
27891.8 101403.0
30365.3 92858.1
31171.3 86811.3
34415.1 82879.4
35508.3 79085.7
35523.9 79085.7
37604.4 77830.0
37032.2 81706.1
37027.8 81701.7
37034.5 81748.4
37023.3 81681.7
37025.6 81679.4
37038.9 81715.0
37034.5 81721.7
37030.0 81721.7
37063.4 81603.7
37033.3 81688.3
37033.3 81679.4
37031.1 81695.0
37028.9 81686.1
37038.9 81703.9
37043.4 81688.3
37034.5 81752.9
36942.1 81581.5
36703.8 82115.8
36407.7 83004.1
31489.6 86403.8
30270.7 94242.9
25911.4 102674.0
22459.4 103269.0
22230.1 103482.0
22224.5 103429.0
22236.8 103494.0
22211.2 103396.0
22214.5 103402.0
22235.6 103318.0
22217.8 103433.0
22384.8 103324.0
22085.4 104219.0
24883.9 94216.2
30333.0 93250.0
32130.8 85660.2
36399.9 82872.8
36831.9 82080.2
36935.4 81565.9
37035.6 81728.4
37031.1 81706.1
37014.4 82049.0
37030.0 81703.9
37036.7 81715.0
36992.2 81719.5
37024.4 81712.8
37035.6 81688.3
37036.7 81701.7
37006.6 81757.3
37025.6 81721.7
37024.4 81701.7
37032.2 81739.5
37495.3 79746.9
9570.83 111003.0
9708.87 110749.0
4765.17 111108.0
-1880.6 106717.0
-2252.41 109169.0
-4110.33 112301.0
-4089.18 113452.0
-4280.65 114557.0
-7590.18 114024.0
-8469.61 114042.0
-11355.0 117671.0
-13422.2 119873.0
-11373.9 125515.0
-7885.18 139842.0
-7924.14 139623.0
-7902.99 140890.0
-7231.73 143691.0
-4268.41 143611.0
-3739.64 143604.0
-3478.04 142760.0
-3529.25 141531.0
-3581.57 139951.0
-3613.85 139345.0
-7176.07 139227.0
-9249.95 130978.0
-11711.2 124495.0
-11170.2 123353.0
-12078.6 123502.0
-14177.0 124188.0
-17591.1 124671.0
-19171.9 126370.0
-19402.3 124909.0
-17562.2 124671.0
-17876.1 122774.0
-17876.1 122779.0
-17591.1 122694.0
-19891.0 121251.0
-22511.4 117344.0
-24003.1 111878.0
-26103.7 110271.0
-28163.1 106900.0
-29197.3 106448.0
-26435.5 106940.0
-26057.0 112210.0
-24054.3 111673.0
-22943.4 115870.0
-20111.4 115311.0
-18067.6 117640.0
-16522.5 122224.0
-15173.3 127018.0
-15041.9 131379.0
-14900.5 135347.0
-14906.1 134863.0
-13696.1 133922.0
-13634.8 133777.0
-13651.5 133908.0
-12275.6 132196.0
-9883.36 131971.0
-6898.89 134988.0
-3384.53 134808.0
-1306.2 134799.0
-612.676 140231.0
-206.36 143629.0
519.444 147011.0
850.062 146986.0
1312.04 146441.0
1333.19 143673.0
1595.9 141480.0
4375.55 136636.0
4296.51 134754.0
4000.4 134349.0
3826.75 133245.0
2238.22 129789.0
2545.46 130188.0
3287.96 133474.0
4410.06 137996.0
5498.76 141963.0
5752.57 146347.0
6043.12 147596.0
4493.55 146790.0
4484.64 144951.0
5384.11 140309.0
5675.76 140507.0
4442.34 139294.0
4443.46 138704.0
1732.83 141184.0
-2795.65 139071.0
-5363.79 138800.0
-5339.3 137938.0
-4734.84 139768.0
-4641.33 140788.0
-4641.33 145523.0
-4389.75 148605.0
-4388.63 148896.0
-4602.37 146719.0
-4611.27 146129.0
-6117.42 145501.0
-6584.97 145138.0
-7852.9 141681.0
-7871.82 135433.0
-4348.56 134879.0
768.799 134037.0
747.648 132630.0
1456.75 132036.0
1614.83 131978.0
1726.15 126621.0
2348.42 123222.0
2947.32 122507.0
1956.58 123255.0
1129.47 123313.0
1855.28 128011.0
2766.98 129658.0
2026.71 132869.0
-810.824 134705.0
-7302.98 134919.0
-13204.0 135340.0
-15456.0 136856.0
-15480.5 137301.0
-16059.4 135743.0
-13010.3 135327.0
-12241.1 133427.0
-10857.4 130591.0
-10885.2 130451.0
-11372.8 133739.0
-12251.1 133067.0
-12547.2 132305.0
-14046.7 130807.0
-13235.2 130215.0
-12276.7 132479.0
-12006.2 134285.0
-11867.1 133813.0
-10857.4 133759.0
-9492.63 132181.0
-8379.44 132056.0
-7845.1 133441.0
-7778.31 133089.0
-7223.94 131976.0
-8042.14 132860.0
-7741.58 131920.0
-9514.9 132403.0
-9436.97 133610.0
-10020.3 130700.0
-9648.48 131366.0
-9596.16 131506.0
-10028.1 130687.0
-10024.7 130680.0
-10119.4 130417.0
-9424.73 131909.0
-10923.1 128863.0
-11268.2 126862.0
-12071.9 130535.0
-10850.7 132813.0
-10595.8 135193.0
-4742.63 134757.0
-4859.51 134236.0
-3758.56 133548.0
-3709.58 133993.0
-3601.6 139051.0
-3171.91 142511.0
-2714.39 146327.0
-2639.8 151005.0
-2615.31 153331.0
-3591.59 151601.0
-3668.4 147440.0
-3647.25 147073.0
-1797.12 144960.0
-289.849 141603.0
2266.05 140100.0
3562.92 137845.0
3516.16 138604.0
3063.09 139416.0
3872.39 134423.0
4018.22 134627.0
4546.98 134149.0
8115.89 126737.0
10809.8 119230.0
12091.1 112876.0
15252.6 105943.0
19862.3 106083.0
23480.2 104827.0
30238.4 94995.5
35522.7 79101.3
35526.1 79050.1
36033.7 78028.1
37028.9 81732.9
37032.2 81710.6
37036.7 81701.7
37057.8 81833.0
35019.6 82979.6
30982.0 87272.1
29733.0 97074.9
24758.1 103509.0
21391.8 103302.0
18183.6 106001.0
13025.1 105845.0
12009.8 113920.0
10229.8 119809.0
7846.49 122654.0
6093.21 124702.0
2650.1 126764.0
1374.38 130099.0
1351.0 130083.0
1274.19 130226.0
1221.87 130257.0
1398.87 130126.0
1369.92 130092.0
1176.23 130406.0
1135.04 130424.0
1195.15 130393.0
1175.12 130371.0
1141.72 130297.0
1188.47 130413.0
1140.61 130308.0
1325.4 130346.0
83.0711 133111.0
-223.057 133327.0
-273.151 133490.0
-234.189 133363.0
1944.33 130569.0
2315.03 129692.0
1161.76 130353.0
1176.23 130371.0
1296.45 130368.0
2341.74 134020.0
3421.54 136640.0
3015.23 136513.0
2140.26 136458.0
1570.3 137299.0
1571.41 137304.0
1564.73 134661.0
727.611 135204.0
-263.132 133472.0
-214.152 133323.0
1750.64 134892.0
2822.64 139543.0
4492.44 141469.0
5465.37 141676.0
5091.34 142084.0
4921.02 141839.0
4909.88 141879.0
5652.39 140066.0
5859.44 139147.0
5910.65 139479.0
3594.09 137822.0
1528.0 141580.0
-997.841 143633.0
-2745.56 143439.0
-4646.89 143468.0
-4649.12 142769.0
-4650.23 142787.0
-4708.12 141405.0
-4762.67 136175.0
511.651 136531.0
1414.45 133534.0
1958.8 133145.0
2965.13 134930.0
1378.83 131994.0
47.4489 133156.0
-4616.84 134801.0
-11911.6 135231.0
-17265.0 132866.0
-18601.9 132550.0
-18692.1 132566.0
-17595.6 133116.0
-17578.9 133568.0
-17436.4 133592.0
-12870.1 135347.0
-5665.47 134932.0
-4949.68 135409.0
-4420.92 134852.0
-3670.62 134848.0
1867.52 138345.0
3633.05 137328.0
5055.71 138566.0
5032.34 138484.0
5060.17 138546.0
5249.41 138470.0
5254.97 138486.0
3812.27 137573.0
2655.66 134383.0
1749.52 132884.0
2628.95 131998.0
2603.34 135589.0
1890.9 136863.0
1531.34 137368.0
-3927.77 134759.0
-10733.8 135099.0
