-3823.13 132479.0
-2904.74 133240.0
-2930.35 134501.0
-4769.35 134650.0
-4173.79 135059.0
-3624.98 134841.0
-1702.49 134748.0
643.008 136273.0
594.028 136353.0
713.139 136805.0
2555.48 139187.0
4410.06 149593.0
3077.57 151826.0
3843.44 150651.0
3814.5 148231.0
2846.02 146957.0
2423.01 143350.0
3212.26 142308.0
4919.9 140679.0
4494.66 139770.0
3995.95 137800.0
2454.18 135048.0
2220.41 135467.0
1438.94 135269.0
2209.27 133931.0
2567.72 131922.0
2724.68 132862.0
2636.74 133082.0
2670.14 133067.0
1749.52 134801.0
1682.73 135618.0
2522.08 139646.0
1404.43 141877.0
1054.89 143662.0
1249.7 145091.0
1319.83 150070.0
1236.34 152439.0
1229.66 152842.0
1358.79 152919.0
1346.55 151737.0
1299.79 150493.0
1328.74 149593.0
1317.6 147071.0
1324.28 147073.0
1305.36 143611.0
1234.11 142115.0
1558.05 141549.0
3211.15 138528.0
2927.28 136362.0
2790.36 135687.0
4111.72 134536.0
4116.18 134550.0
6201.19 130934.0
6601.94 130253.0
9419.44 122957.0
9498.47 122894.0
10157.5 119998.0
10944.5 119098.0
12161.2 112119.0
12235.8 111219.0
14334.2 103901.0
14382.1 103819.0
18404.0 97900.9
17376.6 94138.3
17433.3 93942.4
19036.3 97299.8
19254.5 97083.8
20108.3 95710.1
20135.1 95797.0
20245.3 96498.3
20103.9 96248.9
19311.3 97017.0
17899.8 94418.8
18488.6 94975.4
16361.3 100443.0
15395.1 102078.0
9775.66 106321.0
8315.15 106508.0
-3887.7 119328.0
-4278.43 120855.0
-2964.86 122963.0
-2141.09 123257.0
-1035.69 127761.0
675.291 128683.0
3158.83 129656.0
2487.57 129640.0
1924.3 130235.0
1417.79 131611.0
-159.605 133216.0
-335.49 133641.0
1386.62 132962.0
3244.54 136820.0
4347.72 138245.0
3703.18 138691.0
3208.92 138512.0
1168.44 142104.0
88.6371 141080.0
-296.528 140376.0
-231.963 138185.0
-224.171 138170.0
1127.25 137353.0
1413.34 139690.0
-570.374 142961.0
-582.619 144666.0
-1088.01 145359.0
-1850.55 146305.0
-1764.83 149502.0
-1743.68 150653.0
-2579.69 150996.0
-2580.8 152105.0
-2593.05 152543.0
-2531.82 153233.0
-2538.5 153311.0
-2518.47 153454.0
-1664.64 153376.0
-688.373 155279.0
-848.673 160990.0
-1248.31 161593.0
-1299.52 162874.0
-1254.99 165608.0
-670.562 166618.0
-258.68 170000.0
-219.718 171056.0
561.745 173783.0
-728.448 174825.0
-1935.15 176190.0
-1912.89 176081.0
51.9017 175326.0
578.443 173665.0
435.954 171565.0
-471.3 165928.0
-1291.72 164247.0
292.352 163127.0
1233.0 156408.0
1251.93 152919.0
5.14748 152445.0
9.60025 151706.0
1248.59 151192.0
1268.62 147754.0
2509.84 147244.0
2524.31 147817.0
1777.35 148012.0
1288.66 145884.0
-357.754 140572.0
-1984.13 138548.0
-5447.28 134543.0
-4966.38 133630.0
-4773.8 133993.0
-3722.94 135026.0
-3672.85 136017.0
-2900.29 137715.0
-2839.07 138419.0
-2752.24 138348.0
-2826.82 139078.0
-3489.17 140692.0
-4000.13 140701.0
-4953.02 140104.0
-4725.93 140394.0
-4683.63 142832.0
-4015.71 143580.0
-1843.87 144688.0
-1770.4 148215.0
-1683.57 151434.0
-1613.44 152770.0
-349.962 155943.0
1011.48 155934.0
1307.59 155718.0
1284.21 153705.0
1275.3 153596.0
1260.83 153543.0
1119.46 153249.0
1133.93 153222.0
1116.12 153191.0
1109.44 153160.0
1230.78 154725.0
-563.695 157700.0
-571.487 159864.0
-3052.8 160897.0
-4945.23 160734.0
-7862.91 161037.0
-8133.42 161144.0
-6869.94 160946.0
-1460.93 161482.0
-1289.5 161449.0
-1760.38 158753.0
-1192.65 158652.0
-543.658 157982.0
-588.185 155863.0
-1472.06 153253.0
-967.785 153211.0
-709.524 152995.0
-274.264 152819.0
856.742 153358.0
-819.73 154854.0
-1228.27 155785.0
-1580.04 155037.0
-2515.13 155121.0
-2581.92 154398.0
-1389.69 154563.0
-1555.55 153411.0
-859.805 153118.0
-971.124 153111.0
-1005.63 152968.0
-1716.97 152608.0
-1956.3 153398.0
-948.861 154754.0
-533.639 159632.0
-1240.52 160992.0
-1443.12 161529.0
-1178.18 161106.0
-1136.99 158659.0
-823.07 158000.0
-656.09 155291.0
-1271.69 153777.0
-1026.78 153131.0
-708.41 152886.0
-266.472 152833.0
-302.094 152770.0
-134.002 152690.0
855.628 153247.0
-699.505 153792.0
-1580.04 155918.0
-2194.53 155916.0
-3384.53 156048.0
-3569.32 156052.0
-2531.82 154576.0
-2052.04 154369.0
-1504.34 152628.0
-1626.8 153302.0
-2286.92 152672.0
-1597.85 152759.0
-1032.35 151869.0
-1188.2 152597.0
-1145.9 154669.0
-591.525 157319.0
-1005.63 161044.0
-1228.27 161215.0
-1276.14 162005.0
-1311.76 162889.0
-581.506 164659.0
-111.738 164958.0
389.2 165189.0
396.992 165147.0
230.013 164143.0
150.976 163341.0
1514.64 161631.0
2138.03 160897.0
3007.43 160872.0
3035.26 159476.0
3046.4 157098.0
3018.57 156617.0
3051.96 155600.0
3065.32 154567.0
3096.49 153656.0
3096.49 152109.0
3085.36 151243.0
3116.53 149571.0
3114.3 148407.0
3119.87 148594.0
3090.92 151423.0
3291.3 152621.0
3184.43 152601.0
3107.62 150299.0
1876.43 148556.0
1878.65 148378.0
2164.75 147808.0
2308.35 147745.0
3846.78 148965.0
4323.23 152245.0
4225.27 152470.0
3070.89 151463.0
2926.17 151470.0
3084.24 152479.0
3097.6 152508.0
2771.44 152948.0
2733.59 152962.0
3064.21 154258.0
4012.65 154538.0
4012.65 154545.0
3084.24 153696.0
3098.72 151630.0
3112.07 151439.0
3093.15 151675.0
3072.0 152200.0
4420.08 150600.0
4420.08 150103.0
2736.93 139370.0
2504.27 139038.0
8301.79 128149.0
8685.84 127877.0
15064.4 121469.0
15877.1 114695.0
15878.2 114528.0
15399.5 114276.0
15267.0 114278.0
14916.4 117996.0
14720.5 117958.0
11742.7 117651.0
9270.27 122961.0
9197.91 123259.0
7391.2 124569.0
6736.64 126913.0
6595.26 126929.0
2457.52 126875.0
1963.26 129070.0
2155.84 129097.0
7470.23 136874.0
10727.4 145178.0
10812.0 145172.0
11923.0 143350.0
11920.8 143212.0
14589.1 141734.0
17020.3 143934.0
17068.2 144139.0
17043.7 144038.0
15154.6 144152.0
12521.9 145274.0
12386.1 145283.0
10822.1 144595.0
10825.4 144159.0
9274.72 137134.0
5500.99 137653.0
5498.76 137477.0
4968.88 133563.0
5158.13 133249.0
735.403 128676.0
431.501 128491.0
-1478.74 124063.0
-1588.95 123836.0
-3032.76 122322.0
-1595.63 123854.0
1240.79 127683.0
1499.06 127681.0
2563.27 131319.0
1884.22 129273.0
1994.43 132895.0
1974.39 133142.0
3471.64 137130.0
3609.67 137310.0
5438.65 141609.0
5500.99 141950.0
5335.12 141019.0
4677.23 137475.0
4791.89 137482.0
5151.45 137448.0
4279.82 134563.0
4407.83 134345.0
-179.643 142805.0
-3095.1 142242.0
-3090.65 142239.0
-5968.26 143584.0
-6100.73 143589.0
-6041.73 145842.0
-7309.66 149511.0
-7541.2 149473.0
-10781.7 149237.0
-10738.3 147340.0
-10573.5 147313.0
-7763.84 147189.0
-4614.61 147235.0
-4605.71 147565.0
-2915.88 151065.0
-2684.33 151067.0
-1524.38 146581.0
-717.316 145350.0
-634.94 145332.0
1866.41 140979.0
3434.9 139666.0
2266.05 140095.0
2125.78 140478.0
-415.64 141792.0
-79.4553 137853.0
80.8447 137515.0
1743.96 135701.0
1895.35 135676.0
2155.84 135422.0
2139.14 135429.0
2158.07 135440.0
578.443 141115.0
452.652 141264.0
779.931 142124.0
959.156 142353.0
2680.15 139468.0
2750.29 139365.0
4422.3 139363.0
4445.68 139728.0
4427.87 137491.0
5562.22 132063.0
5715.84 131780.0
8875.08 124444.0
8990.86 124092.0
11746.0 117190.0
12575.3 107677.0
12693.3 107156.0
15465.2 101986.0
15641.1 101684.0
20140.6 96240.0
20170.7 96344.7
20245.3 96491.6
20240.8 96496.0
20228.6 96458.2
18410.7 94358.7
17456.7 94249.6
18446.3 94581.4
18770.3 97034.8
20113.9 95716.8
20102.8 95750.2
18858.2 97451.2
14467.8 103641.0
14370.9 103808.0
12278.1 110518.0
12225.8 111130.0
11266.2 118540.0
11030.2 118936.0
8830.56 124504.0
8708.11 124869.0
6073.17 131116.0
5910.65 131390.0
2821.53 132793.0
1464.55 135246.0
1418.91 135284.0
2210.39 137148.0
2339.52 137312.0
340.219 141469.0
129.825 141845.0
-316.566 144401.0
-417.867 144533.0
-1753.7 145341.0
-1871.7 145307.0
-1863.91 145744.0
-1868.36 145503.0
372.502 145336.0
1584.77 144005.0
1631.53 143996.0
1316.49 144671.0
1326.51 144501.0
1147.29 142431.0
1021.49 142422.0
139.844 142649.0
51.9017 142529.0
-570.374 140220.0
-224.171 138196.0
-357.754 139160.0
-342.169 139301.0
-355.528 140469.0
-959.993 142266.0
-1662.42 142353.0
-1170.39 141302.0
-1170.39 141211.0
-1275.03 139410.0
-43.8331 140966.0
1430.04 141785.0
1497.94 141652.0
1244.13 145276.0
1131.7 145314.0
-562.582 145339.0
-1794.89 147476.0
-1782.64 147785.0
-2610.86 151704.0
-2597.5 153236.0
-2603.07 153273.0
-2804.56 152681.0
-1590.06 152677.0
-1720.3 148269.0
-1735.89 148164.0
-1378.55 144330.0
-1298.4 144152.0
398.105 141398.0
491.614 141267.0
-359.98 139748.0
-246.435 138227.0
-109.512 140941.0
20.7322 141102.0
10.7134 144134.0
-329.924 144415.0
-2027.55 151038.0
-2557.43 152534.0
-1546.65 152285.0
-1774.85 147961.0
34.0905 146015.0
-555.903 143139.0
-916.578 139568.0
-4.87128 137684.0
-544.771 137428.0
-2152.22 136431.0
-2165.58 136048.0
117.58 136028.0
405.898 136402.0
1418.91 135286.0
3158.83 131548.0
4175.18 134636.0
-1745.91 148516.0
-1705.83 148968.0
-1710.29 151254.0
-2667.63 158067.0
243.371 155961.0
1630.41 155996.0
1372.15 152926.0
1287.55 149041.0
1295.34 144241.0
3008.55 137108.0
4702.83 135754.0
4397.81 135035.0
1899.81 135097.0
1693.86 137194.0
3023.02 135019.0
5030.11 138484.0
3459.39 137114.0
3147.7 136678.0
3078.68 134906.0
2615.59 133619.0
2239.33 133844.0
1957.69 134365.0
1416.68 133835.0
1398.87 132958.0
2646.76 133082.0
2635.63 133089.0
2626.72 133116.0
2480.89 132100.0
2569.95 131450.0
2286.08 129645.0
3151.04 131257.0
2753.63 132938.0
2371.8 134089.0
2264.93 135571.0
2260.48 135563.0
2015.58 136662.0
2496.48 137524.0
627.423 141086.0
-8.21086 142077.0
-508.035 144646.0
-1131.42 145312.0
-1241.63 145303.0
-503.583 143435.0
-85.0213 143771.0
723.158 142985.0
980.306 142217.0
744.309 141881.0
-728.448 140022.0
-1248.31 139336.0
-2845.74 138392.0
-2861.33 137299.0
-3311.06 135542.0
-3206.42 134919.0
-3061.7 134774.0
-5826.88 134866.0
-7383.13 134939.0
-10726.1 136823.0
-10798.4 138962.0
-11937.2 140614.0
-11699.0 141095.0
-10713.8 141583.0
-10386.5 141607.0
-8397.25 141607.0
-7988.71 141589.0
-7042.49 139334.0
-6622.82 139341.0
-5560.83 139229.0
-5480.68 139274.0
-5253.59 139263.0
-993.388 139773.0
-698.392 140164.0
-1775.96 135910.0
-1539.97 134728.0
1133.93 134645.0
1618.17 132483.0
1532.45 132434.0
1929.86 129749.0
1914.28 128750.0
585.122 127588.0
-1444.23 124544.0
-1812.7 123475.0
-3121.82 122888.0
-3141.85 122995.0
-3523.68 123934.0
-2271.34 123157.0
-1503.23 124023.0
-451.262 125896.0
-157.379 127405.0
183.259 127576.0
1904.26 129680.0
1900.92 130642.0
2156.95 134002.0
1585.88 134672.0
1503.51 135037.0
1552.49 134703.0
2440.82 135774.0
2018.92 135226.0
-560.356 135220.0
-7537.86 134941.0
-8259.21 133570.0
-8848.09 131909.0
-7081.45 131867.0
-7030.24 133721.0
-6230.97 135182.0
-5291.43 134926.0
-4757.1 138559.0
-4512.2 139218.0
-681.694 140167.0
-404.508 140394.0
-391.15 139140.0
-331.037 138412.0
487.161 136649.0
714.253 136019.0
2263.82 135554.0
2850.47 135255.0
3401.51 134625.0
2527.65 133499.0
2515.4 131851.0
3086.47 131793.0
4103.93 134543.0
4359.97 134403.0
7008.26 129547.0
9130.01 123596.0
9615.36 121605.0
11797.2 116496.0
12052.1 114846.0
11992.0 114196.0
12750.1 106944.0
13648.5 105057.0
16723.1 99853.4
18142.4 98172.5
17394.4 93935.7
17676.0 93733.1
18402.9 94202.9
19606.3 96749.9
20266.4 96086.4
20245.3 96498.3
18480.8 94946.5
18208.1 94396.6
18777.0 97261.9
18562.1 97769.5
14697.1 103273.0
14418.8 103738.0
8106.98 106702.0
8135.92 108127.0
3921.37 111204.0
3217.83 111851.0
98.6558 113953.0
-2360.39 117360.0
-2762.26 117872.0
-3994.56 119328.0
-4245.03 121521.0
-3978.98 122972.0
-2729.97 123202.0
-2712.16 123756.0
-3128.5 123600.0
-1603.42 123798.0
-2042.02 123340.0
-4025.73 122462.0
-4036.86 122362.0
-5044.3 122062.0
-5404.98 121712.0
-5536.34 121294.0
-4800.51 121688.0
-4196.05 122275.0
-3124.04 123284.0
-3704.02 123885.0
-4365.26 124978.0
-7031.36 127073.0
-8023.21 127124.0
-9812.12 130253.0
-10899.7 130787.0
-12284.5 132704.0
-12401.4 133799.0
-12251.1 132882.0
-12302.3 132078.0
-12339.1 132005.0
-11824.8 129409.0
-11457.4 128850.0
-11282.6 130811.0
-11257.0 131573.0
-12287.9 132225.0
-12989.2 133839.0
-13003.6 133837.0
-13063.8 133730.0
-13106.1 133724.0
-13120.5 133777.0
-13142.8 133810.0
-12449.3 132132.0
-10867.4 132034.0
-10890.8 130673.0
-10935.3 129242.0
-10899.7 130413.0
-10877.4 131929.0
-11872.6 132072.0
-12950.2 133842.0
-13079.3 133236.0
-12592.9 133659.0
-10845.2 133735.0
-10819.6 135102.0
-11660.0 139452.0
-12952.4 139463.0
-13981.0 139574.0
-13578.1 139579.0
-13413.3 139568.0
-13315.3 139550.0
-12853.4 140648.0
-12227.8 141629.0
-11742.4 141527.0
-7339.71 140510.0
-4742.63 139194.0
-4538.91 139169.0
-3941.13 137698.0
-3358.93 134781.0
-3679.53 135438.0
-3424.61 135411.0
-3227.57 135242.0
-3200.85 134868.0
-2059.83 135941.0
-1804.91 136315.0
-3279.89 135338.0
-4661.37 130148.0
-4715.91 130371.0
-4772.69 135986.0
-4700.33 140621.0
-4749.31 137929.0
-4471.01 136126.0
-3441.3 135471.0
-3191.95 135126.0
-3193.06 134981.0
-1164.82 134941.0
-2162.24 135917.0
-3195.29 135175.0
1715.01 139105.0
386.973 140966.0
1086.06 142478.0
1314.26 146490.0
1326.51 143831.0
1264.17 148558.0
1241.91 152516.0
1229.66 152975.0
2935.08 154393.0
3068.66 154745.0
2311.69 152603.0
2164.75 152608.0
-1272.8 154556.0
629.65 152695.0
-2794.54 155979.0
-3254.29 155139.0
-3106.23 155135.0
-1492.1 153810.0
-1285.05 153801.0
-1551.1 153777.0
-1089.12 161032.0
-1309.54 162925.0
-1989.7 164722.0
-2091.0 166719.0
-2419.39 165249.0
-2122.17 163789.0
-2034.23 163234.0
-1993.04 153345.0
-691.713 155600.0
-455.715 159340.0
-1241.63 161482.0
-1259.44 161812.0
-1958.53 162090.0
-2197.87 161669.0
-652.751 160756.0
628.537 160879.0
3953.65 160926.0
3038.6 160013.0
3035.26 158053.0
2707.98 155970.0
2524.31 155958.0
2514.29 155765.0
2023.37 155106.0
1305.36 153721.0
1190.7 153104.0
1227.44 155068.0
1652.68 156076.0
1673.83 156495.0
2979.6 156012.0
3056.41 155244.0
3075.34 153420.0
3341.39 152712.0
7717.36 152755.0
8537.79 151995.0
9339.29 150720.0
9630.94 150063.0
9359.32 150337.0
10037.3 150838.0
12051.0 150909.0
13503.7 151005.0
14822.9 150907.0
15370.6 150693.0
14717.1 151292.0
14215.1 151176.0
12091.1 152323.0
10415.7 152020.0
7259.84 152683.0
5260.54 152643.0
3587.41 152053.0
2853.81 151659.0
2850.47 151626.0
3015.23 151450.0
3171.07 149420.0
3843.44 149032.0
3174.41 149391.0
2496.48 150934.0
1461.21 150344.0
1253.04 156019.0
1197.38 160240.0
1358.79 160897.0
2211.5 160879.0
615.178 156090.0
-2539.62 153131.0
-2648.71 150034.0
-2716.61 146441.0
-5286.98 144141.0
-4625.74 146421.0
-4762.67 150417.0
-4863.97 150441.0
-5952.67 152797.0
-6251.01 152819.0
-10505.6 152815.0
-10791.7 156900.0
-10777.3 157250.0
-9113.03 156922.0
-8442.89 154380.0
-8595.4 147207.0
-6445.82 143633.0
-6101.84 143629.0
-4514.42 145459.0
4597.08 141796.0
4428.98 139414.0
3187.77 138570.0
175.466 143869.0
36.3169 143898.0
-2578.58 146394.0
-1061.29 145370.0
1275.3 146741.0
1186.25 159100.0
1283.1 156288.0
1297.57 145710.0
4839.75 140803.0
4386.68 134964.0
7604.93 128231.0
7818.66 127590.0
10709.6 119366.0
12247.0 111112.0
16512.7 99864.6
18773.6 97555.8
20245.3 96500.5
20141.7 96240.0
18794.8 97257.5
17422.2 93949.1
17398.8 93944.6
17525.7 93626.2
19672.0 96687.5
20111.7 95719.0
20246.4 96480.5
20216.3 96458.2
21350.7 90536.0
21381.8 87345.6
22260.1 80797.8
21389.6 77057.4
21045.6 71164.2
21349.5 68445.8
22993.7 61368.1
29810.9 59110.5
36830.7 54806.9
38433.7 53268.5
40000.0 51794.6
41952.6 50338.5
43609.0 47994.1
44378.2 45787.8
44203.4 40918.7
42823.1 37401.0
43347.4 28878.4
42662.8 25921.7
41392.6 22257.1
41186.7 19681.1
41004.1 14898.9
41243.5 11911.0
39825.2 7712.07
39483.5 6661.22
41743.3 6679.03
42767.4 563.137
43960.8 -937.45
46202.7 -3577.95
46918.5 -1986.08
48449.2 2346.48
51926.8 5650.44
52708.2 2680.43
52480.0 2767.26
52476.7 2756.13
52687.1 3537.59
52828.5 3348.35
52633.7 3969.51
52552.4 3882.68
52473.4 2760.58
52585.8 3965.06
52651.5 3978.42
52611.4 3252.62
52473.4 2765.04
52660.4 3958.38
51870.0 4764.33
51873.4 5040.41
49293.0 4218.87
46604.6 -2271.06
46423.1 -2400.19
44305.9 -1189.03
44124.4 -1122.24
42853.1 3357.26
42781.9 3537.59
39840.8 7046.38
39642.7 6879.41
41389.3 11481.4
41302.5 11764.1
41151.1 19436.2
42311.0 25572.2
42530.3 25797.0
42568.2 36303.4
44369.3 46010.4
44319.2 46288.7
41281.3 50585.7
41047.5 50757.1
36061.5 55512.7
29963.4 59099.4
29744.1 59108.3
23777.4 60243.7
23549.2 60439.7
21649.0 65854.2
21592.2 66217.1
20942.1 74866.7
20990.0 75238.5
21405.2 84400.1
21397.4 84783.0
18335.0 90075.1
18307.2 90424.7
17386.6 94104.9
17411.1 94018.1
17391.0 93931.2
19460.5 94227.4
20649.3 94062.6
22980.4 93114.2
22687.6 92989.5
19748.8 94167.2
19450.4 94209.5
17455.6 93975.8
17495.7 94360.9
17653.7 94461.1
20111.7 95725.7
20245.3 96496.0
19822.2 96525.0
17739.5 94443.3
17491.2 93624.0
19119.8 97228.5
20247.5 96500.5
