-10499 148899 -17051.2 167346
-15852.3 166656 -15686.4 142239
-18117.7 149083 -19295.4 159461
-15687.6 158234 -19840.9 152862
-19640.5 155834 -15598.5 151646
-15324.7 153084 -15405 161613
-5140.04 157243 -17268.3 158837
-17357.4 161947 -15821.1 149090
-19648.3 154398 -13885.3 159741
-13766.2 157127 -18396 148950
-18603 152813 -15617.4 146541
-15609.6 150239 -19285.4 158989
-19559.3 154609 -26269.6 143869
-17109.1 162014 -14374 152817
-16482.4 152274 -12696.4 156749
-14884.9 157232 -28152 148990
-23872.9 154665 -20983 152819
-22227.6 152821 -15574 155954
-15479.4 159067 -5364.9 160975
-5143.38 157245 -15601.8 156217
-15328 161925 -14974 166037
