-4073.6 132486 -3696.23 135925
-3786.39 143471 -2616.43 153118
-3244.27 154046 -5662.13 162391
-7041.38 164022 -3263.19 158434
-3515.89 154645 1286.43 148084
1303.13 144486 2002.22 136860
2604.46 134365 -3771.92 129502
-3573.77 126236 -12433.7 127064
-18192.2 128625 -16752.9 135184
-19461.3 143065 -19499.1 147460
-19834.2 154983 -17252.7 151074
-17042.3 144092 -10454.4 151252
-10437.7 151641 -10523.4 144960
-12244.4 133470 -6959 135044
1326.51 105858 -4187.14 110558
-4517.76 114561 -4194.94 120581
-5455.07 130086 -13677.1 135369
-14109.1 135396 -11495.3 133748
-9031.77 114690 -3570.43 109122
1599.24 105876 1599.24 105876
3541.77 117148 3558.47 118076
348.012 128547 6994.9 135638
7235.35 136237 -2550.75 134665
-2805.67 134674 -4722.59 141287
-4655.8 145359 -4536.69 141857
-12312.4 171200 -12312.4 171200
-3574.89 139543 -11553.2 135217
-18832.3 138207 -18832.3 138207
-19479.1 148847 -10492.3 145243
-10427.7 144314 -12979.2 135393
-10787.3 133944 -11615.5 124675
-11957.2 123901 -9146.43 115418
-9297.82 113766 -1322.89 109623
560.632 109080 -7612.45 112533
-9402.46 112980 -14124.6 117892
-16887.6 120871 -11180.2 126063
-9759.8 129781 -8416.17 133316
-15958.1 139307 -10493.4 139434
-3591.59 139125 -846.447 139924
280.107 152608 -764.07 143949
-1523.27 142326 -2905.86 134846
-3655.04 131250 -3562.64 125795
-4221.65 120726 -9738.65 112666
-518121 2.19835e+06 -518121 2.19835e+06
-8683.34 109874 -10950.9 117197
-12543.9 120370 -14696.8 129306
-14945.1 134349 -16526.9 124575
-18618.6 124653 -12773.2 130148
-13059.3 133752 -3819.79 130177
-3711.81 128897 -4578.99 119005
-4075.83 115153 -4235.01 106704
1293.11 105878 -1852.77 109817
-1779.3 115516 -4250.6 121594
-4739.29 129115 -7968.67 134939
-12953.6 135322 -17265 144321
-17246 145054 -10503.4 146503
-5525.2 143622 -13623.7 139483
-14503.1 138797 -14581 130620
-15430.4 126428 -23098.1 120730
-23281.8 119484 -17910.6 127015
-13148.4 129444 -3769.7 129598
7265.4 152799 7265.4 152799
-3613.85 127906 2292.76 128883
8423.13 128086 15062.2 121534
15385 114280 10484.8 108935
5072.41 111086 2294.99 101586
1957.69 101174 1386.62 102561
-1724.76 156186 -1724.76 156186
1627.07 93479.3 -2128.85 86243.5
-4430.93 82779.3 964.721 88559
1601.47 95060 1461.21 102507
2306.12 106557 64.1468 113011
-2497.31 117360 -4629.08 127107
-4724.82 130083 -5539.68 130081
