-8885.94 156927 2564.38 166305
-2482.84 169582 4120.63 163070
3972.57 164788 9047.55 151800
-461.281 148805 1277.53 154142
1058.23 142375 15632.2 114336
1416.68 139917 -5559.71 154821
1247.47 157243 1646 165409
1251.93 156357 1227.44 153485
619.631 155985 -2102.13 157882
-62.7574 155961 -10518 149179
-15957 158559 1245.25 148333
14.053 150548 -10281.3 151666
-8432.87 161099 -199.68 155958
-22.6824 157931 -370.994 153793
-9185.39 157303 -2188.96 162379
-2115.49 162905 -10575.8 145016
-12684.2 145993 -8046.3 158784
1264.17 153558 15023.3 121380
5733.65 132067 3009.66 157052
3011.89 157602 10.7134 152641
6298.04 152730 10804.3 149188
7908.83 149177 -2195.64 149088
-2591.94 151134 -1594.51 152746
-3590.47 151158 -6539.7 157853
3009.66 160885 1234.21 146719
-7594.63 152174 -4300.69 154024
-3495.85 156907 3501.69 171229
1216.3 160910 -2446.11 143446
-7225.05 143626 -8751.68 159397
1256.38 158020 -10812.9 149257
-12435.9 149333 -15486.1 158627
-5495.15 157441 -10107.1 166587
-2339.24 155974 1962.93 152624
-4513.31 145437 -756.278 140093
1267.51 147044 1002.58 184396
10807.6 182105 1517.98 137833
4449.02 134489 11860.7 125666
5290.6 132904 -6947.87 160763
-6996.85 158283 -8332.68 135111
-7761.61 139033 4441.23 152327
4435.66 145194 15127.9 121289
4092.8 135077 -1726.98 149894
-4420.92 143535 -9611.02 123823
-12728.7 133833 -1843.87 135917
-8919.34 139343 -1536.63 154108
-1830.51 144165 -7776.49 157312
3037.49 155589 14890.8 121721
4088.35 134928 1280.87 153378
4306.53 138250 -365.546 143197
1265.28 137192 -7406.64 152753
1972.16 149308 -8964.98 136972
-10699.3 139419 1162.87 160892
1212.96 160180 -464.621 157960
1237.45 159868 -19402.3 149477
