13598.4 116124 -10352 135180
-16962.2 135574 932.439 162103
-563.695 162377 19468.8 191791
27940.8 175622 28215.7 166565
31457.4 173467 37820.4 194459
29267.7 193769 1529.11 169237
-14617.8 169971 -760.198 164975
-9105.24 156849 -9267.77 139463
-695.052 140136 -7089.24 152891
-7616.9 149611 -14.89 140999
-8069.97 143495 4434.55 143702
3967.01 135358 15593.2 119533
6019.74 133385 20924.3 186300
26334.4 186148 8364.92 155081
1050.44 160393 21139.4 123224
13344.6 134790 3231.19 152717
29255.5 193749 3969.23 164777
2115.77 167391 -3287.68 156048
-6911.13 156858 1250.81 145555
1047.1 151174 31341.6 187985
31340.5 187983 29347.9 194353
27238.3 187727 11561.2 150246
11553.4 150844 4323.37 143338
750.988 157940 -6419.1 158779
