-5025.38 134806 -3796.41 143560
-1852.77 144490 7437.95 146755
7460.21 148322 744.309 141923
1652.68 139554 3127.66 149435
3836.76 150620 -3478.04 156524
-5697.75 156364 -8539.74 162606
5285.03 165438 5285.03 165438
-8804.68 165438 -1218.25 163675
1233 158185 1285.32 148188
1305.36 146632 4058.29 137019
4415.63 136197 5360.73 132446
8101.41 126757 11669.2 117702
12375 109768 18827 106145
22168.9 106083 13202.1 105707
12013.2 113713 9923.71 120566
8578.97 125281 8207.17 126370
3640.84 135665 171.014 141307
1269.74 151292 -3741.87 143513
-4688.08 143148 -5273.62 134476
-10514.5 131230 -18190 128536
-19198.6 124813 -14968.4 133806
-14848.2 137188 -7407.62 139327
-1538.85 139098 1261.94 147872
1317.6 153859 8784.92 152430
13846.6 152314 4797.45 150954
1928.75 147888 -6473.65 152846
-7087.02 152870 -10446.6 144194
-10615.8 140518 -2486.18 139107
532.802 130497 2701.31 137370
4410.06 143880 4404.49 153534
3126.55 154393 1327.62 146325
1319.83 144001 -3660.6 152425
-4003.47 152585 3113.19 151521
7560.4 150795 4203.01 141638
2264.93 138766 5549.97 132085
7850.95 127467 11219.5 118658
12003.2 114167 15370.6 105934
18183.6 106025 24342.9 106328
28126.7 103910 18613.3 105987
13804.3 105998 11999.8 113895
11518.9 118070 7892.13 126753
7439.06 129039 2818.19 137141
1094.97 140285 -8760.15 141596
-9861.1 141578 -15613 146516
-15587.4 150506 -10483.4 145797
-10693.8 139419 -10706 141418
-18216.7 132619 -16471.3 137820
-10746.1 165243 -1951.85 161544
-1297.29 161509 -5321.49 164045
-14358.4 164875 -15545.1 155308
-15522.8 153287 -13942.1 144248
-14032.2 142883 -14881.6 135487
-15020.8 132236 -8990.58 139488
-8840.3 141629 -14866 135672
-14577.7 130684 -17056.8 139325
-16877.6 140541 -16329.9 135587
-4732.61 133385 -199.68 141411
1056 142522 1255.27 152321
1231.89 156713 1284.21 147732
-1351.84 139220 -4537.8 143669
-1758.15 149375 1562.51 144717
13003.9 106277 19914.6 106065
24550 106379 16409.2 105923
12548.6 107704 11994.3 113949
4335.48 138615 -1811.59 145733
-1689.14 151626 -10336.4 149224
-10502.3 146830 -14683.5 137804
-15191.1 136342 -11264.8 144606
-10415.5 145583 -15577.4 152672
-15576.2 154638 -15560.7 151606
-15604.1 143560 -14892.7 135373
-15016.3 132595 -8258.1 135117
-7399.83 139338 1273.08 143277
1230.78 150577 95.3163 142538
3027.47 136825 7071.71 129442
8828.33 124595 11667 117678
12008.7 114047 17047 105976
18494.2 106049 27022.4 105362
28454 103164 24042.4 106223
17962.1 105976 12153.4 112092
11683.7 117542 7626.08 124549
5954.06 127040 -3026.08 127307
-5403.87 127240 -13821.8 127726
-18604.1 127608 -21795.7 120160
-22394.6 117738 -31372.5 117006
-33073.4 117006 -37045.3 108376
-38023.8 108245 -35159.6 113557
-33194.8 119243 -26956.4 123088
-23088.1 122064 -15539.5 126454
-14725.8 128863 -11224.8 135244
-5604.24 134910 -1922.91 143693
-1866.13 146291 -9147.54 152895
-11060 152877 -6271.05 144330
-4345.22 143606 -10719.4 145503
-14854.9 145626 -6104.07 142355
-5088.83 141812 -8949.39 142767
-12586.2 124388 -14368.4 133957
-14289.4 135162 -7805.03 135024
-3374.51 134819 1913.16 128347
2638.97 126808 4215.25 134641
-4.87128 146579 1201.83 155676
1954.35 157987 -424.546 166587
-342.169 169477 -6528.19 176085
-7892.97 177054 -8882.6 169551
-9452.56 166545 -1289.5 163065
-10162.8 147316 -10162.8 147316
-545.884 157786 -1749.25 148518
-1829.4 144375 2536.55 137727
3615.24 135770 6314.74 130774
8162.64 126572 11540.1 118096
11960.9 114641 16663 105958
18611.1 106032 12438.4 108634
11638 117725 8121.45 126575
6378.19 130607 2784.8 139281
1513.53 141572 -7055.85 138321
-7642.5 137384 -10437.7 127815
-10889.7 125577 -8875.92 132163
-7751.59 136907 -1056.84 143522
963.608 142386 3099.83 151873
3076.45 152610 1217.42 157982
-168.511 163568 -5435.04 172002
-5671.03 173164 -5549.7 164782
-5226.87 160845 -3924.43 155195
-1.10088e+06 155195 -1.10088e+06 155195
-2886.93 155210 -10429.9 152356
4154.02 135048 8113.66 126730
9491.79 122126 7095.09 129338
4215.25 134632 3084.24 142355
1246.36 146182 -4715.91 143177
-9001.71 143796 -10529 147846
-11072.3 154885 -15871.2 147333
-15516.1 145196 -7857.35 140846
-8423.96 131911 -15745.4 135500
-19537 144112 -19570.4 144691
-20502.1 155128 -19682.8 152859
-19558.1 145029 -21004.2 137820
-21468.4 131388 -13580.3 137435
-12671.9 143110 -4895.14 149090
-4464.33 150377 -9027.32 143814
-10605.8 140579 -15621.9 144065
-15579.6 151350 -15673.1 141879
-15792.2 140672 -13997.7 145804
-15595.2 151247 -14060.1 142391
-11550.9 141565 -10467.8 149515
-12093.1 154979 -2997.14 153681
-2598.62 151766 -3729.62 144884
599.594 141707 865.647 140741
5181.5 132811 8526.65 125493
11527.8 118108 12101.1 112891
15077.8 105940 24553.3 106390
25634.2 106457 18593.3 106003
14779.5 105938 12043.2 113377
11767.2 116687 8712.56 124451
6776.71 126016 2347.31 134812
2327.27 135665 -1623.46 144533
-4822.78 143555 -10581.3 145205
-15118.7 145430 -24397.2 148936
-24813.5 148919 -27156.8 156651
-25863.3 163270 -27166.8 172614
-27273.7 173616 -22060.6 165314
-21220.1 165619 -15482.7 157550
-15558.4 153173 -15568.4 150573
-15656.4 142395 -15589.6 147879
-14851.6 152964 -4979.74 152790
-2784.52 152715 4369.98 156624
