-18291.3 138368 -15176.6 140184
-15615.2 145978 -8488.53 152309
-8515.25 150328 -13780.7 157049
-11185.8 157283 -9744.95 143044
-19475.8 149021 -26337.6 167835
-18962.6 160596 -1700.27 141284
-3411.25 141224 -3883.24 130172
-2173.37 139091 -16171.8 134527
-15479.4 137631 -3503.64 118528
-1265.01 161021 2533.21 131960
5057.94 138526 26187.9 102864
16413.6 100352 -6102.95 143277
-2772.27 143598 -1021.22 134639
-2052.04 133661 -6563.82 135021
-3832.04 134859 -7787.22 143188
-7730.44 139085 -14414 147903
-4725.93 145425 152.089 141632
-987.822 144294 9694.66 138482
176.579 141549 -11299.3 157911
-11038.9 161057 26250.5 102784
14270.7 103957 -2784.06 126264
6970.41 129620 -7122.13 126441
-9847.74 136317 -11827.6 149362
-1979.68 147040 -1871.7 146352
-1826.06 148286 -3058.15 133171
-13608.1 141812 -3708.47 139165
-3524.79 141990 2297.22 133982
2923.94 136431 -7074.35 154828
2187.01 149760 2480.89 147020
3559.58 147037 24906.7 93482.4
14023.6 104391 -3711.81 134814
-3608.28 139071 -470.187 142858
2297.22 138150 5104.81 123565
-4641.33 122095 -9542.73 130159
-10426.6 127245 -10759.4 137257
-9606.18 135164 -10290.8 130486
-7120.41 130584 -13089.4 123059
-15148.8 123954 -19671.9 134004
-9420.27 136037 -14591.7 136484
-9538.27 145497 -7403.16 143620
-7757.16 143629 -3807.55 154309
-3565.98 154298 -6022.8 143575
-10655.9 146131 26846.8 102747
17432.2 98862.7 -11289.3 154834
-14193.7 155101 -16486.8 152461
-16970 152801 -19558.1 157486
-20154.8 155141 -8550.98 132124
-13571.4 139134 -3074.42 162161
-3643.91 152200 1266.4 144693
2909.47 147020 14011.9 136656
3704.29 135812 -8900.41 139483
-8910.43 138851 -5312.73 117695
-10808.4 126978 -9501.54 147311
-2024.21 147184 3696.5 140697
3128.77 147267 276.767 157936
-2282.47 152601 -2122.81 124595
-7164.94 135037 916.854 142631
1887.56 141008 26088.3 103195
15871.5 101265 -9765.36 129689
-7784.99 136498 -18316.9 159318
-10840.7 151913 -5360.45 139205
-10751.7 139428 -27.1352 141010
1274.19 151031 3218.94 136475
110363 394745 9019.8 124008
10747.5 119332 26290.4 81396.7
21318.4 92626.6 23347.7 84943.3
23392.3 87247.6 7527.01 137221
10015 137896 -4238.35 141376
-4723.7 140710 84672.5 55995.8
-4927.42 139256 -15096.3 143538
-8497.44 152392 -17113.6 149927
-17272.8 152739 -10442.3 148189
-18505.1 140260 -24748.5 144204
-13853 149143 -15879 140737
-11955 139470 -16508 144468
