-15775.5 149181 -13279.7 139485
-6867.72 139314 33593.6 101810
39819.7 99165.5 50442.9 105339
-12820 150199 49472.7 115282
41146.6 109743 -3659.43 124628
3134.34 130856 -515.828 140291
-868.711 135010 -9188.73 135122
-8249.19 132223 -14507.6 138697
-14932.8 133877 -5933.77 126474
-15417.1 124072 -10815.1 133138
-6569.38 130072 -13963 124165
-12578.4 134069 7788.61 128276
1012.59 137101 5094.29 118565
-3826.47 124028 14848.5 121837
15524.2 120510 -9527.14 135088
-16745.1 135534 -8173.5 156909
-5816.86 156484 -2683.22 122932
-3104.01 122977 -19616 153721
-7577.94 156891 4171.84 141578
-530.299 135155 3521.73 149417
742.083 162366 -5470.93 125477
-13325.4 133539 3860.14 135260
7.37387 147080 3600.77 135732
1277.53 152439 4392.7 137036
1207.4 159730 9482.89 119740
3847.9 131041 -2698.8 148235
-2549.63 153456 -11234.8 160565
-12912.4 155095 -6817.62 147120
-4672.5 147106 3082.02 139893
2494.25 143649 2221.52 133895
1999.99 142155 1415.57 132023
1857.5 145457 10833.9 132192
4406.72 143698 2969.76 143501
4069.42 156034 -18010.8 148409
-12509.4 147298 -1443.74 149231
-10724.9 145508 -19571.4 155570
-10405.5 155522 697.555 142039
1635.98 152688 9858.61 142478
1259.72 147583 1200.72 150199
1333.19 144486 -8750.13 143150
-53666.4 185610 -727.335 148208
-10075.9 144481 -7567.92 137397
-2685.44 134788 3178.87 132510
4401.15 137192 -11613.1 157817
-2605.29 153460 -3160.78 154380
-2029.77 153394 -13861.1 155825
-4031.3 163539 2895 151900
4371.1 151049 8358.3 127691
3596.31 138559 -9617.31 145503
-7694.82 138651 -624.921 156602
1841.92 147004 -6969.02 164089
-749.599 163724 3587.82 141476
-9488.18 144203 -11287.1 155315
-6688.49 143640 -2153.81 129383
-12247.8 133770 10433.8 136432
5008.96 129153 -9683.65 124489
-12597.3 134055 -769206 4.68793e+06
-7826.18 148509 2879.42 139134
4402.27 149785 585.122 155898
-4199.39 154302 -7966.13 149992
-10736.1 159677 4639.84 136995
-4800.51 139074 -2492.86 163858
1078.27 163769 -6043.95 156586
-8592.06 156889 2605.57 155963
1241.91 161113 10811.9 136361
372.502 132938 8093.62 126726
4509.13 134106 10.7134 148480
-3771.92 139111 -2270.91 134013
-11045.5 132080 -6942.3 160961
-7802.8 147117 -11107.7 147018
-14303.9 139661 509.337 139245
-4733.72 131557 4997.83 129222
5098.01 127200 50437.3 105326
