-12399.2 155121 -1740.34 127383
1208.51 128877 1420.02 146946
-1405.27 146975 325.72 144794
-10329.8 139428 -3497.97 159015
285.673 149647 19415.9 106038
23895.4 108485 12480.7 108149
11770.5 116705 1273.08 145185
2225.97 149359 -19468 149095
-16569.2 147296 -19512.5 140367
-19489.1 148086 -10505.6 152668
-10440 154609 -16667.2 149219
-15715.4 149186 15230.3 114597
13452.5 124286 -3727.4 144851
-3746.32 143696 -10686 137453
-8997.26 135576 -9934.27 148045
1001.46 147013 11033.6 144194
10947.9 138677 8433.35 135736
966.948 142389 4912.41 130921
-5074.36 131435 -9671.86 144272
-10547.9 139399 -568.148 140928
-206.36 138174 1330.96 144404
2579.97 137646 5788.2 149302
4257.55 134623 17501.2 105958
12437.3 108574 -9199.86 164345
-13874.2 165594 -2953.7 151464
-14185.9 149233 -22321.1 153630
-18152.2 155179 -641.827 160826
-3997.9 150591 -2148.88 143477
2020.03 140719 15508.6 105885
12177.9 111765 -9736.42 155992
-506.922 158381 551.921 148129
-9420.27 148874 -5731.15 164112
-2196.75 161878 13459 138350
3344.73 133528 -8908.2 139436
943.571 137079 -10627 139857
-12154.3 135175 -11970.6 133801
-10752.8 135286 15048.9 121503
15876 114699 21163.6 106085
24241.6 105426 -719.542 149364
-1838.3 144949 -8267 152891
-14036.7 152795 -2733.31 143462
-7835.08 143629 -2598.42 137709
-10873 132094 -21190.1 152864
-18902.5 152862 9487.34 145261
7250.93 136228 15225.9 114561
12421.7 125281 -4845.81 136486
2090.16 144479 -4794.95 139310
-3580.45 141340 -7830.63 144058
-7763.84 139390 -2693.24 163847
1253.04 157615 4744.35 153104
-6266.59 149344 -11262.6 135220
-3902.17 134792 -4371.93 139241
