940.231 149428 1284.21 144105
502.746 151080 1458.98 143439
-220.831 143580 5495.42 152715
8810.52 141318 14274.1 122629
566.198 141260 26807.5 160808
9201.25 152343 -824.183 154705
-5821.31 160819 -14142.4 152844
27978.6 164971 -2584.14 152830
-2118.83 149112 -11220.3 149293
-9747.55 156889 -10494.5 145229
-3764.13 143589 -2429.41 166002
9463.96 161266 26665.1 160841
23234.2 154113 23042.7 156504
19218.9 152975 -15241.2 162163
1153.96 149894 -823.07 154433
4407.83 142731 14529 123099
15484.1 145735 19225.6 152966
14099.3 151675 -2314.75 139036
-14988.5 155199 1056 161941
1298.68 153002 22594.1 157448
18884.9 152953 5358.5 159238
-2413.83 152643 27985.3 164989
18759.1 153009 -1220.48 155974
277.88 162889 3050.85 152770
26872.1 160908 -15536.2 147861
-18471.7 140926 -12866.7 133877
-16069.4 136164 -7921.91 139020
