5917.33 142714 -62755.7 163653
6457.23 132557 2547.68 120456
6265.76 138512 -7822.84 148380
-8574.25 147117 1362.13 152899
-26123.8 144717 -63234.3 126688
-39484.3 192652 12473.8 140519
-14840.4 153140 -6146.37 141629
-4543.37 143622 57355.8 79733.6
5051.26 138490 -42827.3 -201397
-130766 -250845 -562911 347107
-2201.2 161549 -14300.5 152844
-39170.4 181259 -74271.1 236195
-8696.7 154618 11583.1 141057
2438.59 137010 -12471 160100
-1944.06 162128 39771.8 106194
6056.47 147451 -4769.35 133960
224413 -595769 -15409.9 149623
-10747.2 135861 -94819 125822
-9300.05 130814 5040.13 138477
4312.1 152343 -3550.4 141284
-7819.5 143631 4403.38 143444
4400.04 156424 58151.8 -416816
-10333.1 -161500 -36643.5 27346.6
31.8642 150962 4411.17 146058
7633.87 160462 12874 140312
776.592 142870 1991.09 132929
4182.97 134661 17982.1 106052
42127.3 98782.6 77935.5 91651.4
84178.3 81347.7 71863.9 84086.4
77673.9 92798 543009 -458483
612757 -153078 580507 -57683.7
501586 -95071.4 537220 1511.58
600461 80931.4 554075 117783
658142 169991 77946.6 91618
