-16737.3 149155 -10261.8 145510
-10663.7 138760 -18957 144103
-19004.9 149101 -15332.5 157731
-7181.64 153405 -14507.6 147859
-14507.6 145980 -12950.2 137557
-12627.4 134964 -8860.34 140857
-2044.24 146365 -4757.1 138265
-4734.84 132991 -6140.8 142101
-6256.57 145368 -7757.16 139352
-9848.85 129353 -9848.85 129353
-13851.9 119016 -15161 127147
-13245.2 129324 -12598.4 122102
-10633.7 118502 -4075.83 119214
-4640.21 127258 -4781.59 136765
-4663.59 143713 132.052 141870
30776.1 104965 38251.2 99610.8
49154.9 95970.6 42469.1 98700.2
29456.9 104589 29456.9 104589
19533.9 106014 15421.8 105909
8571.18 127948 8571.18 127948
-1812.7 146307 -691.713 155215
-5594.22 164552 -5481.79 155222
-4827.23 154302 -4841.7 151430
2079.03 137914 2079.03 137914
-4848.38 149146 -3.75808 140937
-1092.46 138969 1533.56 137833
4377.78 150929 3853.46 150050
285.673 137005 -6656.21 139252
-10820.7 139436 -10481.1 148703
-10444.4 152519 -15578.5 144101
-12924.6 138773 -7016.89 143653
-2773.39 143097 -1390.8 134725
715.366 128220 715.366 128220
3533.98 115616 7228.67 110843
12427.3 108064 21712.4 106070
27015.7 105353 33521.2 103124
39014.8 99308 34798.1 101265
27950.8 104248 19444.9 106018
15338.3 105896 12198 111593
10820.9 119221 8749.29 124791
5743.67 131522 3924.71 141088
3232.3 146993 -1737 138969
-4261.73 139114 -11493 135191
-13123.9 133828 -8912.66 139833
-8697.81 143829 -10395.4 152361
-11076.7 156217 -10506.8 146801
-11453 145717 -1853.89 147082
-1239.4 147594 -7856.23 142609
-7666.99 138359 -2925.89 139085
1261.94 142910 -11.5504 152234
1303.13 154409 -7060.3 156833
-8850.32 156898 -10161.7 147287
-10428.8 145624 -11740.2 137446
-10791.7 133859 -7904.1 141569
-4292.9 143593 1875.31 147302
5649.05 146548 3263.47 140078
-2493.98 134748 4424.53 130141
8114.77 126717 11500 118152
12595.4 107572 21086.8 110654
23393.4 108263 26218.7 106339
35371.3 100855 38232.3 99597.4
46719.3 98063.4 39791.8 99149.9
32739.8 104124 25701 106432
19990.3 105141 19183.3 101236
10453.6 200840 10453.6 200840
19188.8 101229 13288.9 105849
8228.32 109848 594.028 105831
-3176.36 106134 -4359.69 115425
-4196.05 116171 -4115.9 125123
-3795.3 130115 -8548.64 135990
-8942.71 138866 -1610.1 142389
12022.1 113873 15102.3 105936
20078.3 106056 25433.9 106450
31407.3 104901 38241.2 99577.4
42189.7 98773.6 33663.7 102868
26588.2 106014 18219.2 105978
12504.1 107973 12052.1 113325
9730.02 121189 9730.02 121189
4079.44 131083 -363.32 133717
-6834.32 134937 -10781.7 140162
-11712.3 150399 -4397.54 143622
-574.827 142041 -7127.09 136264
-9326.77 131266 -8957.18 137393
-8612.09 147133 -15109.8 143070
-12284.5 137515 -4727.04 132610
-4629.08 127396 -3291.02 118493
-1448.69 115480 -6879.96 117972
-13932.1 120650 -18184.5 129589
-17393 132967 -13003.6 135865
-6955.66 137114 -16040.4 136947
-19509.2 143261 -11282.6 147282
-8634.36 147264 -4696.99 142326
-4769.35 136413 -14185.9 133525
-14472 132971 -10644.8 139441
-7957.54 143397 -9415.82 137595
-9209.88 131112 -9209.88 131112
-12311.2 119107 -4610.16 119341
-3130.72 123674 -1188.2 127770
404.784 136368 404.784 136368
4417.85 147060 5163.69 140251
7404.55 137361 7178.58 129240
11383.1 118373 11383.1 118373
13424.7 106038 21754.7 106076
27306.3 104878 35517.2 100782
38247.8 99595.2 43707 98330.6
49151.6 95981.8 40460.9 99005.2
32378 102258 26165.2 102690
22009.7 103238 12690 105883
7586 110729 1251.93 113855
-1647.95 116124 -4286.22 122592
-4737.06 130967 -13023.7 135329
-16585.9 132813 -14638.9 136489
-15585.1 151931 -10491.2 150406
-7963.1 143255 -7963.1 143255
-8959.41 131822 -6661.78 127222
-4170.45 122416 -4115.9 117529
-3694 106279 -4155.98 111337
-3217.55 117150 -4424.26 124689
-5667.69 130074 -7692.6 134990
-10769.5 140841 -1842.76 144522
-2614.2 153296 -3106.23 143546
-5205.72 143600 -14804.8 142640
-15841.2 139989 -12810 137484
-11568.7 152755 -15570.7 152937
-3319.97 160943 -9346.8 156862
-10435.5 152592 -13231.9 145922
-13942.1 137537 -17193.7 133525
-19313.2 126011 -12630.7 119214
-10081.5 116122 -13362.1 120483
-12202.1 139445 -15676.4 142366
-15577.4 153948 -6085.14 152835
-2658.73 152663 2321.71 152655
4118.4 160647 1271.96 154064
941.344 142248 -5449.51 139212
-8962.75 136360 -11016.6 138183
-10483.4 148689 -15620.8 155148
-24124.5 155148 -18396 149221
-19292.1 146133 -14399.6 139668
-8855.88 139407 -3573.77 139815
1158.42 142602 1158.42 142602
2106.86 152666 10729.7 152657
12415 152307 10328.9 155264
-14305 152076 -8540.85 149582
-4524.44 149103 686.423 143016
2512.06 139659 1957.69 131226
-2654.28 130199 -3570.43 126103
-3735.19 119379 1976.62 113586
7801.96 110685 15781.3 105929
18755.8 106199 25425 106461
32106.3 104625 38237.8 99593
43426.4 98364 35844.5 100586
27186 105039 24084.7 106241
16568.4 105920 12083.3 113029
9351.53 122623 4731.77 130422
3137.68 130767 5913.99 140211
4369.98 142607 4369.98 142607
3318.02 152724 4400.04 151040
2712.44 139341 2712.44 139341
8764.88 127828 8764.88 127828
15556.5 118813 10867.7 119174
2581.08 131428 955.816 132891
-8385 133316 -2864.67 139098
1271.96 146303 2412.99 149382
