3.30029e+07 1.11527e+07 3.29995e+07 1.11493e+07
3.30031e+07 1.11515e+07 3.30034e+07 1.11527e+07
3.30033e+07 1.1151e+07 3.30032e+07 1.11494e+07
3.30012e+07 1.11514e+07 3.30003e+07 1.11561e+07
3.30043e+07 1.11561e+07 3.30052e+07 1.11526e+07
3.30157e+07 1.11488e+07 3.30224e+07 1.11528e+07
3.30184e+07 1.11534e+07 3.30056e+07 1.11527e+07
3.30311e+07 1.11563e+07 3.30311e+07 1.11563e+07
3.30308e+07 1.11538e+07 3.30123e+07 1.11615e+07
3.30238e+07 1.1161e+07 3.3024e+07 1.11591e+07
3.3022e+07 1.11593e+07 3.3022e+07 1.11593e+07
3.30219e+07 1.11594e+07 3.3022e+07 1.11593e+07
3.3022e+07 1.11594e+07 3.3022e+07 1.11593e+07
3.3022e+07 1.11593e+07 3.30251e+07 1.11593e+07
3.30349e+07 1.1153e+07 3.30351e+07 1.11515e+07
3.30325e+07 1.11511e+07 3.30111e+07 1.11523e+07
3.30351e+07 1.11515e+07 3.30351e+07 1.11515e+07
3.30351e+07 1.11515e+07 3.30351e+07 1.11515e+07
3.30351e+07 1.11515e+07 3.30351e+07 1.11515e+07
3.30351e+07 1.11515e+07 3.30351e+07 1.11515e+07
3.30351e+07 1.11515e+07 3.30351e+07 1.11515e+07
3.30351e+07 1.11515e+07 3.30351e+07 1.11515e+07
3.30351e+07 1.11515e+07 3.30351e+07 1.11515e+07
3.30351e+07 1.11515e+07 3.30351e+07 1.11515e+07
3.30351e+07 1.11515e+07 3.30351e+07 1.11515e+07
3.30351e+07 1.11515e+07 3.30351e+07 1.11515e+07
3.30351e+07 1.11515e+07 3.30351e+07 1.11515e+07
3.30311e+07 1.1151e+07 3.30268e+07 1.11512e+07
3.30319e+07 1.11517e+07 3.30324e+07 1.11538e+07
3.30351e+07 1.11515e+07 3.30351e+07 1.11515e+07
3.3035e+07 1.11515e+07 3.3035e+07 1.11515e+07
3.30351e+07 1.11515e+07 3.30351e+07 1.11515e+07
3.30351e+07 1.11515e+07 3.30351e+07 1.11515e+07
3.30351e+07 1.11515e+07 3.30351e+07 1.11515e+07
3.30351e+07 1.11515e+07 3.30351e+07 1.11515e+07
3.30351e+07 1.11515e+07 3.30351e+07 1.11515e+07
3.30351e+07 1.11515e+07 3.30351e+07 1.11515e+07
3.30351e+07 1.11515e+07 3.30351e+07 1.11515e+07
3.30351e+07 1.11515e+07 3.30351e+07 1.11515e+07
3.30351e+07 1.11515e+07 3.30351e+07 1.11515e+07
3.30351e+07 1.11515e+07 3.3035e+07 1.11515e+07
3.3035e+07 1.11515e+07 3.30351e+07 1.11515e+07
3.30351e+07 1.11515e+07 3.30351e+07 1.11515e+07
3.30351e+07 1.11515e+07 3.30351e+07 1.11515e+07
3.30351e+07 1.11515e+07 3.30351e+07 1.11515e+07
3.30351e+07 1.11515e+07 3.30351e+07 1.11515e+07
3.30351e+07 1.11515e+07 3.30351e+07 1.11515e+07
3.30351e+07 1.11515e+07 3.30351e+07 1.11515e+07
3.30351e+07 1.11515e+07 3.30351e+07 1.11515e+07
3.30351e+07 1.11515e+07 3.30351e+07 1.11516e+07
3.30351e+07 1.11515e+07 3.30351e+07 1.11515e+07
3.30351e+07 1.11515e+07 3.30351e+07 1.11515e+07
3.30351e+07 1.11515e+07 3.30351e+07 1.11515e+07
3.30351e+07 1.11515e+07 3.30351e+07 1.11515e+07
3.30351e+07 1.11516e+07 3.30351e+07 1.11515e+07
3.30351e+07 1.11515e+07 3.30351e+07 1.11515e+07
3.30351e+07 1.11515e+07 3.30351e+07 1.11515e+07
3.30351e+07 1.11515e+07 3.30351e+07 1.11515e+07
3.30351e+07 1.11515e+07 3.30351e+07 1.11515e+07
3.30351e+07 1.11515e+07 3.3035e+07 1.11515e+07
3.3035e+07 1.11515e+07 3.30351e+07 1.11515e+07
3.30351e+07 1.11515e+07 3.30351e+07 1.11515e+07
3.30351e+07 1.11515e+07 3.30351e+07 1.11515e+07
3.30351e+07 1.11515e+07 3.30351e+07 1.11515e+07
3.30351e+07 1.11515e+07 3.30351e+07 1.11515e+07
3.30351e+07 1.11515e+07 3.30351e+07 1.11515e+07
3.30351e+07 1.11515e+07 3.30351e+07 1.11515e+07
3.30351e+07 1.11515e+07 3.30351e+07 1.11515e+07
3.30351e+07 1.11515e+07 3.30351e+07 1.11515e+07
3.30351e+07 1.11515e+07 3.30351e+07 1.11515e+07
3.30351e+07 1.11515e+07 3.30351e+07 1.11515e+07
3.30351e+07 1.11515e+07 3.30351e+07 1.11515e+07
3.30351e+07 1.11515e+07 3.30351e+07 1.11515e+07
3.30351e+07 1.11515e+07 3.30351e+07 1.11515e+07
3.30351e+07 1.11515e+07 3.30351e+07 1.11515e+07
3.30351e+07 1.11515e+07 3.30351e+07 1.11515e+07
3.30351e+07 1.11515e+07 3.30351e+07 1.11515e+07
3.30351e+07 1.11515e+07 3.30351e+07 1.11515e+07
3.30351e+07 1.11515e+07 3.30351e+07 1.11515e+07
3.30351e+07 1.11515e+07 3.30351e+07 1.11515e+07
3.30351e+07 1.11515e+07 3.30351e+07 1.11515e+07
3.30348e+07 1.1148e+07 3.30334e+07 1.11383e+07
3.30349e+07 1.11512e+07 3.30351e+07 1.11515e+07
3.30351e+07 1.11515e+07 3.30351e+07 1.11515e+07
3.30351e+07 1.11515e+07 3.30351e+07 1.11515e+07
3.30351e+07 1.11515e+07 3.30351e+07 1.11515e+07
3.30351e+07 1.11515e+07 3.30351e+07 1.11515e+07
3.30351e+07 1.11515e+07 3.30351e+07 1.11515e+07
3.30351e+07 1.11515e+07 3.30351e+07 1.11515e+07
3.30351e+07 1.11515e+07 3.30351e+07 1.11515e+07
3.30351e+07 1.11515e+07 3.30351e+07 1.11515e+07
3.30351e+07 1.11515e+07 3.30351e+07 1.11515e+07
3.30351e+07 1.11515e+07 3.30351e+07 1.11515e+07
3.30348e+07 1.11529e+07 3.30012e+07 1.11577e+07
3.30059e+07 1.11751e+07 3.30057e+07 1.11773e+07
3.30029e+07 1.11679e+07 3.30059e+07 1.11699e+07
3.3004e+07 1.11617e+07 3.30052e+07 1.11528e+07
