-3734.07 149092 -4166.85 142781
-13885.3 145808 -24097.9 152740
-15310.2 157708 -15687.6 155014
-15572.9 157283 -6451.49 145451
-15635.2 144239 -16026 145103
-14537.6 145773 -19466.9 141449
-19599.3 143927 -13884.2 145695
-13840.8 147097 -12953.6 169889
-15794.4 169931 -10084.2 146580
-20232.7 155132 -13932.1 148912
-14273.8 157038 -31509.4 148935
-24278.1 156865 -3646.13 149551
-3701.79 152681 -19466.9 150250
-19558.1 145715 -28685.7 150688
-19263.1 154376 -26733 141993
-26503.4 152850 -18473.9 166948
-10729.4 158802 -17798.2 162052
-19353.3 158766 20080 123260
11786.1 117671 -19452.4 149275
-18983.7 138392 4297.63 142115
4413.4 146964 -9387.99 169820
-12725.3 169934 -20137 153175
