3163.28 142322 -3873.22 140042
-3663.94 136072 -16627.1 135500
-17222.7 133345 -17065.7 126655
-18601.9 127465 -14994 152844
-12096.4 152895 -1155.91 149123
-12294.5 151357 -22450.4 161260
-14190.3 155177 -10243.2 159552
-1641.27 151722 -18148.8 137393
-19600.4 145267 -19569.3 152269
-19422.3 142874 -8634.84 129974
-18548.5 127456 -22466.9 162969
-18547.4 165857 -16570.6 164960
-22542.6 156798 -18964.8 160743
-19589.3 156568 -14053.4 152846
-13476.8 154634 5153.56 151714
1494.6 141649 -18813.4 154456
-20658 155593 -18792.3 154424
