-12411.4 133808 -3673.96 136582
-3583.79 139902 -6562.7 149417
-6996.85 149506 -15379.2 149141
-17902.8 149095 -9408.03 144159
-6715.21 143635 -2548.52 143484
2567.72 137896 5576.69 132459
8351.88 128137 14385.4 122765
15552 118809 11767.2 125715
7510.31 128943 4612.66 134147
2405.2 138063 -3996.79 134472
-10464.5 144098 -10433.3 150588
-10418.8 154197 -19596 157339
-23872.9 165347 -26834 173378
-32632.6 183955 -30915 181003
-22430.2 162932 -15822.3 158205
-16467.9 153211 -15579.6 146585
-10671.5 139481 -10554.6 147115
-10476.7 149949 -14359.5 156713
-17634.5 159129 -12717.6 152879
-7168.28 152915 -10473.4 145626
-14625.6 145715 -10901.9 154992
-8544.19 154596 -13152.8 161573
-16000.4 161818 -24737.8 166251
-26324.1 167126 -27627.7 176130
-28519.4 179712 -34340.3 186769
-33738 188254 -33547.7 185741
-27558.7 175626 -25031.7 166601
-19253.1 160122 -14569.9 152844
-11189.1 152904 -15785.5 158125
-18591.9 162880 -16463.5 153218
-16467.9 152897 -11271.5 160460
-5279.19 160794 -10428.8 152550
-10433.3 149987 -15639.7 142818
-16427.8 138239 -16570.3 147411
-17147 148999 -25477 147106
-27237 146973 -26667 155404
-26857.4 158076 -26837.3 167794
-26870.7 172133 -29971 180542
-32069.3 185371 -32318.7 183290
-26445.5 172603 -23644.7 164917
-21166.7 161921 -16469 153175
-15503.9 153091 -5646.54 153877
-4938.55 152779 -13985.5 154565
-20391.9 102788 -20391.9 102788
-15748.8 155104 -15759.9 152846
-3446.87 139143 -3446.87 139143
-15550.6 145412 -10383.2 151432
-9468.14 154632 -16446.8 153213
31803.6 45168.9 31803.6 45168.9
-17266.1 155233 -18630.8 164120
-18557.4 166069 -19529.2 157731
-19589.3 152844 -21979.3 143976
-23455.4 142792 -26554.6 150226
-26238.4 184728 -33590 188170
