-8954.96 148317 -185.209 143626
1227.44 143571 -3780.83 139134
-7663.65 137181 -2787.86 139111
1280.87 144323 4572.59 151702
91146.9 172476 91146.9 172476
176562 204946 176562 204946
1197.38 161015 3181.09 152715
8314.03 152528 17841.9 152939
21454.2 155342 25245.7 159496
28197.9 164376 24223.8 157993
23140.7 154324 25089.9 159251
39159.6 182717 33153.9 186273
19414.8 605598 19414.8 605598
38257.9 182343 32965.7 183742
30483.3 170014 30483.3 170014
24131.4 157659 16372.5 152309
14418.8 152047 14418.8 152047
-125.096 152666 3154.38 147073
1978.84 141908 2223.74 151501
4283.16 153040 -1153.69 145314
-2255.75 143426 1245.25 145624
73102 301872 73102 301872
1314.26 151241 1314.26 151241
156.542 141204 -6283.29 143604
-18348.1 143455 -12689.7 139508
-8353.83 139412 891.251 142268
1234.11 152327 8572.3 152443
18805.9 153151 25083.2 158459
27472.1 161308 27472.1 161308
35792.1 167349 35792.1 167349
37246 177895 36535.8 169237
30649.2 162945 25183.4 159356
22561.8 156235 16099.7 152321
12231.4 152336 3359.2 152643
1781.81 152632 2015.58 142718
1952.13 141705 1260.83 149798
1202.95 160209 -1193.76 163626
-1448.69 131515 -1448.69 131515
-1832.74 117740 -1910.66 124085
1205.17 160743 1205.17 160743
-216.378 140726 -8784.64 143709
-10727.2 145503 -6068.44 147095
8377.49 152510 11889.6 152336
1191.81 160888 1249.7 156328
1289.77 144116 120.92 152614
-4199.39 152715 1152.85 152717
7748.53 152737 7748.53 152737
20956.6 153830 25268 159541
30738.2 163014 30738.2 163014
36758.4 171501 36758.4 171501
38183.3 182481 31186.9 178029
30099.3 166964 26864.3 160926
23600.4 156784 14841.8 152149
11236.2 152338 4010.42 153084
-900.993 152966 3054.19 156379
-11289.3 150139 -11289.3 150139
58318.7 221555 58318.7 221555
80966.7 233577 80966.7 233577
-12871.2 151241 -5350.43 148008
-10925.3 77039.6 -10925.3 77039.6
42643.9 234652 42643.9 234652
58070.5 267164 58070.5 267164
19444.9 208570 19444.9 208570
-20548.9 122854 -20548.9 122854
-23708.1 88162.7 -23708.1 88162.7
-35713.9 22938.4 -35713.9 22938.4
-19419 55205.4 -22276.6 58700.9
-7867.37 78081.6 -7867.37 78081.6
-191.888 98123.5 -191.888 98123.5
7358.91 88685.9 7358.91 88685.9
15015.5 69013.5 17338.7 63175.9
2414.1 148803 -4296.24 152717
-7493.33 152906 1834.13 152659
5074.64 152661 12880.4 152436
17470.1 152583 22092 149515
31134.5 157642 31134.5 157642
35853.4 167422 35853.4 167422
37888.3 179957 38236.7 182321
105576 220971 105576 220971
162785 265984 162785 265984
38255.6 182328 37326.1 178164
36382.1 168912 30738.2 162996
21819.3 155820 14074.8 152436
11914.1 150902 4367.76 151267
1345.43 152632 4136.21 159830
6123.27 162885 -2403.81 165173
-7014.66 164027 -3279.89 158192
-2529.6 155081 6349.25 151014
40172.6 86397.1 40172.6 86397.1
-1051.27 149277 6399.34 152744
13667.4 152365 21231.5 154643
24160.4 157760 29227.6 162840
30939.7 174057 34612.2 182851
38257.9 182343 33209.5 183646
27042.4 187052 33231.8 183650
36418.9 182744 37815.9 188760
37535.4 196875 34980.6 187898
31523 188377 34994 187927
