-1780.42 146692 -695.052 155662
-585.959 157639 -1755.93 148881
-1251.65 143949 -3020.52 152630
-1861.68 158038 -1537.74 152325
-1784.87 147821 -7838.42 140456
-7631.37 137571 1424.47 133815
1410 133171 2366.23 138214
-794.126 143468 4223.04 151011
5987.46 150960 -933.276 155903
-3146.31 156012 -11926.1 156776
-13444.5 156744 -10416.6 149947
-10547.9 146394 -3928.88 139149
-2881.37 137722 -2617.54 145390
-2686.56 148502 -8802.45 142244
-10559.1 141970 -7973.12 141600
-116.191 137954 -1682.46 147017
-2613.09 153044 -1163.71 143867
-487.998 141877 1609.26 132352
1922.07 131891 7396.76 128808
8883.99 124419 4850.88 133481
693.102 141059 -1063.52 149618
-716.203 151546 -1030.12 143653
4095.03 134881 6470.58 130495
11967.5 114508 12351.6 109817
19006.3 105867 10494.8 109819
4727.32 111115 -2468.37 115748
-5072.13 124473 -3680.64 132426
-3702.9 135854 -12964.7 138023
-14041.1 139492 -6723 136484
-5059.89 134861 -569.261 143150
-1747.02 149791 -1826.06 158025
-4079.16 161538 -26.022 155907
-1739.23 148627 1283.1 151969
-1179.29 163642 -10521.2 161536
-11218.1 159917 -11218.1 159917
-10512.3 147422 -13887.5 138432
-13471.2 136500 -3675.07 135489
-3236.48 135298 -815.277 143898
573.99 146251 -1988.58 138929
-893.201 134944 -1840.53 144248
-1801.57 147721 -1565.57 154260
-572.601 157751 1279.76 149526
1289.77 144804 1267.51 154188
1211.85 157265 -1670.21 151595
-3127.38 143493 -7827.29 136380
-14632.3 149177 -10422.1 147329
-4590.12 147106 -2857.99 137439
-2870.23 136613 -3699.57 128845
-4276.2 121075 2054.54 113557
5244.96 111088 12476.3 108042
15287.1 105934 13655.1 106003
2782.57 132788 -620.468 142121
-1224.93 143932 -7628.03 137633
-8816.92 137422 -11015.5 128843
-12607.4 126031 -10726.1 127494
-7979.8 135224 -3503.64 139151
1233 142845 1978.84 132971
1984.41 132383 6069.83 131159
9293.65 122908 11713.7 117495
12491.9 108265 20723.9 103836
21272.7 103304 15470.8 105885
11251.8 108714 4998.94 111108
700.894 113766 -2711.05 122970
-3671.74 124535 -4825.01 132546
-6352.31 135177 -4683.63 129409
-4418.69 124998 -4793.84 133946
-9494.86 135059 -10460 143796
-11302.7 145379 -12911.3 138958
-7944.18 135549 -12945.8 138339
-15638.6 143172 -16449 152779
-18754.4 152808 -11802.5 146937
-11009.9 145628 -14820.4 136916
-14882.7 136121 -7849.56 130066
-2724.41 127340 5240.5 132423
13067.4 124682 15414 116868
15287.1 114303 19043 105851
19923.5 104585 12367.2 109445
2614.48 132544 -1537.74 134605
-7526.73 134977 -3732.96 141636
-616.015 144929 -9136.41 146888
-9041.79 139345 -13997.7 138285
-7071.43 164232 -5932.63 157544
-1511.02 153973 2158.07 149413
2070.12 143025 -6485.89 139274
-10868.5 139434 -14500.9 139677
-15721 149046 -10497.8 145034
-2950.39 143497 -2950.39 143497
6429.4 152726 12041 152425
22365.9 150112 14177.2 151161
11002.4 150907 3095.38 151426
858.968 151555 -3726.28 145083
-4686.97 142504 -4717.03 136041
-20329.6 165750 -17375.2 159316
-15405.9 155246 -15571.8 146886
-13610.3 141792 -9082.98 139423
-2830.16 139227 -1802.68 147213
-2583.03 152672 -8428.42 152906
-10506.8 146554 -16410 140890
-21588.6 147926 -14772.5 142400
-12257.8 139468 -4098.09 139158
1819.66 143224 -3587.13 138998
-3680.64 133383 -3848.73 123560
-5369.36 121714 -5522.98 121741
2450.84 131907 -122.87 141240
-2086.55 143453 519.444 136589
1416.68 131277 3137.68 139946
4363.31 149475 -3594.92 149088
-7744.92 149471 -14825.9 149184
-18400.4 148322 -10455.5 149831
-9652.93 157673 -11878.2 148248
-13597 145868 -7769.41 143655
-1898.42 145343 7482.48 146690
7977.85 150003 4435.66 144766
3407.07 138366 6663.17 130166
9563.04 121846 12160.1 112223
18489.7 106009 12371.6 109463
11920.8 114864 11477.7 118174
6160 130987 -29.3616 137702
-1108.05 139521 -6434.69 139263
-12309 139443 -2813.46 139940
-1174.84 141970 68.5996 143072
2289.42 127136 1492.38 135384
2316.14 139114 -485.771 143411
