2659 146434 -3105.12 131709
-8130.08 149371 -3489.17 155927
-3607.17 151929 8622.79 139030
-2963.74 134716 -7314.73 120797
-16985.5 126759 -10617 154819
-11844.8 156756 -498.017 159703
1289.77 144675 -2212.34 143457
-775.202 147022 19870.1 106043
32471.5 103287 22993.7 99125.4
22448.3 94207.3 1595.9 147020
1869.75 147710 -6970.13 141859
4229.72 134601 24497.7 106357
18824.8 106007 9259.14 130584
12982.8 132161 666.385 143045
546.16 143152 9705.53 161293
8450.96 139657 2303.89 134939
3050.85 137869 1297.57 143785
26.2982 140890 -4459.88 135954
-3607.17 138902 -11388.4 139387
-9674.08 151256 9335.95 137172
13381.3 138321 13148.8 153713
19024.1 152944 -1010.09 143673
12922.7 106455 24363 106301
12458.5 108378 -3989.72 129191
7587.12 128866 13616.2 124651
11848.4 126929 4437.89 172964
2920.6 169753 6482.41 145116
2345.08 154404 184.372 147024
6901.39 148066 -460.168 148631
5.14748 151477 -1256.1 143885
-1719.19 144515 -5488.47 139151
-7916.35 141242 1680.51 138038
4408.95 147465 27183.8 105094
30280.7 104907 8476.56 125579
5141.43 132844 -8084.38 143511
252.277 148531 -3302.15 157911
-7396.49 160961 4960.28 153124
26.2982 143936 -7939.63 157485
1248.59 159510 6033.36 136478
-4161.54 134852 -1096.92 125076
1066.02 127681 -6122.99 164029
-12936.9 165808 -11293.8 178808
-8812.47 164223 24063.5 106259
27338.5 104823 -1912.89 145385
-687.26 155869 -1557.78 145350
-641.619 155963 -9615.01 123482
-18434.9 129391 -19374.5 149393
-14307.2 138920 -14559.7 142311
-2703.26 141347 10802 123115
7892.13 132677 -6944.21 142225
3515.05 147026 1696.09 155941
1288.66 146875 -3985.62 135984
-12875.6 140563 -1836.08 146418
-1732.55 150421 -4055.79 164138
-3263.19 164083 -11276 157397
-10365.4 152637 24557.8 106388
31484.1 104872 34657.8 95977.3
