-1751.47 145307 -8970.54 139552
-9185.39 137426 -4358.58 117104
-2689.9 115730 473.803 113837
-1516.59 116360 -21081 100178
-22698.5 95607.7 -24682.2 87586
-22913.3 95351.7 -9347.92 135095
-5079.93 134855 13173.1 112027
12297 110600 -4748.19 132755
-4762.67 134289 4860.9 109104
-9020.64 139416 -3184.16 119662
-4771.57 133931 1230.78 159463
1287.55 153396 -7005.2 141606
-1701.38 152452 1337.64 146950
99.769 144312 -9127.5 127169
254.503 128422 11752.7 117629
7378.95 114203 4755.15 109727
2608.91 112691 -1844.98 143782
5488.75 136609 -1170.39 139434
-2836.84 138199 6707.69 115754
4683.91 111195 -4043.54 164127
5149.22 103496 -10445.5 149237
-936.615 135333 -1841.64 112444
-4043.54 112399 -2364.84 123052
-711.75 127868 3454.94 137114
7296.57 137497 3904.67 146973
1935.43 146973 -10802.9 156840
-15359.2 155115 -19576 151345
-18683.2 161894 -3818.68 143584
-1806.02 148128 8384.17 111511
4729.55 111106 18648.9 103496
12253.6 102970 -2042.02 115754
-1518.82 116340 -4251.71 139158
-336.603 140670 -15797.8 141008
-15662 148965 -19582.6 156931
-20289.5 154429 -18758.9 127334
-196444 130713 -8359.4 143172
-8634.36 145601 8712.56 112749
6941.46 110914 4619.34 93688.6
