-3551.51 153238 4.03428 146287
10.7134 150352 -11644.4 146133
-13677.1 146737 3807.82 137457
4402.27 147480 -8587.6 147627
-8684.45 144181 -10471.1 148484
-9754.23 144388 -10474.5 148313
-13905.3 145846 -290.962 142611
2643.42 137513 25777.8 102792
29223.2 102478 6082.08 126243
4947.73 127681 3261.24 140071
-2596.39 134683 -13035.9 139425
-13542.4 139456 -15589.6 143793
-15646.4 142518 3353.64 140220
4387.8 146686 -10440 144666
-10568 141707 -9937.91 131982
-8958.3 137123 -9359.05 147322
-8135.65 148625 -8419.51 154992
-5713.33 154498 20974.4 106047
27097 105223 7708.46 127837
5814.91 131597 -5062.12 137764
-6232.08 135482 -23102.6 94643.7
-20030.1 105172 -19616.8 156583
-9662.95 154640 -1768.17 149736
-1217.14 153774 -13927.6 138920
3171.07 136751 6637.56 145944
1666.03 146966 13909 123760
5278.35 132962 -3627.21 150290
4257.55 134627 27938.5 102550
30821.7 102376 7942.23 120392
6722.17 124640 -2709.93 134763
742.083 136803 -12993.6 139419
-13588.1 139465 1996.65 138466
4412.29 146579 -5534.11 156333
-7399.83 156856 -13323.1 152882
-12870.1 151448 1410 152343
329.087 149275 -7029.13 132203
-4865.08 130168 -10500.1 151412
-7753.82 137557 -4071.37 119379
-5441.72 134507 -3727.4 145156
-3670.62 135814 4137.33 111172
11137.1 109594 24453.1 106334
13008.4 106163 -4713.69 134563
-11279.3 135168 -17798.2 136763
-16077.2 138782 -8929.35 138343
-9408.03 137054 -12168.8 141598
-12844.5 140441 -5802.39 177630
-4212.75 160507 3333.6 136458
-6426.89 143604 34081.2 95948.4
33759.4 101256 9352.65 122658
7439.06 128665 -4679.18 143335
-4729.27 140717 -18117.7 155161
-12197.7 155070 -15674.2 142542
-15580.7 150352 -18584.1 127470
-19621.6 127612 -4169.33 143595
-3826.47 143578 -6067.33 134830
-7831.74 140093 -9346.8 144998
-8839.19 140939 -2802.33 140280
-2817.91 139399 -1239.4 145287
-138.455 142362 18804.8 106139
32924.5 101301 9082.14 123723
7596.02 128200 -1039.03 152623
3120.98 149522 22102.8 115452
13246.6 117066 -7277.37 127182
-10160.5 127102 -17462 109899
-11878.2 124308 -14022.2 142805
