-1257.22 166500 -5596.45 161088
-4922.97 160767 22176.4 112069
11664.8 116144 -7648.04 144524
1875.31 147719 -912.125 152606
-1739.23 149146 -2566.33 139085
117.58 141763 23954.4 108523
29509.3 112829 15986.2 101087
14570.2 103469 -2400.47 127356
5473.16 132274 3419.32 136375
5610.08 132405 11642.5 126434
9702.19 130422 4100.59 134901
6578.56 130308 16055.2 105909
12131.2 112361 175.466 153683
1023.72 153576 -6963.22 149637
-11239.2 160008 2560.38 156947
-1507.68 147823 -7345.28 154921
-8297.06 153581 -2850.2 139042
-1676.89 147467 2594.44 155126
1878.65 155250 -9957.95 133690
-23.7956 135832 4407.83 144806
4413.4 148979 -5506.28 169393
-11686.7 172276 -5991.63 164096
-3032.76 163951 -825.296 141204
4869.81 140746 16274.5 100158
12006.5 93873.4 -8349.1 110424
-2183.39 118192 -11634.2 144480
2288.31 138484 18128 96874.5
15248.1 102316 14963.2 112619
24961.9 111224 24398.6 107566
26422.4 109529 32241 117930
35499.4 115935 11963.1 114445
9551.91 121806 -11724.6 165844
-10152.8 168408 -15428.2 163849
-8902.64 164232 -6871.06 156836
-7201.68 156845 -11087.7 118778
-19499.1 125688 -17914.9 141411
-8495.21 138054 -16786.3 144252
-15577.4 152240 -15151 163119
-8770.17 164178 24398.6 109089
28318.1 111037 34160.2 117952
30126 115785 30155.9 106846
21179.2 111796 21101.3 121928
16722 124083 21.8454 148968
29.6378 144038 -15584 149121
-17681.3 152194 -13024.4 154940
-10012.5 145477 4253.1 141489
-1401.93 134647 -7809.48 143123
