-3823.13 132479 -5359.48 147459
4919.9 140679 1305.36 143611
1234.11 142115 25220.3 100216
9775.66 106321 1386.62 132962
3244.54 136820 -9181.03 171485
435.954 171565 4364.56 136474
-4725.93 140394 -709.524 152995
-274.264 152819 3046.4 157098
3018.57 156617 19258.5 123447
9197.91 123259 14589.1 141734
17020.3 143934 6449.82 119147
1499.06 127681 -7541.2 149473
-10517.9 149253 24254.1 101584
14370.9 103808 1631.53 143996
1316.49 144671 4175.18 134636
-1745.91 148516 9530.82 136533
-8.21086 142077 -7383.13 134939
-10726.1 136823 -698.392 140164
-1775.96 135910 1900.92 130642
2156.95 134002 -5291.43 134926
-4757.1 138559 3086.47 131793
4103.93 134543 24442.2 101030
14418.8 103738 -11742.4 141527
-7339.71 140510 -4772.69 135986
-4700.33 140621 2862.72 160912
3953.65 160926 5260.54 152643
3587.41 152053 4433.47 146489
-4863.97 150441 1275.3 146741
1186.25 159100 29810.9 59110.5
36830.7 54806.9 48449.2 2346.48
51926.8 5650.44 44124.4 -1122.24
42853.1 3357.26 36061.5 55512.7
29963.4 59099.4 20247.5 96500.5
