-14766.9 139957 -3569.32 134730
-10621.4 135111 -14989.6 125651
-12883.4 133810 -15167.7 127104
-13027 135300 1221.87 156718
2947.32 151450 1246.36 155967
991.438 151252 10308.9 123970
-4428.71 149326 10713 119357
1019.27 119441 -6993.78 147088
1722.81 142480 15928.3 114418
3104.28 152585 -7557.9 134966
-9880.02 142714 -15577.4 145194
-7639.16 137867 -5443.94 170933
-3495.85 177784 -10751.7 134681
-12612.9 133944 -8749.02 143179
-15353.6 152853 -10949.8 128868
-5229.09 131103 -5983.84 140445
-13875.3 139020 -17295 157065
-3486.94 155673 -9089.65 135102
-4413.12 134841 4390.02 136437
1987.75 141870 -1128.08 149068
-1829.4 147198 -10589.1 142340
-9485.95 154654 -8633.25 145307
-13403.3 145917 -16033.8 115278
-17134.7 126824 -10914.2 139445
-6208.71 139577 -7837.31 156931
-4045.77 156123 11.8266 151869
-1774.85 147516 -3801.98 143130
-3653.92 149179 -4325.18 151052
1176.23 152683 -3794.19 143217
-10453.3 154629 -15273.5 140207
-15585.1 153414 11740.4 117028
755.441 133897 -9818.8 136319
-12375.8 145891 -4354.12 139107
-10309.7 133739 -20452 148852
-19426.8 143865 -12930.2 147567
-18863.5 148611 -2862.44 137188
-10797.3 133706 -2166.7 151610
-2875.8 136402 -17980.7 130774
-18561.8 127505 -9275.56 130883
-8841.41 123716 -7847.33 136279
-6922.26 137326 1684.96 131958
2454.18 137829 50.7885 146503
137.618 139617 15309.4 105954
60245.7 100310 14199.5 105931
3460.5 132568 15987.3 114710
6315.85 131074 -4417.58 143533
-4681.4 142246 -12167.6 136415
-13833 147610 -5022.04 143054
-5979.39 147102 -1424.19 154507
-1842.76 146111 -11646.7 117355
-12333.5 149497 -11123.5 157323
-10465.6 143390 521.67 133425
5418.61 148008 3482.77 140436
6683.2 129881 4431.21 139782
1117.23 142333 -174.077 152630
-7596.86 154195 -7931.93 136624
-2746.67 144470 -19046.1 147287
-15555.1 144820 -11358.3 130092
-12191 134180 -15863.4 137784
-7156.04 130074 2907.25 131076
1405.55 133761 -1851.66 136313
