-3621.64 149063 -4522.22 141400
-2836.84 138622 -9041.79 143851
-10568 145100 -7756.05 154554
-6178.65 154511 -2734.43 145281
-2752.24 143885 -10476.7 149464
-10437.7 151194 -4393.09 143640
-3828.7 143584 -10432.2 150878
-10413.2 153997 -15542.8 151285
-15659.7 142035 -10487.8 148879
-10472.2 151379 -4625.74 146278
-4702.55 141436 2252.69 138245
5389.67 132385 8565.62 125381
11778.3 116863 11920.8 115133
32174.3 109320 24632.4 103776
19989.2 101263 17952.1 100372
20905.4 89146.7 21080.2 89456.2
12498.5 108053 11707.1 117355
11353.1 118393 11353.1 118393
7410.12 128721 3814.5 135596
-1942.94 143662 3559.58 137252
4386.68 134881 8909.59 127723
15208.1 121254 8994.2 124030
3595.2 127409 -2202.32 133336
-4397.54 134857 -10080.4 139428
-14299.4 138844 -10471.1 148015
-10805.1 156902 -11214.7 147327
-17989.6 141523 -13490.1 133893
-12697.5 132715 -5960.46 138517
-4467.67 139238 3838.99 140930
4404.49 149388 -482.432 157960
1182.91 159107 -6403.52 152828
-8232.49 152608 -8046.59 143655
-1731.44 143522 -1731.44 143522
4172.95 134988 4390.02 134594
12299.3 125410 12299.3 125410
15490.8 114973 10149.7 119984
8250.58 126238 1107.21 132038
-240.869 133383 -7950.86 130028
-12015.1 130313 -4430.93 125279
-4246.14 122850 -866.484 114612
995.891 113964 1968.82 113588
11827.3 109536 18793.7 106176
23553.7 106134 29386.8 104571
35814.4 102118 30840.6 102371
25151.1 103017 15713.4 105889
15451.8 105896 12239.2 111054
11792.8 116427 6750 124638
6004.15 125098 929.099 132054
-998.954 134643 -2919.22 143520
-1901.76 145245 1531.34 154364
2728.02 154391 -2709.93 146470
-2728.86 145470 -10437.7 151695
-11111.2 152401 -11866 144194
-12916.8 138751 -5120 134881
1470.11 137762 4401.15 146868
4401.15 147382 -546.997 140262
-1502.12 139062 3756.61 135516
6278 130829 4402.27 138481
4319.89 141438 1265.28 149003
1194.04 152196 -551.45 142996
-444.583 141852 -4626.86 146853
-3648.36 152650 -4686.97 142709
-4741.52 138417 -2726.63 146926
-2674.31 149644 -3545.94 140160
-3517 139176 3518.39 135618
31501.9 109291 24891.7 104046
21369.6 103264 12912.6 106432
11703.7 117397 9290.31 122879
6381.53 130602 -2273.56 134665
-4789.38 136760 -10116 128667
-10474.5 127425 -16138.4 135057
-16052.7 137117 -13503.5 139550
-1787.1 145437 -9893.38 141471
-9430.29 138341 -10497.8 148099
-10751.7 148665 -9403.58 139163
-9424.73 138399 -18385.9 141743
-18711 142738 -12916.8 149388
-11169.1 149317 -8079.99 143591
-6862.15 134995 -10775 139396
-10478.9 144717 -6723 139325
-4321.84 132541 -4367.48 124571
-4026.84 119401 -4021.28 114646
-3937.79 106265 -4124.81 112054
-4162.65 117208 -4422.03 124667
-10148.3 127093 -7941.95 135449
-7759.39 142202 -2139.98 139065
1246.36 147975 -2606.41 139000
1471.23 135344 7567.08 128333
8259.49 126272 10770.9 119314
12288.1 110636 14173.9 105994
21370.7 106065 30212.8 104885
33956.5 102429 25886.9 106428
24453.1 106339 15685.6 105889
13696.3 106014 12037.7 113528
11212.8 118633 7440.18 126797
3329.15 127456 -1947.4 134643
-4006.81 134768 -4006.81 134768
-16917.6 134035 -7232.85 135006
-816.39 135050 6409.36 130941
13469.2 124301 6065.38 126036
2673.48 126724 1391.08 132880
1248.59 139991 -6310.01 143600
-10435.5 144711 -10483.4 148934
-10708.2 154859 -15527.3 152367
-15530.6 144878 -10423.3 139456
-6931.17 137419 -10054.8 128879
-13416.6 120002 -10930.9 129565
-10877.4 131960 -4857.29 139252
-4705.89 142823 -7609.11 137413
-12309 133846 -10620.3 125513
-11095.6 122037 -9728.63 113011
-9503.76 112021 -4075.83 119279
-3633.89 125967 -12012.9 130237
-12302.3 132121 -12814.4 141683
-12726.5 142847 -6972.36 134790
-4692.54 128703 691.989 136771
4579.27 134015 8100.3 126750
11217.2 118666 12145.7 112424
12499.6 108167 19537.3 106038
27434.3 106784 35981.4 103258
37597.7 103289 30282.9 104885
23805.3 106174 16351.3 105918
15352.8 111571 15174.7 121245
6733.3 130326 6733.3 130326
173.24 142164 -7105.94 139289
-9468.14 135505 -6207.59 140398
-4312.94 154342 -1802.68 146541
-3761.9 143531 -7806.14 136124
-8980.56 131740 -8092.23 134411
-7908.56 142905 -10816.2 149636
-11050 153325 -16544.7 146149
-15662 142266 -14933.9 133991
-14683.5 130849 -15933.6 124337
-16967.7 120220 -11724.6 124762
-11076.7 129471 -19121.8 124785
-20616.8 124101 -12483.8 123907
-7405.39 127220 -2927.01 135950
-13187.3 139463 -14139.1 141396
-2899.18 135485 -2899.18 135485
16021.8 105929 24381.9 106350
32710.8 104175 26086.2 106388
19306.8 106018 12898.2 106473
11746 116979 9001.99 124008
5167.03 131773 2016.69 136909
820.006 140830 -7835.08 140545
-9903.4 139401 -15630.8 143874
-15576.2 153325 -8594.28 147240
-8691.13 144633 -406.735 140594
-48.2859 137820 3846.78 140919
4400.04 150566 13557.2 152345
17758.4 151593 10058.4 146710
8484.35 145218 433.728 141527
-1182.63 141975 -1524.38 139031
