-4812.76 152735 -8993.92 143802
-13127.2 145962 -6062.88 141823
-1889.51 143760 1582.54 152628
1432.26 153227 -1793.78 143936
-4691.42 142547 -7884.06 135716
-9167.58 131223 -11092.3 130533
6768.92 130297 6768.92 130297
14484.5 122534 15042.2 114165
14827.3 112377 20942.1 106181
22648.6 106043 19835.6 103467
11275.1 109581 4145.12 111170
-1487.65 116298 -2952.61 122990
-967.785 126893 -867.597 134886
3761.07 140808 3959.22 141146
4394.47 152263 4435.66 145014
4977.79 140543 5.14748 147846
-479.092 149477 -2129.96 152610
-10060.4 152879 -9277.78 144045
-2825.71 143504 -270.925 152824
13609.5 124175 13609.5 124175
15812.5 114247 15058.9 121414
8291.77 128129 4843.09 133728
2466.42 138023 -1856.11 144221
-1782.64 148039 -1431.99 154545
-696.165 160625 -4686.97 167360
-5441.72 170849 -6941.19 161380
-6706.3 157813 -6708.53 157742
21593.3 154329 21593.3 154329
-4832.8 152768 -1726.98 144548
979.193 140525 4256.44 134601
15497.5 105934 8223.87 109687
2920.6 112301 -3982.32 119323
-3941.13 123186 -3718.49 133087
-4818.33 133378 -13877.5 137513
-14355.1 137535 -10466.7 143744
-10484.5 148151 -6429.12 156776
-3490.28 156099 -3990.11 164679
-3076.18 167046 -5376.04 168629
-11151.3 178919 -11576.5 169092
-11312.7 166561 -6699.63 157717
-7308.54 155524 1181.79 159198
1962.14 159358 1286.43 155840
1288.66 147316 4111.72 141126
2945.1 136845 -3626.09 131695
-3570.43 125853 -765.183 117008
-496.903 115454 3992.61 111188
8147.06 107811 12942.7 105847
18207 106012 10664 108850
5345.14 111077 -1516.59 117141
-3187.5 116436 -3611.62 125818
-3717.38 131482 -3582.68 140156
-3750.77 143137 -1678 151688
-2583.03 153167 -3056.14 143486
-3527.02 141409 -1769.29 148540
-1647.95 151893 -10440 153663
-11791.4 156219 -10501.2 146327
-9937.91 140138 -10466.7 149464
-9687.44 154741 -2902.52 152679
693.102 152648 -796.353 143954
-240.869 140652 1265.28 149355
669.725 158341 -610.449 155845
-14364 147251 -14185.9 147581
-4477.69 139174 -4477.69 139174
4505.79 111148 4505.79 111148
9360.44 122625 9360.44 122625
13709.7 106023 21390.7 101441
-2997.14 149059 -2997.14 149059
21693.5 101619 24878.4 94231.8
30240.6 94182.8 31389.5 86539.6
37011.1 85261.7 45151.9 84195.2
45605 78143.9 38828.9 84936.6
36677.1 85230.5 30398.7 92045.5
29491.5 94209.5 22904.7 101712
21640.1 102879 14270.7 105952
11305.2 109536 15145.7 118695
15645.5 120243 9838 120864
7167.44 126835 11613.5 133730
12611 137813 2853.81 139623
4411.17 150969 3319.13 160850
1954.35 160823 -4194.94 154293
-6397.95 154427 -8638.81 145595
-8717.85 143829 -13861.9 139477
