2921.72 142357 15527.5 105887
12495.2 108009 -6897.94 134883
5932.91 131813 20056 106007
10422.4 109362 -12477.2 135901
-4438.73 141850 3076.45 136645
734.29 140968 665.272 141776
2148.05 138653 15055.5 121383
7722.93 128665 -15036.3 155188
-14161.4 155193 4460.15 149747
2223.74 138704 -1659.08 137531
3739.92 129139 15332.7 116068
12990.6 124727 -5566.77 133807
561.745 141507 15408.4 120808
3969.23 135324 -7831.74 146706
-7833.97 143647 -15856.8 140345
-15669.8 142729 -22175.6 154791
-12168.8 155083 -4322.95 152663
-4304.03 153231 -1688.02 151532
-1152.58 154683 9253.57 137638
-945.521 139677 -4375.27 143578
-6910.02 143622 -712.863 151835
-0.418499 151530 3231.19 154376
3097.6 152741 15401.7 105891
9939.3 106303 -16787.9 143854
-8470.72 133002 -20459.5 146313
-10317.5 144715 20107 125864
10002.8 119993 2549.91 132483
3793.35 134147 2867.17 137370
3661.99 135937 20464.7 122913
11793.9 117673 2435.25 138130
15063.3 121512 -8152.34 159314
-530.299 158045 1075.43 139681
-628.26 156727 -5024.27 169602
3067.55 167489 23682.8 107490
23818.6 107347 -8414.35 146537
1302.02 148115 -474.64 150150
-1041.26 150401 -6139.13 135654
-3334.44 145408 -4324.79 160905
4454.59 153970 1271.96 145414
1254.15 154164 4216.36 155985
1930.97 154355 4168.5 135010
10935.6 126290 9988.28 120361
6945.92 124618 -9082.98 152891
-11307.1 155248 -8715.02 159657
-1738.12 148700 -165.171 140866
2002.22 143081 15361.7 118880
7000.46 129830 -5035.4 147060
-6372.35 144301 7542.59 149780
6708.81 152677 10037.6 138020
48.5621 137553 -8054.05 141034
-1207.12 149083 22300.5 121405
12438.4 125497 -5911.48 137386
-7602.43 137393 -13485.7 154712
