6617.53 150929 -14649 129879
-14931.7 134612 -11163.5 125635
-9035.11 131729 -1799.34 144125
3238.98 140078 4450.13 145034
5912.87 140732 -5321.49 140095
-4688.08 128316 -3126.27 123936
-11671.2 138334 -2294.71 143488
9941.53 126998 11756 117638
7020.5 119236 -2823.48 124010
4720.64 130765 15003.2 118012
2799.27 119252 -4744.86 131005
-4070.26 119009 -4152.64 117549
-4052.45 120007 -14851.6 153296
-6600.55 152879 -6318.91 139318
-4705.89 142631 -4062.47 162070
-16003.7 137811 1320.94 155854
843.383 153095 -15415.9 143090
-14274.9 137546 -4641.33 134841
491.614 129605 6139.96 127000
4809.7 130054 -1981.91 142725
-2573.01 143428 -10398.8 151833
-9819.91 139459 -10809.5 134082
-10593.6 141959 -14886.1 136978
-15095.3 141126 -13249.7 122669
-10783.9 137399 -14034.5 142700
-2991.57 134705 11673.7 116079
698.668 147650 4974.45 119252
158.768 118718 -14323.9 140133
-15886.8 139568 -13442.2 146552
-12755.4 152899 -3578.23 152808
-4337.43 150217 14509 105985
24858.3 106439 63831.3 100450
62749.3 110268 62226.1 116919
63438.3 104869 68993.2 99884.6
71236.3 104375 70221 106824
