-7899.65 136224 -14595.5 152810
-15597.4 144003 -18215.6 128752
-14067.9 144188 -13039.3 139461
-14434.1 139697 -10444.4 149273
-2802.33 142927 -13013.7 139452
-15591.8 148643 2091.27 144789
-5061 139189 -11591 135300
-13032.6 139450 -16142.9 115387
-10731.6 136749 -2181.17 143473
-2621.99 151742 -15562.9 140490
-15559.5 148257 -9064.05 139432
1888.67 146999 -13333.2 139566
-15210 137593 -487.998 143257
1084.95 148725 -5162.3 152793
-1710.29 152590 -7000.19 158390
-8451.79 155694 -1056.84 148585
-3434.62 147008 -10273 145483
-6344.52 143633 2246.01 137143
-9396.9 144125 -9760.91 154658
-14851.6 147280 -4672.5 143397
-10514.5 147610 15537.6 118651
4380 150266 -10562.4 136947
-4813.87 134837 -4458.76 139205
-10558 145160 -9541.61 135037
-10476.7 146750 -7762.73 137439
-4626.86 143460 -4718.14 131706
-9411.37 142985 -8441.78 133256
-10425.5 150849 -16688.3 140245
-3599.38 143088 -12796.6 151383
-11057.8 144697 -3560.42 127376
1792.94 138446 -4283.99 152209
-7300.75 154496 -14984 163829
-10775 154979 -7666.99 143896
-5304.79 149707 -1915.11 118208
-5412.77 139608 -4680.29 143001
-3788.62 130146 71129.4 100192
62002.3 89376.1 74962.1 100935
77113.9 91413.2 75826 101479
