3.29775e+07 1.11528e+07 3.29745e+07 1.11529e+07
3.29781e+07 1.11506e+07 3.2992e+07 1.11408e+07
3.29895e+07 1.11449e+07 3.29884e+07 1.11459e+07
3.29895e+07 1.11432e+07 3.29898e+07 1.11425e+07
3.29922e+07 1.1141e+07 3.29913e+07 1.11393e+07
3.29937e+07 1.11363e+07 3.29881e+07 1.11459e+07
3.29872e+07 1.11412e+07 3.29877e+07 1.11407e+07
3.29887e+07 1.11381e+07 3.29887e+07 1.1138e+07
3.29887e+07 1.11353e+07 3.29893e+07 1.11367e+07
3.29898e+07 1.11337e+07 3.29921e+07 1.11358e+07
3.2992e+07 1.11435e+07 3.29914e+07 1.11436e+07
3.2992e+07 1.11416e+07 3.29937e+07 1.11405e+07
3.29953e+07 1.11336e+07 3.29953e+07 1.11323e+07
3.29957e+07 1.11349e+07 3.30013e+07 1.11436e+07
3.30008e+07 1.11503e+07 3.30005e+07 1.11513e+07
3.30026e+07 1.11526e+07 3.30013e+07 1.11526e+07
3.30003e+07 1.11537e+07 3.29992e+07 1.11542e+07
3.29993e+07 1.11562e+07 3.29989e+07 1.11571e+07
3.30012e+07 1.11555e+07 3.30014e+07 1.11494e+07
3.30008e+07 1.1142e+07 3.30001e+07 1.11411e+07
3.30008e+07 1.11463e+07 3.30006e+07 1.11455e+07
3.30025e+07 1.11444e+07 3.30026e+07 1.11443e+07
3.30034e+07 1.1147e+07 3.30012e+07 1.11422e+07
3.29982e+07 1.1148e+07 3.29964e+07 1.11519e+07
3.29964e+07 1.11486e+07 3.29982e+07 1.11471e+07
3.30013e+07 1.11512e+07 3.30006e+07 1.1156e+07
3.29977e+07 1.115e+07 3.29978e+07 1.11499e+07
3.29963e+07 1.11455e+07 3.29963e+07 1.11436e+07
3.29976e+07 1.11418e+07 3.29972e+07 1.11417e+07
3.30021e+07 1.11439e+07 3.29992e+07 1.114e+07
3.29922e+07 1.11404e+07 3.29877e+07 1.11392e+07
3.29953e+07 1.11344e+07 3.29962e+07 1.11316e+07
3.30051e+07 1.11314e+07 3.30159e+07 1.11144e+07
3.30017e+07 1.11412e+07 3.29998e+07 1.11414e+07
3.301e+07 1.11269e+07 3.30116e+07 1.1116e+07
3.30089e+07 1.11194e+07 3.29963e+07 1.11304e+07
3.29954e+07 1.11173e+07 3.29956e+07 1.11173e+07
3.29957e+07 1.11212e+07 3.3002e+07 1.11419e+07
3.30017e+07 1.11382e+07 3.30018e+07 1.11383e+07
3.30018e+07 1.11383e+07 3.30018e+07 1.11383e+07
3.30018e+07 1.11383e+07 3.30018e+07 1.11383e+07
3.30018e+07 1.11383e+07 3.30018e+07 1.11383e+07
3.30018e+07 1.11383e+07 3.30018e+07 1.11383e+07
3.30018e+07 1.11383e+07 3.30018e+07 1.11383e+07
3.30018e+07 1.11383e+07 3.30018e+07 1.11383e+07
3.30018e+07 1.11383e+07 3.3e+07 1.11385e+07
3.29981e+07 1.11455e+07 3.29974e+07 1.11484e+07
3.30002e+07 1.1147e+07 3.30019e+07 1.1147e+07
3.30026e+07 1.11476e+07 3.30008e+07 1.11482e+07
3.29981e+07 1.11455e+07 3.2998e+07 1.11481e+07
3.30011e+07 1.11371e+07 3.30013e+07 1.11335e+07
3.29987e+07 1.11407e+07 3.29967e+07 1.11418e+07
3.29989e+07 1.11431e+07 3.29983e+07 1.11476e+07
3.29973e+07 1.1144e+07 3.29959e+07 1.11377e+07
3.29972e+07 1.11352e+07 3.29978e+07 1.11359e+07
3.29952e+07 1.11361e+07 3.29938e+07 1.11383e+07
3.29914e+07 1.11394e+07 3.29892e+07 1.11492e+07
3.29863e+07 1.11445e+07 3.29884e+07 1.1146e+07
3.29892e+07 1.11331e+07 3.2989e+07 1.11305e+07
3.29882e+07 1.1137e+07 3.29917e+07 1.11408e+07
3.29898e+07 1.11573e+07 3.29845e+07 1.11473e+07
3.29836e+07 1.11481e+07 3.29867e+07 1.11482e+07
3.2982e+07 1.11428e+07 3.29818e+07 1.11428e+07
3.29816e+07 1.11428e+07 3.2984e+07 1.11448e+07
3.29894e+07 1.11665e+07 3.29904e+07 1.1161e+07
3.29899e+07 1.11584e+07 3.29917e+07 1.11569e+07
3.29927e+07 1.11547e+07 3.2988e+07 1.11539e+07
3.29974e+07 1.11532e+07 3.29984e+07 1.11537e+07
3.29986e+07 1.11559e+07 3.29957e+07 1.11522e+07
3.29994e+07 1.1158e+07 3.30001e+07 1.11584e+07
3.29978e+07 1.11526e+07 3.2997e+07 1.11454e+07
3.30044e+07 1.1147e+07 3.30024e+07 1.1139e+07
3.29869e+07 1.11353e+07 3.29813e+07 1.11309e+07
3.29832e+07 1.11354e+07 3.2977e+07 1.11219e+07
3.29894e+07 1.11463e+07 3.29896e+07 1.11463e+07
3.29892e+07 1.11502e+07 3.29953e+07 1.11416e+07
3.29846e+07 1.11402e+07 3.29851e+07 1.11418e+07
3.29882e+07 1.11324e+07 3.29882e+07 1.11323e+07
3.29877e+07 1.11338e+07 3.29877e+07 1.11338e+07
3.29896e+07 1.11528e+07 3.29967e+07 1.11581e+07
3.29972e+07 1.11534e+07 3.29975e+07 1.11484e+07
3.29969e+07 1.11537e+07 3.29962e+07 1.1143e+07
3.29873e+07 1.1146e+07 3.29895e+07 1.11501e+07
3.29958e+07 1.11527e+07 3.29977e+07 1.11527e+07
3.29978e+07 1.1148e+07 3.29998e+07 1.11496e+07
3.29982e+07 1.11499e+07 3.29984e+07 1.11532e+07
3.29964e+07 1.11541e+07 3.29843e+07 1.11558e+07
3.29844e+07 1.1151e+07 3.29935e+07 1.11393e+07
3.29888e+07 1.11258e+07 3.29874e+07 1.11246e+07
3.2989e+07 1.11305e+07 3.29887e+07 1.11347e+07
3.29881e+07 1.11352e+07 3.29897e+07 1.11334e+07
3.29971e+07 1.11348e+07 3.29971e+07 1.11343e+07
3.29905e+07 1.11324e+07 3.30032e+07 1.11319e+07
3.30046e+07 1.11385e+07 3.30059e+07 1.11396e+07
3.30041e+07 1.11417e+07 3.30012e+07 1.11436e+07
3.30023e+07 1.11477e+07 3.30015e+07 1.1147e+07
3.29967e+07 1.11359e+07 3.29968e+07 1.11351e+07
3.29963e+07 1.11391e+07 3.29945e+07 1.11378e+07
3.29952e+07 1.11377e+07 3.29928e+07 1.11404e+07
3.29919e+07 1.11511e+07 3.29931e+07 1.11531e+07
3.29924e+07 1.1153e+07 3.30021e+07 1.11478e+07
3.29987e+07 1.11359e+07 3.30007e+07 1.1156e+07
3.30029e+07 1.11374e+07 3.30064e+07 1.1127e+07
3.29984e+07 1.11346e+07 3.29969e+07 1.11347e+07
3.29972e+07 1.11325e+07 3.29971e+07 1.11334e+07
3.29812e+07 1.11546e+07 3.29865e+07 1.11547e+07
3.29871e+07 1.11529e+07 3.29883e+07 1.11493e+07
3.29862e+07 1.11462e+07 3.2988e+07 1.11461e+07
3.29892e+07 1.11405e+07 3.29926e+07 1.1135e+07
3.29963e+07 1.11442e+07 3.30003e+07 1.11371e+07
3.30018e+07 1.11385e+07 3.30018e+07 1.11389e+07
3.3e+07 1.11398e+07 3.30027e+07 1.11464e+07
3.30047e+07 1.11456e+07 3.30046e+07 1.11456e+07
3.30046e+07 1.11456e+07 3.30046e+07 1.11455e+07
3.30045e+07 1.11453e+07 3.3002e+07 1.11439e+07
3.3002e+07 1.11421e+07 3.30007e+07 1.11431e+07
3.29999e+07 1.11414e+07 3.29983e+07 1.11418e+07
3.29963e+07 1.11435e+07 3.2996e+07 1.11444e+07
3.29964e+07 1.11487e+07 3.29963e+07 1.11522e+07
3.29954e+07 1.11484e+07 3.29899e+07 1.11493e+07
3.29938e+07 1.11394e+07 3.29945e+07 1.11388e+07
3.29905e+07 1.11394e+07 3.29903e+07 1.11394e+07
3.29861e+07 1.11459e+07 3.29861e+07 1.11463e+07
