74092.7 99911.3 12163.5 112021
8462.09 125653 -7218.37 160957
-8433.98 157114 -5573.07 139234
-5960.46 140015 -13007 166627
-11347.2 165574 -7628.03 158786
-10416.6 156486 -5990.77 140781
-10575.8 147316 -179.643 140271
-2614.2 153015 4615.02 138811
-5284.75 138141 7375.61 152712
-5025.38 139220 1166.21 152599
-6957.89 152868 -13482.3 141774
-11900.5 140634 -21450.6 144058
-16463.5 155175 5778.18 149003
2600 137874 15979.5 114737
-3732.96 143540 -2931.46 134567
2423.01 135792 -1279.48 149135
-16042.7 135554 -6180.88 143582
-6573.83 143800 -1616.78 152042
-2392.67 143442 -4727.04 147073
-4754.87 139352 -1723.79 126715
-9480.39 133824 -11677.8 143593
-13206.2 146476 -14917.1 167734
-3472.47 161930 -3147.42 133846
-13662.7 135344 -1188.2 139445
-3118.48 132432 15940.5 114403
5356.28 132831 -1297.29 146982
-10219.5 147273 -7359.75 162760
-6235.42 143618 -5892.56 140449
-5137.81 140596 10953.4 123008
-7082.56 143633 -7858.46 147182
-3751.89 145459 22795.6 106096
37559.9 99684.2 73921.3 99837.9
66191.3 93648.5 59695.8 73007.6
68487.8 99829 15928.3 114726
