73450.4 99593 67741.9 87196.4
67740.8 87198.6 51819.9 98045.6
35905.7 100553 12454 108639
8113.66 126681 3070.89 156767
4293.17 141997 15911.6 119846
4403.38 134834 -10067 150640
-15719.8 152813 -18014.1 141480
678.63 141975 18.5058 152387
2378.48 147712 15774.7 116903
4401.15 137301 -6196.46 139546
-8137.87 143631 -8334.91 156925
-7156.04 159205 -5421.68 137653
1871.98 147941 6885.81 129631
-233.076 141447 -1285.05 161024
-8889.28 158229 648.574 141903
208.862 148119 4377.78 157406
2192.58 159743 -6029.48 146474
-8224.7 147211 6902.5 129585
-518223 2.19829e+06 6902.5 129587
3116.53 152610 13527.1 154075
-5301.45 141652 3186.66 147596
3061.98 152599 -17536.6 136181
-21645.4 148905 4426.76 153249
4363.31 136629 26183 106357
40149.2 99094.2 73129.8 105315
48815.4 98114.6 11164.9 118727
4214.14 134761 5623.44 163196
4386.68 142438 5656.84 131844
-295.415 141585 -11563.2 141612
1856.39 139174 15952.8 114744
3261.24 152666 -12612.9 139510
-14671.2 155199 -3579.34 154284
-750.712 143486 36284.2 100368
56233.7 98542.1 67738.6 87205.3
67737.5 87205.3 12556.4 107739
8358.56 125962 -8075.53 139350
-17585.6 132045 -16191.8 158483
62131.4 100884 67729.7 87227.6
72289.3 96175.4 70853.3 93929
73387 99793.3 73636.3 89641
67769.8 87198.6 67729.7 87223.1
