3983.71 137831 4047.16 137934
3635.28 138702 3505.03 139523
3242.32 139982 2959.57 139670
2937.3 139748 4132.87 141560
4372.21 142609 4367.76 149515
4450.13 149489 7879.89 149288
7891.02 149883 7879.89 149319
7862.08 150234 7848.72 150746
7767.46 150767 3633.05 151058
3267.92 151029 3086.47 151096
3084.24 151203 3048.62 151490
2579.97 151492 1770.67 151535
1770.67 151608 1761.77 151735
1874.2 151731 1873.09 151993
1785.15 151998 1776.24 151523
2641.19 151515 2633.4 151615
2881.64 151490 2833.78 152238
2716.89 152147 2546.57 152376
2485.35 152131 2310.57 152632
2290.54 152632 1511.3 152655
1534.68 152710 1412.23 152922
1408.89 152750 1512.41 152160
1529.11 152370 1711.68 152955
1534.68 153256 1373.26 153151
1373.26 153167 1292 153371
1238.57 152810 1349.89 152565
815.553 152610 -1504.34 152603
-1273.91 152661 -1223.82 153151
-1201.56 153144 -993.388 153071
-995.615 152988 -984.483 152650
-742.92 152626 -669.449 152761
4611.55 152726 4551.44 152944
4509.13 152933 4434.55 142495
4890.96 142507 4951.07 142451
4941.05 142195 5163.69 142146
5001.17 142186 4934.37 141990
4945.51 142380 4929.92 142469
4420.08 142487 4160.7 141701
4364.42 152398 4082.78 152637
3125.43 152594 3078.68 151468
2942.87 151470 1322.06 151486
1299.79 151247 1261.94 142832
-1463.16 139134 -1696.93 139018
-2969.31 139069 -10643.7 139174
-10674.8 137571 -10810.7 137366
-10794 137337 -10766.1 137219
-10752.8 137426 -10797.3 141551
-10858.5 141567 -14084.6 141839
-14120.2 141908 -13903.1 145782
-15016.3 145501 -15745.4 144896
-15598.5 146182 -15609.6 153084
-15797.8 153066 -15798.9 152862
-14874.9 152844 -13499 152922
-13499 153093 -13457.8 152866
-12474.9 152928 -11682.3 152873
-11448.5 152926 -10500.1 152984
-10388.8 154273 -10326.4 154209
-10340.9 154050 -10526.8 145000
-10443.3 144205 -10589.1 139603
-10376.5 139470 -8323.78 139463
-8287.04 139597 -8108.93 140743
-7945.29 140772 -7961.99 141578
-8303.74 141607 -8529.72 142184
-8756.81 142106 -8851.43 141551
-9264.43 141594 -9116.37 141707
-9055.15 141661 -8986.13 141618
-8813.58 141418 -7778.31 141649
-7772.75 141930 -7702.61 141986
-7705.95 142175 -7560.13 143500
-6535.99 143477 -2790.08 143348
-2790.08 143411 -2728.86 144557
-2448.33 144566 -2261.32 144606
-2278.02 144735 -2279.13 144591
-2409.37 145169 -2398.24 145390
-2117.72 145392 1303.13 145270
1316.49 145223 1403.32 143497
1434.49 143475 2015.58 143077
2001.11 142362 1918.73 141378
1774.01 141149 1234.11 142108
1156.19 142072 896.817 141716
796.629 141894 694.215 141734
772.139 141456 626.31 141772
438.18 141523 331.314 141307
432.614 141137 449.312 141233
-77.2289 142208 -600.431 143085
-516.941 143221 22.9586 144061
17.3926 144479 41.8829 152637
1191.81 152672 1197.38 155927
1061.57 155921 893.477 155883
894.59 155722 874.553 155121
631.876 155104 615.178 154743
22.9586 154725 9.60025 154752
54.1281 154741 187.711 154732
26.2982 154721 -554484 2.20578e+06
11.8266 154669 -225.284 154665
14.053 154685 620.744 154741
631.876 154854 579.556 155104
496.066 155104 627.423 155175
620.744 155927 -611.563 155872
-650.524 155052 -1157.03 154603
-1296.18 154291 -3386.76 154246
-2813.46 153445 -1600.08 153423
-1583.38 153507 -1468.72 154520
-1342.93 154598 -730.674 154981
-697.279 155159 -469.074 159423
-578.167 159846 -798.579 160943
-878.729 161030 -3648.36 160926
-3951.15 160654 -3990.11 160487
-5512.96 160574 -5741.16 158183
-5799.05 158187 -6099.61 158220
-6107.41 158180 -6108.52 157582
-5915.94 157568 -4980.85 157212
-4318.5 157152 -3652.81 157203
-3503.64 157346 -3427.95 157314
-3466.91 156606 -3458 156128
-3294.36 156061 -2551.86 155954
-2500.65 155872 -2613.09 154402
-2640.92 154391 -3416.81 154309
-3411.25 154280 -2787.86 153440
-2717.73 153445 -1588.95 153463
-1587.83 153496 -1465.38 154514
-1452.02 154529 -737.354 154981
-709.524 155108 -756.278 156199
-776.315 156168 -756.278 155938
-619.355 155954 -644.958 156210
-658.317 156110 -708.41 154807
-820.843 154507 -767.41 153935
-675.015 153801 4685.02 152726
4706.17 152626 4447.91 152120
3598.54 140516 -622.694 134883
-608.223 134460 1161.76 126510
2524.31 124573 3501.69 122447
3704.29 108701 3938.07 106174
4013.76 106239 3889.08 106386
3039.72 105945 2672.36 105862
-4201.62 106306 -1919.57 105918
2858.27 105894 4578.15 106597
5321.77 106368 11570.1 104720
13075.2 104736 13937.9 104703
14477.8 105039 15104.5 106049
15084.5 106190 14958.7 106145
14981 106005 19921.3 106052
24368.5 106334 25624.2 106452
26296.6 106290 27869.5 104308
30705.9 104954 30786.1 103808
30689.3 103767 30429.9 103600
30426.5 103736 30800.6 103852
30799.5 103946 30678.1 104903
30619.1 104792 30448.8 104894
27944.1 104237 27513.3 104549
26108.5 106368 24838.3 106417
18797 105974 15405.1 105874
13340.1 105967 13110.8 105689
13058.5 105738 12370.5 109411
11600.2 117818 10807.6 119221
10091.8 120031 5800.44 119154
5672.42 119248 3841.22 119109
3195.56 119187 3303.54 123121
3108.73 123117 3325.81 123133
3813.39 126265 3896.88 127358
3449.37 127425 3267.92 123095
1155.08 123273 -653.864 123072
-664.996 123482 -466.847 123823
-647.185 124206 -915.465 124252
-917.691 124439 -1449.8 124368
-1482.08 124041 -1710.29 123600
-2433.86 123021 -2723.29 123044
-2723.29 123217 -2760.03 123930
-3102.89 123907 -3085.08 124502
-3096.21 124235 -3132.95 123849
-3722.94 123861 -4171.56 132517
-3691.77 132512 -3614.96 138933
-3502.53 138866 -3453.55 139091
-3283.23 139085 -1541.08 139091
-1426.42 139185 1256.38 143488
1258.6 143504 2346.2 142903
2369.57 143059 2591.1 143909
2719.12 145641 2722.46 146260
2447.5 146648 2388.5 146583
2401.86 146681 2341.74 146592
2433.03 146588 2549.91 146982
3069.77 146993 4444.57 146939
4453.47 146881 4299.85 142030
3952.54 141084 -617.128 134981
-630.487 134594 390.313 130542
587.348 130497 907.949 130529
938.005 130428 2191.46 130342
2197.03 130279 2126.9 129222
2079.03 129228 2006.67 129182
2023.37 129099 2514.29 129117
2503.16 129645 1982.18 129705
2221.52 129718 2165.86 130342
1965.48 130319 1868.64 131141
1433.38 131170 1373.26 132034
1125.02 132049 830.025 132165
787.723 132869 293.465 132989
87.5239 133134 -205.246 133278
-299.868 133548 -335.49 133659
-279.83 133501 -177.416 133236
364.709 132944 1384.4 132955
1388.85 133073 1423.36 134487
1286.43 134603 763.233 134772
571.764 136380 -274.264 138334
-218.605 138383 -136.228 138802
-138.455 139089 -79.4553 139147
-85.0213 139100 187.711 139074
286.786 139225 -158.492 139980
-152.926 139942 -338.83 139456
-342.169 139470 -418.98 140403
-1426.42 139080 -1216.03 138724
-1301.74 138911 -1424.19 139118
-1983.02 139002 -2835.73 138984
-2843.52 138439 -2762.26 138328
-2629.78 138361 -2373.75 138332
-2398.24 137744 -2846.86 137738
-2856.88 137686 -2915.88 136796
-2986.01 136809 -3283.23 136785
-3285.46 136707 -3589.36 136718
-3463.57 136707 -3308.83 136696
-3307.72 136302 -3303.27 135407
-3207.53 135240 -3191.95 134803
-2993.8 134803 -3007.16 134661
-3758.56 134737 -7143.79 134895
-7143.79 134781 -7107.05 134358
-7193.88 134538 -7383.13 134725
-7610.22 134416 -7777.2 134365
-7805.03 132895 -7758.27 132811
-7090.36 132757 -4580.1 132546
-4541.14 132428 -4316.28 132267
-4312.94 132361 -4281.77 132535
-4182.69 132528 -4218.31 133214
-3775.26 133125 -3680.64 133318
-3147.42 133692 -2929.23 133730
-2934.8 134432 -2943.71 134570
-1785.98 134792 -1739.23 135957
-1560 135908 -1429.76 135841
-1431.99 135941 -1437.55 136130
-1344.04 136057 -1368.54 136135
-1415.29 136112 -1326.23 136197
-1666.87 137241 -2123.28 137310
-2433.86 137232 -2860.22 137203
-2876.91 136676 -2991.57 134665
-3216.44 134670 -3129.61 133686
-3007.16 133703 -2915.88 133686
-2913.65 134249 -2891.39 134770
-2780.07 134765 -1366.31 134759
-1059.07 135104 -1073.54 135529
-2039.79 138466 -2114.38 139167
-2370.41 139140 -1543.31 139134
-1374.1 139285 1191.81 142685
1247.47 148484 1255.27 150947
1372.15 151134 1202.95 152020
1206.28 152171 1180.68 152577
799.969 152599 -3897.71 152666
-3945.58 152599 -4071.37 152532
-4120.35 152343 -4001.24 152737
-4227.22 152294 -3887.7 152614
-3917.75 152488 -3622.75 152214
-3626.09 153149 -3795.3 153144
-3826.47 152971 -3809.77 152737
-2656.5 152677 521.67 152688
618.518 152744 683.083 152870
2853.81 152750 3002.98 152766
2819.3 152695 2748.06 153089
2568.84 152383 2672.36 152336
2735.81 151909 6329.21 150929
6000.82 150974 5262.77 150969
5249.41 150873 4384.46 151112
4342.15 152194 4089.46 152594
3581.84 151891 3236.75 152606
3212.26 152617 3156.6 152759
3375.9 152717 4122.86 152788
4214.14 152895 4442.34 153783
4362.19 154091 4366.65 157459
-10591.4 145143 4381.12 157548
4383.34 159730 4043.82 163308
3844.56 163359 2680.15 163742
2703.53 163791 2939.53 164414
2930.62 164503 3008.55 164376
2856.04 164036 2603.34 163642
2390.72 163557 1739.51 163203
1128.36 162313 994.778 162034
1072.7 161921 1221.87 161415
1219.64 159806 1316.49 155999
1594.79 156012 4381.12 156090
4369.98 156769 4323.23 158005
3125.43 157953 3045.28 157949
3036.38 157938 2975.15 155999
2798.15 155967 2549.91 156021
3006.32 156021 3070.89 151526
3075.34 151909 2833.78 151982
2831.55 152154 2822.64 152298
2702.42 152309 2575.51 152260
2577.74 152280 2475.33 152303
2474.21 152214 2190.35 152254
2173.65 151920 2847.13 151871
2844.91 151793 2869.4 151479
1651.56 151486 1323.17 151448
1303.13 150539 1110.55 149310
702.007 149297 696.442 149159
681.97 149299 579.556 149319
1303.13 149259 1264.17 142836
-958.879 139681 520.557 136473
504.972 136440 -589.299 135073
-622.694 134881 1139.49 126539
2505.38 124591 3566.26 122149
3527.3 111989 3609.67 111282
3755.5 111210 8140.38 110620
8285.09 110743 8533.33 110460
11294.1 109581 12403.9 109402
12698.9 107154 13055.1 106190
13249.9 106116 15271.5 105945
17951 106001 24407.5 106268
24376.3 105404 24221.6 105428
24209.3 105622 24175.9 105733
24299.5 105793 24238.3 105406
24390.8 105422 24446.5 106350
24939.6 106446 26277.7 106308
26656.1 105952 27894 104202
27424.3 102768 28175.7 102567
28162.3 102677 28255.8 102995
28259.1 102739 28309.2 102545
29524.9 102456 30832.9 102389
30810.6 103819 30660.3 103774
30799.5 103841 30719.1 104849
30643.6 104798 30544.5 104921
27777.1 104331 26266.5 106297
25832.4 106430 18054.5 105974
13344.6 105996 13117.5 105700
13066.3 105744 12531.9 107844
12019.9 113759 11702.6 117411
11508.9 118123 10739.7 119321
10150.8 119978 10088.5 120053
7941.11 119163 3969.23 119230
3950.31 119187 3899.1 119121
3210.04 119192 3259.02 123137
2351.76 123226 3384.81 123044
5853.87 122888 6162.23 127029
6365.94 126995 6432.73 127590
6604.17 127568 6538.49 126944
6181.15 127011 4921.02 127236
4987.81 129004 5001.17 130030
4912.11 130017 4617.11 130179
4667.21 130241 4728.43 130364
4529.17 130607 4152.91 129956
4074.99 130046 3837.88 130230
3543.99 129807 3293.53 129674
2588.87 129660 1987.75 129696
2138.03 129700 2542.12 129774
2563.27 130780 2566.61 131931
2436.37 132165 2444.16 132372
2542.12 132483 2518.74 132405
2950.66 132978 4169.61 134716
3757.73 135449 1918.73 138662
1879.77 138633 1971.05 138432
4264.23 142001 4416.74 143437
4414.51 154752 3816.73 166164
3521.73 166843 1751.75 169063
-16.0032 169571 -5439.49 169459
-5607.58 169553 -5383.83 173687
-5325.94 175646 -3704.02 175660
-3700.68 176025 -3422.38 178187
-3508.1 178176 -4265.07 178291
-4262.84 178443 -4268.41 178803
-4432.05 178799 -5451.73 178819
-5450.62 178587 -5730.03 178574
-5784.58 177664 -6116.31 176904
-6121.88 176294 -6105.18 176165
-5902.58 176161 -5301.45 176083
-5301.45 175909 -5284.75 175713
-3808.66 175631 -3700.68 175664
-3691.77 176127 -3472.47 177579
-3919.98 177586 -3463.57 177619
-3402.34 178318 -3730.73 175571
-3778.6 175571 -5278.08 175635
-5281.42 175241 -5264.72 173754
-5227.98 173761 -5373.81 173776
-5344.87 174970 -5298.11 175680
-5212.4 175693 -3706.24 175664
-3697.34 175909 -3576 176165
-3007.16 175983 -1967.43 175805
-1964.09 175593 -1949.62 175865
-837.541 175713 -546.997 175571
-686.147 175582 -856.465 173609
-1875.04 171808 -3611.62 170548
-3845.39 170192 -4070.26 169646
-3887.7 169653 -3934.45 169413
-4212.75 169174 -4337.43 169330
-4783.82 168640 -4917.4 168466
-4797.18 167798 -4699.21 167409
-4422.03 167382 -3999.01 167366
-834912 2.69927e+06 -3936.68 167320
-3948.92 166866 -3962.28 164681
-3708.47 165004 -3350.02 165378
-3352.25 164889 -3352.25 164127
-3338.89 164132 -3118.48 163924
-3136.29 163548 -3124.04 161015
-3091.76 160997 -826.409 161037
-708.41 160899 -492.451 159808
125.373 159808 648.574 159717
655.253 159601 702.007 158009
1253.04 157938 1266.4 142863
1155.08 142531 659.706 141783
646.348 141429 6275.77 131199
8062.45 128347 13957.9 123711
15067.8 121518 -2850.2 138107
15616.6 119782 15483 114968
15552 114899 15878.2 114779
15872.6 114405 15741.3 114156
15652.2 114223 15240.3 114405
15238.1 114610 15237 114917
15175.8 114924 15431.8 118698
15351.7 118742 12421.7 118034
11692.6 117627 10787.6 119252
10095.1 120045 3693.16 119109
3190 119192 3293.53 123144
1156.19 123273 189.938 123248
488.274 123271 2375.14 123222
5787.08 130161 6197.85 130473
6201.19 130520 6276.89 130642
6204.53 130520 6293.59 130740
6153.32 131003 4172.95 134616
3716.54 133964 3761.07 133280
4044.93 133414 3782.22 134149
26.2982 152565 100.882 151548
134.278 151546 -1488.76 151564
-1493.21 151323 -1588.95 151063
-1671.32 151047 -1741.46 145526
-1719.19 145501 -1549.99 145474
-1554.44 145546 -1587.83 147004
-1613.44 146995 -1880.6 147015
-1882.83 147028 -1749.25 147133
-1657.97 147060 -1521.04 147082
-1521.04 147549 -1404.16 148520
-1298.4 148542 -1071.31 148585
-1075.76 149086 -1103.59 149549
-1184.86 149482 -1118.07 149542
-781.881 149497 -689.486 149976
-485.771 149978 -385.584 151546
-40.4935 151541 8.48706 152621
-7361.98 152655 1364.36 152717
1372.15 152770 1308.7 152939
1247.47 143522 615.178 143798
657.48 143934 648.574 144056
637.442 143916 1333.19 143126
1295.34 142809 1581.43 142740
1589.22 142384 1573.64 142050
1375.49 141879 1044.87 142331
744.309 141939 -1472.06 139114
-1683.57 139022 -10421 139381
-10576.9 139247 -10633.7 137827
-10535.7 137809 -10271.9 137833
-10415.5 137838 -10665.9 137767
-10671.5 137571 -10680.4 136380
-10574.7 136380 -8975 136313
-8968.32 136914 -8924.9 137381
-8946.05 136907 -8949.39 135106
-8195.76 135115 -1527.72 134705
-887.635 135193 -656.09 134899
-335.49 133557 403.671 130535
668.612 130513 919.08 130520
939.118 130420 1412.23 130279
1406.66 129712 3120.98 129752
3125.43 129812 3115.41 131778
2568.84 131878 1973.28 132958
2004.45 133530 2207.05 133902
2134.69 134035 1759.54 134883
2074.58 135300 3329.15 136947
30449.9 103592 30418.7 103734
30647 103770 30805 103963
30789.4 103990 30647 104821
30619.1 104794 30446.6 104903
27966.4 104237 27541.1 104527
26091.8 106386 20052.7 106027
15463 105896 13311.2 105967
13206.5 105729 13025.1 105829
13006.2 105940 12368.3 109389
11596.8 117896 10841 119221
10091.8 120049 7874.32 119165
5774.84 119192 3176.64 119214
3287.96 123126 145.41 123251
-648.298 123088 -592.638 123629
-459.055 123723 -678.354 124230
-791.9 124228 -921.031 124250
-926.597 124451 -1454.25 124373
-1466.5 124106 -1841.64 123493
-2495.09 123015 -2729.97 123055
-2732.2 123896 -3129.61 123974
-3112.91 124239 -3099.55 124497
-3093.99 124319 -3136.29 123952
-3837.6 123885 -3619.42 124876
-4106.99 124963 -4031.3 125715
-3964.51 125753 -3981.2 126294
-3704.02 126294 -3619.42 126365
-3803.09 130141 -4238.35 130224
-4240.58 130502 -4131.48 130442
-3975.64 130575 -3906.62 130687
-3748.55 130718 -3603.83 130729
-3700.68 131170 -3700.68 132443
-3912.19 134160 -4106.99 134750
-8128.97 134977 -8122.29 134754
-8078.87 134781 -7697.05 137263
-7902.99 142536 -7897.42 148340
-8006.52 148340 -7821.73 148275
-7850.67 147467 -7833.97 143564
-7810.59 143508 -8218.02 133748
-10494.5 127596 -10454.4 126940
-10524.6 126846 -10939.8 126512
-11559.8 124898 -11713.5 124362
-11153.5 124301 -11209.2 123772
-11156.9 124301 -10628.1 124083
-10290.8 125437 -10860.7 125526
-11084.5 124785 -11298.2 123337
-11618.8 123322 -12140.9 123596
-12619.6 124001 -12751 123890
-12703.1 124023 -12575.1 124580
-12598.4 126000 -12548.4 125370
-12467.1 125377 -12275.6 125377
-12565 125352 -12595.1 124001
-12570.6 123979 -12175.4 123694
-12110.9 123738 -10997.7 126646
-11012.1 126817 -11042.2 127218
-10973.2 127307 -10934.2 130529
-11284.9 130531 -8359.4 130012
-8398.36 129244 -8869.24 129215
-9047.35 128721 -9057.37 128316
-8762.38 128313 -8422.85 128402
-7051.4 130074 -4702.55 130079
-4639.1 127490 -4377.5 124965
-3680.64 124969 -3597.15 124918
-3862.09 123362 -3882.13 123177
-3286.57 123037 -3138.51 123061
-3132.95 123422 -3174.14 123905
-3661.72 123867 -3834.26 123963
-3619.42 124903 -3617.19 139013
-3561.53 141262 -3558.19 143092
-3608.28 143119 -3789.73 143237
-3798.64 143404 -3714.04 143589
-3514.77 143582 -2640.92 143631
-2529.6 143493 -1919.57 143598
-1529.95 143526 -1154.8 143493
-1025.67 143366 -381.131 143210
2271.61 138472 2347.31 138688
1998.88 138412 1141.72 137177
1344.32 137252 1540.24 137575
1917.62 136892 2666.8 135485
2785.91 135660 3067.55 136068
3234.53 135908 3588.52 135133
3576.28 135004 3384.81 134670
3559.58 134895 3666.45 135084
3468.3 135460 4233.06 136676
3798.92 137466 3936.95 137727
3877.95 137638 3754.39 137533
1812.98 141033 590.688 143259
582.896 143860 542.821 144216
248.937 144288 221.107 145307
61.9204 145319 582.896 145370
585.122 145452 590.688 147060
857.855 147028 1865.3 147073
1868.64 147138 1946.56 147930
2074.58 147852 2731.36 147630
3045.28 147645 3151.04 148251
3832.31 148231 3877.95 149400
7195.27 149344 8134.81 149181
11497.8 149170 14880.8 149003
17458.9 148720 17937.6 149132
18156.9 149155 18713.5 148970
18746.9 149248 18947.3 149315
19123.2 150043 19506.1 151319
18930.6 151370 18966.2 150833
19066.4 150807 19097.6 151069
-1.64878e+06 2.93556e+06 19103.1 151225
18922.8 151290 18949.5 151434
19752.1 151267 20951 150279
21162.5 149887 22932.5 149364
23252 147256 23013.8 143477
23224.2 142740 24388.6 140314
25368.2 134570 25183.4 132339
25418.3 128661 25225.7 126688
25244.6 125230 24199.3 122926
23492.4 116914 23547 110787
24958.5 110827 24991.9 106461
25472.8 106464 26257.6 106330
26648.4 105972 27744.9 104382
27973.1 104264 28454 104226
30702.6 104959 30808.4 102884
30671.4 102899 30705.9 103124
30691.5 103088 30850.7 102921
30825.1 103534 30817.3 102895
30677 102910 30778.8 103189
30741.6 103184 30705.9 102879
30849.6 102884 30791.7 103825
30654.7 103779 30805 103785
30832.9 103425 30828.4 102888
30693.7 102901 30730.4 103189
30683.7 102944 30845.1 102939
30832.9 102400 27850.6 102556
27491 102701 25456.1 102668
24546.6 103658 24270.6 102356
23656.1 101252 23203 101744
23090.6 101721 22947 100895
22940.3 100886 22860.2 100891
22837.9 100909 23524.7 100958
24396.4 102828 24555.5 103823
24587.8 103779 25478.4 102690
27279.5 102757 30832.9 102405
30838.4 102432 30795 102899
30671.4 102913 30789.4 103324
30717.1 103122 30691.5 102901
30839.5 102899 30811.7 104119
31127.9 104190 30797.2 104079
30850.7 103028 30830.6 102890
30717.1 102906 30728.2 103202
30702.6 103062 30693.7 102906
30749.4 103213 30694.8 102884
30844 102884 30791.7 103823
30652.5 103767 30791.7 104057
30756 104647 30685.9 104903
30658.1 104805 30549 104921
27941.9 104248 27535.6 104527
26102.9 106379 24433.1 106308
18600 105989 15426.2 105883
13367.9 105974 13119.7 105682
13075.2 105711 11675.9 106134
11870.7 108298 11255.1 108657
11279.6 108890 11316.3 109396
11314.1 109202 11291.8 108944
11301.8 109233 11290.7 109556
8422.01 110458 8243.9 110326
8157.07 110413 6771.15 110943
5975.21 111010 3571.82 111293
1989.97 113722 1712.79 118776
1548.04 119003 1258.6 119987
1436.72 122275 1145.06 122569
1139.49 122836 1108.32 123273
147.636 123233 -667.222 123095
-667.222 123467 -472.413 123816
-525.846 123941 -678.354 124239
-843.107 124228 -925.483 124268
-921.031 124384 -1448.69 124373
-1479.85 124063 -1838.3 123489
-2459.47 123015 -2729.97 123081
-2723.29 123556 -2763.37 123927
-3096.21 123916 -2718.84 123841
-2679.88 123028 -2262.43 123184
-1466.5 124168 -1518.82 124709
-1743.68 124707 -1468.72 124606
-1459.82 124580 -1544.42 123912
-1732.55 123582 -2462.81 123015
-2707.71 123021 -2721.07 123449
-2723.29 123084 -2771.16 123006
-3903.28 123133 -4246.14 121997
-4255.05 120844 -3704.02 119325
-3843.17 119337 -4071.37 119377
-4271.75 121378 -4249.48 122120
-3956.71 123061 -3940.02 123148
-3149.65 123026 -2704.37 123055
-2718.84 123473 -2768.93 123883
-3096.21 123905 -3830.92 123927
-3823.13 123972 -3617.19 125486
-3613.85 125878 -3550.4 125007
-981.143 125092 -1123.63 127812
-1237.18 127726 -1198.22 127608
178.806 128420 481.595 129144
-385.584 133514 -2095.45 138713
-2133.3 139158 -2359.28 139111
-1663.53 139085 -1563.34 140372
-1474.29 140498 -1763.72 141972
-1763.72 142353 -1472.06 142342
-1750.36 142357 -1699.15 141393
-1472.06 140532 -973.351 139815
-436.791 140494 -349.962 140494
-218.605 140209 326.861 139292
588.462 139597 782.158 139726
985.872 139407 1039.31 139347
1032.63 139296 815.553 139018
813.327 138728 722.045 138757
343.559 138321 54.1281 138644
17.3926 138561 -286.51 138310
-695.052 139002 -1103.59 139534
-1945.17 138996 -3235.36 139047
-3600.49 139192 -3483.61 142498
-3500.3 142262 -3591.59 140058
-3591.59 140260 -3667.28 140287
-4037.98 140320 -4079.16 140732
-4273.97 140728 -4711.46 140670
-4766.01 139330 -4660.25 138401
-4641.33 138417 -4739.29 138379
-4747.08 135616 -4577.88 135563
-4604.59 135407 -4750.42 135556
-4732.61 135088 -4624.63 134915
-4363.03 134870 -4104.77 134895
-4440.95 135983 -4090.3 134848
-3472.47 134792 -1303.97 134721
-260.906 135500 2238.22 138862
2190.35 138973 2080.14 138873
7439.06 129073 8184.9 128249
13940.1 123767 15518.6 120528
15615.5 119777 15429.6 115011
15520.9 114911 15877.1 114813
15871.5 114398 15737.9 114149
15248.1 114334 15338.3 114790
15424 114813 15577.6 114476
15555.4 114287 15109 114256
15099 114198 14733.8 113659
14647 112464 15405.1 112223
15410.7 112156 15210.3 109122
15483 109062 15563.2 105927
19891.3 106041 24407.5 106268
24405.3 105428 24220.5 105482
24218.2 105577 24179.3 105760
24292.8 105811 24243.9 105426
24953 105422 24984.1 104691
25089.9 104569 26146.3 105555
26630.5 105840 26678.4 106061
26639.4 105994 27791.6 104331
28261.4 104204 30716 104932
30855.1 103135 30808.4 102884
30674.8 102899 30730.4 103157
30699.3 102999 30704.8 102866
30845.1 102868 30789.4 103825
30644.7 103774 30810.6 103756
30821.7 103585 30808.4 102895
30688.1 102901 30708.2 102861
30697 102906 30721.5 103173
30677 102906 -1.04288e+06 3.62416e+06
30847.3 102879 30810.6 102371
29862.1 102427 27448.7 102721
25484 102665 24482.1 103645
24310.6 103378 22423.8 103162
22412.6 103155 22617.5 103269
22670.9 103266 24379.7 103469
24483.2 103692 24580 103792
25394.9 102743 27550 102712
29626.2 102445 29691.8 102394
29706.3 102416 30834 102423
30839.5 102884 30682.6 102884
30756 103211 30711.5 102899
30786.1 102890 30841.8 103051
30847.3 102895 30683.7 102984
