-41354.5 376155 -41354.5 376155
26808.7 139392 26798.6 139401
-16354.4 139412 -16354.4 139412
26780.8 139412 26798.6 139401
15021 147850 15021 147850
14461.1 147935 14461.1 147935
-18632 158692 -18632 158692
-18709.9 158862 -18709.9 158862
26808.7 139390 26830.9 139367
27006.8 139096 27006.8 139096
27049.1 139025 27023.5 139096
26999 139123 26962.3 139169
26947.8 139192 26937.8 139203
26903.3 139258 26912.2 139245
26856.5 139330 26825.4 139367
26812 139474 26806.4 139470
26901 139530 26901 139530
26803.1 139379 26761.9 139445
26759.7 139448 26809.8 139401
26931.1 139448 26931.1 139448
27294 139534 27294 139534
26793.1 139403 26847.6 139436
4225.27 138666 4225.27 138666
4372.21 138639 4428.98 138588
4440.12 138423 4440.12 138423
5472.05 138466 5492.09 138466
7322.18 137482 7322.18 137482
7761.89 137143 7761.89 137143
8926.29 137159 8926.29 137159
9187.89 137141 9187.89 137141
10056.2 137956 10056.2 137956
10088.5 138212 10088.5 138212
10078.4 138321 10078.4 138321
10301.1 138561 10301.1 138561
10826.5 138706 10826.5 138706
10824.3 139679 10824.3 139679
10963.4 139826 10963.4 139826
11900.7 139879 11900.7 139879
11756 141144 11756 141144
12019.9 138691 12017.6 138679
12238 138495 12238 138495
13562.7 138205 13562.7 138205
13489.3 137326 13489.3 137326
17912 136108 17912 136108
19483.8 134814 19483.8 134814
19685.3 134883 19700.9 134806
19668.6 134728 19668.6 134728
19587.4 134743 19587.4 134743
18930.6 135055 18936.1 135073
23889.9 135262 23889.9 135262
26559.3 135251 26559.3 135251
26695.1 137221 26709.6 137237
26641.7 139147 26641.7 139147
26898.8 139167 26898.8 139167
26869.9 139403 26804.2 139367
26775.3 139392 26798.6 139430
26670.6 139664 26653.9 139692
26613.8 139764 26578.2 139824
26533.7 139897 26474.7 139942
26461.3 139935 26461.3 139935
26803.1 139425 26784.2 139359
26775.3 139336 26792 139407
26809.8 139425 26848.7 139459
26958.9 139557 26976.7 139570
27084.7 139646 27084.7 139646
26984.5 139568 27038 139615
22500.6 157225 22500.6 157225
25667.6 151312 25667.6 151312
27435.4 146470 27357.5 146472
27321.8 146470 27321.8 146470
27232.8 145223 27232.8 145223
27073.6 143364 27073.6 143364
26973.4 143411 26942.2 143382
26561.5 141551 26561.5 141551
26520.3 141028 26520.3 141028
26400.1 140648 26400.1 140648
26383.4 140387 26383.4 140387
26277.7 140147 26263.2 140087
26297.7 139971 26235.4 139931
26203.1 139924 26127.4 139920
26227.6 139837 26227.6 139837
26728.5 139479 26728.5 139479
28613.1 138145 28613.1 138145
29268.8 137686 29268.8 137686
28765.7 138027 28752.3 138034
28309.2 138334 28262.5 138366
27975.3 138566 27975.3 138566
28353.8 138301 28353.8 138301
28049.9 138512 28049.9 138512
27983.1 138561 27983.1 138561
27905.2 138613 27905.2 138613
28589.8 138132 28589.8 138132
28242.4 138377 28242.4 138377
26793.1 139401 26834.3 139359
26865.4 139312 26882.1 139281
26815.3 139385 26786.4 139412
26753 139456 26753 139456
26164.1 140276 26164.1 140276
28856.9 136506 28856.9 136506
-16216.3 158472 -16216.3 158472
-17155.9 158926 -17155.9 158926
-17116.9 159151 -17116.9 159151
-15653.1 158038 -15636.4 158058
-15542.8 158470 -15542.8 158505
-15517.2 161366 -15526.1 161386
-15656.4 161727 -15656.4 161727
-15615.2 161894 -15615.2 161894
-15322.4 162391 -15322.4 162391
-14930.6 163726 -14930.6 163726
-14899.4 163802 -14899.4 163802
-13942.1 165619 -13942.1 165619
-12068.6 165902 -12068.6 165902
-7727.1 164071 -7727.1 164071
-4602.37 164087 -4602.37 164087
-1332.91 163702 -1301.74 163680
-3544.83 169441 -3544.83 169441
2716.89 163791 2716.89 163791
30227.3 188477 30227.3 188477
88163.5 318848 88163.5 318848
93361 301996 93361 301996
103631 155377 103631 155377
106769 51465.1 106769 51465.1
109463 2911.98 109463 2911.98
5006.73 156061 5034.56 156027
5018.98 155976 5018.98 155976
4516.93 155979 4450.13 155987
3067.55 155983 3067.55 155983
2519.85 155972 2519.85 155972
958.042 156918 926.873 156929
848.949 156902 848.949 156902
4439 156061 4439 156061
26862.1 139425 26842.1 139463
26731.8 139924 26731.8 139924
26708.5 140015 26708.5 140015
26667.3 140187 26667.3 140187
26648.4 140271 26648.4 140271
26535.9 140770 26528.1 140803
26374.5 141451 26374.5 141451
26327.8 141638 26327.8 141638
27340.8 140309 27340.8 140309
27754.9 139775 27777.1 139741
27516.6 137014 27516.6 137014
27630.2 136535 27630.2 136535
26984.5 139802 26984.5 139802
27193.8 140414 27193.8 140414
27187.1 139953 27173.8 139924
26862.1 139434 26867.7 139396
26876.6 139307 26889.9 139241
26886.6 139163 26886.6 139163
26789.7 139129 26734.1 139118
25578.6 139080 25578.6 139047
25721.1 137776 25721.1 137776
22954.8 144829 22954.8 144829
23105.1 146131 23105.1 146131
23040.5 148531 23040.5 148531
22240.1 149511 22186.7 149504
21487.6 149400 21487.6 149400
21210.4 149756 21199.3 149760
20869.8 150277 20869.8 150277
20561.4 150335 20561.4 150335
19492.7 151323 19492.7 151323
18023.3 151537 18017.8 151530
15707.9 151724 15661.1 151693
15677.8 151503 15683.4 151475
15691.2 151419 15691.2 151419
15710.1 151267 15710.1 151267
15733.5 151074 15733.5 151074
15732.4 150824 15732.4 150813
15693.4 150154 15693.4 150154
15683.4 149965 15677.8 149894
15637.7 148859 15637.7 148859
15927.2 148825 15927.2 148825
17650.4 148874 17650.4 148874
17850.8 149074 17850.8 149052
17819.6 148992 17819.6 148992
15479.7 148821 15479.7 148821
13642.9 149063 13642.9 149063
12705.6 149097 12705.6 149097
9548.57 149210 9548.57 149210
8763.77 149175 8763.77 149175
7909.94 149199 7909.94 149199
5780.4 149322 5770.38 149299
5775.95 148317 5770.38 148253
5798.21 148195 5798.21 148195
5798.21 146461 5798.21 146461
7453.53 145537 7464.67 145563
-19326.6 121084 -19326.6 121084
7462.44 148876 7462.44 148876
7492.5 149215 7492.5 149215
7629.42 150784 7629.42 150784
7904.38 150722 7904.38 150722
8516.64 150651 8516.64 150651
8842.8 150702 8861.73 150706
9321.48 150769 9321.48 150769
10834.3 150925 10841 150958
10839.9 151214 10839.9 151214
10906.7 151426 10906.7 151426
52595.8 226544 52595.8 226544
53760.2 233717 53760.2 233717
59354 241937 59354 241937
60150 244656 60150 244656
82607.5 404709 82607.5 404709
4353.29 157815 4328.8 157824
3682.03 157813 3682.03 157813
3002.98 157824 3002.98 157824
3002.98 158839 3002.98 158839
3006.32 160799 3008.55 160799
3053.08 162511 3053.08 162511
3004.09 162377 3039.72 162321
3028.58 161700 3026.36 161627
2991.85 159797 2933.96 159797
2488.69 159817 2488.69 159817
2457.52 159728 2457.52 159728
2240.44 159356 2240.44 159356
2618.93 159835 2638.97 159850
2583.31 159719 2583.31 159719
1167.32 158884 1167.32 158884
2980.72 159928 2980.72 159928
3000.75 160863 3000.75 160863
3169.96 163123 3169.96 163123
2964.02 163691 2959.57 163682
-58356.3 92998.4 -58356.3 92998.4
11904.1 139891 11898.5 139891
11789.4 140815 11789.4 140815
11452.1 139908 11452.1 139908
6424.94 150938 6424.94 150938
11452.1 139908 11452.1 139908
26873.2 139425 26823.1 139370
26809.8 139336 26793.1 139296
26672.8 138991 26695.1 139045
30652.5 84642.7 30652.5 84642.7
26786.4 139730 26786.4 139730
26761.9 139548 26761.9 139548
26859.9 139479 26858.7 139419
26858.7 139392 26884.4 139452
26945.6 139281 26962.3 139223
27003.5 138802 27003.5 138802
26856.5 139425 26853.2 139436
26842.1 138613 26842.1 138613
26856.5 139407 26897.7 139370
26921.1 139347 26910 139356
26858.7 139430 26843.2 139412
26787.5 139479 26753 139519
26734.1 139568 26730.7 139523
26976.7 140160 26976.7 140160
26956.7 140049 26956.7 140049
26247.6 137989 26247.6 137989
26175.2 137820 26175.2 137820
26058.4 137544 26058.4 137544
26144.1 137744 26144.1 137744
26196.4 137871 26203.1 137887
26728.5 139136 26728.5 139136
25940.4 137266 25940.4 137266
5758.14 148213 5758.14 148213
5639.03 149371 5639.03 149371
3904.67 149364 3904.67 149364
3607.45 149371 3607.45 149371
3128.77 149355 3128.77 149355
3128.77 148309 3128.77 148309
3147.7 147663 3147.7 147663
3824.52 146988 3824.52 146988
4275.36 146984 4275.36 146984
4436.78 146910 4436.78 146910
4216.36 141523 4216.36 141523
4807.47 140815 4807.47 140815
4681.68 140632 4637.15 140581
4618.23 140565 4618.23 140565
4284.27 140093 4284.27 140093
4408.95 138479 4408.95 138479
4392.25 138372 4392.25 138372
4295.4 138212 4295.4 138212
-6264.37 124057 -6264.37 124057
-15620.8 105192 -15620.8 105192
-33233.7 78649.3 -33233.7 78649.3
-61403.1 15793.9 -61403.1 15793.9
-108627 -129580 -108627 -129580
-123512 -182290 -123512 -182290
9418.32 150735 9396.06 150746
8950.78 150680 8919.61 150673
8644.65 150635 8644.65 150635
7968.94 150689 7968.94 150689
7249.82 151007 7249.82 151007
5335.12 150936 5318.43 150962
3924.71 151063 3913.57 151056
3579.62 151045 3540.65 151040
3137.68 151018 3137.68 151018
1689.41 150522 1683.85 150533
1225.21 150310 1225.21 150310
1256.38 150662 1256.38 150662
-1472.06 163586 -1493.21 163602
-2021.98 163657 -1971.89 163653
-1986.36 163575 -1986.36 163575
-2214.56 162669 -2214.56 162669
4479.08 187682 4479.08 187682
2471.99 195862 2471.99 195862
23164.1 190770 23164.1 190770
44667.6 115603 44667.6 115603
56256 35406.1 56256 35406.1
51394.7 -56296.6 51394.7 -56296.6
41695.4 -120345 41695.4 -120345
35519.4 -181856 35519.4 -181856
26798.6 139401 26786.4 139396
-11279.3 128687 -11279.3 128687
26789.7 139396 26795.3 139456
26795.3 139479 26804.2 139414
26809.8 139370 26804.2 139412
26647.2 139503 26647.2 139503
20082.7 143433 20082.7 143433
21264.9 142725 21264.9 142725
24210.5 140939 24210.5 140939
24432 140759 24432 140759
24849.4 140521 24849.4 140521
26503.6 139637 26503.6 139637
26592.7 139597 26592.7 139597
26663.9 139512 26628.3 139485
26525.9 139485 26574.9 139474
27641.3 142097 27641.3 142097
30021.3 126111 30021.3 126111
28704.4 131871 28704.4 131871
27867.3 135166 27867.3 135166
27799.4 135445 27799.4 135445
27282.9 137493 27282.9 137493
27198.3 137833 27198.3 137833
27088.1 138272 27070.3 138345
26953.4 138817 26953.4 138817
26925.5 138924 26925.5 138924
26851 139218 26836.5 139281
26812 139374 26789.7 139407
26730.7 139592 26730.7 139592
26088.4 141367 26088.4 141367
25924.8 141828 25924.8 141828
24991.9 144501 24991.9 144501
24538.9 145757 24538.9 145757
24583.4 146559 24583.4 146559
23789.7 146358 23789.7 146358
22637.5 146828 22637.5 146828
22014.1 146971 22014.1 146971
21767 147166 21719.1 147200
21483.1 147400 21483.1 147400
21320.6 147356 21320.6 147356
20275.3 147307 20275.3 147307
19945.8 147222 19945.8 147222
19846.7 147211 19846.7 147211
20191.8 146726 20191.8 146726
19601.8 147104 19601.8 147104
19906.8 146944 19906.8 146944
19891.3 146839 19891.3 146839
20903.2 145897 20903.2 145897
20308.7 146138 20308.7 146138
21003.3 145831 21003.3 145831
21287.2 145356 21287.2 145356
22901.3 143760 22901.3 143760
26798.6 139412 26828.7 139401
27154.9 139047 27154.9 139047
27229.4 138969 27229.4 138969
27777.1 138317 27777.1 138317
27836.1 138245 27836.1 138245
27916.3 138161 27916.3 138161
28022 138038 28022 138038
28083.3 137967 28083.3 137967
28161.2 137882 28161.2 137882
28270.3 137756 28270.3 137756
28346 137666 28292.5 137720
28019.8 138032 28019.8 138032
27557.8 138555 27510 138610
27482.1 138635 27482.1 138635
27377.5 138744 27329.6 138773
27012.4 139047 26990.1 139091
26819.8 139436 26803.1 139403
27154.9 138751 27154.9 138751
27218.3 138633 27218.3 138633
27274 138528 27274 138528
27210.5 138646 27210.5 138646
26804.2 139390 26804.2 139390
26886.6 139192 26886.6 139192
27032.4 138784 27012.4 138789
26876.6 138817 26871 138817
26962.3 138584 26962.3 138584
26884.4 139145 26884.4 139145
26926.7 139011 26926.7 139011
26971.2 139111 26943.4 139163
27561.2 138089 27561.2 138089
27660.2 137920 27660.2 137920
27199.4 138584 27199.4 138584
27151.5 138713 27151.5 138713
26800.9 139401 26803.1 139414
27201.6 138550 27201.6 138550
27151.5 138657 27151.5 138657
26970.1 139089 26970.1 139089
27168.2 138784 27168.2 138784
27131.5 138479 27131.5 138479
27232.8 138372 27232.8 138372
27393.1 138172 27393.1 138172
27320.7 138323 27320.7 138323
27048 138668 27048 138668
27079.2 138744 27079.2 138744
27056.9 138657 27056.9 138657
26741.9 137497 26741.9 137497
26659.5 139434 26715.1 139423
26806.4 139025 26804.2 139069
26819.8 138735 26819.8 138735
26815.3 138817 26815.3 138817
26809.8 138989 26809.8 138958
26812 138902 26814.2 138846
26819.8 138624 26819.8 138624
26828.7 138339 26828.7 138339
26823.1 138524 26823.1 138524
26814.2 138840 26789.7 138844
26792 139401 26792 139401
26686.2 139485 26686.2 139485
27048 139267 27010.1 139289
26834.3 139396 26895.5 139356
27138.2 139203 27138.2 139203
27383.1 139051 27383.1 139051
27527.8 138958 27537.8 138956
26806.4 139412 26797.5 139414
26731.8 139470 26731.8 139470
59771.5 104954 59771.5 104954
104068 -7434.06 104068 -7434.06
182173 -238974 182173 -238974
183038 -395639 183038 -395639
174258 -460687 174258 -460687
26806.4 139412 26803.1 139419
26745.2 139356 26745.2 139356
26658.4 139269 26658.4 139269
26814.2 139436 26823.1 139401
26842.1 139314 26814.2 139385
26804.2 139412 26767.5 139479
26759.7 139490 26759.7 139490
26798.6 139403 26798.6 139407
26925.5 139403 26925.5 139403
26937.8 139312 26943.4 139296
26947.8 139192 26932.2 139185
25570.8 139080 25570.8 139036
25713.3 137764 25713.3 137764
25095.4 137660 25072.1 137686
23478 142253 23478 142253
22913.6 144290 22913.6 144290
22192.2 149522 22192.2 149522
20826.3 150232 20826.3 150232
20702.8 150194 20702.8 150194
20546.9 150388 20546.9 150388
20424.5 150673 20424.5 150673
18939.5 151452 18939.5 151452
18426.3 151501 18426.3 151501
16617.4 151664 16617.4 151664
16316.8 151782 16316.8 151782
15652.2 151682 15652.2 151682
15737.9 150918 15737.9 150918
15699 150179 15699 150179
12696.7 149077 12696.7 149077
11594.6 149130 11594.6 149130
8787.14 149177 8787.14 149177
6026.42 149315 5954.06 149293
5783.74 149297 5783.74 149297
5774.84 147494 5774.84 147494
5781.52 146543 5781.52 146543
5708.04 145479 5708.04 145479
4464.61 145441 4464.61 145441
4217.48 141629 4208.57 141567
4840.87 140810 4840.87 140810
4531.4 140403 4531.4 140403
4249.76 140024 4262 139980
4442.34 139692 4442.34 139692
4420.08 138457 4420.08 138457
4425.64 137511 4425.64 137511
4416.74 136680 4416.74 136680
4420.08 135284 4416.74 135262
4423.42 134932 4423.42 134932
5792.65 134906 5769.27 134877
4416.74 134928 4416.74 134928
4256.44 134732 4256.44 134732
4195.21 134676 4195.21 134676
3705.41 135540 3705.41 135540
3147.7 136547 3136.56 136564
1008.14 140425 1008.14 140425
715.366 141039 715.366 141039
-113.964 142268 -113.964 142268
-956.653 143533 -956.653 143555
-1010.09 143631 -1010.09 143631
-1106.93 143444 -1106.93 143444
-1187.08 142340 -1190.42 142317
-1324.01 142324 -1324.01 142324
-1771.51 142402 -1771.51 142402
-1721.42 142941 -1704.72 142981
-1752.59 142375 -1752.59 142375
-1207.12 142317 -1207.12 142317
-1125.86 142308 -1125.86 142308
-569.261 142084 -569.261 142084
-469.074 141908 -446.81 141879
-347.735 142006 -346.622 142017
-99.4928 142275 -99.4928 142275
97.5427 142019 98.6558 141990
2972.93 136958 2976.26 136954
3568.48 135830 3571.82 135807
6271.32 130818 6271.32 130818
7044.99 129511 7044.99 129511
7125.14 129556 7125.14 129556
7180.8 129629 7214.2 129638
7685.08 128899 7685.08 128899
13494.8 136050 13494.8 136050
13100.8 138446 13100.8 138446
9967.13 130451 9967.13 130451
9761.19 134538 9748.94 134538
6009.72 134959 6009.72 134959
2728.02 163798 2728.02 163798
1017.04 162139 1017.04 162139
1130.59 161990 1130.59 161990
1314.26 160975 1314.26 160975
1937.65 160863 1937.65 160863
2638.97 160910 2638.97 160910
2928.4 160852 3006.32 160852
3026.36 160796 3026.36 160796
3028.58 159171 3028.58 159171
3030.81 158069 3030.81 158069
3036.38 157047 3036.38 157047
3075.34 156032 3120.98 155994
4353.29 155976 4339.93 155987
4503.57 153351 4503.57 153351
4974.45 152788 4974.45 152788
5177.05 152839 5154.79 152777
10147.5 152570 10147.5 152570
10633.9 152828 10633.9 152828
11360.8 152483 11360.8 152483
11714.8 152505 11714.8 152505
14171.7 152136 14171.7 152136
14132.7 151234 14132.7 151234
14196.2 151170 14196.2 151170
14347.6 151270 14347.6 151270
14336.4 151414 14336.4 151414
14436.6 151486 14436.6 151486
14413.2 151401 14418.8 151430
14336.4 151457 14340.9 151490
14399.9 151882 14413.2 151880
14429.9 152116 14403.2 152116
14202.8 152136 14124.9 152154
14138.3 152383 14138.3 152383
14143.8 152548 14143.8 152548
14158.3 152715 14166.1 152744
14210.6 154184 14196.2 154202
14104.9 156034 14104.9 156034
12482.9 156791 12474 156747
12471.8 156655 12476.3 156658
12488.5 156802 12507.4 156818
14121.6 155967 14121.6 155967
14080.4 155248 14080.4 155248
21637.9 155694 21572.2 155665
21513.2 156121 21513.2 156121
18821.5 156284 18821.5 156284
18805.9 156707 18805.9 156707
18665.6 156684 18665.6 156684
18674.5 148932 18699 148941
19378.1 148658 19378.1 148658
21098 148509 21084.6 148540
109903 -1240.24 109903 -1240.24
108567 1155.36 108567 1155.36
21559.9 154353 21559.9 154353
21955.1 154073 21955.1 154073
22487.2 154240 22496.1 154313
23201.9 154509 23201.9 154509
23392.3 157735 23392.3 157735
23436.8 159107 23436.8 159107
23411.2 159701 23411.2 159701
23303.2 161487 23303.2 161487
23190.8 161634 23190.8 161634
22807.8 161716 22807.8 161716
22830.1 161834 22830.1 161834
22551.8 161939 22487.2 161910
28244.7 119508 28244.7 119508
28403.9 118542 28403.9 118542
26793.1 139392 26854.3 139425
26789.7 139514 26778.6 139537
26747.4 139586 26747.4 139586
26871 139407 26875.4 139374
26887.7 139158 26887.7 139158
25568.6 139058 25568.6 139058
25587.5 138918 25587.5 138918
22901.3 149415 22901.3 149415
22957 150778 22957 150778
21474.2 151441 21474.2 151441
21485.4 150101 21485.4 150101
21947.3 149538 21947.3 149538
22099.8 149582 22139.9 149571
14132.7 150410 14073.7 150435
14121.6 148992 14121.6 148992
16110.9 148865 16110.9 148865
18694.6 148921 18694.6 148921
19033 148785 19033 148785
19370.3 148654 19370.3 148654
21076.8 148513 21076.8 148513
22333.6 149582 22333.6 149582
22901.3 149631 22901.3 149631
23016 151092 23016 151092
23288.7 150985 23288.7 150985
23637.2 150824 23639.4 150811
23611.6 150602 23594.9 150528
23670.6 150499 23719.5 150477
23728.4 150439 23739.6 150444
23836.4 150484 23836.4 150484
23925.5 150462 23943.3 150457
24015.6 150290 24043.5 150254
25389.3 152298 25368.2 152327
25190.1 152470 25190.1 152470
24630.1 152521 24630.1 152521
24366.3 152554 24349.6 152561
23931 152592 23931 152592
23114 152617 23114 152617
23090.6 152247 23090.6 152247
22904.7 149571 22902.5 149531
22874.6 149453 22874.6 149453
21394.1 149444 21394.1 149444
20841.9 150250 20841.9 150250
20711.7 150188 20711.7 150188
20544.7 150368 20544.7 150368
20431.2 150657 20431.2 150657
18933.9 151423 18928.3 151430
17831.9 151593 17831.9 151593
15693.4 151686 15668.9 151679
15744.6 150880 15744.6 150880
15613.3 148919 15613.3 148919
15574.3 148818 15574.3 148818
14864.1 148932 14831.8 148903
12677.8 149054 12677.8 149054
11561.2 149115 11561.2 149115
7913.28 149175 7913.28 149175
5780.4 149299 5770.38 149259
5787.08 146939 5791.53 146937
5026.77 146837 5026.77 146837
4489.1 146959 4489.1 146959
1890.9 146984 1859.73 147026
1835.24 147812 1767.34 147850
1750.64 147828 1726.15 147841
1735.05 147968 1735.05 147968
1330.96 148117 1322.06 148086
1327.62 147144 1330.96 147073
2497.59 147028 2507.61 147062
2546.57 149355 2546.57 149355
2208.16 149344 2208.16 149344
1893.13 149288 1893.13 149288
1873.09 148787 1874.2 148747
1876.43 147946 1876.43 147946
1856.39 147823 1843.03 147808
1308.7 148035 1308.7 148035
1266.4 147322 1266.4 147322
1228.55 147438 1228.55 147438
919.08 147340 919.08 147340
874.553 147084 885.685 147028
1200.72 147011 1210.74 147017
1863.07 147017 1863.07 147017
1876.43 147471 1876.43 147471
1874.2 149208 1874.2 149208
1912.05 149353 1912.05 149353
2146.93 149371 2145.82 149359
3084.24 149408 3117.64 149382
3136.56 147734 3136.56 147734
4612.66 149366 4612.66 149366
3910.24 149377 3910.24 149377
3579.62 149397 3579.62 149397
3158.83 149404 3106.51 149422
3087.58 150873 3087.58 150873
3076.45 154462 3086.47 154409
4355.51 154362 4362.19 154362
-6036.16 156557 -6036.16 156557
-6645.08 156789 -6687.38 156800
-6753.06 156807 -6815.4 156813
-6832.1 156825 -6871.06 156829
-6914.47 156829 -6914.47 156829
-7010.21 156833 -7049.17 156836
-7103.72 156836 -7159.37 156836
-8309.31 156891 -8309.31 156891
-9108.58 156911 -9108.58 156911
-9570.56 156900 -9580.57 156974
-10160.5 156956 -10160.5 156956
-10179.5 156836 -10179.5 156836
-12152.1 156747 -12144.3 156733
-12010.7 156751 -11977.3 156789
-11955 157167 -11955 157167
-11963.9 158080 -11963.9 158080
-12083 158180 -12083 158180
-12079.7 158292 -12079.7 158292
-12113.1 158381 -12113.1 158381
-12038.5 159485 -12038.5 159485
-12845.6 159563 -12845.6 159563
-12648.5 159561 -12648.5 159561
-12653 161398 -12706.4 161420
-12661.9 161593 -12661.9 161593
-9583.91 161431 -9583.91 161431
-8682.23 161155 -8682.23 161155
-8657.74 161059 -8657.74 161059
-8579.81 160819 -8579.81 160819
-8206.89 161144 -8206.89 161144
-4346.33 160681 -4346.33 160681
-4271.75 160554 -4271.75 160554
-4073.6 160663 -4062.47 160736
-4059.13 161498 -4049.11 161500
-3926.66 162996 -3926.66 162996
