555.066 145038 555.066 145038
3736.58 140663 3736.58 140663
4906.54 136613 4906.54 136613
1919.84 129830 1919.84 129830
4077.21 134525 4077.21 134525
4833.07 136551 4820.83 136604
5872.8 135177 5872.8 135177
5985.23 135108 5985.23 135108
6805.66 134826 6811.22 134837
4560.34 137484 4560.34 137484
4405.61 142878 4405.61 142878
2170.31 150364 2170.31 150364
1968.82 146968 1968.82 146968
-89.4741 140852 -89.4741 140852
-274.264 140714 -274.264 140714
1208.51 157619 1208.51 157619
866.76 162139 866.76 162139
1658.24 156907 1658.24 156907
1377.72 155798 1377.72 155798
1335.42 153601 1335.42 153601
1338.75 152766 1338.75 152766
830.025 151499 830.025 151499
-1268.35 152583 -1268.35 152583
-1774.85 147605 -1774.85 147605
-3643.91 149689 -3643.91 149689
-3607.17 152207 -3607.17 152207
-2492.86 155364 -2492.86 155364
-1395.25 159447 -1395.25 159447
-1771.51 148017 -1771.51 148017
-10464.5 143869 -10464.5 143869
-10502.3 131898 -10502.3 131898
-7141.56 135059 -7151.58 135055
-7139.34 134790 -7139.34 134734
-7120.41 134688 -7120.41 134688
-7201.68 134819 -7201.68 134819
-7130.43 134641 -7114.85 134714
-7050.28 140445 -7050.28 140445
-5231.32 139232 -5231.32 139232
-3130.72 143504 -3130.72 143504
402.558 143800 402.558 143800
-4718.14 139942 -4718.14 139942
-613.789 147022 -613.789 147022
1175.12 147017 1175.12 147017
-2575.24 139033 -2575.24 139033
466.01 136506 466.01 136506
6961.5 129667 6961.5 129667
6800.09 134868 6787.84 134846
5961.85 138517 5961.85 138517
5886.16 137428 5886.16 137428
5262.77 138486 5262.77 138486
4405.61 147276 4405.61 147276
1591.45 150475 1591.45 150475
1289.77 143598 1289.77 143598
91.9767 137484 91.9767 137484
2337.29 134857 2337.29 134857
2557.7 130733 2557.7 130733
1287.55 134581 1287.55 134581
2417.44 135732 2417.44 135732
2500.93 134518 2500.93 134518
1997.77 138642 1997.77 138642
19.619 144602 19.619 144602
-6131.9 143671 -6131.9 143671
-7177.19 140536 -7177.19 140536
-6473.65 142542 -6473.65 142542
-4940.78 143624 -4940.78 143624
-1735.89 149593 -1735.89 149593
-1483.19 153748 -1483.19 153748
-1700.27 148979 -1700.27 148979
2.92109 145347 2.92109 145347
1385.51 150132 1385.51 150132
6369.28 150949 6369.28 150949
4548.1 145497 4548.1 145497
5862.78 142467 5861.67 142473
5962.97 139243 5962.97 139243
5902.85 138566 5902.85 138566
7521.44 137230 7521.44 137230
7453.53 136758 7453.53 136758
6805.66 134846 6804.54 134841
4449.02 136640 4449.02 136640
5356.28 137459 5368.52 137450
4526.95 137484 4526.95 137484
4412.29 146788 4412.29 146788
532.802 152630 532.802 152630
-2601.95 152572 -2601.95 152572
-3583.79 152565 -3583.79 152565
-1799.34 149052 -1799.34 149052
-63.8706 149428 -63.8706 149428
1319.83 147995 1319.83 147995
1327.62 147077 1327.62 147077
949.137 147020 949.137 147020
167.674 147026 167.674 147026
1251.93 151512 1251.93 151512
1338.75 152632 1338.75 152632
2093.5 148772 2094.61 148781
1274.19 143805 1274.19 143805
576.216 143869 576.216 143869
1285.32 151628 1285.32 151628
2964.02 156003 2964.02 156003
3096.49 152131 3096.49 152131
4424.53 153545 4424.53 153545
4886.51 155745 4886.51 155745
3054.19 155653 3054.19 155653
1280.87 151325 1280.87 151325
-6239.88 164045 -6239.88 164045
-6727.46 157822 -6727.46 157822
-2519.58 155707 -2519.58 155707
1243.02 155972 1243.02 155972
2158.07 150241 2158.07 150241
350.238 141474 350.238 141474
-3706.24 133383 -3706.24 133383
489.387 136531 489.387 136531
1905.37 131909 1905.37 131909
4405.61 136308 4405.61 136308
6780.05 134843 6776.71 134834
6555.19 134788 6555.19 134788
-1440.89 134630 -1440.89 134630
-5373.81 138506 -5373.81 138506
-6077.35 143097 -6077.35 143097
1302.02 145310 1302.02 145310
55.2412 147017 55.2412 147017
1609.26 152594 1609.26 152594
4806.36 151060 4806.36 151060
2800.38 149377 2800.38 149377
1266.4 147011 1266.4 147011
1329.85 145739 1329.85 145739
2086.82 144147 2086.82 144147
1322.06 143678 1322.06 143678
-1555.55 140363 -1555.55 140363
-2810.12 143290 -2810.12 143290
-2342.58 145592 -2342.58 145592
-1408.61 149170 -1408.61 149170
-807.485 147026 -807.485 147026
32.9773 149097 32.9773 149097
2586.65 151014 2586.65 151014
4607.1 151014 4607.1 151014
3159.94 147667 3159.94 147667
2061.22 143751 2061.22 143751
2444.16 144481 2444.16 144481
729.837 146977 729.837 146977
-4467.67 144840 -4467.67 144840
-3080.63 141741 -3080.63 141741
-2107.7 139628 -2107.7 139628
-4553.39 140728 -4553.39 140728
-2803.44 140356 -2803.44 140356
-1830.51 134656 -1830.51 134656
5112.49 133973 5112.49 133973
10397.9 127804 10397.9 127804
13261.1 124909 13261.1 124909
6067.61 131880 6067.61 131880
6811.22 134852 6805.66 134852
6623.09 134750 6623.09 134750
3492.79 138648 3492.79 138648
5.14748 144334 5.14748 144334
-1844.98 146430 -1844.98 146430
-2635.35 149083 -2635.35 149083
-3963.39 151076 -3963.39 151076
-2717.73 146572 -2717.73 146572
-511.375 146385 -511.375 146385
484.934 143782 484.934 143782
578.443 143836 578.443 143836
-570.374 143130 -570.374 143130
-4669.16 141963 -4669.16 141963
-1525.5 143504 -1525.5 143504
1276.42 145931 1276.42 145931
2471.99 151459 2471.99 151459
3154.38 147394 3154.38 147394
3851.24 147349 3851.24 147349
3145.47 147073 3145.47 147073
-2809.01 141638 -2809.01 141638
-3175.25 141042 -3175.25 141042
-4717.03 139278 -4717.03 139278
-1147.01 142311 -1147.01 142311
-2350.37 143404 -2350.37 143404
-5294.77 144165 -5294.77 144165
-5013.14 143059 -5013.14 143059
-4720.36 143664 -4720.36 143664
-2741.1 144769 -2741.1 144769
-6792.02 142620 -6792.02 142620
-4702.55 139252 -4702.55 139252
-4563.4 139227 -4493.27 139243
-4482.14 139147 -4482.14 139147
1241.91 143386 1241.91 143386
2093.5 144388 2093.5 144388
4504.68 137462 4504.68 137462
5934.02 139178 5934.02 139178
4432.32 137413 4433.44 137388
9301.44 143083 9301.44 143083
11802.8 149453 11802.8 149453
3471.64 149384 3471.64 149384
-464.621 148427 -464.621 148427
1758.43 144742 1758.43 144742
3352.52 139810 3352.52 139810
6776.71 134848 6778.94 134839
5880.59 137542 5876.14 137504
5887.27 137430 5887.27 137430
7115.12 132604 7115.12 132604
6231.25 138495 6244.6 138443
5214.9 138484 5214.9 138484
2063.44 143030 2063.44 143030
356.917 142934 356.917 142934
-1172.61 141376 -1172.61 141376
1185.13 142602 1185.13 142602
2719.12 145826 2719.12 145826
1866.41 148689 1866.41 148689
2155.84 150326 2155.84 150326
-718.429 149268 -718.429 149268
-2588.6 151065 -2588.6 151065
-5764.54 152810 -5764.54 152810
-10761.7 152899 -10761.7 152899
-11813.6 148282 -11813.6 148282
-13939.8 147195 -13939.8 147195
-10260.7 142907 -10260.7 142907
-10455.5 149827 -10455.5 149827
-15383.7 155304 -15383.7 155304
-14036.7 155199 -14036.7 155199
-14066.7 149219 -14066.7 149219
-13916.5 147235 -13916.5 147235
-13840.8 147356 -13840.8 147356
-13830.8 147158 -13875.3 147178
-13841.9 147037 -13841.9 147037
-15697.6 141848 -15697.6 141848
-18009.7 141509 -18009.7 141509
-17344 139381 -17344 139381
-17032.3 139403 -17032.3 139403
-17007.8 139510 -17007.8 139510
-13296.4 137473 -13245.2 137415
-13200.7 137491 -13200.7 137491
-13179.5 137568 -13179.5 137568
-13169.5 137477 -13208.5 137453
-15634.1 147011 -15634.1 147011
-15567.3 148645 -15567.3 148645
-14215.9 148208 -14215.9 148208
2935.08 137239 2935.08 137239
15091.2 121512 15091.2 121512
15420.7 116469 15420.7 116469
15746.8 116767 15754.6 116798
15998.4 114768 15998.4 114768
15736.8 116839 15772.4 116776
15711.2 116981 15711.2 116981
16811.1 121997 16811.1 121997
11941.9 125871 11941.9 125871
6566.32 132121 6566.32 132121
6805.66 134857 6805.66 134855
5347.37 137450 5347.37 137450
4408.95 137201 4408.95 137201
6629.77 137025 6629.77 137025
3586.3 137849 3586.3 137849
-631.6 140986 -631.6 140986
-1079.1 139670 -1079.1 139670
-1909.55 145312 -1909.55 145312
-2831.27 138838 -2831.27 138838
-4100.32 134732 -4100.32 134732
-3744.09 135959 -3744.09 135959
-1712.51 135859 -1712.51 135859
-2763.37 140530 -2763.37 140530
-1157.03 139456 -1157.03 139456
-2889.16 135912 -2889.16 135912
-1535.51 134714 -1509.91 134670
-2908.08 134799 -2908.08 134799
-5089.95 130678 -5089.95 130678
2015.58 138417 2015.58 138417
6780.05 134846 6773.37 134843
5935.14 139245 5935.14 139245
1748.41 143219 1748.41 143219
-2630.9 145359 -2632.01 145374
-3297.7 160888 -3297.7 160888
-4068.03 164109 -4068.03 164109
-1099.14 158047 -1099.14 158047
631.876 152599 631.876 152599
-2444.99 152617 -2444.99 152617
-4498.84 154342 -4498.84 154342
-1721.42 149003 -1721.42 149003
-2629.78 145592 -2629.78 145592
-1709.17 145372 -1709.17 145372
-5107.76 143591 -5107.76 143591
-11321.6 143384 -11321.6 143384
-12811.1 141320 -12811.1 141320
-12384.7 138789 -12384.7 138789
-9454.78 136302 -9454.78 136302
-12325.7 137511 -12314.6 137504
-9116.37 136299 -9116.37 136299
-8964.98 137373 -8964.98 137373
-10075.9 139997 -10075.9 139997
-6475.87 140463 -6475.87 140463
-7429.88 139390 -7429.88 139390
-575.94 140296 -575.94 140296
-92.8137 144225 -92.8137 144225
4141.78 141596 4141.78 141596
7164.1 149317 7164.1 149317
8725.92 149600 8725.92 149600
7878.78 149244 7878.78 149244
10597.2 119459 10597.2 119459
15330.5 105945 15330.5 105945
27340.8 104841 27340.8 104841
40403 99036.4 40403 99036.4
56574.4 98622.3 56574.4 98622.3
71869.7 100980 71869.7 100980
72290.5 102371 72301.6 102358
72526.5 98065.7 72526.5 98065.7
74088.3 97860.8 74088.3 97860.8
74077.1 97738.4 74082.7 97814.1
74078.2 97869.7 74089.4 97854.1
72308.3 102334 72309.4 102347
74882 100991 74882 100991
77535.8 101735 77535.8 101735
80026.1 101603 80021.6 101608
80006 101519 80006 101519
73851.2 99820 73851.2 99820
69609.9 96598.5 69609.9 96598.5
69775.8 96631.9 69775.8 96631.9
69607.7 96491.6 69606.5 96469.3
69782.4 96623 69785.8 96631.9
71828.5 99624.1 71828.5 99624.1
74500.2 94971 74504.6 94939.8
74366.6 95296 74366.6 95296
74467.9 95280.4 74467.9 95280.4
74656 95255.9 74656 95255.9
80078.4 102060 80078.4 102060
74848.6 98043.4 74848.6 98043.4
74093.8 97825.2 74102.7 97805.2
74103.9 97909.8 74103.9 97909.8
74099.4 97807.4 74097.2 97798.5
74098.3 97954.3 74098.3 97954.3
74083.8 97831.9 74093.8 97831.9
74093.8 97918.7 74092.7 97907.6
74089.4 97622.6 74089.4 97622.6
74087.2 97767.3 74080.5 97818.5
72064.5 98762.5 72066.7 98758.1
69612.1 96943.6 69612.1 96943.6
71475.6 99922.5 71475.6 99922.5
77412.3 101877 77412.3 101877
74831.9 95293.8 74831.9 95293.8
74499 94957.6 74499 94957.6
80163 100958 80163 100958
80017.1 101635 80024.9 101615
74505.7 94955.4 74502.4 94944.3
74785.1 97983.3 74785.1 97983.3
80023.8 101630 80023.8 101619
79498.4 99797.8 79498.4 99797.8
74507.9 94937.6 74505.7 94935.3
74357.7 95358.4 74357.7 95358.4
72260.4 100508 72260.4 100508
69608.8 96476 69611 96453.7
69781.3 96636.3 69780.2 96638.5
72457.4 97295.3 72457.4 97295.3
74518 94953.2 74507.9 94935.3
74092.7 97820.7 74094.9 97887.5
74090.5 97925.4 74090.5 97925.4
74072.7 97711.7 74072.7 97711.7
74083.8 97807.4 74093.8 97840.8
74103.9 98047.8 74103.9 98047.8
74094.9 97854.1 74094.9 97858.6
69589.8 97758.4 69589.8 97758.4
69611 96473.8 69608.8 96480.5
71799.5 100009 71799.5 100009
74526.9 94710.5 74560.3 94719.4
77113.9 91522.3 77113.9 91522.3
77051.6 90095.2 77051.6 90095.2
-21304.7 95142.4 -21304.7 95142.4
80029.4 101610 80019.4 101581
74919.8 100989 74919.8 100989
67707.4 99561.8 67707.4 99561.8
73496 97019.2 73496 97019.2
74505.7 94910.9 74509.1 94924.2
