-3691.77 146755 -3691.77 146755
-3695.11 146781 -3739.64 147028
-4509.97 147089 -7805.03 147182
-7821.73 147211 -7808.37 149493
-7882.95 149493 -7882.95 149493
-7914.12 149489 -7914.12 149489
-7936.38 149493 -7936.38 149493
-7967.55 149493 -7967.55 149493
-8008.74 149500 -8008.74 149500
-8028.78 149497 -8550.87 149567
-8545.3 149705 -8545.3 149705
-8545.3 149720 -8545.3 149720
-8550.87 149776 -8550.87 149776
-8554.21 149794 -8554.21 149794
-8548.64 149809 -8548.64 149809
-8531.94 149843 -8531.94 149843
-8531.94 149800 -8531.94 149800
-8534.17 149760 -8506.34 149533
-8116.72 149504 -8116.72 149504
-8111.16 149471 -8112.27 148309
-7953.08 148331 -7816.16 148291
-7830.63 148097 -7763.84 147193
-6786.45 147115 -4602.37 147082
-4615.72 146677 -4604.59 143667
-4574.54 143664 -3770.81 143508
-3761.9 143210 -3761.9 143210
-3731.85 143154 -3731.85 143154
-3687.32 143126 -3478.04 142898
-3494.74 142435 -3494.74 142435
-3514.77 142369 -3514.77 142369
-3519.23 142357 -3502.53 141928
-2824.59 141756 -2824.59 141756
-2812.35 141801 -2812.35 141801
-2801.22 141785 -2801.22 141785
-2795.65 141767 -2762.26 141284
-2101.02 141289 -2101.02 141289
-2089.89 141267 -2089.89 141267
-2044.24 141273 -2044.24 141273
-2014.19 141271 -734.014 141184
-355.528 140527 326.861 139256
64.1468 138880 -90.5873 138595
-13.7768 138450 -13.7768 138450
-1.53169 138457 164.334 138599
156.542 138533 156.542 138533
169.9 138506 321.295 138250
0.694696 137693 961.382 135594
1464.55 135327 1464.55 135327
1473.45 135349 1873.09 135763
2087.94 135355 2087.94 135355
2112.43 135367 3777.77 137515
4275.36 136642 4355.51 136640
4355.51 136629 5984.12 136495
5975.21 135137 5975.21 135137
5941.82 135139 5941.82 135139
5889.5 135160 5889.5 135160
5876.14 135171 5876.14 135171
5865.01 135166 5865.01 135166
5859.44 135182 5859.44 135182
5858.33 135193 5858.33 135193
5858.33 135195 5858.33 135195
5889.5 135166 5889.5 135166
5961.85 135148 5961.85 135148
5975.21 135144 5975.21 135144
5976.32 135126 6015.29 134903
6687.66 134728 6687.66 134728
6707.69 134750 6707.69 134750
6743.32 134770 6743.32 134770
6776.71 134810 6776.71 134810
6804.54 134850 6804.54 134850
6811.22 134843 6811.22 134843
6804.54 134821 6804.54 134821
6780.05 134792 6780.05 134792
6735.52 134750 6735.52 134750
6722.17 134754 6722.17 134754
6709.92 134750 5555.54 134944
5555.54 135255 5555.54 135255
5547.74 135278 5151.45 135318
5160.35 135741 5160.35 135741
5145.88 135750 4414.51 135718
4423.42 135445 4377.78 134877
4256.44 134705 4256.44 134705
4250.87 134683 4250.87 134683
4253.1 134710 2600 132506
2669.02 132379 2830.44 132076
2824.87 131833 2824.87 131833
2798.15 131811 2607.8 131844
2427.46 132198 2594.44 132579
3243.43 133452 3532.86 134091
4102.82 134565 4102.82 134565
4122.86 134572 4262 134603
4567.02 134060 4567.02 134060
4589.28 134064 4598.19 134147
329.087 141841 329.087 141841
306.823 141839 306.823 141839
297.918 141816 297.918 141816
293.465 141794 293.465 141794
297.918 141772 297.918 141772
312.389 141739 312.389 141739
337.993 141694 337.993 141694
356.917 141656 356.917 141656
379.181 141618 379.181 141618
386.973 141616 386.973 141616
398.105 141618 398.105 141618
414.803 141629 1249.7 142881
1217.42 143466 1284.21 143319
1269.74 145134 1314.26 146739
1249.7 146937 1249.7 146937
1222.98 146962 39.6565 146959
36.3169 146884 30.751 145501
570.65 145307 570.65 145307
566.198 145314 566.198 145314
579.556 145281 551.726 143375
1924.3 141690 741.426 143306
804.421 143326 557.292 143738
616.291 143744 1389.96 143504
2018.92 143126 2018.92 143126
2032.28 143159 2124.67 145089
2243.78 144958 2713.55 144922
2680.15 144506 2680.15 144506
2675.7 144490 2675.7 144490
2670.14 144446 2670.14 144446
2655.66 144424 2655.66 144424
2642.31 144421 2642.31 144421
2591.1 144444 2106.86 144573
2051.2 143760 2051.2 143760
2037.84 143744 1550.26 144016
1369.92 144016 1369.92 144016
1362.13 144016 1362.13 144016
1316.49 143960 1264.17 143522
826.685 143615 596.254 143698
568.424 143130 568.424 143130
559.519 143119 559.519 143119
549.5 143108 348.012 143021
100.882 143455 100.882 143455
81.9579 143453 81.9579 143453
58.5808 143460 -52.7387 143408
-229.737 143678 -675.015 142718
-678.354 142676 -578.955 142245
-630.487 142195 -630.487 142195
-613.789 142173 -613.789 142173
-605.997 142173 -605.997 142173
-597.091 142175 -470.187 142418
-508.035 142569 -508.035 142569
-519.167 142591 -687.26 142687
-695.052 142654 -708.41 142275
-1129.2 142340 -1129.2 142340
-1170.39 142308 -1170.39 142308
-1179.29 142280 -1160.37 141529
-864.258 141551 -864.258 141551
-862.031 141574 -997.841 141819
-1026.78 141812 -1026.78 141812
-1053.5 141767 -1053.5 141767
-1121.41 141772 -1121.41 141772
-1129.2 141752 -1164.82 141249
-413.414 140625 -358.867 140449
-585.959 140225 -585.959 140225
-597.091 140213 -597.091 140213
-633.826 140160 -633.826 140160
-647.185 140147 -647.185 140147
-672.788 140102 -1613.44 139051
-3552.62 139111 -4416.46 139085
-4671.38 139203 -11479.7 139436
-11701.2 139323 -11680.1 136591
-138929 151363 -138384 150744
-86381 55465.9 -31563.9 117255
-13808.5 137542 -12292.3 139448
-12346.9 139448 -14474.2 139641
-14815.9 139886 -14815.9 139886
-14815.9 139897 -14815.9 139897
-14824.8 139913 -15604.1 144651
-15597.4 145570 -15597.4 145570
-15603 145604 -15595.2 146561
-11513.1 154986 -11300.5 155226
-11296 155466 -11362.8 157179
-11365 156889 -11365 156889
-11345 156862 -8461.81 157012
-8454.02 158225 -8454.02 158225
-8446.23 158238 -8446.23 158238
-8431.76 158249 -8431.76 158249
-8401.7 158258 -7630.26 158292
-7632.48 158403 -7632.48 158403
-7633.6 158425 -7560.13 159240
-7014.66 159245 -7014.66 159245
-6993.51 159282 -6993.51 159282
-6990.17 159329 -7003.53 161048
-7059.19 161075 -7059.19 161075
-7081.45 161044 -7198.34 161003
-7112.62 160981 -6102.95 160903
-4170.45 162299 -4076.94 162324
-4062.47 162780 -4034.64 162992
-3586.02 162981 -3463.57 162923
-3469.13 162529 -3469.13 162529
-3461.34 162502 -3461.34 162502
-3459.12 162480 -3394.55 162199
-3318.85 162190 -1282.82 162134
-1307.31 162858 -1248.31 163702
-574.827 163731 -574.827 163731
-569.261 163749 -144.021 170439
2410.76 174778 2410.76 174778
2399.63 174800 1433.38 175341
2412.99 174807 2412.99 174807
2418.55 174791 2418.55 174791
2427.46 174767 2427.46 174767
2425.23 174736 1890.9 173612
529.462 171534 440.407 171512
368.049 171879 631.876 175174
566.198 175201 566.198 175201
601.82 175201 601.82 175201
655.253 175181 655.253 175181
666.385 175159 376.955 171830
454.878 171416 454.878 171416
434.841 171363 -227.51 170138
-353.301 168335 -533.639 164726
97.5427 163424 1125.02 161943
1286.43 162043 1249.7 162099
1255.27 162012 1255.27 162012
1241.91 161999 1088.29 161898
1197.38 161634 1197.38 161634
1211.85 161622 1211.85 161622
1289.77 161638 1289.77 161638
1306.47 161642 1948.79 161611
1952.13 161121 1973.28 160914
2440.82 160897 2440.82 160897
2463.08 160888 2463.08 160888
2468.65 160865 2468.65 160865
2469.76 160832 2485.35 159823
3015.23 159808 3015.23 159808
3030.81 159779 3030.81 159779
3031.92 159728 3136.56 156027
4378.89 156050 4378.89 156050
4384.46 156072 4366.65 156390
4286.5 156395 4286.5 156395
4289.83 156402 4381.12 156422
4381.12 157435 4351.06 159728
4233.06 160429 3915.8 160854
2479.78 160897 2479.78 160897
2485.35 160910 2636.74 161026
2646.76 161059 2646.76 161059
2636.74 161081 2636.74 161081
2641.19 161115 2641.19 161115
2664.57 161110 2630.06 161426
2622.27 160926 2622.27 160926
2631.17 160914 2970.7 160863
2457.52 160852 2457.52 160852
2457.52 160821 2441.93 159797
1965.48 159797 1965.48 159797
1956.58 159783 1956.58 159783
1959.92 159763 1934.31 157976
1740.62 157969 1740.62 157969
1733.94 157958 1733.94 157958
1715.01 157949 1314.26 157938
1300.91 157846 1351 153307
1188.47 153349 1188.47 153349
1180.68 153340 1180.68 153340
1177.34 153322 1177.34 153322
1178.45 153285 1178.45 153285
1182.91 153216 1182.91 153216
1191.81 153182 1191.81 153182
1227.44 153151 1420.02 152795
1516.87 152788 1516.87 152788
1523.55 152793 1523.55 152793
1540.24 152784 1540.24 152784
1578.09 152777 1578.09 152777
1595.9 152784 2466.42 152688
2787.02 152706 3076.45 152683
2869.4 152683 3075.34 152488
3087.58 152093 3087.58 152093
3084.24 152091 3137.68 151058
3785.56 151085 4361.08 151078
1650.45 123711 5430.86 149221
7116.24 149319 7462.44 149304
7239.8 149299 7239.8 149299
7221.99 149299 7077.27 149230
7075.05 149130 7075.05 149130
7075.05 149103 7075.05 149103
7077.27 149059 7077.27 149059
7067.26 149043 6869.11 149159
6780.05 149054 6780.05 149054
6816.79 149092 6816.79 149092
6841.28 149126 6841.28 149126
6855.75 149099 6855.75 149099
6905.84 149081 6905.84 149081
6922.54 149074 6922.54 149074
6969.29 149070 6969.29 149070
6971.52 149063 6971.52 149063
6983.77 149059 6983.77 149059
7004.92 149059 7004.92 149059
7056.12 149066 7056.12 149066
7061.69 149088 7061.69 149088
7058.35 149132 7021.61 149319
5798.21 149342 3861.25 149364
1466.77 146993 1466.77 146993
1445.62 146993 581.782 146959
581.782 146866 590.688 145579
1267.51 148429 1128.36 161687
464.897 162807 -513.601 163668
-7092.58 164054 -7443.24 163980
-7407.62 163504 -7407.62 163504
-7396.49 163497 -7255.11 163524
-7407.62 163493 -7407.62 163493
-7407.62 163468 -7184.98 163379
-7075.89 163457 -7075.89 163457
-7073.66 163468 -7088.13 165819
-7741.58 165534 -7741.58 165534
-7782.76 165568 -8035.8 167788
-7921.91 166919 -7816.16 166565
-7143.79 166732 -7143.79 166732
-7125.98 166732 -7125.98 166732
-7114.85 166719 -7114.85 166719
-7107.05 166687 -7018 164127
-4081.39 164127 -3091.76 164071
-3010.5 163987 -3010.5 163987
-2938.14 163969 -2938.14 163969
-2927.01 163960 -2407.15 163853
-2437.2 166447 -2420.5 166707
-2247.96 166652 -1945.17 166587
-1955.19 166699 -1955.19 166699
-1964.09 166707 -1964.09 166707
-1999.72 166707 -1999.72 166707
-2010.85 166707 -2010.85 166707
-1997.49 166719 -1997.49 166719
-1958.53 166721 -1973 166621
-2151.11 166603 -2429.41 165795
-2411.6 164726 -2398.24 163847
-2311.41 163831 -2008.62 163702
-2039.79 163134 -1755.93 162923
-1760.38 162880 -1800.45 162110
-1615.66 162121 -1615.66 162121
-1583.38 162112 -1208.79 162180
-1223.82 162101 -4877.33 162273
-4164.88 162261 -4054.67 162373
-4032.41 163924 -4032.41 163924
-4029.07 163916 -4029.07 163916
-4029.07 163887 -4040.2 162992
-3908.85 162992 -4051.33 162981
-4029.07 164020 -4029.07 164020
-4043.54 164027 -5442.83 163994
-5537.45 163831 -5537.45 163831
-5537.45 163775 -5550.81 162224
-4148.18 162261 -4148.18 162261
-4127.03 162268 -4127.03 162268
-4115.9 162261 -4115.9 162261
-4099.2 162255 -4099.2 162255
-4076.94 162273 -4025.73 163001
-3921.09 162985 -3837.6 162936
-3853.19 162689 -3853.19 162689
-3850.96 162651 -3850.96 162651
-3830.92 162618 -3830.92 162618
-3828.7 162589 -3828.7 162589
-3819.79 162557 -3847.62 162985
-3999.01 162981 -3999.01 162981
-4040.2 162996 -4017.94 164771
-4424.26 164795 -4424.26 164795
-4432.05 164784 -4432.05 164784
-4437.61 164771 -4437.61 164771
-4437.61 164726 -4440.95 164138
-4079.16 164125 -4079.16 164125
-4036.86 164125 -4036.86 164125
-4026.84 164114 -4059.13 160781
-3928.88 160747 -3606.06 160970
-3132.95 160954 -3132.95 160954
-3124.04 160992 -3169.68 161133
-3149.65 160810 -3149.65 160810
-3116.25 160796 -3012.72 160874
-3780.83 160799 -3909.96 160703
-7006.87 162255 -7006.87 162255
-6962.34 162228 -6893.32 161030
-6676.25 161026 -3892.15 160776
-3494.74 160988 -736.24 160892
-680.581 160710 -436.791 159193
-703.958 154814 -826.409 154108
-772.976 153935 -675.015 153797
7665.04 152766 8859.5 152476
8845.03 153062 8845.03 153062
8809.41 153129 8809.41 153129
8786.03 153140 8196.04 153100
8817.2 153144 8887.33 152439
10262.1 152516 10654 152603
10698.5 152528 9865.83 144221
6087.64 133390 6087.64 133390
6108.8 133367 6816.79 133289
6908.07 133919 6908.07 133919
6885.81 133993 6683.2 134737
6726.62 134765 6726.62 134765
6738.86 134770 6768.92 134781
6743.32 134759 6743.32 134759
6715.49 134739 6715.49 134739
6709.92 134748 6709.92 134748
6713.26 134770 7525.89 137214
6557.41 138321 6201.19 138546
6028.65 138512 5887.27 138544
5889.5 139151 5889.5 139151
5919.55 139212 5919.55 139212
5934.02 139214 5934.02 139214
5950.72 139218 6097.66 138533
6184.49 138535 383778 -142442
6295.81 138528 6295.81 138528
6229.02 138566 5903.97 138517
5886.16 139125 5844.97 140171
5800.44 140136 5800.44 140136
5748.12 140098 5377.43 140238
5232.71 140104 5232.71 140104
5190.41 140115 4973.34 140503
3047.51 142398 746.535 143693
676.404 143700 109.788 143876
54.1281 143900 54.1281 143900
22.9586 143889 -587.072 143074
-641.619 142647 -641.619 142647
-652.751 142640 -1129.2 142769
-1160.37 142406 -1160.37 142406
-1162.59 142384 -1154.8 141251
-973.351 141229 -475.753 141861
-519.167 141950 -758.504 142253
-1112.5 142306 -1761.49 142351
-1716.97 141589 -1716.97 141589
-1711.4 141583 -1711.4 141583
-1702.49 141556 -1758.15 141260
-1877.27 141273 -2053.15 141300
-1978.57 143299 -2142.21 143404
1720.58 134903 1720.58 134903
1718.35 134892 2975.15 132655
3132.11 132566 3132.11 132566
3139.9 132566 3139.9 132566
3171.07 132557 3171.07 132557
3190 132528 3190 132528
3195.56 132479 3098.72 132149
3082.02 132165 3082.02 132165
3086.47 132194 3086.47 132194
3084.24 132205 3084.24 132205
3082.02 132205 3082.02 132205
3098.72 132194 3098.72 132194
3165.51 132194 3165.51 132194
3167.73 132205 3215.6 132568
3599.65 132824 3713.2 133496
3672.01 133726 3672.01 133726
3665.33 133770 3665.33 133770
3631.94 133837 3631.94 133971
4054.95 134483 4054.95 134483
4100.59 134543 4403.38 134928
4544.76 134937 6754.45 134781
6798.98 134848 6798.98 134848
6804.54 134848 6804.54 134848
6793.41 134832 6672.07 134725
5529.93 134910 5529.93 134910
5497.65 134895 5497.65 134895
5490.97 134892 4369.98 134872
4325.46 134803 4325.46 134803
4299.85 134765 4266.46 134603
4234.17 134748 4234.17 134748
4225.27 134714 4225.27 134714
4208.57 134699 4208.57 134699
4194.1 134694 4194.1 134694
4178.52 134714 674.178 141073
476.029 141222 -622.694 142963
-626.034 142662 -1607.87 144412
-739.58 142551 4299.85 141805
-658.317 142273 -658.317 142273
-656.09 142219 -656.09 142219
-670.562 142224 -670.562 142224
-715.09 142224 -715.09 142224
-745.146 142246 -1541.08 145379
-1526.61 146116 -1507.68 146548
-1493.21 146383 -1493.21 145225
-1234.95 145307 -1234.95 145307
-1227.16 145325 -1168.16 146332
-1037.92 146332 -1037.92 146332
-1029.01 146358 -1029.01 146358
-1008.97 146394 -706.184 146327
-702.844 146187 -678.354 145935
-12491.6 145868 -695.052 145953
-769.636 145853 -769.636 145853
-754.051 145848 -653.864 146013
-637.166 145986 -592.638 145374
-24.9088 145352 1308.7 145256
1316.49 145212 1152.85 142495
648.574 141801 646.348 141373
2102.41 138751 2335.06 138512
2355.1 138555 2355.1 138555
2364.01 138606 2364.01 138606
2360.67 138655 2360.67 138655
2343.97 138695 2343.97 138695
2313.91 138724 2313.91 138724
2284.97 138733 2284.97 138733
2252.69 138722 -613.789 135010
-636.053 134659 384.747 130535
585.122 130491 916.854 130506
938.005 130420 938.005 130420
969.174 130402 1405.55 130308
1411.11 130257 1465.32 129376
1399.98 129433 1399.98 129433
1401.09 129507 1428.92 129678
1870.86 129685 3108.73 129741
3115.41 129801 3192.22 131782
3648.63 131916 3648.63 131916
3654.2 131916 3685.37 131949
3464.96 131811 3464.96 131811
3451.6 131809 3451.6 131809
3432.67 131800 3158.83 131867
3173.3 132510 3173.3 132510
3145.47 132535 2686.83 132677
2600 132557 2477.83 132295
2538.78 132517 2538.78 132517
2553.25 132523 2709.1 132973
2490.91 133403 2490.91 133403
2496.48 133396 2496.48 133396
2483.12 133436 2483.12 133436
2486.46 133467 2486.46 133467
2505.38 133501 3499.47 134714
3577.39 134554 3577.39 134554
3557.35 134583 3479.43 134759
3679.8 135059 3679.8 135059
3677.58 135095 3493.9 135594
3587.41 135734 3587.41 135734
3581.84 135774 610.726 141106
537.255 141155 162.108 141629
258.956 141467 258.956 141467
276.767 141460 276.767 141460
292.352 141471 292.352 141471
303.484 141482 1189.59 142654
1267.51 142941 1236.34 146995
907.949 147004 907.949 147004
910.175 147028 910.175 147028
893.477 147022 30.751 146950
47.4489 146472 97.5427 145347
1206.28 145319 1206.28 145319
1283.1 145296 1283.1 145296
1306.47 145267 1306.47 145267
1316.49 145234 1210.74 142613
648.574 141730 651.914 141360
2243.78 138512 2243.78 138512
2273.84 138488 2273.84 138488
2308.35 138488 2308.35 138488
2343.97 138512 2343.97 138512
2364.01 138561 2279.4 138733
-1381.89 134659 -6965.68 134848
-6987.94 133779 -6987.94 133779
-6986.83 133752 -7154.92 130041
-8344.93 130023 -8344.93 130023
-8353.83 130001 -8345.46 128384
-8418.4 128681 -8418.4 128681
-8418.4 128692 -8322.66 130079
-7216.15 130083 -7216.15 130083
-7160.49 130083 -5581.98 130157
-5567.51 131087 -5567.51 131087
-5543.02 131136 -5543.02 131136
-5517.41 131136 -4879.39 131131
-5155.62 131096 -5307.02 131070
-5097.74 131103 -5097.74 131103
-5088.83 131132 -4989.76 132546
-4724.82 132528 -3686.21 132555
-3722.94 133274 -3687.32 137689
-3978.98 137709 -3978.98 137709
-4003.47 137711 -4003.47 137711
-4062.47 137715 -4062.47 137715
-4084.73 137727 -4747.08 137700
-4738.18 137292 -4491.05 135997
-4743.74 136019 -4743.74 136019
-4752.65 136012 -4752.65 136012
-4760.44 135990 -4744.86 131036
-4875.1 131065 -4875.1 131065
-4889.57 131074 -4889.57 131074
-4891.8 131103 -4891.8 131103
-4880.66 131132 -4880.66 131132
-4882.89 131108 -4882.89 131108
-4899.59 131081 -4899.59 131081
-4944.12 131087 -4944.12 131087
-5019.81 131099 -5019.81 131099
-5083.27 131099 -5083.27 131099
-5095.51 131096 -5095.51 131096
-5106.64 131099 -5223.53 131125
-5101.08 131119 -5101.08 131119
-5089.95 131132 -5089.95 131132
-5088.83 131177 -5012.02 132109
-4975.29 132261 -4994.21 132550
-4619.06 132477 -4554.5 132328
-4399.76 132334 -4237.24 132488
-4204.96 132345 -3798.64 132512
-2888.05 132535 -2888.05 132535
-2876.91 132557 -2841.29 133690
-2240.17 133668 -2240.17 133668
-2244.62 133659 -2244.62 133659
-2268 133659 -2268 133659
-2314.75 133614 -2314.75 133614
-2364.84 133568 -2921.44 133735
-2929.23 133948 -2929.23 133948
-2934.8 133957 -3179.7 134020
-3188.61 134113 -3275.44 134661
-3342.23 134683 -10738.3 135070
-10749.4 135028 -10791.7 132624
-10293 132590 -10293 132590
-10288.6 132572 -10237.4 132466
-10057 132457 -10057 132457
-10051.5 132477 -10179.5 132590
-10808.4 132628 -10808.4 132628
-10816.2 132617 -10816.2 132617
-10817.3 132590 -10784.9 132116
-10828.5 133545 -10791.7 135233
-10732.7 135226 -10732.7 135226
-10728.3 135233 -10728.3 135233
-10700.4 135229 -9001.71 135173
-8986.13 135727 -9008.39 136273
-9320.09 136286 -9471.58 136238
-9441.42 136313 -9441.42 136313
-9420.27 136317 -9420.27 136317
-9414.71 136324 -9414.71 136324
-9411.37 136340 -9409.14 137793
-9411.37 137642 -9446.99 137442
-9949.04 137459 -9949.04 137459
-9951.27 137464 -10780.6 137508
-10828.5 137678 -12904.6 139541
-13856.4 129990 -10674.8 139497
-7265.13 139370 -7265.13 139370
-7265.13 139392 -7218.37 140498
-6982.38 140481 -6192.01 140461
-6114.08 142943 -6124.1 143582
-6218.73 143589 -7771.63 143549
-7793.9 143442 -7884.06 143110
-7908.56 143121 -7908.56 143121
-7939.72 143137 -7939.72 143137
-7953.08 143163 -7953.08 143163
-7967.55 143230 -7832.86 143887
-7908.56 145668 -7908.56 145668
-7908.56 145746 -7908.56 145746
-7927.48 145764 -7927.48 145764
-8006.52 145764 -8244.74 145813
-8234.72 146031 -8234.72 146031
-8236.95 146042 -8190.19 147195
-8468.49 147215 -8593.17 147204
-8623.23 145831 -8682.23 143765
-8206.89 143720 -8206.89 143720
-8203.55 143711 -2874.69 143511
-2793.42 142168 -2793.42 142168
-2796.76 142101 -2760.03 141316
-2114.38 141293 -1682.46 141307
-1765.95 142369 -1765.95 142369
-1730.32 142391 -13519.1 142346
-1216.03 142308 -1216.03 142308
-1187.08 142253 -1187.08 142253
-1170.39 142246 -1170.39 142246
-1164.82 142217 -1149.24 141222
-1049.05 141244 -734.014 141215
-652.751 141088 -652.751 141088
-641.619 141093 -316.566 141596
-380.018 141705 -457.942 141839
-563.695 141696 -563.695 141696
-589.299 141685 -843.107 141238
-764.07 141226 -764.07 141226
-730.674 141193 -391.15 140454
-650.524 140127 -650.524 140127
-664.996 140087 -664.996 140087
-675.015 140069 -1613.44 139029
-1986.36 138944 -1655.74 137526
-865.371 135026 -1014.54 134737
-7866.25 134921 -9274.45 130863
-8019.87 143586 -9116.37 143894
-10446.6 144717 -10446.6 144717
-10477.8 144746 -10571.3 146116
-10799.5 146131 -10799.5 146131
-10871.9 146165 -11231.4 146338
-11212.5 146937 -11212.5 146937
-11217 146922 -11217 146922
-11217 146893 -11283.8 146269
-11771.3 146182 -11985.1 146069
-11979.5 145920 -11979.5 145920
-12001.8 145893 -15125.4 145437
-15953.6 144813 -15953.6 144813
-16014.8 144822 -17448.6 143849
-17841.6 143954 -19621.6 144127
-19649.4 145336 -20246.1 145278
-20161.5 144050 -19439 144009
-19355.5 142435 -19355.5 142435
-19326.6 142420 -19326.6 142420
-19293.2 142451 -19118.4 142609
-18971.5 142458 -18430.5 142317
-18420.5 142064 -18420.5 142064
-18422.7 142050 -18428.2 141215
-18172.2 141200 -18172.2 141200
-18133.3 141215 -18133.3 141215
-18125.5 141218 -18125.5 141218
-18049.8 141238 -18049.8 141238
-18033.1 141271 -18033.1 141271
-18027.5 141284 -17960.7 141734
-16923.2 141373 -15948 140795
-15623 140583 -14217 139603
-7129.32 139325 -1546.65 139089
-1326.23 139296 1217.42 142731
1278.64 143041 1233 157793
1269.74 157635 1403.32 157602
1406.66 157314 1406.66 157314
1388.85 157274 1526.6 156890
1345.43 156911 1345.43 156911
1300.91 156929 1260.83 142743
1163.98 142513 965.835 142576
615.178 143152 615.178 143152
594.028 143188 594.028 143188
570.65 143186 570.65 143186
543.934 143159 364.709 142965
206.636 143248 206.636 143248
192.164 143241 -107.285 142787
0.694696 142569 373.615 141941
579.556 141917 579.556 141917
624.084 141923 624.084 141923
670.838 141968 1089.4 142402
1110.55 142331 3264.58 138484
3286.85 138499 3629.71 138702
4427.87 138606 4436.78 136620
5833.84 136576 5987.46 136529
5998.59 134903 6744.43 134761
6796.75 134850 6796.75 134850
6802.32 134848 6802.32 134848
6796.75 134843 6796.75 134843
6755.56 134788 6755.56 134788
6738.86 134761 6738.86 134761
6729.96 134770 6729.96 134770
6722.17 134792 6722.17 134792
6737.75 134821 7531.46 137219
6237.93 138555 6237.93 138555
6195.62 138555 5897.29 138546
5917.33 139768 5928.46 139868
5920.67 139741 5806.01 138484
5508.78 138477 5508.78 138477
5499.88 138455 5576.35 137665
5499.88 138087 5499.88 138087
5514.35 138094 5891.72 138089
5895.06 138512 5838 139365
5903.97 139318 5781.52 138477
5499.88 138484 5499.88 138484
5490.97 138488 4433.44 138383
4401.15 137508 4401.15 137508
4397.81 137515 4323.23 134754
5046.81 133441 5875.02 131771
5842.74 131711 5842.74 131711
5797.1 131671 5797.1 131671
5742.55 131660 5516.58 131760
5234.94 131644 3718.77 129106
3182.21 128861 1902.03 128681
1896.47 128202 1884.22 127670
1863.07 127701 1863.07 127701
1854.16 127735 7008.26 129522
7004.92 129500 7004.92 129500
6993.79 129489 6993.79 129489
6980.43 129482 6644.24 129518
6626.43 129304 6626.43 129304
6627.54 129326 6627.54 129326
6640.9 129404 6693.22 129578
6839.05 129516 6839.05 129516
6849.07 129505 6849.07 129505
6900.28 129484 6900.28 129484
6947.03 129500 6947.03 129500
6977.09 129500 7189.71 129674
7147.41 129767 6034.21 131856
6151.1 131978 6414.92 132105
7086.18 132116 7132.93 133407
6716.6 134449 6585.24 134772
5444.22 134917 5444.22 134917
5440.88 134939 5433.09 135295
5152.56 135289 5152.56 135289
5152.56 135304 4846.43 135707
4689.47 135716 4689.47 135716
4685.02 135727 4685.02 135727
4692.81 135723 4839.75 135734
4848.66 135868 4857.56 136106
4948.85 136097 4948.85 136097
4968.88 136106 4968.88 136106
4985.58 136108 4985.58 136108
4990.03 136119 5046.81 136618
5488.75 136587 5488.75 136587
5488.75 136598 5522.14 138495
5891.72 138521 5891.72 138521
5895.06 138550 5942.93 140349
6058.7 140904 6562.98 142124
6771.15 142765 6943.69 144544
7453.53 144613 7589.34 150784
6381.53 150940 6381.53 150940
6375.96 150978 6340.34 151530
6381.53 151067 6381.53 151067
6382.64 151056 6382.64 151056
6381.53 150989 6381.53 150989
6362.6 150936 6362.6 150936
6340.34 150918 4451.25 150980
4333.25 142168 4008.2 141182
2145.82 138539 2145.82 138539
2149.16 138479 2149.16 138479
2169.2 138423 3613.01 135685
2280.52 133902 1996.65 133307
1984.41 132877 1984.41 132877
1978.84 132869 1978.84 132869
1965.48 132855 1965.48 132855
1946.56 132846 1767.34 132991
1767.34 133056 1767.34 133056
1757.32 133067 1757.32 133067
1731.71 133067 1731.71 133067
1715.01 133058 1715.01 133058
1696.09 133073 1696.09 133073
1701.66 133096 1701.66 133096
1726.15 133069 1726.15 133069
1751.75 133036 1751.75 133036
1756.2 133011 1756.2 133011
1756.2 132962 1756.2 132962
1751.75 132935 1751.75 132935
1757.32 132911 1757.32 132911
1759.54 132891 1759.54 132891
1768.45 132889 2090.16 132802
2362.89 132332 2362.89 132332
2390.72 132328 2390.72 132328
2410.76 132339 2530.99 132495
2390.72 133111 2390.72 133111
2388.5 133129 3627.48 133964
3777.77 134171 3498.35 134806
3679.8 135044 3679.8 135044
3679.8 135088 3679.8 135088
3659.77 135126 -7727.1 169693
3744.37 135901 4228.61 136562
4228.61 136691 2731.36 139318
2503.16 139013 2368.46 138461
2107.97 138154 1923.18 138239
-1262.78 134714 -2407.15 134683
-16227.5 135518 -17118 135729
-17512.1 136141 -19471.3 139036
-19478 148509 -19473.7 158815
-19565.9 156856 -19565.9 156856
-19544.8 156833 -18437.2 156880
-18431.6 157508 -18431.6 157508
-18413.8 157524 -18274.6 157374
-18289.1 157370 -18289.1 157370
-18302.5 157357 -18302.5 157357
-18330.3 157374 -18330.3 157374
-18339.2 157403 -18339.2 157403
-18328.1 157426 -18328.1 157426
-18291.3 157441 -18291.3 157441
-18285.8 157475 -18285.8 157475
-18286.9 157515 -18286.9 157515
-18302.5 157526 -18433.8 157374
-18408.2 156789 -18408.2 156789
-18374.8 156800 -16808.5 156858
-16808.5 157904 -16808.5 157904
-16791.9 157913 -16552.5 157924
-16539.2 158038 -16539.2 158038
-16522.5 158038 -16393.3 157909
-16396.7 157530 -16432.3 156299
-16528 156379 -17250.5 156368
-17244.9 155230 -17244.9 155230
-17228.2 155208 -10546.8 154937
-9937.91 154674 -7346.39 154480
-7343.05 154429 -7349.73 154097
-7243.98 154097 -7243.98 154097
-7170.51 154102 -6514.84 154073
-6520.4 153930 -6520.4 153930
-6528.19 153906 -6528.19 153906
-6531.53 153872 -6531.53 153872
-6530.42 153839 -6608.34 149486
-6524.85 149364 -6524.85 149364
-6458.06 149364 -5227.98 149210
-5175.66 149143 -5175.66 149143
-5145.61 149132 -5145.61 149132
-5095.51 149121 -5095.51 149121
-5050.98 149119 -2670.97 149059
-2665.41 149014 -2698.8 146403
-2615.31 146405 -2108.81 146436
-2080.98 145359 -2080.98 145359
-2053.15 145356 -1760.38 145452
-1760.38 145742 -1760.38 145742
-1788.21 145735 -1788.21 145735
-1799.34 145681 -1777.08 144522
-1437.55 144522 -1437.55 144522
-1418.63 144484 -1023.44 143571
-1082.44 143511 -1136.99 141545
-1021.22 141560 -1021.22 141560
-1001.18 141563 -856.465 141594
-870.937 141796 -870.937 141796
-886.522 141796 -886.522 141796
-900.993 141783 -900.993 141783
-917.691 141794 -917.691 141794
-973.351 141805 -973.351 141805
-1015.65 141816 -1015.65 141816
-1025.67 141785 -1126.97 141774
-997.841 141572 -997.841 141572
-975.577 141574 -975.577 141574
-971.124 141567 -971.124 141567
-978.917 141563 -978.917 141563
-978.917 141507 -908.786 141260
-77.2289 142268 542.821 141115
414.803 141166 271.201 141340
-4.87128 140933 248.941 140623
-4.87128 140937 -1600.08 139022
-1817.15 138984 -2021.98 138800
-1983.02 138546 -850.899 135162
-880.956 134977 -1045.71 134721
-1554.44 134625 -3672.85 134654
-3683.98 133356 -3739.64 132490
-4154.86 132499 -4154.86 132499
-4157.09 132483 -4114.02 132126
-4192.71 132165 -4190.48 132523
-4568.97 132510 -4568.97 132510
-4572.31 132517 -4572.31 132517
-4596.8 132546 -4596.8 132546
-4646.89 132546 -4646.89 132546
-4702.55 132506 -4702.55 132506
-4719.25 132483 -4719.25 132483
-4724.82 132439 -4741.52 130135
-7092.58 130050 -7092.58 130050
-7110.39 130072 -7110.39 130072
-7120.41 130112 -9489.29 130306
-10499 127596 -10457.8 126940
-10960.9 126477 -12091.9 123596
-12177.7 123618 -12965.8 124201
-13143.9 124208 -13143.9 124208
-13140.6 124235 -13140.6 124235
-13155 124239 -14090.1 124257
-14097.9 124228 -14057.8 123238
-14140.2 123371 -14140.2 123371
-14134.7 123362 -14122.4 123228
-13023.7 123222 -13023.7 123222
-13015.9 123195 -13274.2 122402
-12931.3 122320 -12146.5 123571
-12088.6 123478 -12088.6 123478
-12091.9 123551 -12091.9 123551
-12077.5 123544 -11481.9 123311
-11270.4 123362 -11270.4 123362
-11248.1 123395 -11151.3 124313
-10327.5 123896 -10327.5 123896
-10329.8 123885 -10329.8 123885
-10338.7 123883 -10622.5 124139
-10599.1 124230 -10294.1 125499
-10359.8 125510 -11166.9 125633
-11284.9 125755 -11284.9 125755
-11292.7 125775 -11008.8 126873
-11058.9 127078 -10539 127741
-8122.29 134182 -7688.14 137720
-7799.46 139218 -8173.5 139323
-11713.5 139425 -11713.5 139425
-11756.9 139434 -12925.7 139445
-14484.2 139668 -15719.8 140576
-15781.1 140743 -15581.8 156072
-15598.5 157570 -15595.2 158025
-15554 157987 -15554 157987
-15547.3 157982 -15547.3 157982
-15495 157938 -15495 157938
-15474.9 157915 -15474.9 157915
-15458.2 157902 -15458.2 157902
-15441.5 157835 -15441.5 157835
-15405.9 157820 -15533.9 157337
-15403.7 157323 -15403.7 157323
-15387 157323 -15036.3 157212
-15352.5 157270 -15352.5 157270
-15359.2 157279 -15359.2 157279
-15364.7 157285 -15364.7 157285
-15380.3 157292 -15380.3 157292
-15419.3 157285 -15419.3 157285
-15436 157292 -15436 157292
-15515 157301 -15515 157301
-15525 157301 -15525 157301
-15530.6 157292 -15530.6 157292
-15530.6 157301 -15448.2 155259
-15411.5 155255 -15411.5 155255
-15400.4 155219 -15545.1 153783
-15536.2 153734 -15536.2 153734
-15542.8 153705 -15542.8 153705
-15547.3 153663 -15547.3 153663
-15558.4 153641 -15558.4 153641
-15550.6 153619 -15550.6 153619
-15539.5 153585 -15539.5 153585
-15550.6 153552 -15372.5 152971
-15352.5 152937 -15352.5 152937
-15344.7 152884 -15344.7 152884
-15381.4 152850 -15381.4 152850
-15381.4 152815 -15503.9 152543
-15647.5 152973 -15647.5 152973
-15648.6 152960 -15648.6 152960
-15647.5 152939 -15647.5 152939
-15653.1 152884 -15503.9 148220
-15414.8 148220 -15414.8 148220
-15370.3 148246 -13866.4 148235
-13860.8 148286 -13800.7 149297
-12892.3 149420 -12892.3 149420
-12867.8 149420 -12789.9 152848
-12743.2 152960 -12743.2 152960
-12720.9 153000 -11874.9 152966
-11823.7 152670 -11823.7 152670
-11827 152744 -11996.2 153819
-12378 153806 -12736.5 153616
-12782.1 153351 -12890.1 153216
-12899 153249 -12899 153249
-12892.3 153322 -12910.1 153908
-13182.9 153890 -13502.4 153984
-13476.8 154921 -13500.1 155934
-13461.2 155233 -13461.2 155233
-13446.7 155215 -13446.7 155215
-13415.5 155208 -8472.94 154632
-8459.59 154665 -8423.96 155522
-8429.53 155014 -8520.81 153619
-8940.49 153623 -9586.14 153719
-9665.18 153634 -9665.18 153634
-9669.63 153616 -9689.67 152481
-9700.8 152759 -9703.03 152906
-10104.9 152884 -10104.9 152884
-10127.2 152862 -10127.2 152862
-10131.6 152828 -10101.5 151837
-10220.7 151824 -10220.7 151824
-10226.2 151808 -10226.2 151808
-10229.6 151824 -10229.6 151824
-10192.8 151826 -10192.8 151826
-10149.4 151846 -9706.36 151902
-9704.14 152227 -9714.16 154629
-11192.5 154952 -11244.8 154736
-11303.8 154810 -11303.8 154810
-11301.6 154876 -11301.6 154876
-11290.4 154888 -11337.2 154709
-11373.9 154841 -11373.9 154841
-11396.2 154781 -11417.3 156624
-11721.2 156769 -12075.2 156802
-11877.1 156847 -12113.1 156718
-11980.6 156744 -11980.6 156744
-11975.1 156778 -11975.1 156778
-11977.3 156847 -11977.3 156847
-11982.8 156889 -11990.6 157158
-12146.5 157201 -12331.3 157107
-12307.9 157927 -12307.9 157927
-12333.5 157913 -13541.3 157958
-15610.8 146378 -13732.8 157987
-13789.6 157969 -13789.6 157969
-13782.9 158016 -13730.6 159612
-12678.6 159567 -12678.6 159567
-12670.8 159590 -12723.1 161556
-10029.2 161531 -7964.21 161175
-7934.16 161620 -7934.16 161620
-7934.16 161654 -7934.16 161654
-7882.95 161683 -7882.95 161683
-7869.59 161678 -7869.59 161678
-7852.9 161683 -7852.9 161683
-7836.2 161665 -7836.2 161665
-7845.1 161638 -7847.33 161108
-5367.13 160877 -5367.13 160877
-5350.43 160903 -5350.43 160903
-5348.21 160941 -5348.21 160941
-5362.68 160977 -5362.68 160977
-5396.07 160992 -5556.37 160999
-5584.2 160681 -5495.15 158984
-5528.54 158788 -5706.66 158759
-5732.26 157682 -5732.26 157682
-5734.49 157608 -5734.49 157608
-5732.26 157575 -5732.26 157575
-5710 157548 -4945.23 157196
-4240.58 157141 -4240.58 157141
-4214.97 157134 -4214.97 157134
-4198.28 157114 -4198.28 157114
-4188.26 157069 -4207.18 155164
-4065.81 155175 -4065.81 155175
-4029.07 155197 -3775.26 155104
-3773.04 155063 -3773.04 155063
-3742.98 155066 -3742.98 155066
-3734.07 155059 -3542.6 155210
-3524.79 155411 -3524.79 155411
-3522.57 155444 -3522.57 155444
-3514.77 155482 -3514.77 155482
-3522.57 155460 -3522.57 155460
-3530.36 155471 -3297.7 157991
-3222 160954 -3219.78 162195
-3496.96 162221 -3496.96 162221
-3505.87 162224 -3505.87 162224
-3553.74 162235 -3553.74 162235
-3574.89 162244 -3574.89 162244
-3641.68 162244 -3641.68 162244
-3659.49 162250 -3659.49 162250
-3686.21 162250 -3686.21 162250
-3711.81 162244 -3711.81 162244
-3754.11 162244 -3754.11 162244
-3765.24 162244 -3765.24 162244
-3776.38 162228 -3776.38 162228
-3787.51 162232 -3787.51 162232
-3819.79 162224 -3819.79 162224
-3839.83 162232 -3839.83 162232
-3845.39 162250 -3845.39 162250
-3847.62 162266 -3847.62 162266
-3842.05 162273 -3842.05 162273
-3843.17 162324 -3837.6 162978
-3981.2 162978 -3981.2 162978
-4034.64 162974 -4034.64 162974
-4042.43 162958 -4042.43 162958
-4045.77 162936 -4040.2 160507
-4010.15 160507 -3210.87 160431
-3222 159984 -3381.19 157490
-3475.81 156945 -3591.59 156023
-3875.45 156039 -3862.09 155449
-3747.43 155442 -3747.43 155442
-3731.85 155437 -3731.85 155437
-3730.73 155411 -3652.81 155141
-3592.7 155166 -3592.7 155166
-3559.3 155148 -3559.3 155148
-3542.6 155104 -3542.6 155104
-3539.27 155130 -3430.17 156099
-2607.52 155976 -2607.52 155976
-2601.95 155972 -2601.95 155972
-2581.92 155972 -787.447 155965
-758.504 156194 -758.504 156194
-730.674 156194 -730.674 156194
-675.015 156228 -631.6 158254
-641.619 158216 -602.657 157969
-97.2665 157942 -97.2665 157942
-57.1914 157938 2357.33 158080
2355.1 158105 2355.1 158105
2352.88 158149 2352.88 158149
2355.1 158165 2352.88 158911
2700.19 158866 2700.19 158866
2700.19 158851 2770.97 158725
2696.85 158695 3000.75 158826
3000.75 159026 3000.75 159026
3009.66 159067 3009.66 159067
3030.81 159006 3104.09 156113
3026.36 156223 3026.36 156223
3025.25 156235 2968.56 156969
3054.19 156121 3054.19 156121
3078.68 156079 3092.04 152065
3086.47 152416 3142.13 152726
7735.17 152737 9969.36 152461
10178.6 152599 10579.4 152855
13915.6 152287 14134.9 152227
14147.2 152109 14096 151379
14329.7 150110 14578 150116
14622.5 150290 14909.7 150468
15017.7 150406 15093.4 150283
15001 150401 14674.8 150379
14594.7 150217 14836.2 149141
12680 149077 11533.4 149152
11559 149898 11559 149898
11574.6 149905 11842 149956
11557.9 149867 11491.1 149115
8728.14 149253 8733.71 149426
8731.48 149266 8731.48 149266
8731.48 149226 8731.48 149226
8722.58 149197 7878.78 149126
7874.32 149037 7874.32 149037
7867.64 149037 7859.85 148725
7509.19 148754 7451.31 144550
7167.44 144501 7167.44 144501
7161.88 144461 7160.76 143911
6557.41 142046 5964.08 140503
5930.68 140087 5930.68 140087
5934.02 140049 6093.21 140944
6357.04 141516 6357.04 141516
6373.74 141527 6774.49 142654
7180.8 142625 7180.8 142625
7183.03 142651 7183.03 142651
7189.71 142662 7189.71 142662
7178.58 142607 7178.58 142607
7161.88 142598 7033.86 142607
6403.79 141578 5917.33 139234
5902.85 139367 5902.85 140213
5837.18 140187 5463.14 140164
5386.33 140287 5386.33 140287
5362.95 140280 5362.95 140280
5341.8 140258 5212.67 140180
5163.69 140236 5163.69 140236
5149.22 140242 5015.64 140483
4831.96 140249 4431.21 139641
4417.85 138421 4417.85 138421
4416.74 138401 4369.98 134861
4233.06 134694 4233.06 134694
4227.5 134692 4227.5 134692
4238.63 134650 7631.65 128142
8856.16 124497 8856.16 124497
8847.25 124464 8847.25 124464
8822.76 124446 6974.86 124591
6965.96 124257 6965.96 124257
6967.07 124217 6967.07 124217
6958.16 124201 6958.16 124201
6954.82 124219 6997.12 124635
8761.54 124473 8761.54 124473
8814.97 124468 8814.97 124468
8828.33 124468 8828.33 124468
8836.12 124513 5252.75 132617
4234.17 134581 4234.17 134581
4194.1 134610 3034.15 133185
2965.13 133300 2965.13 133300
2931.74 133363 2775.89 133842
3260.13 134480 3482.77 134737
3548.45 134610 3615.24 134460
3531.75 134650 3531.75 134650
3515.05 134694 3515.05 134694
3493.9 134748 3670.9 135155
2234.88 138101 1870.86 138143
1726.15 138016 -1277.25 134688
-2231.26 134621 -2912.54 134636
-2856.88 134561 -2856.88 134561
-2802.33 134543 -2912.54 132521
-3678.41 132535 -3678.41 132535
-3687.32 132577 -4084.73 134739
-4316.28 134777 -10766.1 135160
-10778.4 135240 -10747.2 141173
-10468.9 144001 -10550.2 145129
-10433.3 151023 -10476.7 154703
-10561.3 154810 -11261.5 155081
-11309.4 155233 -11214.7 159456
-11116.8 159461 -11116.8 159461
-11105.7 159427 -11131.3 158247
-10794 158232 -10794 158232
-10786.2 158236 -10166.1 158236
-10171.7 156925 -10171.7 156925
-10159.4 156902 -10159.4 156902
-10140.5 156896 -8435.1 156880
-8422.85 156833 -8429.53 153329
-8244.74 153311 -8209.12 152939
-4466.56 152744 -1543.31 152683
-1548.87 152915 -1548.87 152915
-1568.91 152933 -1568.91 152933
-1588.95 152917 -1588.95 152917
-1596.74 152873 -1856.11 143615
-1669.1 143520 -570.374 143464
-444.583 143337 2336.18 138510
2362.89 138555 2247.12 138717
579.556 136491 579.556 136491
573.99 136469 573.99 136469
579.556 136429 752.101 135879
768.799 135139 833.364 134725
1121.68 134650 1121.68 134650
1128.36 134670 1139.49 135099
935.778 135139 935.778 135139
926.873 135126 926.873 135126
935.778 135082 935.778 135082
949.137 135055 949.137 135055
944.684 135044 944.684 135044
930.212 135044 930.212 135044
919.08 135066 941.344 135177
1169.55 135095 1169.55 135095
1177.34 135066 1128.36 134661
1427.81 134487 1427.81 134487
1451.19 134503 2965.13 136509
4378.89 152505 4377.78 153049
4436.78 153084 4436.78 153084
4500.23 153084 4500.23 153084
4561.45 153044 4980.02 152750
9921.49 152454 10473.6 152877
10607.2 152855 10848.8 152554
11108.2 152505 14021.4 152272
16734.2 152483 16734.2 152483
16798.8 152481 16798.8 152481
16817.7 152472 16817.7 152472
16818.8 152459 16919 151597
17792.9 151564 17792.9 151564
17778.4 151586 20798.5 150417
21563.3 149411 29698.5 149210
35102 146639 36383.2 145608
39170.7 144766 38860.1 142907
39571.4 142740 40512.1 142674
40546.6 143566 40604.5 144684
44253.5 144123 53202.5 142041
61961.1 138666 69850.3 135084
70588.4 134906 72842.6 134282
72822.6 134131 72822.6 134131
72814.8 134120 72082.3 128465
71242.9 125953 70991.4 123449
70291.2 121915 73902.4 109797
73842.3 105911 74395.5 98390.7
74381 96144.3 74381 96144.3
74410 96137.6 74846.4 96093.1
74844.1 95264.9 74844.1 95264.9
74870.8 95247 75277.2 95207
75267.1 93510.5 75267.1 93510.5
75295 93494.9 78647.9 93461.5
78653.5 93394.7 78934 90044
79126.6 89718.9 79126.6 89718.9
79174.5 89674.4 79407.1 89531.9
79410.5 89235.8 79410.5 89235.8
79368.2 89224.7 79368.2 89224.7
79363.7 89209.1 79368.2 89084.4
82332.6 88512.2 82763.4 88316.3
83370.1 87650.6 83370.1 87650.6
83401.3 87628.3 83682.9 87347.8
83898.9 87347.8 84650.3 87459.1
84650.3 87606.1 84761.6 90453.6
85057.7 90890 85009.8 91172.7
84945.3 91195 84945.3 91195
84934.1 91190.6 84934.1 91190.6
84954.2 91183.9 84954.2 91183.9
84965.3 91179.4 84965.3 91179.4
85006.5 91168.3 85006.5 91168.3
85052.1 91157.2 85052.1 91157.2
85057.7 91139.4 85057.7 90794.3
84683.7 89741.2 84634.7 87465.8
83798.7 87670.6 83509.2 87648.4
82553 88623.5 81820.5 88835
81633.5 89031 81633.5 89031
81627.9 89073.3 81662.4 89224.7
81634.6 89057.7 81634.6 89057.7
81609 89053.2 79886.9 89585.3
79424.9 89565.3 79424.9 89565.3
79396 89569.7 79396 89569.7
79397.1 89547.5 79397.1 89547.5
79399.3 89525.2 79399.3 89525.2
79401.5 89476.2 79484.4 89289.1
79396 89574.2 79396 89574.2
79390.4 89592 79407.1 89919.3
79564.1 89937.1 79564.1 89937.1
79605.3 89941.6 79692.6 89908.4
79603 89941.6 79603 89941.6
79557.4 89932.7 78957.4 90015
78918.4 90075.1 78918.4 90075.1
78917.3 90099.6 78668 95529.8
78475.4 95754.7 78475.4 95754.7
78444.2 95808.1 77618.2 96331.3
76800 97402.2 76800 97402.2
76792.2 97406.6 76079.8 98782.6
74398.8 98809.3 74398.8 98809.3
74393.3 98831.5 74393.3 98831.5
74393.3 98880.5 74393.3 98880.5
74397.7 98898.3 74386.6 99822.3
74108.3 99822.3 74150.6 99699.8
73591.8 98871.6 74401.1 98771.4
74382.2 98079 74382.2 98079
74387.7 98059 74369.9 97177.3
74369.9 97466.8 74367.7 98793.7
73590.7 98813.7 73590.7 98813.7
73562.8 98824.9 73562.8 98824.9
73547.3 98842.7 73547.3 98842.7
73546.1 98871.6 73574 100940
73574 99844.5 73577.3 98838.2
74392.2 98815.9 74392.2 98815.9
74397.7 98782.6 74381 97233
74381 98001.1 74381 98001.1
74382.2 98014.4 74382.2 98014.4
74393.3 98030 74393.3 98030
74412.2 98034.5 74857.5 97963.2
74859.7 97288.6 74859.7 97288.6
74885.3 97235.2 75099 97005.9
75872.7 97046 75978.5 97112.8
76168.8 97005.9 77180.7 96950.2
77833.1 96088.6 78684.7 95525.3
78625.7 93670.8 78942.9 90037.3
79045.3 89865.9 79401.5 89551.9
79408.2 89329.3 79404.9 89240.2
79217.9 89202.4 79217.9 89202.4
79167.8 89213.5 78911.7 89431.7
78924 89569.7 78924 89569.7
78912.9 89647.7 78912.9 89647.7
78926.2 89674.4 79029.7 89885.9
78917.3 90088.5 78594.5 94775
78673.5 95529.8 78673.5 95529.8
78651.3 95563.2 78352.9 95937.2
77770.7 96130.9 76475 97974.4
76121 98791.5 76121 98791.5
76112.1 98791.5 76006.3 98804.8
76089.8 98820.4 76089.8 98820.4
76093.1 98847.1 75661.2 99877.9
75670.1 99882.4 75670.1 99882.4
75666.8 99855.7 75666.8 99855.7
75656.8 99840.1 75656.8 99840.1
75644.5 99795.6 75644.5 99795.6
75612.2 99788.9 71987.7 99849
71846.3 99744.4 71846.3 99744.4
71790.6 99766.6 71642.6 99871.3
69137.9 99911.3 61488 100909
55894.2 98486.4 55894.2 98486.4
55896.4 98482 51215.5 98012.2
44892.5 98152.5 44892.5 98152.5
44892.5 98156.9 43474.3 98337.3
42750.7 98626.7 42750.7 98626.7
42734 98626.7 36049.3 100486
34383.9 101710 32398 104415
31701.1 104803 31701.1 104803
31702.3 104798 30421 104916
27960.8 104248 27960.8 104248
27921.8 104268 27329.6 104805
26330 106263 25902.5 106439
24999.7 106441 24999.7 106441
24975.2 106439 18170.3 105996
15353.9 105940 15312.7 106290
15190.2 106352 15190.2 106352
15192.5 106401 15405.1 107443
15470.8 109040 15470.8 109040
15448.5 109068 15162.4 109122
15387.3 112219 15387.3 112219
15365 112250 15365 112250
15332.7 112263 14619.2 112486
14814 114022 15209.2 114349
15276 114739 15388.4 115155
15474.1 120628 15040 121441
15081.1 121029 15214.7 120200
13568.3 124039 7180.8 129500
3939.18 135295 3939.18 135295
3915.8 135289 3915.8 135289
3911.35 135260 4245.31 134739
4394.47 134915 4394.47 134915
4366.65 134888 4366.65 134888
4392.25 134928 4392.25 134928
4411.17 134937 6455 134855
6682.09 134721 6682.09 134721
6699.9 134739 6699.9 134739
6715.49 134754 6715.49 134754
6729.96 134754 6729.96 134754
6743.32 134759 6743.32 134759
6782.28 134810 6782.28 134810
6791.18 134806 6791.18 134806
6782.28 134810 6782.28 134810
6744.43 134788 6744.43 134788
6737.75 134777 6737.75 134777
6724.39 134770 6724.39 134770
6707.69 134765 6707.69 134765
6676.52 134728 6676.52 134728
6654.26 134737 6284.68 134895
5269.45 134915 5269.45 134915
5260.54 134915 4384.46 134988
4405.61 137319 4351.06 138272
4071.65 137916 4071.65 137916
4054.95 137931 3576.28 138969
3570.71 139051 3454.97 139474
3615.24 139163 3615.24 139163
3615.24 139091 3615.24 139091
3604.11 139100 3521.73 139512
3243.43 139980 2942.87 139741
4097.25 141478 4356.63 142484
4401.15 150869 4333.25 152481
4199.67 152617 3471.64 152692
3440.47 152788 3440.47 152788
3431.56 152850 3223.39 152844
3117.64 152617 3119.87 152082
3197.79 152076 3197.79 152076
3186.66 152058 3098.72 151969
3114.3 151241 3114.3 151241
3112.07 151234 3112.07 151234
3117.64 151207 3187.77 147028
3359.2 147028 3359.2 147028
3362.54 147048 3362.54 147048
3349.18 147077 3349.18 147077
3336.94 147071 3336.94 147071
3321.36 147073 3321.36 147073
3292.41 147055 3292.41 147055
3254.56 147040 3254.56 147040
3215.6 147066 3215.6 147066
3193.34 147111 3193.34 147111
3193.34 147151 3193.34 147151
3220.05 147155 3220.05 147155
3215.6 147138 3215.6 147138
3206.7 147144 3206.7 147144
3195.56 147166 3195.56 147166
3186.66 147227 3186.66 147227
3197.79 147240 3197.79 147240
3203.36 147307 3203.36 147307
3210.04 147304 3210.04 147304
3215.6 147351 3215.6 147351
3226.73 147416 3226.73 147416
3259.02 147445 3349.18 147489
3256.79 147545 3256.79 147545
3201.13 147556 3201.13 147556
3162.17 147529 3162.17 147529
3151.04 147516 3195.56 147022
3359.2 147022 3359.2 147022
3345.85 147028 3345.85 147028
3338.05 147044 3338.05 147044
3320.24 147048 3320.24 147048
3259.02 147055 3259.02 147055
3245.66 147048 3245.66 147048
3220.05 147062 3220.05 147062
3197.79 147089 3197.79 147089
3184.43 147122 3184.43 147122
3175.53 147184 3175.53 147184
3178.87 147215 3178.87 147215
3190 147229 3190 147229
3206.7 147233 3206.7 147233
3220.05 147244 3220.05 147244
3220.05 147318 3220.05 147318
3210.04 147329 3210.04 147329
3195.56 147345 3195.56 147345
3195.56 147407 3195.56 147407
3210.04 147429 3210.04 147429
3234.53 147467 3234.53 147467
3254.56 147527 4400.04 147534
4372.21 152194 3961.44 153162
3818.95 153244 -692.826 153772
-789.674 153924 -864.258 155921
-2407.15 155927 -3466.91 155956
-3508.1 155455 -3508.1 155455
-3491.4 155389 -3491.4 155389
-3494.74 155342 -3494.74 155342
-3498.08 155337 -3498.08 155337
-3492.51 155275 -3492.51 155275
-3494.74 155264 -3494.74 155264
-3492.51 155248 -3492.51 155248
-3470.25 155186 -3470.25 155186
-3455.78 155175 -3455.78 155175
-3419.04 155159 -3419.04 155159
-3403.46 155121 -2952.61 155153
-2852.42 155126 -2852.42 155126
-2843.52 155121 -2550.75 155092
-2542.96 155144 -2542.96 155144
-2542.96 155215 -2567.45 155901
-2693.24 155783 -2774.5 155932
-3346.68 156021 -3884.36 156027
-3882.13 155622 -3882.13 155622
-3897.71 155609 -3897.71 155609
-3892.15 155576 -3892.15 155576
-3886.58 155522 -3886.58 155522
-3876.56 155504 -3876.56 155504
-3864.32 155500 -3737.41 155453
-3731.85 155188 -3731.85 155188
-3722.94 155164 -3722.94 155164
-3708.47 155155 -3552.62 155066
-3525.91 155170 -3525.91 155170
-3520.34 155204 -3279.89 160454
-3951.15 160507 -3951.15 160507
-3965.62 160536 -3965.62 160536
-3967.85 160576 -3967.85 160576
-3970.07 160643 -3970.07 160643
-3990.11 160676 -3990.11 160676
-4020.17 160681 -9255.52 161211
-9264.43 161099 -9264.43 161099
-9285.58 161088 -9575.01 161015
-9570.56 160859 -9570.56 160859
-9569.44 160830 -9569.44 160830
-9598.38 160836 -9656.27 152436
-9531.59 152436 -9263.31 152370
-9268.88 151926 -9268.88 151926
-9258.86 151902 -9258.86 151902
-9238.82 151898 -8614.31 151964
-8801.34 151942 -8801.34 151942
-8806.9 151969 -8782.41 152372
-10499 152588 -10499 152588
-10483.4 152592 -10483.4 152592
-10471.1 152614 -10471.1 152614
-10466.7 152650 -10496.7 154685
-10697.1 154847 -10411 156161
-10427.7 156836 -10427.7 156836
-10499 156845 -11357.2 156740
-11353.9 156535 -11353.9 156535
-11335 156506 -11335 156506
-11301.6 156557 -11184.7 161420
-11073.4 161522 -10938.7 161556
-4365.26 175660 -3700.68 175691
-3689.55 176114 -3368.95 178340
-3469.13 177216 -3494.74 176993
-3073.95 176973 -3073.95 176973
-3071.72 176960 -3071.72 176960
-3090.65 176978 -3513.66 176933
-3548.17 176537 -3564.87 176154
-2938.14 175994 -1118.07 175604
-1132.54 175464 -1149.24 175304
-1125.86 175613 -1125.86 175613
-1121.41 175631 -1121.41 175631
-1121.41 175660 -1121.41 175660
-1118.07 175709 -1118.07 175709
-1103.59 175715 596.254 175203
666.385 175148 437.067 171361
206.636 171018 -218.605 170165
-366.66 167856 -520.281 163742
45.2225 163479 1217.42 161631
1334.3 161649 1959.92 161620
1952.13 161164 1952.13 161164
1946.56 161137 1876.43 160874
1837.47 160881 1188.47 160930
1156.19 161420 1156.19 161420
1156.19 161444 1156.19 161444
1150.63 161460 1150.63 161460
1147.29 161493 1071.59 161816
97.5427 163352 -264.246 163608
-2496.2 163780 -3687.32 164047
-4040.2 164020 -4040.2 164020
-4042.43 163987 -4015.71 162989
-3834.26 162956 -3834.26 162956
-3832.04 162936 -3859.87 162878
-3845.39 162967 -3845.39 162967
-3828.7 162981 -3795.1 163014
-4037.98 162996 -4037.98 162996
-4045.77 163012 -4048 164042
-6999.07 164047 -6999.07 164047
-7049.17 164047 -7049.17 164047
-7059.19 164060 -7071.43 164160
-5550.81 163515 -5899.24 163782
-7031.36 165779 -7093.7 166707
-7048.06 165864 -7014.66 164132
-6602.78 164069 -6240.99 163259
-5947.11 163301 -5589.77 164005
-5509.62 163947 -5509.62 163947
-5479.56 163947 -585.959 157412
-564.808 158238 -564.808 158238
-587.072 158258 -587.072 158258
-622.694 158258 -622.694 158258
-644.958 158236 -644.958 158236
-652.751 158194 -650.524 157971
41.8829 157958 41.8829 157958
54.1281 157969 54.1281 157969
64.1468 157987 104.222 159801
349.125 159808 349.125 159808
362.483 159783 362.483 159783
351.351 159779 351.351 159779
343.559 159786 343.559 159786
329.087 159783 298.098 159732
169.9 159819 73.0524 159768
78.6183 159044 78.6183 159044
78.6183 159029 119.807 157964
894.59 157969 894.59 157969
900.156 157969 1228.55 157960
1275.3 157107 1345.43 153538
4623.79 152799 4642.72 152410
4422.3 142498 4422.3 142498
4442.34 142480 5624.56 142562
6559.64 142097 6559.64 142097
6562.98 142068 5975.21 140543
5903.97 138512 5903.97 138512
5915.1 138501 6621.98 138288
7555.95 137181 7555.95 137181
7551.5 137159 7111.78 135563
6722.17 134772 6722.17 134772
6727.73 134761 6787.84 134821
6718.83 134781 6718.83 134781
6724.39 134794 7127.37 135618
7378.95 136847 7378.95 136847
7397.87 136832 7523.67 137230
6331.43 138488 6331.43 138488
6326.98 138490 4403.38 138450
4392.25 138639 4392.25 138639
4372.21 138646 4372.21 138646
4310.99 138684 4310.99 138684
4308.76 138706 4308.76 138706
4328.8 138688 4328.8 138688
4369.98 138688 4369.98 138688
4392.25 138688 4392.25 138688
4403.38 138691 4403.38 138691
4406.72 138762 4470.17 139793
4946.62 140403 5045.69 140481
5221.58 140149 5221.58 140149
5266.11 140158 5266.11 140158
5316.2 140205 5394.12 140265
5447.56 140176 5447.56 140176
5466.48 140138 5930.68 140136
5897.29 139125 5903.97 138550
6176.7 138544 6176.7 138544
6187.83 138499 6187.83 138499
6173.36 138501 6173.36 138501
6171.13 138524 6171.13 138524
6153.32 138528 5900.63 138401
5880.59 137437 5880.59 137437
5895.06 137459 5895.06 137459
5881.7 137508 5853.87 138056
5780.4 138065 5780.4 138065
5752.57 138072 5505.44 138078
5492.09 137698 5457.58 136569
4422.3 136609 4422.3 136609
4411.17 136587 -18591.9 139690
-19293.2 139701 -19293.2 139701
-19304.3 139637 -19338.8 138891
-19249.8 138735 -17875 136987
-17545.5 136317 -17234.9 135968
-16734 135756 -16734 135756
-16719.5 135750 -16719.5 135750
-16699.5 135752 -14930.6 135545
-9759.8 131942 -10788.4 132060
-9542.73 131954 -8952.73 131965
-8038.8 134781 -7756.05 138717
-7816.16 139463 -7816.16 139463
-7841.76 139479 -7921.91 139403
-7452.15 139392 -2340.35 139062
-1577.82 139118 -1577.82 139118
-1532.17 139145 1088.29 142386
1737.28 141193 4295.4 136598
4044.93 136257 4044.93 136257
4052.72 136235 4206.35 135445
4127.31 135329 4127.31 135329
4147.35 135293 4147.35 135293
4152.91 135284 4152.91 135284
4194.1 135255 4194.1 135255
4203.01 135233 4203.01 135233
4210.8 135237 4210.8 135237
4233.06 135266 4233.06 135266
4256.44 135289 4256.44 135289
4316.55 135304 4316.55 135304
4386.68 135340 4451.25 138410
4514.7 138461 5898.4 138546
5911.76 139724 5911.76 139724
5917.33 139726 5917.33 139726
5917.33 139708 5917.33 139708
5913.99 139630 5913.99 139630
5911.76 139619 5911.76 139619
5844.97 139612 5844.97 139612
5839.4 139592 5839.4 139592
5837.18 139557 5837.18 139557
5844.97 139537 5844.97 139537
5861.67 139525 5861.67 139525
5858.33 139525 5858.33 139525
5837.18 139541 5837.18 139541
5837.18 139570 5837.18 139570
5841.63 139592 5841.63 139592
5853.87 139592 5853.87 139592
5878.36 139597 5878.36 139597
5900.63 139601 5900.63 139601
5906.19 139592 5906.19 139592
5911.76 139546 5878.36 138490
5791.53 138490 5791.53 138490
5753.69 138484 5753.69 138484
5735.87 138477 5118.05 138472
5483.18 138479 5483.18 138479
5488.75 138479 5913.99 138423
5895.06 137453 5895.06 137453
5895.06 137419 5895.06 137419
5903.97 137415 5903.97 137415
5908.42 137448 5908.42 137448
5887.27 137508 5841.63 138499
4492.44 138446 4436.78 138388
4427.87 138350 4423.42 136731
4238.63 136558 4364.42 136569
4305.42 136551 3655.31 135701
4133.99 134821 8069.13 126701
6655.37 126933 6655.37 126933
6666.51 126991 6666.51 126991
6685.43 126955 6685.43 126955
6685.43 126978 6557.41 127091
6559.64 127051 6559.64 127051
6560.75 127013 6560.75 127013
6587.47 126978 8080.26 126744
7390.08 128792 7052.78 129451
7038.31 129489 7038.31 129489
7049.44 129522 7049.44 129522
7121.8 129545 7121.8 129545
7134.05 129545 7211.97 129696
6065.38 131771 6065.38 131771
6058.7 131778 6026.42 131900
6178.93 132020 6431.62 132121
7078.39 132087 7078.39 132087
7083.95 132127 7111.78 133463
6713.26 134427 6757.79 134806
6796.75 134859 6796.75 134859
6802.32 134855 6802.32 134855
6796.75 134839 6650 134719
6668.73 134739 6668.73 134739
6691 134750 7116.24 135629
7406.78 136791 7406.78 136791
7406.78 136814 7406.78 136814
7414.57 136854 7518.1 137219
6540.71 138334 6193.4 138550
6020.85 138517 5892.84 138517
5920.67 139207 5920.67 139207
5937.36 139225 5937.36 139225
5945.16 139236 5911.76 139352
5941.82 139236 5941.82 139236
5931.8 139247 5931.8 139247
5928.46 139263 5928.46 139263
5915.1 139281 5915.1 139281
5908.42 139289 5908.42 139289
5903.97 139301 5872.8 140305
5624.56 140176 5346.26 140269
5260.54 140164 5260.54 140164
5218.24 140158 5218.24 140158
5202.65 140180 4622.68 141240
4239.74 141538 4239.74 141538
4230.84 141538 4230.84 141538
4217.48 141551 4345.49 152454
4289.83 152554 4216.36 152614
2909.47 152650 -1688.02 152570
-1688.02 152347 -1688.02 152347
-1678 152314 -1678 152314
-1657.97 152305 -1657.97 152305
-1641.27 152325 -1665.76 153371
-1955.19 153385 -1955.19 153385
-1961.87 153389 -2364.84 153334
-2361.5 152695 -2361.5 152695
-2345.92 152688 -1026.78 152695
-1034.58 152955 -1034.58 152955
-1020.11 152962 -1020.11 152962
-993.388 152951 -993.388 152951
-993.388 152937 -903.22 153000
-841.994 152706 -841.994 152706
-830.862 152672 -830.862 152672
-837.541 152659 -837.541 152659
-834.201 152632 -834.201 152632
-786.334 152632 -786.334 152632
-739.58 152603 -739.58 152603
-728.448 152606 -728.448 152606
-722.882 152606 -722.882 152606
-731.788 152554 -731.788 152554
-730.674 152570 -722.882 153260
-691.713 152294 -691.713 152294
-692.826 152269 -758.504 152149
-948.861 152160 -970.011 152343
-1680.23 152572 -1680.23 152572
-1689.14 152543 -1633.48 152361
-1593.4 154253 -1593.4 154253
-1615.66 154298 -1615.66 154298
-1652.4 154306 -1760.38 154324
-1593.4 154324 -1301.74 154681
-1277.25 154925 -1277.25 154925
-1253.88 154988 -1282.82 155867
-1518.82 155894 -4132.6 156068
-5465.09 156299 -8395.02 156874
-9124.16 156891 -9124.16 156891
-9125.28 156878 -9125.28 156878
-9141.98 156874 -10416.6 156784
-10416.6 156321 -10416.6 156321
-10418.8 156306 -10418.8 156306
-10415.5 156288 -10415.5 156288
-10413.2 156272 -10413.2 156272
-10411 156228 -10411 156228
-10409.9 156206 -10409.9 156206
-10407.7 156168 -10377.6 155377
-10277.4 155377 -10277.4 155377
-10248.5 155377 -9678.54 155420
-9642.91 154703 -8465.15 154685
-8448.45 155437 -8545.3 156858
-8815.81 156867 -8815.81 156867
-8832.51 156878 -8832.51 156878
-8841.41 156889 -10800.6 156769
-10814 156624 -10866.3 152398
-10811.8 151481 -10825.1 148981
-10816.2 149155 -10816.2 149155
-10822.9 149219 -10822.9 149219
-10845.2 149233 -12901.2 149366
-14301.6 149221 -15634.1 149054
-15648.6 149121 -15541.7 155259
-15759.9 140737 -15597.4 140481
-14223.7 139574 -3645.02 139178
-12480.4 93247.7 -11156.9 94596.9
-10989.9 95129 -10711.6 91355.3
-10340.9 81002.6 -11092.3 90823.2
-11184.7 101069 -10165 104725
-7125.98 102594 -7187.2 102801
-7120.41 102812 -6656.21 102890
-6199.8 102806 -6199.8 102806
-6168.63 102839 -7418.75 100920
-7064.75 101058 -7064.75 101058
-7051.4 101120 -7051.4 101120
-7012.43 101185 -6759.74 101258
-6569.38 101621 -6018.35 101911
-9767.59 90709.7 1939.88 131922
2508.72 131864 2508.72 131864
2535.44 131887 2535.44 131887
2542.12 131927 2542.12 131927
2535.44 131967 2402.97 132334
2755.85 132857 4236.4 134670
4277.59 134605 4277.59 134605
4297.63 134570 7069.48 129467
8863.95 124495 10262.1 119822
11630.2 117852 11630.2 117852
11646.9 117796 12023.2 114142
13442.5 114367 13562.7 114510
13453.7 114717 13453.7 114717
13455.9 114717 13553.8 114483
13423.6 114354 13114.1 114272
13142 113330 13142 113330
13142 113314 13142 113314
13139.7 113274 13139.7 113274
13136.4 113299 13088.5 114316
12012.1 114138 12012.1 114138
11992 114145 11741.6 117348
11842.9 116157 11842.9 116157
11854 116135 11854 116135
11859.6 116093 12904.9 106452
13050.7 106183 13379.1 106049
17930.9 106001 25573 106464
26297.7 106301 27805 104346
28223.5 104204 32172 104587
33249.6 103558 34904.9 101196
37958.4 99510.6 45068.4 98136.9
52788.4 98136.9 61892.1 100958
69580.9 99915.8 71731.6 99895.7
71913.1 99993.7 75689 99766.6
76087.6 98876.1 76087.6 98876.1
76089.8 98860.5 76675.3 97566.9
77843.1 96081.9 78419.7 95852.6
78679.1 95536.5 78679.1 95536.5
78683.5 95498.6 78948.5 90026.2
79157.8 89692.2 79404.9 89543
79410.5 89242.5 79410.5 89242.5
79404.9 89235.8 79404.9 89235.8
79382.6 89229.1 79382.6 89229.1
79368.2 89224.7 79368.2 89224.7
79363.7 89218 79363.7 89218
79373.7 89224.7 79373.7 89224.7
79404.9 89220.2 79404.9 89220.2
79410.5 89240.2 79368.2 89603.1
79245.7 89663.3 78909.5 90126.3
78609 95073.4 78647.9 95563.2
78216 95999.6 77768.5 96126.5
76146.6 98720.2 75616.7 99811.1
74890.9 99817.8 71974.3 99849
71843 99737.7 71796.2 100016
71879.7 100219 72604 98478.9
72471.9 98557.7 72486.4 98827.1
72748 98836 72748 98836
72753.5 98824.9 72753.5 98824.9
72751.3 98787 72681.2 98604.4
72670.1 98602.2 72670.1 98602.2
72666.7 98608.9 72666.7 98608.9
72661.2 98620 72661.2 98620
72677.9 98631.2 72677.9 98631.2
72733.5 98626.7 72733.5 98626.7
72739.1 98631.2 72739.1 98631.2
72742.4 98709.1 72723.5 98813.7
72466.3 98804.8 72466.3 98804.8
72453 98780.3 72534.2 98531
72622.2 98531 72622.2 98531
72616.6 98526.5 72616.6 98526.5
72614.4 98493.1 72623.3 98067.9
73496 98047.8 73496 98047.8
73519.4 98052.3 73594 100635
74554.7 100586 74554.7 100586
74556.9 100613 74562.5 100717
74556.9 100586 74556.9 100586
74565.8 100590 74932.1 100675
74924.3 100541 74874.2 99844.5
81922.9 99784.4 81922.9 99784.4
81939.6 99737.7 82029.8 94768.4
81662.4 89273.6 81662.4 89273.6
81651.3 89253.6 81651.3 89253.6
81642.4 89262.5 81642.4 89262.5
81655.8 89251.4 81595.7 89068.8
80126.2 89576.4 79388.2 89543
79410.5 89242.5 79410.5 89242.5
79401.5 89235.8 79401.5 89235.8
79360.4 89231.3 79360.4 89231.3
79347 89229.1 79347 89229.1
79357 89235.8 79357 89235.8
79404.9 89246.9 79404.9 89246.9
79408.2 89269.2 79408.2 89269.2
79408.2 89324.8 79404.9 89565.3
81627.9 89064.4 81627.9 89064.4
81639.1 89102.2 81662.4 89209.1
81636.8 89053.2 81636.8 89053.2
81616.8 89042.1 79869.1 89574.2
79441.6 89554.2 79441.6 89554.2
79401.5 89569.7 79401.5 89569.7
79396 89551.9 79352.6 89097.8
79295.8 89186.8 78917.3 89409.4
78926.2 89574.2 78926.2 89574.2
78917.3 89636.5 78917.3 89636.5
78926.2 89658.8 79039.8 89865.9
78984.1 89954.9 78892.8 90097.4
78078 90326.7 78078 90326.7
78074.6 90349 78066.8 90910
78069.1 90923.4 78069.1 90923.4
78089.1 90990.2 78119.1 91818.4
78027.9 91822.9 78027.9 91822.9
78024.5 91856.3 78024.5 91856.3
78024.5 91929.7 78024.5 91929.7
78022.3 91952 78033.4 91822.9
78745.9 91829.5 78745.9 91829.5
78759.2 91845.1 78647.9 95569.9
78222.7 96004 77749.6 96148.7
76590.7 97691.6 76434.9 97990
75172.5 98007.8 75172.5 98007.8
75165.8 98003.3 75165.8 98003.3
75160.3 98014.4 75160.3 98014.4
75189.2 98018.9 76491.7 97963.2
77809.7 96108.7 78338.4 95948.4
78673.5 95536.5 78942.9 90019.5
79154.4 89687.7 79396 89569.7
79410.5 89235.8 79410.5 89235.8
79399.3 89229.1 79399.3 89229.1
79365.9 89224.7 79365.9 89224.7
79377.1 89213.5 79377.1 89213.5
79412.7 89218 79412.7 89218
79413.8 89229.1 79296.9 89636.5
79135.5 89698.9 78911.7 90115.2
78606.7 95124.6 78651.3 95569.9
78255 95992.9 77710.6 96193.3
76874.6 97290.9 76874.6 97290.9
76874.6 97302 75608.9 99806.7
74979.9 99833.4 74979.9 99833.4
74918.7 99844.5 74918.7 99844.5
74868.6 99837.9 74868.6 99837.9
74859.7 99866.8 74968.8 101481
75043.4 101474 75228.2 101403
75239.3 101354 75238.2 101131
74994.4 101009 74994.4 101009
74972.1 100973 74831.9 99815.6
73686.4 99833.4 73686.4 99833.4
73666.4 99822.3 73666.4 99822.3
73655.2 99817.8 73655.2 99817.8
73614 99822.3 73614 99822.3
73586.2 99817.8 73586.2 99817.8
73575.1 99800 73575.1 99800
73568.4 99773.3 73518.3 98804.8
73126.5 98809.3 72456.3 98787
72453 98546.6 72453 98546.6
72456.3 98537.6 72456.3 98537.6
72461.9 98531 72461.9 98531
72477.5 98524.3 72611.1 98513.2
72611.1 98392.9 72611.1 98392.9
72612.2 98375.1 72612.2 98375.1
72611.1 98315 72611.1 98315
72603.3 98315 72603.3 98315
72577.7 98359.5 72577.7 98359.5
72516.4 98364 72516.4 98364
72506.4 98290.5 72506.4 98290.5
72488.6 98297.2 72488.6 98297.2
72484.2 98301.7 72484.2 98301.7
72503.1 98315 72603.3 98292.7
72605.5 98079 72605.5 98079
72622.2 98067.9 76482.8 97958.8
77080.5 97050.4 77863.1 96070.8
78662.4 95552.1 78662.4 95552.1
78662.4 95547.6 78662.4 95547.6
78673.5 95520.9 78673.5 95520.9
78672.4 95485.3 78690.2 92660
78918.4 90075.1 79174.5 89685.5
79393.8 89592 79393.8 89592
79402.7 89565.3 79402.7 89565.3
79402.7 89554.2 79360.4 89231.3
91950.6 212088 109625 367653
85485.2 159345 82677.7 135155
81885.1 36566.1 83278.8 19823.6
79379.3 89042.1 79379.3 89042.1
