3163.28 142322 2488.69 143615
2723.57 145837 2669.02 144439
1323.17 144522 197.73 145323
-1714.74 145390 -1804.91 144947
-1032.35 143658 424.822 141505
-51.6255 140908 -1079.1 139603
-4394.2 139140 -7451.03 139307
-7901.88 142293 -7908.56 142967
-8595.4 143647 -8676.66 144675
-8025.44 145049 -8785.75 145477
-10142.7 146759 -10432.2 147289
-10865.2 147271 -11208.1 147077
-11796.9 146401 -10520.1 145443
-5480.68 143626 -4689.2 142150
-4466.56 140699 -3873.22 140042
-3663.94 136072 -3187.5 135091
-3297.7 134676 -6216.5 134828
-6965.68 136640 -7169.39 137402
-7899.65 136682 -8910.43 136268
-8933.81 138276 -8967.2 139372
-10692.7 139430 -13750.6 139512
-14241.5 140262 -14142.4 141761
-15592.9 141812 -15683.1 142825
-16203 144575 -18837.9 143112
-19465.7 140369 -19521.4 143439
-19422.3 141391 -17907.3 136974
-16627.1 135500 -17222.7 133345
-18332.5 128207 -17384.1 126873
-15295.7 126432 -15846.7 124818
-15892.4 124021 -15902.4 123237
-16375.5 124555 -17065.7 126655
-18601.9 127465 -17952.9 131461
-16653.8 136429 -15903.5 139692
-15883.5 139982 -15609.6 144902
-15604.1 145494 -15516.1 149720
-15057.5 149863 -15550.6 149529
-15559.5 149019 -16573.7 148513
-15610.8 148489 -15700.9 149017
-16430.1 149150 -17967.4 149106
-18475 149522 -18556.3 151918
-19471.3 152755 -19433.5 141149
-20476.5 138935 -21447.2 138170
-21807.9 138268 -21122.2 138163
-20228.3 138958 -19111.7 139724
-18103.2 139786 -18062 141146
-17266.1 143858 -17132.5 148821
-17700.2 149092 -18351.4 149043
-18212.3 148353 -18079.8 149090
-18426 149413 -18550.7 152614
-17548.8 152884 -17331.8 152882
-17248.3 153899 -17265 156419
-17258.3 156190 -17260.5 155299
-18551.8 154734 -18787.8 154413
-18617.5 154371 -18546.2 151670
-17970.7 149774 -17387.4 149587
-18558.5 150257 -18557.4 154436
-18817.9 154335 -17529.9 152873
-14994 152844 -9558.31 152926
-5455.07 152808 -2891.39 152977
-1740.34 148333 -1747.02 147371
-1059.07 148435 -1155.91 149123
-12294.5 151357 -14175.8 152752
-14298.3 152545 -12776.6 151666
-12734.3 151381 -9832.16 151374
-8757.92 152508 -10414.4 154137
-11394 162731 -17979.6 170205
-17981.9 168644 -17821.6 167159
-19260.9 163508 -19478 163530
-18509.5 166703 -18508.4 165948
-15235.6 161976 -15546.2 155985
-15282.4 155224 -14190.3 155177
-14620 155095 -14833.7 155095
-15578.5 155807 -15594.1 156321
-16624.9 157875 -16797.4 157871
-17252.7 156936 -12430.4 155083
-8668.87 154609 -6515.95 154264
-6342.29 152868 -4966.38 152777
-2608.63 153093 -2713.27 153394
-3098.44 153763 -3562.64 152826
-2958.18 152701 -1641.27 151722
-1705.83 149914 -1721.42 147002
-2516.24 147002 -8474.06 147222
-9671.86 147280 -10572.4 141756
-10386.5 141614 -9895.61 142095
-10143.9 143589 -10435.5 143600
-10149.4 136340 -9413.59 136386
-10228.5 135106 -16870.9 135600
-18148.8 137393 -19600.4 145267
-19486.9 148015 -19904.3 154986
-21390.5 155130 -22188.6 156767
-23846.2 155930 -23721.5 155197
-21313.6 155186 -20640.2 155097
-19551.5 154460 -18618.6 154424
-18780 154409 -18751.1 154518
-19571.5 152995 -19446.8 141002
-16628.2 135509 -18493.9 127839
-18334.7 127303 -15230 126419
-14156.9 124208 -13496.8 121975
-13775.1 121396 -14119.1 123738
-14292.7 124085 -15279 125646
-15222.2 126359 -18241.2 127196
-18548.5 127456 -17656.8 132263
-17236 133352 -19528.1 139866
-19420.1 141741 -19619.4 153503
-21949.3 155259 -21962.6 156635
-22816.5 156700 -21958.2 159750
-21960.4 160592 -22963.4 163368
-22466.9 162969 -18547.4 165857
-18493.9 166834 -18322.5 170457
-18423.8 170508 -18211.2 167912
-18521.8 165743 -19565.9 157561
-19573.7 155422 -22542.6 156798
-23237.2 156840 -21790.1 156820
-19459.1 158327 -18072 169248
-18290.2 170441 -17799.3 169840
-18374.8 167153 -18964.8 160743
-19589.3 156568 -21854.7 155128
-21950.4 155375 -22815.3 156702
-23212.8 156818 -22127.4 156856
-22543.7 156673 -22813.1 156709
-22006.1 156833 -21616.4 156827
-20641.3 155311 -20632.4 152365
-20585.6 152819 -19631.6 154315
-18992.6 154407 -18555.2 154487
-18552.9 154609 -18775.6 154413
-19637.2 154451 -21448.3 156232
-21455 156426 -21588.6 156453
-21334.8 155987 -20626.8 156059
-20648 155852 -19633.8 154424
-18771.1 154460 -17711.3 154438
-17247.1 154304 -16774 152826
-15557.3 150192 -15559.5 145793
-14722.4 142669 -14305 142538
-14815.9 143357 -14812.6 142943
-14089 142665 -13904.2 145060
-15719.8 144971 -15598.5 152223
-15596.3 154153 -16474.6 154905
-16414.5 152857 -15472.7 153124
-15592.9 152503 -17139.2 152801
-18529.5 152777 -19564.8 152710
-18854.6 150566 -18544 150321
-18029.7 151501 -17575.5 151633
-16373.3 151601 -15675.3 151706
-14951.7 152011 -14852.7 152285
-16297.6 152826 -18195.6 152824
-18550.7 153545 -18550.7 154004
-18561.8 152966 -14053.4 152846
-13476.8 154634 -13379.9 152868
-11342.8 152875 -6568.27 152864
-5409.43 152779 -1059.07 152614
1303.13 152138 1299.79 143068
982.533 142495 1245.25 143557
3165.51 142322 3618.58 141832
2770.32 142556 8.48706 143985
-1135.88 145312 -543.658 143495
1494.6 141649 1625.96 141402
1059.34 142353 -204.133 141400
-393.376 140418 -2301.39 139029
-2693.24 139051 -11849.3 139443
-15627.4 143502 -16560.3 149159
-18596.3 150470 -19082.8 150553
-19803 154429 -18813.4 154456
-20658 155593 -21558.6 156591
-20758.2 156119 -20637.9 155217
-18810.1 154449 -20648 155132
-20711.4 160672 -21455 160663
-22320 162123 -22549.3 162778
-23140.4 163426 -19278.7 160177
-19550.3 151593 -18016.4 149791
-17751.4 149733 -17407.4 149604
-18561.8 149994 -18659.8 154411
-18792.3 154424 -18792.3 154424
