-7740.46 158249 -7841.76 158281
-7841.76 158274 -8289.27 158241
-8421.74 155368 -8436.21 155057
-6519.29 153968 -6553.8 149415
-5643.2 147055 -4629.08 146474
-3727.4 144406 -3738.53 144143
-1760.38 148914 -1640.15 151915
-1375.21 154549 -1027.9 152748
3085.36 152766 2867.17 151521
1094.97 152675 1798.5 141193
1987.75 141968 807.761 143649
-631.6 142727 -1642.38 141015
-1652.4 139951 471.576 141672
244.484 142765 -120.644 143215
30.751 146556 20.7322 151377
54.1281 150869 353.577 150671
1326.51 151849 1401.09 151895
1307.59 144141 432.614 141549
316.842 140378 343.559 140278
-3104.01 139109 -9731.97 139428
-10594.7 142055 -10627 145639
-9479.27 145501 -9213.22 145688
-9684.1 144366 -8787.98 141950
-8868.13 140160 -10392.1 138047
-10398.8 137818 -10669.3 137577
-11703.4 137459 -12723.1 137566
-12933.5 139232 -13279.7 139461
-14286 139557 -16959.9 141378
-17919.5 141683 -18070.9 141102
-19283.2 139561 -15403.7 135589
-15152.1 135603 -10839.6 135195
-9438.08 135264 -9000.6 135382
-8943.83 136825 -8843.64 139450
-8298.17 139412 -7407.62 139392
-7158.26 140507 -7638.05 137430
-7988.71 136627 -8990.58 135458
-8976.11 136083 -8892.62 139439
-7840.65 141026 -8487.42 134981
-9498.2 132029 -10838.5 129781
-10767.2 128848 -10897.5 128805
-10936.4 127338 -12987 120986
-10697.1 118544 -10539 118484
-12960.2 119350 -13243 122429
-16077.2 122206 -16196.3 122596
-15203.3 126470 -15061.9 127968
-14323.9 132252 -13953.2 132753
-14032.2 133917 -13264.1 133790
-9527.14 135079 -6224.29 139040
-5806.84 143649 -760.731 149981
-1472.06 150486 -914.352 151555
1241.91 152309 1871.98 150669
2891.66 150998 4342.15 151025
7551.5 150764 10219.8 150827
11771.6 149880 10455.8 150842
7961.15 150684 4637.15 150994
3846.78 140864 1376.6 135375
2439.7 132564 4169.61 134627
4691.7 133817 11111.5 118851
12294.8 110638 15311.6 105952
27345.2 102763 30788.3 102231
31302.6 98168.1 31389.2 97721.8
31310.4 97747.3 22475 103220
19733.2 103153 12632.1 107388
11918.6 115046 10098.5 120125
6958.16 124019 6984.88 124486
2202.59 133964 1524.31 134647
1589.22 134688 1438.94 134420
3072 134901 2582.19 135652
2817.08 139534 2444.16 142774
1501.28 146930 2070.86 143896
1927.64 143796 42.9961 145330
-473.526 149275 -945.521 149121
-1183.74 147552 -1537.74 147567
-1901.76 145305 -2836.84 143591
-2774.5 142556 -3801.98 143384
-3728.51 144355 -4583.44 143128
-4660.25 145325 -6131.9 145437
-7877.39 141643 -7933.05 139147
-8406.15 138684 -13661.5 139494
-14205.9 141569 -14804.8 141914
-12858.9 141743 -12106.4 139530
-8728.98 143529 -8593.17 143816
-8633.25 143504 -7546.77 143348
-7007.98 143061 -7304.09 143077
-7483.31 140556 -6924.49 143337
-7556.79 143157 -6976.81 142540
-7264.02 143121 -8025.44 141612
-7555.67 143359 -7908.56 143252
-7259.56 139332 414.803 141794
5411.94 132759 15532 118368
15861.5 114385 15257 116137
13223.2 116344 13379.1 116322
12340.5 117983 9402.74 122411
6901.39 123558 6573 125001
6604.17 125098 7724.04 128100
2984.06 137099 644.121 141941
1908.71 140857 1138.38 142607
-128.436 144230 -1354.06 145368
-1753.7 145521 -3082.86 147026
-4640.21 145501 -4774.91 139176
-6770.87 134890 -7038.04 132784
-12310.1 134071 -10522.3 133721
-9016.18 131929 -8791.32 128296
-8846.98 131905 -8993.92 135701
-8757.92 136288 -7872.93 137286
-7929.71 139136 -8146.78 138541
-6999.07 139864 -6171.97 141469
-6689.61 142598 -6848.79 142647
-6951.21 142527 -6976.81 143085
-6446.93 143057 -5252.47 139256
-821.956 134986 2744.72 124293
3576.28 111705 4101.7 111206
10458 109805 14378.7 105974
21280.5 105862 22914.7 103258
25698.8 101325 31309.3 97758.4
31285.9 98190.3 28344.9 100303
23601.5 103275 21903.9 106049
17981 105976 11604.6 108421
6888.03 110936 1627.07 113726
-1741.46 115935 -1525.5 117304
-3159.67 119597 -4002.35 122963
-3725.17 133717 -2929.23 137722
-1022.33 151216 296.805 149482
-248.661 140710 -1276.14 136491
-1740.34 135681 1643.77 138025
4462.38 134231 7779.7 127679
9321.48 122799 11764.9 116952
12648.8 107350 20179.6 106045
24191.5 105669 24139.2 105662
24111.4 105689 8.48706 148553
24089.1 105678 24140.3 105756
24099.1 105667 24095.8 105010
28274.7 102534 31303.7 98168.1
31327.1 97713.9 28763.4 99305.8
23767.4 104796 20048.2 106016
13508.2 106005 12002 113942
3181.09 130892 2376.25 131893
2520.97 132018 4244.19 134632
4123.97 141500 4109.5 151043
2533.21 150947 2558.82 148055
2774.78 146968 2074.58 143834
1024.83 143653 89.7503 143426
-1173.73 145000 -1811.59 148395
-2615.31 151515 -2623.11 152267
-1007.86 152764 -1378.55 152574
-1739.23 152688 -631.6 160485
-558.129 159926 -1810.47 158029
-4207.18 156430 -8032.12 156898
-9120.82 156422 -9012.84 156350
-9119.71 156043 -12529.4 158356
-12661.9 158345 -12679.7 161291
-12266.7 161627 -11673.4 171247
-12487.1 175818 -13438.9 180716
-13140.6 186284 -13128.3 189221
-13184 184995 -13436.7 180418
-12277.8 175564 -11668.9 171906
-11582.1 167611 -9537.16 166625
-9539.39 161979 -9598.38 160516
-9300.05 159336 -7629.14 158802
-7065.87 164724 -7052.51 169818
-7890.74 166765 -7062.53 164733
-4035.75 164757 -4302.92 164768
-3787.51 166563 -2555.2 168101
-3250.95 166572 -2412.71 164777
-2414.94 163938 -2066.51 163771
-1988.58 163103 -1605.65 162898
-1300.63 163381 -394.489 166703
-779.655 168529 -400.055 169110
2878.3 169323 3085.36 170450
3016.34 169985 3692.05 169753
2526.53 168310 1621.51 165841
1881.99 163279 1955.46 160505
1266.4 158189 1283.1 156121
1532.45 154360 3274.6 154384
3079.79 153552 4449.02 152597
4614.89 144361 4628.25 144210
2664.57 144421 2238.22 144544
1258.6 145319 1247.47 155068
-481.319 163662 -5732.26 164042
-5524.09 167473 -5389.4 173148
-4809.42 173894 -4814.99 173992
-5367.13 172118 -5515.19 166422
-6566.04 164029 -9852.19 164737
-13033.7 165864 -14436.1 155535
-14515.4 155547 -24936 154850
-21632 155164 -14873.8 155206
-14459.7 155377 -14003.3 155188
-15610.8 152503 -17266.1 151675
-14715.7 145739 -14139.1 141338
-11931.6 139499 -8295.95 139383
-5455.07 139140 -4862.85 142451
-5002 142571 -4702.55 141476
-4764.89 136208 -4682.52 131027
-3977.86 130774 -3598.26 127548
1207.4 126405 8872.86 110358
12770.2 106896 19005.2 106036
21320.6 104081 25453.9 102345
31267 98210.4 31324.9 97742.8
31025.4 101036 25895.8 102650
21378.5 103273 16372.5 105916
12243.6 111079 9672.13 121367
4120.63 127356 2483.12 126886
7336.65 126844 16501.6 122057
16005.1 114626 15656.7 114154
16028.5 119833 18919.4 124529
19637.5 126352 19916.9 126214
19654.2 125105 16193.2 121436
16112 123331 12172.4 125695
10386.8 130259 6065.38 131869
4427.87 134912 3894.65 137626
5524.37 140140 5930.68 140002
4349.95 138285 1822.99 134944
2144.71 134069 765.46 133968
782.158 134251 946.91 140561
-408.961 144145 -1819.38 146394
-3171.91 149740 -3672.85 147961
-3700.68 146345 -6597.21 143589
-7353.07 132739 -8918.22 131940
2205.93 127612 2115.77 127617
1967.71 132610 734.29 135892
-216.378 137415 -155.153 136791
-293.189 137079 277.88 138196
-248.661 138292 -6001.65 138713
-5370.47 137947 -5380.49 137722
-8145.67 133899 -8854.77 131929
-7327.47 131862 -6070.67 134941
-4506.63 133405 -5039.85 133788
-4718.14 133492 -2914.76 134492
-2527.37 135589 -1917.34 135945
-3649.47 137341 -3637.23 137553
-2874.69 138058 -3519.23 137733
-3659.49 136903 -4092.52 136006
-3886.58 135977 -3977.86 135981
-5771.22 138116 -5388.28 137811
-6852.13 134910 -11040 126363
-13503.5 120000 -14717.5 119837
-14575.5 121458 -15263.4 125709
-18359.2 127318 -16719.5 135202
-15908 144813 -17674.6 145045
-17990.8 142008 -17900.6 141718
-17866.1 141721 -15033 140084
-8559.77 139454 -7616.9 142324
-4953.02 139212 11744.9 117333
14562.4 105987 21236 106090
21337.3 103745 24630.1 103672
30498.9 98136.9 31301.5 97769.5
-845.333 155912 31361.5 97812.2
31287 97787.4 31310.4 97760.6
31303.7 97791.8 31156.8 86855.8
28063.2 82852.7 28029.8 82763.7
29974.6 84751.8 34429.6 82888.4
36712.7 81612.6 36551.3 81675
36394.4 83013 29480.3 84727.4
28025.4 82759.2 28942.6 84571.5
30947.5 87503.7 29428 84729.6
28035.4 82730.3 28065.5 82647.9
28371.6 84740.7 27379.7 90818.8
26775.3 98268.3 26115 101138
26191.9 101156 26003.8 101020
26632.8 98733.6 27427.6 87859.9
28042.1 82799.3 28052.1 82623.4
30829.5 86726.6 30317.4 93982.5
31340.5 97756.2 31782.4 98096.8
31309.3 97762.9 31103.4 100014
31302.6 97733.9 31786.9 98092.4
31336 97751.7 31304.8 97740.6
