-12847.8 152813 -14097.9 152770
-14375.1 152205 -14371.8 152692
-13482.3 154473 -13588.1 155938
-12118.7 155079 -11972.8 157147
-12030.7 154745 -10904.2 153240
-10886.4 153066 -10438.8 151742
-10446.6 152060 -11296 157568
-11484.1 165648 -5386.06 164080
-2423.84 164187 -2075.41 167237
-1996.38 167095 -2427.18 166736
-2155.56 163793 -4465.44 163953
-4904.04 163321 -5589.77 165251
-299.868 169595 4196.33 162584
4463.49 157397 4484.64 156068
5612.31 154338 3458.28 154376
2771.44 153334 -1593.4 152521
-1791.55 146975 -4260.62 143578
-6203.14 143615 -8128.97 143635
-9546.06 144261 -13472.3 145900
-13526.8 146318 -13690.5 146260
-13398.8 146015 -12982.5 147200
-12857.8 149331 -10853 149339
-10050.3 150288 -10074.8 152354
-9691.89 152639 -9645.14 156597
-9302.28 156911 -8667.75 156983
-8456.25 158200 -10119.4 162217
-9699.69 161337 -10106 161393
-11252.6 158428 -11276 155217
-10393.2 153728 -9490.41 150357
-10091.5 150758 -9975.76 151045
-10336.4 151410 -10393.2 154342
-11268.2 160342 -11937.2 163873
-12403.6 164238 -13869.7 163693
-13732.8 163660 -11713.5 163965
-14097.9 165332 -15548.4 155377
-15519.5 150366 -15299.1 147325
-14695.7 147316 -12557.3 146013
-7158.26 143629 -2716.61 143121
-3372.29 141336 -4691.42 140844
-4193.82 141854 -4649.12 141850
-4292.9 143544 -8707.83 143562
-8714.51 143482 -7760.5 139194
-9075.18 131508 -10028.1 128834
-8505.23 129195 -8505.23 129195
-8508.57 129208 -9509.33 132339
-8041.03 134757 -4203.84 143569
-1763.72 148542 -2556.31 151023
-2594.16 153285 1371.04 152846
1340.98 145359 1410 144359
586.235 146686 575.103 146824
253.39 144343 253.39 144343
256.73 144306 1162.87 147066
1997.77 147937 1329.85 147117
2808.17 146151 2808.17 146151
2803.72 146160 2104.63 144942
1349.89 144377 1322.06 143724
-1197.1 139258 -2240.17 139120
-1606.76 139361 -1606.76 139361
-1598.97 139347 -1207.12 139517
-302.094 141612 -1393.03 145372
-2885.82 149099 -3596.04 151557
-3511.44 155353 -1745.91 158810
-1279.48 162286 -1396.36 163617
-5568.62 166037 -6282.18 166701
-5529.66 164759 -5529.66 164759
-5520.75 164735 -10275.2 164962
-13279.7 152857 -10909.7 151403
-10339.8 145494 -10339.8 145494
-10340.9 145497 -10340.9 145497
-10342 145497 -10425.5 143691
-8363.85 141623 -5580.86 140434
-4675.84 136901 -2329.22 134737
1503.51 128892 6355.92 130711
25939.2 105785 25939.2 105785
25922.6 105793 25922.6 105793
25933.7 105793 25933.7 105793
25933.7 105800 25933.7 105800
25990.5 105782 25990.5 105782
25932.6 105782 25932.6 105782
25939.2 105782 25939.2 105782
25938.1 105787 25938.1 105787
25937 105789 25937 105789
25921.4 105829 25921.4 105829
25920.3 105847 25920.3 105847
25932.6 105825 25932.6 105825
25933.7 105822 25933.7 105822
25933.7 105820 25933.7 105820
25933.7 105816 25933.7 105816
25938.1 105818 25938.1 105818
25942.6 105809 25942.6 105809
25943.7 105811 25943.7 105811
25942.6 105820 25942.6 105820
25941.5 105820 25941.5 105820
25940.4 105818 25940.4 105818
25941.5 105816 25941.5 105816
25941.5 105813 25941.5 105813
25941.5 105811 25941.5 105811
25940.4 105811 25940.4 105811
25909.2 105831 25909.2 105831
25921.4 105816 25921.4 105816
25922.6 105818 25922.6 105818
25920.3 105820 25920.3 105820
25957.1 105822 25957.1 105822
25934.8 105834 25934.8 105834
25961.5 105798 25961.5 105798
25947 105805 25947 105805
25947 105796 25947 105796
25955.9 105762 25955.9 105762
25945.9 105778 25945.9 105778
25944.8 105778 25944.8 105778
25941.5 105818 25941.5 105818
25957.1 105749 25957.1 105749
25937 105773 25443.9 106165
22188.9 106049 12479.6 105898
10727.4 109703 4873.15 111081
2031.16 114289 1407.77 122327
-924.37 124426 -1892.85 122462
-503.583 123896 -663.883 123168
-620.468 124117 -3096.21 123032
-3124.04 122848 -465.734 127507
1699.43 127654 1890.9 129030
707.573 131760 2.92109 133182
-1564.46 134585 -3366.72 133619
-3205.31 133739 -3360.04 133621
-3045.01 132537 -3045.01 132537
-2991.57 132537 -2693.24 133637
-2836.84 133641 -4769.35 133423
-4779.36 133565 -5226.87 133728
-4783.82 138087 -2052.04 139040
1194.04 143052 1994.43 141986
1071.59 141990 944.684 142055
1022.61 141883 1022.61 141883
1024.83 141877 982.533 141792
1014.82 141872 1014.82 141959
-179.643 139853 585.122 136377
2235.99 135594 3656.43 133939
4080.55 133220 2536.55 134492
2297.22 133864 2497.59 133554
3151.04 130932 1989.97 131867
1150.63 134636 1455.64 132003
-305.434 133548 594.028 132913
3006.32 133125 4068.31 134536
4402.27 135823 4441.23 138163
3623.03 137782 1837.47 141097
1237.45 141474 1113.89 141819
931.326 141654 871.213 142199
1253.04 145722 1097.19 147178
1354.34 143549 940.231 141814
217.768 141534 3594.09 137270
4406.72 138319 4421.19 137969
3790.01 137408 3677.58 140688
4404.49 150212 3043.06 153576
2025.6 154411 4454.59 154387
4569.25 151141 6073.17 150925
4454.59 147859 4529.17 145448
4463.49 145294 4180.74 141031
3831.2 138673 4476.85 137466
4570.36 138472 3028.58 137925
3328.03 136923 1981.07 136711
1399.98 137591 1399.98 137591
1391.08 137586 -3732.96 134748
-6328.93 135983 -6151.93 137428
-5391.62 138517 -4780.48 137856
-4879.55 138486 -5382.72 138666
-4752.65 140006 -5002 141295
-6037.27 143544 -8147.89 143606
-8594.28 143517 -9750.89 144272
-10583.6 145138 -13605.9 146064
-13266.4 146443 -12998.1 147040
-13757.3 147251 -13663.8 146714
-13542.4 146623 -14460.8 147253
-15047.5 147284 -15614.1 149954
-15600.7 152390 -15542.8 145868
-16445.6 138241 -18331.4 129778
-16878.7 134216 -16071.6 135302
-14861.6 135514 -13048.2 134387
-12327.9 132127 -9631.78 131960
-7206.13 132855 -7200.56 133405
-7061.41 133098 -8645.49 132619
-10397.7 127104 -9321.2 125526
-10909.7 125546 -9746.44 129783
-7747.14 132795 -6944.53 135910
-4102.54 134890 -3034.99 134788
-1084.67 135004 1426.7 129709
-831.975 130408 -5387.17 130090
-8692.24 131891 -9198.75 132352
-7290.73 134999 -7290.73 134999
-7289.62 134999 -7289.62 134999
-7286.28 134995 -7286.28 134995
-7284.05 134986 582.896 136420
2461.97 133494 3173.3 131332
3781.1 130066 5887.27 131522
7037.2 129502 6773.37 125731
6546.28 124317 8831.67 124442
11181.6 118747 13372.4 116333
13723 116162 13723 116162
13721.9 116164 13721.9 116164
13721.9 116166 13400.2 116224
14122.7 117863 14759.4 117972
14687.1 113196 15412.9 109084
18645.6 106027 22606.3 105969
24405.3 106428 25640.9 105885
25629.8 105769 25643.1 105878
25683.2 105925 25683.2 105925
25635.3 105896 25635.3 105896
25672.1 105943 25672.1 105943
25657.6 105871 25657.6 105871
25640.9 105867 25640.9 105867
25664.3 105883 25664.3 105883
25619.8 105867 25619.8 105867
25623.1 105865 25623.1 105865
25628.7 105867 25628.7 105867
25630.9 105871 25630.9 105871
25632 105871 25632 105871
25576.3 105905 24383 106156
24383 106219 24383 106219
24381.9 106216 24381.9 106216
24387.5 106288 15431.8 105920
15287.1 112272 8088.06 128300
1949.9 138935 -1867.25 144668
-2750.01 145439 -2618.65 153362
-3333.32 154115 -4574.54 154291
-4822.78 153955 -4836.14 152314
-4594.57 151270 -2617.54 151018
-1423.08 154511 -824.183 161028
-613.789 160398 901.269 160378
-398.942 160761 -551.45 159701
-5588.66 160814 -11139 161400
-11259.3 155159 -10375.4 153385
-10308.6 152227 -10265.2 152608
-9915.65 151029 -9888.93 150731
-9612.86 150433 -8509.68 151018
-7605.77 151924 -7505.58 152804
-6205.37 152864 -2712.16 152663
942.458 152679 1309.81 152065
1250.81 151544 1290.89 150559
1366.58 151118 1592.56 151265
1228.55 152421 -98.3797 153598
-1281.71 153100 -1281.71 153100
-1282.82 153093 -1656.85 151791
-1715.85 150070 182.145 139463
337.993 139225 -157.379 140062
1483.47 139608 5832.72 151011
6163.34 150960 8863.95 150700
11537.8 150664 12074.4 149420
11585.7 149424 11275.1 152323
6399.34 152666 1279.76 154033
1309.81 153647 1283.1 150408
-1063.52 145312 -1625.68 145350
-1711.4 145601 -1531.06 145715
-1561.12 145481 -382.244 143364
11.8266 144085 -870.937 145307
-1254.99 145096 -3068.38 143520
-6274.39 144539 -6263.25 145396
-6161.95 145483 -6030.6 146697
-7606.88 147153 -8548.64 147240
-9121.94 146815 -9092.99 145503
-10388.8 145463 -10899.7 145305
-11446.3 142400 -11426.3 139488
-8972.77 139508 -7065.87 139350
-6097.39 143611 -1950.74 143658
-1248.31 145410 -713.976 146305
497.18 147022 1247.47 148422
1285.32 152044 793.289 159799
649.687 159011 825.572 160387
1112.78 160338 1308.7 151212
1125.02 142504 1635.98 135010
2602.23 133263 2602.23 133263
2603.34 133254 2506.5 133381
2567.72 134300 2473.1 133367
2632.29 133089 3001.87 136809
5489.86 136598 4884.28 137437
4474.63 136629 1948.79 134371
474.916 133946 474.916 133946
444.859 133875 1729.49 132866
2527.65 130286 5505.44 132392
8591.22 125283 10508.1 119559
12011 116004 12093.3 115696
13254.4 116360 13381.3 116075
12107.8 115696 12107.8 115696
12110 115699 12110 115699
12108.9 115701 12108.9 115701
12107.8 115705 12298.2 110609
15847 105929 24970.8 106346
25934.8 105791 25934.8 105791
25932.6 105802 25932.6 105802
25932.6 105805 25932.6 105805
25933.7 105807 25933.7 105807
25940.4 105818 25940.4 105818
25939.2 105820 25939.2 105820
25939.2 105818 25939.2 105818
25939.2 105816 25939.2 105816
25938.1 105816 25938.1 105816
25937 105813 25937 105813
25937 105816 25937 105816
25938.1 105816 25938.1 105816
25945.9 105816 25945.9 105816
25945.9 105813 25945.9 105813
25949.3 105805 25949.3 105805
25948.2 105805 25948.2 105805
25945.9 105807 25945.9 105807
25944.8 105807 25944.8 105807
25944.8 105809 25944.8 105809
25943.7 105807 25943.7 105807
25944.8 105807 25944.8 105807
25943.7 105809 25943.7 105809
25942.6 105809 25942.6 105809
25942.6 105811 25942.6 105811
25942.6 105809 25942.6 105809
25941.5 105809 25941.5 105809
25940.4 105809 25940.4 105809
25939.2 105807 25939.2 105807
25938.1 105807 25938.1 105807
25929.2 105800 25929.2 105800
25918.1 105807 25918.1 105807
25922.6 105822 25922.6 105822
25929.2 105820 25929.2 105820
25930.3 105816 25930.3 105816
25930.3 105813 25930.3 105813
25933.7 105811 25933.7 105811
25934.8 105811 25934.8 105811
25934.8 105813 25934.8 105813
25933.7 105813 25933.7 105813
25933.7 105811 25933.7 105811
25933.7 105802 25933.7 105802
25925.9 105796 25925.9 105796
25924.8 105796 25924.8 105796
25922.6 105796 25922.6 105796
25917 105796 25917 105796
25914.8 105785 25914.8 105785
25919.2 105769 25919.2 105769
25923.7 105776 25923.7 105776
25927 105800 25927 105800
25930.3 105791 25930.3 105791
25930.3 105787 25930.3 105787
25931.5 105785 25931.5 105785
25930.3 105787 25930.3 105787
25930.3 105802 25930.3 105802
25940.4 105753 25940.4 105753
25949.3 105785 25949.3 105785
25951.5 105782 25951.5 105782
25949.3 105782 25949.3 105782
25949.3 105785 25949.3 105785
25948.2 105789 25948.2 105789
25948.2 105793 25948.2 105793
25945.9 105796 25945.9 105796
25944.8 105796 25944.8 105796
25943.7 105798 25943.7 105798
25942.6 105798 25942.6 105798
25941.5 105800 25941.5 105800
25921.4 105791 25921.4 105791
25924.8 105798 25924.8 105798
25929.2 105805 25929.2 105805
25930.3 105807 25930.3 105807
25929.2 105807 25929.2 105807
25930.3 105807 25930.3 105807
25930.3 105805 25930.3 105805
25924.8 105749 25924.8 105749
25927 105758 25927 105758
25937 105793 25937 105793
25924.8 105780 25924.8 105780
25927 105782 25927 105782
25930.3 105811 25930.3 105811
25923.7 105807 25923.7 105807
25921.4 105809 25921.4 105809
25919.2 105811 25919.2 105811
25915.9 105816 25915.9 105816
25938.1 105805 25938.1 105805
25932.6 105811 25932.6 105811
25931.5 105813 25931.5 105813
25945.9 105798 25945.9 105798
25944.8 105796 25944.8 105796
25949.3 105771 25949.3 105771
25932.6 105831 25971.5 105698
25914.8 105883 25423.8 107178
24397.5 106332 19030.8 105969
15316 105867 11370.9 108536
6229.02 110992 2020.03 114116
2042.29 114358 1082.72 125181
1853.05 127748 1885.33 129643
1719.47 129656 2349.54 129705
2543.23 129280 2543.23 129280
2541.01 129302 2541.01 129302
2542.12 129306 2542.12 129306
2538.78 129309 2538.78 129309
2546.57 129358 1485.7 132873
796.629 134728 890.137 142257
998.117 141741 998.117 141741
983.646 141712 472.689 141603
-571.487 143005 -993.388 144945
-2192.3 145292 -2396.01 144998
-1269.46 145363 -712.863 146051
995.891 141981 995.891 141981
984.759 141961 913.515 142204
1063.8 142032 926.873 142164
1024.83 141905 909.062 142186
1015.93 141926 1015.93 141926
1014.82 141881 1014.82 141881
1000.34 141959 1000.34 141959
1021.49 141890 1021.49 141890
994.778 141930 992.551 142030
-236.416 138199 2765.87 132806
3326.92 130943 3102.06 129061
2537.67 129293 2537.67 129293
2543.23 129306 2543.23 129306
2519.85 129315 2519.85 129315
2532.1 129275 2532.1 129275
2529.87 129289 2529.87 129289
2517.63 129217 2517.63 129217
2493.14 129151 2493.14 129151
2499.82 129166 1827.45 127663
42.9961 127579 2164.75 131108
2164.75 133806 2655.66 137448
-312.113 142598 -599.317 144847
-1417.52 146984 -1515.48 146759
-757.391 145969 -470.187 148567
252.277 149613 28.5246 147111
-756.278 145995 1437.83 144430
1300.91 144755 1968.82 143123
4405.61 144308 4413.4 151459
4465.72 149952 3138.79 146955
1365.47 146979 573.99 146572
-721.769 146478 -719.287 145967
-1082.44 149148 -1064.63 149317
-1051.27 148631 -1797.12 145296
-4686.97 141923 -4779.36 138510
-4495.5 136262 -3397.89 135937
-2884.71 135271 -2884.71 135271
-2883.59 135295 -2924.78 133534
-3663.94 133042 -3480.27 133044
-3721.83 133073 -4772.69 133953
-5246.91 133710 -3712.92 134830
271.201 130843 3597.43 119668
4728.43 111132 11284 108583
16149.8 105943 21113.5 106112
23156.3 105818 22571.8 106023
23285.4 107577 23612.7 108002
25423.8 107236 25423.8 107236
25420.5 107196 26007.9 105821
25940.4 105796 25940.4 105796
25940.4 105793 25940.4 105793
25959.3 105742 25959.3 105742
25945.9 105793 25945.9 105793
25943.7 105793 25943.7 105793
25943.7 105791 25943.7 105791
25943.7 105798 25943.7 105798
25942.6 105802 25942.6 105802
25943.7 105800 25943.7 105800
25944.8 105800 25944.8 105800
25943.7 105800 25943.7 105800
25943.7 105802 25943.7 105802
25958.2 105813 25958.2 105813
25934.8 105800 25934.8 105800
25922.6 105818 25950.5 105672
25934.8 105816 25934.8 105816
25933.7 105813 25933.7 105813
25935.9 105811 25935.9 105811
25934.8 105811 25934.8 105811
25935.9 105811 25935.9 105811
25937 105809 25937 105809
25937 105811 25937 105811
25935.9 105813 25935.9 105813
25934.8 105813 25934.8 105813
25937 105787 25937 105787
25934.8 105796 25934.8 105796
25921.4 105838 25921.4 105838
25932.6 105831 25932.6 105831
25934.8 105827 25934.8 105827
25935.9 105827 25935.9 105827
25937 105822 25937 105822
25938.1 105820 25938.1 105820
25939.2 105820 25939.2 105820
25940.4 105818 25940.4 105818
25941.5 105818 25941.5 105818
25940.4 105816 25940.4 105816
25941.5 105816 25941.5 105816
25942.6 105816 25942.6 105816
25944.8 105813 25944.8 105813
25947 105813 25947 105813
25954.8 105805 25954.8 105805
25955.9 105796 25955.9 105796
25953.7 105787 25953.7 105787
25950.4 105789 25950.4 105789
25949.3 105793 25949.3 105793
25949.3 105796 25949.3 105796
25947 105800 25947 105800
25947 105802 25947 105802
25945.9 105805 25945.9 105805
25945.9 105807 25945.9 105807
25944.8 105807 25944.8 105807
25944.8 105809 25944.8 105809
25943.7 105809 25943.7 105809
25942.6 105807 25942.6 105807
25940.4 105796 25940.4 105796
25918.1 105820 25918.1 105820
25950.4 105751 25950.4 105751
25931.5 105816 25931.5 105816
25932.6 105816 25932.6 105816
25931.5 105816 25931.5 105816
25931.5 105813 22323.6 106061
14212.9 105972 11419.8 110678
11906.3 115008 9588.64 121625
-1074.65 163700 17.3926 164490
41.8829 163464 -3037.21 164011
-3093.99 163916 -4995.32 163989
-4998.66 163644 -5231.32 165276
-4134.82 164183 -3539.27 164096
-2652.05 162215 -1844.98 162317
-1830.51 162170 -3252.06 158837
-5481.79 155159 -6511.5 154229
-6345.63 154398 -6407.97 152641
-6232.08 148222 -5655.45 148244
-3942.24 147077 -1811.59 144588
-1125.86 143232 372.502 139238
-1808.25 137319 -1052.39 134870
3450.49 137072 6318.08 138490
10450.3 137887 10754.2 137811
8442.05 137192 4929.92 138466
3961.44 140518 3339.17 139828
4631.59 139955 4440.12 140817
4407.83 147353 588.462 152601
26.2982 152405 26.2982 152405
35.2037 152396 28.5246 152002
1279.76 148231 -36891.7 152768
-36827.1 150666 333.54 140719
-662.769 140078 491.614 139477
-47.1727 139953 -47.1727 139953
-54.965 139946 -54.965 139946
-46.0595 139975 -46.0595 139975
-39.3803 139948 -116.191 140004
1136.15 142353 1976.62 141665
2160.29 140425 4933.26 138501
6026.42 137471 5562.22 138477
3139.9 136709 1414.45 133866
-275.378 133501 -275.378 133501
-265.359 133472 -265.359 133472
-256.453 133427 -256.453 133427
-254.227 133427 -254.227 133427
-230.85 133392 3159.94 131005
3148.81 130023 3137.68 131519
2006.67 133178 3542.88 137248
5109.15 138519 5109.15 138519
5111.37 138519 5111.37 138519
5112.49 138517 5112.49 138517
5113.6 138512 4415.63 136159
4284.27 134590 7044.99 129487
9411.64 122476 11924.1 115180
14114.9 106014 18732.4 106174
19402.6 106023 24542.2 106375
25657.6 105929 25657.6 105929
25654.3 105920 25654.3 105920
25657.6 105947 25614.2 106813
25422.7 107183 25649.8 105967
24399.7 106940 23610.4 107944
22444.9 106070 15528.7 105923
15296 110767 15316 114770
4994.49 131223 1246.36 132495
1240.79 132724 1240.79 132724
1248.59 132670 994.778 132207
3179.98 132296 4598.19 134078
1263.06 143154 14.053 151134
28.5246 150448 28.5246 150448
30.751 150450 30.751 150450
38.5433 150453 38.5433 150453
31.8642 150457 -42.7199 150419
1205.17 149326 1234.11 142731
5991.91 131704 14738.3 122031
14702.7 113296 14649.2 112646
15464.1 108418 18635.6 106067
24719.2 106455 27418.7 102819
28177.9 94381 28842.5 93835.5
27577.9 94806.2 27399.8 102652
25696.6 106439 25420.5 107241
25911.4 105960 25897.4 105800
25940.4 105867 -29336.4 151463
25953.7 105842 25953.7 105842
25954.8 105836 25954.8 105836
25955.9 105834 25955.9 105834
25954.8 105825 25954.8 105825
25954.8 105820 25954.8 105820
25950.4 105765 25950.4 105765
25974.9 105798 25974.9 105798
25976 105793 25976 105793
25966 105820 25966 105820
25963.7 105820 25963.7 105820
25961.5 105820 25961.5 105820
25960.4 105820 25960.4 105820
25960.4 105818 25960.4 105818
25959.3 105818 25959.3 105818
25957.1 105816 25957.1 105816
25954.8 105813 25954.8 105813
25953.7 105813 25953.7 105813
25952.6 105813 25952.6 105813
25942.6 105827 25942.6 105827
25937 105831 25937 105831
25931.5 105834 25931.5 105834
25945.9 105840 25945.9 105840
25953.7 105849 25953.7 105849
25958.2 105849 25958.2 105849
25958.2 105845 25958.2 105845
26021.6 105829 26021.6 105829
25999.4 105834 25999.4 105834
26000.5 105825 26000.5 105825
26003.8 105836 26003.8 105836
25955.9 105840 25955.9 105840
25967.1 105842 25967.1 105842
25949.3 105845 25949.3 105845
25947 105842 25947 105842
25945.9 105838 25945.9 105838
25944.8 105836 25944.8 105836
25955.9 105825 25955.9 105825
25939.2 105862 25939.2 105862
25948.2 105847 25948.2 105847
25945.9 105849 25945.9 105849
25949.3 105842 25949.3 105842
25950.4 105838 25950.4 105838
25951.5 105836 25951.5 105836
25953.7 105800 25953.7 105800
25947 105805 25947 105805
25947 105807 25947 105807
25949.3 105820 25949.3 105820
25951.5 105822 25951.5 105822
25949.3 105822 25874.3 105814
26023.9 105862 25933.7 105836
26009.4 105809 26009.4 105809
25982.7 105831 25982.7 105831
25983.8 105816 25983.8 105816
25983.8 105836 25983.8 105836
25942.6 105849 25942.6 105849
25950.4 105813 25904.7 105934
24859.5 106083 15440.7 105891
11841.7 107955 6951.48 110934
2036.73 114703 1444.51 119332
-1164.82 124994 -3092.87 122997
-2716.61 123130 -2716.61 123130
-2715.5 123166 -2715.5 123166
-2733.31 123153 -2733.31 123153
-2732.2 123159 -2732.2 123159
-2728.86 123166 -3583.79 126579
-3622.75 131820 -3174.14 133997
-9019.52 135021 -11203.6 145668
-13456.7 146002 -10942 145069
-10903 145474 -9512.67 147244
-7888.52 148358 -10175 145532
-10288.6 145653 -13500.1 154001
-7790.56 147160 -5911.48 147089
-3656.15 145394 -3513.66 145405
-1816.04 147997 -1080.22 149433
-1037.92 151052 -1076.88 149043
-1511.02 147779 -2880.25 143473
-7476.64 143602 -8084.44 134955
-14777 135440 -17164.8 132942
-17216 133325 -18065.3 130304
-19096.2 128663 -18034.2 130751
-16219.7 133374 -16348.8 134356
-16033.8 135102 -14492 135812
-14365.1 135511 -10819.6 140852
-10437.7 145795 -9625.1 156838
-9170.92 157265 -7783.88 158138
-6937.85 157626 -7232.85 157379
-7796.12 158289 -6259.91 156631
-3633.89 156065 -2465.03 156094
-1573.36 153095 -1385.23 149869
-1056.84 148594 -957.766 147006
-40.4935 149580 2082.37 150847
4070.54 151065 6913.64 150951
7491.38 152116 7491.38 152116
7491.38 152113 6997.12 152626
7513.65 150041 5751.46 149219
3309.11 149375 1608.15 149299
-317.679 140579 -7369.77 139307
-15198.9 140149 -16509.1 139265
-16205.2 138691 -15992.6 137693
-13977.7 137557 -13934.3 136075
-14721.3 137575 -16427.8 140122
-16406.7 140534 -16560.3 139047
-14921.7 137602 -14149.1 137546
-13099.4 135269 -12974.7 133142
-11247 133755 -10534.6 131996
-8128.97 131891 -8009.86 131869
-6979.04 135914 -6941.19 135538
-5914.82 134950 -3658.38 128086
-3663.94 124508 -4253.94 121812
-3968.96 115732 -1503.23 117017
-1312.88 118085 -1224.93 115131
2017.8 113550 5955.17 111326
9765.64 115289 12704.5 118197
13301.1 116335 15190.2 115075
15284.9 114919 15527.5 115118
15924.9 114757 14432.2 122572
5774.84 132065 -422.319 143252
-1735.89 149789 -3599.38 150871
-3361.15 150842 -1534.4 145417
-1733.66 147080 -1329.04 146894
-1349.61 146973 -2281.35 148387
-2580.8 147966 -762.957 146999
-1332.91 146975 -2728.86 145303
-2736.65 144568 -2786.75 141828
-638.279 141607 -366.66 141710
-372.226 144448 -1785.98 145287
-3722.94 144844 -2404.92 145341
-2021.98 145347 -1574.48 154191
-1157.03 155927 -1561.12 161531
-2781.18 162903 -2781.18 162903
-2784.52 162905 -1991.92 161026
1210.74 159823 1572.53 159819
2573.29 159035 2345.08 158826
3038.6 156108 3021.91 156700
3058.64 156110 4661.64 152806
4091.69 141356 -217.492 133249
-2489.52 127280 -3238.7 126218
-3258.74 126330 -2650.94 130215
1368.81 130411 4122.86 134587
4225.27 135240 4404.49 136424
4215.25 140323 4215.25 140323
4213.02 140334 4397.81 137620
5460.92 132971 6000.82 132414
5400.8 133939 3253.45 136609
-2973.76 134701 -14274.9 145837
-2715.5 146443 -2625.33 150139
-2066.51 150261 -2632.01 150566
-2722.18 147498 -1918.45 144116
-673.901 140122 -673.901 140122
-673.901 140120 538.368 136538
3097.6 136509 5229.37 134863
5592.27 132717 3926.93 134115
2364.01 132296 4033.8 134389
25639.8 105858 25639.8 105858
25640.9 105865 25640.9 105865
25647.6 105845 25647.6 105845
25647.6 105880 25639.8 105869
25646.5 105887 25646.5 105887
25649.8 105907 25649.8 105907
25645.4 105883 25574.1 105762
25669.9 105894 25636.5 105862
25676.5 105874 25676.5 105874
25675.4 105891 25675.4 105891
25671 105889 25671 105889
25675.4 105880 25675.4 105880
25639.8 105874 25639.8 105874
25685.4 105905 25685.4 105905
25672.1 105869 25672.1 105869
25661 105878 25661 105878
25623.1 105927 25623.1 105927
25614.2 105905 25614.2 105905
25640.9 105905 25640.9 105905
25628.7 105907 25628.7 105907
25636.5 105903 25636.5 105903
25637.6 105900 25637.6 105900
25615.3 105947 25615.3 105947
25624.2 105931 25624.2 105931
25624.2 105929 25624.2 105929
25609.7 105938 25609.7 105938
25642 105885 25642 105885
25644.3 105898 25644.3 105898
25642 105907 25642 105907
25642 105905 25642 105905
25642 105907 25597.5 105203
25882.5 105671 23327.7 103282
22267.9 103309 22344.7 103173
24203.8 103367 28177.9 107746
32979.1 109382 37790.3 110373
44300.3 109612 47289.2 115371
51867.8 113506 51867.8 113506
51867.8 113501 52414.4 112878
52650.4 109478 55169.5 100949
54879 99236.7 54879 99236.7
54886.8 99247.9 54886.8 99247.9
54890.1 99254.5 54890.1 99254.5
54891.2 99256.8 54891.2 99256.8
54892.3 99250.1 54892.3 99250.1
54895.7 99230.1 54895.7 99230.1
54870.1 99234.5 54870.1 99234.5
54877.9 99223.4 54877.9 99223.4
54883.4 99212.2 54076.4 98266
51469.3 97909.8 52893 98156.9
54846.7 99276.8 53392.9 98221.5
51467 97932.1 51467 97932.1
51465.9 97941 51465.9 97941
51465.9 97936.5 51465.9 97936.5
51463.7 97932.1 51463.7 97932.1
51462.6 97927.6 51462.6 97927.6
51464.8 97929.8 51464.8 97929.8
51465.9 97932.1 51465.9 97932.1
51467 97932.1 51467 97932.1
51468.1 97932.1 51468.1 97932.1
51468.1 97929.8 51468.1 97929.8
51468.1 97927.6 51468.1 97927.6
51469.3 97927.6 51469.3 97927.6
51469.3 97925.4 51469.3 97925.4
51469.3 97927.6 51469.3 97927.6
51468.1 97927.6 51468.1 97927.6
51469.3 97927.6 51469.3 97927.6
51469.3 97925.4 51469.3 97925.4
51469.3 97927.6 51469.3 97927.6
51478.2 97945.4 51478.2 97945.4
51472.6 97925.4 51472.6 97925.4
51472.6 97920.9 51472.6 97920.9
51471.5 97916.5 51471.5 97916.5
51471.5 97914.3 51471.5 97914.3
51470.4 97912 51470.4 97912
51471.5 97912 51471.5 97912
51471.5 97914.3 51471.5 97914.3
51472.6 97918.7 51472.6 97918.7
51473.7 97920.9 51473.7 97920.9
51473.7 97923.2 51473.7 97923.2
51473.7 97920.9 51473.7 97920.9
51472.6 97923.2 52945.4 98156.9
54852.3 99308 54852.3 99308
54854.5 99305.8 54854.5 99305.8
54856.7 99294.6 54850 99381.4
54865.6 99267.9 54865.6 99267.9
54870.1 99259 54870.1 99259
54872.3 99247.9 54872.3 99247.9
54872.3 99243.4 54872.3 99243.4
54872.3 99236.7 54872.3 99236.7
54872.3 99234.5 54872.3 99234.5
