-9049.58 131005 -9049.58 131005
-9048.47 131034 -9007.28 130123
-9154.22 131332 -9317.86 135055
-10773.9 135538 -10794 140218
-10612.5 142061 -10562.4 149224
-11881.5 149237 -12138.7 149259
-12924.6 148162 -13011.4 146485
-11741.3 145935 -10517.9 145405
-8862.56 143744 -3805.32 143578
-3538.15 141429 -3562.64 140774
-4290.67 140719 -4662.48 140701
-5003.12 141652 -5704.43 141792
-6183.1 139581 -6229.86 137586
-7015.77 133236 -6985.72 135197
-6212.05 138969 -4670.27 144655
-4958.59 145425 -4958.59 145425
-4965.27 145425 -5777.9 145441
-6282.18 143780 -6476.99 143582
-7498.9 143591 -7778.31 143488
-7161.6 142585 -7237.3 143072
-7869.59 142019 -7426.54 135046
-4835.02 134881 -4717.03 133456
-4410.9 132134 -4410.9 132134
-4400.88 132112 -3665.06 131704
-4720.36 134781 -6257.69 137212
-6928.94 138786 -6928.94 138786
-6913.36 138733 -7418.75 137424
-6994.62 137415 -7055.85 131217
-4525.56 130186 -2069.85 130288
-1260.56 129520 -26.022 128331
221.107 127585 3038.6 127122
5699.14 127102 6729.96 127013
3746.6 127396 2298.33 127378
2300.56 127481 -729.561 127810
-7527.84 127000 -8294.83 131869
-8448.45 131864 -9067.39 131092
-9037.33 131038 -9037.33 131038
-9085.2 131043 9264.7 131043
-10210.6 128400 -8509.68 133127
-9402.46 131956 -8989.47 131947
-7561.24 132764 -7065.87 132762
-6999.07 134817 -12948 135271
-13701.6 134358 -12867.8 133850
-10881.9 133732 -10805.1 133358
-8900.41 132098 -8183.51 133984
-19784.1 131016 -17254.9 133252
-15823.4 140650 -15616.3 143980
-15576.2 152525 -14965.1 157421
-14775.9 158022 -15451.6 157715
-15568.4 150889 -15649.7 142861
-12925.7 139118 -11686.7 137482
-11655.6 137159 -11255.9 135246
-10578 135222 -7854.01 135097
-8114.5 134026 -7113.73 132731
-6943.42 137308 -4554.5 139174
-2260.2 141941 -2633.12 141750
-3563.76 140274 -3577.11 139281
-3963.39 139091 -6206.48 138637
-6235.42 137488 -6981.26 134532
-7034.7 132762 -8123.4 131853
-8621 131851 -9044.01 131038
-9074.07 131161 -9984.66 128986
-9193.18 128336 -8369.42 130302
-7996.5 131869 -7953.08 132833
-8857 131925 -8352.72 130121
-9578.35 130068 -11043.3 125602
-10315.3 125232 -10563.5 124301
-10694.9 125508 -11207 125666
-10748.3 127467 -8149.01 134621
-6256.57 137353 -6117.42 142921
-3334.44 143522 -1799.34 147104
-1757.04 149112 -1688.02 151621
-2328.11 153360 -2611.97 151216
-2659.84 149780 -2832.39 144880
-3184.16 144882 -3710.7 144568
-4378.61 143537 -4689.2 142255
-4708.12 140723 -5735.6 140414
-5897.01 140416 -6186.44 139376
-6244.33 135278 -6971.25 134685
-9087.43 131027 -9087.43 131027
-9066.28 131094 -9066.28 131094
-9081.86 131065 -9081.86 131065
-9066.28 131056 -9066.28 131056
-9067.39 131116 -9036.22 131041
-10079.3 128736 -9192.07 128320
-9269.99 131023 -8398.36 133329
-7974.23 143264 -8578.7 143622
-6959 143061 -6687.38 142317
-7827.29 140601 -6908.91 138866
-5571.96 143635 -1739.23 149990
-2322.54 153358 -2573.01 152732
1194.04 150203 3009.66 151038
2587.76 146966 2476.44 143557
1276.42 151136 -1655.74 153376
-2330.34 153367 -2594.16 151824
-2670.97 149379 -2743.33 144506
-3115.14 142473 -3819.79 141327
-4724.82 140719 -5360.45 139922
-4757.1 141371 -4282.88 142587
-4398.65 142567 -5292.55 140447
-5339.3 139739 -4708.12 142057
-4740.4 143484 -6171.97 143575
-6296.65 143088 -8302.63 143157
-9302.28 144016 -10530.1 146116
-10435.5 150433 -11120.1 154903
-15565.1 157023 -15885.7 158779
-16396.7 157555 -15887.9 156177
-17005.6 156444 -18244.6 155104
-18558.5 154004 -18746.6 150105
-19415.7 148353 -19539.2 146093
-19578.2 146487 -18884.7 155170
-14551 155215 -14136.9 155190
-13477.9 154113 -12773.2 152906
-12373.6 151377 -11533.1 149631
-11100.1 149286 -10763.9 148540
-10770.6 148117 -10010.3 147318
-9641.8 147311 -9591.71 146452
-8756.81 143758 -8756.81 143758
-8750.13 143756 -7295.18 143072
-7274.03 142654 -5880.31 143057
-6174.2 139922 -6222.06 138052
-6986.83 134314 -7018 133156
-8892.62 131911 -7761.61 136800
-7009.09 134981 -4251.71 132515
-3843.17 132503 -5556.37 130070
-8364.97 130259 -8763.49 131887
-9078.52 131030 -9078.52 131030
-9097.45 130974 -9076.3 131112
-9676.31 129801 -9822.14 128338
-8321.55 131012 -8939.37 132045
-9168.69 133608 -9495.97 132871
-10802.9 131998 -8673.32 132695
-6798.7 134957 -4122.58 134792
-282.057 135493 3877.95 137649
-518.054 134276 -2933.69 134674
-3678.41 134113 -3722.94 130235
-3950.03 125945 -6873.28 127140
-9029.54 130112 -7718.2 138303
-7752.71 139719 -7748.26 139316
-10494.5 127641 -10755 126673
-11556.5 126325 -11878.2 125403
-11485.3 125308 -9149.77 131199
-8991.69 131163 -8991.69 131163
-9035.11 131170 -9035.11 131170
-9056.26 131237 253386 1.26216e+06
-9071.84 131112 -9071.84 131112
-9107.47 131136 -10052.6 128810
-8291.49 131450 -8399.47 133349
-7908.56 143039 -10501.2 145795
-10497.8 147574 -10429.9 150847
-10760.6 148531 -10490.1 146129
-8933.81 143822 -7866.25 142435
-7891.86 135638 -8895.96 131978
-11171.3 125958 -14495.3 117157
-14251.5 115342 -14354 113973
-13453.4 115438 -12883.4 115703
-12864.5 116095 -14354 117328
-13959.9 118916 -8505.23 133058
-7698.16 137355 -7474.41 137424
-7650.29 137241 -7950.86 135097
-8868.13 131994 -8617.66 131838
-9056.26 130905 -9990.23 128981
-9746.44 128347 -8372.76 130112
-8378.32 131876 -8992.81 132067
-7751.59 138577 -12594 139452
-14574.4 138457 -14574.4 138457
-14579.9 138421 -13053.7 137511
-10578 137482 -10578 137482
-10552.4 137484 -7857.35 137433
-7646.95 137145 -8252.53 133581
-8848.09 131891 -9081.86 131419
-8413.95 128585 -8407.27 129184
-4724.82 130170 -1404.16 130375
-1262.78 130077 246.711 127585
675.291 127634 2548.8 126873
6697.68 127040 4122.86 127329
2298.33 127376 1880.88 128986
1907.6 130295 6739.98 135010
10316.7 147647 1877.54 160859
-2791.2 163838 -5229.09 165329
-4053.56 162493 1322.06 153485
1434.49 151508 3114.3 151098
3138.79 149486 3138.79 148179
2556.59 146962 2390.72 143141
3648.63 142032 4427.87 138377
4401.15 135004 3658.65 133937
3318.02 130936 4264.23 130963
4985.58 130052 2274.95 131094
-270.925 133463 -503.583 134196
-2921.44 133552 -2941.48 132508
-4710.35 130780 -5098.85 130108
-9057.37 128650 -8721.19 128322
-8851.43 131860 -8989.47 132058
-9134.18 133608 -9491.52 133338
-9814.34 129326 -10145 128356
-7249.54 130066 -3627.21 130172
793.289 130540 1347.66 130362
2294.99 127283 2488.69 126873
5812.69 127251 5816.02 128077
6257.96 127220 6822.35 126911
10529.3 123268 10915.6 124664
10591.6 123262 9969.36 123366
7629.42 124549 6692.11 127067
4169.61 127323 3145.47 127258
1455.64 128828 -255.34 128077
-6894.43 127171 -7998.72 127124
-8387.23 129818 -8357.17 130342
-9054.03 131063 -9054.03 131063
-9062.94 131034 430625 2.16885e+06
-9176.48 130978 -9176.48 130978
-9233.26 131001 -10889.7 127260
-8208 134759 -13659.3 135342
-14158 136449 -14782.5 135529
-13108.3 133853 -13047.1 133512
-12302.3 132109 -11267.1 131266
-10934.2 130540 -8950.51 130130
-6977.92 135665 -6116.31 143101
-1843.87 145795 -490.224 150495
-1046.82 151023 -1743.68 148251
-1789.32 144172 -2714.39 143435
-3518.11 141932 -4022.39 140895
-3604.94 141338 -2676.54 140810
-3047.23 139042 -2132.19 137268
-1479.85 134899 -1448.69 135685
-4916.29 139183 -10856.3 139316
-10537.9 145966 -10537.9 145966
-10536.8 146042 -10462.2 149473
-11289.3 154928 -15530.6 154142
-15532.8 153888 -15569.6 147057
-13367.7 139508 -7712.63 138711
-8447.34 133160 -10072.6 128750
-9176.48 129551 -8885.94 129157
-10841.8 130506 -14927.2 135324
-16214.1 133479 -14326.1 133957
-12204.4 134180 -6074.01 134910
1286.43 137535 6213.44 131290
15012.1 121601 15861.5 114314
15421.8 118157 15402.9 118729
14110.4 118453 12036.6 117809
10076.2 120118 9006.44 123988
7925.53 127200 6107.68 131081
4273.14 134523 2663.46 133082
1776.24 134705 553.953 136429
85.2975 137475 -1536.63 139053
-4211.63 139120 -5397.19 137435
-6205.37 137410 -7616.9 137103
-7136 136195 -7025.79 132869
-6247.67 137366 -6242.1 137658
-4709.23 142006 -4699.21 142235
-5589.77 142578 -5755.64 142553
-5561.94 142876 -6677.36 142598
-5913.71 138466 -5073.25 138909
-6135.24 137408 -7378.67 135518
-8659.96 132526 -10413.2 127058
-11169.1 125927 -12556.1 126034
-11881.5 125424 -13799.6 125301
-14664.5 125553 -17129.1 126791
-16905.4 126848 -15201.1 126385
-16385.5 126572 -17962.9 131286
-15900.2 139837 -15478.3 140454
-13924.3 139608 -12915.7 139639
-12628.5 143226 -12157.6 143963
-11394 142896 -11378.4 141578
-8610.98 141627 -7975.35 141612
-7151.58 142573 -6785.34 143580
-7763.84 143553 -7904.1 145802
-6810.94 147120 -4263.95 147097
