-4176.01 110765 -4040.2 114240
-4194.94 116518 -9283.35 118693
-13045.9 121331 -13627 123226
-16031.5 122433 -15579.6 123992
-15636.4 124188 -15887.9 124324
-15348 125711 -15784.4 123224
-16779.6 121396 -17781.5 118428
-16125 122173 -15581.8 123985
-15141 127634 -14669 129291
-15138.8 127278 -15234.5 125806
-15550.6 124059 -15649.7 124186
-15962.5 124195 -16582.6 122391
-17372.9 121254 -16695 121723
-15572.9 124005 -15284.6 125564
-15472.7 124177 -16784.1 122583
-15290.2 125568 -18637.5 127501
-18086.5 129678 -17222.7 133452
-16758.5 134957 -17758.1 136607
-19388.9 138846 -19521.4 140160
-19454.6 142691 -19136.2 142919
-19387.8 142723 -19474.7 140238
-20475.4 142723 -20439.8 141912
-19439 141979 -19336.6 142373
-17242.7 144806 -17539.9 145403
-17124.7 147380 -18341.4 149072
-19545.9 145949 -18019.7 144179
-17447.5 143896 -15555.1 144853
-15616.3 143123 -14722.4 139882
-14959.5 139957 -15053 140031
-15900.2 139363 -15354.7 135514
-10997.7 135257 -10787.3 133750
-9509.33 132312 -7727.1 137007
-7243.98 136157 -8691.13 132468
-7813.93 136429 -7933.05 139129
-8043.25 139267 -8846.98 139325
-8930.47 137535 -8487.42 136253
-7712.63 137437 -7901.88 140768
-8844.75 140864 -9416.93 138668
-9414.71 137143 -15023 132245
-15117.6 127694 -14759.2 128618
-12736.5 130186 -12599.6 133757
-12185.4 135355 -9609.52 135115
-7728.22 138461 -7964.21 143261
-3264.31 143553 -9196.52 143965
-13188.4 145944 -14067.9 142449
-15930.2 139065 -16640.5 136478
-17263.8 132971 -18003 130742
-19234.2 126192 -20526.6 124137
-22697.3 121877 -23329.6 120310
-21692.1 120436 -20878.4 122928
-19052.7 124771 -12726.5 124101
-13194 119559 -10575.8 118488
-9306.73 118718 -6357.87 119550
-4852.84 119435 -3767.47 119352
-3018.29 118462 -4066.92 119455
-4239.46 121625 -4629.08 127145
-6989.06 130046 -6974.58 135965
-7895.2 135438 -20640.2 156540
-20640.2 155248 -20640.2 153826
-19658.3 152839 -17280.5 152835
-15539.5 149310 -15667.5 141859
-15787.7 140652 -15946.9 136141
-14267.1 133937 -9484.84 133699
-10303 131967 -10865.2 131987
-8416.17 133341 -9492.63 133125
-7783.88 136531 -12464.9 139448
-15589.6 147583 -15040.8 155199
-14507.6 155282 -14246 155299
-14337.3 155104 -15537.3 154271
-15513.9 152479 -15588.5 143598
-15712.1 141251 -14955.1 139946
-15757.7 138230 -13932.1 137524
-12032.9 137524 -8966.09 137448
-6981.26 134990 5200.43 133138
14250.7 123075 15345 120989
15626.6 119686 15388.4 115456
15848.1 114367 13479.3 117671
7754.1 110689 3624.14 109810
3551.79 107098 1513.53 105867
-264.246 105805 -2960.4 106096
-4108.11 105869 -3399 105876
-3400.12 105778 -3809.77 105838
-4533.35 104716 -4292.9 107414
-4135.94 111849 -4177.13 120543
-3676.19 124727 -3648.36 126552
-4725.93 131014 -5024.27 134400
-7356.41 136181 -6927.83 135293
-8869.24 131893 -9513.78 131954
-9491.52 133223 -10062.6 133539
-9861.1 133512 -9616.2 133659
-9012.84 134892 -9412.48 136711
-10112.7 137448 -12614 139452
-15585.1 148004 -17975.2 149092
-20397.5 149037 -21945.9 148783
-22859.9 150851 -21940.4 148856
-21256.9 149137 -19380 149081
-19542.6 146015 -19430.1 143631
-18491.7 141776 -16809.7 141329
-15822.3 140113 -16067.2 136308
-14952.9 135531 -12944.6 135349
-7896.31 135758 -7869.59 146312
-6312.23 147082 -4875.1 150386
-4917.4 148413 -4949.68 147175
-5243.57 146434 -5329.28 145964
-5587.54 145978 -3982.32 145439
-2768.93 145394 -1865.02 146979
-50.5123 147020 1097.19 147126
1289.77 144179 -2328.11 139047
-7365.32 139276 -7902.99 135409
-7691.48 137241 -10618.1 139425
-12499.4 137544 -10104.9 136340
-7744.92 136912 -7920.8 135445
-9956.83 129066 -13432.2 120004
-13039.3 114592 -9685.21 114203
-9133.07 113468 -8388.34 113354
-9386.88 113009 -9345.69 110019
-5484.02 109227 -4253.94 106119
-3383.42 105943 -26992.1 150326
-3393.44 105954 -3529.25 105771
-4279.54 106798 -4045.77 114454
-4102.54 118813 -4296.24 120997
-3607.17 125840 -3793.07 130081
-3687.32 131566 -3681.75 132466
-4214.97 133452 -3704.02 143112
-4277.31 143544 -4672.5 142965
-4665.82 142805 -4616.84 140730
-3627.21 140717 -3586.02 139392
-3941.13 138913 -3849.85 138871
-4709.23 139149 -5394.96 138553
-5362.68 138737 -5374.92 138875
-4767.12 138290 -4062.47 137733
-3614.96 138590 -3515.89 142184
-3799.75 143466 -4672.5 143128
-4684.74 142834 -4198.28 141832
-3511.44 143001 -4683.63 142520
-3422.38 141320 -2829.05 139307
-2940.37 139136 -1479.85 140465
-2154.45 141273 -2822.37 140078
-2835.73 139285 -3382.3 139033
-4336.31 139094 -5371.58 138935
-5050.98 137760 -3395.66 105856
-3582.68 105793 -4390.86 105268
-4367.48 105782 -4088.07 112775
-4176.01 116845 -3943.35 123166
-4606.82 126632 -7044.72 130048
-7508.92 134977 -13002.5 135286
-12935.7 139318 -13867.5 139416
-13878.6 139067 -13896.4 138281
-13538 137504 -11261.5 137468
-10698.2 136749 -10810.7 134828
-13406.6 133902 -12263.4 132706
-10068.2 131985 -9461.46 133583
-9036.22 131920 -10993.2 126392
-10914.2 124811 -11208.1 125673
-10883 130484 -8478.51 133102
-4319.61 139163 -162.945 140812
1260.83 148326 605.16 155629
1317.6 151699 1316.49 143626
1210.74 142578 -435.678 140387
-1976.34 138987 -5884.77 139183
-7650.29 137707 -8838.07 139367
-12811.1 141634 -12766.5 142373
-12905.7 142440 -12749.8 142542
-13905.3 142985 -14105.7 142262
-14818.2 142994 -15634.1 142565
-15151 140211 -15759.9 140418
-16636 136522 -16618.2 132287
-16218.6 133194 -16736.2 135491
-19445.7 142905 -20841.7 149041
-22233.1 148578 -19422.3 149600
-19440.1 147846 -19427.9 143428
-18388.2 141763 -16889.8 141362
-15971.4 140790 -16075 135834
-14901.6 134977 -12742 133846
-10629.2 133721 -9513.78 132205
-9241.05 131061 -13474.5 127525
-19160.7 126352 -21980.5 122144
-24211.3 121768 -25473.7 121607
-26671.5 120265 -27729 120399
-27484.1 121247 -27337.1 122520
-25332.3 123044 -23048 122051
-20585.6 125254 -19742.9 125018
-16269.8 124515 -15118.7 124938
-15438.2 124586 -12097.5 123723
-10923.1 129551 -10865.2 131738
-9553.86 131954 -8497.44 133118
-7877.39 135970 -7897.42 135440
-14718 133977 -9469.25 133677
-10478.9 131967 -9116.37 131945
-8013.2 134912 -7773.86 138924
-8371.64 139338 -14438.6 139626
-15616.3 143889 -15581.8 149771
-15732.1 155177 -14851.6 155099
-15541.7 151804 -15044.1 147300
-13093.8 147280 -10531.2 145690
-10578 144976 -8722.3 143493
-8185.74 139410 -7610.22 137457
-7628.03 137108 -7896.31 135418
-7240.64 136177 -7897.42 135442
-6333.38 136068 -6238.76 138777
-7813.93 136079 -7938.61 135226
-11709 135217 -14726.9 135433
-15431.5 135244 -13945.4 135447
-9944.59 135148 -6539.33 134977
-4749.31 133467 -4032.41 119397
-4072.49 112559 -4242.8 106372
-3420.15 105871 -4626.86 103620
-4585.67 97518 -5332.62 96520.5
-12397 94340.9 -20696.9 93557.2
-25012.8 85951.9 -31751 80080.9
-39809.4 70981.6 -44996.9 61181.1
-51169.5 52286.6 -51256.4 51563
-55182.6 47871.7 -54041.6 42178.8
-51765.1 35927.1 -52223.7 31525.5
-52260.5 28582.3 -52307.2 27653.8
-52180.3 27558.1 -51716.1 28517.7
-51937.6 28484.3 -51723.9 28513.2
-52564.4 29588.6 -52616.7 28767
-51679.4 28655.7 -51611.5 29165.6
-50216.6 28860.6 -49673.4 29174.5
-49622.2 29339.2 -49546.5 29317
-49618.9 29339.2 -49926.1 29650.9
-53405.9 30833.1 -53650.8 30399
-53360.3 30474.7 -52932.8 28715.8
-52277.2 27883.2 -51872 27344.4
-52049 27482.4 -52153.6 27636
-52199.2 27535.8 -52305 27662.8
-51644.9 28462 -48396.6 26088.7
-43315.9 24543.6 -32056 13939.3
-31061.9 12619 -25777.6 6198.13
-28390.2 7313.55 -29743.9 9976.31
-31307.9 13992.7 -29749.4 15092.6
-26678.1 14282.2 -28233.3 14645.1
-30873.8 17082.9 -28074.1 22361.7
-27776.9 23906.8 -30641.1 17492.6
-31380.3 15195 -31974.7 14515.9
-37335.9 17644 -42887.4 24423.4
-49833.7 27820.8 -52293.9 28586.7
-53486.1 29152.2 -53694.3 31527.8
-52486.4 32453.9 -52578.8 29323.6
-52222.6 28290.6 -52305 27669.4
-52534.3 28588.9 -52178.1 27522.5
-52492 30545.9 -51929.8 32580.8
-51354.3 34061.4 -51247.5 34054.7
-51389.9 34059.2 -52093.5 32565.3
-52404.1 30717.4 -52199.2 27506.9
-52139.1 31857.3 -52514.3 32120
-52385.1 30381.2 -49292.7 29414.9
-44304.5 27569.2 -40251.3 22626.7
-31054.1 12579 -24954.9 5821.87
-23448.8 2671.53 -23240.6 2266.33
-24656.6 2230.7 -24018.7 2079.31
-23664.7 2139.42 -23241.7 2266.33
-23420.9 2682.66 -23409.8 2540.17
-23449.9 2651.49 -23265.1 2531.27
-23487.7 3277.11 -25880 6204.81
-29957.6 10390.4 -33205.9 15226.1
-38023.8 18819.5 -42618 24265.3
-48683.8 26180 -51927.6 29348.1
-52571 29477.3 -52246 28137
-52239.3 27549.2 -51427.8 28341.8
-47094.1 25605.6 -41276.6 22626.7
-36712.5 17147.5 -31924.6 14502.6
-31307.9 13596.4 -29271.9 9045.68
-27498.6 6707.97 -25373.5 6146.92
-23780.5 4762.11 -23268.4 2362.06
-23478.8 2161.69 -23515.5 3798.08
-25242.1 6064.55 -23467.7 3212.54
-23478.8 2186.18 -23426.5 2602.51
-23368.6 2315.31 -23407.6 2531.27
-23366.4 2702.7 -24952.7 5824.1
-24603.1 5599.23 -23404.2 2524.59
-23503.3 3989.55 -25465.9 6171.41
-28818.8 8155.13 -30397.3 11256.5
-32436.7 14640.6 -36240.5 16784.6
-40686.6 21927.6 -46053.3 25391.8
-50883.4 28789.3 -51230.8 28373
-52260.5 27938.8 -52185.9 28535.5
-51309.8 28361.8 -51225.2 28361.8
-51807.4 27725.1 -52239.3 27464.6
-52208.1 27591.5 -13436.7 125577
-52210.4 27531.4 -51849.7 27486.9
-51559.2 28419.7 -49804.8 27785.2
-48073.7 25955.1 -42959.7 24427.8
-39859.5 20921.2 -37767.8 18340.9
-34084.2 15909.6 -31378 13870.3
-28406.9 7340.27 -25778.7 6180.32
-25263.3 6077.9 -23404.2 2529.04
