-4073.600000 132486.000000
-3682.870000 130920.000000
-3721.830000 130415.000000
-3647.250000 131827.000000
-3696.230000 135925.000000
-3786.390000 143471.000000
-1823.830000 147057.000000
-1740.340000 150724.000000
-2616.430000 153118.000000
-3244.270000 154046.000000
-3265.420000 154075.000000
-4522.220000 154269.000000
-5470.660000 154418.000000
-7274.030000 154491.000000
-7313.000000 156722.000000
-6986.830000 159398.000000
-6980.150000 159643.000000
-5662.130000 162391.000000
-7041.380000 164022.000000
-5978.280000 160883.000000
-3258.740000 158588.000000
-3263.190000 158434.000000
-3515.890000 154645.000000
-3393.440000 152361.000000
-3583.790000 152376.000000
-1735.890000 151138.000000
-1733.660000 151239.000000
1201.830000 152053.000000
1303.130000 151279.000000
1292.000000 148139.000000
1286.430000 148084.000000
1303.130000 144486.000000
911.288000 142001.000000
896.817000 141977.000000
297.918000 141465.000000
3336.940000 136947.000000
4216.360000 138096.000000
3296.860000 137499.000000
3284.620000 137502.000000
3256.790000 137553.000000
3255.680000 137548.000000
3085.360000 137851.000000
3651.970000 141952.000000
2163.630000 142965.000000
2079.030000 136967.000000
2002.220000 136860.000000
2604.460000 134365.000000
866.760000 135652.000000
627.423000 136199.000000
-1829.400000 134603.000000
-2925.890000 133853.000000
-3228.680000 133646.000000
-3690.660000 135861.000000
-3614.960000 138840.000000
-2797.880000 140993.000000
-2804.560000 140532.000000
-2836.840000 138784.000000
-2918.100000 135329.000000
-2924.780000 135113.000000
-2903.630000 133318.000000
-3771.920000 129502.000000
-3573.770000 126236.000000
-3607.170000 124751.000000
-3871.000000 123210.000000
-4039.090000 122556.000000
-3780.830000 121251.000000
-3098.440000 119479.000000
-2489.520000 117999.000000
-1893.960000 116841.000000
-2485.070000 117943.000000
-3078.400000 119403.000000
-3742.980000 121164.000000
-5043.190000 127216.000000
-7683.690000 127182.000000
-12433.700000 127064.000000
-18192.200000 128625.000000
-18447.200000 127979.000000
-18630.800000 127574.000000
-17866.100000 131951.000000
-16752.900000 135184.000000
-19461.300000 143065.000000
-19591.500000 145018.000000
-19499.100000 147460.000000
-19834.200000 154983.000000
-17151.400000 155204.000000
-17268.300000 155509.000000
-17796.000000 156798.000000
-16860.900000 152272.000000
-17252.700000 151074.000000
-17042.300000 144092.000000
-16204.100000 144688.000000
-16161.800000 144693.000000
-16161.800000 144668.000000
-16150.700000 144675.000000
-16150.700000 144666.000000
-16145.100000 144653.000000
-12024.000000 146009.000000
-11986.200000 146020.000000
-10789.500000 148789.000000
-10817.300000 149368.000000
-10818.400000 149348.000000
-11222.500000 146541.000000
-10456.700000 145650.000000
-10491.200000 145679.000000
-10488.900000 149137.000000
-10454.400000 151252.000000
-10437.700000 151641.000000
-10514.500000 152677.000000
-10512.300000 152799.000000
-10416.600000 150364.000000
-10549.100000 145147.000000
-10523.400000 144960.000000
-12244.400000 133470.000000
-12012.900000 133801.000000
-10779.500000 135062.000000
-7489.990000 135048.000000
-6954.550000 136017.000000
-6930.060000 135304.000000
-6959.000000 135044.000000
1326.510000 105858.000000
1305.360000 105210.000000
1389.960000 102530.000000
1371.040000 102530.000000
1113.890000 105851.000000
-3613.850000 106176.000000
-4187.140000 110558.000000
-4517.760000 114561.000000
-4184.920000 116716.000000
-4189.370000 120572.000000
-4194.940000 120581.000000
-5455.070000 130086.000000
-5682.170000 130070.000000
-7001.300000 134745.000000
-13677.100000 135369.000000
-14109.100000 135396.000000
-15079.800000 136137.000000
-14935.000000 136520.000000
-15717.600000 132408.000000
-15515.000000 132321.000000
-14056.700000 129934.000000
-14239.300000 129801.000000
-14259.300000 129798.000000
-12588.400000 132027.000000
-11788.000000 133779.000000
-11495.300000 133748.000000
-9031.770000 114690.000000
-9203.200000 114561.000000
-9739.760000 112655.000000
-7616.900000 109625.000000
-4257.280000 109053.000000
-4069.150000 112564.000000
-4032.410000 110792.000000
-3957.830000 109062.000000
-3570.430000 109122.000000
1599.240000 105876.000000
3541.770000 117148.000000
3558.470000 118076.000000
348.012000 128547.000000
6994.900000 135638.000000
7235.350000 136237.000000
8513.300000 145227.000000
7100.650000 145688.000000
6808.990000 145853.000000
4441.230000 143388.000000
2320.590000 137733.000000
2450.840000 137540.000000
2417.440000 135723.000000
756.554000 135244.000000
656.366000 135137.000000
-598.204000 134696.000000
-2550.750000 134665.000000
-2805.670000 134674.000000
-4781.590000 137134.000000
-4722.590000 141284.000000
-4655.800000 145359.000000
-4632.420000 146494.000000
-4625.740000 146850.000000
-4049.110000 148903.000000
-3953.370000 148901.000000
-4594.570000 147679.000000
-4646.890000 144835.000000
-4649.120000 144737.000000
-4644.670000 142749.000000
-4536.690000 141857.000000
-12312.400000 171200.000000
-3574.890000 139543.000000
-3627.210000 137753.000000
-4584.560000 136478.000000
-4572.310000 136417.000000
-4740.400000 133550.000000
-4090.300000 132018.000000
-4189.370000 131978.000000
-3748.550000 130379.000000
-7065.870000 131916.000000
-7055.850000 132457.000000
-11553.200000 135217.000000
-18832.300000 138207.000000
-19479.100000 148847.000000
-19638.300000 153578.000000
-19356.700000 154400.000000
-18888.000000 154447.000000
-18796.700000 154413.000000
-18565.200000 154137.000000
-18565.200000 150546.000000
-18556.300000 150179.000000
-14937.300000 149201.000000
-11984.000000 149346.000000
-11917.200000 149317.000000
-10966.500000 149290.000000
-10772.800000 148427.000000
-10771.700000 148171.000000
-11682.300000 148248.000000
-11778.000000 149313.000000
-11765.800000 149531.000000
-12863.400000 150375.000000
-12858.900000 149575.000000
-12857.800000 149504.000000
-13010.300000 146465.000000
-10748.300000 145566.000000
-10679.300000 145546.000000
-10492.300000 145243.000000
-10427.700000 144314.000000
-10423.300000 144297.000000
-10422.100000 144274.000000
-10437.700000 143731.000000
-10550.200000 142562.000000
-13979.900000 135781.000000
-13976.600000 135774.000000
-12979.200000 135393.000000
-10787.300000 133944.000000
-10831.800000 132423.000000
-10875.200000 130602.000000
-10957.600000 127485.000000
-10569.100000 127182.000000
-10952.000000 126483.000000
-11615.500000 124675.000000
-11957.200000 123901.000000
-12575.100000 119679.000000
-12054.100000 119027.000000
-10404.300000 118408.000000
-10545.700000 116738.000000
-10647.000000 116841.000000
-12276.700000 118076.000000
-13442.200000 119911.000000
-12896.800000 121708.000000
-12169.900000 123353.000000
-12619.600000 119223.000000
-11484.100000 118335.000000
-9146.430000 115418.000000
-9297.820000 113766.000000
-7920.800000 112582.000000
-4200.500000 112513.000000
-4073.600000 113552.000000
-4032.410000 113069.000000
-1238.290000 111595.000000
-1322.890000 109623.000000
560.632000 109080.000000
1580.320000 103327.000000
1386.620000 102523.000000
1377.720000 102527.000000
1471.230000 102523.000000
-1276.140000 105787.000000
-4075.830000 106285.000000
-4243.920000 106332.000000
-4065.810000 113579.000000
-4066.920000 113659.000000
-4085.840000 112410.000000
-6059.540000 112744.000000
-4712.570000 112497.000000
-4070.260000 113584.000000
-4071.370000 113604.000000
-4033.520000 114300.000000
-4080.280000 112448.000000
-7612.450000 112533.000000
-9402.460000 112980.000000
-9283.350000 113953.000000
-10883.000000 117124.000000
-12826.700000 117671.000000
-14124.600000 117892.000000
-16887.600000 120871.000000
-16134.000000 122151.000000
-15665.300000 122899.000000
-15650.800000 122941.000000
-14077.900000 124270.000000
-13292.000000 124375.000000
-13364.300000 125684.000000
-12341.300000 125352.000000
-12208.800000 125372.000000
-12150.900000 125377.000000
-11862.600000 125408.000000
-11368.400000 125548.000000
-11195.800000 125684.000000
-10149.400000 125412.000000
-11180.200000 126063.000000
-9759.800000 129781.000000
-8416.170000 133316.000000
-15958.100000 139307.000000
-15213.300000 140238.000000
-10493.400000 139434.000000
-3591.590000 139125.000000
-846.447000 139924.000000
280.107000 152608.000000
1.807890 151922.000000
12.939800 149649.000000
404.784000 148527.000000
563.971000 148253.000000
576.216000 146396.000000
7.373870 144103.000000
-764.070000 143949.000000
-1523.270000 142326.000000
-1716.970000 142366.000000
-3353.360000 141747.000000
-4941.890000 143520.000000
-5711.110000 143061.000000
-3488.060000 143546.000000
-3326.640000 143537.000000
-3077.290000 143980.000000
-1704.720000 145365.000000
-1571.140000 145370.000000
-636.053000 145412.000000
-1079.100000 144466.000000
-1035.690000 144388.000000
-1181.520000 141291.000000
-2824.590000 139321.000000
-2866.900000 136495.000000
-2905.860000 134846.000000
-3655.040000 131250.000000
-3572.660000 125958.000000
-3562.640000 125795.000000
-4221.650000 120726.000000
-4130.370000 117077.000000
-4145.960000 116812.000000
-4270.630000 112426.000000
-8881.490000 112715.000000
-8920.450000 112713.000000
-10311.900000 112838.000000
-9738.650000 112666.000000
-518121.000000 2198350.000000
-8683.340000 109874.000000
-5035.400000 109166.000000
-6015.010000 109307.000000
-9747.550000 112660.000000
-9745.330000 112782.000000
-10950.900000 117197.000000
-12543.900000 120370.000000
-12535.000000 120566.000000
-12127.600000 121823.000000
-12582.900000 119501.000000
-12120.900000 119036.000000
-11794.700000 118927.000000
-12417.000000 119136.000000
-12768.800000 119263.000000
-14486.400000 121505.000000
-15474.900000 124079.000000
-15456.000000 124591.000000
-14696.800000 129306.000000
-14945.100000 134349.000000
-14916.100000 135244.000000
-14882.700000 136146.000000
-14861.600000 135847.000000
-14915.000000 134777.000000
-14926.100000 134249.000000
-15981.400000 132759.000000
-16785.200000 132840.000000
-19208.600000 131637.000000
-20417.500000 129992.000000
-20014.500000 130669.000000
-19598.200000 131608.000000
-18634.200000 132014.000000
-18636.400000 131949.000000
-18118.800000 129582.000000
-18164.400000 129106.000000
-18891.300000 126978.000000
-18884.700000 127060.000000
-18716.600000 127483.000000
-18761.100000 127505.000000
-17275.000000 126840.000000
-16657.200000 126675.000000
-15008.500000 128077.000000
-12584.000000 132301.000000
-12563.900000 132909.000000
-12567.300000 132552.000000
-13015.900000 130012.000000
-13078.200000 129896.000000
-12997.000000 133174.000000
-14498.700000 132849.000000
-14943.900000 132595.000000
-14790.300000 128422.000000
-16526.900000 124575.000000
-18618.600000 124653.000000
-19246.400000 126234.000000
-18866.800000 127055.000000
-16740.600000 126661.000000
-14687.900000 129302.000000
-14625.600000 129400.000000
-12773.200000 130148.000000
-13059.300000 133752.000000
-12624.000000 133830.000000
-10342.000000 133708.000000
-9468.140000 133470.000000
-7291.850000 130070.000000
-7177.190000 130072.000000
-5557.490000 130086.000000
-7024.680000 133726.000000
-7066.980000 134948.000000
-8376.100000 139338.000000
-11212.500000 141574.000000
-9927.890000 140378.000000
-7934.160000 137426.000000
-8855.880000 132025.000000
-9627.330000 128340.000000
-8458.470000 128333.000000
-7599.090000 130063.000000
-3819.790000 130177.000000
-3711.810000 128897.000000
-3570.430000 125070.000000
-4191.600000 122169.000000
-4578.990000 119005.000000
-4075.830000 115153.000000
-4062.470000 112577.000000
-4235.010000 106704.000000
1293.110000 105878.000000
1539.130000 102921.000000
1389.960000 102523.000000
1372.150000 102538.000000
1146.170000 105865.000000
-2731.090000 106058.000000
-3613.850000 106201.000000
-3661.720000 106194.000000
-1890.620000 107583.000000
-1852.770000 109817.000000
-1779.300000 115516.000000
-2573.010000 115757.000000
-3783.050000 117017.000000
-4301.800000 121009.000000
-4250.600000 121594.000000
-4739.290000 129115.000000
-4732.610000 132365.000000
-4768.230000 133198.000000
-4774.910000 135420.000000
-5349.320000 137749.000000
-5930.410000 138072.000000
-6238.760000 137555.000000
-7843.990000 137422.000000
-8777.960000 137430.000000
-7892.970000 136912.000000
-7884.060000 137090.000000
-7882.950000 137357.000000
-7968.670000 134939.000000
-12953.600000 135322.000000
-13602.500000 135373.000000
-19498.000000 140616.000000
-18635.300000 142386.000000
-18717.700000 141781.000000
-19296.500000 139532.000000
-16539.200000 135701.000000
-16508.000000 137880.000000
-16856.400000 140645.000000
-17265.000000 144321.000000
-17246.000000 145054.000000
-17999.700000 145109.000000
-18008.600000 142845.000000
-17997.400000 142789.000000
-16781.800000 141304.000000
-16523.600000 139229.000000
-16030.400000 136878.000000
-16024.900000 136878.000000
-16017.100000 137727.000000
-15721.000000 142224.000000
-15696.500000 142698.000000
-16510.200000 149128.000000
-16558.100000 147443.000000
-16559.200000 147300.000000
-18014.100000 144602.000000
-17562.200000 143914.000000
-17868.300000 149092.000000
-20595.600000 149034.000000
-20766.000000 149030.000000
-21943.700000 151007.000000
-19697.300000 150557.000000
-19628.300000 150559.000000
-19415.700000 149818.000000
-18568.500000 149092.000000
-17893.900000 148418.000000
-17974.100000 148033.000000
-15850.100000 147316.000000
-11436.300000 148248.000000
-10775.000000 147378.000000
-10503.400000 146503.000000
-5525.200000 143622.000000
-2849.080000 143613.000000
-2737.760000 140608.000000
-3312.170000 140677.000000
-3422.380000 140648.000000
-3593.810000 139220.000000
-7919.690000 141489.000000
-8087.780000 139341.000000
-10506.800000 139423.000000
-12689.700000 139412.000000
-13405.500000 139468.000000
-13623.700000 139483.000000
-14503.100000 138797.000000
-13929.800000 137535.000000
-13667.100000 136480.000000
-13658.200000 136148.000000
-13691.600000 134273.000000
-15019.600000 131312.000000
-14581.000000 130620.000000
-15430.400000 126428.000000
-19058.300000 126592.000000
-19417.900000 125760.000000
-20938.500000 122785.000000
-23056.900000 121659.000000
-23098.100000 120730.000000
-23281.800000 119484.000000
-21394.900000 122805.000000
-20836.100000 123484.000000
-20082.500000 125165.000000
-18397.100000 127383.000000
-17910.600000 127015.000000
-13148.400000 129444.000000
-12628.500000 130633.000000
-13078.200000 133559.000000
-12189.900000 131021.000000
-11357.200000 129041.000000
-8843.640000 130130.000000
-8407.270000 130081.000000
-5596.450000 130126.000000
-3769.700000 129598.000000
7265.400000 152799.000000
-3613.850000 127906.000000
-3588.250000 124925.000000
-4615.720000 127078.000000
-4501.070000 127343.000000
2292.760000 128883.000000
8423.130000 128086.000000
15062.200000 121534.000000
15385.000000 114280.000000
15390.600000 117765.000000
14015.800000 117845.000000
13792.100000 117767.000000
10127.400000 116015.000000
10330.000000 109903.000000
10431.300000 109318.000000
10484.800000 108935.000000
5072.410000 111086.000000
4428.980000 111119.000000
3981.480000 111170.000000
3051.960000 106070.000000
3116.530000 106110.000000
7060.580000 110896.000000
10404.600000 108795.000000
10316.700000 107227.000000
10425.800000 105437.000000
8349.660000 105284.000000
8395.300000 102587.000000
3594.090000 101619.000000
2294.990000 101586.000000
1957.690000 101174.000000
1389.960000 102523.000000
2092.390000 101283.000000
2104.630000 101476.000000
1982.180000 101163.000000
1391.080000 102521.000000
1375.490000 102521.000000
1463.430000 102436.000000
1757.320000 102107.000000
1730.600000 102111.000000
1691.640000 102029.000000
1387.740000 102532.000000
1385.510000 102534.000000
1386.620000 102561.000000
-1724.760000 156186.000000
1627.070000 93479.300000
-2128.850000 86243.500000
-4430.930000 82779.300000
-4537.800000 82521.000000
-3402.340000 86250.200000
84.184300 85994.200000
964.721000 88559.000000
1601.470000 95060.000000
2046.750000 100615.000000
1387.740000 102512.000000
1392.190000 102523.000000
1382.170000 102518.000000
1376.600000 102521.000000
1461.210000 102507.000000
2306.120000 106557.000000
2189.240000 106867.000000
666.385000 112829.000000
1000.340000 112755.000000
64.146800 113011.000000
-2497.310000 117360.000000
-4060.240000 117124.000000
-4093.640000 117126.000000
-4106.990000 118609.000000
-4074.710000 119314.000000
-4112.560000 120374.000000
-4445.410000 124778.000000
-4629.080000 127107.000000
-4724.820000 130083.000000
-4771.570000 131121.000000
-5539.680000 130081.000000
