-8885.940000 156927.000000
-7707.070000 156925.000000
-7488.880000 156905.000000
-7092.580000 156896.000000
-5579.750000 156408.000000
-3623.870000 156101.000000
-2559.650000 156007.000000
-2509.560000 154607.000000
-2509.560000 154431.000000
-1594.510000 152597.000000
-1541.080000 151595.000000
-9.324060 152432.000000
6.260670 152416.000000
1195.150000 153340.000000
1230.780000 156482.000000
1202.950000 157924.000000
1796.280000 158550.000000
1531.340000 158423.000000
1607.030000 158434.000000
1610.370000 158434.000000
1264.170000 159741.000000
1254.150000 159000.000000
1264.170000 158548.000000
1195.150000 161186.000000
1158.420000 161582.000000
2564.380000 166305.000000
-2482.840000 169582.000000
-3705.130000 169577.000000
-5446.170000 171427.000000
-5347.090000 175039.000000
-5319.260000 175695.000000
-5761.200000 178369.000000
-5854.710000 178726.000000
-6104.070000 176374.000000
-5301.450000 174217.000000
-5313.700000 173681.000000
-5421.680000 169822.000000
-5463.980000 168261.000000
-5556.370000 163891.000000
-5530.770000 163027.000000
-4558.950000 160759.000000
-4092.520000 160734.000000
-2937.030000 158111.000000
-2273.560000 156557.000000
-2301.390000 156001.000000
625.197000 156085.000000
618.518000 156813.000000
600.707000 157940.000000
1138.380000 157960.000000
1673.830000 155954.000000
1881.990000 155954.000000
2499.820000 155179.000000
2227.080000 155106.000000
2652.320000 155925.000000
2594.440000 155945.000000
4152.910000 156039.000000
4377.780000 156328.000000
4120.630000 163070.000000
3972.570000 164788.000000
4422.300000 165454.000000
-5537.450000 165454.000000
4422.300000 165454.000000
4266.460000 161907.000000
1539.130000 161618.000000
960.269000 157826.000000
1591.450000 157984.000000
1790.710000 157989.000000
5275.010000 159178.000000
5545.520000 159456.000000
6703.240000 161803.000000
6696.560000 161996.000000
6677.640000 162753.000000
6508.430000 162564.000000
5701.370000 159594.000000
5288.370000 159171.000000
2700.190000 157982.000000
2461.970000 157976.000000
1363.250000 158508.000000
1264.170000 158510.000000
1253.040000 156533.000000
1261.940000 156230.000000
1381.060000 154313.000000
1359.910000 153055.000000
619.631000 152548.000000
351.351000 152358.000000
32.977300 150542.000000
16.279400 149587.000000
27.411400 147483.000000
28.524600 147487.000000
575.103000 147792.000000
-397.829000 148516.000000
-461.281000 148805.000000
-709.524000 146668.000000
-577.053000 143043.000000
41.882900 142035.000000
-64.983800 140835.000000
-152.926000 140728.000000
-164.058000 140881.000000
109.788000 141209.000000
1249.700000 143081.000000
1254.150000 143504.000000
1269.740000 146792.000000
1244.130000 147768.000000
3085.360000 149415.000000
3412.640000 149408.000000
4367.760000 151054.000000
4715.080000 151072.000000
6055.360000 150978.000000
6161.120000 150974.000000
5774.840000 150337.000000
5778.180000 149638.000000
7473.570000 148469.000000
7306.590000 149304.000000
4407.830000 149373.000000
3934.730000 149386.000000
3836.760000 152641.000000
3432.670000 152610.000000
3153.260000 152621.000000
2486.460000 153360.000000
1566.960000 153454.000000
1155.080000 153182.000000
875.666000 153046.000000
779.931000 152597.000000
722.045000 152597.000000
38.543300 151657.000000
38.543300 151604.000000
981.419000 152717.000000
1133.930000 152721.000000
631.876000 155754.000000
629.650000 155874.000000
1212.960000 159387.000000
1190.700000 161037.000000
1304.250000 161573.000000
1667.150000 161640.000000
2951.770000 160890.000000
2929.510000 160278.000000
2942.870000 160267.000000
2616.700000 160845.000000
1963.260000 159712.000000
1523.550000 158401.000000
1515.750000 158416.000000
1501.280000 158456.000000
-470.187000 158766.000000
-3346.680000 154184.000000
-2768.930000 153434.000000
-1286.160000 154928.000000
-1640.150000 155230.000000
-2782.290000 155101.000000
-1970.770000 155956.000000
590.688000 157951.000000
77.505100 160752.000000
1180.680000 160442.000000
1277.530000 154142.000000
1058.230000 142375.000000
5661.290000 132308.000000
6888.030000 130086.000000
14645.900000 122215.000000
15209.200000 121249.000000
15357.200000 116066.000000
15632.200000 114336.000000
7572.650000 128848.000000
1416.680000 139917.000000
1254.150000 151281.000000
1247.470000 152107.000000
894.590000 154959.000000
618.518000 156339.000000
-3801.980000 156076.000000
-5967.140000 156533.000000
-8222.480000 156874.000000
-8602.080000 156889.000000
-10789.500000 155010.000000
-10611.400000 154961.000000
-10422.100000 156041.000000
-10691.500000 156791.000000
-8744.560000 156918.000000
-7380.900000 156889.000000
-5490.700000 155685.000000
-5559.710000 154821.000000
1247.470000 157243.000000
1687.180000 152659.000000
3212.260000 152675.000000
3105.400000 152492.000000
2821.530000 151450.000000
2143.590000 151755.000000
1362.130000 152581.000000
1227.440000 154135.000000
691.989000 155063.000000
1211.850000 157185.000000
-83.908100 157927.000000
126.486000 157949.000000
1205.170000 160215.000000
390.313000 162894.000000
2447.500000 166986.000000
1511.300000 167369.000000
1958.800000 167582.000000
1646.000000 165409.000000
1251.930000 156357.000000
1276.420000 154465.000000
2945.100000 152712.000000
4275.360000 153031.000000
5091.340000 152641.000000
4073.870000 152585.000000
3129.890000 149469.000000
3134.340000 148086.000000
2116.880000 146977.000000
1395.530000 146968.000000
602.933000 146984.000000
-1646.830000 146997.000000
-1798.230000 146913.000000
-2717.730000 145595.000000
-1542.190000 145510.000000
-1552.210000 145644.000000
-688.373000 145345.000000
-1260.560000 144844.000000
-825.296000 143927.000000
12.939800 146260.000000
-10.437300 148418.000000
-4.871280 149700.000000
-24.908800 152082.000000
1192.930000 152788.000000
1227.440000 153485.000000
619.631000 155985.000000
670.838000 157310.000000
1196.270000 158448.000000
1184.020000 160701.000000
1564.730000 158512.000000
1524.660000 158412.000000
1528.000000 158414.000000
1258.600000 158699.000000
673.064000 159803.000000
585.122000 159803.000000
-205.246000 161409.000000
-1268.350000 162117.000000
-1593.400000 162103.000000
-2447.220000 162146.000000
-2511.790000 162150.000000
-2973.760000 163871.000000
-3000.480000 163887.000000
-7237.300000 164080.000000
-8292.610000 164065.000000
-9715.270000 166552.000000
-9837.720000 166558.000000
-7929.710000 164129.000000
-7287.390000 164120.000000
-4580.100000 164129.000000
-4347.440000 164103.000000
-4030.180000 163715.000000
-4006.810000 162992.000000
-3469.130000 162631.000000
-3482.490000 162313.000000
-3200.850000 161284.000000
-3235.360000 159719.000000
-2111.040000 158049.000000
-2102.130000 157882.000000
-62.757400 155961.000000
663.046000 157713.000000
-1523.270000 157982.000000
-2001.940000 158018.000000
-4095.860000 157107.000000
-4475.460000 157130.000000
-5706.660000 157524.000000
-5755.640000 157960.000000
-5723.350000 158686.000000
-5720.010000 158724.000000
-4229.450000 157132.000000
-3871.000000 157121.000000
-2626.450000 155974.000000
-2570.790000 155972.000000
-2222.360000 155095.000000
-2158.900000 155473.000000
-2522.920000 155135.000000
-2558.540000 154554.000000
-3500.300000 154260.000000
-3840.940000 154273.000000
-4819.440000 154246.000000
-4825.010000 154113.000000
-4812.760000 153507.000000
-4818.330000 153273.000000
-4833.910000 152087.000000
-4832.800000 151688.000000
-5300.340000 149618.000000
-5616.490000 149297.000000
-6293.310000 149282.000000
-6540.440000 151670.000000
-6512.610000 152387.000000
-6503.700000 152670.000000
-6523.740000 154306.000000
-7082.560000 154465.000000
-8002.060000 154529.000000
-9210.990000 154587.000000
-9708.590000 154620.000000
-10870.800000 154957.000000
-10935.300000 154977.000000
-11379.500000 154994.000000
-11447.400000 154988.000000
-11886.000000 154999.000000
-12273.400000 155043.000000
-12629.600000 155090.000000
-13977.700000 155159.000000
-15884.600000 155132.000000
-16276.400000 155128.000000
-16968.800000 156820.000000
-16650.500000 156816.000000
-15594.100000 157085.000000
-15660.800000 157755.000000
-15957.000000 158559.000000
-16023.700000 158425.000000
-14858.200000 157490.000000
-13369.900000 156760.000000
-12791.000000 156756.000000
-10418.800000 156822.000000
-10304.200000 156874.000000
-9375.750000 156916.000000
-8998.370000 156916.000000
-8406.150000 155440.000000
-8388.340000 155324.000000
-6895.550000 154487.000000
-6763.080000 154465.000000
-5099.960000 154376.000000
-4463.220000 154338.000000
-3568.210000 154291.000000
-3508.100000 154306.000000
-1307.310000 154542.000000
-1554.440000 153567.000000
-1797.120000 146583.000000
-1065.750000 143513.000000
-69.436600 142651.000000
-322.132000 140536.000000
-394.489000 140443.000000
-2374.860000 138989.000000
-363.320000 140639.000000
-0.418499 141104.000000
1255.270000 144283.000000
1249.700000 145069.000000
1248.590000 147643.000000
1245.250000 148333.000000
14.053000 150548.000000
10.713400 151399.000000
1219.640000 152939.000000
1210.740000 153814.000000
1767.340000 155987.000000
2388.500000 155990.000000
4667.210000 156039.000000
5285.030000 156036.000000
6074.290000 155547.000000
5840.520000 155979.000000
3074.230000 156001.000000
3009.660000 156513.000000
3021.910000 157470.000000
1709.450000 158528.000000
1611.490000 158396.000000
1524.660000 158403.000000
1514.640000 158396.000000
1625.960000 158432.000000
935.778000 159810.000000
666.385000 158025.000000
65.260000 158819.000000
631.876000 159799.000000
1149.510000 157967.000000
1200.720000 157964.000000
1308.700000 153487.000000
1268.620000 152813.000000
-225.284000 155905.000000
-545.884000 158027.000000
-3643.910000 160928.000000
-6444.700000 160861.000000
-10660.400000 161271.000000
-10554.600000 161662.000000
-9153.110000 161602.000000
-8432.870000 161099.000000
-7601.310000 158276.000000
-6559.360000 157566.000000
-4262.840000 156139.000000
-3475.810000 155181.000000
-2535.160000 155246.000000
-118.417000 157907.000000
-1330.690000 154567.000000
-1555.550000 152329.000000
-3622.750000 150695.000000
-3612.740000 152639.000000
-3593.810000 155155.000000
-2859.100000 155121.000000
-1640.150000 155961.000000
-199.680000 155958.000000
-22.682400 157931.000000
70.826000 158123.000000
307.936000 158597.000000
-420.093000 158581.000000
-656.090000 155244.000000
-2212.340000 154351.000000
-3520.340000 154266.000000
-4171.560000 154278.000000
-5550.810000 154449.000000
-5628.730000 154469.000000
-7552.330000 154496.000000
-8487.420000 154554.000000
-10370.900000 153761.000000
-9995.800000 153278.000000
-9678.540000 154565.000000
-9675.200000 154785.000000
-9670.740000 155892.000000
-9656.270000 157506.000000
-9185.390000 157303.000000
-8610.980000 156920.000000
-7436.560000 156878.000000
-7394.260000 156876.000000
-7343.050000 154665.000000
-7356.410000 154235.000000
-6524.850000 154124.000000
-6057.310000 154500.000000
-4326.290000 154322.000000
-3583.790000 154284.000000
-2636.460000 154387.000000
-2058.720000 154373.000000
-2029.770000 155607.000000
-1983.020000 155068.000000
-1206.010000 155938.000000
610.726000 156377.000000
618.518000 156130.000000
-2526.260000 155549.000000
-2703.260000 155106.000000
-3186.380000 155132.000000
-3016.060000 155083.000000
-2177.830000 155945.000000
21.845400 155961.000000
617.405000 156595.000000
-2784.520000 155965.000000
-5147.830000 156177.000000
-5752.300000 156417.000000
-7299.640000 155785.000000
-7319.680000 155333.000000
-8397.250000 154551.000000
-8752.360000 154571.000000
-11794.700000 154665.000000
-11834.800000 154656.000000
-10434.400000 153959.000000
-10446.600000 154157.000000
-9661.840000 156390.000000
-9654.040000 156669.000000
-9651.820000 156744.000000
-8835.850000 156905.000000
-8656.620000 156920.000000
-8538.620000 156927.000000
-8619.890000 156887.000000
-8526.380000 156954.000000
-7680.350000 156909.000000
-5437.260000 156353.000000
-4846.160000 156192.000000
-4257.280000 154538.000000
-4291.780000 154128.000000
-3798.640000 153906.000000
-3810.880000 153888.000000
-3799.750000 153287.000000
-3812.000000 152817.000000
-2416.050000 152688.000000
-1996.380000 153002.000000
-3198.630000 153957.000000
-3412.360000 154213.000000
-3419.040000 154217.000000
-4248.370000 154286.000000
-4728.160000 154324.000000
-6813.170000 154424.000000
-7243.980000 154460.000000
-9189.840000 154547.000000
-9507.100000 154514.000000
-12836.700000 155032.000000
-13536.900000 155095.000000
-14247.100000 155088.000000
-14308.300000 154963.000000
-14333.900000 153267.000000
-14332.800000 152973.000000
-12886.800000 153002.000000
-12755.400000 153013.000000
-11951.700000 152911.000000
-11741.300000 152913.000000
-10234.000000 154747.000000
-9723.060000 154678.000000
-6384.590000 154467.000000
-4309.600000 154340.000000
-3531.470000 155083.000000
-3525.910000 155155.000000
-3673.960000 155206.000000
-3592.700000 155540.000000
-5712.220000 156388.000000
-6065.100000 156568.000000
-7279.600000 156836.000000
-8045.480000 156845.000000
-7878.500000 154554.000000
-6825.420000 154473.000000
-4870.650000 154358.000000
-4869.530000 154360.000000
-4269.520000 153416.000000
-4231.670000 153411.000000
-3545.940000 151857.000000
-3209.760000 151837.000000
-2751.120000 150731.000000
-2889.160000 150693.000000
-3378.970000 150744.000000
-2665.410000 151007.000000
-1676.890000 151782.000000
-1531.060000 153757.000000
1608.150000 153492.000000
3049.740000 154340.000000
3006.320000 157806.000000
1995.540000 157973.000000
1514.640000 158416.000000
1524.660000 158432.000000
1332.080000 158510.000000
669.725000 158831.000000
1277.530000 157688.000000
1286.430000 154707.000000
1309.810000 154574.000000
606.273000 157058.000000
626.310000 157248.000000
-169.624000 159828.000000
-305.434000 159850.000000
1195.150000 158757.000000
1190.700000 159191.000000
1248.590000 158550.000000
1248.590000 158416.000000
1251.930000 156678.000000
2316.140000 155943.000000
2045.630000 155596.000000
1082.720000 155852.000000
900.156000 155135.000000
-89.474100 154652.000000
885.685000 154727.000000
1110.550000 157207.000000
656.366000 157940.000000
68.599600 158483.000000
66.373200 159456.000000
610.726000 159797.000000
660.819000 158761.000000
143.184000 158590.000000
-392.263000 158579.000000
-1472.060000 158675.000000
-1434.210000 159427.000000
-1267.230000 161905.000000
-1495.440000 162101.000000
-1796.000000 162094.000000
-2010.850000 162117.000000
-2188.960000 162379.000000
-2115.490000 162905.000000
-1380.780000 162871.000000
-1302.860000 163294.000000
-89.474100 163726.000000
336.880000 164546.000000
511.651000 164931.000000
38.543300 163755.000000
-1169.270000 163613.000000
-1893.960000 163666.000000
-2025.320000 163542.000000
-2054.260000 163058.000000
-1906.210000 162092.000000
-883.182000 163704.000000
-535.865000 165171.000000
-349.962000 166948.000000
-524.733000 163793.000000
836.704000 162308.000000
1959.920000 161173.000000
1972.160000 160979.000000
1258.600000 156871.000000
1307.590000 154044.000000
1292.000000 152603.000000
856.742000 152512.000000
894.590000 151517.000000
855.628000 150811.000000
27.411400 147621.000000
30.751000 147460.000000
32.977300 147309.000000
230.013000 147017.000000
562.858000 148322.000000
-1281.710000 146955.000000
-1744.790000 146895.000000
-1859.450000 143771.000000
-6131.900000 143598.000000
-7916.350000 143620.000000
-8252.530000 143620.000000
-9375.750000 144092.000000
-9792.080000 144346.000000
-10199.500000 144570.000000
-10575.800000 145016.000000
-12684.200000 145993.000000
-13243.000000 145951.000000
-16683.900000 144297.000000
-17938.400000 144007.000000
-18355.900000 144326.000000
-18363.700000 144174.000000
-16653.800000 144363.000000
-15630.800000 145241.000000
-14297.200000 147289.000000
-13452.300000 147296.000000
-11212.500000 147307.000000
-10777.300000 148226.000000
-10236.200000 149230.000000
-9364.610000 149199.000000
-8122.290000 149337.000000
-7304.090000 149518.000000
-5624.280000 149317.000000
-5268.060000 151114.000000
-3608.280000 152492.000000
-3557.080000 153772.000000
-3551.510000 154082.000000
-3498.080000 155402.000000
-3580.450000 155153.000000
-3882.130000 155925.000000
-6078.460000 156589.000000
-6953.430000 156822.000000
-4964.150000 156179.000000
-3338.890000 156074.000000
-646.072000 156597.000000
658.593000 158002.000000
663.046000 158804.000000
1012.590000 158601.000000
1172.890000 161418.000000
1145.060000 161803.000000
1277.530000 161522.000000
1275.300000 161524.000000
1219.640000 161211.000000
1633.750000 158497.000000
1952.130000 158962.000000
1412.230000 159799.000000
668.612000 158022.000000
176.579000 157927.000000
75.278800 158817.000000
629.650000 157929.000000
1204.060000 154986.000000
1264.170000 153558.000000
1684.960000 153380.000000
2980.720000 153512.000000
4024.890000 154556.000000
3000.750000 151900.000000
2771.440000 151370.000000
1172.890000 149413.000000
1166.210000 146158.000000
1893.130000 138844.000000
3506.150000 135930.000000
8030.170000 128307.000000
12992.800000 124727.000000
14004.700000 123564.000000
14899.700000 121512.000000
15064.400000 121472.000000
15353.900000 120541.000000
15458.500000 120007.000000
15486.300000 118727.000000
15478.600000 118386.000000
15392.800000 116945.000000
15587.600000 114171.000000
15023.300000 121380.000000
7407.890000 129048.000000
5733.650000 132067.000000
1082.720000 140465.000000
595.141000 141865.000000
1220.760000 144424.000000
933.552000 145290.000000
542.821000 148159.000000
24.071800 148380.000000
-516.941000 149938.000000
-12.663600 150704.000000
-8.210860 152585.000000
1161.760000 152953.000000
609.612000 155872.000000
599.594000 156237.000000
-1522.160000 157993.000000
-3522.570000 155464.000000
-3626.090000 155130.000000
-3096.210000 155132.000000
-2538.500000 155776.000000
-2180.050000 155279.000000
-1246.080000 155751.000000
-1248.310000 155754.000000
-1250.540000 155832.000000
-120.644000 155965.000000
507.198000 157953.000000
497.180000 159795.000000
942.458000 157976.000000
1115.000000 157984.000000
3009.660000 157052.000000
3011.890000 157602.000000
1275.300000 157328.000000
1276.420000 156097.000000
-1240.520000 154603.000000
-1565.570000 153458.000000
-1706.950000 149814.000000
-1334.030000 149137.000000
-469.074000 149511.000000
-415.640000 149573.000000
0.694696 152465.000000
1227.440000 154157.000000
904.609000 155026.000000
1208.510000 157811.000000
56.354400 145323.000000
-1847.210000 145817.000000
-1832.740000 146278.000000
-2610.860000 153356.000000
-1617.890000 154262.000000
10.713400 152641.000000
6298.040000 152730.000000
14858.500000 151388.000000
15689.000000 151483.000000
15684.500000 149840.000000
15636.600000 148380.000000
13627.300000 149034.000000
12565.300000 149070.000000
10804.300000 149188.000000
7908.830000 149177.000000
7553.720000 149333.000000
2210.390000 150798.000000
1876.430000 148402.000000
1324.280000 148068.000000
1238.570000 149199.000000
3945.860000 149402.000000
5783.740000 148184.000000
5441.990000 147427.000000
5720.290000 149328.000000
4598.190000 149308.000000
4384.460000 151003.000000
5034.560000 151080.000000
5910.650000 150913.000000
4732.890000 150991.000000
3184.430000 150980.000000
2500.930000 150916.000000
1324.280000 150221.000000
76.391900 149397.000000
-403.395000 149359.000000
-1627.910000 149059.000000
-2195.640000 149088.000000
-2591.940000 151134.000000
-1781.530000 151072.000000
-2471.710000 152603.000000
-2593.050000 151766.000000
-2895.840000 150588.000000
-2896.950000 150591.000000
-2117.720000 151085.000000
-1588.950000 153665.000000
392.539000 153652.000000
1224.100000 157524.000000
1191.810000 160238.000000
1532.450000 158468.000000
1501.280000 158470.000000
1954.350000 159659.000000
1956.580000 159681.000000
1913.160000 158541.000000
1953.240000 158588.000000
2665.680000 159098.000000
2647.870000 159029.000000
1268.620000 157920.000000
1281.980000 157610.000000
864.534000 152479.000000
-135.115000 151570.000000
-415.640000 151566.000000
-867.597000 152223.000000
1187.360000 151590.000000
1828.560000 147990.000000
1837.470000 147979.000000
2053.430000 147837.000000
1253.040000 147512.000000
1234.110000 147915.000000
1278.640000 152717.000000
1268.620000 153242.000000
-1169.270000 155894.000000
-3816.450000 157110.000000
-4092.520000 157107.000000
-5510.730000 157441.000000
-5539.680000 157459.000000
-6155.270000 158174.000000
-4983.080000 157194.000000
-4740.400000 157158.000000
-3569.320000 156068.000000
-3567.090000 156061.000000
-3701.790000 155415.000000
-3594.920000 155420.000000
-6775.320000 156804.000000
-6847.680000 156816.000000
-6716.320000 154514.000000
-6550.460000 154494.000000
-4446.520000 154344.000000
-4416.460000 154344.000000
-1128.080000 154678.000000
-823.070000 154825.000000
1088.290000 156003.000000
2392.950000 156014.000000
4376.660000 157105.000000
4375.550000 157152.000000
4127.310000 159819.000000
4116.180000 159821.000000
4847.550000 159812.000000
7162.990000 161142.000000
7420.140000 161128.000000
8681.390000 157659.000000
8896.240000 157662.000000
6351.470000 156005.000000
6027.530000 156003.000000
3331.370000 155990.000000
3056.410000 155947.000000
3070.890000 153394.000000
-1594.510000 152746.000000
-3590.470000 151158.000000
-3599.380000 151092.000000
-3597.150000 152091.000000
-3570.430000 153411.000000
-3554.850000 154173.000000
-3465.790000 157294.000000
-2841.290000 158125.000000
-2701.030000 158087.000000
-1487.650000 155927.000000
-1220.480000 155916.000000
391.426000 157942.000000
233.352000 157933.000000
65.260000 158381.000000
68.599600 158445.000000
589.575000 159790.000000
1253.040000 159307.000000
1953.240000 159443.000000
1955.460000 159521.000000
2529.870000 161981.000000
2567.720000 161983.000000
2987.400000 160892.000000
3009.660000 160885.000000
3610.790000 158499.000000
3659.770000 158452.000000
2762.530000 157969.000000
2463.080000 157967.000000
1954.350000 159621.000000
1953.240000 159708.000000
767.686000 158606.000000
746.535000 158601.000000
-558.129000 157323.000000
-582.619000 156914.000000
-3024.970000 154398.000000
-1811.590000 153391.000000
-1649.060000 153389.000000
517.217000 157969.000000
566.198000 157967.000000
3014.110000 158254.000000
3017.450000 158681.000000
1963.260000 161366.000000
1958.800000 161104.000000
6076.510000 161039.000000
6342.570000 161048.000000
5774.840000 160950.000000
1958.800000 161159.000000
1275.300000 161618.000000
1241.910000 161580.000000
1276.420000 161527.000000
1273.080000 161522.000000
1280.870000 161524.000000
1285.320000 161524.000000
1454.530000 158501.000000
1582.540000 158505.000000
1526.880000 158441.000000
1656.020000 158450.000000
1811.860000 158539.000000
750.988000 158579.000000
664.159000 158194.000000
145.410000 157904.000000
-361.094000 157891.000000
-1733.660000 149689.000000
-1755.930000 148522.000000
-5039.850000 147046.000000
-5604.240000 147055.000000
-8765.720000 146757.000000
-8637.700000 146755.000000
-7631.370000 151345.000000
-7594.630000 152174.000000
-10422.100000 153879.000000
-10492.300000 154725.000000
-13648.200000 155199.000000
-13506.800000 155199.000000
2841.570000 155958.000000
1287.550000 155315.000000
897.930000 154957.000000
-800.806000 154803.000000
-2510.670000 154369.000000
-3730.730000 154197.000000
-4300.690000 154024.000000
-3495.850000 156907.000000
-3281.000000 158713.000000
-3134.060000 163882.000000
-860.918000 163680.000000
3151.040000 167409.000000
5444.220000 171463.000000
8180.450000 176512.000000
9087.700000 178957.000000
7141.840000 176860.000000
5201.540000 174698.000000
3501.690000 171229.000000
3734.350000 166480.000000
3714.310000 165737.000000
2269.390000 161645.000000
1216.300000 160910.000000
646.348000 159901.000000
665.272000 158657.000000
58.580800 158951.000000
60.807200 159674.000000
668.612000 158107.000000
-397.829000 157967.000000
1117.230000 157978.000000
1256.380000 155014.000000
4262.000000 152699.000000
4436.780000 149969.000000
6272.430000 146225.000000
6449.430000 146334.000000
5901.740000 146492.000000
5913.990000 146470.000000
5918.440000 146461.000000
5920.670000 146467.000000
5431.970000 146594.000000
492.727000 146988.000000
-1813.810000 146073.000000
-2446.110000 143446.000000
-7225.050000 143626.000000
-9857.760000 144399.000000
-10526.800000 149502.000000
-9632.890000 149215.000000
-9528.250000 150321.000000
-9031.770000 150484.000000
-7621.350000 151564.000000
-7768.290000 151294.000000
-7377.560000 153596.000000
-6588.310000 154465.000000
-5812.410000 156488.000000
-4702.550000 156157.000000
-3319.970000 157838.000000
-3247.610000 159823.000000
-3136.290000 163858.000000
-1360.740000 163704.000000
-958.879000 164759.000000
-1121.410000 164733.000000
807.761000 162333.000000
1233.000000 158844.000000
1256.380000 158020.000000
-649.411000 156237.000000
-1572.250000 153409.000000
-1793.780000 147053.000000
-1834.960000 143920.000000
-5561.940000 143584.000000
-10537.900000 146254.000000
-10812.900000 149257.000000
-12435.900000 149333.000000
-11868.200000 148260.000000
-11731.300000 150192.000000
-10315.300000 151764.000000
-10131.600000 152496.000000
-9770.930000 151410.000000
-8486.300000 152842.000000
-8468.490000 154347.000000
-8445.120000 156595.000000
-8113.380000 156920.000000
-7233.960000 158612.000000
-7072.550000 158232.000000
-6163.070000 158797.000000
-5869.180000 159643.000000
-6282.180000 162537.000000
-6468.080000 160923.000000
-5550.810000 159763.000000
-5495.150000 157441.000000
-4474.350000 156174.000000
-3450.210000 157337.000000
-3291.020000 157951.000000
-1928.470000 158049.000000
1629.300000 158450.000000
1732.830000 159803.000000
1243.020000 158779.000000
1963.260000 158744.000000
1410.000000 157232.000000
1285.320000 156486.000000
-356.641000 157953.000000
-1293.950000 157996.000000
-3295.480000 158249.000000
-3294.360000 158659.000000
-3173.020000 162898.000000
-3642.790000 164025.000000
-3974.520000 166024.000000
-3837.600000 166264.000000
-3974.520000 165300.000000
-4007.920000 164198.000000
-4271.750000 164056.000000
-9593.930000 164579.000000
-11326.100000 165476.000000
-11267.100000 158537.000000
-11281.500000 156275.000000
-11999.500000 154182.000000
-11662.200000 153823.000000
-12056.300000 153932.000000
-12700.900000 153837.000000
-13484.500000 154258.000000
-13497.900000 153073.000000
-10879.700000 153009.000000
-10445.500000 153997.000000
-9662.950000 156802.000000
-9662.950000 156827.000000
-9483.730000 156891.000000
-10038.100000 156845.000000
-9232.140000 156918.000000
-8658.850000 156918.000000
-8447.340000 156751.000000
-5765.650000 156976.000000
-5754.520000 157535.000000
-5494.040000 159685.000000
-5446.170000 159144.000000
-4752.650000 156742.000000
-10107.100000 166587.000000
-2339.240000 155974.000000
-859.805000 155927.000000
655.253000 158390.000000
553.953000 160409.000000
470.463000 162807.000000
-1192.650000 163644.000000
-4043.540000 164793.000000
-3721.830000 164978.000000
-2950.390000 163996.000000
-2144.430000 163702.000000
-2315.860000 162139.000000
-2102.130000 161006.000000
648.574000 159772.000000
646.348000 159142.000000
1239.680000 160540.000000
1251.930000 158537.000000
1940.990000 157958.000000
1281.980000 157953.000000
-339.943000 157931.000000
-643.845000 156241.000000
-2549.630000 152632.000000
-3549.280000 152650.000000
-3790.850000 152165.000000
-3604.940000 152087.000000
-3311.060000 149097.000000
-1948.510000 149086.000000
-1794.890000 144119.000000
-2054.260000 143466.000000
-682.807000 145376.000000
-725.108000 146287.000000
-722.882000 148317.000000
-1351.840000 147002.000000
-2767.820000 145383.000000
-3706.240000 145405.000000
-4983.080000 145430.000000
-4513.310000 145437.000000
-4688.080000 142589.000000
-4741.520000 137820.000000
-4752.650000 136210.000000
-3670.620000 133156.000000
-3390.100000 133200.000000
-2920.330000 134683.000000
-1614.550000 134696.000000
-1698.040000 139078.000000
-756.278000 140093.000000
1267.510000 147044.000000
1273.080000 149226.000000
1910.940000 147950.000000
2895.000000 148224.000000
2907.250000 148253.000000
1338.750000 148090.000000
1307.590000 147879.000000
1246.360000 155887.000000
1245.250000 156346.000000
2066.780000 165363.000000
2294.990000 165781.000000
3381.470000 171040.000000
3546.220000 171363.000000
5344.030000 175119.000000
5472.050000 175430.000000
8094.730000 179218.000000
8223.870000 179549.000000
10304.400000 184608.000000
10886.600000 185915.000000
10607.200000 185191.000000
10510.400000 184975.000000
10675.100000 181858.000000
10807.600000 182105.000000
13197.600000 176753.000000
13162.000000 176559.000000
12320.400000 174558.000000
12111.100000 174320.000000
8472.110000 171675.000000
8227.210000 171768.000000
4247.530000 166781.000000
4117.290000 166525.000000
2460.860000 161322.000000
2465.310000 161090.000000
1666.030000 158472.000000
1541.360000 158452.000000
1554.710000 158530.000000
1864.180000 158550.000000
1264.170000 157622.000000
1299.790000 151365.000000
1293.110000 145677.000000
-796.353000 139969.000000
-1211.570000 136328.000000
-1435.330000 134993.000000
-1533.290000 134908.000000
-2296.940000 135930.000000
-3295.480000 135928.000000
-4495.500000 136008.000000
-5145.610000 137773.000000
-4781.590000 137740.000000
-5354.890000 138933.000000
-5378.260000 137798.000000
-4764.890000 136393.000000
-1558.890000 134676.000000
1517.980000 137833.000000
4449.020000 134489.000000
7401.210000 129151.000000
12627.700000 125116.000000
15202.500000 121258.000000
15430.700000 114272.000000
11860.700000 125666.000000
6506.210000 130709.000000
5290.600000 132904.000000
4824.170000 133759.000000
4392.250000 136177.000000
3825.630000 137602.000000
5493.200000 137724.000000
4410.060000 136673.000000
3656.430000 135750.000000
2682.380000 134429.000000
1997.770000 132931.000000
1523.550000 131335.000000
1940.990000 131920.000000
2376.250000 135718.000000
3664.220000 137397.000000
4973.340000 140445.000000
4905.430000 140670.000000
3822.290000 141861.000000
2361.780000 142849.000000
1650.450000 144693.000000
1385.510000 144735.000000
767.686000 146049.000000
86.410700 148502.000000
9.600250 150515.000000
-698.392000 152579.000000
-663.883000 152677.000000
1235.230000 153409.000000
1221.870000 157991.000000
1973.280000 158623.000000
2758.080000 159832.000000
3059.750000 161037.000000
1284.210000 160872.000000
-81.681700 163504.000000
-3588.250000 164040.000000
-5509.620000 162195.000000
-6299.990000 162210.000000
-6947.870000 160763.000000
-6996.850000 158283.000000
-7290.730000 157061.000000
-8350.490000 156860.000000
-8429.530000 154656.000000
-8455.130000 153683.000000
-7556.790000 152421.000000
-6789.790000 154075.000000
-6076.240000 154507.000000
-6346.740000 157755.000000
-6695.170000 158243.000000
-6996.850000 158218.000000
-8698.920000 156896.000000
-10097.100000 156865.000000
-11287.100000 155749.000000
-11965.000000 154970.000000
-11986.200000 153977.000000
-12713.100000 153634.000000
-12804.400000 152245.000000
-14292.700000 152821.000000
-16481.300000 152806.000000
-17268.300000 151679.000000
-17401.900000 150642.000000
-15362.500000 149161.000000
-13515.700000 149328.000000
-11657.800000 149339.000000
-10471.100000 148415.000000
-10483.400000 143279.000000
-10147.200000 139477.000000
-8969.430000 135852.000000
-8332.680000 135111.000000
-7761.610000 139033.000000
-7876.270000 146196.000000
-7597.970000 147289.000000
-7607.990000 147752.000000
-6864.380000 147120.000000
-5981.610000 148186.000000
-5232.430000 152634.000000
-3631.660000 152715.000000
-1094.690000 152637.000000
4441.230000 152327.000000
4435.660000 145194.000000
4404.490000 142689.000000
2997.420000 137128.000000
5789.310000 132060.000000
10251.000000 126777.000000
14117.100000 123373.000000
15593.200000 119179.000000
15880.400000 114810.000000
15382.800000 115265.000000
15127.900000 121289.000000
11542.300000 125853.000000
6709.920000 130342.000000
4092.800000 135077.000000
871.213000 140868.000000
690.876000 142030.000000
974.740000 142295.000000
-215.265000 140835.000000
478.255000 141710.000000
1244.130000 143444.000000
1246.360000 146884.000000
1233.000000 149613.000000
1229.660000 151588.000000
700.894000 157978.000000
-1081.330000 155945.000000
591.801000 155996.000000
1310.930000 158018.000000
1511.300000 158452.000000
1517.980000 158481.000000
1258.600000 158986.000000
-309.887000 157938.000000
-570.374000 157074.000000
-1608.990000 152423.000000
-1716.970000 150119.000000
-1211.570000 148525.000000
-1577.820000 149097.000000
-1630.140000 152548.000000
-1878.380000 154315.000000
-2542.960000 155106.000000
-3207.530000 156056.000000
-3485.830000 157308.000000
-4143.730000 157114.000000
-6021.690000 158178.000000
-6117.420000 158238.000000
-4768.230000 157167.000000
-4222.770000 157145.000000
-4319.610000 156112.000000
-5455.070000 156279.000000
-5387.170000 154460.000000
-4322.950000 154344.000000
-3503.640000 155963.000000
-3233.140000 156065.000000
-1812.700000 158140.000000
-1777.080000 158753.000000
-3215.330000 158082.000000
-3284.340000 158646.000000
-3807.550000 163998.000000
-5561.940000 164029.000000
-7069.210000 164345.000000
-7072.550000 165285.000000
-7051.400000 165129.000000
-7055.850000 164252.000000
-6936.740000 162152.000000
-6747.490000 161037.000000
-3146.310000 161124.000000
-3258.740000 159080.000000
-3522.570000 156410.000000
-3445.760000 157328.000000
-2349.260000 157439.000000
-2156.680000 156967.000000
-2524.030000 155558.000000
-1941.830000 154358.000000
-1726.980000 149894.000000
-1791.550000 147318.000000
-4420.920000 143535.000000
-4681.400000 143181.000000
-4683.630000 142752.000000
-4711.460000 141431.000000
-5919.280000 140432.000000
-5956.010000 140438.000000
-7396.490000 139323.000000
-9357.930000 139419.000000
-15246.700000 140205.000000
-15965.900000 138882.000000
-17721.400000 132129.000000
-18073.100000 129703.000000
-19373.300000 125780.000000
-19545.900000 124963.000000
-18156.600000 124874.000000
-17652.400000 124662.000000
-15839.000000 124936.000000
-15173.300000 126986.000000
-15048.600000 131702.000000
-15040.800000 132221.000000
-12728.700000 133833.000000
-12214.400000 134080.000000
-7823.950000 135013.000000
-5816.860000 134901.000000
17.392600 135894.000000
981.419000 135618.000000
2505.380000 133439.000000
2780.340000 132993.000000
2522.080000 133343.000000
2217.070000 133879.000000
2272.730000 137698.000000
1693.860000 138900.000000
-57.191400 138161.000000
-79.455300 138366.000000
492.727000 136624.000000
-1431.990000 134607.000000
-2826.820000 134650.000000
-2908.080000 133418.000000
-2929.230000 134650.000000
-1843.870000 135917.000000
-8919.340000 139343.000000
-5994.970000 147870.000000
-4849.500000 151403.000000
-4843.930000 152472.000000
-1098.030000 152632.000000
-938.842000 152632.000000
1198.490000 153371.000000
1215.190000 153443.000000
617.405000 156604.000000
618.518000 157203.000000
663.046000 158334.000000
655.253000 159051.000000
-1046.820000 154689.000000
-1536.630000 154108.000000
-1830.510000 144165.000000
-2212.340000 143435.000000
-8599.850000 143658.000000
-9365.730000 144096.000000
-11665.600000 145350.000000
-11661.100000 145777.000000
-10703.800000 145563.000000
-10239.600000 145508.000000
-9620.650000 146349.000000
-7871.820000 147193.000000
-5651.000000 148836.000000
-5622.050000 149308.000000
-4371.930000 151072.000000
-4357.460000 150519.000000
-3699.570000 147033.000000
-3697.340000 146461.000000
-1660.190000 145448.000000
-1183.740000 145370.000000
-465.734000 148578.000000
1181.790000 152737.000000
1165.100000 152948.000000
1204.060000 159552.000000
1189.590000 160906.000000
1288.660000 161533.000000
1286.430000 161529.000000
1250.810000 158730.000000
1656.020000 158477.000000
1516.870000 158407.000000
1526.880000 158387.000000
1860.840000 159808.000000
1196.270000 158276.000000
665.272000 157824.000000
665.272000 157546.000000
-588.185000 156920.000000
-1345.160000 154278.000000
-2768.930000 153443.000000
-1626.800000 153409.000000
-2161.130000 155068.000000
-2465.030000 155932.000000
-1150.350000 156248.000000
612.952000 156593.000000
1245.250000 155970.000000
1320.940000 153160.000000
3037.490000 155589.000000
1310.930000 155947.000000
890.137000 155417.000000
-654.977000 155248.000000
-1640.150000 151902.000000
-1837.190000 144798.000000
78.618300 142360.000000
3613.010000 136003.000000
6195.620000 131330.000000
11108.200000 126174.000000
14603.600000 122284.000000
15355.000000 115910.000000
15858.200000 114300.000000
15409.500000 117175.000000
14890.800000 121721.000000
10648.400000 126452.000000
7246.480000 129378.000000
4088.350000 134928.000000
3705.410000 137631.000000
1779.580000 141115.000000
1083.830000 142351.000000
754.328000 143718.000000
1249.700000 145579.000000
-199.680000 157900.000000
65.260000 159389.000000
395.879000 158615.000000
1280.870000 153378.000000
1292.000000 151025.000000
1270.850000 142046.000000
2115.770000 140527.000000
4306.530000 138250.000000
4373.320000 138332.000000
4024.890000 138662.000000
3509.490000 138666.000000
1279.760000 142001.000000
1077.150000 142360.000000
-392.263000 145319.000000
-850.899000 145314.000000
-1752.590000 149903.000000
-1642.380000 152178.000000
-2613.090000 153338.000000
-2526.260000 153456.000000
-2483.960000 153454.000000
-1398.590000 153656.000000
-1610.100000 152516.000000
-1830.510000 143553.000000
-365.546000 143197.000000
1265.280000 137192.000000
1416.680000 136887.000000
1913.160000 136916.000000
2353.990000 137580.000000
1167.320000 142208.000000
1083.830000 143591.000000
755.441000 143707.000000
1397.750000 147013.000000
3257.900000 147015.000000
3576.280000 147055.000000
2533.210000 147763.000000
1349.890000 149313.000000
1319.830000 149313.000000
1273.080000 151588.000000
1163.980000 152563.000000
1.807890 152525.000000
622.971000 152668.000000
1205.170000 157793.000000
1202.950000 157840.000000
661.932000 158312.000000
657.480000 158136.000000
-612.676000 155689.000000
-1523.270000 155907.000000
-3547.060000 155164.000000
-2070.960000 155642.000000
-1967.430000 155912.000000
-1272.800000 155950.000000
-1198.220000 155943.000000
577.330000 157630.000000
419.256000 157880.000000
424.822000 157991.000000
1279.760000 154010.000000
1300.910000 152229.000000
2165.860000 149860.000000
1972.160000 149308.000000
678.630000 146993.000000
80.844700 146991.000000
-1895.080000 143664.000000
-2778.950000 142616.000000
-2781.180000 142015.000000
-3567.090000 139559.000000
-3582.680000 139216.000000
-6442.480000 139196.000000
-7654.750000 139276.000000
-8950.510000 136362.000000
-8895.960000 136293.000000
-8976.110000 136204.000000
-8964.980000 136972.000000
-10699.300000 139419.000000
-11985.100000 139401.000000
-12866.700000 152047.000000
-10413.200000 154302.000000
-11245.900000 155066.000000
-9596.160000 161467.000000
-9126.390000 161945.000000
-8529.720000 162188.000000
-8412.830000 161186.000000
-2860.220000 160899.000000
-1370.760000 161061.000000
1162.870000 160892.000000
1212.960000 160180.000000
1513.530000 158474.000000
1206.280000 158895.000000
1188.470000 160454.000000
-2301.390000 152594.000000
-2883.590000 150580.000000
-2886.930000 150580.000000
-2888.050000 150573.000000
-2891.390000 150568.000000
-2115.490000 151065.000000
-1730.320000 151332.000000
-555.903000 158045.000000
-464.621000 157960.000000
1237.450000 159868.000000
1256.380000 158639.000000
2532.100000 157987.000000
3038.600000 157521.000000
1361.020000 155954.000000
1325.400000 155941.000000
1304.250000 154603.000000
1226.320000 155348.000000
1947.670000 159414.000000
1947.670000 159779.000000
988.099000 158000.000000
345.785000 157980.000000
-580.393000 159852.000000
-797.466000 160948.000000
-4092.520000 161375.000000
-4080.280000 161967.000000
-5420.560000 162208.000000
-9262.200000 161262.000000
-10345.300000 161542.000000
-13962.100000 161600.000000
-15057.500000 161711.000000
-19565.900000 157437.000000
-19582.600000 155981.000000
-23736.000000 155026.000000
-23767.100000 154997.000000
-25481.400000 153265.000000
-23974.200000 152850.000000
-23527.800000 152846.000000
-21940.400000 150724.000000
-21941.500000 149827.000000
-21025.300000 147981.000000
-20723.700000 148008.000000
-19663.900000 149317.000000
-19402.300000 149477.000000
