13598.400000 116124.000000
13598.400000 116128.000000
13598.400000 116131.000000
13597.300000 116133.000000
13598.400000 116128.000000
13293.400000 116362.000000
13218.800000 116908.000000
14972.100000 118003.000000
15240.300000 115676.000000
15146.800000 115049.000000
15337.200000 115046.000000
15609.900000 114928.000000
15967.200000 114686.000000
15662.200000 114706.000000
14126.000000 123355.000000
6748.880000 130322.000000
1729.490000 138005.000000
-3029.420000 134765.000000
-10352.000000 135180.000000
-16962.200000 135574.000000
-16666.100000 140033.000000
-10957.600000 139448.000000
-480.206000 143241.000000
15.166200 147146.000000
-358.867000 148516.000000
-1030.120000 147004.000000
55.241200 148500.000000
325.748000 148507.000000
1305.360000 149865.000000
932.439000 162103.000000
-563.695000 162377.000000
-1200.440000 162117.000000
-1757.040000 162123.000000
-1226.050000 161422.000000
555.066000 157984.000000
610.726000 157960.000000
892.364000 156526.000000
1214.080000 157922.000000
2990.740000 158020.000000
6440.530000 160393.000000
7698.440000 163755.000000
9319.250000 169533.000000
13255.500000 175914.000000
20010.400000 176007.000000
22441.600000 180219.000000
24732.500000 182795.000000
26544.800000 186153.000000
28469.500000 193921.000000
29259.900000 193767.000000
29257.700000 193765.000000
29269.900000 193776.000000
28505.200000 194050.000000
28535.200000 194304.000000
28170.100000 194377.000000
26671.700000 184855.000000
27940.800000 175622.000000
28379.400000 166774.000000
28357.100000 166574.000000
28354.900000 166576.000000
28243.600000 166489.000000
28553.000000 166204.000000
28654.300000 166233.000000
28603.100000 166229.000000
28319.300000 166191.000000
28301.400000 166552.000000
28044.300000 164822.000000
28238.000000 166394.000000
28216.800000 166567.000000
31457.400000 173467.000000
31643.300000 174019.000000
31151.200000 175183.000000
34272.600000 183002.000000
39602.600000 183590.000000
42395.600000 185267.000000
42392.300000 185278.000000
41145.500000 187135.000000
37820.400000 194459.000000
29267.700000 193769.000000
29266.600000 193792.000000
29274.400000 193840.000000
29272.200000 193823.000000
29276.600000 193778.000000
29275.500000 193780.000000
29276.600000 193771.000000
29272.200000 193789.000000
29269.900000 193787.000000
29269.900000 193794.000000
29264.400000 193774.000000
29263.200000 193771.000000
29203.100000 193400.000000
28184.600000 193331.000000
24164.800000 186914.000000
17594.700000 176014.000000
12552.000000 174803.000000
9632.060000 166222.000000
7489.160000 163537.000000
4732.890000 160877.000000
1529.110000 169237.000000
-14617.800000 169971.000000
-18550.700000 164628.000000
-17689.100000 162074.000000
-17359.600000 162842.000000
-14072.300000 161625.000000
-9838.840000 161500.000000
-9578.350000 160046.000000
-8853.660000 159238.000000
-6797.590000 160930.000000
-3161.890000 161139.000000
-3476.930000 156226.000000
-2195.640000 155079.000000
-1240.520000 155155.000000
-3596.040000 156034.000000
-6396.840000 156715.000000
-9105.240000 156849.000000
-10408.800000 152285.000000
-11687.900000 151410.000000
-12400.300000 151383.000000
-12905.700000 148536.000000
-13042.600000 146303.000000
-13511.300000 146581.000000
-13929.800000 144114.000000
-13834.100000 145902.000000
-10893.000000 145581.000000
-11230.300000 141572.000000
-9346.800000 139456.000000
-9332.330000 139481.000000
-9327.880000 139472.000000
-9267.770000 139463.000000
-695.052000 140136.000000
26.298200 140650.000000
-2711.050000 139029.000000
-5404.980000 139218.000000
-7717.090000 138869.000000
-7923.030000 138809.000000
-7920.800000 139067.000000
-7920.800000 139062.000000
-7957.540000 139002.000000
-8865.900000 139245.000000
-7437.670000 139374.000000
36.316900 141111.000000
680.857000 143016.000000
-282.057000 143462.000000
-1168.160000 142507.000000
-546.997000 142015.000000
-424.546000 141872.000000
-569.261000 142104.000000
-440.130000 141888.000000
1250.810000 143003.000000
1625.960000 143370.000000
1610.370000 143377.000000
1727.260000 143279.000000
1622.620000 144005.000000
1520.210000 144426.000000
1446.730000 144479.000000
1265.280000 149159.000000
1160.640000 156014.000000
-605.997000 156998.000000
-2389.330000 160937.000000
-3185.270000 162177.000000
-660.543000 160710.000000
-667.222000 156061.000000
-1565.570000 153438.000000
-2491.750000 152690.000000
-4809.420000 152614.000000
-7089.240000 152891.000000
-7616.900000 149611.000000
-7810.590000 147496.000000
-7833.970000 148248.000000
-7985.370000 149515.000000
-8076.650000 151125.000000
-8231.380000 152093.000000
-7616.900000 149758.000000
-7854.010000 147349.000000
-7881.840000 145989.000000
-6498.140000 143631.000000
-2934.800000 143520.000000
-2766.710000 142703.000000
-2780.070000 142166.000000
-1785.980000 141240.000000
-1229.390000 140060.000000
-793.013000 139944.000000
-807.485000 140064.000000
-800.806000 140095.000000
-14.890000 140999.000000
-8069.970000 143495.000000
586.235000 143495.000000
982.533000 143593.000000
1269.740000 146131.000000
187.711000 152585.000000
1260.830000 152053.000000
4180.740000 152686.000000
4434.550000 143702.000000
3967.010000 135358.000000
10231.000000 126782.000000
15617.700000 119677.000000
15402.900000 114287.000000
15740.200000 116516.000000
15806.900000 116994.000000
15785.800000 116923.000000
15593.200000 119533.000000
10550.400000 126530.000000
6019.740000 133385.000000
10016.100000 144611.000000
10960.100000 163103.000000
7591.570000 170788.000000
10227.600000 181083.000000
11874.000000 184167.000000
14918.600000 186689.000000
20924.300000 186300.000000
26334.400000 186148.000000
26576.000000 186133.000000
28159.000000 194825.000000
29332.300000 194281.000000
29261.000000 193769.000000
29263.200000 193765.000000
29261.000000 193767.000000
29259.900000 193769.000000
29233.200000 193751.000000
29027.300000 194524.000000
28949.300000 194591.000000
28944.900000 194586.000000
28944.900000 194589.000000
28941.500000 194589.000000
28941.500000 194595.000000
28947.100000 194546.000000
29264.400000 193776.000000
29255.500000 193767.000000
29254.300000 193769.000000
29255.500000 193771.000000
29256.600000 193767.000000
29261.000000 193767.000000
29258.800000 193771.000000
29256.600000 193771.000000
26547.100000 186097.000000
22418.200000 182559.000000
19152.100000 175992.000000
11921.900000 174057.000000
9659.890000 165708.000000
7107.330000 162097.000000
5025.660000 159892.000000
5024.540000 159884.000000
4880.940000 159812.000000
4895.410000 159817.000000
5303.960000 159256.000000
1364.360000 157951.000000
-1208.230000 157971.000000
-675.015000 155941.000000
1091.630000 153251.000000
1004.800000 152652.000000
1208.510000 158888.000000
244.484000 160917.000000
1050.440000 160393.000000
1253.040000 156502.000000
3637.500000 152681.000000
15552.000000 114931.000000
15750.200000 116890.000000
15742.400000 116856.000000
16024.000000 119780.000000
16098.600000 121271.000000
16091.900000 121271.000000
16096.400000 121289.000000
15074.500000 121786.000000
11803.900000 126808.000000
13344.600000 134790.000000
10851.000000 138677.000000
8829.440000 141736.000000
9271.380000 152318.000000
6487.280000 152657.000000
5534.390000 146812.000000
5487.630000 146864.000000
5493.200000 146790.000000
5541.070000 146799.000000
5539.950000 146808.000000
5505.440000 146902.000000
5484.290000 146861.000000
5476.500000 146870.000000
5448.670000 146922.000000
5444.220000 146937.000000
5765.930000 148654.000000
4221.930000 149413.000000
3351.410000 151027.000000
3046.400000 152296.000000
3082.020000 152528.000000
3231.190000 152717.000000
29255.500000 193749.000000
29254.300000 193767.000000
29255.500000 193769.000000
29256.600000 193771.000000
29259.900000 193763.000000
29261.000000 193776.000000
29261.000000 193780.000000
29261.000000 193785.000000
29259.900000 193789.000000
29259.900000 193785.000000
28171.200000 193633.000000
25506.200000 186324.000000
22427.100000 180424.000000
17906.400000 175994.000000
10589.400000 171581.000000
7485.820000 163539.000000
5174.820000 159888.000000
3277.940000 160843.000000
3969.230000 164777.000000
2115.770000 167391.000000
-3774.150000 169577.000000
-5249.130000 165243.000000
-5253.590000 165229.000000
-4506.630000 164127.000000
-3151.870000 164107.000000
-1514.360000 163722.000000
-1357.400000 165590.000000
-1905.090000 164768.000000
-3962.280000 163991.000000
-3466.910000 162228.000000
-3263.190000 158430.000000
-3500.300000 154509.000000
-3554.850000 153109.000000
-454.602000 153710.000000
657.480000 155660.000000
910.175000 155208.000000
1376.600000 155422.000000
746.535000 152608.000000
378.068000 150789.000000
71.939200 148525.000000
587.348000 148462.000000
586.235000 148344.000000
573.990000 148375.000000
546.160000 148838.000000
1136.150000 150526.000000
1211.850000 158517.000000
650.801000 159374.000000
659.706000 158209.000000
1710.560000 156019.000000
2417.440000 156007.000000
747.648000 155963.000000
-3287.680000 156048.000000
-6911.130000 156858.000000
-7424.320000 158267.000000
-6214.270000 158192.000000
-5942.650000 158167.000000
-5842.470000 159645.000000
-5527.430000 159663.000000
-4528.900000 157130.000000
-3470.250000 156201.000000
-926.597000 154750.000000
-1698.040000 149522.000000
-524.733000 149522.000000
591.801000 149431.000000
890.137000 149135.000000
896.817000 149491.000000
896.817000 149484.000000
902.383000 149473.000000
-1010.090000 149126.000000
-1883.940000 145165.000000
-5049.870000 143384.000000
-5826.880000 143092.000000
-3468.020000 143513.000000
-1861.680000 145388.000000
-1566.680000 145434.000000
-1912.890000 146984.000000
-2318.090000 145352.000000
-3791.960000 145517.000000
-2115.490000 145998.000000
-2630.900000 147024.000000
-1657.970000 147060.000000
-1554.440000 147046.000000
1169.550000 147015.000000
3095.380000 147017.000000
3148.810000 147574.000000
2308.350000 147656.000000
2313.910000 147703.000000
1944.330000 147957.000000
1240.790000 145307.000000
1250.810000 145555.000000
1047.100000 151174.000000
-415.640000 153688.000000
-2059.830000 156194.000000
-3522.570000 155673.000000
-3555.960000 153017.000000
-3628.320000 151052.000000
-4375.270000 149233.000000
-2043.130000 149157.000000
-2649.820000 150232.000000
-1302.860000 149121.000000
-852.013000 149275.000000
431.501000 149780.000000
168.787000 149164.000000
34.090500 149375.000000
-1172.610000 149137.000000
-1730.320000 147233.000000
-2239.050000 146403.000000
-1563.340000 147104.000000
474.916000 147015.000000
2529.870000 147026.000000
3089.810000 148142.000000
4893.190000 146946.000000
5758.140000 149037.000000
3920.250000 149404.000000
7494.720000 148522.000000
7325.520000 147616.000000
7488.040000 149170.000000
8723.690000 149388.000000
8924.070000 149435.000000
8953.010000 149522.000000
8954.120000 149509.000000
8955.230000 149500.000000
8693.630000 151635.000000
13776.500000 162738.000000
18269.300000 163452.000000
19241.200000 171191.000000
21183.700000 178164.000000
21182.600000 178158.000000
21878.300000 178242.000000
22606.300000 187640.000000
22672.000000 187649.000000
22673.100000 187658.000000
26521.500000 186155.000000
28169.000000 192832.000000
29186.400000 193397.000000
29141.900000 193449.000000
29263.200000 193783.000000
29264.400000 193785.000000
29255.500000 193785.000000
29257.700000 193785.000000
29255.500000 193778.000000
29258.800000 193776.000000
29258.800000 193774.000000
29257.700000 193776.000000
29255.500000 193771.000000
29252.100000 193771.000000
29253.200000 193767.000000
29255.500000 193789.000000
29253.200000 193783.000000
29255.500000 193774.000000
29248.800000 193687.000000
29254.300000 193743.000000
29255.500000 193749.000000
29256.600000 193754.000000
29256.600000 193758.000000
29238.800000 193792.000000
29243.200000 193751.000000
29238.800000 193760.000000
29243.200000 193767.000000
29245.400000 193769.000000
29246.600000 193765.000000
29255.500000 193769.000000
29258.800000 193776.000000
29255.500000 193776.000000
29253.200000 193774.000000
29283.300000 193720.000000
29273.300000 193729.000000
29269.900000 193736.000000
29257.700000 193800.000000
29258.800000 193798.000000
29259.900000 193787.000000
29258.800000 193778.000000
29259.900000 193771.000000
29266.600000 193800.000000
29271.000000 193800.000000
29298.900000 193765.000000
29283.300000 193763.000000
29282.200000 193769.000000
29277.700000 193776.000000
29168.600000 193776.000000
28990.500000 194515.000000
28986.100000 194517.000000
29266.600000 193792.000000
28280.300000 194862.000000
28191.200000 194386.000000
28189.000000 194382.000000
28186.800000 194386.000000
28183.500000 194382.000000
28181.200000 194384.000000
28796.800000 193936.000000
29269.900000 193763.000000
29274.400000 193763.000000
29268.800000 193800.000000
29265.500000 193771.000000
29265.500000 193767.000000
29267.700000 193765.000000
29265.500000 193771.000000
29190.900000 193420.000000
29192.000000 193424.000000
29194.200000 193429.000000
29269.900000 193787.000000
28509.600000 194083.000000
28511.800000 194076.000000
28511.800000 194072.000000
28510.700000 194070.000000
29259.900000 193758.000000
29264.400000 193783.000000
29264.400000 193776.000000
29265.500000 193778.000000
29267.700000 193774.000000
29268.800000 193778.000000
29267.700000 193771.000000
29267.700000 193783.000000
29263.200000 193767.000000
29263.200000 193760.000000
29265.500000 193763.000000
29266.600000 193765.000000
29267.700000 193767.000000
29268.800000 193769.000000
28891.400000 193938.000000
28688.800000 193985.000000
29255.500000 193785.000000
29262.100000 193778.000000
29264.400000 193776.000000
29267.700000 193769.000000
29091.800000 193491.000000
29187.600000 193417.000000
29178.600000 193404.000000
28184.600000 194393.000000
28182.300000 194393.000000
28167.900000 194341.000000
28160.100000 194246.000000
28734.500000 193861.000000
28730.000000 193874.000000
28735.600000 193838.000000
28695.500000 193560.000000
28697.700000 193556.000000
28700.000000 193553.000000
28706.700000 193564.000000
28707.800000 193562.000000
29266.600000 193796.000000
29273.300000 193798.000000
29267.700000 193794.000000
29265.500000 193796.000000
29264.400000 193798.000000
29261.000000 193798.000000
29259.900000 193769.000000
29261.000000 193763.000000
29265.500000 193758.000000
29267.700000 193756.000000
29265.500000 193807.000000
29264.400000 193796.000000
31036.600000 193979.000000
31341.600000 187985.000000
31338.200000 187981.000000
31338.200000 187978.000000
31338.200000 187974.000000
32603.900000 187896.000000
34957.200000 187880.000000
37955.100000 190516.000000
37165.800000 191783.000000
37163.600000 191786.000000
37161.400000 191788.000000
37052.300000 194373.000000
35586.200000 198772.000000
34935.000000 201085.000000
31485.200000 203176.000000
31479.600000 204298.000000
31477.400000 204296.000000
31478.500000 204300.000000
31511.900000 204302.000000
28147.800000 200631.000000
29216.500000 196826.000000
29214.300000 196824.000000
29215.400000 196819.000000
29216.500000 196815.000000
29197.600000 196859.000000
29198.700000 196813.000000
29196.500000 196815.000000
29271.000000 193771.000000
29273.300000 193767.000000
29276.600000 193767.000000
29275.500000 193771.000000
29274.400000 193774.000000
29212.000000 193805.000000
29245.400000 193798.000000
29256.600000 193794.000000
29257.700000 193787.000000
29262.100000 193780.000000
29264.400000 193780.000000
29265.500000 193778.000000
29180.900000 193406.000000
29184.200000 193400.000000
29104.100000 193524.000000
29249.900000 193769.000000
29258.800000 193763.000000
29257.700000 193774.000000
29258.800000 193776.000000
29258.800000 193771.000000
29259.900000 193776.000000
29262.100000 193774.000000
29301.100000 193751.000000
29256.600000 193771.000000
29257.700000 193769.000000
29254.300000 193769.000000
29243.200000 193758.000000
29241.000000 193758.000000
29245.400000 193765.000000
29255.500000 193769.000000
29258.800000 193776.000000
29257.700000 193778.000000
29256.600000 193780.000000
29266.600000 193778.000000
29273.300000 193778.000000
29237.600000 193794.000000
29247.700000 193785.000000
29247.700000 193774.000000
29347.900000 194353.000000
27238.300000 187727.000000
22500.600000 185712.000000
21958.500000 178325.000000
23151.800000 168820.000000
23917.700000 159977.000000
23079.500000 155981.000000
21594.400000 153164.000000
20709.500000 153073.000000
20740.600000 153060.000000
20744.000000 153055.000000
20736.200000 153035.000000
17361.000000 152390.000000
16227.700000 151766.000000
14837.400000 150669.000000
14860.700000 150486.000000
14069.300000 151129.000000
11988.700000 150838.000000
11570.100000 150172.000000
11543.400000 149491.000000
11561.200000 150246.000000
11553.400000 150844.000000
8823.880000 150671.000000
6338.110000 150982.000000
2942.870000 150976.000000
289.012000 149457.000000
-1965.210000 149003.000000
-3848.730000 149101.000000
-1313.990000 149012.000000
-737.354000 149304.000000
9.600250 149662.000000
661.932000 152643.000000
750.988000 157940.000000
-1093.580000 157121.000000
-1096.920000 155921.000000
-2793.420000 156001.000000
-3277.660000 158659.000000
-561.469000 159968.000000
-457.942000 158949.000000
74.165600 160391.000000
-558.129000 159953.000000
-279.830000 159826.000000
644.121000 160819.000000
-552.563000 159939.000000
615.178000 159781.000000
2642.310000 161175.000000
1477.900000 160977.000000
-125.096000 160868.000000
-1662.420000 158016.000000
-4612.390000 157141.000000
-7150.470000 156869.000000
-6509.270000 156778.000000
-4259.500000 156174.000000
-3229.800000 159478.000000
479.369000 163130.000000
990.325000 162397.000000
289.012000 162927.000000
290.125000 162920.000000
286.786000 162916.000000
289.012000 162918.000000
289.012000 162925.000000
290.125000 162929.000000
224.447000 163134.000000
-1236.060000 161694.000000
-6311.120000 158773.000000
-6419.100000 158779.000000
