-5025.380000 134806.000000
-7184.980000 134888.000000
-7984.250000 135338.000000
-8415.060000 137410.000000
-8871.470000 137415.000000
-9344.580000 137422.000000
-8950.510000 138760.000000
-10482.300000 139394.000000
-12068.600000 139387.000000
-12687.500000 139156.000000
-13042.600000 139428.000000
-13531.300000 139492.000000
-13620.400000 139503.000000
-13869.700000 139227.000000
-13241.900000 137482.000000
-12142.000000 137506.000000
-11457.400000 138018.000000
-10831.800000 138468.000000
-11070.000000 138653.000000
-11063.300000 138838.000000
-11035.500000 138408.000000
-10800.600000 138969.000000
-9892.270000 139490.000000
-8908.200000 139472.000000
-7888.520000 140872.000000
-7956.420000 142698.000000
-4659.140000 143159.000000
-4111.450000 141854.000000
-3265.420000 141787.000000
-2836.840000 142467.000000
-3401.230000 142431.000000
-2980.440000 141311.000000
-2312.520000 141347.000000
-2017.530000 141658.000000
-2003.060000 141547.000000
-3471.360000 141322.000000
-4446.520000 141356.000000
-4662.480000 141376.000000
-4747.080000 140770.000000
-5859.160000 140461.000000
-5984.950000 140465.000000
-6114.080000 140456.000000
-6314.460000 140472.000000
-6127.440000 142576.000000
-6120.760000 143003.000000
-6294.420000 143199.000000
-4708.120000 143241.000000
-4683.630000 141792.000000
-4124.810000 141382.000000
-2689.900000 141360.000000
-2109.920000 141338.000000
-1984.130000 143328.000000
-2558.540000 143348.000000
-2406.030000 143373.000000
-2687.670000 143368.000000
-3718.490000 143482.000000
-3164.120000 143582.000000
-4162.650000 143557.000000
-6139.690000 141750.000000
-6180.880000 140087.000000
-7092.580000 139274.000000
-8245.850000 139343.000000
-10752.800000 139419.000000
-12886.800000 139136.000000
-12944.600000 137767.000000
-11689.000000 137515.000000
-11343.900000 138141.000000
-10727.200000 139472.000000
-9915.650000 140641.000000
-9922.320000 140692.000000
-8939.370000 141603.000000
-8743.450000 143252.000000
-8722.300000 143582.000000
-7442.130000 143675.000000
-5893.670000 143629.000000
-4603.480000 143618.000000
-3796.410000 143560.000000
-1852.770000 144490.000000
-1847.210000 145900.000000
-1956.300000 146924.000000
-966.672000 147035.000000
0.694696 147026.000000
974.740000 147026.000000
1722.810000 147026.000000
2718.000000 147017.000000
4147.350000 147042.000000
5081.320000 146835.000000
7375.610000 145568.000000
7056.120000 146832.000000
7437.950000 146755.000000
7460.210000 148322.000000
5807.120000 149337.000000
4008.200000 149371.000000
2614.480000 149335.000000
1923.180000 149277.000000
1356.570000 149299.000000
602.933000 149250.000000
462.671000 149270.000000
451.539000 149241.000000
219.994000 149284.000000
-112.851000 149335.000000
-342.169000 149286.000000
-885.408000 149489.000000
-1004.520000 149426.000000
-618.242000 149333.000000
-481.319000 149351.000000
224.447000 148527.000000
474.916000 148529.000000
1141.720000 148157.000000
1227.440000 149128.000000
1292.000000 147380.000000
1290.890000 145127.000000
744.309000 141923.000000
1652.680000 139554.000000
1394.410000 137609.000000
886.798000 135658.000000
1411.110000 135353.000000
1416.680000 133078.000000
1991.090000 132434.000000
1936.540000 129983.000000
2208.160000 129696.000000
2562.160000 131328.000000
2547.680000 132541.000000
3508.370000 133777.000000
3576.280000 135698.000000
396.992000 141376.000000
-374.452000 141747.000000
36.316900 142001.000000
-515.828000 143237.000000
-1240.520000 143969.000000
-1242.740000 143980.000000
-1244.970000 143974.000000
-1061.290000 143709.000000
-748.485000 143232.000000
1247.470000 144261.000000
1266.400000 145739.000000
1219.640000 149255.000000
3037.490000 149437.000000
3127.660000 149435.000000
3836.760000 150620.000000
3074.230000 151312.000000
3035.260000 152004.000000
1661.580000 152552.000000
1560.280000 152539.000000
1219.640000 155259.000000
-1908.430000 155838.000000
-2447.220000 155852.000000
-2141.090000 157386.000000
-2300.280000 157446.000000
-2794.540000 157381.000000
-2756.690000 157553.000000
-3478.040000 156524.000000
-5697.750000 156364.000000
-6097.390000 156593.000000
-8157.910000 156833.000000
-8575.360000 156869.000000
-10116.000000 156845.000000
-10149.400000 156853.000000
-9255.520000 156887.000000
-8427.300000 154667.000000
-8444.000000 154491.000000
-9101.900000 153901.000000
-9107.470000 154482.000000
-9994.680000 154625.000000
-10845.200000 154919.000000
-11297.100000 160770.000000
-10776.100000 161551.000000
-8496.320000 162134.000000
-8539.740000 162606.000000
5285.030000 165438.000000
-8804.680000 165438.000000
-7269.580000 166703.000000
-7144.900000 166736.000000
-5928.180000 167004.000000
-5932.630000 166759.000000
-5509.620000 165788.000000
-5509.620000 165267.000000
-2234.600000 163786.000000
-1218.250000 163675.000000
1233.000000 158185.000000
1257.490000 156575.000000
1285.320000 148188.000000
1305.360000 146632.000000
20.732200 143865.000000
-276.491000 143522.000000
-811.938000 142273.000000
-452.376000 141888.000000
1048.210000 140407.000000
1553.600000 139497.000000
3313.560000 137435.000000
4058.290000 137019.000000
4415.630000 136197.000000
4244.190000 134683.000000
4374.440000 134411.000000
4820.830000 133601.000000
5360.730000 132446.000000
8101.410000 126757.000000
10965.700000 119094.000000
11669.200000 117702.000000
12375.000000 109768.000000
12496.300000 108329.000000
16738.700000 105983.000000
17720.500000 106014.000000
18824.800000 106136.000000
18827.000000 106145.000000
22168.900000 106083.000000
23297.600000 106101.000000
27417.600000 104711.000000
27885.100000 104157.000000
28132.200000 103917.000000
24418.600000 106330.000000
24390.800000 106363.000000
24168.200000 106270.000000
23554.800000 106114.000000
18047.800000 105974.000000
13856.600000 105989.000000
13202.100000 105707.000000
12013.200000 113713.000000
10145.200000 119960.000000
9923.710000 120566.000000
8578.970000 125281.000000
8207.170000 126370.000000
3640.840000 135665.000000
129.825000 139557.000000
133.165000 139539.000000
135.391000 139541.000000
171.014000 141307.000000
1269.740000 151292.000000
-3249.830000 152630.000000
-3641.680000 149339.000000
-3430.170000 149123.000000
-2709.930000 147699.000000
-2711.050000 147089.000000
-3741.870000 143513.000000
-4688.080000 143148.000000
-4693.650000 142128.000000
-4753.760000 137776.000000
-4768.230000 137259.000000
-5273.620000 134476.000000
-10514.500000 131230.000000
-11861.500000 135180.000000
-13876.400000 137491.000000
-18190.000000 128536.000000
-19198.600000 124813.000000
-18937.000000 124747.000000
-16827.500000 121287.000000
-15597.400000 124003.000000
-15037.500000 128024.000000
-15046.400000 132287.000000
-14968.400000 133806.000000
-14848.200000 137188.000000
-13800.700000 139543.000000
-13322.000000 139481.000000
-7937.500000 139345.000000
-7407.620000 139327.000000
-1538.850000 139098.000000
-1454.250000 139163.000000
91.976700 141169.000000
169.900000 141298.000000
1261.940000 147872.000000
1317.600000 153859.000000
1316.490000 153619.000000
-1562.230000 147055.000000
610.726000 148193.000000
-967.785000 148509.000000
213.315000 149647.000000
1664.920000 152677.000000
2448.610000 152681.000000
4929.920000 152619.000000
8784.920000 152430.000000
13846.600000 152314.000000
14781.700000 150885.000000
4797.450000 150954.000000
1928.750000 147888.000000
1309.810000 147523.000000
581.782000 147674.000000
478.255000 148525.000000
-796.353000 147051.000000
-164.058000 147024.000000
1848.600000 147066.000000
2483.120000 148923.000000
2317.250000 147723.000000
1930.970000 147919.000000
1856.390000 149061.000000
1423.360000 149293.000000
756.554000 149284.000000
-359.980000 149509.000000
-457.942000 149518.000000
-995.615000 149143.000000
-3624.980000 149070.000000
-3656.150000 147939.000000
-3683.980000 147138.000000
-4255.050000 147071.000000
-4626.860000 145437.000000
-4658.030000 144098.000000
-4652.460000 143159.000000
-3519.230000 142382.000000
-3732.960000 143130.000000
-2253.520000 143473.000000
-1858.340000 146082.000000
-2062.060000 145448.000000
-572.601000 143112.000000
-308.773000 141727.000000
435.954000 141647.000000
832.251000 142747.000000
726.498000 142898.000000
569.537000 143618.000000
7.373870 146278.000000
9.600250 146875.000000
838.930000 147022.000000
1745.070000 147055.000000
2828.210000 147467.000000
2257.140000 147761.000000
1888.670000 147396.000000
1344.320000 146975.000000
627.423000 147008.000000
9.600250 146991.000000
-1468.720000 147011.000000
-1597.850000 147022.000000
-2049.810000 148863.000000
-3464.680000 149092.000000
-3560.420000 149095.000000
-3639.450000 150274.000000
-3558.190000 150958.000000
-3591.590000 151434.000000
-3608.280000 151670.000000
-3602.720000 152062.000000
-3639.450000 152519.000000
-3456.890000 152735.000000
-2940.370000 152761.000000
-1695.810000 152657.000000
-162.945000 153730.000000
3139.900000 153403.000000
4627.130000 153033.000000
4805.240000 152650.000000
4463.490000 152087.000000
4749.580000 151673.000000
3491.670000 152614.000000
1022.610000 152619.000000
735.403000 152597.000000
478.255000 152572.000000
157.655000 152619.000000
-1507.680000 152608.000000
-2595.280000 152628.000000
-3118.480000 152623.000000
-3940.020000 152688.000000
-4698.100000 152730.000000
-5096.620000 152752.000000
-6127.440000 152828.000000
-6139.690000 152833.000000
-7087.020000 152870.000000
-7507.800000 152893.000000
-7890.740000 152864.000000
-9258.860000 152895.000000
-9617.310000 152877.000000
-10394.300000 151655.000000
-10413.200000 151112.000000
-10483.400000 148024.000000
-10446.600000 144194.000000
-10615.800000 140518.000000
-10669.300000 137544.000000
-11134.600000 138158.000000
-11654.500000 137177.000000
-12150.900000 136480.000000
-10789.500000 137406.000000
-12782.100000 137428.000000
-12792.100000 137430.000000
-12953.600000 139227.000000
-14015.500000 139494.000000
-15680.900000 140454.000000
-15906.900000 140699.000000
-16652.700000 140218.000000
-15928.000000 139499.000000
-15880.100000 140026.000000
-14745.800000 141843.000000
-14557.700000 141850.000000
-12886.800000 141707.000000
-12789.900000 141567.000000
-11515.300000 139505.000000
-11390.600000 139505.000000
-9410.260000 139443.000000
-9104.130000 139421.000000
-6501.480000 139285.000000
-2916.990000 139114.000000
-2486.180000 139107.000000
532.802000 130497.000000
649.687000 130509.000000
3127.660000 131174.000000
3403.730000 134679.000000
3496.130000 134679.000000
3591.860000 134866.000000
3369.220000 134565.000000
2898.340000 137005.000000
2701.310000 137370.000000
4410.060000 143880.000000
4407.830000 144497.000000
4404.490000 153534.000000
3126.550000 154393.000000
1530.220000 155099.000000
1386.620000 155101.000000
1298.680000 155088.000000
1322.060000 153458.000000
1493.490000 153055.000000
2988.510000 152726.000000
3063.090000 153848.000000
3026.360000 156139.000000
3015.230000 157913.000000
2651.210000 159020.000000
2319.480000 159075.000000
2484.230000 157989.000000
2996.300000 157982.000000
2805.950000 155950.000000
2569.950000 155954.000000
1328.740000 155903.000000
1320.940000 155901.000000
1215.190000 157430.000000
1172.890000 160505.000000
1257.490000 159973.000000
1924.300000 159810.000000
1956.580000 158615.000000
1963.260000 158187.000000
1284.210000 154507.000000
1283.100000 150493.000000
1327.620000 146325.000000
1319.830000 144001.000000
868.987000 143702.000000
-4.871280 144056.000000
-1536.630000 145365.000000
-1873.930000 146285.000000
-2185.620000 151040.000000
-3207.530000 151036.000000
-3660.600000 152425.000000
-4003.470000 152585.000000
-4121.470000 152158.000000
-3856.530000 152265.000000
-4029.070000 152646.000000
-4089.180000 152354.000000
-3623.870000 151439.000000
-3610.510000 151951.000000
-3665.060000 152305.000000
-3656.150000 152327.000000
-3666.170000 152405.000000
-3537.040000 154609.000000
-3435.740000 156083.000000
-1217.140000 155898.000000
764.346000 155945.000000
2463.080000 156001.000000
3004.090000 156704.000000
2734.700000 155950.000000
2696.850000 155947.000000
2707.980000 156012.000000
2998.530000 156001.000000
3097.600000 152773.000000
3119.870000 152492.000000
3114.300000 152307.000000
3113.190000 151521.000000
7560.400000 150795.000000
7974.510000 151332.000000
8103.640000 151735.000000
7942.230000 150818.000000
4919.900000 150994.000000
4451.250000 149246.000000
4203.010000 141638.000000
2264.930000 138766.000000
1413.340000 133013.000000
1672.710000 132515.000000
1712.790000 131958.000000
1505.730000 131139.000000
1393.300000 133196.000000
2430.800000 135776.000000
2978.490000 136502.000000
3045.280000 136622.000000
3070.890000 136631.000000
3093.150000 138301.000000
3549.560000 138671.000000
3478.320000 137125.000000
3478.320000 136021.000000
4317.660000 134503.000000
5549.970000 132085.000000
7850.950000 127467.000000
8615.710000 125223.000000
9622.040000 121612.000000
11219.500000 118658.000000
12003.200000 114167.000000
12298.200000 110605.000000
15370.600000 105934.000000
18183.600000 106025.000000
23717.300000 106172.000000
24342.900000 106328.000000
28126.700000 103910.000000
28116.700000 103892.000000
28003.100000 103868.000000
26973.400000 105404.000000
24768.200000 106403.000000
21852.700000 106047.000000
18613.300000 105987.000000
13804.300000 105998.000000
12412.800000 108859.000000
11999.800000 113895.000000
11518.900000 118070.000000
9668.790000 121349.000000
9206.820000 123206.000000
7439.060000 124562.000000
7392.310000 124562.000000
6802.320000 126319.000000
7892.130000 126753.000000
7439.060000 129039.000000
4545.870000 134262.000000
4135.100000 134830.000000
3862.370000 137335.000000
3306.880000 137473.000000
3355.860000 137388.000000
3468.300000 137179.000000
2874.960000 136326.000000
2851.590000 136348.000000
2927.280000 136912.000000
2818.190000 137141.000000
1094.970000 140285.000000
559.519000 141100.000000
-996.728000 139675.000000
-3893.260000 139118.000000
-7916.350000 141233.000000
-8760.150000 141596.000000
-9861.100000 141578.000000
-10257.400000 142856.000000
-9805.440000 144306.000000
-10595.800000 145301.000000
-10546.800000 146832.000000
-10566.900000 147111.000000
-10510.100000 149239.000000
-10482.300000 150250.000000
-10267.400000 150453.000000
-10407.700000 151292.000000
-10445.500000 148834.000000
-9743.100000 147336.000000
-9376.860000 148667.000000
-9566.100000 149796.000000
-10294.100000 150016.000000
-10438.800000 149074.000000
-10426.600000 147329.000000
-9518.230000 147369.000000
-10488.900000 147109.000000
-10446.600000 143600.000000
-10671.500000 138130.000000
-10819.600000 135253.000000
-10867.400000 135493.000000
-11161.300000 137428.000000
-11773.600000 137005.000000
-11809.200000 137034.000000
-11996.200000 137437.000000
-13831.900000 137504.000000
-14590.000000 137493.000000
-14829.300000 136041.000000
-13705.000000 135467.000000
-12976.900000 137246.000000
-12941.300000 139053.000000
-13904.200000 137678.000000
-14427.400000 137482.000000
-14607.800000 138317.000000
-15470.500000 140316.000000
-15919.100000 138849.000000
-15991.500000 137789.000000
-14867.100000 137611.000000
-14549.900000 138608.000000
-14234.800000 140383.000000
-14056.700000 142894.000000
-14042.300000 142235.000000
-12759.900000 142449.000000
-12293.400000 143825.000000
-11180.200000 144626.000000
-10953.100000 145356.000000
-12273.400000 145960.000000
-15274.600000 145283.000000
-15613.000000 146516.000000
-15587.400000 150506.000000
-16146.200000 152801.000000
-17044.500000 152797.000000
-17055.700000 152797.000000
-17236.000000 151984.000000
-16587.000000 151617.000000
-16510.200000 150960.000000
-16697.200000 149217.000000
-15430.400000 149226.000000
-14293.800000 149282.000000
-13994.400000 149273.000000
-13873.100000 149286.000000
-13820.700000 147492.000000
-12674.100000 147298.000000
-11831.500000 147307.000000
-11634.400000 146031.000000
-10347.600000 145532.000000
-10483.400000 145797.000000
-10693.800000 139419.000000
-13008.100000 139454.000000
-15478.300000 140327.000000
-15919.100000 138891.000000
-15162.100000 138103.000000
-14740.200000 138025.000000
-14391.800000 139450.000000
-13853.000000 139590.000000
-10847.400000 139599.000000
-10762.800000 141229.000000
-10706.000000 141418.000000
-18216.700000 132619.000000
-18126.600000 132575.000000
-16217.400000 134276.000000
-16471.300000 137820.000000
-10746.100000 165243.000000
-6304.440000 164107.000000
-4508.860000 164094.000000
-3569.320000 164116.000000
-3036.100000 164020.000000
-2036.450000 163159.000000
-1832.740000 162166.000000
-1951.850000 161544.000000
-1297.290000 161509.000000
-1309.540000 162742.000000
-1790.440000 163637.000000
-5321.490000 164045.000000
-14358.400000 164875.000000
-15440.400000 159160.000000
-15481.600000 158436.000000
-15545.100000 155308.000000
-15522.800000 153287.000000
-14860.500000 154171.000000
-14565.500000 154387.000000
-14308.300000 154529.000000
-14305.000000 152926.000000
-15545.100000 151728.000000
-15399.200000 149230.000000
-14695.700000 149244.000000
-14225.900000 149277.000000
-15120.900000 149097.000000
-15544.000000 147703.000000
-16505.800000 147273.000000
-18141.000000 147296.000000
-18126.600000 146928.000000
-17600.000000 147015.000000
-16996.700000 147320.000000
-16407.800000 148269.000000
-15874.600000 148282.000000
-15541.700000 148286.000000
-14788.100000 147318.000000
-13789.600000 147051.000000
-13826.300000 145980.000000
-13942.100000 144248.000000
-14032.200000 142883.000000
-14254.900000 139933.000000
-14464.200000 138993.000000
-14732.400000 137649.000000
-14881.600000 135487.000000
-15020.800000 132236.000000
-14615.600000 129914.000000
-13998.800000 129306.000000
-12624.000000 130680.000000
-13050.400000 133198.000000
-12939.100000 133911.000000
-12174.300000 135360.000000
-10844.100000 135271.000000
-10647.000000 139474.000000
-8990.580000 139488.000000
-8840.300000 141629.000000
-8792.430000 142211.000000
-8760.150000 143163.000000
-8766.830000 143649.000000
-9905.630000 144085.000000
-10545.700000 142703.000000
-10496.700000 139352.000000
-11016.600000 139407.000000
-12513.800000 139450.000000
-13395.500000 139479.000000
-15666.400000 142923.000000
-15634.100000 144827.000000
-17015.600000 144014.000000
-17154.800000 146565.000000
-16708.400000 147313.000000
-15550.600000 147198.000000
-15588.500000 144221.000000
-14336.100000 139684.000000
-14474.200000 138869.000000
-13948.800000 138308.000000
-13890.900000 139080.000000
-13879.700000 139456.000000
-14018.900000 139488.000000
-14615.600000 138259.000000
-14764.700000 137517.000000
-14866.000000 135672.000000
-14577.700000 130684.000000
-14794.800000 128429.000000
-15115.400000 127639.000000
-14970.700000 124190.000000
-14107.900000 124052.000000
-13113.900000 123248.000000
-12789.900000 123841.000000
-13966.600000 124301.000000
-15394.800000 124061.000000
-15872.400000 124277.000000
-17236.000000 125101.000000
-17405.200000 126844.000000
-18608.600000 127458.000000
-18053.100000 130159.000000
-16702.800000 135676.000000
-16852.000000 137931.000000
-17056.800000 139325.000000
-16877.600000 140541.000000
-17958.500000 141636.000000
-18427.100000 141567.000000
-18006.300000 142542.000000
-18009.700000 142580.000000
-18420.500000 142035.000000
-18168.900000 141763.000000
-17956.300000 141747.000000
-16169.600000 140988.000000
-16329.900000 135587.000000
-4732.610000 133385.000000
-4695.870000 130584.000000
-4731.500000 131056.000000
-3376.740000 134814.000000
-2973.760000 134785.000000
-3203.080000 139151.000000
-1526.610000 139116.000000
-484.658000 141823.000000
-199.680000 141411.000000
1056.000000 142522.000000
9.600250 145267.000000
-11.550400 149433.000000
-1014.540000 150067.000000
-1664.640000 148981.000000
-1601.190000 145432.000000
1197.380000 145336.000000
1035.970000 142360.000000
-255.340000 140628.000000
-256.453000 139561.000000
-180.756000 139810.000000
-512.488000 140741.000000
-1619.000000 141200.000000
-2824.590000 139180.000000
-5443.940000 139174.000000
-6630.610000 138303.000000
-594.865000 140274.000000
1255.270000 147739.000000
1443.400000 149313.000000
3801.140000 149417.000000
3668.670000 149357.000000
3118.750000 148342.000000
1255.270000 152321.000000
1231.890000 156713.000000
-1147.010000 163622.000000
-3473.590000 164127.000000
-3346.680000 164686.000000
-3347.800000 164103.000000
-983.370000 163720.000000
1284.210000 153285.000000
1284.210000 147732.000000
-1351.840000 139220.000000
-2114.380000 135905.000000
-2855.760000 138089.000000
-2854.650000 138183.000000
-2803.440000 141587.000000
-2103.240000 141318.000000
-2064.280000 141313.000000
-364.433000 141714.000000
-313.226000 141625.000000
204.409000 143836.000000
134.278000 143856.000000
-1217.140000 145301.000000
-1227.160000 145303.000000
-219.718000 142447.000000
-1665.760000 145332.000000
-4685.860000 141491.000000
-4685.860000 141482.000000
-5404.980000 139648.000000
-4537.800000 143669.000000
-1758.150000 149375.000000
-1754.810000 149542.000000
-2606.410000 153211.000000
-2358.170000 153184.000000
-2361.500000 153240.000000
-1622.340000 145430.000000
-1600.080000 145414.000000
1786.260000 144751.000000
1866.410000 144749.000000
1628.190000 144717.000000
1562.510000 144717.000000
13003.900000 106277.000000
13061.800000 106199.000000
17295.300000 105980.000000
17395.500000 105983.000000
19914.600000 106065.000000
24550.000000 106379.000000
24624.600000 106397.000000
28140.000000 103932.000000
26983.400000 105390.000000
25990.500000 106410.000000
22362.600000 106072.000000
20608.200000 106027.000000
18011.100000 105974.000000
16409.200000 105923.000000
12548.600000 107704.000000
11994.300000 113949.000000
4335.480000 138615.000000
4324.340000 138602.000000
3218.940000 137384.000000
3803.370000 138686.000000
4296.510000 138633.000000
3613.010000 138679.000000
2909.470000 142268.000000
2251.570000 142883.000000
1359.910000 143480.000000
1097.190000 145319.000000
154.316000 146948.000000
41.882900 145828.000000
-470.187000 146365.000000
-651.638000 145975.000000
-628.260000 145441.000000
-869.824000 145345.000000
-1365.200000 145332.000000
-1811.590000 145733.000000
-1689.140000 151626.000000
-2276.900000 152592.000000
-4249.480000 152697.000000
-5914.820000 152801.000000
-6144.140000 152824.000000
-7001.300000 152873.000000
-8202.440000 152875.000000
-8465.150000 152002.000000
-8487.420000 151390.000000
-9244.390000 151354.000000
-9505.990000 150090.000000
-10336.400000 149224.000000
-10502.300000 146830.000000
-10909.700000 145283.000000
-11534.200000 144383.000000
-12666.400000 142974.000000
-13289.700000 141407.000000
-13474.500000 141458.000000
-13713.900000 141783.000000
-13069.300000 141736.000000
-13525.700000 154407.000000
-12769.900000 151902.000000
-12762.100000 151450.000000
-12231.100000 150439.000000
-11833.700000 150424.000000
-12550.600000 148990.000000
-12541.700000 148560.000000
-11805.900000 147540.000000
-11794.700000 146930.000000
-11802.500000 147022.000000
-11789.200000 146374.000000
-11146.800000 144608.000000
-11202.500000 144150.000000
-11589.900000 141489.000000
-11696.800000 141015.000000
-12799.900000 140688.000000
-12680.800000 139114.000000
-12716.400000 139129.000000
-12714.200000 139134.000000
-12708.700000 139085.000000
-12134.200000 137524.000000
-11270.400000 137555.000000
-10487.800000 143842.000000
-10497.800000 144633.000000
-11595.500000 145788.000000
-12147.600000 145897.000000
-13376.600000 145864.000000
-13651.500000 145822.000000
-13890.900000 147231.000000
-13869.700000 148306.000000
-14214.800000 149319.000000
-14846.000000 149152.000000
-14554.300000 148295.000000
-14261.600000 148311.000000
-13083.800000 148266.000000
-12784.300000 148317.000000
-11841.500000 147828.000000
-11822.500000 147614.000000
-10513.400000 147345.000000
-10494.500000 145940.000000
-8779.070000 143791.000000
-8711.170000 143818.000000
-9056.260000 145450.000000
-9128.620000 146432.000000
-10175.000000 145784.000000
-10791.700000 145468.000000
-12674.100000 145953.000000
-13345.400000 145882.000000
-11327.200000 145744.000000
-10245.200000 145517.000000
-10307.500000 146078.000000
-10454.400000 145376.000000
-11369.500000 144481.000000
-12048.500000 143883.000000
-12837.800000 140746.000000
-12899.000000 139646.000000
-14557.700000 138406.000000
-14683.500000 137804.000000
-15191.100000 136342.000000
-15433.800000 136153.000000
-16030.400000 137553.000000
-15548.400000 137624.000000
-14505.300000 138991.000000
-12920.200000 139574.000000
-12845.600000 141073.000000
-12036.300000 144076.000000
-11264.800000 144606.000000
-10415.500000 145583.000000
-10424.400000 145399.000000
-11036.600000 144771.000000
-11793.600000 144257.000000
-12764.300000 141772.000000
-12882.300000 139862.000000
-12896.800000 139581.000000
-12896.800000 139574.000000
-13569.200000 139490.000000
-13640.400000 139514.000000
-13873.100000 138615.000000
-14060.100000 138101.000000
-14553.200000 138343.000000
-14492.000000 139036.000000
-14417.400000 139403.000000
-14962.900000 139966.000000
-15610.800000 145586.000000
-15619.700000 146973.000000
-15658.600000 147999.000000
-15757.700000 148269.000000
-16180.700000 146055.000000
-15975.900000 144933.000000
-15407.000000 143139.000000
-13941.000000 144662.000000
-12980.300000 147238.000000
-11788.000000 147331.000000
-10487.800000 147033.000000
-10476.700000 145693.000000
-10505.600000 145566.000000
-10160.500000 146165.000000
-9173.140000 147476.000000
-9465.910000 149057.000000
-9151.990000 150395.000000
-8614.320000 150357.000000
-8551.980000 150379.000000
-8531.940000 150602.000000
-9429.180000 151332.000000
-9571.670000 151352.000000
-10308.600000 151390.000000
-10342.000000 151410.000000
-12341.300000 151357.000000
-12334.600000 150584.000000
-11789.200000 149331.000000
-12842.200000 149355.000000
-13412.200000 147271.000000
-13820.700000 146832.000000
-15016.300000 145528.000000
-15588.500000 144424.000000
-15839.000000 139897.000000
-15738.800000 138281.000000
-14992.900000 138114.000000
-14651.200000 138199.000000
-15618.500000 144232.000000
-15600.700000 146089.000000
-15589.600000 148220.000000
-15584.000000 149896.000000
-15581.800000 150152.000000
-15586.300000 152314.000000
-15577.400000 152672.000000
-15576.200000 154638.000000
-15572.900000 155070.000000
-15577.400000 157561.000000
-15470.500000 159514.000000
-14982.900000 161847.000000
-15165.500000 161442.000000
-15393.700000 159908.000000
-15402.600000 159739.000000
-15564.000000 154269.000000
-15560.700000 151606.000000
-15604.100000 143560.000000
-15635.200000 142068.000000
-15694.200000 138248.000000
-15090.900000 138138.000000
-14778.100000 138087.000000
-14508.700000 138949.000000
-15558.400000 140503.000000
-14667.900000 139888.000000
-13866.400000 139641.000000
-13086.000000 139557.000000
-10348.700000 139492.000000
-9286.690000 139494.000000
-9645.140000 141605.000000
-9912.310000 140530.000000
-8750.130000 139454.000000
-7926.370000 139456.000000
-7402.050000 140476.000000
-7768.290000 139862.000000
-6185.330000 140886.000000
-6144.140000 142883.000000
-6599.440000 143050.000000
-7209.470000 143043.000000
-8744.560000 142680.000000
-8789.090000 141736.000000
-10238.500000 139419.000000
-13850.800000 139474.000000
-14414.100000 139120.000000
-14672.300000 137967.000000
-14831.500000 136624.000000
-14892.700000 135373.000000
-15016.300000 132595.000000
-14675.700000 129021.000000
-15104.200000 127757.000000
-15049.700000 125693.000000
-15029.700000 123925.000000
-12473.800000 123901.000000
-12150.900000 123642.000000
-11277.100000 123351.000000
-11421.800000 123300.000000
-12049.600000 123524.000000
-11490.800000 125270.000000
-10964.300000 127692.000000
-10916.400000 130126.000000
-10622.500000 133724.000000
-9691.890000 133679.000000
-10373.200000 135195.000000
-8258.100000 135117.000000
-7399.830000 139338.000000
-4642.440000 139187.000000
-256.453000 140712.000000
1273.080000 143277.000000
1230.780000 150577.000000
867.874000 152610.000000
103.109000 151550.000000
1220.760000 151535.000000
1290.890000 150555.000000
1315.380000 149446.000000
1314.260000 148542.000000
1313.150000 147158.000000
702.007000 147004.000000
40.769700 146884.000000
31.864200 144726.000000
569.537000 143787.000000
95.316300 142538.000000
3027.470000 136825.000000
5961.850000 131341.000000
7071.710000 129442.000000
8828.330000 124595.000000
9394.950000 122529.000000
11667.000000 117678.000000
12008.700000 114047.000000
12515.200000 108058.000000
13822.100000 106027.000000
17047.000000 105976.000000
18494.200000 106049.000000
18723.500000 106181.000000
18721.300000 106192.000000
18711.300000 106190.000000
18777.000000 106116.000000
19879.000000 106043.000000
21122.500000 106063.000000
25052.000000 106439.000000
27022.400000 105362.000000
28454.000000 103164.000000
28144.500000 103930.000000
28155.600000 103877.000000
28122.200000 103910.000000
28118.900000 103910.000000
28261.400000 103389.000000
28177.900000 103340.000000
28140.000000 103888.000000
28143.400000 105255.000000
33713.800000 109418.000000
33696.000000 109685.000000
33483.400000 110881.000000
33378.700000 111037.000000
33556.800000 110847.000000
33529.000000 110714.000000
33484.500000 110879.000000
33506.700000 110910.000000
33553.500000 110794.000000
33660.400000 109794.000000
31874.800000 109280.000000
30697.000000 104983.000000
28492.900000 104199.000000
28082.100000 103897.000000
24042.400000 106223.000000
17962.100000 105976.000000
15747.900000 105885.000000
12362.700000 109540.000000
12153.400000 112092.000000
11683.700000 117542.000000
10796.500000 119248.000000
8904.030000 124286.000000
7626.080000 124549.000000
5954.060000 127040.000000
2302.780000 127532.000000
1875.310000 127663.000000
1906.480000 130555.000000
1933.200000 131611.000000
2565.500000 133187.000000
2266.050000 133283.000000
2679.040000 132621.000000
2596.670000 132488.000000
3738.800000 131027.000000
4571.470000 130580.000000
4971.110000 130025.000000
4688.360000 130406.000000
3286.850000 130900.000000
2587.760000 130809.000000
1914.280000 129810.000000
1906.480000 128834.000000
-3026.080000 127307.000000
-5403.870000 127240.000000
-11571.000000 127076.000000
-13821.800000 127726.000000
-18604.100000 127608.000000
-18801.200000 127169.000000
-20169.300000 124043.000000
-20829.400000 122961.000000
-21795.700000 120160.000000
-22394.600000 117738.000000
-24145.600000 116551.000000
-25581.600000 116979.000000
-31372.500000 117006.000000
-33073.400000 117006.000000
-35155.100000 113470.000000
-35307.600000 111212.000000
-37045.300000 108376.000000
-38023.800000 108245.000000
-37387.100000 108824.000000
-37167.800000 108953.000000
-35321.000000 110881.000000
-35159.600000 113557.000000
-33194.800000 119243.000000
-31323.500000 120428.000000
-28016.200000 122503.000000
-26956.400000 123088.000000
-23088.100000 122064.000000
-22402.400000 122039.000000
-20599.000000 125250.000000
-20596.800000 125285.000000
-19385.600000 125911.000000
-18718.800000 127403.000000
-16943.200000 126759.000000
-15539.500000 126454.000000
-14725.800000 128863.000000
-14948.400000 130938.000000
-14959.500000 134158.000000
-14943.900000 135318.000000
-14321.700000 133955.000000
-13372.100000 133911.000000
-12243.300000 134754.000000
-11224.800000 135244.000000
-5604.240000 134910.000000
-3618.300000 134801.000000
1266.400000 137515.000000
2322.820000 138154.000000
3974.800000 134329.000000
3053.080000 133165.000000
2106.860000 133737.000000
2751.400000 133029.000000
2557.700000 132537.000000
3726.560000 134064.000000
4172.950000 134627.000000
3246.770000 136607.000000
1738.390000 139330.000000
-1922.910000 143693.000000
-1866.130000 146291.000000
-2406.030000 147616.000000
-2362.620000 147930.000000
-1726.980000 152606.000000
-2554.090000 152592.000000
-5658.790000 152781.000000
-6416.870000 152837.000000
-9147.540000 152895.000000
-11060.000000 152877.000000
-15546.200000 152821.000000
-17191.500000 152795.000000
-18285.800000 152862.000000
-18430.500000 152806.000000
-18344.800000 149130.000000
-15607.400000 152180.000000
-15539.500000 151372.000000
-14231.500000 149290.000000
-14121.300000 149587.000000
-14074.500000 149578.000000
-14081.200000 149544.000000
-14338.400000 148558.000000
-14508.700000 148164.000000
-14140.200000 147899.000000
-14060.100000 147830.000000
-13861.900000 147302.000000
-13798.500000 146202.000000
-8831.390000 145486.000000
-8386.120000 145804.000000
-7387.580000 145468.000000
-6343.400000 145851.000000
-6040.610000 145608.000000
-6271.050000 144330.000000
-4345.220000 143606.000000
-2260.200000 143455.000000
-1847.210000 149028.000000
-1721.420000 149152.000000
-726.222000 149319.000000
-873.163000 149175.000000
-1834.960000 144277.000000
-6057.310000 143557.000000
-6267.710000 145103.000000
-6033.930000 146053.000000
-6264.370000 144717.000000
-9462.580000 144170.000000
-10719.400000 145503.000000
-14854.900000 145626.000000
-15594.100000 144330.000000
-15249.000000 141828.000000
-14812.600000 142440.000000
-13863.000000 142970.000000
-13293.100000 142923.000000
-14319.400000 139688.000000
-14994.000000 139975.000000
-16716.200000 141177.000000
-18007.500000 142202.000000
-18097.600000 142818.000000
-17994.100000 142587.000000
-18001.900000 142511.000000
-17952.900000 141736.000000
-17494.300000 141567.000000
-16411.100000 141162.000000
-13149.500000 139472.000000
-11162.400000 139465.000000
-10659.300000 137486.000000
-9440.310000 137464.000000
-9733.080000 139383.000000
-11547.600000 139419.000000
-15528.400000 140438.000000
-15419.300000 140639.000000
-14269.400000 140133.000000
-14182.500000 141166.000000
-13993.300000 144087.000000
-13890.900000 145708.000000
-15592.900000 147561.000000
-15587.400000 150613.000000
-15338.000000 152797.000000
-15576.200000 153416.000000
-15523.900000 153928.000000
-15528.400000 153672.000000
-14401.800000 154391.000000
-14325.000000 154879.000000
-14329.500000 154876.000000
-14319.400000 154881.000000
-14332.800000 154881.000000
-14323.900000 154647.000000
-11932.800000 152913.000000
-11096.700000 152944.000000
-10382.100000 150800.000000
-10468.900000 147837.000000
-6294.420000 143687.000000
-6265.480000 144399.000000
-6283.290000 144163.000000
-6036.160000 145657.000000
-6266.590000 144479.000000
-6104.070000 142355.000000
-5088.830000 141812.000000
-4704.780000 143112.000000
-5825.770000 143595.000000
-8755.700000 142731.000000
-8949.390000 142767.000000
-12586.200000 124388.000000
-14515.400000 123927.000000
-15608.500000 126421.000000
-16385.500000 126610.000000
-15061.900000 128004.000000
-14680.100000 129594.000000
-15021.900000 133013.000000
-14368.400000 133957.000000
-14289.400000 135162.000000
-13683.800000 135948.000000
-12952.400000 137508.000000
-11453.000000 137504.000000
-10614.700000 135209.000000
-7805.030000 135024.000000
-3374.510000 134819.000000
-3140.740000 134797.000000
-164.058000 133078.000000
942.458000 130433.000000
1913.160000 128347.000000
2638.970000 126808.000000
5256.090000 127053.000000
5159.240000 126452.000000
6502.870000 126978.000000
6747.770000 125370.000000
8847.250000 124500.000000
7488.040000 128512.000000
4631.590000 133884.000000
4215.250000 134641.000000
-4.871280 146579.000000
1198.490000 151192.000000
1201.830000 155676.000000
1954.350000 157987.000000
2193.690000 158243.000000
2074.580000 158038.000000
1343.210000 157904.000000
960.269000 162008.000000
-1124.750000 163611.000000
-424.546000 166587.000000
-342.169000 169477.000000
622.971000 175186.000000
-1995.260000 175880.000000
-3358.930000 176103.000000
-3431.290000 176468.000000
-3027.200000 176590.000000
-4009.030000 175593.000000
-4376.390000 175604.000000
-6528.190000 176085.000000
-7892.970000 177054.000000
-7643.610000 176034.000000
-8723.410000 174791.000000
-8882.600000 169551.000000
-9452.560000 166545.000000
-8913.770000 166563.000000
-8776.850000 165559.000000
-8441.780000 161622.000000
-6863.270000 160941.000000
-5233.550000 162684.000000
-4624.630000 163782.000000
-6316.690000 163263.000000
-5853.600000 162533.000000
-5879.200000 161740.000000
-6240.990000 162230.000000
-5679.940000 162237.000000
-4817.210000 163537.000000
-4878.440000 162275.000000
-4055.790000 162932.000000
-4000.130000 165042.000000
-2503.990000 164733.000000
-1289.500000 163065.000000
-10162.800000 147316.000000
-545.884000 157786.000000
-1749.250000 148518.000000
-1829.400000 144375.000000
-5238.000000 143589.000000
-7360.860000 143613.000000
-8720.070000 143379.000000
-7661.430000 143907.000000
-5130.020000 145434.000000
-3744.090000 145457.000000
-1195.990000 145401.000000
-1242.740000 145207.000000
-532.526000 142981.000000
579.556000 141151.000000
2536.550000 137727.000000
3615.240000 135770.000000
5023.430000 133158.000000
6314.740000 130774.000000
8162.640000 126572.000000
9064.330000 123870.000000
9558.590000 121884.000000
11540.100000 118096.000000
11960.900000 114641.000000
12431.700000 108953.000000
13595.000000 106038.000000
16663.000000 105958.000000
18611.100000 106032.000000
18769.200000 106139.000000
18219.200000 106386.000000
18243.700000 106005.000000
19339.100000 105651.000000
25920.300000 106437.000000
28104.400000 103917.000000
28118.900000 103917.000000
28127.800000 103903.000000
27998.700000 103865.000000
26823.100000 105655.000000
24251.600000 106283.000000
20814.100000 106032.000000
17674.900000 105954.000000
14399.900000 105963.000000
12438.400000 108634.000000
11638.000000 117725.000000
10042.800000 120223.000000
9092.160000 123700.000000
8121.450000 126575.000000
6378.190000 130607.000000
5116.940000 132891.000000
3990.390000 135037.000000
4216.360000 136480.000000
3908.010000 137203.000000
3790.010000 137426.000000
2784.800000 139281.000000
1513.530000 141572.000000
1270.850000 146443.000000
549.500000 148427.000000
78.618300 149355.000000
-1041.260000 149110.000000
-2638.690000 149037.000000
-3653.920000 148656.000000
-3709.580000 145668.000000
-3852.070000 145401.000000
-4665.820000 143426.000000
-4705.890000 141387.000000
-6035.050000 141799.000000
-6170.860000 139913.000000
-6272.160000 139149.000000
-7289.620000 138308.000000
-7226.170000 138345.000000
-7055.850000 138321.000000
-7642.500000 137384.000000
-8977.220000 131753.000000
-10437.700000 127815.000000
-10889.700000 125577.000000
-10466.700000 124629.000000
-10436.600000 125486.000000
-11188.000000 125637.000000
-10630.300000 127599.000000
-9426.950000 130620.000000
-8875.920000 132163.000000
-7751.590000 136907.000000
-7428.770000 136694.000000
-7041.380000 136687.000000
-6934.510000 137379.000000
-6645.080000 139249.000000
-7835.080000 140009.000000
-7918.570000 143068.000000
-6507.040000 143635.000000
-3552.620000 143575.000000
-1056.840000 143522.000000
963.608000 142386.000000
1592.560000 143366.000000
2303.890000 145054.000000
2739.150000 146078.000000
3097.600000 147033.000000
3112.070000 149297.000000
3099.830000 151873.000000
3076.450000 152610.000000
3021.910000 156266.000000
2274.950000 157956.000000
1217.420000 157982.000000
-168.511000 163568.000000
-3637.230000 164036.000000
-5598.680000 164806.000000
-5510.730000 168702.000000
-5435.040000 172002.000000
-5671.030000 173164.000000
-5366.020000 171655.000000
-5435.040000 168992.000000
-5506.280000 166302.000000
-5549.700000 164782.000000
-5226.870000 160845.000000
-3236.480000 160972.000000
-3256.510000 158256.000000
-1762.610000 158056.000000
473.803000 158011.000000
1157.300000 158025.000000
1257.490000 156560.000000
969.174000 155930.000000
-2126.620000 155903.000000
-3430.170000 156001.000000
-3924.430000 155195.000000
-1100880.000000 155195.000000
-2886.930000 155210.000000
-2508.450000 155916.000000
-1407.500000 156016.000000
-1858.340000 155945.000000
-3115.140000 156032.000000
-4170.450000 156094.000000
-6643.970000 156789.000000
-7114.850000 156838.000000
-7516.710000 156865.000000
-9625.100000 158550.000000
-9626.210000 157967.000000
-9644.030000 156998.000000
-11289.300000 155696.000000
-10429.900000 152356.000000
4154.020000 135048.000000
7990.090000 128627.000000
8113.660000 126730.000000
9491.790000 122126.000000
11367.500000 118413.000000
11995.400000 116903.000000
12205.800000 116645.000000
11962.000000 117760.000000
11490.000000 118154.000000
9919.260000 120577.000000
9323.700000 122667.000000
7286.560000 128997.000000
7095.090000 129338.000000
4215.250000 134632.000000
4756.260000 140156.000000
4838.640000 140262.000000
3221.170000 142259.000000
3084.240000 142355.000000
1246.360000 146182.000000
1244.130000 146714.000000
1327.620000 146069.000000
1312.040000 145626.000000
-1035.690000 145236.000000
-1045.710000 145111.000000
-2186.730000 143433.000000
-2457.240000 143453.000000
-4606.820000 143571.000000
-4946.340000 143578.000000
-4727.040000 143094.000000
-4715.910000 143177.000000
-9001.710000 143796.000000
-9315.630000 144052.000000
-11361.700000 143101.000000
-11402.900000 142774.000000
-12670.800000 141572.000000
-10638.100000 141638.000000
-10639.200000 141832.000000
-10531.200000 147318.000000
-10529.000000 147846.000000
-11072.300000 154885.000000
-11259.300000 154912.000000
-14516.500000 155219.000000
-14459.700000 155233.000000
-13919.800000 155889.000000
-14093.500000 155936.000000
-15531.700000 156773.000000
-15530.600000 156457.000000
-15365.800000 152808.000000
-15648.600000 152815.000000
-16474.600000 152160.000000
-16473.500000 151871.000000
-15871.200000 147333.000000
-15516.100000 145196.000000
-15325.800000 145359.000000
-12208.800000 146027.000000
-11949.500000 145998.000000
-7886.290000 141387.000000
-7857.350000 140846.000000
-8423.960000 131911.000000
-8334.910000 131902.000000
-8898.190000 128313.000000
-8700.040000 128327.000000
-7811.710000 133508.000000
-7916.350000 133530.000000
-6974.580000 135812.000000
-6965.680000 136135.000000
-4737.060000 133434.000000
-4778.250000 133439.000000
-4776.020000 133516.000000
-4762.670000 133746.000000
-7518.940000 134970.000000
-7829.520000 134995.000000
-15324.700000 135473.000000
-15745.400000 135500.000000
-19537.000000 144112.000000
-19570.400000 144691.000000
-20502.100000 155128.000000
-20855.000000 155128.000000
-20635.700000 155286.000000
-20635.700000 155239.000000
-19685.000000 152857.000000
-19682.800000 152859.000000
-19558.100000 145029.000000
-19531.400000 144461.000000
-18028.600000 141752.000000
-18057.600000 141636.000000
-20860.600000 138152.000000
-21004.200000 137820.000000
-21468.400000 131388.000000
-21473.900000 131221.000000
-21935.900000 129952.000000
-21931.500000 129985.000000
-20152.600000 131005.000000
-19532.500000 131524.000000
-17672.400000 132637.000000
-17057.900000 133897.000000
-14980.700000 135545.000000
-14756.900000 135529.000000
-13017.000000 136079.000000
-13580.300000 137435.000000
-12671.900000 143110.000000
-11339.400000 143350.000000
-11448.500000 142491.000000
-10947.600000 145336.000000
-10499.000000 145681.000000
-11026.600000 144749.000000
-11365.000000 142983.000000
-12117.500000 140338.000000
-12716.400000 140685.000000
-11361.700000 139494.000000
-9500.420000 139483.000000
-8968.320000 141592.000000
-10013.600000 141585.000000
-10575.800000 142792.000000
-10533.500000 146632.000000
-9172.030000 147320.000000
-8491.870000 147258.000000
-6369.010000 147080.000000
-5089.950000 147086.000000
-4895.140000 149090.000000
-4464.330000 150377.000000
-4369.710000 150003.000000
-4561.180000 148424.000000
-4622.400000 146169.000000
-4659.140000 144107.000000
-6281.060000 143593.000000
-9027.320000 143814.000000
-10605.800000 140579.000000
-11260.400000 139381.000000
-12953.600000 137626.000000
-12956.900000 138949.000000
-13817.400000 139583.000000
-12391.400000 139508.000000
-9704.140000 139490.000000
-10118.200000 139396.000000
-15038.600000 140042.000000
-15621.900000 144065.000000
-15579.600000 151350.000000
-17108.000000 152795.000000
-17666.800000 152764.000000
-18103.200000 152216.000000
-18428.200000 150415.000000
-18537.300000 149066.000000
-18059.800000 149152.000000
-16613.700000 149190.000000
-16580.300000 148576.000000
-16319.900000 146534.000000
-15728.700000 145187.000000
-15633.000000 147129.000000
-15673.100000 141879.000000
-15792.200000 140672.000000
-15834.500000 141649.000000
-15676.400000 141883.000000
-15190.000000 143041.000000
-14214.800000 141850.000000
-14143.600000 141923.000000
-13893.100000 145784.000000
-13997.700000 145804.000000
-15595.200000 151247.000000
-15598.500000 151541.000000
-16732.900000 156751.000000
-16734.000000 156753.000000
-15913.500000 156758.000000
-15420.400000 155046.000000
-15342.500000 152895.000000
-15565.100000 147048.000000
-15582.900000 143738.000000
-14423.000000 142600.000000
-14060.100000 142391.000000
-11550.900000 141565.000000
-10668.200000 141596.000000
-8333.800000 141669.000000
-8295.950000 141832.000000
-6234.310000 140465.000000
-5664.350000 140429.000000
-10550.200000 145608.000000
-10467.800000 149515.000000
-12093.100000 154979.000000
-12678.600000 155063.000000
-14214.800000 155072.000000
-14331.700000 154914.000000
-13293.100000 155210.000000
-11132.400000 155026.000000
-2997.140000 153681.000000
-2598.620000 151766.000000
-2643.140000 149974.000000
-2682.110000 147048.000000
-1218.250000 147035.000000
580.669000 146746.000000
585.122000 145423.000000
34.090500 143880.000000
-1248.310000 145334.000000
-2688.780000 145368.000000
-3729.620000 144884.000000
599.594000 141707.000000
865.647000 140741.000000
5181.500000 132811.000000
7474.690000 128585.000000
8526.650000 125493.000000
11527.800000 118108.000000
12101.100000 112891.000000
15077.800000 105940.000000
17584.700000 105989.000000
18780.300000 106119.000000
24553.300000 106390.000000
25634.200000 106457.000000
28121.100000 103912.000000
28124.500000 103905.000000
28131.100000 103917.000000
28088.800000 103908.000000
26632.800000 105963.000000
24744.800000 106408.000000
21310.600000 106045.000000
18593.300000 106003.000000
14779.500000 105938.000000
12943.800000 106337.000000
12043.200000 113377.000000
11767.200000 116687.000000
9548.570000 121790.000000
8712.560000 124451.000000
6776.710000 126016.000000
5615.650000 127104.000000
2535.440000 126862.000000
1854.160000 128193.000000
1993.310000 130900.000000
2567.720000 131499.000000
2532.100000 132523.000000
2528.760000 132532.000000
2510.950000 132546.000000
2529.870000 132552.000000
2526.530000 132552.000000
2347.310000 134812.000000
2327.270000 135665.000000
1915.390000 138795.000000
1009.250000 140423.000000
-1177.070000 143858.000000
-1623.460000 144533.000000
-4822.780000 143555.000000
-5893.670000 143404.000000
-4858.400000 143008.000000
-4689.200000 143771.000000
-2775.610000 145403.000000
-1643.490000 145376.000000
-933.276000 145285.000000
-1204.900000 145319.000000
-3146.310000 143471.000000
-3764.130000 143232.000000
-2938.140000 143439.000000
-4209.410000 143555.000000
-9402.460000 144116.000000
-10581.300000 145205.000000
-15118.700000 145430.000000
-16387.800000 144444.000000
-19387.800000 144076.000000
-19621.600000 144254.000000
-20428.700000 148852.000000
-20453.100000 148899.000000
-21412.700000 149021.000000
-21886.900000 148732.000000
-24397.200000 148936.000000
-24813.500000 148919.000000
-27924.900000 148968.000000
-28035.100000 148968.000000
-30630.000000 149219.000000
-30882.700000 149244.000000
-32150.600000 149005.000000
-32354.300000 147901.000000
-32379.900000 147928.000000
-32166.200000 149627.000000
-29374.300000 152870.000000
-28533.800000 152866.000000
-26654.800000 153712.000000
-26651.400000 154186.000000
-27048.800000 156682.000000
-27156.800000 156651.000000
-25863.300000 163270.000000
-25385.700000 165899.000000
-23701.500000 169279.000000
-24820.200000 167068.000000
-24333.700000 165777.000000
-24491.800000 165942.000000
-24566.400000 166031.000000
-24780.100000 166273.000000
-24841.400000 166340.000000
-24997.200000 166438.000000
-25195.400000 166523.000000
-26916.400000 167093.000000
-26778.300000 169234.000000
-27098.900000 171946.000000
-27166.800000 172614.000000
-27273.700000 173616.000000
-27143.400000 172489.000000
-26750.500000 169439.000000
-26847.300000 167422.000000
-24917.100000 166592.000000
-24476.200000 166040.000000
-22060.600000 165314.000000
-21220.100000 165619.000000
-20636.800000 162671.000000
-20476.500000 162315.000000
-19112.900000 160598.000000
-18628.600000 160177.000000
-15955.800000 158336.000000
-15482.700000 157550.000000
-15558.400000 153173.000000
-15568.400000 150573.000000
-15656.400000 142395.000000
-15308.000000 140291.000000
-10637.000000 139563.000000
-10767.200000 137450.000000
-11962.800000 137377.000000
-12136.500000 136845.000000
-12126.500000 136865.000000
-10773.900000 135923.000000
-10772.800000 137377.000000
-8979.450000 136511.000000
-8961.640000 137386.000000
-8875.920000 140717.000000
-9275.560000 141576.000000
-10034.800000 143862.000000
-10360.900000 144631.000000
-11276.000000 145641.000000
-12369.100000 145915.000000
-13828.500000 145777.000000
-13938.700000 144259.000000
-12881.200000 142894.000000
-12258.900000 143862.000000
-12047.400000 143802.000000
-12069.700000 143811.000000
-12681.900000 142890.000000
-12767.700000 141772.000000
-11450.700000 142498.000000
-11338.300000 143279.000000
-11165.800000 145612.000000
-11405.100000 145806.000000
-9634.010000 145497.000000
-9595.050000 145915.000000
-9522.690000 145488.000000
-8730.090000 145472.000000
-10142.700000 145494.000000
-10575.800000 145989.000000
-10511.200000 148313.000000
-10760.600000 149228.000000
-10677.100000 149335.000000
-10384.300000 145610.000000
-9617.310000 145514.000000
-9261.090000 144341.000000
-9636.230000 144922.000000
-10895.300000 145425.000000
-10898.600000 145421.000000
-11298.200000 143444.000000
-11855.900000 143742.000000
-12712.000000 142538.000000
-12283.400000 141663.000000
-10235.100000 141645.000000
-9359.050000 141645.000000
-8431.760000 139465.000000
-7840.650000 139844.000000
-7842.880000 139879.000000
-7891.860000 141407.000000
-7748.260000 139608.000000
-11735.700000 139432.000000
-13505.700000 139492.000000
-15589.600000 147879.000000
-14851.600000 152964.000000
-14854.900000 154298.000000
-15536.200000 153875.000000
-15176.600000 152888.000000
-14296.100000 154908.000000
-14320.600000 154901.000000
-13962.100000 152882.000000
-12610.700000 152873.000000
-8755.700000 152928.000000
-7885.180000 152957.000000
-6246.560000 152853.000000
-4979.740000 152790.000000
-2784.520000 152715.000000
-1612.320000 152634.000000
2165.860000 152692.000000
3044.170000 152986.000000
3041.940000 153714.000000
3256.790000 156043.000000
4369.980000 156624.000000
