-13924.300000 137192.000000
-13674.900000 135600.000000
-13126.100000 135409.000000
-4771.570000 133957.000000
-6522.630000 134906.000000
-6552.680000 134906.000000
-18610.800000 137680.000000
-18087.600000 141186.000000
-18083.200000 141206.000000
-16026.000000 135618.000000
-15891.300000 135598.000000
-8870.360000 135079.000000
-1607.870000 134668.000000
-1335.140000 134712.000000
3602.990000 137308.000000
4489.100000 136673.000000
3865.710000 137357.000000
2273.840000 140066.000000
2194.800000 140294.000000
626.310000 142765.000000
1208.510000 142175.000000
1292.000000 142026.000000
3703.180000 137624.000000
3458.280000 139628.000000
3404.840000 139715.000000
2476.440000 152683.000000
2577.740000 152688.000000
20.732200 151684.000000
11.826600 149676.000000
-679.467000 148513.000000
-1512.140000 147053.000000
-1515.480000 147048.000000
-696.165000 146064.000000
-651.638000 145864.000000
-2621.990000 145392.000000
-2648.710000 145390.000000
-3748.550000 143675.000000
-3750.770000 143649.000000
-6135.240000 141327.000000
-6137.460000 141280.000000
-7080.340000 139294.000000
-7094.810000 139298.000000
-9664.060000 139410.000000
-10827.400000 138544.000000
-11898.200000 139363.000000
-11919.400000 139363.000000
-12460.400000 137882.000000
-12153.200000 136484.000000
-12213.300000 134821.000000
-12277.800000 133997.000000
-12282.300000 133988.000000
-12338.000000 132114.000000
-12242.200000 131152.000000
-12319.000000 131428.000000
-12975.800000 133795.000000
-13053.700000 133779.000000
-14851.600000 128307.000000
-14933.900000 128155.000000
-15296.800000 125428.000000
-16794.100000 121309.000000
-16853.100000 120991.000000
-16633.800000 121910.000000
-15446.000000 124139.000000
-13760.600000 125070.000000
-13746.100000 125003.000000
-12883.400000 124186.000000
-12838.900000 124175.000000
-12548.400000 125366.000000
-12405.900000 125372.000000
-11214.700000 125987.000000
-11132.400000 126214.000000
-11860.400000 129638.000000
-11899.400000 129787.000000
-12502.700000 132276.000000
-12500.500000 132408.000000
-13574.700000 132441.000000
-13587.000000 132243.000000
-14347.300000 133937.000000
-14568.800000 133948.000000
-14931.700000 135313.000000
-14805.900000 137388.000000
-14797.000000 137426.000000
-14407.400000 139367.000000
-11681.200000 139470.000000
-11559.800000 139468.000000
-10559.100000 145550.000000
-10553.500000 145590.000000
-10511.200000 146585.000000
-10513.400000 146637.000000
-10976.500000 148246.000000
-11163.500000 148242.000000
-11219.200000 148311.000000
-12574.000000 148222.000000
-12577.300000 148220.000000
-12765.400000 148228.000000
-12772.100000 148231.000000
-13731.700000 146723.000000
-13845.200000 146661.000000
-13854.100000 145786.000000
-13867.500000 145501.000000
-14165.800000 141135.000000
-14174.700000 140948.000000
-14247.100000 139991.000000
-14115.700000 139599.000000
-11705.700000 139461.000000
-11622.200000 139463.000000
-9981.320000 139443.000000
-9843.290000 139443.000000
-6098.500000 139267.000000
-2168.920000 139053.000000
-2163.360000 139053.000000
-720.656000 140095.000000
-651.638000 140184.000000
1276.420000 144092.000000
1265.280000 146278.000000
1292.000000 144840.000000
2769.210000 137281.000000
2895.000000 137048.000000
3109.850000 134995.000000
2879.420000 134681.000000
2589.990000 131257.000000
1403.320000 132461.000000
1395.530000 132682.000000
2423.010000 135767.000000
2476.440000 135834.000000
2965.130000 138947.000000
2870.510000 139118.000000
922.420000 142620.000000
871.213000 142716.000000
101.995000 143889.000000
91.976700 143891.000000
2.921090 148184.000000
0.694696 148478.000000
-1616.780000 149010.000000
-1676.890000 148999.000000
-2714.390000 146300.000000
-2718.840000 146120.000000
-3724.060000 145316.000000
-3726.280000 145201.000000
-4623.520000 143493.000000
-4696.990000 142340.000000
-4776.020000 138134.000000
-4788.270000 137914.000000
-4554.500000 136293.000000
-4506.630000 136159.000000
-4802.740000 138862.000000
-6167.520000 141059.000000
-6159.730000 141358.000000
-6195.350000 143068.000000
-6147.480000 143059.000000
-6234.310000 137495.000000
-6234.310000 137488.000000
-4748.190000 134405.000000
-4755.990000 134133.000000
-3650.580000 132626.000000
-3647.250000 132575.000000
-3638.340000 132167.000000
-3689.550000 135781.000000
-3302.150000 136491.000000
-3302.150000 136319.000000
-2977.100000 134779.000000
-2866.900000 134772.000000
1649.340000 138089.000000
1767.340000 138281.000000
2170.310000 136549.000000
3060.870000 138252.000000
3169.960000 138388.000000
1194.040000 142188.000000
1077.150000 142360.000000
7.373870 143947.000000
15.166200 144070.000000
-1231.610000 145325.000000
-1272.800000 145350.000000
-3400.120000 143506.000000
-3600.490000 143522.000000
-4860.630000 141342.000000
-4976.400000 141342.000000
-4597.910000 140703.000000
-4651.350000 143446.000000
-4975.290000 140761.000000
-4978.630000 140690.000000
-3904.390000 139198.000000
-3746.320000 139187.000000
-3508.100000 142627.000000
-3129.610000 141316.000000
-2900.290000 141313.000000
-1273.910000 140730.000000
-1203.780000 140826.000000
-988.936000 139790.000000
-841.994000 139982.000000
-1198.220000 137499.000000
-1331.800000 137448.000000
-1487.650000 136676.000000
-1577.820000 136987.000000
-2526.260000 140672.000000
-2865.780000 137001.000000
-3038.330000 134672.000000
22.958600 135863.000000
284.559000 136206.000000
4403.380000 143399.000000
5051.260000 147084.000000
5115.830000 147376.000000
6532.920000 147808.000000
6548.510000 147734.000000
4529.170000 146973.000000
4500.230000 146975.000000
3115.410000 148050.000000
1307.590000 147955.000000
1310.930000 147670.000000
1325.400000 143591.000000
-283.170000 140612.000000
-324.358000 140552.000000
-2845.740000 137776.000000
-2843.520000 137709.000000
-3392.320000 134692.000000
-3554.850000 134703.000000
-5295.890000 134819.000000
-13231.900000 135340.000000
-13595.900000 135364.000000
-16608.200000 135157.000000
-16239.700000 134314.000000
-16204.100000 132797.000000
-14945.100000 128126.000000
-15074.200000 127895.000000
-14985.100000 123892.000000
-14770.300000 123881.000000
-12155.400000 123627.000000
-12253.400000 119092.000000
-12224.400000 119078.000000
-8662.190000 118589.000000
-8499.660000 118562.000000
-6027.260000 117259.000000
-5815.750000 117244.000000
-4594.570000 117141.000000
-4193.820000 117135.000000
-4163.770000 117137.000000
-472.413000 114145.000000
-265.359000 114062.000000
4227.500000 111172.000000
4501.340000 111152.000000
10247.700000 109939.000000
12675.500000 107232.000000
12783.500000 106853.000000
18702.400000 106103.000000
18722.400000 106170.000000
18742.400000 106214.000000
18723.500000 106183.000000
18770.300000 106096.000000
21238.200000 105119.000000
21280.500000 105428.000000
21273.800000 105972.000000
25569.700000 106459.000000
26657.300000 105949.000000
33163.900000 103665.000000
34070.000000 102216.000000
40548.800000 99047.500000
41394.800000 98905.000000
42712.900000 98386.300000
42719.500000 97778.400000
42719.500000 97791.800000
42811.900000 97834.100000
42649.400000 97745.100000
41350.300000 98880.500000
32949.000000 103908.000000
28972.700000 104391.000000
20192.900000 106032.000000
14161.600000 105974.000000
8996.420000 106437.000000
9197.910000 104685.000000
9823.530000 104645.000000
8216.070000 105978.000000
8230.540000 109981.000000
4201.890000 111164.000000
2948.430000 112259.000000
283.446000 113880.000000
-657.203000 114283.000000
-1610.100000 116968.000000
-3864.320000 119325.000000
-4212.750000 120655.000000
-3616.080000 126022.000000
-3724.060000 133289.000000
-3243.160000 136812.000000
-2841.290000 138831.000000
-2821.250000 140066.000000
-2792.310000 142654.000000
-2775.610000 143353.000000
-1875.040000 144446.000000
-1524.380000 147810.000000
-1623.460000 147033.000000
-771.863000 147015.000000
-647.185000 145924.000000
-1295.060000 145350.000000
-1762.610000 145301.000000
-3930.000000 143560.000000
-6382.360000 143618.000000
-8508.570000 143658.000000
-8916.000000 143751.000000
-9931.230000 144444.000000
-10561.300000 144924.000000
-10757.200000 146118.000000
-11148.000000 146280.000000
-9790.970000 145494.000000
-9576.120000 145483.000000
-10103.800000 146334.000000
-10522.300000 148186.000000
-10460.000000 150290.000000
-10424.400000 153839.000000
-11301.600000 156159.000000
-11400.600000 163021.000000
-11614.400000 166741.000000
-9605.060000 169869.000000
-6686.270000 169711.000000
-5423.900000 171581.000000
-5372.700000 173723.000000
-3701.790000 175660.000000
-3449.100000 178167.000000
-3872.110000 178193.000000
-3548.170000 176524.000000
-3715.150000 175573.000000
-5297.000000 174921.000000
-5340.410000 173153.000000
-5404.980000 170677.000000
-5607.580000 169544.000000
-9980.210000 169822.000000
-11532.000000 165481.000000
-11508.600000 165053.000000
-11407.300000 163432.000000
-11336.100000 162259.000000
-12429.200000 161565.000000
-13192.900000 161239.000000
-13337.600000 160554.000000
-12666.400000 160503.000000
-13047.100000 160485.000000
-13427.800000 160565.000000
-13576.900000 160552.000000
-14379.600000 159494.000000
-14732.400000 159659.000000
-14751.400000 158784.000000
-14759.200000 158786.000000
-14718.000000 161596.000000
-13330.900000 161613.000000
-13280.800000 161609.000000
-13884.200000 161556.000000
-14085.700000 161562.000000
-14338.400000 160892.000000
-14348.400000 160656.000000
-14357.300000 161596.000000
-14702.400000 161631.000000
-14032.200000 161629.000000
-13233.000000 161634.000000
-8882.600000 161211.000000
-7924.140000 161068.000000
-3584.910000 160961.000000
-2852.420000 160899.000000
-57.191400 157956.000000
330.200000 157962.000000
653.027000 159115.000000
643.008000 159768.000000
1731.710000 159810.000000
1952.130000 160010.000000
1932.090000 160033.000000
1927.640000 160035.000000
1377.720000 159815.000000
-512.488000 158343.000000
-676.128000 155909.000000
-2472.820000 155954.000000
-3523.680000 155462.000000
-3553.740000 153249.000000
-2587.480000 152904.000000
-1998.600000 153178.000000
-1821.610000 152666.000000
-1674.660000 152557.000000
-2597.500000 152274.000000
-2694.350000 151047.000000
-3680.640000 151103.000000
-4377.500000 150537.000000
-4394.200000 148961.000000
-4614.610000 147138.000000
-6391.270000 147055.000000
-7884.060000 147166.000000
-10396.500000 147282.000000
-10512.300000 146521.000000
-10519.000000 146527.000000
-10520.100000 146530.000000
-10516.800000 146527.000000
-10512.300000 146523.000000
-10122.700000 144611.000000
-8045.480000 143517.000000
-7599.090000 139269.000000
-8527.490000 139336.000000
-8926.020000 139505.000000
-8761.260000 142923.000000
-8727.870000 143593.000000
-7469.960000 144134.000000
-6092.930000 145550.000000
-6021.690000 146942.000000
-5731.150000 148204.000000
-5339.300000 149313.000000
-4624.630000 151114.000000
-4115.900000 151043.000000
-4026.840000 152171.000000
-3614.960000 152274.000000
-3545.940000 152530.000000
-3576.000000 152543.000000
-3748.550000 153162.000000
-2731.090000 152661.000000
-440.130000 153719.000000
2394.060000 153407.000000
3041.940000 155542.000000
3115.410000 156010.000000
4394.470000 156027.000000
4597.080000 155979.000000
3056.410000 154868.000000
3066.430000 154436.000000
2731.360000 154371.000000
1228.550000 153516.000000
-719.542000 153518.000000
-723.995000 152759.000000
-720.656000 152761.000000
-721.769000 152757.000000
-1435.330000 152577.000000
-1778.190000 148442.000000
-1818.270000 145632.000000
-1584.490000 143522.000000
-359.980000 143199.000000
1918.730000 139087.000000
1234.110000 137379.000000
705.347000 136077.000000
1973.280000 135538.000000
2274.950000 134541.000000
2349.540000 134843.000000
2323.930000 136121.000000
2444.160000 137776.000000
728.724000 140988.000000
716.479000 141010.000000
-191.888000 140703.000000
-324.358000 140541.000000
-1189.310000 141405.000000
-1188.200000 141369.000000
403.671000 141605.000000
785.497000 142095.000000
295.691000 141373.000000
106.448000 141057.000000
108.675000 141066.000000
-439.017000 140356.000000
-660.543000 140111.000000
-1527.720000 137130.000000
-858.692000 135280.000000
-6523.740000 134910.000000
-7427.650000 134948.000000
-9748.670000 129674.000000
-9831.040000 129400.000000
-11242.600000 125795.000000
-11349.400000 125515.000000
-11694.500000 124664.000000
-12139.800000 123500.000000
-14748.000000 115647.000000
-14172.500000 115307.000000
-15051.900000 115806.000000
-15340.200000 115454.000000
-13602.500000 119775.000000
-12375.800000 123059.000000
-12339.100000 123157.000000
-12172.100000 123493.000000
-11847.000000 123384.000000
-10923.100000 122162.000000
-10678.200000 122073.000000
-10500.100000 121340.000000
-10411.000000 121282.000000
-9989.120000 121066.000000
-9165.350000 122298.000000
-9090.770000 123055.000000
-11338.300000 124317.000000
-11714.600000 124342.000000
-11992.900000 123758.000000
-11882.700000 124257.000000
-10975.400000 127271.000000
-10933.100000 128215.000000
-10893.000000 130353.000000
-10887.500000 131110.000000
-10804.000000 132031.000000
-9556.080000 131945.000000
-7787.220000 131864.000000
-7109.280000 131844.000000
-7009.090000 132715.000000
-8636.580000 134993.000000
-8954.960000 136905.000000
-8946.050000 137199.000000
-7878.500000 137796.000000
-7880.730000 142398.000000
-7891.860000 142849.000000
-7405.390000 143678.000000
-5989.410000 143620.000000
-3088.420000 143502.000000
-2111.040000 143462.000000
-1784.870000 148231.000000
-1764.830000 148876.000000
-1744.790000 149967.000000
-1732.550000 150386.000000
-1634.590000 152087.000000
-1622.340000 152634.000000
-52.738700 152648.000000
797.742000 153017.000000
913.515000 152692.000000
913.515000 152594.000000
896.817000 152599.000000
786.610000 152626.000000
140.957000 152610.000000
86.410700 152608.000000
-1439.780000 152608.000000
-2040.900000 152606.000000
-2276.900000 151036.000000
-2416.050000 151040.000000
-1875.040000 149101.000000
-1678.000000 149074.000000
-2665.410000 148925.000000
-2716.610000 147610.000000
-2091.000000 146365.000000
-2049.810000 146122.000000
-2046.470000 146138.000000
-2049.810000 146178.000000
-768.523000 147013.000000
-366.660000 147006.000000
2101.290000 146995.000000
4474.630000 147002.000000
5111.370000 147353.000000
4827.510000 149335.000000
3615.240000 146975.000000
1736.170000 146971.000000
1343.210000 146979.000000
559.519000 147006.000000
77.505100 147004.000000
-731.788000 148364.000000
-809.711000 146997.000000
-1547.760000 145437.000000
-1122.520000 145359.000000
1248.590000 146859.000000
1251.930000 146942.000000
4185.190000 147017.000000
4314.320000 147017.000000
5934.020000 146349.000000
7423.480000 145526.000000
7057.240000 143655.000000
8899.570000 141378.000000
5955.170000 133191.000000
5948.500000 131809.000000
11150.500000 126354.000000
11487.800000 125838.000000
11187.200000 124540.000000
9400.510000 122500.000000
10050.600000 120232.000000
11837.300000 116026.000000
12038.800000 113575.000000
13100.800000 106145.000000
14063.700000 104346.000000
21334.000000 91887.400000
21351.800000 90326.700000
20877.600000 89160.100000
20922.100000 89140.100000
20913.200000 89142.300000
21049.000000 89393.900000
21051.200000 89387.200000
21049.000000 89387.200000
21114.700000 89447.300000
21338.400000 90271.100000
21477.600000 94156.100000
22469.400000 94269.700000
24895.100000 94234.000000
26469.100000 94267.400000
28049.900000 100506.000000
27805.000000 101561.000000
29169.700000 102481.000000
30812.800000 102385.000000
35536.100000 100768.000000
37138.000000 99906.900000
38245.600000 99630.800000
40265.000000 99051.900000
41470.500000 98889.400000
42722.900000 97747.300000
42673.900000 98615.600000
41414.900000 98878.300000
37808.100000 99548.400000
35398.100000 100829.000000
31504.100000 104852.000000
28448.400000 104199.000000
25368.200000 106437.000000
23549.200000 106114.000000
18918.300000 106001.000000
17951.000000 105983.000000
13596.100000 106003.000000
11710.400000 106566.000000
10573.800000 109776.000000
8196.040000 110355.000000
4259.780000 111157.000000
2743.610000 112591.000000
53.014900 113926.000000
-1007.860000 114813.000000
-1512.140000 116507.000000
-2587.480000 115750.000000
-2604.180000 115745.000000
-1512.140000 116707.000000
-3412.360000 115750.000000
-4071.370000 115739.000000
-1623.460000 116155.000000
-1216.030000 117128.000000
-1575.590000 118366.000000
-2532.940000 118003.000000
-3915.520000 119332.000000
-4287.330000 120372.000000
-4670.270000 120376.000000
-4918.510000 120151.000000
-4827.230000 121685.000000
-4672.500000 120363.000000
-4305.140000 121659.000000
-4359.690000 123792.000000
-4287.330000 127354.000000
-1456.480000 127447.000000
3995.950000 129395.000000
5549.970000 132773.000000
9662.110000 127194.000000
12977.200000 124782.000000
15622.200000 119639.000000
15517.500000 114813.000000
15313.800000 114808.000000
15432.900000 115200.000000
15798.000000 116950.000000
16011.800000 119684.000000
15962.800000 121296.000000
15279.300000 121196.000000
14438.800000 122155.000000
13312.300000 122433.000000
12486.300000 119043.000000
11885.200000 117722.000000
9507.380000 114706.000000
5554.420000 111048.000000
3643.070000 111237.000000
722.045000 113822.000000
-200.794000 114038.000000
-2281.350000 116916.000000
-3229.800000 117914.000000
-3994.560000 119334.000000
-4282.880000 120951.000000
-3897.710000 123467.000000
-3659.490000 124943.000000
-3574.890000 125018.000000
-3105.120000 124061.000000
-3436.850000 123046.000000
-4059.130000 118845.000000
-4158.200000 116004.000000
-4061.350000 112811.000000
-4771.570000 112517.000000
-8417.290000 112653.000000
-8476.280000 112664.000000
-9147.540000 115066.000000
-9906.740000 115990.000000
-9675.200000 115719.000000
-9125.280000 115296.000000
-11155.700000 114298.000000
-11752.400000 114741.000000
-12874.500000 115385.000000
-12817.700000 117043.000000
-12598.400000 117030.000000
-12834.400000 115394.000000
-12551.700000 112820.000000
-12622.900000 112219.000000
-12665.200000 112477.000000
-12531.700000 113045.000000
-12855.600000 116157.000000
-12000.700000 117455.000000
-11546.500000 118813.000000
-12203.300000 119049.000000
-13446.700000 119891.000000
-14040.000000 120822.000000
-14133.500000 123415.000000
-14036.700000 124286.000000
-13210.700000 124232.000000
-13019.200000 124152.000000
-12926.800000 124123.000000
-12565.000000 125212.000000
-12570.600000 125330.000000
-12315.700000 125352.000000
-12600.700000 125991.000000
-11544.200000 126519.000000
-11304.900000 126931.000000
-11737.900000 129130.000000
-12080.800000 130546.000000
-12553.900000 133296.000000
-12602.900000 133790.000000
-11977.300000 135338.000000
-10773.900000 135660.000000
-9906.740000 139474.000000
-9007.280000 139490.000000
-8803.560000 142012.000000
-8749.020000 143123.000000
-8538.620000 142894.000000
-8794.660000 142106.000000
-8917.110000 139497.000000
-10663.700000 139428.000000
-14081.200000 139521.000000
-14005.500000 139608.000000
-13368.800000 139521.000000
-10963.200000 139452.000000
-6954.550000 139334.000000
-5383.830000 139327.000000
-5156.740000 140648.000000
-4950.800000 141387.000000
-4718.140000 142910.000000
-4375.270000 141398.000000
-4096.980000 140053.000000
-3961.170000 139370.000000
-8236.950000 143693.000000
-7968.670000 142108.000000
-6507.040000 141449.000000
-7405.390000 141126.000000
-7446.580000 139247.000000
-7756.050000 139316.000000
-9979.100000 139425.000000
-13829.600000 139519.000000
-15717.600000 140494.000000
-16985.500000 141389.000000
-16089.400000 140888.000000
-15449.300000 140427.000000
-13694.900000 139532.000000
-12958.000000 137626.000000
-12979.200000 133875.000000
-11902.700000 133795.000000
-11015.500000 133732.000000
-10867.400000 131099.000000
-10905.300000 131152.000000
-12279.000000 132523.000000
-12438.100000 133795.000000
-13064.900000 133795.000000
-12841.100000 133855.000000
-12211.100000 134968.000000
-11977.300000 135338.000000
-7964.210000 135026.000000
-5647.660000 134901.000000
-918.804000 134970.000000
3266.810000 139940.000000
939.118000 136976.000000
627.423000 136555.000000
-525.846000 135162.000000
-3031.650000 134674.000000
-4227.220000 134779.000000
-3779.720000 133367.000000
-3737.410000 133358.000000
-3667.280000 128558.000000
-3579.340000 126025.000000
-3899.940000 123179.000000
-4196.050000 120668.000000
-3653.920000 118562.000000
-2836.840000 118050.000000
-1344.040000 115311.000000
-317.679000 114089.000000
2200.370000 113399.000000
3915.800000 111195.000000
8316.260000 110749.000000
10430.200000 109329.000000
12705.600000 107125.000000
15104.500000 105952.000000
18952.800000 106036.000000
20273.100000 106052.000000
24838.300000 106446.000000
25782.300000 106470.000000
29136.300000 110148.000000
29529.300000 112713.000000
28969.400000 108939.000000
26769.700000 106172.000000
29244.300000 104516.000000
32450.300000 104395.000000
36336.500000 100350.000000
39188.500000 99290.200000
42698.400000 98214.800000
42740.700000 97598.100000
42683.900000 97789.600000
42662.800000 97876.400000
40977.400000 98898.300000
38591.800000 99381.400000
34975.100000 101111.000000
32905.600000 103943.000000
27929.600000 104251.000000
26122.900000 106370.000000
22558.500000 106065.000000
19891.300000 103710.000000
20864.200000 103231.000000
20886.500000 102930.000000
20865.300000 103340.000000
20172.900000 103429.000000
19570.700000 103253.000000
19569.500000 102414.000000
19620.800000 102169.000000
19620.800000 102129.000000
19630.800000 102078.000000
19592.900000 102289.000000
19575.100000 103258.000000
20245.300000 103449.000000
21309.500000 103776.000000
21236.000000 105108.000000
21305.000000 104478.000000
21317.300000 101552.000000
21637.900000 101009.000000
21643.400000 101029.000000
21612.300000 101287.000000
22413.800000 102278.000000
23390.000000 103278.000000
27308.500000 102748.000000
29404.600000 102463.000000
32937.900000 102131.000000
39629.300000 99192.200000
42373.300000 98733.600000
42747.400000 97569.200000
42724.000000 97713.900000
42727.300000 97711.700000
42724.000000 97742.800000
40801.500000 98927.300000
40462.000000 99003.000000
34654.500000 101401.000000
33988.800000 102305.000000
29465.900000 104585.000000
28381.600000 104188.000000
24460.900000 106341.000000
24433.100000 106334.000000
19783.300000 106016.000000
18808.100000 105998.000000
14983.200000 105927.000000
13933.400000 105996.000000
9822.410000 106330.000000
8868.410000 106452.000000
5941.820000 111025.000000
746.535000 113893.000000
332.427000 113869.000000
-1571.140000 115639.000000
-1676.890000 116095.000000
-3229.800000 118266.000000
-3637.230000 118519.000000
-4199.390000 120597.000000
-4252.820000 121859.000000
-3623.870000 126147.000000
-3652.810000 126624.000000
-3716.260000 131172.000000
-3685.090000 132423.000000
-5482.900000 134855.000000
-6403.520000 134915.000000
-7840.650000 140329.000000
-7875.160000 144404.000000
-7910.780000 144938.000000
-4653.570000 143620.000000
-335.490000 143134.000000
424.822000 141765.000000
-116.191000 142259.000000
-603.770000 143112.000000
-766.297000 143891.000000
-1556.660000 145370.000000
-1808.250000 145321.000000
-1634.590000 152131.000000
-1575.590000 153452.000000
-675.015000 160487.000000
-1375.210000 161030.000000
-3169.680000 162918.000000
-4438.730000 164641.000000
-4256.160000 164127.000000
-4114.790000 164132.000000
-5558.600000 162215.000000
-5547.470000 161696.000000
-5693.300000 158862.000000
-5751.180000 157646.000000
-6183.100000 157575.000000
-6996.850000 157573.000000
-7292.960000 155867.000000
-7335.260000 154892.000000
-8457.360000 153211.000000
-8498.550000 151495.000000
-8246.970000 149506.000000
-8592.060000 147367.000000
-9056.260000 147280.000000
-10503.400000 146156.000000
-11548.700000 145826.000000
-15308.000000 145223.000000
-15628.600000 142656.000000
-15792.200000 140656.000000
-16411.100000 140625.000000
-15843.400000 140349.000000
-15828.900000 140004.000000
-16090.500000 136255.000000
-15613.000000 135569.000000
-14870.500000 135912.000000
-15815.600000 135507.000000
-19504.700000 139690.000000
-18773.300000 139728.000000
-18455.000000 141491.000000
-15847.900000 140714.000000
-14493.100000 139746.000000
-13925.400000 139599.000000
-12963.600000 139525.000000
-11795.800000 139503.000000
-10667.100000 141531.000000
-9906.740000 141436.000000
-9912.310000 141422.000000
-9915.650000 141405.000000
-9836.610000 139494.000000
-9244.390000 139468.000000
-8921.560000 139617.000000
-8745.680000 143103.000000
-8744.560000 143237.000000
-8722.300000 143508.000000
-8722.300000 143600.000000
-7689.260000 143678.000000
-6249.890000 143653.000000
-6110.750000 141825.000000
-4997.550000 141696.000000
-4830.570000 140670.000000
-4045.770000 140069.000000
-3635.000000 140035.000000
-3596.040000 139314.000000
-3645.020000 136738.000000
-3023.860000 135919.000000
-1184.860000 135253.000000
-1182.630000 135255.000000
-1744.790000 135654.000000
-3661.720000 137617.000000
-4511.080000 139227.000000
-3010.500000 139111.000000
1263.060000 142834.000000
1271.960000 145799.000000
1253.040000 152071.000000
865.647000 152454.000000
53.014900 152610.000000
-58.304600 152597.000000
-1665.760000 152548.000000
-2575.240000 152572.000000
-3375.630000 150718.000000
-3415.700000 150722.000000
-3652.810000 149375.000000
-2021.980000 149348.000000
-1744.790000 150644.000000
-1612.320000 152935.000000
-668.335000 156277.000000
-880.956000 161008.000000
-1439.780000 161469.000000
-1942.940000 161540.000000
-1859.450000 161048.000000
-1848.320000 161044.000000
-1847.210000 161046.000000
-1806.020000 161044.000000
-3257.630000 160919.000000
-9281.120000 161280.000000
-11219.200000 159850.000000
-11259.300000 155400.000000
-13121.600000 155130.000000
-14333.900000 155026.000000
-14348.400000 153296.000000
-12803.300000 152915.000000
-12758.700000 152597.000000
-12863.400000 150499.000000
-12907.900000 148605.000000
-13011.400000 146485.000000
-13703.800000 146735.000000
-12361.300000 146000.000000
-7994.270000 143359.000000
-7553.450000 139443.000000
-4963.040000 139200.000000
-1948.510000 138426.000000
-247.548000 133276.000000
2120.220000 128890.000000
5236.050000 132074.000000
7236.460000 129130.000000
8472.110000 125635.000000
9345.970000 122712.000000
10315.600000 119722.000000
11897.400000 115400.000000
12147.900000 112395.000000
12773.500000 106862.000000
15269.300000 105885.000000
17653.700000 105891.000000
18985.100000 105978.000000
19902.400000 105985.000000
23858.700000 106132.000000
25443.900000 106386.000000
27906.300000 104204.000000
27449.900000 102739.000000
30394.300000 102387.000000
33878.600000 101632.000000
36067.100000 100461.000000
39437.900000 99214.500000
42645.000000 98664.600000
42717.300000 97916.500000
42738.500000 97916.500000
41831.200000 98079.000000
41762.200000 98076.800000
41459.400000 98125.800000
41429.400000 98132.400000
35926.800000 100548.000000
35571.700000 100740.000000
28971.600000 104389.000000
28052.100000 104208.000000
23419.000000 103273.000000
22817.900000 103249.000000
22260.100000 104184.000000
22131.000000 104386.000000
22404.900000 103336.000000
23032.700000 101730.000000
24105.800000 102075.000000
24114.700000 105411.000000
24247.200000 105422.000000
26754.100000 106023.000000
27699.200000 103487.000000
28116.700000 102538.000000
35512.700000 100791.000000
38959.200000 99325.800000
42383.400000 98726.900000
41455.000000 98130.200000
42240.900000 97684.900000
42265.400000 97680.500000
42278.700000 97680.500000
42339.900000 98724.700000
40494.300000 98531.000000
39699.500000 89478.500000
39267.500000 86332.600000
38423.700000 85027.900000
37022.200000 85250.600000
32612.900000 84952.200000
30940.800000 84840.900000
27710.300000 84820.900000
26353.400000 84945.500000
21797.100000 85043.500000
21433.000000 85052.400000
20550.300000 83311.400000
23377.800000 84907.700000
24745.900000 84970.000000
28383.800000 84725.100000
29479.200000 84754.100000
33375.400000 85014.600000
38722.100000 85450.900000
39405.600000 87606.100000
40354.000000 96907.900000
40532.100000 98936.200000
42167.400000 98110.200000
41501.700000 98103.500000
41806.700000 97898.700000
41786.700000 97762.900000
41221.200000 98889.400000
37571.000000 99666.400000
32254.400000 102282.000000
27468.800000 102717.000000
25118.800000 103053.000000
23070.500000 103258.000000
22421.600000 103106.000000
22414.900000 102392.000000
22702.100000 101606.000000
22747.700000 101610.000000
23183.000000 107234.000000
22685.400000 106116.000000
24165.900000 104752.000000
23431.200000 103273.000000
22629.700000 106063.000000
18771.400000 105994.000000
15255.900000 105900.000000
12977.200000 106288.000000
10904.400000 109634.000000
7809.760000 110665.000000
4691.700000 111117.000000
3344.730000 111308.000000
3556.240000 118010.000000
2840.450000 124030.000000
1536.900000 125844.000000
117.580000 131486.000000
-1613.440000 137157.000000
-4213.860000 139149.000000
-6758.620000 139241.000000
-8850.320000 139332.000000
-6017.240000 139301.000000
-6138.580000 142362.000000
-6143.030000 142426.000000
-6145.250000 142440.000000
-5453.960000 143658.000000
-2089.890000 143493.000000
-1809.360000 147316.000000
-1735.890000 150891.000000
-1287.270000 153180.000000
-1091.350000 152735.000000
-1241.630000 153142.000000
-735.127000 152623.000000
-1037.920000 149965.000000
-457.942000 149126.000000
20.732200 147347.000000
25.185000 145824.000000
-1207.120000 145339.000000
-1004.520000 145361.000000
-767.410000 143954.000000
223.334000 141373.000000
1270.850000 144653.000000
71.939200 145325.000000
-1151.460000 145334.000000
-650.524000 145350.000000
-27.135200 144136.000000
12.939800 145265.000000
24.071800 146681.000000
-377.792000 143382.000000
941.344000 142317.000000
-9.324060 142130.000000
889.024000 140668.000000
2798.150000 137468.000000
5576.690000 132439.000000
13488.200000 124286.000000
15556.500000 118842.000000
15238.100000 114278.000000
15381.700000 111727.000000
15406.200000 107076.000000
19723.200000 106045.000000
24329.600000 106330.000000
26716.300000 105862.000000
30812.800000 104970.000000
34853.700000 101229.000000
38454.900000 99561.800000
38242.300000 99633.000000
42228.600000 97738.400000
42677.200000 97678.300000
41244.600000 98889.400000
34740.200000 101305.000000
33676.000000 102837.000000
27387.500000 104709.000000
26602.700000 105994.000000
20312.000000 106021.000000
20021.500000 106021.000000
15430.700000 105885.000000
15414.000000 105885.000000
11872.900000 108231.000000
11264.000000 108677.000000
11292.900000 109186.000000
10903.300000 109630.000000
5045.690000 111097.000000
4063.860000 111172.000000
19.619000 113924.000000
-395.603000 114100.000000
-1513.250000 116718.000000
-1219.370000 117028.000000
-1826.060000 118353.000000
-2299.170000 118128.000000
-3083.970000 119390.000000
-4105.880000 122556.000000
-3639.450000 125005.000000
-3655.040000 126701.000000
-4789.380000 130943.000000
-5084.380000 131076.000000
-5146.720000 132581.000000
-5165.640000 132593.000000
-5485.130000 132637.000000
-5505.170000 133588.000000
-9962.400000 135086.000000
-10703.800000 135111.000000
-10767.200000 139835.000000
-10633.700000 141567.000000
-10473.400000 149629.000000
-10593.600000 150359.000000
-11407.300000 149315.000000
-10870.800000 149295.000000
-10473.400000 147313.000000
-10494.500000 146089.000000
-11320.500000 143397.000000
-11351.700000 143148.000000
-10571.300000 142945.000000
-10575.800000 142950.000000
-10058.100000 143747.000000
-10190.600000 143362.000000
-9154.220000 142805.000000
-8761.260000 143048.000000
-6456.950000 145352.000000
-6180.880000 145465.000000
-6269.930000 144566.000000
-6160.840000 140705.000000
-6173.080000 140064.000000
-6865.490000 136141.000000
-6948.980000 136424.000000
-8274.800000 137430.000000
-8860.340000 137442.000000
-10686.000000 137301.000000
-10757.200000 135407.000000
-15981.400000 135462.000000
-15987.000000 135589.000000
-15027.400000 135567.000000
-14536.500000 135496.000000
-13306.400000 136466.000000
-13382.100000 136462.000000
-13873.100000 139192.000000
-13917.600000 139503.000000
-13274.200000 139557.000000
-13056.000000 139434.000000
-13682.700000 139583.000000
-14298.300000 139726.000000
-14414.100000 140256.000000
-13776.200000 139595.000000
-13632.600000 141271.000000
-13410.000000 141166.000000
-13609.200000 141750.000000
-13964.300000 139615.000000
-10776.100000 140739.000000
-10589.100000 142560.000000
-10465.600000 150934.000000
-10497.800000 151399.000000
-9088.540000 151428.000000
-8585.380000 151285.000000
-8692.240000 151851.000000
-8697.810000 151546.000000
-8191.310000 151791.000000
-8315.980000 152062.000000
-8536.400000 151715.000000
-8545.300000 149740.000000
-8554.210000 149261.000000
-8635.470000 145548.000000
-8674.430000 144993.000000
-7874.050000 140939.000000
-7753.820000 139000.000000
-4717.030000 135086.000000
-4750.420000 133724.000000
-4197.160000 132766.000000
-4187.140000 132561.000000
-4694.760000 133690.000000
-4705.890000 133695.000000
-4793.840000 134020.000000
-4773.800000 134968.000000
-2970.420000 134745.000000
-3767.470000 134730.000000
-8649.940000 132639.000000
-9216.560000 131085.000000
-10169.500000 128500.000000
-8269.230000 131860.000000
-7773.860000 131905.000000
-7573.480000 134354.000000
-7464.390000 134334.000000
-7722.650000 138573.000000
-7956.420000 139450.000000
-2836.840000 139281.000000
-2809.010000 140516.000000
-3538.150000 141425.000000
-4025.730000 141229.000000
-4719.250000 141482.000000
-4682.520000 143139.000000
-10269.600000 144648.000000
-10536.800000 145991.000000
-10423.300000 153365.000000
-10492.300000 154725.000000
-14842.600000 154462.000000
-14854.900000 154362.000000
-15533.900000 154665.000000
-15555.100000 153002.000000
-15637.500000 142861.000000
-15777.700000 140970.000000
-9617.310000 139465.000000
-9185.390000 139470.000000
-8959.410000 136531.000000
-8953.850000 136219.000000
-8985.010000 135400.000000
-8554.210000 135131.000000
-7911.890000 143061.000000
-7935.270000 143540.000000
-2835.730000 143495.000000
-2235.710000 148442.000000
-2717.730000 145630.000000
-2713.270000 145599.000000
-1659.080000 151877.000000
-1587.830000 153320.000000
-75.002600 157960.000000
71.939200 158359.000000
497.180000 159754.000000
654.140000 159730.000000
658.593000 158060.000000
659.706000 158040.000000
-1403.040000 158666.000000
-1423.080000 158572.000000
-2503.990000 160912.000000
-8462.930000 161115.000000
-8496.320000 160999.000000
-8710.060000 163383.000000
-8834.730000 164234.000000
-8204.660000 164503.000000
-8756.810000 164214.000000
-8449.570000 161280.000000
-8445.120000 160972.000000
-9619.540000 158879.000000
-9628.440000 158831.000000
-8673.320000 156918.000000
-8431.760000 156513.000000
-7346.390000 154823.000000
-7341.940000 154761.000000
-8397.250000 154554.000000
-8558.660000 154567.000000
-9492.630000 154620.000000
-10858.500000 151891.000000
-10850.700000 151786.000000
-10503.400000 151423.000000
-10401.000000 151252.000000
-9640.690000 144297.000000
-8618.770000 143684.000000
-2831.270000 143575.000000
-2826.820000 143586.000000
-1865.020000 141253.000000
-1706.950000 141253.000000
-278.717000 141520.000000
-413.414000 141785.000000
-1617.890000 141240.000000
-1909.550000 141235.000000
-2066.510000 141280.000000
-1729.210000 141538.000000
-1145.900000 142892.000000
-1189.310000 142066.000000
-3421.270000 141316.000000
-4025.730000 141240.000000
-5140.040000 143034.000000
-5851.370000 143072.000000
-5567.510000 142870.000000
-5902.580000 142544.000000
-4812.760000 140710.000000
-4816.100000 140710.000000
-4769.350000 137802.000000
-4755.990000 137715.000000
-5915.940000 139212.000000
-6115.200000 137404.000000
-7330.810000 136177.000000
-6959.000000 136115.000000
-2912.540000 134728.000000
-2910.310000 134712.000000
-2815.690000 132063.000000
-4109.220000 132483.000000
-4495.500000 132490.000000
-3686.210000 130876.000000
-3766.360000 130250.000000
-4806.080000 131036.000000
-4573.420000 130949.000000
-3722.940000 133307.000000
-3682.870000 133381.000000
-3655.040000 132564.000000
-3617.190000 127808.000000
-3562.640000 125644.000000
-2947.050000 123293.000000
-3239.820000 123017.000000
-3934.450000 123035.000000
-3705.130000 118112.000000
-3761.900000 117453.000000
-854.239000 117014.000000
-652.751000 116062.000000
-31.588000 116122.000000
-486.885000 115803.000000
-1139.220000 113080.000000
-1080.220000 113581.000000
1160.640000 113902.000000
2081.260000 113550.000000
4447.910000 111181.000000
6950.370000 110941.000000
8177.110000 110712.000000
11344.200000 108563.000000
12462.900000 108049.000000
15922.700000 105938.000000
18744.700000 106214.000000
18722.400000 106192.000000
19193.300000 106045.000000
19552.900000 106052.000000
21247.100000 105126.000000
23609.300000 106212.000000
23808.600000 106274.000000
28985.000000 104418.000000
29426.900000 104591.000000
36127.200000 100459.000000
36531.300000 100241.000000
42708.400000 98675.700000
42721.800000 97718.300000
42799.700000 97649.300000
42077.200000 97838.600000
41855.700000 98087.900000
42673.900000 97796.300000
42161.800000 97720.600000
41335.800000 96903.500000
41584.100000 96752.100000
41613.000000 95946.100000
41066.500000 93759.800000
40187.000000 92660.000000
40172.600000 92508.600000
39168.500000 85417.500000
38735.400000 81136.200000
38220.000000 77484.900000
38469.400000 78669.300000
38511.700000 79050.100000
39985.500000 91366.400000
40356.200000 94906.400000
41809.000000 98079.000000
42268.700000 97869.700000
41498.400000 98110.200000
41497.300000 98112.400000
42166.300000 98114.600000
42161.800000 98108.000000
42726.200000 97800.700000
42156.300000 98110.200000
42297.600000 98032.300000
42152.900000 97722.800000
42156.300000 97718.300000
42151.800000 97725.000000
42063.900000 97794.000000
42139.600000 98105.700000
41186.700000 98887.200000
40446.400000 99007.400000
38800.000000 102837.000000
38817.800000 102835.000000
38686.400000 104130.000000
38639.700000 105223.000000
38153.200000 108757.000000
38680.900000 108888.000000
35974.700000 110046.000000
34857.100000 109821.000000
29226.500000 110166.000000
28301.400000 111028.000000
25669.900000 112878.000000
26105.100000 112869.000000
26114.000000 112795.000000
26106.200000 112902.000000
26084.000000 112996.000000
25663.200000 111008.000000
24973.000000 109222.000000
24407.500000 107975.000000
23433.400000 107958.000000
23431.200000 107960.000000
22663.100000 107261.000000
22363.700000 105366.000000
22210.000000 105264.000000
-8271.460000 131820.000000
22394.800000 104337.000000
22400.400000 103380.000000
22761.100000 100933.000000
23055.000000 102176.000000
23336.600000 102850.000000
23339.900000 102850.000000
23042.700000 100989.000000
22577.400000 101007.000000
22416.000000 103100.000000
22412.600000 103218.000000
22400.400000 103939.000000
22252.300000 105284.000000
22247.900000 105406.000000
23210.800000 107252.000000
23173.000000 106419.000000
27583.400000 104516.000000
28675.500000 104293.000000
33947.600000 102409.000000
34783.600000 101298.000000
38556.200000 100472.000000
38518.400000 102532.000000
38515.000000 99628.600000
40213.700000 99072.000000
41545.100000 98108.000000
42218.600000 98132.400000
42712.900000 97676.000000
42308.800000 97669.400000
42052.700000 98112.400000
41432.700000 98876.100000
36713.900000 100127.000000
33531.200000 103091.000000
27829.500000 104300.000000
25745.600000 105293.000000
24100.300000 105419.000000
26668.400000 105883.000000
27048.000000 105304.000000
34094.500000 102171.000000
35453.700000 100813.000000
41403.800000 98292.700000
41654.200000 98087.900000
42721.800000 97903.100000
42158.500000 98108.000000
41387.100000 98177.000000
41432.700000 97353.200000
41579.600000 97306.500000
42628.300000 97584.800000
42662.800000 97860.800000
42050.500000 106381.000000
42062.800000 106664.000000
39785.200000 99147.700000
39352.100000 99241.200000
31979.400000 102305.000000
31697.800000 102314.000000
25058.700000 103124.000000
24835.000000 103384.000000
22406.000000 101666.000000
22417.100000 101935.000000
22402.600000 104012.000000
22395.900000 104195.000000
24685.800000 108022.000000
24908.400000 108035.000000
27793.800000 110997.000000
27930.800000 111099.000000
28449.500000 117210.000000
28467.300000 117649.000000
33700.400000 118163.000000
33879.700000 118141.000000
39561.400000 119673.000000
39587.000000 119944.000000
40315.000000 119947.000000
42073.900000 118125.000000
42177.400000 117166.000000
42152.900000 108545.000000
42088.400000 107172.000000
41426.000000 98724.700000
41446.100000 98123.500000
42160.700000 98108.000000
42161.800000 97718.300000
41658.700000 98081.200000
41412.700000 98437.500000
42087.300000 98121.300000
42354.400000 98697.900000
41428.200000 98742.500000
41440.500000 98130.200000
42345.500000 98108.000000
42552.600000 98686.800000
43820.500000 100461.000000
44387.100000 108701.000000
42147.400000 109365.000000
42100.600000 107543.000000
42081.700000 104155.000000
41993.700000 102011.000000
41566.300000 99673.100000
41446.100000 98942.900000
39377.700000 99236.700000
38247.800000 99628.600000
38254.500000 99628.600000
39476.800000 99241.200000
41419.300000 98597.800000
41772.200000 98072.300000
41969.300000 97965.500000
42258.700000 97687.200000
42721.800000 97720.600000
41243.500000 98885.000000
39708.400000 99161.000000
34181.300000 101982.000000
32693.000000 104159.000000
27288.400000 104861.000000
25868.000000 106428.000000
22340.300000 106061.000000
20378.800000 106023.000000
17614.800000 105947.000000
15563.200000 105883.000000
13257.700000 105756.000000
11692.600000 106090.000000
10610.600000 109752.000000
9374.910000 110202.000000
9978.260000 115732.000000
11579.000000 117567.000000
9383.810000 114430.000000
8096.960000 114131.000000
4334.360000 111148.000000
3114.300000 111987.000000
-80.568500 113984.000000
-825.296000 114528.000000
-1513.250000 117531.000000
-1514.360000 118324.000000
-3700.680000 118713.000000
-3933.340000 119328.000000
-4106.990000 119978.000000
-4291.780000 120793.000000
-3117.360000 122908.000000
-3363.380000 122222.000000
-3061.700000 122409.000000
-3056.140000 122402.000000
-3090.650000 122496.000000
-3136.290000 123130.000000
-3610.510000 125321.000000
-6376.800000 130039.000000
-7090.360000 130043.000000
-7196.110000 134917.000000
-8280.360000 134879.000000
-8949.390000 137404.000000
-8730.090000 137448.000000
-8411.720000 137430.000000
-8603.190000 137426.000000
-9416.930000 137622.000000
-9420.270000 139370.000000
-14014.400000 139546.000000
-15708.700000 140583.000000
-15571.800000 148166.000000
-15585.100000 150784.000000
-18491.700000 152830.000000
-19632.700000 153578.000000
-20642.400000 155006.000000
-20641.300000 155923.000000
-20641.300000 156756.000000
-20728.100000 156105.000000
-20661.300000 156782.000000
-20665.800000 157599.000000
-21771.200000 156807.000000
-20640.200000 156152.000000
-20636.800000 155291.000000
-19985.600000 152817.000000
-19631.600000 152828.000000
-19561.500000 146064.000000
-19417.900000 142970.000000
-18011.900000 141587.000000
-18023.000000 141304.000000
-18962.600000 139810.000000
-18914.700000 140478.000000
-18528.400000 139944.000000
-18080.900000 139652.000000
-18529.500000 140009.000000
-18498.400000 140596.000000
-18006.300000 141986.000000
-18434.900000 142251.000000
-16837.500000 140868.000000
-16467.900000 140164.000000
-16019.300000 138878.000000
-16010.400000 138913.000000
-14141.300000 137546.000000
-13890.900000 138617.000000
-13327.600000 139463.000000
-14979.600000 140015.000000
-16740.600000 134984.000000
-17283.900000 132804.000000
-18595.200000 132461.000000
-18722.100000 132584.000000
-17597.800000 132822.000000
-17160.300000 132909.000000
-15589.600000 132345.000000
-16160.700000 132773.000000
-17241.600000 133436.000000
-16884.200000 135471.000000
-21195.600000 138143.000000
-22253.200000 138194.000000
-25705.200000 136930.000000
-25745.300000 137310.000000
-25814.300000 138130.000000
-24883.700000 138219.000000
-21097.700000 138161.000000
-20927.400000 138154.000000
-19610.500000 144009.000000
-20004.500000 144114.000000
-18885.800000 142433.000000
-19038.300000 142516.000000
-19678.400000 138933.000000
-20857.200000 138196.000000
-19993.400000 139238.000000
-19924.400000 138967.000000
-18884.700000 141164.000000
-18507.300000 141229.000000
-16759.600000 141182.000000
-16406.700000 141153.000000
-15830.100000 140685.000000
-14435.200000 139648.000000
-10586.900000 142135.000000
-10474.500000 144749.000000
-9576.120000 151031.000000
-9651.820000 151334.000000
-8477.400000 151677.000000
-8477.400000 151682.000000
-8487.420000 151686.000000
-8519.700000 150571.000000
-8588.720000 147489.000000
-8605.420000 146779.000000
-8220.250000 143693.000000
-6718.550000 143655.000000
-6091.820000 143290.000000
-6158.610000 140717.000000
-6229.860000 137235.000000
-6209.820000 136177.000000
-6325.590000 136424.000000
-6239.880000 137315.000000
-5389.400000 138441.000000
-5369.360000 138911.000000
-4748.190000 138577.000000
-4738.180000 139759.000000
-4714.800000 143462.000000
-4679.180000 143390.000000
-4645.780000 141821.000000
-3874.340000 141808.000000
-3518.110000 142081.000000
-3515.890000 142242.000000
-3576.000000 143090.000000
-3590.470000 143090.000000
-3287.680000 143573.000000
-2944.820000 143540.000000
-3117.360000 143542.000000
-2809.010000 141338.000000
-2825.710000 139648.000000
-2908.080000 135672.000000
-2923.670000 134861.000000
-3630.550000 132103.000000
-3649.470000 131404.000000
-3586.020000 125991.000000
-3800.870000 123959.000000
-3722.940000 119076.000000
-3564.870000 118517.000000
-1266.120000 116986.000000
-1077.990000 117186.000000
-1639.040000 117807.000000
-1517.700000 117286.000000
137.618000 113913.000000
1356.570000 113826.000000
3580.730000 111330.000000
3590.750000 111319.000000
8425.350000 110553.000000
10276.600000 109926.000000
