3.29895e+07 1.11489e+07
3.29896e+07 1.11503e+07
3.29892e+07 1.11514e+07
3.29891e+07 1.11534e+07
3.29876e+07 1.11538e+07
3.29873e+07 1.11537e+07
3.29858e+07 1.11528e+07
3.29856e+07 1.11528e+07
3.29833e+07 1.11528e+07
3.29832e+07 1.11528e+07
3.2983e+07 1.11528e+07
3.2983e+07 1.11528e+07
3.29827e+07 1.11532e+07
3.29815e+07 1.11544e+07
3.29814e+07 1.11544e+07
3.29806e+07 1.11544e+07
3.29805e+07 1.11544e+07
3.29805e+07 1.11544e+07
3.29797e+07 1.11528e+07
3.29796e+07 1.11528e+07
3.29794e+07 1.11527e+07
3.29794e+07 1.11527e+07
3.29811e+07 1.11529e+07
3.29812e+07 1.11529e+07
3.29828e+07 1.11541e+07
3.29815e+07 1.11544e+07
3.29815e+07 1.11544e+07
3.29803e+07 1.11553e+07
3.29804e+07 1.11557e+07
3.29814e+07 1.11651e+07
3.29828e+07 1.11674e+07
3.29829e+07 1.11673e+07
3.29841e+07 1.11667e+07
3.29841e+07 1.11667e+07
3.29841e+07 1.11686e+07
3.29843e+07 1.11683e+07
3.29843e+07 1.11681e+07
3.29827e+07 1.11668e+07
3.29825e+07 1.11669e+07
3.29814e+07 1.1164e+07
3.29814e+07 1.11634e+07
3.29805e+07 1.11554e+07
3.29807e+07 1.11552e+07
3.29827e+07 1.11565e+07
3.29827e+07 1.11565e+07
3.29833e+07 1.11552e+07
3.29837e+07 1.11552e+07
3.29837e+07 1.11585e+07
3.29827e+07 1.11612e+07
3.29826e+07 1.11619e+07
3.29843e+07 1.11627e+07
3.29846e+07 1.11599e+07
3.29844e+07 1.11575e+07
3.29873e+07 1.11551e+07
3.29879e+07 1.11551e+07
3.29886e+07 1.11547e+07
3.29886e+07 1.11546e+07
3.29867e+07 1.11551e+07
3.29832e+07 1.11551e+07
3.29833e+07 1.11552e+07
3.29833e+07 1.11552e+07
3.29833e+07 1.11552e+07
3.29835e+07 1.11548e+07
3.29835e+07 1.11535e+07
3.29856e+07 1.11528e+07
3.29862e+07 1.11529e+07
3.2987e+07 1.11538e+07
3.2987e+07 1.11538e+07
3.2987e+07 1.11538e+07
3.2987e+07 1.11538e+07
3.29871e+07 1.11519e+07
3.29884e+07 1.11504e+07
3.29884e+07 1.11504e+07
3.29884e+07 1.11504e+07
3.29862e+07 1.11471e+07
3.29838e+07 1.11445e+07
3.29837e+07 1.11437e+07
3.29827e+07 1.11439e+07
3.29829e+07 1.11489e+07
3.29837e+07 1.11492e+07
3.29837e+07 1.11492e+07
3.29844e+07 1.11524e+07
3.29885e+07 1.11534e+07
3.29889e+07 1.11533e+07
3.29878e+07 1.11538e+07
3.29863e+07 1.11528e+07
3.29835e+07 1.1152e+07
3.29826e+07 1.11528e+07
3.29821e+07 1.11522e+07
3.29821e+07 1.11528e+07
3.29808e+07 1.11528e+07
3.29869e+07 1.11354e+07
3.29873e+07 1.1135e+07
3.29875e+07 1.11338e+07
3.29878e+07 1.1134e+07
3.29881e+07 1.11338e+07
3.29901e+07 1.11337e+07
3.29908e+07 1.11336e+07
3.2991e+07 1.11357e+07
3.29914e+07 1.11366e+07
3.2992e+07 1.11368e+07
3.29921e+07 1.11372e+07
3.29911e+07 1.11374e+07
3.2991e+07 1.11388e+07
3.29896e+07 1.11394e+07
3.29893e+07 1.11376e+07
3.29906e+07 1.11378e+07
3.29904e+07 1.11383e+07
3.29903e+07 1.11394e+07
3.29889e+07 1.11394e+07
3.29855e+07 1.11397e+07
3.29843e+07 1.11422e+07
3.29844e+07 1.11459e+07
3.29844e+07 1.11489e+07
3.29819e+07 1.11491e+07
3.29813e+07 1.11491e+07
3.29804e+07 1.1152e+07
3.29794e+07 1.11528e+07
3.29781e+07 1.11528e+07
3.29793e+07 1.11528e+07
3.29797e+07 1.11528e+07
3.29802e+07 1.11551e+07
3.29807e+07 1.11595e+07
3.29835e+07 1.11588e+07
3.29843e+07 1.11582e+07
3.29835e+07 1.11543e+07
3.29842e+07 1.11525e+07
3.29842e+07 1.11526e+07
3.29818e+07 1.11528e+07
3.29818e+07 1.11528e+07
3.29798e+07 1.1149e+07
3.29794e+07 1.11481e+07
3.29794e+07 1.11481e+07
3.29794e+07 1.1148e+07
3.29794e+07 1.11508e+07
3.29794e+07 1.11508e+07
3.29801e+07 1.11528e+07
3.29802e+07 1.11529e+07
3.29804e+07 1.11558e+07
3.29804e+07 1.11561e+07
3.29808e+07 1.11582e+07
3.29805e+07 1.11554e+07
3.29806e+07 1.11553e+07
3.29809e+07 1.11544e+07
3.29809e+07 1.11544e+07
3.29809e+07 1.11544e+07
3.29804e+07 1.11559e+07
3.29804e+07 1.1154e+07
3.29804e+07 1.11538e+07
3.29806e+07 1.11486e+07
3.29806e+07 1.11483e+07
3.29813e+07 1.11418e+07
3.29815e+07 1.11418e+07
3.29836e+07 1.11411e+07
3.29836e+07 1.11411e+07
3.29841e+07 1.11388e+07
3.29841e+07 1.11388e+07
3.29842e+07 1.11409e+07
3.29842e+07 1.11411e+07
3.29844e+07 1.11456e+07
3.29844e+07 1.11459e+07
3.29844e+07 1.1149e+07
3.29844e+07 1.1149e+07
3.29844e+07 1.11516e+07
3.29844e+07 1.11516e+07
3.29847e+07 1.11531e+07
3.29848e+07 1.11529e+07
3.29876e+07 1.11539e+07
3.29872e+07 1.11538e+07
3.2987e+07 1.11538e+07
3.29866e+07 1.11539e+07
3.29865e+07 1.11541e+07
3.2985e+07 1.11551e+07
3.29832e+07 1.11551e+07
3.29833e+07 1.11552e+07
3.29844e+07 1.11558e+07
3.29844e+07 1.11571e+07
3.29844e+07 1.11616e+07
3.29844e+07 1.11618e+07
3.29843e+07 1.11627e+07
3.29843e+07 1.11627e+07
3.29843e+07 1.11627e+07
3.29843e+07 1.11627e+07
3.29843e+07 1.11627e+07
3.29843e+07 1.11627e+07
3.29843e+07 1.11627e+07
3.29843e+07 1.11627e+07
3.29843e+07 1.11627e+07
3.29843e+07 1.11627e+07
3.2983e+07 1.11624e+07
3.2983e+07 1.11624e+07
3.2983e+07 1.11624e+07
3.2983e+07 1.11624e+07
3.2983e+07 1.11624e+07
3.2983e+07 1.11624e+07
3.2983e+07 1.11624e+07
3.2983e+07 1.11624e+07
3.2983e+07 1.11624e+07
3.2983e+07 1.11624e+07
3.2983e+07 1.11624e+07
3.2983e+07 1.11624e+07
3.2983e+07 1.11624e+07
3.2983e+07 1.11624e+07
3.2983e+07 1.11624e+07
3.2983e+07 1.11624e+07
3.2983e+07 1.11624e+07
3.2983e+07 1.11624e+07
3.2983e+07 1.11624e+07
3.2983e+07 1.11624e+07
3.2983e+07 1.11624e+07
3.2983e+07 1.11624e+07
3.2983e+07 1.11624e+07
3.2983e+07 1.11624e+07
3.2983e+07 1.11624e+07
3.2983e+07 1.11624e+07
3.29833e+07 1.11624e+07
3.29843e+07 1.11622e+07
3.29842e+07 1.11627e+07
3.29845e+07 1.11626e+07
3.29847e+07 1.11619e+07
3.29844e+07 1.11536e+07
3.29845e+07 1.11531e+07
3.2988e+07 1.11538e+07
3.2988e+07 1.11538e+07
3.29886e+07 1.11546e+07
3.29881e+07 1.1155e+07
3.2988e+07 1.1155e+07
3.29834e+07 1.11551e+07
3.29829e+07 1.11551e+07
3.29833e+07 1.11552e+07
3.29845e+07 1.11542e+07
3.29845e+07 1.11531e+07
3.29865e+07 1.11539e+07
3.2987e+07 1.11538e+07
3.29872e+07 1.11538e+07
3.29872e+07 1.11538e+07
3.29891e+07 1.1154e+07
3.29892e+07 1.11546e+07
3.29897e+07 1.11553e+07
3.2988e+07 1.11567e+07
3.29879e+07 1.1159e+07
3.29873e+07 1.11615e+07
3.29918e+07 1.11654e+07
3.29921e+07 1.11655e+07
3.29923e+07 1.11678e+07
3.29929e+07 1.11673e+07
3.29946e+07 1.11609e+07
3.29949e+07 1.11572e+07
3.29962e+07 1.11571e+07
3.29928e+07 1.11568e+07
3.29893e+07 1.11568e+07
3.2988e+07 1.11551e+07
3.29859e+07 1.11551e+07
3.29858e+07 1.11551e+07
3.29852e+07 1.1153e+07
3.2984e+07 1.11528e+07
3.2982e+07 1.11524e+07
3.29827e+07 1.11528e+07
3.29846e+07 1.11528e+07
3.29857e+07 1.11547e+07
3.29857e+07 1.11549e+07
3.29857e+07 1.11529e+07
3.29857e+07 1.11529e+07
3.29878e+07 1.11538e+07
3.29857e+07 1.11527e+07
3.29839e+07 1.11583e+07
3.29836e+07 1.1158e+07
3.29827e+07 1.11555e+07
3.29827e+07 1.11588e+07
3.29826e+07 1.11619e+07
3.29826e+07 1.11619e+07
3.29821e+07 1.1163e+07
3.29815e+07 1.1163e+07
3.29807e+07 1.1159e+07
3.29811e+07 1.11544e+07
3.29815e+07 1.11541e+07
3.29815e+07 1.11541e+07
3.29845e+07 1.11531e+07
3.29844e+07 1.11443e+07
3.29872e+07 1.11416e+07
3.29862e+07 1.11418e+07
3.29844e+07 1.11483e+07
3.29842e+07 1.11491e+07
3.29835e+07 1.11521e+07
3.29826e+07 1.11528e+07
3.29804e+07 1.11544e+07
3.29796e+07 1.11535e+07
3.29803e+07 1.11528e+07
3.29807e+07 1.11529e+07
3.29788e+07 1.11559e+07
3.29788e+07 1.11559e+07
3.29768e+07 1.11568e+07
3.29771e+07 1.11575e+07
3.29803e+07 1.11529e+07
3.29842e+07 1.11627e+07
3.29842e+07 1.11627e+07
3.29827e+07 1.11618e+07
3.29827e+07 1.11601e+07
3.29828e+07 1.11569e+07
3.29828e+07 1.11555e+07
3.29833e+07 1.11552e+07
3.29891e+07 1.11534e+07
3.29891e+07 1.11534e+07
3.29891e+07 1.11534e+07
3.29891e+07 1.11534e+07
3.2988e+07 1.11543e+07
3.2988e+07 1.11547e+07
3.2986e+07 1.11551e+07
3.2985e+07 1.11551e+07
3.29835e+07 1.11542e+07
3.29835e+07 1.11532e+07
3.29863e+07 1.11529e+07
3.29865e+07 1.11535e+07
3.2987e+07 1.11538e+07
3.29871e+07 1.11538e+07
3.29871e+07 1.11539e+07
3.29871e+07 1.11539e+07
3.29865e+07 1.11532e+07
3.29869e+07 1.11529e+07
3.29883e+07 1.11514e+07
3.29884e+07 1.11504e+07
3.29872e+07 1.11525e+07
3.29851e+07 1.11523e+07
3.29844e+07 1.11559e+07
3.29862e+07 1.11583e+07
3.29869e+07 1.11596e+07
3.29879e+07 1.11614e+07
3.29862e+07 1.1159e+07
3.29863e+07 1.11594e+07
3.29861e+07 1.11597e+07
3.29862e+07 1.11571e+07
3.29862e+07 1.11568e+07
3.29889e+07 1.1157e+07
3.29889e+07 1.1157e+07
3.29896e+07 1.11526e+07
3.29896e+07 1.11511e+07
3.29895e+07 1.1143e+07
3.29895e+07 1.11437e+07
3.29895e+07 1.11447e+07
3.29895e+07 1.11447e+07
3.2987e+07 1.1146e+07
3.29866e+07 1.11459e+07
3.29861e+07 1.11459e+07
3.29861e+07 1.11469e+07
3.29849e+07 1.11467e+07
3.29849e+07 1.11471e+07
3.29844e+07 1.11488e+07
3.29839e+07 1.11491e+07
3.29816e+07 1.11483e+07
3.29816e+07 1.11483e+07
3.29816e+07 1.11489e+07
3.29814e+07 1.11528e+07
3.29807e+07 1.11528e+07
3.29804e+07 1.11527e+07
3.29804e+07 1.11527e+07
3.29804e+07 1.11544e+07
3.29808e+07 1.11544e+07
3.29812e+07 1.11544e+07
3.29807e+07 1.11544e+07
3.29805e+07 1.11531e+07
3.29806e+07 1.1153e+07
3.29806e+07 1.11528e+07
3.29805e+07 1.11528e+07
3.29804e+07 1.11453e+07
3.29806e+07 1.1143e+07
3.29833e+07 1.11356e+07
3.29845e+07 1.11355e+07
3.2985e+07 1.1137e+07
3.2985e+07 1.1137e+07
3.29845e+07 1.11376e+07
3.29844e+07 1.11376e+07
3.29842e+07 1.11405e+07
3.29842e+07 1.11407e+07
3.29844e+07 1.11452e+07
3.29844e+07 1.11465e+07
3.29844e+07 1.11502e+07
3.29844e+07 1.11514e+07
3.29856e+07 1.11529e+07
3.2986e+07 1.11529e+07
3.2989e+07 1.11534e+07
3.29891e+07 1.11534e+07
3.29885e+07 1.11534e+07
3.29884e+07 1.11536e+07
3.29872e+07 1.11533e+07
3.29872e+07 1.11533e+07
3.29849e+07 1.11528e+07
3.29847e+07 1.11527e+07
3.29845e+07 1.11483e+07
3.29845e+07 1.11482e+07
3.29845e+07 1.11482e+07
3.29831e+07 1.11491e+07
3.29835e+07 1.11515e+07
3.29837e+07 1.11516e+07
3.29847e+07 1.11525e+07
3.29847e+07 1.11525e+07
3.29846e+07 1.11524e+07
3.29845e+07 1.11524e+07
3.29846e+07 1.1155e+07
3.29845e+07 1.11547e+07
3.29828e+07 1.11549e+07
3.29828e+07 1.11548e+07
3.29823e+07 1.11528e+07
3.29822e+07 1.11528e+07
3.29803e+07 1.11542e+07
3.29803e+07 1.11542e+07
3.29808e+07 1.116e+07
3.29811e+07 1.11609e+07
3.29818e+07 1.11682e+07
3.29818e+07 1.11683e+07
3.29819e+07 1.11686e+07
3.29818e+07 1.11681e+07
3.29815e+07 1.11649e+07
3.29815e+07 1.11646e+07
3.29813e+07 1.1162e+07
3.29811e+07 1.11622e+07
3.29816e+07 1.11624e+07
3.29807e+07 1.1159e+07
3.29807e+07 1.1159e+07
3.29804e+07 1.11546e+07
3.29804e+07 1.11546e+07
3.29804e+07 1.11537e+07
3.29804e+07 1.11534e+07
3.29815e+07 1.11528e+07
3.29817e+07 1.11528e+07
3.29835e+07 1.11529e+07
3.29835e+07 1.11532e+07
3.29827e+07 1.11548e+07
3.29828e+07 1.11545e+07
3.29815e+07 1.11528e+07
3.29815e+07 1.11528e+07
3.29805e+07 1.1147e+07
3.29804e+07 1.1146e+07
3.29792e+07 1.11383e+07
3.29791e+07 1.11382e+07
3.29755e+07 1.11382e+07
3.29754e+07 1.11382e+07
3.29729e+07 1.11362e+07
3.2973e+07 1.11358e+07
3.2973e+07 1.11358e+07
3.2973e+07 1.11387e+07
3.2973e+07 1.11393e+07
3.29737e+07 1.11439e+07
3.29737e+07 1.11439e+07
3.29735e+07 1.11447e+07
3.29829e+07 1.1162e+07
3.2983e+07 1.11624e+07
3.2983e+07 1.11624e+07
3.29833e+07 1.11627e+07
3.29829e+07 1.11639e+07
3.29839e+07 1.11552e+07
3.29856e+07 1.11552e+07
3.29865e+07 1.11547e+07
3.29865e+07 1.11547e+07
3.29871e+07 1.11539e+07
3.2987e+07 1.11538e+07
3.2987e+07 1.11538e+07
3.29878e+07 1.11539e+07
3.29886e+07 1.11547e+07
3.29886e+07 1.11547e+07
3.29886e+07 1.11547e+07
3.29891e+07 1.11534e+07
3.29891e+07 1.11534e+07
3.2989e+07 1.11534e+07
3.2989e+07 1.11534e+07
3.29877e+07 1.11538e+07
3.29872e+07 1.11533e+07
3.2986e+07 1.11528e+07
3.29856e+07 1.11528e+07
3.29835e+07 1.11523e+07
3.29835e+07 1.11517e+07
3.29856e+07 1.11527e+07
3.29857e+07 1.11528e+07
3.2987e+07 1.11538e+07
3.29871e+07 1.11539e+07
3.29872e+07 1.11538e+07
3.2989e+07 1.11534e+07
3.29886e+07 1.11531e+07
3.29884e+07 1.1153e+07
3.29923e+07 1.11529e+07
3.29951e+07 1.11528e+07
3.29951e+07 1.11528e+07
3.29965e+07 1.1156e+07
3.29965e+07 1.1156e+07
3.29975e+07 1.1156e+07
3.29944e+07 1.11564e+07
3.29942e+07 1.11564e+07
3.29918e+07 1.11569e+07
3.29917e+07 1.11569e+07
3.29907e+07 1.11575e+07
3.29907e+07 1.11575e+07
3.29892e+07 1.11577e+07
3.29892e+07 1.11575e+07
3.29892e+07 1.11575e+07
3.29892e+07 1.1157e+07
3.29892e+07 1.1157e+07
3.29892e+07 1.11569e+07
3.29873e+07 1.11567e+07
3.29851e+07 1.11572e+07
3.29851e+07 1.11571e+07
3.2988e+07 1.11568e+07
3.29882e+07 1.11568e+07
3.29913e+07 1.11569e+07
3.29914e+07 1.11569e+07
3.29933e+07 1.11582e+07
3.29933e+07 1.11582e+07
3.29933e+07 1.11582e+07
3.29933e+07 1.11582e+07
3.29919e+07 1.11569e+07
3.29917e+07 1.11569e+07
3.29903e+07 1.11549e+07
3.29903e+07 1.11549e+07
3.29882e+07 1.1155e+07
3.29841e+07 1.11567e+07
3.2984e+07 1.11567e+07
3.2983e+07 1.11589e+07
3.29828e+07 1.11589e+07
3.29833e+07 1.11625e+07
3.29832e+07 1.11625e+07
3.2983e+07 1.11624e+07
3.29835e+07 1.1162e+07
3.29835e+07 1.1162e+07
3.2984e+07 1.11619e+07
3.29849e+07 1.11552e+07
3.29853e+07 1.11552e+07
3.29869e+07 1.11539e+07
3.2987e+07 1.11539e+07
3.2987e+07 1.11538e+07
3.29877e+07 1.11538e+07
3.29877e+07 1.11538e+07
3.2988e+07 1.11538e+07
3.2989e+07 1.11534e+07
3.29879e+07 1.1155e+07
3.29877e+07 1.1155e+07
3.29827e+07 1.11549e+07
3.29827e+07 1.11553e+07
3.29827e+07 1.11564e+07
3.29827e+07 1.11564e+07
3.29827e+07 1.11568e+07
3.29827e+07 1.11604e+07
3.29827e+07 1.11619e+07
3.29826e+07 1.11639e+07
3.29826e+07 1.11639e+07
3.29826e+07 1.11639e+07
3.29827e+07 1.11598e+07
3.29828e+07 1.11569e+07
3.29829e+07 1.11552e+07
3.29734e+07 1.11488e+07
3.29694e+07 1.11492e+07
3.29647e+07 1.11468e+07
3.29611e+07 1.11414e+07
3.29638e+07 1.11417e+07
3.2965e+07 1.11443e+07
3.29658e+07 1.11455e+07
3.29677e+07 1.11482e+07
3.29688e+07 1.1149e+07
3.29713e+07 1.1149e+07
3.29718e+07 1.1149e+07
3.29751e+07 1.1149e+07
3.29758e+07 1.11507e+07
3.29761e+07 1.11547e+07
3.29777e+07 1.11552e+07
3.29833e+07 1.11552e+07
3.29833e+07 1.11552e+07
3.2988e+07 1.11551e+07
3.2988e+07 1.11551e+07
3.2988e+07 1.11549e+07
3.29891e+07 1.11534e+07
3.29891e+07 1.11534e+07
3.29891e+07 1.11534e+07
3.29881e+07 1.11538e+07
3.2988e+07 1.11549e+07
3.29838e+07 1.11551e+07
3.29829e+07 1.11551e+07
3.29869e+07 1.11552e+07
3.2988e+07 1.11551e+07
3.29881e+07 1.11538e+07
3.2988e+07 1.1155e+07
3.29838e+07 1.11551e+07
3.29835e+07 1.11543e+07
3.29858e+07 1.11529e+07
3.29865e+07 1.11535e+07
3.2987e+07 1.11538e+07
3.2987e+07 1.11538e+07
3.29871e+07 1.11533e+07
3.29873e+07 1.11537e+07
3.2989e+07 1.11534e+07
3.2989e+07 1.11534e+07
3.29884e+07 1.11537e+07
3.2988e+07 1.11538e+07
3.2988e+07 1.11538e+07
3.29872e+07 1.11528e+07
3.2985e+07 1.11528e+07
3.29844e+07 1.11546e+07
3.29838e+07 1.11551e+07
3.29838e+07 1.11551e+07
3.29838e+07 1.11551e+07
3.29836e+07 1.11551e+07
3.29836e+07 1.11528e+07
3.29847e+07 1.11528e+07
3.29835e+07 1.11517e+07
3.29835e+07 1.11521e+07
3.29835e+07 1.11518e+07
3.29835e+07 1.11518e+07
3.29835e+07 1.11518e+07
3.29836e+07 1.11518e+07
3.29835e+07 1.11521e+07
3.29835e+07 1.11521e+07
3.29834e+07 1.11528e+07
3.29815e+07 1.11528e+07
3.29799e+07 1.11528e+07
3.2979e+07 1.11528e+07
3.29778e+07 1.11528e+07
3.29762e+07 1.11528e+07
3.29745e+07 1.11528e+07
3.29735e+07 1.11528e+07
3.29732e+07 1.11527e+07
3.29731e+07 1.11525e+07
3.29731e+07 1.11525e+07
3.29729e+07 1.11525e+07
3.29729e+07 1.11526e+07
3.29716e+07 1.11528e+07
3.2971e+07 1.11528e+07
3.2971e+07 1.11528e+07
3.29709e+07 1.11513e+07
3.29713e+07 1.11511e+07
3.29729e+07 1.11514e+07
3.29729e+07 1.11493e+07
3.29753e+07 1.1149e+07
3.29759e+07 1.11515e+07
3.29761e+07 1.11535e+07
3.29763e+07 1.11552e+07
3.29799e+07 1.11552e+07
3.2983e+07 1.11552e+07
3.29871e+07 1.11551e+07
3.2988e+07 1.11545e+07
3.29891e+07 1.11534e+07
3.29891e+07 1.11534e+07
3.29888e+07 1.11539e+07
3.29888e+07 1.1154e+07
3.29881e+07 1.11547e+07
3.29881e+07 1.11547e+07
3.29866e+07 1.11551e+07
3.29837e+07 1.11551e+07
3.29833e+07 1.11552e+07
3.29833e+07 1.11552e+07
3.29833e+07 1.11552e+07
3.29845e+07 1.11552e+07
3.29846e+07 1.11526e+07
3.2984e+07 1.11516e+07
3.29855e+07 1.1152e+07
3.2987e+07 1.11538e+07
3.2987e+07 1.11538e+07
3.2987e+07 1.11538e+07
3.29871e+07 1.11535e+07
3.29871e+07 1.11535e+07
3.29884e+07 1.11537e+07
3.2989e+07 1.11534e+07
3.2988e+07 1.11547e+07
3.29864e+07 1.11551e+07
3.29844e+07 1.1156e+07
3.29845e+07 1.11591e+07
3.29832e+07 1.11619e+07
3.29829e+07 1.1162e+07
3.29872e+07 1.11616e+07
3.29906e+07 1.11613e+07
3.29916e+07 1.11611e+07
3.29946e+07 1.1161e+07
3.29943e+07 1.11588e+07
3.29949e+07 1.11572e+07
3.29953e+07 1.11563e+07
3.29945e+07 1.11574e+07
3.29945e+07 1.11574e+07
3.29944e+07 1.11575e+07
3.29937e+07 1.11575e+07
3.29927e+07 1.11573e+07
3.29927e+07 1.1157e+07
3.29921e+07 1.11569e+07
3.29908e+07 1.11569e+07
3.29904e+07 1.11569e+07
3.29904e+07 1.1157e+07
3.29903e+07 1.11569e+07
3.29885e+07 1.11572e+07
3.29885e+07 1.11574e+07
3.2988e+07 1.11561e+07
3.2988e+07 1.11547e+07
3.29885e+07 1.11529e+07
3.29886e+07 1.11531e+07
3.29891e+07 1.11534e+07
3.29891e+07 1.11537e+07
3.29889e+07 1.11538e+07
3.29884e+07 1.11546e+07
3.29889e+07 1.11536e+07
3.29889e+07 1.11533e+07
3.2988e+07 1.1155e+07
3.29865e+07 1.11551e+07
3.29844e+07 1.11562e+07
3.29844e+07 1.11562e+07
3.29847e+07 1.11619e+07
3.2985e+07 1.11638e+07
3.29841e+07 1.11639e+07
3.29851e+07 1.11639e+07
3.29855e+07 1.1166e+07
3.2985e+07 1.1166e+07
