-2026.43 149415
-1719.19 151163
-4130.37 152695
-4130.37 152695
-5488.47 152817
-7239.52 152902
-9562.76 152882
-11307.1 156097
-12069.7 158657
-12070.8 158657
-11976.2 156417
-12001.8 154634
-11729 150535
-13359.9 149288
-14576.6 149121
-14510.9 146516
-14817 143836
-15148.8 143061
-15153.2 143068
-15165.5 143050
-15163.2 143063
-15162.1 143068
-15161 143070
-14179.2 140774
-13848.6 140156
-11758 139501
-11758 139501
-6731.91 139343
-5684.39 143655
-1869.47 143816
-1610.1 145365
-1764.83 146930
-1749.25 147071
-2067.62 146029
-4802.74 147077
-7300.75 147135
-6009.44 146946
-5996.09 146824
-6262.14 144303
-4646.89 143446
-3482.49 142044
-3488.06 142035
-3573.77 139281
-408.961 140554
1277.53 145773
1258.6 149342
1819.66 151621
2319.48 152530
2172.54 152294
1444.51 150499
87.5239 149400
-436.791 149524
-522.507 149691
-1045.71 149631
-1036.8 149720
-1050.16 149261
-1799.34 146049
-5064.34 143582
-6074.01 142544
-5549.7 141785
-3892.15 143562
-1838.3 146209
-1512.14 147661
-1723.64 147489
-1725.87 147498
-1745.91 147340
-2263.54 143424
-6167.52 143609
-8028.78 143624
-10886.4 145535
-12899 145998
-14190.3 144136
-14148 144141
-14299.4 145768
-15755.5 140748
-15833.4 139891
-16046 136466
-16078.3 135968
-15037.5 135200
-14915 135311
-11770.2 135289
-10798.4 137709
-10798.4 137709
-10586.9 145201
-10419.9 145942
-10922 145285
-13738.4 145198
-13612.6 145049
-13902 145292
-13873.1 147227
-13809.6 147138
-13849.7 146089
-14067.9 142337
-14447.5 139118
-14494.2 138889
-14771.4 137393
-14858.2 136141
-14994 135540
-15015.2 131649
-15094.2 127804
-15094.2 127804
-14746.9 125588
-14683.5 124633
-15321.3 124043
-15920.2 124370
-15255.6 124041
-15286.8 124019
-16857.5 121636
-17190.4 125375
-14692.4 129017
-12774.3 132811
-13106.1 133370
-12181 131014
-11439.6 127726
-11923.8 125377
-11923.8 125379
-11927.2 125399
-11927.2 125401
-11926.1 125401
-11925 125401
-11925 125401
-11925 125401
-11925 125401
-13188.4 123239
-13060.4 123251
-13515.7 120074
-12698.6 119642
-12749.8 119481
-13466.7 119924
-16739.5 121305
-16757.3 121510
-16755.1 121523
-16755.1 121525
-16755.1 121527
-16793 121612
-16766.2 121594
-16666.1 121841
-14069 120855
-11594.3 118838
-7238.41 118350
-4060.24 119399
-2719.95 123738
-3790.85 129355
-5250.25 131067
-5104.42 131079
-4062.47 134812
3096.49 139888
4416.74 151566
8685.84 152323
7973.4 151316
4103.93 152657
3107.62 152341
3128.77 149936
2509.84 146933
4420.08 150876
31853.7 91313
31855.9 91313
31857 91310.8
31857 91310.8
31858.1 91310.8
31859.2 91310.8
31859.2 91310.8
31859.2 91310.8
31859.2 91310.8
31860.3 91310.8
31860.3 91310.8
31860.3 91310.8
31860.3 91310.8
31858.1 91384.3
31867 91304.1
31867 91297.4
31870.4 91295.2
31870.4 91295.2
31855.9 91335.3
31857 91333
31888.2 91315.2
31879.3 91308.6
31878.1 91301.9
31875.9 91299.7
31875.9 91297.4
31875.9 91297.4
31874.8 91297.4
31874.8 91297.4
31873.7 91297.4
31872.6 91297.4
31871.5 91295.2
31870.4 91297.4
31869.2 91295.2
31869.2 91295.2
31868.1 91295.2
31861.4 91279.6
31859.2 91286.3
31859.2 91290.7
31859.2 91293
31859.2 91295.2
31859.2 91295.2
31858.1 91297.4
31858.1 91297.4
31859.2 91297.4
31859.2 91297.4
31863.7 91346.4
31861.4 91328.6
31865.9 91275.2
31862.6 91277.4
31861.4 91275.2
31859.2 91275.2
31858.1 91275.2
31859.2 91275.2
31860.3 91277.4
30418.7 91696
28600.9 99668.7
24081.3 104747
20140.6 106023
12000.9 113926
9982.71 120456
4536.96 130607
2555.48 131232
2557.7 131228
2553.25 131321
2591.1 131437
2592.21 131435
3280.17 135273
607.386 141108
529.462 141048
1281.98 146755
1236.34 157328
-2229.03 163722
-5625.39 163938
-5231.32 165305
-4416.46 164136
-3640.57 164114
-3125.16 162660
-1641.27 158701
-1169.27 158650
1201.83 158432
992.551 162085
992.551 162085
-1760.38 162032
-1761.49 162034
-3169.68 161569
-1388.57 161104
1129.47 160868
1674.94 159719
1345.43 157657
1401.09 157619
1302.02 152378
-516.941 152572
-1007.86 152465
-1761.49 148961
-2596.39 143462
-4682.52 141271
-4449.86 139216
-3158.55 139098
295.691 130754
13173.1 124591
15483 114971
15858.2 114376
15522 114951
15876 119860
14072.6 124130
11933 125893
8861.73 128097
7275.42 129553
7274.31 129582
7276.54 129580
5718.06 132572
4406.72 134803
3784.44 137488
1824.11 138757
199.957 139530
-804.145 139940
-2312.52 139007
-2372.64 140668
-2516.24 140659
-3156.33 140670
-3368.95 140683
-4275.09 143544
-10063.7 144515
-10530.1 147091
-12877.9 149373
-13526.8 149295
-15522.8 147848
-15533.9 147538
-12812.2 147302
-10573.5 147316
-10506.8 147540
-10160.5 146129
-10436.6 145343
-10434.4 145365
-10434.4 145365
-10635.9 138958
-10662.6 138118
-12397 137479
-9451.44 134387
-9455.9 133897
-9461.46 133888
-9443.65 133890
-9443.65 133890
-9451.44 133902
-9430.29 133882
-9467.03 133699
-9018.41 134547
-10752.8 133721
-8897.07 135095
-7153.81 135021
-7146.02 135013
-7146.02 135013
-7146.02 135015
-7146.02 135015
-3721.83 134819
-3521.45 134799
-5945.99 134828
-7328.58 132063
-7449.92 131867
-6446.93 134950
-3995.68 134848
-3825.36 134832
-3681.75 134821
-8077.76 133570
-7741.58 132000
-7605.77 131671
-7605.77 131671
-7347.5 131878
-7436.56 132332
-7335.26 131856
-7335.26 131856
-7347.5 131882
-7115.96 131864
-7771.63 132744
-6586.08 136135
-6140.8 142088
-6109.63 143540
-4672.5 143286
-3610.51 141767
-2824.59 140690
-1519.93 139174
-722.882 140009
-729.561 140000
-858.692 139864
-2163.36 136052
-1860.57 136326
-2520.69 135654
-2520.69 135654
726.498 136789
4416.74 144054
4381.12 152510
-2279.13 133675
-2357.05 133488
-2344.81 133490
-2943.71 134474
-5014.25 134449
-1098.03 139652
1215.19 159202
2938.42 160910
3827.86 160937
3827.86 160937
3267.92 160845
1218.53 160013
1031.51 157225
622.971 155642
494.953 154745
493.84 154745
1290.89 153452
395.879 153601
-404.508 150662
-470.187 150083
-486.885 149359
1353.23 149981
3763.29 151069
4857.56 152287
4434.55 152031
3297.98 149415
4924.36 150439
4924.36 150462
3134.34 150978
3119.87 150230
5780.4 148883
6050.91 147995
6542.94 148890
5780.4 146984
4462.38 144829
3345.85 138312
3453.83 138105
3295.75 138372
4296.51 134532
4296.51 134532
4297.63 134532
5769.27 131702
9163.4 123478
11669.2 117698
12280.3 110667
17944.3 106007
26924.4 105533
28537.4 99866.8
30986.5 87298.8
30920.8 86958.2
30894.1 87016.1
30895.2 87036.1
30896.3 87036.1
30896.3 87033.9
30896.3 87031.7
30896.3 87029.4
30896.3 87029.4
30896.3 87029.4
30896.3 87027.2
30896.3 87025
30896.3 87027.2
30896.3 87027.2
30898.5 87027.2
30898.5 87025
30898.5 87025
30897.4 87027.2
30897.4 87029.4
30897.4 87027.2
30897.4 87027.2
30897.4 87027.2
30905.2 86989.4
30901.9 86991.6
30899.6 86998.3
30889.6 87042.8
30891.9 87051.7
30893 87049.5
30903 86993.8
30895.2 87018.3
30905.2 86976
30901.9 86993.8
30900.8 86987.1
30899.6 86989.4
30898.5 86993.8
30898.5 86993.8
30899.6 86993.8
30886.3 86962.6
30886.3 86962.6
30888.5 86976
30890.7 86984.9
30894.1 86956
30894.1 86956
30894.1 86956
30894.1 86956
30893 87069.5
30888.5 87147.4
30888.5 87031.7
30890.7 87027.2
30890.7 87029.4
30890.7 87027.2
30871.8 86915.9
30919.7 86991.6
30897.4 86969.3
30914.1 87098.5
30894.1 87042.8
30896.3 87058.4
30894.1 87045
30893 87042.8
30893 87033.9
30882.9 87018.3
30885.2 87020.5
30885.2 87027.2
30886.3 87029.4
30886.3 87031.7
30888.5 87071.7
30888.5 87071.7
30894.1 87036.1
30893 87040.6
30891.9 87045
30891.9 87045
30891.9 87047.2
30891.9 87045
30893 87047.2
30527.8 89576.4
28754.5 99321.3
23942.2 104754
12486.3 108151
7950.02 120165
6735.52 125343
5073.52 129994
3178.87 130322
3152.15 132038
3123.21 132020
3163.28 131982
3155.49 132045
3149.92 132047
3159.94 132003
3165.51 132074
3164.39 132080
3163.28 132083
2468.65 132365
2359.55 130851
2018.92 133552
1398.87 132428
1944.33 130408
1837.47 128674
1416.68 129322
1379.94 129364
1401.09 129547
2156.95 133726
2162.52 135151
988.099 137039
159.882 138602
723.158 139710
-3342.23 139096
-5359.34 138116
-4561.18 136386
-3511.44 142313
-2970.42 143477
-1725.87 150023
-1725.87 150023
-2236.83 153376
-2360.39 153171
-699.505 153051
-701.731 153445
-692.826 153180
-1630.14 152599
-463.508 159414
-463.508 159414
-4092.52 161224
-4092.52 161224
-4043.54 162916
-4094.75 162842
-4258.39 162974
-4096.98 162239
-3296.59 162228
-3186.38 162199
-3272.1 158318
-3323.31 157731
-2970.42 158109
-3538.15 155155
-3656.15 155139
-3699.57 154750
-2569.67 154364
-2569.67 154364
-91.7005 153710
-91.7005 153710
4444.57 150292
2448.61 138947
-20498.8 162319
7432.38 129108
15037.7 121530
15884.9 114690
15200.3 114922
15002.1 118014
12098.9 117847
9974.92 120401
2948.43 127006
2490.91 126864
2288.31 127156
2180.33 127630
1893.13 129571
4048.27 129729
4639.38 130181
4639.38 130184
4639.38 130184
4628.25 130172
4626.02 130175
4626.02 130177
4626.02 130177
4623.79 130177
2526.53 129360
1358.79 129351
1401.09 129487
2201.48 133873
2297.22 137257
1765.11 141349
1760.66 141349
1001.46 142006
1008.14 142273
1008.14 142273
830.025 141914
-2997.14 139067
-3637.23 139243
-3139.63 141761
-2803.44 141745
-3482.49 139082
-7566.8 139287
-7566.8 139287
-9494.86 131916
-10376.5 131330
-11264.8 131664
-12425.9 131956
-12773.2 133844
-13087.1 133670
-14679 135396
-14852.7 135745
-14828.2 135939
-14395.1 139365
-14063.4 139686
-8613.21 139385
-5153.4 140623
-4717.03 141298
-1860.57 143807
-1803.79 147469
-1848.32 149097
-1741.46 150344
-1617.89 152666
24.0718 157958
724.271 159550
964.721 159536
455.991 159810
-681.694 155620
-1703.61 149518
-1305.08 149112
-513.601 149647
-523.62 149740
-523.62 149740
-1067.97 149580
-1254.99 149103
-1744.79 150074
-1567.8 153888
-601.544 155669
-540.318 155616
-522.507 155771
1149.51 156005
2262.71 156001
4363.31 159935
11064.7 161386
14183.9 161687
4437.89 160411
3149.92 155999
1394.41 155925
722.045 155961
-519.167 155656
-519.167 155656
-804.145 155905
-2378.2 155927
-3576 152942
-3669.51 150784
-4052.45 150987
-4769.35 151089
-5295.89 150128
-5810.18 148197
-7309.66 147131
-8895.96 147282
-10486.7 146519
-12548.4 145978
-14052.3 142805
-14748 137642
-14866 136544
-14770.3 137497
-12778.8 137497
-9764.25 137482
-12590.7 137368
-12687.5 137377
-12936.9 139379
-12075.2 143985
-12832.2 148253
-12899 148315
-10443.3 154084
-9842.17 153224
-9942.36 153218
-9637.35 157635
-5594.22 164608
-5431.7 171272
-5436.15 169537
-5556.37 164942
-5481.79 169190
-4859.51 170421
-5490.7 166420
-4043.54 164107
-4073.6 161956
-3270.99 158234
-3554.85 153494
-3995.68 152412
-4020.17 152394
-3648.36 149522
-875.39 149237
1339.87 147075
1339.87 147075
4275.36 147015
6160 149014
6161.12 149014
6539.6 149217
7897.7 149529
9023.14 152427
13654 152365
12386.1 152091
9004.22 152294
31863.7 91279.6
31862.6 91279.6
31861.4 91279.6
-2816.8 155168
-2816.8 155168
-2816.8 155168
31861.4 91281.8
31861.4 91279.6
31862.6 91279.6
31861.4 91281.8
31861.4 91281.8
31861.4 91281.8
31861.4 91281.8
31861.4 91281.8
31860.3 91284.1
31860.3 91284.1
31860.3 91284.1
31860.3 91284.1
31860.3 91284.1
31860.3 91284.1
31859.2 91284.1
31860.3 91286.3
31860.3 91286.3
31860.3 91286.3
31860.3 91286.3
31852.5 91268.5
31843.6 91248.4
31843.6 91248.4
31843.6 91248.4
31844.7 91250.7
31844.7 91250.7
31844.7 91250.7
31894.8 91335.3
31850.3 91299.7
31850.3 91301.9
31851.4 91299.7
31851.4 91299.7
31851.4 91299.7
31851.4 91299.7
31850.3 91299.7
31851.4 91299.7
31850.3 91299.7
31850.3 91297.4
31851.4 91297.4
31851.4 91297.4
31851.4 91297.4
31851.4 91297.4
31851.4 91297.4
31852.5 91297.4
31852.5 91297.4
31852.5 91295.2
31852.5 91295.2
31852.5 91295.2
31852.5 91295.2
31852.5 91295.2
31852.5 91297.4
31852.5 91297.4
31852.5 91297.4
31688.9 91315.2
25145.5 103019
21266.1 106047
17047 105940
17047 105940
12416.2 108786
11530.1 118027
9203.48 123215
6798.98 129885
4277.59 130941
2559.93 131183
2561.04 131197
2552.14 131295
2573.29 131317
2575.51 131332
2575.51 131335
2574.4 131346
1385.51 133156
2424.12 135756
3399.28 137290
3705.41 137593
3705.41 137591
3771.09 137700
3709.86 137646
3658.65 137595
3619.69 137673
4390.02 135028
8186.02 128235
15257 121167
15869.3 114403
15382.8 117665
15643.3 120474
12821.4 125221
6645.36 130693
4380 135191
2635.63 136026
2582.19 135957
2582.19 135957
2576.63 136072
3018.57 136533
1446.73 135304
1416.68 134144
-945.521 134614
-3671.74 133637
-3363.38 133574
-3285.46 133621
-3308.83 133634
-4125.92 134204
-4486.59 133695
-3395.66 133530
-3383.42 133561
-3384.53 133559
-3383.42 133550
-2181.17 139065
1284.21 146556
809.987 151829
1079.38 151978
400.332 151401
401.445 151379
401.445 151134
25.185 147284
-624.921 145345
-1979.68 145136
-1401.93 142313
-1685.8 142391
-1193.76 141509
-1193.76 141509
-284.283 140665
1247.47 143390
4823.06 141794
4214.14 141587
2959.57 141126
3598.54 141741
3598.54 141743
3598.54 141745
3293.53 141206
3211.15 141202
2878.3 141186
2406.31 139788
2382.93 139686
1448.96 141990
1433.38 141963
1377.72 141888
1377.72 141888
4204.12 138695
4288.72 138693
1844.15 140964
1448.96 141979
1348.77 141943
1317.6 141868
3626.37 140625
4407.83 144987
5112.49 147358
6070.95 147596
5861.67 147422
4546.98 146964
4546.98 146964
1546.92 147022
1475.68 146986
584.009 144517
1241.91 144499
1244.13 144501
1259.72 148623
1271.96 152067
1241.91 152180
137.618 152632
-6276.61 152828
-8627.68 152893
-10493.4 152592
-10839.6 153792
-10868.5 153062
-11614.4 151381
-11725.7 149578
-11830.3 147601
-12482.7 143500
-13108.3 142912
-12867.8 140115
-12391.4 138800
-12388.1 138764
-12366.9 138751
-12368 138751
-10830.7 137471
-8077.76 135035
-4754.87 134249
-4540.03 132523
-3630.55 132174
-3710.7 130473
-3554.85 125938
-3319.97 125913
-3699.57 128491
-3704.02 131386
-3698.45 131455
-4528.9 133817
-3403.46 133488
-3423.49 133510
-3356.7 134857
-3191.95 134801
3558.47 135876
-2747.78 131726
-2540.73 131873
-2493.98 131909
-2465.03 131740
-2493.98 131887
-3673.96 132902
-4583.44 130949
-3651.7 131361
-3128.5 132512
-3091.76 132512
-3091.76 132512
-2942.59 134494
-2942.59 134494
-2884.71 136480
-2823.48 140138
-2361.5 143535
-1613.44 152853
-1348.5 161041
-4089.18 162192
-4780.48 162620
-4735.95 162306
-4728.16 160796
-2217.9 161723
-1673.55 162119
-1374.1 162130
-1761.49 158766
-1216.03 154603
-998.954 153095
-816.39 152946
1205.17 157239
665.272 158102
660.819 158463
-469.074 158586
-2495.09 158735
-4108.11 160336
-4108.11 160336
-2023.09 161527
-2206.77 161418
-443.47 158844
1811.86 157987
2082.37 157996
1260.83 157700
1260.83 157700
1494.6 148088
2197.03 148571
1332.08 147066
1322.06 143005
1441.17 141905
1349.89 141872
-2675.43 139018
-2918.1 140668
-3002.71 140670
-3581.57 139005
-3180.82 135086
-3130.72 134788
-2823.48 139514
-2778.95 143355
-3680.64 145401
-4111.45 145775
-4682.52 142649
-4315.16 141369
-2866.9 139127
771.026 142159
773.252 142306
1456.75 141892
1447.85 141908
2101.29 137994
2361.78 133991
1396.64 130295
956.929 129191
1907.6 130034
1752.86 131163
1991.09 133405
2012.24 133545
816.667 131949
1637.09 134765
3886.86 134302
3886.86 134302
4231.95 134652
4234.17 134650
7774.13 127708
10449.1 119588
12191.3 111647
15317.1 105934
18801.4 106143
20975.5 106065
22413.8 103302
23024.9 100624
23095 98441.9
25979.3 94202.9
25979.3 94202.9
30379.8 92475.2
30890.7 87016.1
30893 87013.9
30895.2 87009.4
30897.4 87007.2
30900.8 87002.7
30900.8 87002.7
30831.7 87069.5
30887.4 87051.7
30890.7 87049.5
30890.7 87062.8
30897.4 87049.5
30900.8 87045
30900.8 87045
30901.9 87045
30900.8 87045
30900.8 87045
30900.8 87047.2
30900.8 87047.2
30900.8 87045
30900.8 87045
30900.8 87045
30901.9 87042.8
30901.9 87042.8
30901.9 87042.8
30901.9 87042.8
30901.9 87042.8
30901.9 87031.7
30896.3 87007.2
30894.1 86993.8
30894.1 86989.4
30895.2 86989.4
30896.3 86987.1
30897.4 86984.9
30897.4 86987.1
30897.4 86987.1
30896.3 87009.4
30895.2 87018.3
30897.4 87016.1
30900.8 87009.4
30901.9 87007.2
30904.1 87004.9
30905.2 87004.9
30904.1 87002.7
30840.6 86969.3
30877.4 86991.6
30874 86984.9
30878.5 86987.1
30915.2 87120.7
30898.5 87013.9
30898.5 87011.6
30897.4 86960.4
30893 86956
30895.2 87065.1
30886.3 86976
30889.6 86973.8
30889.6 86982.7
30890.7 86984.9
30891.9 86989.4
30893 86989.4
30893 86991.6
30894.1 86991.6
30894.1 86993.8
30893 86991.6
30893 86991.6
30897.4 87007.2
30891.9 86987.1
30891.9 86953.7
30895.2 86951.5
30891.9 86956
30898.5 87033.9
30898.5 87011.6
30898.5 87007.2
30899.6 87009.4
30898.5 87011.6
30898.5 87013.9
30898.5 87011.6
30897.4 87009.4
30898.5 87009.4
30898.5 86940.4
30898.5 86940.4
30888.5 87038.3
30900.8 87089.6
30900.8 87022.8
30900.8 87025
30900.8 87022.8
30900.8 87022.8
30900.8 87022.8
30900.8 87022.8
30900.8 87025
30537.9 89442.8
28104.4 100873
23204.1 104872
19010.7 105996
13016.2 106112
11844 115935
8056.89 119196
6957.05 124250
3223.39 123106
555.066 121233
553.953 121233
-57.1914 120951
-3059.48 122966
-4104.77 124822
-4144.84 126138
-4194.94 126285
-4194.94 126285
-4217.2 130878
-5173.44 132606
-5187.91 132659
-5176.77 132584
-5190.13 132588
-5191.25 132584
-5028.72 132566
-4709.23 143506
-1748.13 147104
-1748.13 147104
-1307.31 147008
-24.9088 147017
663.046 141785
6465.02 130820
14732.7 122055
15867.1 114332
15867.1 114332
15241.4 115868
13808.8 118388
10818.7 119259
7960.04 119938
6708.81 124842
3255.68 127434
1850.82 127619
1425.58 129536
2623.38 134371
1723.92 139158
938.005 143633
792.176 143693
1991.09 141848
737.63 141661
374.728 140311
398.105 140334
-1764.83 141258
-1849.44 144675
-1849.44 144675
-3600.49 151503
-3618.3 151715
-2791.2 151072
-2662.07 149266
-1860.57 147912
-2016.41 147984
-2180.05 146935
-2059.83 145432
-2063.17 145497
-3338.89 144911
-3313.29 144916
-7230.62 143618
-9961.29 143849
-8761.26 143192
-4419.8 143615
-929.936 145379
-647.185 144553
-511.375 143464
-511.375 143464
119.807 142625
118.693 142625
118.693 142625
119.807 142625
119.807 142622
120.92 142622
286.786 143114
-1318.44 144179
-7006.87 143622
-10537.9 149095
-11519.8 149259
-11230.3 148211
-11230.3 148211
-11702.3 149308
-15542.8 149095
-19925.5 149079
-23297.4 148658
-27306 148952
3173.3 130337
2443.04 132372
-555.903 134460
-7482.2 135001
-8340.47 136607
-8612.09 137332
-9021.75 133890
-9436.97 135008
-17563.3 136237
-18832.3 138243
-19458 148119
-19616 153480
-19059.4 154424
-18680.9 154440
-17404.1 156804
-18037.5 156796
-17286.1 156818
-17250.5 154306
-18202.3 151610
-16552.5 151575
-15092 151998
-12063 153823
-12063 153823
-11291.6 158387
-9263.31 159897
-9263.31 159897
-7656.97 158385
-7317.45 155277
-7317.45 155277
-5094.4 154373
-4297.35 152614
-4314.05 152361
-2650.94 149112
-17.1164 149466
1833.01 150651
4364.42 151056
9371.57 150749
11716 149885
11769.4 149880
9654.32 149217
6870.22 150902
4563.68 151759
4757.38 151746
4462.38 150034
4725.09 140982
4945.51 140603
6116.59 139664
4461.27 137468
4461.27 137468
4277.59 134598
6300.26 130765
9830.21 120917
12352.7 109681
18772.5 106130
22373.7 106078
23929.9 102668
28771.2 99312.4
31622.1 91306.3
31853.7 91293
31852.5 91290.7
31853.7 91288.5
31853.7 91290.7
31853.7 91290.7
31854.8 91290.7
31854.8 91293
31854.8 91293
31854.8 91295.2
31855.9 91295.2
31855.9 91295.2
31855.9 91295.2
31857 91295.2
31857 91295.2
31857 91295.2
31857 91295.2
31857 91297.4
31857 91297.4
31857 91297.4
31857 91297.4
31857 91297.4
31857 91297.4
31857 91297.4
31858.1 91297.4
31858.1 91299.7
31858.1 91299.7
31858.1 91299.7
31858.1 91299.7
31858.1 91299.7
31859.2 91299.7
31859.2 91299.7
31859.2 91299.7
31859.2 91299.7
31859.2 91299.7
31859.2 91299.7
31859.2 91299.7
31859.2 91299.7
31859.2 91299.7
31860.3 91299.7
31860.3 91299.7
31860.3 91299.7
31860.3 91299.7
31860.3 91297.4
31860.3 91297.4
31860.3 91297.4
31860.3 91297.4
31860.3 91297.4
31860.3 91297.4
31860.3 91297.4
31860.3 91297.4
31860.3 91297.4
31860.3 91297.4
31860.3 91297.4
31860.3 91299.7
31860.3 91299.7
31860.3 91299.7
31860.3 91299.7
31860.3 91299.7
31860.3 91299.7
31860.3 91299.7
31861.4 91299.7
31861.4 91299.7
31861.4 91299.7
31861.4 91299.7
31861.4 91299.7
31861.4 91299.7
31861.4 91299.7
31861.4 91299.7
31861.4 91299.7
31861.4 91299.7
31861.4 91299.7
31861.4 91299.7
31861.4 91299.7
31861.4 91299.7
31861.4 91299.7
31861.4 91299.7
31861.4 91299.7
31861.4 91299.7
31861.4 91299.7
31861.4 91297.4
31860.3 91297.4
31860.3 91297.4
31861.4 91288.5
31861.4 91290.7
31822.5 91239.5
31839.2 91261.8
31843.6 91268.5
31847 91270.7
31847 91272.9
31848.1 91277.4
31848.1 91279.6
31849.2 91281.8
31850.3 91284.1
31850.3 91284.1
31851.4 91286.3
31852.5 91286.3
31852.5 91286.3
31852.5 91286.3
31862.6 91333
31861.4 91333
31862.6 91330.8
31862.6 91326.4
31863.7 91324.1
31863.7 91324.1
31863.7 91324.1
31863.7 91321.9
31863.7 91321.9
31862.6 91319.7
31862.6 91317.5
31862.6 91317.5
31862.6 91315.2
31863.7 91315.2
31872.6 91299.7
31869.2 91297.4
31871.5 91295.2
31860.3 91299.7
31863.7 91295.2
31865.9 91297.4
31865.9 91297.4
31835.8 91330.8
31848.1 91319.7
31851.4 91313
31852.5 91313
30291.8 94015.8
27228.3 102752
22450.5 103258
19502.8 105996
12976.1 106283
11947.5 114715
9381.59 122576
6370.4 130676
3532.86 130994
2603.34 131357
2603.34 131357
2558.82 131352
2600 131355
2534.33 131372
3668.67 135652
691.989 141064
1256.38 150116
1240.79 152603
390.313 153485
-1781.53 146185
-3501.42 145421
-4198.28 145477
-2830.16 145425
-2741.1 144637
-2787.86 142026
-3602.72 138504
-3653.92 135471
-9009.5 135048
-10834 131230
-10832.9 131228
-9088.54 131488
-7888.52 141687
-7402.05 141739
-7564.58 141607
-7567.92 141609
-8219.14 137324
-8612.09 137248
-15621.9 143836
-15626.3 148044
-15625.2 148090
-20309.5 152817
-24596.5 154171
-24572 154656
-22532.6 153641
-21945.9 152118
-20283.9 155208
-18578.5 163121
-19006 165739
-18598.6 165790
-15761 163869
-9681.87 164610
-3052.8 164016
-2739.99 162141
-1999.72 162016
-1229.39 161919
-1229.39 161919
19.619 161578
3530.64 165298
5822.7 167696
5842.74 167598
4671.66 167498
4190.76 162751
3651.97 161749
1255.27 159296
1522.43 154335
1574.75 154286
1575.87 154293
1582.54 154364
1583.66 154367
1273.08 153525
-1021.22 152933
-1027.9 152977
-2266.88 152583
-2358.17 152590
-2358.17 152590
-2667.63 148832
-4927.42 147073
-7773.86 147175
-10598 147353
-12783.2 141732
-12830 140703
-12461.5 137793
-12481.6 137711
-12461.5 137742
-12466 137738
-10631.4 141578
-10438.8 150938
-10787.3 151408
-11050 150415
-9531.59 149204
-8547.53 148587
-10178.4 147311
-10689.3 141621
-12853.4 140245
-12355.8 139383
-12401.4 137813
-12469.3 137669
-12413.7 137642
-12420.3 137626
-15647.5 143126
-15574 154605
-14385.1 155395
-15431.5 153055
-15994.8 152732
-15994.8 152732
-16973.3 154306
-16973.3 154306
-20563.4 152830
-22071.7 151067
-21063.2 150528
-21173.4 149754
-21179 149473
-21179 149473
-16286.5 149177
-14325 149386
-13824.1 148435
-14048.9 144176
-12724.2 142932
-12857.8 139766
-12451.5 137776
-12533.9 137911
-14821.5 136878
-14836 136014
-13531.3 135436
-9048.47 135117
-9381.31 135037
-7947.52 135024
-7346.39 131862
-7348.62 131842
-7347.5 131844
-7347.5 131849
-7339.71 131898
-7339.71 131898
-6984.6 135124
-5249.13 134919
1555.83 137882
4414.51 148407
3015.23 151938
2386.27 152272
2386.27 152272
2377.37 152167
2423.01 152040
2490.91 152038
2429.69 151893
2435.25 151891
2391.84 151826
3125.43 150263
3126.55 150250
1648.22 149290
1299.79 145744
441.52 141569
-1515.48 139049
-1515.48 139049
-709.524 140160
-58.3046 139946
-1553.33 141162
-1136.99 140752
-5653.22 139200
-12867.8 140534
-12714.2 142295
-12717.6 142273
-14834.9 136469
-14912.8 134621
-14327.2 133944
-12192.1 134155
-12192.1 134155
-12168.8 135545
-9916.76 133668
-9029.54 133759
-5649.88 134919
-5156.74 134892
-3193.06 135026
-3127.38 134772
-2914.76 135890
-3147.42 134810
-2047.58 136315
-1133.65 139045
-1228.27 139269
497.18 136609
785.497 134783
1421.13 134142
1393.3 134516
1996.65 135531
3784.44 137553
4304.31 140939
4304.31 140939
4406.72 136963
5701.37 132606
6824.58 133347
6675.41 134296
6469.47 134859
4392.25 135910
4422.3 136909
4401.15 134990
4259.78 134650
4257.55 134645
4260.89 134627
8208.28 126419
11729.3 117377
12500.8 108160
18794.8 106181
21177 106114
22894.7 103271
24141.4 103367
24141.4 103367
28828 99187.8
30744.9 88198.3
30901.9 87022.8
30899.6 87029.4
30899.6 87029.4
30898.5 87000.5
30900.8 87002.7
30904.1 87002.7
30904.1 86998.3
30904.1 86998.3
30904.1 87000.5
30905.2 87000.5
30905.2 87000.5
30905.2 87040.6
30905.2 87040.6
30915.2 86998.3
30895.2 87007.2
30898.5 86993.8
30901.9 86991.6
30917.5 87038.3
30896.3 87013.9
30898.5 87031.7
30898.5 87031.7
30945.3 87004.9
30910.8 86989.4
30876.3 87007.2
30899.6 87000.5
30899.6 87000.5
30899.6 86998.3
30899.6 86998.3
30898.5 87000.5
30897.4 87002.7
30897.4 87004.9
30897.4 87004.9
30897.4 87004.9
30897.4 87004.9
30897.4 87004.9
30907.4 87047.2
30907.4 87045
30907.4 87045
30911.9 87062.8
30897.4 87007.2
30899.6 87013.9
30899.6 87011.6
30899.6 87011.6
30921.9 86996
30915.2 87067.3
30858.5 87367.8
30924.1 87018.3
30903 87011.6
30900.8 87016.1
30903 87013.9
30903 87013.9
30903 87018.3
30903 87020.5
30903 87022.8
30903 87022.8
30903 87025
30903 87025
30903 87011.6
30911.9 87018.3
30907.4 87011.6
30903 87011.6
30901.9 87013.9
30901.9 87016.1
30901.9 87016.1
30901.9 87020.5
30901.9 87022.8
30868.5 86869.1
30913 87094
30915.2 87051.7
30910.8 87080.6
30911.9 87071.7
30911.9 87071.7
30911.9 87067.3
30914.1 87020.5
30915.2 87018.3
30914.1 87022.8
30913 87022.8
30860.7 86984.9
30864 86987.1
30866.2 86987.1
30885.2 87022.8
30887.4 87020.5
30899.6 87016.1
30909.7 86987.1
30909.7 86984.9
30908.6 86989.4
30908.6 86989.4
30909.7 86987.1
30910.8 86984.9
30910.8 86984.9
30909.7 86987.1
30908.6 86989.4
30908.6 86991.6
30908.6 86991.6
30908.6 86991.6
30916.3 87071.7
30916.3 87071.7
30895.2 87069.5
30898.5 87058.4
30898.5 87056.2
30886.3 86953.7
30887.4 87004.9
30890.7 87009.4
30891.9 87007.2
30879.6 87045
30906.3 87065.1
30911.9 87042.8
30911.9 87036.1
30910.8 87036.1
30917.5 87065.1
30916.3 87065.1
30915.2 87065.1
30915.2 87067.3
30920.8 87011.6
30915.2 86971.6
30911.9 86967.1
30890.7 87105.1
31035.5 86773.4
30569 91642.5
28832.4 99152.1
24464.3 103623
22013 103246
17816.3 103678
17816.3 103678
13168.7 105687
11848.4 115496
8292.88 119245
6914.75 123754
8100.3 126650
3739.92 135758
-3004.93 143495
-4662.48 142776
-4720.36 140427
-3854.3 135952
-1858.34 135785
-1862.79 135812
-1823.83 135905
449.312 129825
3581.84 118896
4673.89 111150
10777.5 109699
10878.8 109449
7678.4 110680
2892.78 112359
2892.78 112359
-1095.8 114890
-1711.4 115852
-3670.62 118546
-4002.35 119370
-4232.79 120741
-3778.6 123146
-2619.77 122794
-3019.4 122342
-2893.61 121815
-3820.9 123148
-4232.79 121725
-4123.69 115670
-4170.45 109427
-3378.97 106034
-1883.94 108265
-1621.23 115754
-2470.6 118021
-3896.6 119292
-3283.23 123001
-2916.99 122422
-2986.01 122569
-2185.62 123003
-2632.01 122763
-3611.62 125234
-3642.79 131666
-3616.08 138998
-2949.27 141340
-2820.14 143395
-1601.19 145410
584.009 143299
137.618 142598
137.618 142600
138.731 142598
138.731 142598
139.844 142593
139.844 142593
691.989 141785
-2656.5 138996
-3535.93 139080
-3541.49 141703
-3509.21 142251
-3559.3 143054
-3783.05 143426
-1858.34 145641
-1788.21 144993
-5255.81 143562
-6904.45 139045
-6223.18 138735
-5376.04 139294
-4752.65 141801
-4670.27 143337
-1666.87 145437
-1666.87 145437
-1547.76 146276
-1724.76 146485
-2785.63 141877
-2819.03 139114
-3250.95 139214
-2080.98 139699
889.024 140984
4923.24 131112
3590.75 127454
4680.57 127225
3814.5 126486
3812.27 126486
3849.01 126708
3896.88 127035
1865.3 128407
1888.67 129302
-1548.87 130342
-4733.72 131617
-5253.59 132615
-4360.8 132497
-3604.94 131700
