3983.71 137831 4052.72 137916
4047.16 137934 3620.8 138735
3505.03 139523 3242.32 139982
3217.83 139982 2970.7 139664
2959.57 139670 2937.3 139748
2959.57 139779 4132.87 141560
4372.21 142609 4383.34 148925
4358.85 149215 4333.25 149489
4353.29 149511 4450.13 149489
4498 149437 7144.07 149331
7152.97 149359 7876.55 149277
7879.89 149288 7889.91 149909
7904.38 149894 7887.68 149322
7879.89 149319 7862.08 150234
7843.15 150401 7898.81 150700
7887.68 150722 7767.46 150767
7561.51 150800 5903.97 150967
5900.63 150962 5891.72 150956
5856.1 150967 4561.45 151045
4533.62 151023 3633.05 151058
3267.92 151029 3203.36 151034
3143.24 151096 3123.21 151034
3086.47 151096 3069.77 151475
3064.21 151486 2374.03 151490
2126.9 151463 1781.81 151490
1772.9 151508 1761.77 151735
1874.2 151731 1889.79 151991
1873.09 151993 1785.15 151998
1778.47 151880 1765.11 151537
1776.24 151523 2641.19 151515
2633.4 151615 2881.64 151490
2895 151515 2878.3 151735
2817.08 151942 2833.78 152238
2716.89 152147 2627.83 152292
2600 152287 2546.57 152376
2485.35 152131 2430.8 152303
2408.54 152539 2407.42 152565
2386.27 152583 2290.54 152632
2080.14 152632 2048.97 152677
1987.75 152659 1512.41 152626
1511.3 152655 1534.68 152710
1528 152773 1447.85 152828
1412.23 152922 1438.94 152165
1506.85 152058 1548.04 152459
1578.09 152472 1712.79 152773
1707.22 152893 1711.68 152955
1534.68 153256 1470.11 153300
1458.98 153273 1431.15 153173
1395.53 153126 1377.72 153084
1373.26 153151 1366.58 153211
1277.53 153396 1300.91 153327
1238.57 152810 1349.89 152565
815.553 152610 759.894 152577
45.2225 152655 -1498.78 152592
-1504.34 152603 -1273.91 152661
-1271.69 152692 -1268.35 152973
-1270.57 153182 -1201.56 153144
-1001.18 153106 -995.615 152988
-1015.65 152955 -1026.78 152862
-1010.09 152666 -984.483 152650
-742.92 152626 -669.449 152761
4611.55 152726 4634.93 152766
4648.28 152844 4629.36 152895
4594.85 152933 4551.44 152944
4509.13 152933 4464.61 152877
4450.13 152810 4434.55 142495
4890.96 142507 4917.68 142509
4941.05 142491 4951.07 142451
4941.05 142195 4952.19 142168
4978.9 142162 5056.83 142135
5065.73 142113 5074.64 142106
5202.65 142117 5275.01 142135
5163.69 142146 4985.58 142186
4941.05 142184 4915.45 141939
4934.37 141990 4946.62 142451
4929.92 142469 4420.08 142487
4403.38 142464 4217.48 141678
4197.44 141674 4160.7 141701
4164.04 141734 4364.42 152398
4319.89 152505 4255.33 152581
4082.78 152637 3103.17 152588
3098.72 152510 3100.94 152298
3076.45 152247 3106.51 151608
3095.38 151497 3078.68 151468
2942.87 151470 2368.46 151479
2329.5 151508 1989.97 151541
1328.74 151535 1299.79 151247
1319.83 151100 1288.66 150967
1330.96 151074 1303.13 150168
1316.49 150139 1325.4 149923
1288.66 148752 1261.94 142832
-1463.16 139134 -1696.93 139018
-2969.31 139069 -3085.08 139085
-3129.61 139111 -3229.8 139085
-3255.4 139096 -3658.38 139118
-3669.51 139140 -10635.9 139207
-10643.7 139174 -10686 137466
-10732.7 137433 -10845.2 137444
-10853 137430 -10858.5 137375
-10847.4 137375 -10810.7 137366
-10794 137337 -10788.4 137288
-10756.1 137286 -10766.1 137219
-10752.8 137426 -10828.5 138043
-10758.3 141460 -10771.7 141529
-10797.3 141551 -10942 141583
-11178 141583 -11390.6 141567
-11481.9 141549 -11487.5 141578
-11507.5 141583 -11696.8 141572
-11886 141578 -11918.3 141596
-12723.1 141674 -14084.6 141839
-14120.2 141908 -13981 144001
-13984.4 144061 -13889.8 145530
-13903.1 145552 -13903.1 145782
-15016.3 145501 -15408.1 145189
-15426 145147 -15570.7 145089
-15743.2 144945 -15745.4 144896
-15598.5 146182 -15581.8 152216
-15584 152316 -15591.8 153055
-15609.6 153084 -15797.8 153066
-15831.2 153033 -15847.9 152926
-15828.9 152882 -15798.9 152862
-14874.9 152844 -13505.7 152893
-13499 152922 -13489 153126
-13500.1 153066 -13485.7 152870
-13457.8 152866 -12458.2 152926
-12417 152955 -12398.1 152933
-12074.1 152917 -12035.2 152870
-12018.5 152870 -11790.3 152837
-11690.1 152882 -11682.3 152873
-11448.5 152926 -11387.3 152960
-11365 152951 -11067.8 152928
-10511.2 152933 -10388.8 154273
-10329.8 154235 -10349.8 154042
-10355.4 154013 -10399.9 153149
-10424.4 152599 -10407.7 152565
-10413.2 152138 -10396.5 151926
-10402.1 151541 -10396.5 151463
-10409.9 151303 -10448.9 149900
-10424.4 149820 -10476.7 149177
-10480 148240 -10510.1 146748
-10526.8 145000 -10443.3 144205
-10615.8 139635 -10589.1 139603
-10376.5 139470 -8988.35 139481
-8957.18 139501 -8361.63 139430
-8334.91 139441 -8270.34 139630
-8272.57 139659 -8242.51 139935
-8228.04 140024 -8214.68 140225
-8184.63 140147 -8194.65 140138
-8179.06 140280 -8162.36 140416
-8138.99 140525 -8138.99 140737
-8108.93 140743 -7945.29 140772
-7936.38 140799 -7888.52 140884
-7939.72 141393 -7961.99 141578
-8303.74 141607 -8326 141607
-8331.57 141627 -8346.04 141852
-8479.62 142035 -8470.72 142108
-8495.21 142173 -8529.72 142184
-8756.81 142106 -8771.28 142052
-8774.62 141816 -8795.77 141774
-8796.88 141612 -8815.81 141616
-8840.3 141594 -8851.43 141551
-9264.43 141594 -9174.26 141739
-9116.37 141707 -8986.13 141618
-8813.58 141418 -8818.04 141440
-7944.18 141578 -7917.46 141560
-7891.86 141574 -7827.29 141627
-7805.03 141618 -7778.31 141649
-7772.75 141930 -7705.95 141946
-7702.61 141986 -7705.95 142175
-7616.9 143088 -7610.22 143188
-7576.82 143166 -7560.13 143500
-6535.99 143477 -5084.38 143411
-3611.62 143386 -2901.4 143330
-2843.52 143315 -2802.33 143308
-2793.42 143321 -2752.24 144544
-2728.86 144557 -2255.75 144577
-2261.32 144606 -2284.69 144746
-2268 144762 -2247.96 144695
-2259.09 144633 -2279.13 144591
-2409.37 145169 -2417.16 145263
-2398.24 145390 -2114.38 145392
-1925.13 145374 -1886.17 145412
-1860.57 145412 -1771.51 145401
-1702.49 145368 -1281.71 145390
454.878 145341 1225.21 145330
1278.64 145303 1316.49 145223
1319.83 143749 1323.17 143555
1342.09 143533 1434.49 143475
1867.52 143130 1978.84 143110
2015.58 143077 1987.75 141950
1974.39 141850 1957.69 141583
1937.65 141572 1898.69 141596
1926.52 141645 1965.48 141641
1957.69 141551 1918.73 141378
1774.01 141149 1737.28 141177
1278.64 142039 1294.23 142057
1288.66 142084 1234.11 142108
1156.19 142072 1050.44 141930
927.986 141794 911.288 141716
896.817 141716 796.629 141894
768.799 141868 694.215 141734
772.139 141456 635.216 141727
626.31 141772 320.182 141373
315.729 141340 432.614 141137
460.444 141144 449.312 141233
-77.2289 142208 -597.091 143043
-600.431 143085 -516.941 143221
-71.663 143811 2.92109 143932
22.9586 144061 8.48706 149293
53.0149 149355 -18.2296 152561
8.48706 152617 41.8829 152637
1191.81 152672 1219.64 153037
1245.25 154874 1245.25 155008
1234.11 155021 1210.74 155916
1197.38 155927 896.817 155905
893.477 155883 902.383 155132
874.553 155121 631.876 155104
627.423 155088 631.876 154758
615.178 154743 14.053 154729
9.60025 154752 -2.64489 154847
8.48706 154854 9.60025 154752
28.5246 154736 187.711 154732
70.826 154732 19.619 154707
-554484 2.20578e+06 11.8266 154669
-7.09767 154654 -244.208 154654
-238.642 154669 14.053 154685
26.2982 154721 620.744 154741
631.876 154854 616.291 155059
599.594 155092 496.066 155104
496.066 155115 607.386 155121
624.084 155137 615.178 155938
594.028 155945 -597.091 155898
-611.563 155872 -658.317 155003
-809.711 154810 -1157.03 154603
-1296.18 154291 -1335.14 154273
-3386.76 154246 -2813.46 153445
-2762.26 153429 -2728.86 153449
-2685.44 153449 -2626.45 153467
-2542.96 153449 -2450.56 153440
-2442.77 153427 -1619 153383
-1600.08 153423 -1583.38 153507
-1538.85 154409 -1468.72 154520
-1342.93 154598 -787.447 154870
-730.674 154981 -697.279 155159
-469.074 159423 -591.525 159897
-720.656 160788 -798.579 160943
-878.729 161030 -1023.44 161064
-1301.74 161030 -2935.91 160888
-3648.36 160926 -3951.15 160654
-3962.28 160592 -3970.07 160498
-3990.11 160487 -5512.96 160574
-5524.09 160536 -5535.22 160035
-5551.92 159973 -5604.24 159095
-5674.37 158944 -5728.92 158254
-5730.03 158194 -5741.16 158183
-5799.05 158187 -6068.44 158192
-6066.22 158232 -6107.41 158209
-6116.31 158220 -6118.54 158283
-6107.41 158283 -6107.41 158180
-6119.65 157976 -6119.65 157593
-6108.52 157582 -5787.92 157575
-5754.52 157586 -4980.85 157212
-4318.5 157152 -3652.81 157203
-3503.64 157346 -3433.51 157357
-3427.95 157314 -3466.91 156606
-3458 156128 -3294.36 156061
-3063.93 156027 -2795.65 156001
-2691.01 156001 -2634.24 155979
-2615.31 155987 -2551.86 155954
-2500.65 155872 -2539.62 154587
-2596.39 154420 -2640.92 154391
-3283.23 154387 -3416.81 154309
-3411.25 154280 -3392.32 154224
-2826.82 153449 -2657.61 153445
-2632.01 153463 -2389.33 153418
-1621.23 153389 -1593.4 153427
-1588.95 153463 -1565.57 154306
-1532.17 154409 -1431.99 154542
-1366.31 154576 -964.445 154758
-937.729 154785 -828.636 154843
-737.354 154981 -709.524 155108
-706.184 155222 -691.713 156172
-713.976 156194 -756.278 156199
-776.315 156168 -780.768 155945
-756.278 155938 -619.355 155954
-608.223 155972 -594.865 156210
-624.921 156235 -644.958 156210
-658.317 156110 -708.41 154807
-820.843 154507 -823.07 154117
-767.41 153935 -675.015 153801
-563.695 153728 4648.28 152784
4685.02 152726 4706.17 152626
4696.15 152525 4672.77 152461
4617.11 152394 4475.74 152243
4447.91 152120 3598.54 140516
-592.638 135055 -622.694 134883
-608.223 134460 1161.76 126510
2524.31 124573 2672.36 124435
3501.69 122447 3704.29 108701
3899.1 106205 3938.07 106174
4013.76 106239 4019.33 106308
3997.06 106368 3955.88 106395
3889.08 106386 3008.55 105929
2672.36 105862 -4201.62 106306
-4198.28 106323 -3119.59 106123
-3114.02 106101 -3108.46 106090
-3029.42 106078 -2971.54 106107
-1919.57 105918 2858.27 105894
3047.51 105983 4578.15 106597
5321.77 106368 11570.1 104720
13075.2 104736 13937.9 104703
14477.8 105039 14959.8 105689
15104.5 106049 15084.5 106190
15040 106219 14958.7 106145
14981 106005 15026.6 105974
17953.2 105996 19921.3 106052
24368.5 106334 24911.8 106450
25624.2 106452 26296.6 106290
26684 105916 27869.5 104308
30705.9 104954 30805 103825
30786.1 103808 30689.3 103767
30691.5 103747 30677 103696
30605.8 103696 30576.8 103607
30487.8 103592 30435.4 103585
30429.9 103600 30426.5 103736
30650.3 103767 30799.5 103830
30800.6 103852 30685.9 104927
30678.1 104903 30643.6 104798
30619.1 104792 30566.8 104916
30448.8 104894 27944.1 104237
27513.3 104549 26108.5 106368
24838.3 106417 18797 105974
18240.4 105967 15405.1 105874
13340.1 105967 13228.8 105711
13173.1 105678 13110.8 105689
13058.5 105738 13025.1 105816
13013.9 105938 12370.5 109411
11600.2 117818 10951.2 119040
10807.6 119221 10091.8 120031
5800.44 119154 5672.42 119248
3963.67 119199 3841.22 119109
3195.56 119187 3181.09 119225
3304.66 122235 3303.54 123121
3108.73 123117 3103.17 123126
3325.81 123133 3833.42 126394
3805.59 126439 3796.69 126494
3826.75 126710 3919.14 127356
3896.88 127358 3449.37 127425
3415.98 126243 3326.92 123126
3267.92 123095 1136.15 123282
145.41 123239 -653.864 123072
-664.996 123482 -620.468 123538
-608.223 123593 -447.923 123716
-461.281 123800 -664.996 124230
-717.316 124230 -904.333 124228
-915.465 124252 -917.691 124439
-1435.33 124402 -1449.8 124368
-1482.08 124041 -1710.29 123600
-2433.86 123021 -2691.01 123010
-2707.71 123021 -2723.29 123044
-2723.29 123217 -2726.63 123516
-2713.27 123593 -2760.03 123930
-3102.89 123907 -3108.46 123894
-3116.25 123907 -3080.63 124517
-3085.08 124502 -3099.55 124130
-3130.72 123974 -3121.82 123878
-3132.95 123849 -3722.94 123861
-4198.28 131649 -4210.52 132016
-4199.39 132098 -4196.05 132312
-4187.14 132350 -4187.14 132495
-4171.56 132517 -3691.77 132512
-3678.41 132546 -3614.96 138933
-3502.53 138866 -3453.55 139091
-3283.23 139085 -2164.47 139058
-1735.89 139033 -1676.89 139036
-1541.08 139091 -1426.42 139185
-1179.29 139497 1255.27 143344
1253.04 143366 1258.6 143504
1306.47 143411 2308.35 142887
2346.2 142903 2369.57 143059
2591.1 143909 2719.12 145641
2728.02 146049 2722.46 146260
2447.5 146648 2435.25 146610
2388.5 146583 2401.86 146681
2321.71 146592 2433.03 146588
2505.38 146739 2492.02 146922
2514.29 146966 2549.91 146982
3069.77 146993 4361.08 146999
4444.57 146939 4453.47 146881
4299.85 142030 3952.54 141084
-617.128 134981 -630.487 134594
-555.903 134213 356.917 130562
390.313 130542 587.348 130497
893.477 130546 938.005 130428
971.401 130417 1885.33 130339
2162.52 130379 2191.46 130342
2197.03 130279 2208.16 129333
2193.69 129300 2176.99 129284
2154.73 129289 2123.56 129251
2132.46 129248 2126.9 129222
2079.03 129228 2037.84 129215
2006.67 129182 2023.37 129099
2043.41 129081 2435.25 129061
2499.82 129073 2514.29 129117
2503.16 129645 1965.48 129671
1962.14 129685 1982.18 129705
2041.18 129716 2221.52 129718
2223.74 129745 2230.42 130297
2204.82 130330 2165.86 130342
1965.48 130319 1940.99 130324
1923.18 130357 1920.96 131108
1902.03 131132 1433.38 131170
1416.68 131208 1386.62 132016
1373.26 132034 880.119 132065
868.987 132076 830.025 132165
787.723 132869 765.46 132900
359.143 132918 293.465 132989
87.5239 133134 -171.851 133234
-191.888 133252 -338.83 133679
-335.49 133659 -177.416 133236
364.709 132944 1361.02 132906
1377.72 132924 1436.72 134476
1423.36 134487 1286.43 134603
774.365 134739 571.764 136380
203.296 137230 -294.302 138301
-292.076 138321 -218.605 138383
-102.832 138573 -138.455 138746
-136.228 138802 -138.455 139089
-127.323 139096 -79.4553 139147
-85.0213 139100 59.694 139036
95.3163 139036 187.711 139074
286.786 139225 310.163 139296
286.786 139352 182.145 139463
139.844 139548 86.4107 139603
69.7128 139664 -52.7387 139893
-75.0026 139969 -141.794 140038
-149.587 140024 -158.492 139915
-182.982 139886 -171.851 139670
-185.209 139648 -338.83 139456
-342.169 139470 -396.716 140358
-407.848 140394 -418.98 140403
-1426.42 139080 -1199.33 138688
-1216.03 138724 -1398.59 139096
-1424.19 139118 -1983.02 139002
-2033.11 139007 -2357.05 138991
-2401.58 138973 -2704.37 139025
-2751.12 139007 -2823.48 139007
-2835.73 138984 -2834.61 138357
-2823.48 138350 -2787.86 138294
-2762.26 138328 -2590.82 138372
-2381.54 138366 -2398.24 137744
-2414.94 137731 -2465.03 137722
-2787.86 137764 -2798.99 137760
-2824.59 137776 -2856.88 137686
-2860.22 137310 -2879.14 136798
-2890.27 136796 -3258.74 136825
-3283.23 136785 -3285.46 136707
-3307.72 136673 -3436.85 136687
-3606.06 136685 -3633.89 136754
-3617.19 136747 -3589.36 136718
-3463.57 136707 -3422.38 136707
-3409.02 136747 -3308.83 136696
-3307.72 136302 -3285.46 135912
-3297.7 135807 -3313.29 135429
-3303.27 135407 -3203.08 135226
-3201.97 135099 -3199.74 135010
-3222 134981 -3205.31 134817
-3191.95 134803 -2993.8 134803
-3007.16 134661 -3758.56 134737
-5184.57 134826 -6386.82 134888
-6494.8 134870 -7143.79 134895
-7143.79 134781 -7157.15 134781
-7154.92 134743 -7154.92 134665
-7098.15 134592 -7110.39 134525
-7084.79 134498 -7070.32 134443
-7077 134398 -7064.75 134347
-7088.13 134347 -7107.05 134358
-7193.88 134538 -7277.37 134705
-7296.3 134699 -7383.13 134725
-7610.22 134416 -7626.92 134443
-7691.48 134383 -7771.63 134383
-7777.2 134365 -7805.03 132895
-7795.01 132866 -7782.76 132824
-7758.27 132811 -4580.1 132546
-4541.14 132428 -4518.88 132446
-4312.94 132178 -4324.07 132532
-4299.58 132532 -4182.69 132528
-4176.01 132568 -4196.05 132784
-4242.8 132902 -4253.94 133118
-4235.01 133196 -4218.31 133214
-3775.26 133125 -3745.21 133107
-3725.17 133129 -3706.24 133280
-3680.64 133318 -3147.42 133692
-2932.57 133708 -2943.71 134570
-1785.98 134792 -1750.36 135945
-1739.23 135957 -1560 135908
-1429.76 135841 -1431.99 135941
-1420.86 135945 -1437.55 136130
-1344.04 136057 -1312.88 136052
-1368.54 136135 -1415.29 136112
-1298.4 136190 -1315.1 136179
-1326.23 136197 -1666.87 137241
-1716.97 137299 -1793.78 137332
-2123.28 137310 -2500.65 137221
-2846.86 137255 -2860.22 137203
-2876.91 136676 -2921.44 134866
-2947.05 134683 -2991.57 134665
-3216.44 134670 -3183.04 134298
-3171.91 133686 -3007.16 133703
-2986.01 133675 -2915.88 133686
-2913.65 134249 -2921.44 134598
-2891.39 134770 -1902.87 134737
-1366.31 134759 -1059.07 135104
-1025.67 135193 -1020.11 135293
-1073.54 135529 -2058.72 138539
-2092.11 138811 -2097.68 139151
-2114.38 139167 -2370.41 139140
-2373.75 139100 -2339.24 139118
-1543.31 139134 -1374.1 139285
1011.48 142395 1191.81 142685
1247.47 148484 1264.17 149905
1245.25 150377 1219.64 150317
1219.64 150344 1247.47 150913
1255.27 150947 1372.15 151134
1245.25 151724 1211.85 151731
1189.59 151759 1206.28 152171
1233 152209 1228.55 152539
1210.74 152559 1180.68 152577
799.969 152599 590.688 152606
585.122 152599 412.577 152606
345.785 152626 -1170.39 152617
-3474.7 152677 -3875.45 152688
-3897.71 152666 -3945.58 152599
-4010.15 152561 -4064.69 152570
-4071.37 152532 -4120.35 152343
-4001.24 152737 -4227.22 152294
-4223.88 152332 -4199.39 152361
-4165.99 152370 -4098.09 152488
-4032.41 152516 -4012.37 152499
-3976.75 152514 -3901.05 152628
-3889.92 152617 -3909.96 152481
-3873.22 152470 -3737.41 152370
-3648.36 152205 -3622.75 152214
-3626.09 153149 -3795.3 153144
-3826.47 152971 -3843.17 152703
-3823.13 152721 -3809.77 152737
-2656.5 152677 -311 152643
521.67 152688 618.518 152744
683.083 152870 2853.81 152750
2869.4 152773 2945.1 152748
2967.36 152804 3002.98 152766
2819.3 152695 2758.08 153111
2748.06 153089 2568.84 152383
2575.51 152361 2672.36 152336
2735.81 151909 6195.62 150918
6264.64 150911 6353.7 150951
6348.13 150925 6000.82 150974
5338.46 150962 5262.77 150969
5249.41 150873 5154.79 150873
5063.51 150936 4800.79 150996
4444.57 151029 4384.46 151112
4342.15 152194 4197.44 152505
4089.46 152594 3581.84 151891
3314.68 152592 3262.36 152628
3236.75 152606 3195.56 152621
3165.51 152661 3156.6 152759
3173.3 152748 3375.9 152717
3401.51 152726 3531.75 152717
3554.01 152737 4122.86 152788
4214.14 152895 4347.72 153222
4345.49 153273 4347.72 153418
4442.34 153783 4362.19 154091
4372.21 154102 4440.12 154306
4383.34 155905 4373.32 156889
4378.89 156922 4366.65 157459
-10591.4 145143 4327.68 157492
4284.27 157481 4338.82 157535
4378.89 157535 4383.34 159730
4067.2 163270 4043.82 163308
3844.56 163359 2775.89 163713
2685.72 163697 2680.15 163742
2703.53 163791 2987.4 164348
2978.49 164365 2947.32 164361
2931.74 164376 2926.17 164539
2883.87 164539 2950.66 164548
2958.45 164528 2954 164421
2970.7 164414 3008.55 164425
3008.55 164376 2785.91 163882
2603.34 163642 2012.24 163379
1996.65 163368 1739.51 163203
1128.36 162313 983.646 162090
983.646 162065 1072.7 161921
1067.14 161967 1221.87 161415
1219.64 159806 1292 156005
1316.49 155999 2112.43 156023
2123.56 156039 4375.55 156061
4381.12 156090 4353.29 157987
4323.23 158005 3045.28 157949
3036.38 157938 3037.49 156194
2975.15 155999 2798.15 155967
2770.32 155979 2627.83 155965
2510.95 155979 2522.08 156010
2549.91 156021 3006.32 156021
3019.68 156005 3050.85 155909
3065.32 154729 3073.11 154603
3073.11 153830 3104.28 151953
3093.15 151515 3070.89 151526
3070.89 151557 3067.55 151915
2850.47 151913 2833.78 151982
2831.55 152154 2822.64 152298
2702.42 152309 2596.67 152294
2572.17 152205 2577.74 152280
2522.08 152303 2475.33 152303
2474.21 152214 2485.35 152254
2234.88 152287 2204.82 152283
2190.35 152254 2173.65 151920
2188.12 151909 2386.27 151913
2399.63 151898 2783.68 151915
2794.81 151904 2836 151893
2852.7 151931 2842.68 151780
2863.83 151724 2831.55 151537
2869.4 151479 1651.56 151486
1625.96 151497 1334.3 151470
1323.17 151448 1303.13 150539
1145.06 149331 1110.55 149310
702.007 149297 705.347 149286
674.178 149270 681.97 149264
696.442 149159 674.178 149188
681.97 149299 557.292 149270
551.726 149288 579.556 149319
1303.13 149259 1288.66 144477
1264.17 142836 -958.879 139681
-948.861 139641 -886.522 139448
-728.448 139234 -648.298 139189
-647.185 139169 -652.751 139011
-296.528 138339 376.955 136909
453.765 136718 520.557 136473
504.972 136440 -589.299 135073
-622.694 134881 -617.128 134505
1139.49 126539 2505.38 124591
2670.14 124402 3566.26 122149
3527.3 111989 3596.31 111845
3592.97 111762 3577.39 111693
3577.39 111393 3585.18 111322
3609.67 111282 3755.5 111210
4639.38 111132 8140.38 110620
8285.09 110743 8347.43 110714
8391.96 110643 8466.54 110493
8533.33 110460 11294.1 109581
12343.8 109480 12368.3 109485
12385 109463 12403.9 109402
12698.9 107154 13055.1 106190
13249.9 106116 15268.2 105934
15271.5 105945 19895.7 106049
24368.5 106323 24399.7 106308
24407.5 106268 24376.3 105404
24229.4 105415 24199.3 105644
24190.4 105667 24175.9 105733
24299.5 105793 24276.1 105785
24281.7 105767 24285 105673
24273.9 105671 24201.6 105671
24198.2 105660 24231.6 105455
24226 105439 24238.3 105406
24390.8 105422 24404.2 105444
24401.9 106297 24446.5 106350
24939.6 106446 25615.3 106450
26277.7 106308 26656.1 105952
27897.4 104253 27894 104202
27424.3 102768 27471 102732
28172.3 102554 28151.2 102699
28156.7 102861 28172.3 102933
28200.1 102950 28245.8 103006
28255.8 102995 28259.1 102739
28284.8 102690 28292.5 102561
28309.2 102545 29530.4 102454
30832.9 102389 30810.6 103819
30795 103830 30650.3 103767
30799.5 103841 30705.9 104925
30693.7 104925 30643.6 104798
30599.1 104816 30565.7 104921
30544.5 104921 27777.1 104331
27379.7 104725 26266.5 106297
25832.4 106430 20027.1 106023
18054.5 105974 13344.6 105996
13311.2 105934 13231 105729
13177.6 105693 13117.5 105700
13066.3 105744 13022.8 105829
13013.9 105916 13013.9 106205
12531.9 107844 11702.6 117411
11508.9 118123 10739.7 119321
10150.8 119978 10106.3 120053
10088.5 120053 7941.11 119163
5791.53 119185 5711.38 119263
4156.25 119243 3969.23 119230
3950.31 119187 3932.5 119136
3899.1 119121 3210.04 119192
3187.77 119221 3259.02 123137
2351.76 123226 2341.74 123226
2355.1 123237 3334.71 123072
3384.81 123044 5853.87 122888
5859.44 122928 6136.63 127013
6162.23 127029 6365.94 126995
6370.4 127011 6387.09 127363
6377.08 127347 6349.25 127358
6379.3 127318 6414.92 127585
6432.73 127590 6604.17 127568
6605.28 127534 6557.41 126951
6538.49 126944 4926.58 127214
4921.02 127236 4995.6 129039
5063.51 130019 5001.17 130030
4912.11 130017 4820.83 130028
4815.26 130046 4806.36 130083
4785.21 130086 4742.91 130097
4726.21 130086 4614.89 130112
4607.1 130141 4617.11 130179
4667.21 130241 4728.43 130364
4529.17 130607 4500.23 130587
4152.91 129956 3871.27 130261
3837.88 130230 3543.99 129807
3293.53 129674 1974.39 129651
1973.28 129674 1987.75 129696
2006.67 129696 2510.95 129707
2542.12 129774 2581.08 131755
2566.61 131931 2388.5 132267
2396.29 132305 2542.12 132483
2518.74 132405 2950.66 132978
3560.69 133846 4175.18 134683
4169.61 134716 2897.23 137021
2794.81 137186 1962.14 138655
1918.73 138662 1879.77 138633
1856.39 138568 1857.5 138495
1887.56 138439 1932.09 138417
1971.05 138432 4264.23 142001
4416.74 143437 4414.51 154752
3816.73 166164 3521.73 166843
1751.75 169063 -16.0032 169571
-5301.45 169526 -5439.49 169459
-5607.58 169553 -5618.71 169657
-5589.77 169713 -5534.11 169809
-5453.96 170926 -5318.15 175660
-5292.55 175687 -5227.98 175698
-4385.29 175653 -3719.6 175624
-3704.02 175660 -3689.55 176127
-3592.7 176394 -3598.26 176466
-3613.85 176470 -3619.42 176506
-3580.45 176506 -3422.38 178187
-3508.1 178176 -4243.92 178314
-4265.07 178291 -4242.8 178799
-4268.41 178803 -4455.42 178808
-4735.95 178837 -5446.17 178886
-5451.73 178819 -5459.53 178574
-5479.56 178574 -5728.92 178603
-5730.03 178574 -5784.58 177664
-5807.96 177617 -5891.45 177530
-6116.31 176904 -6121.88 176170
-6105.18 176165 -5312.58 176110
-5301.45 176083 -5300.34 175731
-5284.75 175713 -3719.6 175631
-3700.68 175664 -3691.77 176127
-3587.13 176417 -3472.47 177579
-3919.98 177586 -3537.04 177574
-3542.6 177586 -3475.81 177579
-3463.57 177619 -3388.98 178351
-3676.19 176061 -3681.75 175635
-3706.24 175582 -3798.64 175575
-5266.94 175660 -5278.08 175635
-5281.42 175241 -5323.72 173756
-5307.02 173754 -5298.11 173765
-5273.62 173754 -5227.98 173761
-5234.66 173745 -5364.9 173756
-5373.81 173776 -5349.05 175054
-5337.07 175079 -5318.15 175658
-5298.11 175680 -5212.4 175693
-3847.62 175624 -3717.38 175624
-3706.24 175664 -3689.55 176058
-3663.94 176127 -3642.79 176172
-3620.53 176176 -3007.16 175983
-2945.93 175987 -1961.87 175865
-1966.32 175825 -1964.09 175593
-1975.23 175593 -1986.36 175586
-1966.32 175604 -1956.3 175858
-1949.62 175865 -837.541 175713
-761.844 175642 -715.09 175604
-514.715 175580 -524.733 175564
-546.997 175571 -672.788 175604
-686.147 175582 -856.465 173609
-1875.04 171808 -3611.62 170548
-3845.39 170192 -4095.86 169691
-4092.52 169657 -4070.26 169646
-3887.7 169653 -3878.79 169548
-3895.49 169470 -3934.45 169413
-4212.75 169174 -4251.71 169346
-4294.01 169386 -4321.84 169357
-4337.43 169330 -4895.14 168480
-4917.4 168469 -4797.18 167798
-4794.95 167723 -4724.82 167589
-4721.48 167453 -4699.21 167409
-4422.03 167382 -4237.24 167371
-4223.88 167378 -4032.41 167364
-4021.28 167360 -3999.01 167366
-834912 2.69927e+06 -3990.11 167371
-3970.07 167411 -3936.68 167320
-3948.92 166866 -4001.24 164995
-3999.01 164673 -3962.28 164681
-3708.47 165004 -3357.81 165389
-3347.8 165385 -3357.81 164528
-3383.42 164417 -3414.59 164160
-3368.95 164132 -3285.46 164116
-3124.04 164038 -3169.68 162266
-3191.95 162255 -3197.51 161297
-3135.18 161144 -3124.04 161015
-3091.76 160997 -826.409 161037
-708.41 160899 -664.996 160743
-531.412 159830 -516.941 159808
-492.451 159808 409.237 159808
635.216 159797 648.574 159717
655.253 159601 638.555 159512
690.876 159160 651.914 159104
654.14 158626 660.819 158149
685.31 158038 702.007 158009
1253.04 157938 1253.04 154799
1222.98 154836 1288.66 144755
1283.1 142970 1266.4 142863
1155.08 142531 659.706 141783
646.348 141429 6275.77 131199
8062.45 128347 13957.9 123711
15067.8 121518 -2850.2 138107
15616.6 119782 15427.3 115095
15483 114968 15552 114899
15852.6 114824 15877.1 114810
15878.2 114779 15863.7 114410
15860.4 114383 15850.4 114298
15824.8 114245 15752.4 114154
15741.3 114156 15652.2 114223
15507.5 114256 15488.6 114287
15471.9 114287 15466.3 114272
15446.3 114278 15248.1 114345
15240.3 114405 15238.1 114610
15312.7 114884 15237 114917
15175.8 114924 15165.7 114968
15449.6 118651 15431.8 118698
15351.7 118742 14973.2 118617
14333.1 118491 13507.1 118357
12421.7 118034 11692.6 117627
11636.9 117705 10787.6 119252
10095.1 120045 3911.35 119109
3693.16 119109 3190 119192
3178.87 119221 3293.53 123144
1156.19 123273 431.501 123271
214.428 123248 184.372 123226
178.806 123237 488.274 123271
727.611 123271 2375.14 123222
5787.08 130161 6006.38 130330
6025.31 130328 6171.13 130375
6182.27 130402 6214.55 130562
6236.81 130591 6288.02 130651
6240.15 130575 6197.85 130513
6198.96 130535 6299.15 130720
6293.59 130740 5169.26 132795
4255.33 134572 4216.36 134643
4199.67 134643 3716.54 133964
3713.2 133937 3710.97 133770
3761.07 133318 3761.07 133280
4044.93 133414 3782.22 134149
26.2982 152565 -16.0032 152465
17.3926 151719 37.4301 151564
50.7885 151559 137.618 151535
75.2788 151535 -1014.54 151559
-1032.35 151564 -1488.76 151564
-1493.21 151323 -1526.61 151107
-1561.12 151069 -1671.32 151047
-1678 151014 -1728.1 149549
-1750.36 149455 -1769.29 148732
-1760.38 148395 -1761.49 148297
-1772.62 148295 -1789.32 146565
-1797.12 145837 -1752.59 145648
-1741.46 145526 -1694.7 145486
-1643.49 145481 -1594.51 145414
-1563.34 145419 -1555.55 145425
-1549.99 145445 -1563.34 145742
-1568.91 145759 -1577.82 145826
-1532.17 146554 -1513.25 147004
-1524.38 147011 -1702.49 146984
-1778.19 146933 -1841.64 146937
-1880.6 147015 -1833.85 147122
-1806.02 147126 -1749.25 147133
-1657.97 147060 -1527.72 147055
-1521.04 147082 -1522.16 147623
-1410.84 148484 -1404.16 148520
-1298.4 148542 -1090.24 148542
-1081.33 148558 -1053.5 149533
-1067.97 149526 -1103.59 149549
-1184.86 149482 -1188.2 149549
-1118.07 149542 -759.617 149500
-720.656 149549 -708.41 149976
-689.486 149976 -485.771 149978
-483.545 150246 -483.545 150379
-459.055 150562 -433.451 150562
-416.753 150584 -407.848 151537
-385.584 151546 -16.0032 151546
-10.4373 151552 -10.4373 152225
-23.7956 152243 -43.8331 152254
-47.1727 152303 -10.4373 152305
9.60025 152439 8.48706 152621
-7361.98 152655 47.4489 152666
1364.36 152717 1372.15 152770
1345.43 153004 1317.6 152988
1308.7 152939 1247.47 143522
1058.23 143598 997.004 143644
621.857 143733 607.386 143753
615.178 143798 657.48 143934
688.649 143927 685.31 143960
631.876 143976 624.084 144050
635.216 144054 644.121 144072
648.574 144056 637.442 143916
654.14 143878 676.404 143800
698.668 143782 1333.19 143126
1295.34 142809 1395.53 142769
1581.43 142740 1590.34 142239
1600.36 142251 1573.64 142050
1375.49 141879 1358.79 141883
1066.02 142351 1056 142353
1044.87 142331 108.675 141137
93.0899 141100 -60.531 140906
-77.2289 140832 -800.806 139957
-1472.06 139114 -1683.57 139022
-6806.49 139292 -6859.93 139292
-6898.89 139236 -10359.8 139396
-10421 139381 -10589.1 139234
-10630.3 139158 -10650.4 137831
-10633.7 137827 -10535.7 137809
-10352 137845 -10270.8 137849
-10257.4 137865 -10271.9 137833
-10399.9 137838 -10660.4 137809
-10665.9 137767 -10704.9 136402
-10680.4 136380 -10101.5 136351
-10062.6 136324 -8975 136313
-8968.32 136914 -8949.39 137370
-8936.03 137399 -8921.56 137397
-8924.9 137381 -8982.79 135761
-8971.66 135393 -8969.43 135128
-8949.39 135106 -8195.76 135115
-8103.36 135133 -8047.7 135070
-7858.46 135059 -7747.14 135088
-7437.67 135044 -1527.72 134705
-887.635 135193 -806.372 135171
-734.014 135111 -656.09 134899
-335.49 133557 360.257 130558
403.671 130535 668.612 130513
919.08 130520 939.118 130420
972.514 130408 1338.75 130368
1388.85 130346 1412.23 130279
1406.66 129712 1427.81 129689
1464.55 129685 3098.72 129712
3120.98 129752 3162.17 131738
3147.7 131771 2568.84 131878
2419.67 132183 2045.63 132846
1989.97 132877 1973.28 132958
2004.45 133530 2074.58 133634
2138.03 133779 2208.16 133882
2207.05 133902 1776.24 134737
1748.41 134803 1759.54 134883
2074.58 135300 3329.15 136947
30449.9 103592 30435.4 103589
30429.9 103607 30418.7 103734
30647 103770 30799.5 103841
30800.6 103870 30805 103963
30789.4 103990 30693.7 104939
30652.5 104816 30619.1 104794
30605.8 104814 30566.8 104914
30446.6 104903 27966.4 104237
27541.1 104527 26091.8 106386
25695.5 106435 20052.7 106027
15463 105896 13339 106012
13311.2 105967 13206.5 105729
13103 105718 13056.2 105762
13025.1 105829 13006.2 105940
13005 106219 12368.3 109389
11596.8 117896 11162.7 118718
10841 119221 10091.8 120049
10058.4 120033 7874.32 119165
5774.84 119192 5689.12 119265
3955.88 119225 3921.37 119154
3733.24 119141 3176.64 119199
3176.64 119214 3287.96 123126
145.41 123251 -648.298 123088
-667.222 123110 -669.449 123495
-648.298 123518 -592.638 123629
-459.055 123723 -475.753 123823
-563.695 124012 -659.43 124224
-678.354 124230 -909.899 124228
-921.031 124250 -926.597 124451
-948.861 124457 -1448.69 124413
-1454.25 124373 -1466.5 124106
-1666.87 123667 -1841.64 123493
-2495.09 123015 -2709.93 123026
-2729.97 123055 -2732.2 123896
-2756.69 123918 -3116.25 123918
-3129.61 123939 -3105.12 124353
-3082.86 124497 -3077.29 124542
-3085.08 124508 -3099.55 124497
-3093.99 124319 -3136.29 123952
-3837.6 123885 -3825.36 123872
-3795.3 123883 -3600.49 124854
-3619.42 124876 -4106.99 124963
-4129.26 125009 -4118.13 125392
-4134.82 125477 -4088.07 125655
-4031.3 125715 -3964.51 125753
-3962.28 125782 -3965.62 126287
-3981.2 126294 -3636.11 126305
-3619.42 126365 -3803.09 130141
-3814.22 130152 -4227.22 130184
-4238.35 130224 -4240.58 130502
-4226.11 130518 -4104.77 130339
-4131.48 130442 -3975.64 130575
-3975.64 130513 -3965.62 130680
-3906.62 130687 -3748.55 130718
-3737.41 130740 -3603.83 130729
-3700.68 131170 -3658.38 131775
-3665.06 132350 -3700.68 132443
-3912.19 134160 -3990.11 134454
-4088.07 134739 -8128.97 134977
-8175.72 134948 -8197.99 134888
-8194.65 134821 -8166.82 134770
-8122.29 134754 -8078.87 134781
-8047.7 134837 -7697.05 137263
-7902.99 142536 -7899.65 142841
-7923.03 143088 -7961.99 143237
-7956.42 143508 -7855.12 146625
-7822.84 147218 -7861.8 147516
-7838.42 148317 -7897.42 148340
-8006.52 148340 -8031.01 148346
-8017.65 148351 -7841.76 148324
-7822.84 148297 -7841.76 147422
-7838.42 147405 -7797.24 147207
-7849.56 146458 -7908.56 145100
-7850.67 144566 -7833.97 143564
-7810.59 143508 -7797.24 143475
-7789.44 143188 -7864.03 142925
-8218.02 133748 -10494.5 127596
-10483.4 127474 -10432.2 127267
-10424.4 127278 -10454.4 126940
-10524.6 126846 -10939.8 126512
-11559.8 124898 -11729 124375
-11713.5 124362 -11153.5 124301
-11151.3 124268 -11212.5 123778
-11201.4 123767 -11161.3 123752
-11178 123772 -11209.2 123772
-11212.5 123800 -11145.7 124317
-11127.9 124313 -10650.4 124063
-10628.1 124083 -10294.1 125444
-10301.9 125452 -10849.6 125544
-10860.7 125526 -11084.5 124785
-11103.4 124664 -11273.7 123349
-11298.2 123337 -11618.8 123322
-11765.8 123362 -12057.4 123507
-12140.9 123596 -12619.6 124001
-12630.7 123996 -12676.4 124030
-12692 124019 -12739.8 123878
-12751 123890 -12578.4 124473
-12575.1 124580 -12598.4 126000
-12587.3 125993 -12570.6 125386
-12548.4 125370 -12358 125386
-12277.8 125408 -12275.6 125377
-12565 125352 -12567.3 124606
-12643 124141 -12669.7 124072
-12661.9 124052 -12331.3 123778
-12196.6 123689 -12110.9 123738
-12035.2 123907 -11450.7 125366
-11012.1 126550 -10997.7 126646
-11012.1 126817 -11077.8 127067
-11066.7 127169 -10973.2 127307
-10955.4 127991 -10914.2 130524
-10934.2 130529 -11284.9 130531
-11290.4 130551 -11290.4 130602
-11289.3 130564 -11261.5 130542
-10964.3 130518 -8359.4 130039
-8359.4 130012 -8400.59 129248
-8422.85 129233 -8854.77 129237
-8869.24 129215 -9047.35 128721
-9064.05 128458 -9057.37 128316
-8762.38 128313 -8691.13 128316
-8422.85 128402 -7051.4 130074
-4733.72 130152 -4702.55 130079
-4639.1 127490 -4377.5 124965
-3680.64 124969 -3603.83 124936
-3597.15 124918 -3889.92 123173
-3882.13 123177 -3283.23 123037
-3147.42 123028 -3132.95 123422
-3140.74 123894 -3174.14 123905
-3661.72 123867 -3820.9 123896
-3836.49 123923 -3619.42 124903
-3689.55 131359 -3678.41 131566
-3695.11 135839 -3561.53 141262
-3522.57 142246 -3508.1 143003
-3558.19 143092 -3608.28 143119
-3748.55 143148 -3789.73 143237
-3798.64 143404 -3784.17 143537
-3753 143589 -3124.04 143553
-3118.48 143560 -2843.52 143549
-2640.92 143631 -2529.6 143493
-1919.57 143598 -1529.95 143526
-1154.8 143493 -1025.67 143366
-502.469 143321 -381.131 143210
2271.61 138472 2335.06 138499
2368.46 138595 2347.31 138688
1998.88 138412 1113.89 137199
1121.68 137181 1141.72 137177
1344.32 137252 1336.53 137332
1344.32 137353 1473.45 137482
1484.58 137520 1512.41 137604
1540.24 137575 2636.74 135585
2650.1 135462 2969.59 135894
3008.55 135972 3053.08 136028
3059.75 136063 3234.53 135908
3437.13 135563 3576.28 135284
3588.52 135133 3557.35 134915
3392.6 134681 3384.81 134670
3559.58 134895 3592.97 134926
3666.45 135084 3468.3 135460
3468.3 135438 3473.86 135485
3549.56 135660 4236.4 136569
4233.06 136676 3798.92 137466
3782.22 137526 3922.48 137733
3988.16 137787 3885.74 137666
3877.95 137638 3768.86 137520
3754.39 137533 893.477 142662
838.93 142758 818.893 142809
777.705 142847 638.555 143132
620.744 143230 607.386 143226
599.594 143241 571.764 144199
542.821 144216 248.937 144288
237.805 144310 247.824 144924
234.466 145301 61.9204 145319
61.9204 145334 581.782 145336
582.896 145370 570.65 146873
568.424 146995 590.688 147060
857.855 147028 872.326 147040
872.326 147084 880.119 147093
939.118 147051 1028.17 147066
1066.02 147095 1143.95 147093
1167.32 147022 1851.94 147051
1865.3 147073 1868.64 147316
1854.16 147552 1870.86 147886
1889.79 147906 1898.69 147964
1915.39 147952 2080.14 147850
2102.41 147819 2156.95 147819
2179.22 147801 2466.42 147663
2731.36 147630 3045.28 147645
3117.64 147634 3136.56 148253
3151.04 148251 3832.31 148231
3849.01 148264 3861.25 149386
3877.95 149400 7494.72 149331
7811.98 149297 8134.81 149181
11497.8 149170 11776.1 149210
11845.1 149177 14841.8 148985
14880.8 149003 17458.9 148720
17614.8 148832 17937.6 149132
18156.9 149155 18711.3 148952
18713.5 148970 18746.9 149248
18766.9 149255 18936.1 149275
18947.3 149315 19123.2 150043
19192.2 150250 19526.1 151296
19506.1 151319 18930.6 151370
18922.8 151352 18922.8 151301
18941.7 151296 18964 151279
18961.7 151234 18939.5 150840
18966.2 150833 19066.4 150807
19075.3 150789 19099.8 150769
19089.8 150829 19097.6 151069
-1.64878e+06 2.93556e+06 19103.1 151225
19086.4 151252 18922.8 151290
18917.2 151334 18927.2 151414
18949.5 151434 19752.1 151267
20951 150279 21162.5 149887
22289.1 149553 22932.5 149364
23252 147256 23138.5 145748
23146.2 145174 23071.7 144401
22993.7 144043 23013.8 143477
23224.2 142740 23463.5 142291
24388.6 140314 25368.2 134570
25183.4 132339 25418.3 128661
25225.7 126688 25244.6 125230
25066.5 124720 24199.3 122926
23492.4 116914 23520.3 110814
23547 110787 24958.5 110827
24973 110794 24980.8 106473
24991.9 106461 25472.8 106464
26257.6 106330 26648.4 105972
27744.9 104382 27973.1 104264
28454 104226 30702.6 104959
30713.7 104932 30845.1 102901
30836.2 102879 30671.4 102901
30716 103200 30780.5 103162
30767.2 103151 30750.5 103191
30717.1 103169 30691.5 103088
30855.1 102895 30832.9 103529
30830.6 103478 30849.6 103095
30847.3 102990 30836.2 102906
30817.3 102895 30677 102910
30672.6 102935 30733.8 103213
30743.8 103191 30756 103191
30741.6 103184 30733.8 103177
30732.7 103155 30683.7 102950
30685.9 102884 30849.6 102884
30856.2 102913 30791.7 103825
30654.7 103779 30661.4 103752
30799.5 103808 30852.9 103124
30838.4 102895 30828.4 102888
30693.7 102901 30682.6 102901
30677 102917 30721.5 103233
30738.2 103233 30750.5 103200
30732.7 103200 30674.8 102901
30689.3 102899 30836.2 102899
30844 102910 30844 102979
30845.1 102939 30822.8 102387
30810.6 102383 27850.6 102556
27491 102701 25518.5 102645
25456.1 102668 24546.6 103658
24515.5 103645 24270.6 102356
23656.1 101252 23613.8 101269
23274.3 101726 23203 101744
23090.6 101721 23040.5 100984
23016 100918 22954.8 100909
22947 100895 22940.3 100886
22860.2 100891 22837.9 100909
22845.7 100920 23500.2 100918
23524.7 100958 24396.4 102828
24498.8 103723 24493.2 103803
24518.8 103841 24555.5 103823
24587.8 103779 24724.8 103523
25478.4 102690 27298.5 102757
29508.2 102472 30832.9 102405
30838.4 102432 30845.1 102879
30828.4 102895 30671.4 102913
30674.8 102950 30700.4 103133
30717.1 103173 30721.5 103229
30789.4 103324 30741.6 103202
30722.6 103189 30680.3 102917
30691.5 102901 30839.5 102899
30845.1 102913 30845.1 103240
30806.1 103946 30800.6 104104
30811.7 104119 31127.9 104190
31129 104168 31127.9 104137
31123.4 104170 31116.7 104179
30800.6 104101 30850.7 102966
30844 102901 30830.6 102890
30717.1 102906 30677 102910
30674.8 102939 30700.4 103117
30721.5 103169 30730.4 103224
30741.6 103229 30750.5 103246
30743.8 103202 30738.2 103213
30728.2 103202 30682.6 102921
30717.1 102850 30719.3 102884
30700.4 102884 30693.7 102906
30678.1 102899 30749.4 103213
30738.2 103213 30704.8 103057
30702.6 103028 30694.8 102884
30844 102884 30856.2 102901
30849.6 103262 30806.1 103819
30791.7 103823 30652.5 103767
30671.4 103763 30724.9 103781
30799.5 103934 30756 104647
30713.7 104858 30702.6 104932
30691.5 104925 30643.6 104792
30611.3 104827 30566.8 104921
30549 104921 27941.9 104248
27535.6 104527 26102.9 106379
24786 106397 24433.1 106308
18600 105989 15426.2 105883
13367.9 105974 13329 105929
13234.4 105704 13183.1 105673
13119.7 105682 12952.7 105811
11692.6 106085 11675.9 106134
11870.7 108298 11275.1 108579
11264 108605 11255.1 108657
11279.6 108890 11305.2 109402
11316.3 109396 11310.8 109057
11294.1 108924 11307.4 109540
11290.7 109556 8422.01 110458
8243.9 110326 8157.07 110413
6771.15 110943 5975.21 111010
3571.82 111293 1989.97 113722
1978.84 113788 1729.49 118742
1712.79 118776 1548.04 119003
1258.6 119987 1436.72 122275
1406.66 122336 1356.57 122371
1155.08 122449 1127.25 123266
1108.32 123273 147.636 123233
-667.222 123095 -667.222 123467
-624.921 123518 -608.223 123589
-581.506 123611 -444.583 123727
-463.508 123789 -658.317 124235
-678.354 124239 -917.691 124235
-925.483 124268 -921.031 124435
-932.163 124435 -1440.89 124402
-1448.69 124373 -1479.85 124063
-1691.36 123629 -1838.3 123489
-2459.47 123015 -2723.29 123037
-2729.97 123081 -2723.29 123556
-2739.99 123907 -2763.37 123927
-3096.21 123916 -3107.35 123923
-3099.55 123941 -2751.12 123912
-2729.97 123885 -2679.88 123028
-2426.07 123039 -2262.43 123184
-1466.5 124168 -1474.29 124609
-1482.08 124613 -1499.89 124640
-1502.12 124702 -1749.74 124702
-1498.78 124620 -1468.72 124606
-1459.82 124580 -1454.25 124224
-1544.42 123912 -1732.55 123582
-2462.81 123015 -2707.71 123021
-2724.41 123048 -2721.07 123449
-2723.29 123084 -2724.41 123055
-2771.16 123006 -3903.28 123133
-3926.66 123084 -4246.14 121997
-4255.05 120844 -3842.05 119722
-3720.72 119341 -3689.55 119314
-3687.32 119332 -3642.79 119348
-3641.68 119330 -3650.58 119319
-3704.02 119325 -4043.54 119341
-4064.69 119354 -4271.75 121414
-4265.07 121625 -4249.48 122120
-3956.71 123061 -3945.58 123133
-3932.22 123139 -3940.02 123148
-3149.65 123026 -2718.84 123021
-2704.37 123055 -2728.86 123829
-2743.33 123867 -2768.93 123883
-3096.21 123905 -3759.68 123867
-3764.13 123878 -3815.34 123894
-3826.47 123912 -3620.53 124925
-3617.19 125486 -3613.85 125878
-3600.49 125893 -3550.4 125007
-981.143 125092 -964.445 125130
-1056.84 127808 -1088.01 127830
-1123.63 127812 -1237.18 127726
-1248.31 127674 -1232.73 127623
-1198.22 127608 178.806 128420
299.031 128561 481.595 129039
481.595 129144 -385.584 133514
-2095.45 138713 -2133.3 139158
-2367.07 139147 -2378.2 139123
-2359.28 139111 -1663.53 139085
-1615.66 139107 -1607.87 139336
-1593.4 140336 -1474.29 140498
-1479.85 140532 -1660.19 141177
-1728.1 141600 -1763.72 141972
-1763.72 142353 -1722.53 142375
-1680.23 142373 -1437.55 142329
-1472.06 142342 -1750.36 142357
-1761.49 142320 -1699.15 141393
-1472.06 140532 -1042.37 139808
-1017.88 139782 -973.351 139815
-436.791 140494 -424.546 140505
-349.962 140494 -151.813 140071
225.56 139423 262.295 139401
287.899 139367 326.861 139292
588.462 139597 635.216 139615
735.403 139741 782.158 139726
985.872 139407 1033.74 139412
1039.31 139347 1011.48 139241
833.364 138996 822.233 138991
815.553 139018 813.327 138724
738.743 138740 722.045 138757
343.559 138321 320.182 138328
304.597 138357 184.372 138544
128.712 138521 84.1843 138662
54.1281 138644 -21.5692 138512
-30.4748 138512 -244.208 138388
-274.264 138345 -286.51 138310
-695.052 139002 -820.843 139114
-1079.1 139541 -1945.17 138996
-2323.66 139025 -2539.62 138978
-3235.36 139047 -3600.49 139192
-3602.72 139241 -3522.57 141972
-3520.34 142012 -3496.96 142495
-3489.17 142507 -3483.61 142498
-3481.38 142442 -3498.08 142217
-3491.4 142128 -3492.51 141972
-3509.21 141946 -3578.23 140058
-3591.59 140058 -3598.26 140276
-3667.28 140287 -4040.2 140327
-4042.43 140476 -4042.43 140694
-4054.67 140717 -4079.16 140732
-4273.97 140728 -4388.63 140759
-4472.12 140750 -4652.46 140721
-4699.21 140692 -4711.46 140670
-4766.01 139330 -4735.95 139067
-4761.55 138973 -4739.29 138435
-4724.82 138421 -4660.25 138401
-4641.33 138417 -4743.74 138343
-4739.29 138383 -4747.08 135616
-4733.72 135607 -4633.54 135594
-4589.01 135627 -4577.88 135563
-4604.59 135407 -4594.57 135451
-4660.25 135493 -4743.74 135534
-4749.31 135549 -4752.65 135571
-4732.61 135088 -4696.99 134999
-4624.63 134915 -4363.03 134870
-4109.22 134877 -4440.95 135983
-4424.26 135917 -4405.33 135783
-4348.56 135627 -4109.22 134859
-4090.3 134848 -3455.78 134783
-1303.97 134721 -260.906 135500
2227.08 138800 2238.22 138862
2190.35 138973 2101.29 138940
2080.14 138873 7439.06 129073
8184.9 128249 13940.1 123767
15075.6 121481 15095.6 121463
15518.6 120528 15615.5 119777
15429.6 115011 15520.9 114911
15638.9 114857 15877.1 114813
15871.5 114398 15867.1 114361
15794.7 114223 15752.4 114149
15737.9 114149 15248.1 114334
15240.3 114376 15242.6 114612
15288.2 114732 15338.3 114790
15424 114813 15481.9 114779
15533.1 114710 15577.6 114577
15577.6 114476 15555.4 114287
15529.8 114260 15243.7 114254
15120.1 114287 15099 114198
15073.4 114165 14733.8 113659
14647 112464 14670.4 112417
14717.1 112397 15357.2 112308
15385 112268 15410.7 112156
15182.4 109146 15210.3 109122
15483 109062 15563.2 105927
19891.3 106041 24390.8 106328
24401.9 106306 24405.3 105428
24381.9 105411 24298.4 105417
24277.2 105393 24260.6 105388
24218.2 105428 24209.3 105615
24179.3 105760 24292.8 105811
24281.7 105740 24276.1 105671
24281.7 105629 24304 105593
24304 105544 24293.9 105526
24227.2 105526 24227.2 105437
24243.9 105426 24953 105422
24967.4 105395 24964.1 104725
24984.1 104691 25089.9 104569
25106.6 104576 26146.3 105555
26630.5 105840 26747.4 106007
26756.3 106067 26741.9 106105
26714 106105 26639.4 105994
26650.6 105960 27791.6 104331
28261.4 104204 30699.3 104965
30716 104932 30855.1 103135
30847.3 102899 30830.6 102879
30808.4 102884 30674.8 102899
30672.6 102917 30727.1 103206
30741.6 103213 30749.4 103206
30758.3 103206 30769.4 103206
30775 103195 30767.2 103189
30760.5 103195 30730.4 103157
30717.1 103088 30689.3 102877
30704.8 102866 30845.1 102868
30852.9 102895 30789.4 103825
30644.7 103774 30767.2 103819
30810.6 103756 30852.9 102957
30844 102944 30827.3 102895
30808.4 102895 30688.1 102901
30688.1 102872 30732.7 102832
30722.6 102828 30677 102935
30680.3 103006 30730.4 103224
30741.6 103229 30758.3 103222
30758.3 103202 30727.1 103206
30721.5 103173 30682.6 102899
-1.04288e+06 3.62416e+06 30847.3 102879
30838.4 102434 30810.6 102371
29862.1 102427 29589.4 102449
27448.7 102721 25484 102665
25392.7 102739 24550 103674
24505.5 103669 24310.6 103378
23997.8 103322 23978.9 103333
22485 103244 22412.6 103155
22431.6 103240 22478.3 103278
22611.9 103280 22617.5 103269
22670.9 103266 22934.7 103266
24338.5 103413 24379.7 103469
24483.2 103692 24509.9 103830
24541.1 103841 25401.6 102734
25501.8 102688 27299.6 102766
27550 102712 29626.2 102445
29637.3 102420 29652.9 102389
29665.1 102389 29691.8 102394
29706.3 102416 30830.6 102400
30834 102423 30839.5 102884
30827.3 102884 30711.5 102899
30704.8 102888 30682.6 102884
30756 103211 30732.7 103211
30724.9 103128 30667 102906
30711.5 102899 30832.9 102890
30844 102910 30841.8 103051
30850.7 102957 30836.2 102884
30743.8 102888 30678.1 102906
30683.7 102984 30683.7 102984
