-3992.34 131682 -3719.6 131620
-2065.4 130286 -1023.44 130406
632.989 130509 1406.66 130066
1610.37 129696 2549.91 129095
3099.83 129055 3099.83 129055
3090.92 129055 3102.06 129059
3099.83 129075 3099.83 129075
3098.72 129075 3098.72 129075
3098.72 129066 3102.06 129084
3102.06 129064 3693.16 130046
3692.05 130063 3692.05 130063
3692.05 130059 3693.16 130066
3695.39 130046 3695.39 130046
3692.05 130043 3692.05 130043
3692.05 130034 3688.71 130070
3696.5 130046 3696.5 130046
3696.5 130041 3696.5 130041
3697.61 130037 3697.61 130037
3695.39 130046 3700.95 130037
3697.61 130032 3697.61 130032
3699.84 130041 3699.84 130041
3699.84 130048 3699.84 130048
3698.73 130054 3704.29 130039
3690.94 130054 3690.94 130054
3695.39 130048 3705.41 130008
3694.28 130052 3694.28 130052
3693.16 130054 3693.16 130054
3692.05 130052 3692.05 130052
3694.28 130048 3694.28 130048
3695.39 130057 3695.39 130057
3690.94 130066 3690.94 130066
3697.61 130072 3698.73 130048
3698.73 130068 3696.5 130057
3696.5 130070 3354.75 129705
3136.56 130996 1948.79 130662
1937.65 130148 3529.52 129208
2569.95 130627 2559.93 130620
2588.87 130676 2567.72 130629
2499.82 131072 1011.48 132060
353.577 132938 105.335 133122
-683.92 134799 -1438.67 134607
-2852.42 134683 -2627.56 134759
-2475.05 134750 -2318.09 135948
-2870.23 137217 -2824.59 139069
-3036.1 139056 -2697.69 139118
-2341.47 139094 -1411.95 139198
1246.36 143154 944.684 143633
807.761 143684 1208.51 143589
1431.15 143488 1804.07 143235
2015.58 142787 1979.96 141669
1928.75 141389 2119.1 138000
2224.86 137878 341.332 136230
-39.3803 135741 -590.412 134378
510.538 129476 1361.02 126132
3057.53 123745 3585.18 118784
3535.09 116004 3469.41 112116
3817.84 105540 3676.46 100860
3887.97 97524.6 4731.77 91366.4
5467.59 90847.7 5467.59 90847.7
5473.16 90847.7 7215.31 91148.3
10548.2 92615.5 12252.5 92949.4
16826.6 93421.4 18232.6 92154.6
18415.2 89028.7 18519.8 87973.4
20711.7 85088 21387.4 85811.6
21342.9 90210.9 20825.2 95371.7
20404.4 95935 18012.2 98281.6
13778.7 104792 12730.1 106978
12493 108109 12142.3 112272
11102.6 118822 10628.4 119410
10293.3 119748 8630.18 119330
7912.17 121153 7885.45 121808
6875.79 122983 6875.79 122983
6876.9 122977 6880.24 122961
6704.35 124651 6784.5 125965
7885.45 127280 6102.12 131457
4687.25 134033 783.271 141062
-3629.43 143488 -3541.49 140772
-2925.89 140677 -2798.99 140574
-1428.65 139216 -505.809 140429
-568.148 138882 -494.677 138755
-482.432 138699 504.972 136618
1388.85 134498 1428.92 134340
1423.36 134144 1511.3 132018
2431.91 131836 2566.61 130342
3700.95 130068 3796.69 130253
3175.53 130297 2547.68 130515
2542.12 130506 2542.12 130506
2544.35 130506 1977.73 133056
2002.22 133521 2002.22 133521
1995.54 133523 2571.06 130892
2559.93 130506 3834.54 130186
3837.88 130172 3847.9 130168
3840.1 130175 3847.9 130181
3841.22 130177 3841.22 130177
3844.56 130177 3836.76 130184
3837.88 130177 3837.88 130177
3844.56 130172 3844.56 130172
3841.22 130179 3830.09 130195
3842.33 130177 3835.65 130192
3846.78 130206 3847.9 130186
3834.54 130192 3834.54 130192
3838.99 130186 3838.99 130186
3843.44 130195 3806.71 130115
3794.46 130092 3764.41 130023
3757.73 130059 4922.13 131150
5299.5 131916 6834.6 135224
7941.11 138034 8654.67 140710
8720.35 141275 8724.8 141331
9138.91 140020 9954.88 139822
10481.4 139808 10616.1 140376
10820.9 142360 10819.8 144969
10657.3 145172 10129.7 145227
10431.3 151368 10027.2 152318
9850.24 152318 6644.24 152712
3346.96 152643 2473.1 152652
2406.31 152637 1799.62 152634
1324.28 152154 1285.32 150573
1285.32 149920 1309.81 147289
1216.3 146979 1033.74 146973
585.122 146596 586.235 146133
1001.46 145319 1306.47 144829
1266.4 142814 1032.63 142342
1913.16 139060 4332.14 134705
5168.15 133240 7195.27 136148
7249.82 136293 7415.69 136707
8590.11 140394 8721.46 141369
10173.1 139808 10626.1 139902
10615 140064 10809.8 140356
10085.1 139804 9708.87 139855
8938.54 140977 7154.09 135979
6773.37 135021 5897.29 133080
4251.99 134556 4224.16 134610
3998.18 134376 2770.32 134645
2527.65 134229 2254.91 133864
2189.24 132615 2563.27 131038
2615.59 129694 3075.34 129066
3076.45 129081 3065.32 129053
3069.77 129070 3069.77 129070
3075.34 129068 3075.34 129068
3073.11 129068 3073.11 129068
3067.55 129068 3067.55 129068
3068.66 129075 3068.66 129075
3069.77 129075 3076.45 129066
3072 129061 3072 129061
3067.55 129066 3067.55 129066
3072 129064 3072 129064
3072 129057 2524.31 129233
2518.74 129266 2512.06 129280
2523.19 129264 2529.87 129242
2524.31 129269 2516.52 129293
2518.74 129248 2518.74 129248
2523.19 129244 2523.19 129244
2519.85 129244 2519.85 129244
2526.53 129244 2518.74 129282
2528.76 129275 2517.63 129291
2527.65 129269 2527.65 129269
2532.1 129262 2525.42 129251
2996.3 129683 3977.03 130558
4196.33 130963 3769.97 130037
3756.61 130037 3756.61 130037
3765.52 130041 3765.52 130041
3766.63 130032 3766.63 130032
3773.31 130028 3773.31 130028
3775.54 130034 3763.29 130043
3761.07 130030 3761.07 130030
3761.07 130034 3743.26 130030
3759.95 130039 3755.5 130025
3754.39 130037 3754.39 130037
3755.5 130032 3755.5 130032
3757.73 130037 3757.73 130037
3761.07 130028 3761.07 130028
3763.29 130030 3635.28 129899
3259.02 129680 3220.05 129671
3147.7 131016 3045.28 133169
3195.56 134411 3204.47 135200
2288.31 138114 1910.94 138430
4080.55 141422 4408.95 146683
4404.49 147614 4394.47 148827
3097.6 149538 3114.3 149676
3114.3 149936 1932.09 149299
1873.09 147863 2315.03 147008
2474.21 147004 2833.78 142542
2641.19 142662 2525.42 143691
2700.19 144973 2733.59 146129
1732.83 146977 -676.128 147008
-671.675 147017 -729.561 148144
-713.976 148088 -1624.57 149046
-1619 149017 -2659.84 149092
-2479.5 149640 -2178.94 149627
-2672.09 149184 -2672.09 149184
-2670.97 149186 -2712.16 146340
-2905.86 145392 -4812.76 145423
-5958.24 144428 -5886.99 144428
-5633.18 144677 -5619.83 145381
-4818.33 145432 -4075.83 145448
-3229.8 145412 -2723.29 146414
-2672.09 149019 -2727.75 150266
-3419.04 150270 -3488.06 150274
-3629.43 150014 -3080.63 149123
-1809.36 149164 -1142.56 149146
-580.393 149331 -71.663 149411
1.80789 149408 41.8829 145626
35.2037 144686 1220.76 143571
1119.46 142435 490.5 141661
-221.944 138183 498.293 136622
736.517 135963 781.044 134797
1945.45 132784 1992.2 131913
1608.15 129366 1455.64 129162
1467.89 129117 1985.52 129692
2224.86 129671 1895.35 127797
2294.99 126924 6116.59 126757
6163.34 124687 8620.16 124460
8832.78 124455 9281.4 122968
10106.3 120094 11089.2 118865
11721.5 117373 12224.7 111379
14814 105960 15303.8 105931
17546.9 105989 18337.2 106021
18794.8 106139 18782.5 106119
18800.3 106107 18800.3 106107
18800.3 106105 18800.3 106105
18802.6 106103 19213.3 106038
19905.7 106034 20972.2 106054
24702.5 106415 25861.3 106441
26704 106087 27448.7 106784
29172 110242 29310 110064
31282.6 109291 32626.2 109336
34142.4 109592 34809.2 108935
34822.5 108868 34822.5 108699
34810.3 108697 34810.3 108697
34808.1 108697 34808.1 108697
34810.3 108694 34810.3 108694
34811.4 108692 34811.4 108692
34811.4 108701 34811.4 108701
34805.8 108697 34805.8 108697
34804.7 108701 34804.7 108701
34809.2 108699 34809.2 108699
34812.5 108692 34812.5 108699
34810.3 108688 34810.3 108688
34812.5 108690 34812.5 108690
34817 108690 34817 108690
34814.8 108690 34814.8 108690
34812.5 108690 34812.5 108699
34810.3 108679 34810.3 108679
34809.2 108686 34809.2 108686
34812.5 108683 34812.5 108683
34807 108688 34812.5 108697
34810.3 108690 34810.3 108690
34812.5 108686 34808.1 108690
34807 108686 34807 108686
34808.1 108686 34808.1 108699
34814.8 108692 34814.8 108692
34814.8 108694 34814.8 108694
34814.8 108701 34814.8 108701
34815.9 108694 34815.9 108694
34813.6 108699 34813.6 108699
34815.9 108699 34815.9 108699
34815.9 108701 34815.9 108701
34813.6 108701 34813.6 108701
34814.8 108697 34814.8 108697
34814.8 108694 34814.8 108694
34814.8 108699 34814.8 108699
34811.4 108703 34812.5 108677
34808.1 108701 34808.1 108701
34814.8 108699 34814.8 108699
34814.8 108697 34814.8 108697
34812.5 108688 34812.5 108688
34817 108686 34817 108686
34815.9 108692 34815.9 108692
34810.3 108697 34810.3 108697
34809.2 108694 34809.2 108694
34810.3 108692 34810.3 108692
34803.6 108694 34803.6 108694
34810.3 108692 34810.3 108692
34812.5 108686 34812.5 108686
34815.9 108690 34815.9 108690
34814.8 108686 34814.8 108686
34810.3 108686 34810.3 108686
34812.5 108679 34809.2 108699
34814.8 108683 34814.8 108683
34812.5 108686 34812.5 108686
34814.8 108692 34814.8 108692
34808.1 108694 34808.1 108694
34810.3 108703 34812.5 108688
34814.8 108683 34814.8 108683
34809.2 108681 34809.2 108681
34808.1 108681 34807 108692
34805.8 108690 34805.8 108690
34808.1 108690 34808.1 108690
34805.8 108692 34805.8 108692
34808.1 108690 34808.1 108690
34809.2 108692 34809.2 108692
34811.4 108692 34811.4 108692
34810.3 108697 34810.3 108697
34811.4 108694 34811.4 108694
34811.4 108699 34811.4 108699
34809.2 108701 34809.2 108701
34809.2 108694 34809.2 108694
34811.4 108699 34811.4 108699
34810.3 108701 34811.4 108679
34808.1 108697 34808.1 108697
34808.1 108701 34800.3 108726
34809.2 108706 34809.2 108706
34809.2 108701 34809.2 108701
34811.4 108699 34811.4 108699
34810.3 108706 34810.3 108706
34810.3 108697 34808.1 108677
34812.5 108694 34813.6 108697
34811.4 108688 34811.4 108688
34809.2 108688 34811.4 108708
34818.1 108692 34818.1 108692
34812.5 108688 34812.5 108688
34811.4 108683 34813.6 108701
34804.7 108690 34807 108672
34804.7 108692 34804.7 108692
34811.4 108688 34811.4 108688
34809.2 108686 34809.2 108686
34808.1 108686 34808.1 108686
34805.8 108690 34805.8 108690
34807 108694 34807 108694
34808.1 108694 34808.1 108694
34812.5 108692 34812.5 108692
34809.2 108690 34809.2 108690
34807 108686 34807 108686
34804.7 108677 34804.7 108677
34802.5 108672 34802.5 108672
34804.7 108677 34804.7 108677
34809.2 108686 34821.4 108703
34821.4 108686 34947.2 108879
35068.6 108897 35145.4 108855
35145.4 108875 35145.4 108850
35139.8 108859 35138.7 108855
35138.7 108866 35133.1 108857
35132 108861 35043 108984
34868.2 109155 34868.2 109155
34867.1 109153 34405.1 109518
34397.3 109514 34397.3 109514
34398.4 109512 34398.4 109512
34405.1 109512 34276 109656
32041.8 109300 30268.5 109284
27700.3 110976 25888 110863
24963 109133 24453.1 107978
23496.9 108260 23415.6 108360
23473.5 108274 24275 108011
24965.2 106542 25079.9 106112
25475 105484 25471.7 105459
25471.7 105475 25471.7 105475
25470.6 105471 25470.6 105471
25475 105464 25482.8 105433
25476.2 105464 25476.2 105464
25477.3 105462 25477.3 105462
25477.3 105471 25466.1 105431
25470.6 105455 25478.4 105417
25471.7 105444 25515.1 105555
24990.8 106092 24950.7 106408
22387 106067 17909.8 105967
15674.5 105889 13665.2 106005
12533 107813 11983.1 114207
11797.2 116427 10255.4 119802
9461.74 122169 9204.59 123210
8118.11 126628 7294.35 128995
6853.52 129778 5355.16 132401
4240.85 134583 3651.97 135620
3083.13 134964 3059.75 134935
2485.35 135821 2945.1 136431
3010.77 136578 4276.48 138161
4425.64 138040 4394.47 137597
4404.49 138541 4682.79 140018
3777.77 141901 1417.79 143451
1278.64 147362 1267.51 150593
1274.19 151372 1208.51 160035
-737.354 163660 -3392.32 161255
-3530.36 161262 -3775.26 161473
-3559.3 161847 -3559.3 161847
-3560.42 161847 -3465.79 162068
-4023.5 162244 -4023.5 162244
-4029.07 162241 -4076.94 161634
-4093.64 161090 -3236.48 160939
-664.996 160540 -473.526 158730
-676.128 155647 -682.807 155170
-2231.26 154344 -3155.21 154396
-2954.84 153607 -2875.8 153492
-2567.45 152884 -2577.46 152476
-2596.39 152439 -2623.11 151192
-1731.44 151385 -1903.98 151800
-2574.13 151788 -2634.24 151241
-2664.29 149631 -2699.92 148044
-2702.14 147113 -2754.46 143987
-2744.44 143914 -2774.5 143891
-2776.73 142965 -2797.88 141881
-3557.08 140594 -3584.91 139423
-3591.59 139445 -3591.59 139445
-3594.92 139448 -4300.69 139136
-4562.29 139140 -6224.29 138034
-6227.63 137646 -6932.28 136130
-6167.52 141267 -6324.48 142867
-6312.23 142983 -6638.4 143072
-7122.64 143079 -7653.63 143077
-8288.15 143152 -8310.42 143154
-8773.51 142266 -8736.77 142155
-7928.59 142168 -7925.25 142391
-8762.38 143660 -9849.97 144196
-10209.5 143059 -9988 142898
-9880.02 142576 -9878.91 142678
-9347.92 142845 -8982.79 142818
-8780.19 142613 -7977.57 141594
-7384.24 140656 -7386.47 140538
-6770.87 140494 -6173.08 141796
-6936.74 141877 -6967.91 141885
-6993.51 142596 -7570.14 143083
-6964.57 142576 -6396.84 142567
-6304.44 143025 -6209.82 143059
-5520.75 143085 -4814.99 143054
-4686.97 143891 -4686.97 143891
-4686.97 143889 -4650.23 145428
-3395.66 145403 -2826.82 145385
-1901.76 145388 -1312.88 145379
12.9398 146530 7.37387 148489
311.276 148511 415.916 148516
512.764 149017 1227.44 149638
1198.49 149847 1180.68 150453
1233 150646 1255.27 154743
1205.17 157185 1217.42 157831
1178.45 158577 818.893 158583
1034.85 158606 948.024 162074
782.158 162319 -600.431 163640
-879.842 163887 -879.842 163887
-879.842 163884 -818.617 164018
-867.597 164067 -889.861 164005
-287.623 163671 284.559 163199
824.459 162335 1097.19 161907
1166.21 161769 1955.46 161300
1964.37 160961 1952.13 158374
1942.11 158013 1264.17 157942
1274.19 155335 1356.57 153147
1237.45 152966 836.704 153550
-200.794 153674 -699.505 153708
-817.504 153155 -798.579 153193
-691.713 152948 -691.713 152948
-698.392 152951 -697.279 152828
-857.579 152643 -1651.29 151719
-1754.81 148812 -1813.81 145154
588.462 141554 32.9773 140866
96.4295 140728 -593.751 142108
-996.728 142293 -1634.59 142404
-1672.44 142360 -1672.44 142382
-1772.62 142117 -1752.59 141890
-1787.1 141251 -2760.03 141316
-2793.42 142714 -2767.82 142829
-2767.82 143117 -2793.42 143195
-2775.61 143181 -2721.07 146305
-2724.41 146908 -2678.77 148832
-2886.93 151038 -3926.66 151023
-4170.45 151031 -4839.48 151690
-4856.17 152639 -5285.87 152768
-6053.97 153710 -6040.61 154525
-6154.16 156484 -6788.68 156809
-6947.87 156822 -7206.13 156804
-7198.34 156822 -7613.56 156869
-8171.27 156878 -8167.93 156865
-8927.13 156898 -9619.54 156900
-9658.5 157152 -9650.71 158178
-9622.88 159098 -9606.18 159242
-9607.29 159935 -9591.71 160759
-10628.1 161273 -10655.9 161282
-11093.4 159944 -11111.2 159757
-10730.5 159314 -10781.7 157432
-10815.1 157034 -10810.7 156186
-10786.2 155375 -9725.29 155360
-9668.52 155872 -9658.5 156651
-10969.8 156829 -11170.2 156816
-11282.6 159040 -11299.3 160560
-11137.9 161825 -10702.7 160774
-10707.1 160692 -10730.5 160211
-10726.1 159975 -10709.4 159701
-10745 158935 -10770.6 157662
-10802.9 157216 -10788.4 156985
-10501.2 156858 -9885.59 156900
-9438.08 156878 -8439.55 156920
-7906.33 156889 -7591.29 156894
-7400.94 156874 -7400.94 156874
-7396.49 156865 -7307.43 155607
-7339.71 154658 -6504.82 154447
-6143.03 154487 -5740.05 154498
-4749.31 154342 -4394.2 154320
-4285.11 154235 -4316.28 152924
-4299.58 152592 -4029.07 151123
-3678.41 151072 -3459.12 151049
-2156.68 151045 -2646.48 150226
-2647.6 149667 -2672.09 149469
-2673.2 149228 -2659.84 149137
-2733.31 149032 -3494.74 149072
-4295.12 149068 -4396.43 149072
-5256.92 149237 -6707.42 149558
-7031.36 149511 -7339.71 149502
-7419.86 149466 -7633.6 149473
-7808.37 148384 -7864.03 148324
-8004.29 148326 -8052.16 148360
-8156.8 147356 -8391.68 147215
-8892.62 147227 -10147.2 147291
-10216.2 147280 -10414.4 145465
-10583.6 145425 -11371.7 145690
-13914.2 145840 -15109.8 145421
-15574 144225 -15643 142233
-15693.1 141353 -15707.6 141340
-15688.7 141244 -15726.5 140841
-15744.3 140783 -15870.1 139630
-15974.8 138165 -16039.3 136598
-16027.1 136867 -15997 137453
-15523.9 137624 -15125.4 137604
-14712.4 137880 -14569.9 138570
-14970.7 139975 -15748.8 140648
-15606.3 144308 -15591.8 145025
-15597.4 146817 -15585.1 152365
-15960.3 152793 -15984.8 152806
-16237.5 152777 -16371.1 152781
-16470.1 152692 -16459 151621
-16422.3 151601 -15773.3 151639
-14201.4 152040 -13084.9 152073
-12359.1 151381 -12359.1 151381
-12351.3 151383 -12336.8 150684
-11967.3 150419 -11704.5 151227
-11682.3 151350 -11680.1 151336
-11307.1 151403 -10491.2 151428
-12916.8 152049 -17549.9 151621
-17552.2 151633 -17293.9 151626
-17258.3 151577 -17261.6 150726
-17170.3 150424 -16689.4 150773
-16993.3 150495 -16973.3 150497
-16988.9 150490 -16975.5 150493
-16983.3 150504 -16983.3 150504
-16990 150506 -16927.7 149422
-16693.9 149199 -16630.4 149201
-15613 149453 -15574 152864
-15578.5 154106 -15597.4 154282
-15582.9 154652 -16193 155081
-16215.2 155077 -16479 153496
-15847.9 152630 -15579.6 150428
-15588.5 144691 -15635.2 143019
-15446 140372 -11123.5 139441
-9923.44 139445 -8995.03 139412
-7710.41 138671 -7827.29 136061
-7786.1 135093 -6799.81 134970
-6128.56 134937 -4622.4 134883
-4749.31 134102 -4751.53 133454
-4732.61 132757 -4711.46 131951
-4476.58 130787 -4544.48 130774
-4502.18 130818 -4418.69 130733
-4729.27 131299 -4729.27 132381
-4811.65 135084 -4589.01 134861
-3956.71 134817 -3686.21 135974
-3607.17 138887 -3591.59 139069
-1338.48 139314 -602.657 140289
-441.244 141808 -485.771 141799
-482.432 141779 -706.184 141491
-546.997 140861 -158.492 140879
-1049.05 142277 -1173.73 141503
-1177.07 141282 -2420.5 141262
-2760.03 141282 -2760.03 141282
-2758.92 141273 -2792.31 141843
-3177.48 142475 -3649.47 143106
-3608.28 143575 -2934.8 143506
-1881.72 143776 -1850.55 146875
-1768.17 147117 -744.033 147020
-31.588 147015 6.26067 147095
5.14748 148389 -146.247 149366
-992.275 149139 -1008.97 149161
-2784.52 149066 -3812 149086
-6077.35 149337 -7148.24 149497
-7669.22 149469 -8122.29 149219
-8154.57 147271 -8595.4 147227
-10517.9 147278 -11211.4 146890
-11759.1 146194 -11957.2 146207
-11837 147135 -10505.6 146318
-10506.8 145933 -10631.4 145463
-11270.4 145641 -13819.6 145857
-14997.4 145523 -16172.9 144619
-16712.8 144252 -17328.4 143865
-17968.5 143620 -17968.5 143620
-17969.6 143620 -18034.2 143704
-16597 144401 -16050.5 145261
-16230.8 146240 -16459 147002
-14797 147302 -14563.2 147284
-14510.9 147946 -13742.8 148242
-11671.2 147293 -11287.1 147298
-10358.7 146078 -10295.2 146069
-10191.7 145528 -8743.45 143733
-9690.78 144286 -10049.2 143780
-9910.08 142856 -9893.38 141687
-9484.84 141616 -8820.26 141309
-8138.99 139432 -7664.77 139456
-7510.03 138354 -6209.82 139243
-6068.44 139298 -5362.68 139717
-4868.42 140712 -4183.8 140734
-3727.4 140712 -3567.09 140113
-3573.77 139488 -2270.22 139107
-1608.99 139521 -1580.04 140761
-2018.64 141264 -2497.31 143419
-2734.43 143439 -3564.87 143515
-6286.63 143604 -9172.03 143949
-10401 144673 -10546.8 144882
-11016.6 149233 -11744.6 149293
-12733.1 149351 -13741.7 149255
-12960.2 148217 -12922.4 148246
-12197.7 148231 -10477.8 147184
-10500.1 146594 -10376.5 144731
-7808.37 139966 -7668.11 137295
-4966.38 134852 -2321.43 134723
-2528.48 135273 -2519.58 135164
-2339.24 134761 -1204.9 134910
4017.1 135046 4255.33 134623
4923.24 133361 6652.03 130188
7297.69 129033 9278.06 123026
9321.48 122843 9435.02 122378
10189.8 119944 11756 117097
11907.4 115236 12430.6 108913
12506.3 108140 12548.6 107851
15205.8 105940 17780.6 105998
18691.2 106058 18798.1 106161
18769.2 106127 18793.7 106139
18799.2 106105 18799.2 106105
18803.7 106112 18803.7 106112
18805.9 106110 18805.9 106110
18803.7 106112 18803.7 106112
18801.4 106105 19979.2 106729
19978.1 107325 19967 110046
21187 110665 25629.8 110861
27871.8 110997 28513 111046
29107.4 110373 29478.1 109830
32791 109349 34404 109665
34595.5 109160 34854.8 109051
35155.4 108857 35155.4 108857
35156.5 108861 35148.7 108870
35159.8 108839 35150.9 108859
35152.1 108835 35152.1 108835
35155.4 108839 35155.4 108839
35154.3 108841 35155.4 108855
35157.6 108835 35157.6 108835
35150.9 108839 35152.1 108853
35148.7 108841 35153.2 108853
35147.6 108844 35152.1 108861
35147.6 108835 35152.1 108848
35158.7 108837 35150.9 108846
35145.4 108839 35145.4 108839
35152.1 108844 35152.1 108844
35152.1 108850 35152.1 108850
35149.8 108855 35149.8 108855
35148.7 108846 35148.7 108846
35149.8 108844 35148.7 108870
35150.9 108848 35150.9 108848
35153.2 108841 35153.2 108841
35152.1 108846 35152.1 108846
35153.2 108855 35153.2 108855
35150.9 108850 35149.8 108810
35150.9 108844 35150.9 108844
35150.9 108853 35154.3 108837
35150.9 108855 35154.3 108821
35155.4 108855 35155.4 108855
35154.3 108861 35154.3 108861
35156.5 108853 35156.5 108853
35153.2 108861 35153.2 108861
35148.7 108857 35148.7 108857
35150.9 108864 35152.1 108832
35150.9 108853 35158.7 108839
35156.5 108864 35156.5 108864
35157.6 108866 35152.1 108837
35143.1 108864 35143.1 108864
35146.5 108861 35164.3 108853
35146.5 108846 35146.5 108846
35152.1 108844 35146.5 108830
35140.9 108841 35140.9 108828
35150.9 108848 35147.6 108859
35154.3 108844 35142 108835
35142 108857 35138.7 108846
35136.5 108855 35136.5 108855
35135.4 108853 35150.9 108850
35140.9 108844 35140.9 108844
35139.8 108835 35149.8 108857
35147.6 108841 35147.6 108841
35139.8 108846 35150.9 108839
35142 108859 35142 108859
35142 108868 35142 108868
35142 108861 35142 108861
35150.9 108866 35152.1 108855
35144.3 108861 35152.1 108848
35146.5 108857 35146.5 108857
35146.5 108859 35146.5 108859
35149.8 108853 35145.4 108841
35149.8 108832 35149.8 108832
35150.9 108837 35152.1 108875
35149.8 108846 35149.8 108846
35150.9 108837 35147.6 108850
35145.4 108819 35146.5 108846
35145.4 108832 35145.4 108832
35143.1 108841 35143.1 108841
35146.5 108835 35147.6 108870
35146.5 108844 35146.5 108844
35146.5 108850 35146.5 108850
35152.1 108846 35152.1 108846
35145.4 108844 35145.4 108844
35149.8 108848 35149.8 108848
35149.8 108844 35149.8 108819
35147.6 108857 35150.9 108846
35152.1 108850 35146.5 108830
35153.2 108848 35153.2 108848
35154.3 108844 35154.3 108844
35150.9 108848 35150.9 108848
35149.8 108839 35149.8 108839
35150.9 108839 35150.9 108846
35146.5 108841 35146.5 108841
35145.4 108844 35145.4 108844
35148.7 108853 35148.7 108853
35150.9 108844 35150.9 108844
35146.5 108848 35146.5 108848
35153.2 108850 35153.2 108850
35150.9 108855 35150.9 108855
35146.5 108859 35156.5 108830
35148.7 108850 35148.7 108850
35142 108846 35144.3 108868
35149.8 108850 35149.8 108850
35149.8 108848 35148.7 108855
35146.5 108844 35146.5 108844
35150.9 108841 35146.5 108859
35154.3 108853 35154.3 108853
35157.6 108853 35152.1 108857
35150.9 108835 35150.9 108835
35150.9 108839 35150.9 108839
35148.7 108848 35150.9 108879
35147.6 108853 35139.8 108835
35137.6 108853 35136.5 108806
35143.1 108839 35145.4 108857
35150.9 108848 35149.8 108861
35147.6 108846 35143.1 108835
35147.6 108855 35147.6 108855
35148.7 108850 35140.9 108839
35145.4 108850 35145.4 108850
35144.3 108850 35144.3 108850
35145.4 108848 35145.4 108848
35146.5 108846 35152.1 108861
35146.5 108853 35146.5 108853
35147.6 108853 35147.6 108853
35150.9 108848 35150.9 108848
35147.6 108841 35145.4 108839
35148.7 108844 35148.7 108844
35153.2 108846 35153.2 108817
35148.7 108839 35148.7 108846
35156.5 108855 35327.9 109024
35326.8 109120 35201 109520
33849.6 109440 32598.4 109329
31863.7 109282 28920.4 110709
27992 110997 25388.2 110841
24619 110810 20131.7 110602
19975.9 109445 19981.4 106185
19270.1 106009 18613.3 106005
18032.2 105967 15960.6 105903
12814.7 106724 12706.7 107078
12421.7 108893 11766.1 116734
10599.4 119441 10067.3 120029
9052.08 119524 7909.94 121258
7186.37 122848 6911.41 123660
6684.32 124638 6128.83 126893
5142.54 127182 4937.71 127356
4594.85 130135 4495.78 130640
4157.36 130903 2555.48 130451
2569.95 130428 2553.25 130413
2546.57 130422 2546.57 130422
2546.57 130420 2546.57 130420
2542.12 130420 2520.97 130451
2535.44 130515 2544.35 130518
2543.23 130540 2545.46 130522
2539.89 130558 2534.33 130624
2547.68 130673 2546.57 130693
2563.27 130698 2533.21 130718
2551.02 130691 2559.93 130633
2559.93 130676 2547.68 130716
2551.02 130687 2574.4 130680
2571.06 130669 2579.97 130642
2558.82 130600 2551.02 130631
2557.7 130611 2557.7 130611
2561.04 130609 2572.17 131259
2020.03 131887 1418.91 132886
1404.43 133129 1403.32 132762
2546.57 131829 2569.95 131132
2842.68 130306 3560.69 129843
3769.97 130079 2868.28 129665
2549.91 130034 2544.35 130460
2533.21 130451 2539.89 130442
2537.67 130453 2532.1 130451
2537.67 130473 2555.48 130495
2543.23 130477 2537.67 130540
2568.84 130515 2558.82 130495
2546.57 130506 2527.65 130526
2574.4 131221 2579.97 131548
2407.42 132212 2846.02 134719
2555.48 135709 2502.04 135816
1728.37 139151 1008.14 140463
691.989 141093 -257.567 142529
-553.676 143172 -50.5123 143802
29.6378 144869 6.26067 148676
69.7128 149184 21.8454 151060
-5.98447 150882 19.619 148587
58.5808 148525 487.161 148518
563.971 148253 578.443 147843
573.99 145797 841.157 145325
1325.4 144978 1295.34 143504
1774.01 141160 2384.04 139853
2669.02 139465 2038.95 136647
2435.25 135923 2184.78 135438
3547.33 132791 3547.33 132791
3550.67 132800 3545.11 132788
3658.65 133042 3658.65 133042
3661.99 133047 3661.99 133047
3659.77 133047 3659.77 133047
3660.88 133047 3650.86 133051
3659.77 133058 3654.2 133051
3661.99 133056 3661.99 133056
3660.88 133058 3660.88 133058
3659.77 133053 3659.77 133053
3657.54 133058 3657.54 133058
3657.54 133053 3657.54 133053
3653.09 133049 3653.09 133049
3654.2 133049 3657.54 133062
3424.88 132608 3179.98 131945
3178.87 131738 3498.35 130310
3688.71 130048 3688.71 130048
3692.05 130048 3692.05 130048
3688.71 130057 3688.71 130057
3690.94 130054 3692.05 130046
3687.6 130057 3687.6 130057
3692.05 130054 3692.05 130054
3688.71 130059 3688.71 130059
3689.82 130050 3693.16 130039
3692.05 130052 3693.16 130041
3690.94 130066 3692.05 130043
3688.71 130070 3692.05 130043
3685.37 130066 3685.37 130068
3690.94 130063 3680.92 130079
3690.94 130054 3696.5 130046
3687.6 130061 3700.95 130032
3692.05 130048 3692.05 130048
3689.82 130046 3689.82 130046
3686.48 130046 3686.48 130046
3688.71 130048 3688.71 130048
3694.28 130048 3694.28 130048
3697.61 130048 3697.61 130048
3693.16 130057 3698.73 130037
3693.16 130046 3693.16 130046
3694.28 130050 3693.16 130061
3697.61 130048 3697.61 130048
3702.07 130041 3702.07 130041
3694.28 130039 3699.84 130048
3696.5 130057 3695.39 130046
3694.28 130054 3694.28 130054
3687.6 130054 3687.6 130054
3692.05 130057 3753.27 130155
3142.13 130324 3134.34 130760
3151.04 131477 2643.42 131838
2122.44 133759 2164.75 133991
1865.3 134102 1863.07 133639
2072.35 133608 2008.9 133343
1978.84 131998 2523.19 131061
3079.79 130295 3119.87 129720
3019.68 129665 2573.29 130578
2545.46 130486 3027.47 130315
3808.93 130293 3778.88 130061
3781.1 130061 3753.27 130008
3705.41 129976 3650.86 129910
3117.64 129936 3166.62 132933
3679.8 133980 4031.57 134452
4105.04 134532 4273.14 134770
4397.81 136373 4420.08 138256
4544.76 138466 5102.47 138477
5917.33 139341 5917.33 139341
5915.1 139341 5915.1 139341
5915.1 139347 5694.69 138479
4526.95 138472 4427.87 138072
4416.74 136694 4241.97 136509
3488.33 135514 3025.25 134866
2530.99 134224 1967.71 131802
1986.63 129692 2112.43 129685
2546.57 129876 1414.45 131379
1187.36 132040 670.838 132895
-1678 134612 -3086.19 134737
-4963.04 134846 -7402.05 134986
-8742.34 135042 -9444.76 135093
-12008.5 135204 -12916.8 135264
-12923.5 135291 -15513.9 135478
-16058.3 135545 -13868.6 135431
-11311.6 135226 -5556.37 134926
-4896.25 134924 -4204.96 135173
-3394.55 135937 -3101.78 135917
-2920.33 135948 -3618.3 138900
-3640.57 138911 -3601.6 139265
-3584.91 140574 -3711.81 140674
-3854.3 140683 -4282.88 140705
-4282.88 140726 -4737.06 139897
-4469.9 139234 -3734.07 139189
-3616.08 138154 -3230.91 137720
-2857.99 137370 -2510.67 137228
3792.24 130177 3756.61 130043
3756.61 130050 3761.07 130039
3763.29 130061 3763.29 130061
3759.95 130054 3757.73 130034
3156.6 129671 3135.45 130600
3169.96 131887 3096.49 133216
3132.11 133263 4144.01 134581
3280.17 136569 392.539 141761
-2075.41 143444 -2738.88 143435
-2792.31 142560 -2790.08 141888
-2237.94 141278 -942.181 141204
-876.503 141262 -397.829 140612
-210.812 140262 167.674 139499
-77.2289 138599 -254.227 138332
-210.812 138203 -21.5692 137388
-963.332 137479 -1797.12 137364
-2153.34 136010 -2152.22 135910
-2550.75 135382 -2640.92 135422
-2914.76 135135 -2899.18 135064
-2891.39 136564 -2841.29 138711
-3059.48 139045 -1231.61 139459
-474.64 140469 -355.528 140487
236.692 139423 -300.981 139123
-493.564 138748 -493.564 138748
-487.998 138753 -333.264 138394
-501.356 137433 -598.204 137439
-1865.02 137266 -2790.08 137261
-3551.51 137709 -12296.8 145955
-12836.7 145989 -13329.8 145931
-13894.2 145837 -15002.9 145501
-15596.3 143268 -15360.3 143088
-14803.7 142801 -14808.1 142776
-14214.8 141848 -14244.9 140053
-14080.1 139588 -13914.2 139586
-12933.5 138475 -12952.4 137575
-12997 136506 -13452.3 136460
-13663.8 135859 -13438.9 135422
-11190.3 135211 -9347.92 135099
-7010.21 135008 -5777.9 134930
-4782.7 135004 -4398.65 135816
-3297.7 135954 -2934.8 135934
-2899.18 134966 -2154.45 134935
-2852.42 135937 -3657.26 136658
-3632.77 137731 -3613.85 138938
-3699.57 139082 -5613.15 139207
-7970.89 139330 -13959.9 139517
-14456.4 139641 -15638.6 140498
-15588.5 147999 -15606.3 148907
-15629.7 149230 -15646.4 152523
-15673.1 153118 -15594.1 154709
-15554 153098 -15572.9 144201
-15589.6 143729 -15564 143134
-14809.3 141863 -14558.8 141836
-14044.5 143101 -13885.3 145788
1428.92 134387 1976.62 131985
2995.19 129678 3077.57 129674
3530.64 130293 2999.64 130290
2542.12 130504 2541.01 130515
3260.13 129360 3224.51 129375
3231.19 129360 3228.96 129375
3230.07 129369 3237.87 129349
3224.51 129458 3256.79 129369
3164.39 129663 2258.25 129640
1667.15 129253 1615.94 129222
1699.43 129206 2530.99 129369
3428.22 129758 3763.29 130086
3726.56 129965 3726.56 129965
3724.33 129961 3724.33 129961
3729.9 129961 3710.97 129988
3716.54 129972 3716.54 129985
3723.22 129970 3723.22 129970
3723.22 129965 3720.99 129985
3726.56 129972 2267.16 129631
1916.5 129248 2013.35 127641
2445.27 126877 3703.18 127409
4736.23 127247 5379.65 127156
5903.97 122854 7845.38 122810
7972.28 119695 8936.31 119472
10574.9 119490 11667 117687
12029.9 113791 12356 109879
14123.8 106003 15956.1 105927
18804.8 106165 18813.7 106190
18833.7 106038 21509.8 106078
24214.9 106294 24717 106415
25658.7 106452 26678.4 106045
28465.1 108124 30678.1 109298
32215.4 109322 34704.5 109144
34827 108899 34812.5 108697
34810.3 108694 34810.3 108694
34808.1 108690 34808.1 108690
34808.1 108694 34808.1 108694
34810.3 108690 34810.3 108690
34807 108690 34807 108690
34808.1 108699 34808.1 108699
34809.2 108692 34813.6 108699
34814.8 108697 34814.8 108697
34814.8 108701 34814.8 108701
34812.5 108701 34812.5 108701
34812.5 108703 34812.5 108703
34813.6 108701 34813.6 108701
34815.9 108703 34815.9 108703
34817 108701 34817 108701
34820.3 108699 34820.3 108699
34819.2 108701 34819.2 108701
34825.9 108703 34825.9 108703
34818.1 108699 34818.1 108699
34818.1 108697 34818.1 108697
34815.9 108692 34815.9 108692
34822.5 108697 34822.5 108697
34820.3 108701 34820.3 108701
34821.4 108703 34821.4 108703
34812.5 108701 34812.5 108701
34810.3 108706 34810.3 108706
34811.4 108699 34809.2 108721
34810.3 108672 34810.3 108672
34812.5 108672 34812.5 108672
34813.6 108677 34813.6 108677
34812.5 108681 34812.5 108681
34813.6 108683 34813.6 108683
34810.3 108688 34810.3 108688
34813.6 108683 34817 108694
34810.3 108683 34810.3 108683
34807 108686 34807 108686
34814.8 108686 34814.8 108686
34813.6 108681 34820.3 108757
34809.2 108692 34808.1 108681
34813.6 108683 34813.6 108683
34813.6 108686 34813.6 108686
34817 108679 34811.4 108694
34809.2 108686 34809.2 108686
34810.3 108688 34810.3 108688
34808.1 108694 34808.1 108694
34810.3 108686 34810.3 108686
34814.8 108683 34811.4 108694
34821.4 108683 34821.4 108683
34817 108690 34817 108690
34819.2 108692 34818.1 108694
34819.2 108692 34819.2 108692
34824.8 108697 34824.8 108697
34817 108692 34817 108692
34815.9 108692 34815.9 108692
34811.4 108697 34811.4 108697
34811.4 108694 34811.4 108694
34814.8 108697 34814.8 108697
34815.9 108692 34815.9 108692
34812.5 108697 34812.5 108697
34810.3 108694 34810.3 108694
34818.1 108690 34818.1 108690
34817 108697 34817 108697
34815.9 108694 34815.9 108694
34815.9 108697 34815.9 108697
34815.9 108694 34815.9 108694
34814.8 108692 34814.8 108692
34814.8 108697 34814.8 108697
34814.8 108694 34814.8 108694
34813.6 108690 34813.6 108690
34812.5 108694 34812.5 108694
34814.8 108694 34814.8 108694
34814.8 108686 34811.4 108677
34811.4 108683 34811.4 108683
34811.4 108688 34811.4 108688
34812.5 108694 34812.5 108694
34813.6 108694 34813.6 108694
34814.8 108688 34814.8 108688
34814.8 108690 34814.8 108690
34815.9 108692 34815.9 108692
34815.9 108690 34814.8 108686
34810.3 108688 34810.3 108688
34811.4 108692 34811.4 108692
34813.6 108692 34813.6 108692
34812.5 108688 34812.5 108688
34811.4 108686 34811.4 108686
34810.3 108683 34810.3 108683
34810.3 108681 34818.1 108708
34818.1 108690 34818.1 108690
34815.9 108697 34815.9 108697
34813.6 108688 34813.6 108688
34813.6 108697 34813.6 108697
34813.6 108694 34813.6 108694
34812.5 108701 34810.3 108674
34809.2 108697 34809.2 108697
34811.4 108690 34811.4 108690
34813.6 108690 34813.6 108690
34813.6 108688 34813.6 108670
34814.8 108690 34814.8 108690
34813.6 108694 34814.8 108692
34814.8 108697 34814.8 108697
34814.8 108699 34814.8 108699
34819.2 108690 34819.2 108690
34815.9 108688 34815.9 108688
34815.9 108679 34821.4 108703
34817 108672 34815.9 108697
34812.5 108674 34812.5 108674
34812.5 108668 34812.5 108668
34813.6 108670 34813.6 108670
34815.9 108677 34815.9 108677
34818.1 108677 34818.1 108677
34817 108679 34817 108679
34818.1 108677 34818.1 108677
34819.2 108668 34821.4 108699
34813.6 108683 34813.6 108683
34810.3 108690 34810.3 108690
34810.3 108692 34810.3 108692
34808.1 108697 34808.1 108697
34810.3 108703 34812.5 108694
34814.8 108703 34815.9 108699
34819.2 108697 34819.2 108697
34820.3 108690 34820.3 108690
34819.2 108688 34819.2 108688
34814.8 108690 34814.8 108690
34817 108690 34817 108690
34815.9 108686 34815.9 108686
34814.8 108683 34814.8 108683
34812.5 108688 34812.5 108688
34814.8 108690 34814.8 108690
34813.6 108683 34813.6 108683
34810.3 108681 34813.6 108686
34815.9 108683 34815.9 108683
34811.4 108683 34811.4 108683
34810.3 108681 34810.3 108681
34809.2 108679 34809.2 108679
34804.7 108672 34804.7 108672
34807 108674 34807 108674
34805.8 108674 34805.8 108674
34803.6 108674 34811.4 108681
34813.6 108690 34813.6 108690
34812.5 108686 34812.5 108688
34812.5 108686 34812.5 108686
34810.3 108683 34810.3 108683
34812.5 108688 34812.5 108688
34811.4 108686 34811.4 108686
34812.5 108688 34812.5 108688
34810.3 108688 34810.3 108688
34810.3 108697 34809.2 108681
34803.6 108697 34803.6 108697
34807 108701 34807 108701
34809.2 108703 34810.3 108683
34807 108703 34807 108703
34808.1 108708 34808.1 108708
34810.3 108699 34810.3 108699
34810.3 108692 34810.3 108692
34808.1 108688 34808.1 108688
34809.2 108692 34809.2 108692
34810.3 108699 34810.3 108699
34813.6 108701 34813.6 108701
34812.5 108708 34821.4 108690
34821.4 108741 34703.4 108984
34422.9 109304 34409.5 109520
33832.9 109427 31936 109289
29311.1 110053 28923.7 108815
28362.7 107986 25941.5 106421
24900.6 106430 24042.4 106237
22400.4 106058 17748.4 105974
13017.3 105954 12879.2 106535
12412.8 108955 11723.8 117291
10141.9 120000 8611.26 125183
8109.21 126679 7327.74 129469
6566.32 130836 5721.4 132470
5281.69 133167 5180.39 134144
5238.28 134521 5047.92 134903
4421.19 134917 4421.19 134917
4422.3 134926 4391.14 136547
4402.27 137613 4139.55 138005
3875.73 137655 2562.16 137629
1916.5 138789 640.782 141086
-668.335 142213 -1187.08 142003
-1181.52 141569 -2544.07 141280
-3505.87 140694 -3576 139194
-2866.9 139116 -998.954 139733
1269.74 144806 1254.15 147874
530.575 149279 320.182 149297
63.0336 149395 571.764 147799
8.48706 147146 28.5246 146690
18.5058 145506 25.185 145341
-256.453 143544 -580.393 143034
-265.359 142567 710.913 141068
1021.49 140447 3588.52 135810
3076.45 134946 2523.19 134525
2116.88 135255 2947.32 136927
2456.4 137780 2061.22 138971
2635.63 139379 1408.89 141799
1117.23 142302 307.936 143072
12.9398 145145 5.14748 148413
884.571 150824 808.874 151250
1198.49 152102 1226.32 152984
1268.62 153394 -892.088 155909
-2034.23 155901 -2419.39 155923
-2154.45 157032 -2106.58 157978
-2016.41 158042 -1310.65 158031
-758.504 157984 -510.262 158563
-661.656 160387 -2125.51 160963
-4689.2 160721 -5747.84 160774
-5598.68 164481 -5510.73 168404
-6051.75 169600 -6935.62 169644
-6602.78 169386 -6517.06 169424
-7038.04 169464 -7066.98 168099
-7808.37 166569 -7842.88 166467
-7147.13 165821 -7061.41 165812
-7041.38 165022 -7065.87 163421
-6936.74 162159 -3129.61 163755
-3161.89 162711 -2646.48 161709
-2647.6 161556 -2209 161293
-2296.94 162119 -2639.8 162023
-2036.45 161527 -1978.57 161489
-2107.7 161491 -2643.14 161863
-2637.58 161967 -3145.19 162141
-3185.27 161642 -3265.42 158269
-3355.59 157595 -3515.89 155072
-3573.77 152928 -3596.04 152093
-4171.56 151196 -4173.79 151334
-4049.11 151058 -3326.64 151052
-2726.63 151067 -1773.74 151074
-2034.23 151817 -2617.54 151323
-3491.4 150753 -3639.45 149564
-1775.96 149453 -2501.77 151047
-2633.12 150818 -2684.33 149190
-3623.87 149090 -4271.75 149088
-4576.76 148413 -4607.93 147300
-4476.58 147126 -2850.2 147053
-1811.59 147583 -1763.72 148905
-1372.99 149170 -793.013 149502
-1015.65 150653 -1034.58 150902
-1029.01 150974 -1024.56 151621
-1332.91 152574 -1332.91 152574
-1335.14 152579 -1465.38 152570
-716.203 152795 271.201 152652
4485.76 152683 6970.41 152732
8081.38 152617 10161.9 152427
12393.9 152419 13933.4 152276
14106 151766 14252.9 151234
15040 151381 15269.3 151341
15175.8 151290 14979.8 151334
14377.6 151161 13774.3 151020
13179.8 150929 12584.2 150546
12639.9 149221 9812.39 149204
7946.68 149110 7962.26 149097
6686.54 149308 5574.46 149333
4795.23 149368 3270.15 149359
3217.83 149308 3146.58 149377
3108.73 149849 3110.96 149615
3072 150971 2569.95 150931
2151.39 149480 1676.05 149302
1283.1 149219 1228.55 147975
666.385 148202 577.33 147859
568.424 147558 571.764 147133
395.879 145316 289.012 145316
34.0905 144366 37.4301 144201
555.066 143758 555.066 143758
555.066 143760 543.934 143480
196.617 143272 -374.452 143375
-633.826 142669 -1152.58 142812
-846.447 143858 -620.468 144784
-1076.88 145347 -1399.7 145381
-1553.33 145481 -1544.42 145459
-970.011 145372 1159.53 145321
1553.6 146516 1538.02 146519
1314.26 145730 1248.59 146848
686.423 146991 578.443 145673
-44.9463 145319 -1968.55 145334
-1991.92 145330 -1970.77 145319
-1975.23 145339 -1973 145361
-2205.66 145336 -2743.33 144880
-2758.92 143758 -2773.39 143655
-3332.21 143506 -4208.3 143569
-6104.07 143128 -6192.01 139448
-6227.63 137010 -6226.52 135636
-6544.89 134888 -7012.43 133109
-7001.3 132742 -7065.87 131364
-7063.64 131860 -7056.96 132684
-7471.07 132759 -7054.73 132984
-7011.32 134826 -7422.09 136186
-7318.56 136184 -7181.64 137402
-8341.59 137433 -10547.9 137466
-10680.4 136665 -10043.7 136333
-9467.03 136308 -9467.03 136308
-9464.8 136311 -9413.59 137203
-9067.39 137448 -8931.58 138895
-8952.73 139323 -9085.2 139361
-9416.93 138744 -9426.95 138325
-9398.01 137992 -9221.01 137455
-8308.19 137435 -7725.99 137459
-7895.2 141031 -7854.01 141026
-6903.34 140494 -6284.4 140469
-6358.99 141819 -6911.13 141872
-7005.75 142389 -7380.9 143101
-8349.38 143166 -8579.81 143175
-8779.07 142064 -9395.78 141614
-11911.6 141598 -12340.2 141634
-12824.4 140948 -12910.1 139245
-12950.2 137771 -12982.5 136480
-9422.5 137851 -13404.4 136469
-13411.1 136482 -13402.2 136449
-13412.2 136515 -13397.7 136473
-13414.4 136482 -13385.5 136442
-13404.4 136480 -13411.1 136440
-13405.5 136471 -13571.4 136486
-13925.4 136990 -14669 137522
-14622.2 138263 -14548.8 138345
-13909.8 137776 -13919.8 137615
-14164.7 137540 -14376.2 137491
-13984.4 137513 -13235.2 137506
-13039.3 137417 -12861.2 137455
-11352.8 137613 -11319.4 138205
-11346.1 137617 -12727.6 137450
-12814.4 137183 -12798.8 137399
-12880.1 137446 -13345.4 137457
-13945.4 136531 -14400.7 136466
-14566.6 136489 -14644.5 136495
-14300.5 136473 -14703.5 136489
-14310.5 135471 -11156.9 135217
-7965.33 135139 -7889.63 135044
-9049.58 131528 -8749.02 130611
-9276.67 130892 -9874.46 129202
-10301.9 128169 -10874.1 127356
-10006.9 129155 -9960.17 129375
-9522.69 130466 -9108.58 131537
-9739.76 131947 -12221.1 132087
-12268.9 132884 -11936.1 132902
-12263.4 133038 -12437 133824
-13002.5 133855 -13054.9 134561
-13037 135295 -13011.4 136362
-13952.1 136444 -14797 136509
-14780.3 137495 -14780.3 137495
-14785.9 137488 -14372.9 139497
-12768.8 139463 -9596.16 139432
-9223.24 139416 -5848.03 139245
-95.0401 144780 -93.9269 144584
6.26067 144686 6.26067 144862
-475.753 145332 -879.842 145339
-1253.88 145178 -1013.43 144366
-859.805 144092 -1152.58 142758
-1165.93 142596 -1173.73 141353
-383.358 140608 -136.228 140919
-697.279 142219 -1537.74 142342
-1721.42 141560 -2292.49 141264
-2772.27 141307 -2941.48 142480
-3499.19 142215 -3539.27 141206
-2851.31 140663 -2492.86 139134
-2086.55 140623 -2480.62 140661
-2104.36 139559 -2156.68 139089
-1020.11 139724 1182.91 142636
1283.1 144568 1237.45 149264
1815.2 149331 3002.98 149408
4481.3 149395 7019.39 149342
8232.77 149184 8676.94 149210
9217.95 149219 10359 149250
11547.9 149591 11525.6 150228
11415.4 150655 11426.5 150557
11396.5 150896 9948.2 150816
9568.6 150773 8514.41 150640
7955.59 150686 7889.91 149275
7571.53 149310 7316.61 147518
6647.58 147748 6669.85 147779
6650.92 147621 7050.56 147518
7434.61 147520 7091.75 149306
6955.94 149308 5782.63 148616
5118.05 147986 -8672.21 148854
3894.65 149359 3894.65 149359
3887.97 149357 3179.98 149371
2582.19 149342 2065.67 149310
1870.86 148631 1874.2 147091
1382.17 146937 1315.38 146140
1256.38 145989 1248.59 146723
601.82 146839 579.556 145419
584.009 144194 581.782 143785
-392.263 143272 84.1843 142560
6.26067 143370 -27.1352 143362
-715.09 143802 -1334.03 144205
-3666.17 143535 -5122.23 143595
-7924.14 143635 -10555.7 145523
-10534.6 146120 -10424.4 151236
-10503.4 154741 -11420.7 154943
-16721.7 155115 -17279.4 155346
-17260.5 156137 -17266.1 155271
-17190.4 155204 -16524.7 155195
-15981.4 155099 -16089.4 155099
-16481.3 154494 -16495.7 153948
-16482.4 153445 -16246.4 152877
-16193 152875 -15149.9 152870
-14941.7 152848 -14728 154387
-14603.3 154380 -14283.8 152866
-14017.8 152857 -12783.2 152875
-12768.8 152744 -12409.2 151359
-11808.1 151323 -11717.9 151791
-12539.4 152795 -13639.3 152815
-14378.4 152356 -14351.7 153314
-14359.5 153817 -14360.6 153616
-12808.8 152899 -12383.6 152899
-11857.1 153013 -11710.1 151457
-11544.2 150143 -11355 149335
-10778.4 150279 -10811.8 151365
-10989.9 151410 -11228.1 150729
-11224.8 150751 -11631.1 151372
-12685.3 151357 -13541.3 152047
-15075.3 151993 -15670.9 151679
-16747.3 151584 -17582.2 151613
-18483.9 151619 -18556.3 152539
-18554 152757 -18552.9 153634
-18640.9 154478 -18634.2 154612
-18686.5 154491 -18662 154398
-18554 155050 -18832.3 156012
-19063.9 156007 -18552.9 155135
-18545.1 152846 -17476.5 152835
-17253.8 153761 -17889.5 154422
-18468.3 154422 -18559.6 153757
-18549.6 152269 -18550.7 152056
-17857.2 151608 -17081.3 150094
-15931.4 149179 -16564.8 148193
-16561.4 148035 -16510.2 147307
-15784.4 147291 -15545.1 146182
-15572.9 144228 -15634.1 142471
-15676.4 141741 -14910.6 140044
-14402.9 139661 -14400.7 139675
-14684.6 137882 -14818.2 136894
-14857.1 136119 -14519.8 135489
-13374.3 135398 -11799.2 135905
-12116.4 136019 -11798.1 135950
-11807 135645 -11033.3 135264
-10746.1 137279 -10700.4 136947
-9415.82 136393 -9411.37 137355
-9001.71 137457 -7760.5 138646
-7788.33 139165 -7537.86 138354
-7072.55 138308 -6631.72 138290
-6154.16 139305 -4856.17 139220
-4101.43 139194 -2191.19 139091
-1456.48 139196 -968.898 139810
-62.7574 141015 -412.301 141770
-593.751 142104 -900.993 142275
-132.889 142266 5.14748 142097
1454.53 139666 4250.87 134630
5086.88 133009 6259.08 130858
6987.11 129598 8773.78 124756
9469.53 122226 9718.89 121267
10384.6 119682 11808.4 116420
11838.4 116059 12455.1 108594
14932 105956 18782.5 106105
18773.6 106121 19277.9 106041
19980.3 106526 19972.5 110471
21941.8 110694 25037.6 110836
27371.9 110970 28492.9 111043
29977.9 109378 31100 109293
33209.5 109371 34884.9 108904
35118.7 108899 35161 108868
35146.5 108841 35146.5 108841
35147.6 108850 35147.6 108850
35145.4 108846 35145.4 108846
35142 108846 35142 108846
35145.4 108853 35145.4 108853
35142 108844 35152.1 108839
35149.8 108846 35149.8 108846
35152.1 108850 35152.1 108850
35149.8 108859 35149.8 108859
35150.9 108859 35146.5 108848
35154.3 108844 35154.3 108844
35157.6 108844 35157.6 108844
35155.4 108846 35155.4 108846
35154.3 108850 35154.3 108850
35155.4 108850 35155.4 108850
35153.2 108850 35153.2 108850
35149.8 108853 35149.8 108853
35148.7 108859 35159.8 108832
35152.1 108853 35152.1 108853
35150.9 108848 35150.9 108848
35153.2 108839 35153.2 108839
35152.1 108839 35152.1 108839
35149.8 108841 35149.8 108841
35153.2 108846 35153.2 108846
35156.5 108844 35156.5 108844
35152.1 108844 35152.1 108844
35145.4 108850 35145.4 108850
35146.5 108853 35146.5 108853
35153.2 108855 35153.2 108855
35152.1 108864 35152.1 108864
35150.9 108870 35150.9 108870
35148.7 108870 35148.7 108870
35149.8 108868 35156.5 108848
35159.8 108857 35159.8 108857
35155.4 108857 35155.4 108857
35150.9 108857 35150.9 108857
35149.8 108850 35152.1 108844
35169.9 108846 35157.6 108846
35150.9 108861 35150.9 108861
35149.8 108853 35149.8 108853
35145.4 108850 35155.4 108855
35154.3 108870 35154.3 108870
35153.2 108873 35152.1 108844
35157.6 108857 35152.1 108846
35158.7 108873 35146.5 108839
35145.4 108857 35145.4 108857
35152.1 108857 35152.1 108850
35152.1 108859 35152.1 108859
35154.3 108857 -39766 144666
35153.2 108850 35153.2 108850
35149.8 108844 35149.8 108844
35150.9 108841 35150.9 108841
35149.8 108850 35149.8 108850
35149.8 108848 35149.8 108848
35148.7 108850 35140.9 108772
35140.9 108824 35136.5 108812
35147.6 108850 35152.1 108866
35154.3 108855 35153.2 108848
35150.9 108853 35150.9 108853
35150.9 108861 35154.3 108846
35147.6 108870 35147.6 108870
35148.7 108868 35154.3 108828
35149.8 108859 35139.8 108875
35156.5 108855 35156.5 108855
35147.6 108859 35147.6 108859
35152.1 108853 35152.1 108853
35154.3 108853 35154.3 108853
35154.3 108850 35144.3 108853
35146.5 108848 35146.5 108848
35150.9 108846 35148.7 108859
35154.3 108828 35154.3 108844
35166.5 108850 35152.1 108870
35153.2 108846 35153.2 108846
35156.5 108848 35156.5 108848
35153.2 108846 35146.5 108866
35133.1 108853 35145.4 108859
35143.1 108870 35147.6 108848
35140.9 108859 35150.9 108855
35147.6 108844 35147.6 108844
35148.7 108839 35145.4 108861
35144.3 108844 35145.4 108855
35155.4 108850 35150.9 108830
35155.4 108853 35147.6 108846
35149.8 108835 35146.5 108846
35153.2 108846 35153.2 108846
35149.8 108853 35149.8 108853
35153.2 108844 35156.5 108857
35154.3 108844 35155.4 108824
35150.9 108839 35146.5 108853
35148.7 108832 35150.9 108853
35146.5 108839 35146.5 108839
35148.7 108848 35143.1 108835
35146.5 108857 35152.1 108890
35150.9 108853 35152.1 108864
35145.4 108841 35145.4 108841
35146.5 108835 35146.5 108835
35145.4 108835 35146.5 108853
35146.5 108835 35146.5 108835
35146.5 108844 35146.5 108844
35147.6 108853 35147.6 108853
35145.4 108859 35145.4 108859
35147.6 108855 35147.6 108855
35145.4 108859 35145.4 108859
35148.7 108853 35148.7 108853
35149.8 108846 35149.8 108846
35149.8 108844 35149.8 108844
35148.7 108844 35146.5 108824
35147.6 108844 35147.6 108844
35149.8 108846 35146.5 108832
35150.9 108853 35147.6 108864
35148.7 108848 35148.7 108848
35144.3 108857 35145.4 108853
35146.5 108826 35150.9 108844
35154.3 108821 35154.3 108821
35153.2 108824 35152.1 108844
35146.5 108777 35152.1 108850
35150.9 108815 35152.1 108873
35145.4 108841 35142 108830
35143.1 108857 35146.5 108837
35149.8 108870 35149.8 108870
35150.9 108873 35150.9 108873
35149.8 108877 35147.6 108844
35145.4 108866 35166.5 108832
35152.1 108837 35149.8 108857
35147.6 108844 35146.5 108846
35148.7 108844 35148.7 108844
35148.7 108850 35148.7 108850
35147.6 108846 35147.6 108846
35147.6 108841 35145.4 108848
35144.3 108835 35144.3 108835
35142 108841 35142 108841
35140.9 108837 35140.9 108837
35143.1 108828 35143.1 108828
35152.1 108830 35152.1 108830
35153.2 108837 35148.7 108826
35144.3 108850 35144.3 108850
35148.7 108846 35148.7 108832
35147.6 108859 35154.3 108868
35154.3 108846 35154.3 108846
35149.8 108841 35146.5 108846
35145.4 108835 35148.7 108850
35143.1 108839 35143.1 108839
35145.4 108841 35145.4 108841
35148.7 108844 35152.1 108848
35161 108830 35148.7 108844
35158.7 108821 35158.7 108821
35154.3 108828 35154.3 108828
35155.4 108837 35155.4 108837
35152.1 108837 35152.1 108837
35153.2 108830 35154.3 108841
35148.7 108839 35148.7 108850
35144.3 108844 35144.3 108844
35145.4 108846 35147.6 108853
35153.2 108841 35148.7 108853
35149.8 108828 35149.8 108828
35149.8 108835 35149.8 108835
35146.5 108826 35146.5 108826
35154.3 108830 35147.6 108861
35149.8 108824 35149.8 108824
35143.1 108828 35143.1 108828
35147.6 108824 35147.6 108824
35148.7 108826 35150.9 108855
35137.6 108832 35143.1 108837
35157.6 108828 35149.8 108850
35147.6 108839 35150.9 108861
35144.3 108837 35144.3 108815
35148.7 108861 35148.7 108861
35145.4 108866 35142 108848
35147.6 108857 35145.4 108812
35148.7 108846 35148.7 108846
35142 108853 35142 108853
35149.8 108850 35143.1 108810
35146.5 108832 35143.1 108855
35152.1 108837 35152.1 108837
35154.3 108846 35150.9 108859
35149.8 108832 35152.1 108866
35156.5 108853 35153.2 108864
35156.5 108850 35156.5 108850
35153.2 108844 35153.2 108844
35149.8 108848 35143.1 108835
35153.2 108841 35153.2 108841
35150.9 108846 35150.9 108846
35156.5 108841 35150.9 108850
35147.6 108846 35155.4 108835
35145.4 108844 35140.9 108864
35157.6 108839 35157.6 108839
35154.3 108837 35149.8 108848
35146.5 108837 35146.5 108837
35145.4 108841 35145.4 108841
35147.6 108846 35147.6 108846
35145.4 108848 35145.4 108848
35153.2 108846 35144.3 108839
35145.4 108853 35145.4 108853
35146.5 108846 35146.5 108846
35153.2 108848 35153.2 108848
35150.9 108846 35150.9 108846
35153.2 108844 35153.2 108844
35153.2 108853 35144.3 108846
35146.5 108855 35146.5 108855
35144.3 108848 35144.3 108837
35152.1 108859 35152.1 108859
35144.3 108855 35152.1 108877
35146.5 108853 35147.6 108837
35156.5 108848 35155.4 108859
35146.5 108828 35147.6 108815
35154.3 108853 35154.3 108853
35150.9 108861 35150.9 108861
35155.4 108855 35155.4 108855
35154.3 108848 35138.7 108817
35150.9 108841 35150.9 108841
35147.6 108844 35147.6 108797
35150.9 108844 35150.9 108844
35155.4 108846 35155.4 108846
35154.3 108846 35163.2 108864
35162.1 108844 35152.1 108846
35162.1 108859 35162.1 108859
35165.4 108855 35165.4 108855
35161 108857 35161 108857
35159.8 108853 35159.8 108841
35154.3 108861 35154.3 108861
35156.5 108857 35140.9 108859
35150.9 108844 35150.9 108844
35149.8 108844 35149.8 108844
35149.8 108848 35149.8 108848
35143.1 108853 35148.7 108861
35149.8 108848 35149.8 108848
35148.7 108850 35149.8 108832
35156.5 108859 35152.1 108844
35149.8 108857 35150.9 108877
35157.6 108837 35157.6 108837
35154.3 108837 35154.3 108837
35157.6 108844 35157.6 108844
35165.4 108841 35159.8 108859
35156.5 108830 35167.6 108799
35147.6 108850 35147.6 108850
35149.8 108848 35149.8 108848
35154.3 108855 35154.3 108855
35157.6 108850 35154.3 108830
35149.8 108870 35149.8 108870
35145.4 108864 35153.2 108857
35152.1 108848 35152.1 108848
35153.2 108839 35153.2 108839
35147.6 108844 35149.8 108832
35153.2 108844 35161 108870
35150.9 108866 35150.9 108866
35149.8 108861 35149.8 108861
35153.2 108857 35154.3 108841
35152.1 108857 35154.3 108839
35148.7 108853 35145.4 108824
35149.8 108859 35149.8 108859
35147.6 108855 35147.6 108855
35146.5 108850 35146.5 108850
35150.9 108841 35150.9 108841
35152.1 108839 35152.1 108839
35152.1 108841 35152.1 108841
35152.1 108837 35152.1 108837
35153.2 108839 35150.9 108824
35146.5 108835 35152.1 108866
35152.1 108846 35142 108908
35149.8 108857 35155.4 108832
35153.2 108855 35153.2 108855
35153.2 108857 35144.3 108828
35144.3 108832 35146.5 108850
35153.2 108837 35147.6 108857
35146.5 108839 35144.3 108870
35152.1 108850 35152.1 108850
35152.1 108853 35152.1 108853
35154.3 108848 35148.7 108870
35148.7 108857 35148.7 108857
35146.5 108853 35146.5 108853
35147.6 108859 35147.6 108859
35149.8 108857 35149.8 108857
35144.3 108857 35144.3 108857
35150.9 108855 35154.3 108868
35153.2 108855 35153.2 108855
35155.4 108864 35156.5 108853
35148.7 108848 35148.7 108848
35149.8 108853 35149.8 108853
35147.6 108857 35147.6 108857
35148.7 108857 35148.7 108879
35159.8 108866 35155.4 108848
35153.2 108861 35153.2 108861
35149.8 108853 35154.3 108879
35150.9 108841 35150.9 108841
35153.2 108835 35146.5 108846
35148.7 108837 35150.9 108848
35144.3 108846 35143.1 108828
35145.4 108855 35142 108890
35144.3 108870 35150.9 108835
35143.1 108855 35148.7 108875
35148.7 108837 35148.7 108837
35149.8 108835 35149.8 108835
35147.6 108832 35147.6 108832
35154.3 108828 35150.9 108846
35156.5 108830 35149.8 108846
35146.5 108837 35153.2 108875
35152.1 108848 35152.1 108848
35149.8 108846 35145.4 108853
35147.6 108835 35145.4 108857
35149.8 108837 35149.8 108846
35144.3 108853 35144.3 108853
35149.8 108850 35149.8 108850
35147.6 108844 35148.7 108855
35150.9 108848 35150.9 108848
35150.9 108857 35150.9 108857
35145.4 108857 35145.4 108857
35146.5 108859 35138.7 108841
35147.6 108857 35147.6 108857
35152.1 108866 35147.6 108841
35140.9 108850 35140.9 108850
35144.3 108844 35144.3 108844
35150.9 108844 35150.9 108844
35152.1 108837 35145.4 108850
35153.2 108848 35153.2 108848
35150.9 108844 35150.9 108844
35148.7 108846 35148.7 108846
35148.7 108841 35148.7 108841
35150.9 108844 35150.9 108844
35150.9 108848 35150.9 108848
35149.8 108848 35152.1 108850
35149.8 108844 35154.3 108830
35145.4 108850 35145.4 108850
35150.9 108844 35146.5 108832
35150.9 108844 35152.1 108870
35146.5 108853 35148.7 108808
35149.8 108839 35149.8 108855
35138.7 108846 35138.7 108846
35142 108848 35142 108848
35146.5 108841 35148.7 108821
35150.9 108839 35153.2 108826
35146.5 108837 35147.6 108848
35149.8 108824 35149.8 108824
35149.8 108821 35149.8 108821
35148.7 108826 35146.5 108806
35140.9 108819 35145.4 108875
35154.3 108841 35153.2 108826
35149.8 108850 35149.8 108850
35147.6 108855 35150.9 108841
35153.2 108853 35153.2 108853
35153.2 108848 35153.2 108848
35152.1 108848 35152.1 108848
35148.7 108855 35148.7 108855
35147.6 108857 35150.9 108873
35152.1 108853 35152.1 108853
35153.2 108857 35155.4 108844
35150.9 108855 35152.1 108841
35149.8 108859 35149.8 108859
35148.7 108855 35148.7 108855
35145.4 108853 35149.8 108837
35149.8 108853 35149.8 108853
35147.6 108859 35152.1 108826
35150.9 108850 35150.9 108850
35152.1 108850 35152.1 108850
35149.8 108857 35149.8 108841
35136.5 108848 35139.8 108844
35140.9 108848 35147.6 108850
35152.1 108844 35152.1 108844
35155.4 108850 35152.1 108861
35154.3 108850 35154.3 108850
35149.8 108855 35149.8 108839
35153.2 108857 35153.2 108857
35146.5 108861 35146.5 108861
35155.4 108864 35144.3 108846
35156.5 108846 35148.7 108839
35158.7 108832 35158.7 108832
35155.4 108835 35155.4 108835
35149.8 108835 35149.8 108835
35147.6 108841 35147.6 108841
35147.6 108839 35147.6 108839
35149.8 108837 35149.8 108837
35143.1 108837 35143.1 108837
35149.8 108844 35149.8 108844
35145.4 108846 35145.4 108846
35154.3 108844 35154.3 108844
35150.9 108837 35150.9 108837
35148.7 108846 35148.7 108846
35148.7 108844 35148.7 108844
35146.5 108835 35147.6 108857
35145.4 108839 35142 108855
35134.2 108828 35150.9 108855
35154.3 108828 35149.8 108853
35147.6 108839 35147.6 108839
35153.2 108832 35147.6 108855
35157.6 108850 35157.6 108850
35153.2 108850 35153.2 108850
35153.2 108848 35153.2 108848
35149.8 108846 35144.3 108855
35153.2 108835 35153.2 108835
35150.9 108835 35150.9 108835
35153.2 108835 35153.2 108835
35155.4 108828 35152.1 108850
35148.7 108837 35148.7 108837
35152.1 108837 35152.1 108837
35148.7 108841 35147.6 108853
35145.4 108844 35162.1 108846
35155.4 108861 35155.4 108861
35157.6 108859 35153.2 108839
35150.9 108848 35145.4 108839
35149.8 108839 35149.8 108846
35150.9 108837 35152.1 108857
35145.4 108832 35145.4 108832
35142 108835 35152.1 108857
35154.3 108848 35150.9 108832
35157.6 108855 35157.6 108855
35149.8 108859 35149.8 108859
35150.9 108850 35150.9 108850
35150.9 108859 35150.9 108859
35149.8 108864 35157.6 108821
35155.4 108855 35146.5 108846
35152.1 108864 35152.1 108844
35154.3 108857 35157.6 108828
35144.3 108859 35155.9 108840
35149.8 108848 35149.8 108848
35150.9 108855 35150.9 108855
35153.2 108864 35153.2 108864
35150.9 108855 35150.9 108855
35150.9 108848 35150.9 108848
35152.1 108850 35152.1 108850
35153.2 108844 35153.2 108844
35156.5 108844 35156.5 108844
35152.1 108853 35152.1 108853
35157.6 108846 35145.4 108857
35155.4 108844 35155.4 108844
35149.8 108846 35149.8 108846
35145.4 108837 35145.4 108837
35142 108830 35147.6 108855
35158.7 108835 35150.9 108857
35156.5 108832 35152.1 108853
35149.8 108841 35153.2 108859
35147.6 108819 35149.8 108866
35146.5 108839 35147.6 108857
35152.1 108850 35152.1 108850
35149.8 108853 35149.8 108853
35148.7 108855 35148.7 108855
35149.8 108848 35147.6 108817
35136.5 108850 35158.7 108832
35157.6 108855 35157.6 108855
35155.4 108855 35155.4 108855
35154.3 108850 35154.3 108850
35153.2 108846 35153.2 108846
35155.4 108837 35148.7 108848
35145.4 108848 35145.4 108848
35146.5 108844 35146.5 108844
35148.7 108841 35148.7 108841
35146.5 108844 35146.5 108844
35146.5 108853 35146.5 108853
35145.4 108844 35145.4 108844
35146.5 108846 35146.5 108846
35153.2 108844 35153.2 108844
35153.2 108850 35153.2 108850
35157.6 108841 35148.7 108857
35159.8 108848 35149.8 108848
35156.5 108844 35148.7 108861
35153.2 108839 35153.2 108839
35152.1 108839 35152.1 108839
35152.1 108841 35152.1 108841
35156.5 108844 35156.5 108844
35154.3 108841 35154.3 108841
35152.1 108837 35152.1 108837
35149.8 108837 35145.4 108855
35147.6 108837 35148.7 108879
35145.4 108855 35145.4 108855
35147.6 108859 35147.6 108859
35155.4 108855 35155.4 108855
35152.1 108857 35152.1 108857
35156.5 108855 35156.5 108855
35155.4 108855 35155.4 108855
35163.2 108855 35153.2 108853
35148.7 108857 35148.7 108857
35148.7 108850 35148.7 108850
35150.9 108848 35150.9 108848
35149.8 108848 35149.8 108848
35148.7 108846 35148.7 108846
35147.6 108855 35179.9 108837
35155.4 108853 35155.4 108853
35152.1 108853 35152.1 108853
35149.8 108857 35149.8 108839
35155.4 108857 35147.6 108850
35154.3 108850 35147.6 108837
35152.1 108855 35152.1 108855
35149.8 108848 35149.8 108848
35153.2 108841 35153.2 108841
35149.8 108844 35149.8 108844
35150.9 108837 35150.9 108837
35152.1 108828 35152.1 108859
35158.7 108861 35148.7 108830
35149.8 108853 35149.8 108853
35143.1 108857 35144.3 108821
35150.9 108850 35150.9 108850
35149.8 108841 35149.8 108841
35150.9 108846 35150.9 108846
35152.1 108853 35152.1 108853
35152.1 108846 35152.1 108846
35149.8 108848 35147.6 108839
35150.9 108846 35150.9 108846
35147.6 108839 35147.6 108839
35147.6 108830 35147.6 108841
35149.8 108828 35149.8 108828
35143.1 108832 35143.1 108832
35138.7 108837 35138.7 108837
35137.6 108830 35143.1 108839
35153.2 108828 35153.2 108866
35155.4 108841 35155.4 108841
35150.9 108846 35150.9 108846
35150.9 108855 35152.1 108824
35149.8 108853 35152.1 108864
35150.9 108853 35150.9 108853
35152.1 108848 35155.4 108826
35152.1 108861 35145.4 108873
35154.3 108861 35154.3 108861
35156.5 108857 35156.5 108857
35148.7 108857 35156.5 108826
35150.9 108853 35149.8 108861
35154.3 108855 35169.9 108857
35152.1 108837 35152.1 108837
35150.9 108830 35150.9 108830
35152.1 108830 35148.7 108859
35134.2 108846 35134.2 108846
35139.8 108848 35149.8 108853
35145.4 108857 35144.3 108868
35139.8 108855 35139.8 108855
35138.7 108853 35146.5 108828
35149.8 108839 35149.8 108839
35146.5 108835 35148.7 108855
35139.8 108846 35139.8 108846
35136.5 108855 35136.5 108855
35134.2 108864 35149.8 108841
35144.3 108837 35144.3 108837
35144.3 108839 35144.3 108839
35142 108846 35142 108846
35148.7 108844 35149.8 108855
35150.9 108832 35150.9 108832
35149.8 108830 35149.8 108830
35154.3 108837 35149.8 108821
35158.7 108830 35158.7 108830
35155.4 108837 35146.5 108853
35147.6 108835 35147.6 108835
35146.5 108830 35145.4 108839
35140.9 108835 35140.9 108835
35143.1 108844 35143.1 108844
35148.7 108846 35148.7 108846
35148.7 108841 35148.7 108841
35146.5 108846 35146.5 108846
35146.5 108848 35142 108830
35147.6 108868 35147.6 108868
35146.5 108864 35146.5 108864
35146.5 108855 35146.5 108841
35143.1 108857 35149.8 108844
35146.5 108844 35149.8 108855
35154.3 108841 35148.7 108861
35155.4 108846 35155.4 108846
35150.9 108844 35150.9 108844
35147.6 108850 35147.6 108850
35149.8 108850 35153.2 108861
35153.2 108853 35152.1 108864
35144.3 108864 35147.6 108846
35143.1 108864 35143.1 108864
35142 108868 35143.1 108826
35146.5 108855 35148.7 108870
35144.3 108850 35144.3 108850
35145.4 108848 35147.6 108868
35155.4 108844 35155.4 108844
35156.5 108853 35156.5 108853
35154.3 108850 35154.3 108850
35152.1 108855 35152.1 108855
35145.4 108861 35149.8 108844
35153.2 108841 35153.2 108841
35147.6 108837 35146.5 108864
35142 108844 35142 108844
35143.1 108850 35143.1 108850
35145.4 108857 35145.4 108857
35147.6 108848 35147.6 108848
35145.4 108846 35148.7 108830
35145.4 108861 35145.4 108861
35145.4 108857 35145.4 108857
35148.7 108848 35148.7 108848
35146.5 108841 35148.7 108855
35153.2 108859 35153.2 108859
35149.8 108850 35149.8 108850
35148.7 108853 35148.7 108853
35154.3 108853 35142 108841
35150.9 108853 35150.9 108853
35149.8 108848 35149.8 108848
35147.6 108841 35149.8 108864
35148.7 108837 35148.7 108837
35152.1 108839 35152.1 108839
35157.6 108837 35152.1 108853
35154.3 108830 35154.3 108830
35152.1 108832 35152.1 108832
35154.3 108826 35159.8 108837
35154.3 108819 35147.6 108846
35144.3 108837 35146.5 108848
35142 108839 35150.9 108850
35156.5 108828 35147.6 108859
35139.8 108850 35156.5 108832
35147.6 108848 35147.6 108848
35147.6 108846 35147.6 108846
35149.8 108846 35147.6 108848
35144.3 108850 35144.3 108850
35145.4 108846 35150.9 108857
35142 108824 -20635.7 148965
35140.9 108817 35148.7 108839
35153.2 108832 35153.2 108832
35149.8 108824 35148.7 108835
35144.3 108826 35329 109051
35206.6 109465 34335 109694
32922.3 109347 30337.5 109280
27930.8 111077 28173.4 112744
28407.2 115952 28440.6 116819
27161.5 118335 25832.4 118090
23409 118457 20729.5 119895
21161.4 122235 20877.6 124477
19726.5 124629 17317.6 124172
14160.5 124315 14097.1 124246
13662.9 124633 10763.1 126704
6741.09 130513 5617.88 132742
4403.38 134837 4267.57 136506
3666.45 135754 3077.57 134937
1997.77 133174 1564.73 132274
1550.26 132216 1486.81 132432
1497.94 132352 1497.94 132352
1497.94 132350 1899.81 129137
1285.32 128848 -88.3609 128184
-943.295 125599 -943.295 125243
-1249.42 124451 -1414.18 124789
-1332.91 124805 -1140.33 124687
-1460.93 124580 -1214.91 125067
-1433.1 125014 -2379.32 124983
-3531.47 124969 -3639.45 126577
-3739.64 128845 -4148.18 130161
-4722.59 130745 -4732.61 130916
-5561.94 131495 -5501.83 133585
-5498.49 134322 -6338.95 135847
-6276.61 136987 -7046.94 137399
-7642.5 137368 -7679.24 137010
-8331.57 133392 -8911.54 131933
-9305.61 131902 -10856.3 131404
-10885.2 130613 -10912 130731
-10865.2 131925 -10829.6 133456
-11229.2 133735 -11722.4 133752
-12031.8 133427 -12077.5 133421
-12064.1 133410 -11913.8 133612
-12243.3 133712 -12297.9 133813
-11190.3 133741 -10933.1 133744
-10935.3 133759 -10923.1 133746
-10938.7 133761 -10939.8 133750
-10488.9 133712 -9131.96 133646
-9000.6 135451 -8928.24 138795
-8862.56 140599 -8721.19 143638
-7193.88 144381 -6396.84 145408
-6255.46 143664 -5868.07 143653
-4685.86 143807 -5121.12 145421
-5949.33 145448 -6011.67 145530
-6296.65 147064 -6736.36 147073
-7907.44 147178 -9072.96 147256
-9118.6 147293 -9534.93 150299
-9878.91 150809 -9942.36 150787
-10299.7 150575 -10467.8 150907
-11099 151428 -11292.7 151405
-10594.7 151443 -10456.7 152109
-11254.8 155086 -11297.1 156905
-11327.2 161591 -11389.5 162802
-11709 165806 -10102.7 165314
-10123.8 166558 -10116 166888
-9491.52 165548 -9302.28 164479
-8094.46 164089 -3889.92 164100
-3125.16 164016 -3163.01 162330
-2648.71 161818 -2652.05 161687
-1909.55 161536 -2664.29 161095
-2177.83 162513 -2177.83 162513
-2181.17 162517 -2209 161426
-1711.4 161017 -491.337 160783
1959.92 159977 1958.8 159185
-1090.24 157982 -1731.44 158713
-3337.78 157679 -4773.8 157161
-4328.52 157141 -4089.18 157123
-3288.8 158022 -2811.24 159351
-2812.35 158813 -2810.12 158790
96.4295 175406 158.768 177392
128.712 179977 -375.565 182709
-364.433 183432 106.448 184454
177.693 184474 105.335 184505
-51.6255 184403 -51.6255 184403
-49.3991 184405 -103.946 181121
186.598 179721 136.504 176530
45.2225 175357 -649.411 175638
-671.675 175635 -2394.9 175631
-2407.15 175727 -2600.84 175960
-3504.76 176145 -4201.62 175624
-5281.42 175257 -5371.58 171668
-5498.49 169479 -5970.48 169595
-7035.81 169477 -7099.26 167048
-7041.38 165630 -7072.55 164207
-7056.96 162923 -6959 160351
-6991.28 158957 -7003.53 158652
-6701.85 158134 -6580.51 157573
-6138.58 157582 -5740.05 157559
-4259.5 157147 -3827.58 157134
-3458 157179 -3465.79 156375
-2127.73 155925 -1893.96 155843
-1122.52 157085 -1113.61 157553
-215.265 155963 499.406 156005
604.046 156384 1070.48 157976
1269.74 157764 1267.51 156019
1334.3 152668 814.44 152548
9.60025 151662 45.2225 150836
14.053 150662 21.8454 147002
5.14748 145459 15.1662 145321
-335.49 143163 1339.87 140109
3375.9 136181 3620.8 135184
3755.5 133583 4046.04 133376
3751.05 133654 3067.55 134859
2368.46 135665 2130.24 135260
2558.82 134467 2235.99 135046
1788.49 134919 1897.58 134570
1886.45 134552 1897.58 134565
1892.01 134554 1880.88 134563
1908.71 134565 1908.71 134565
1908.71 134567 1908.71 134567
1910.94 134574 2099.07 134024
2595.55 135986 2908.36 136429
2355.1 139098 1413.34 141781
291.239 141411 -1398.59 139203
-3919.98 139131 -4439.84 139160
-5372.7 138588 -5399.41 138624
-5376.04 138639 -5160.08 137764
-4960.82 137747 -5429.47 139176
-6110.75 139214 -6922.26 138430
-7245.09 138330 -6566.04 138283
-6187.56 139964 -6158.61 141066
-6298.88 143016 -5755.64 143065
-4784.93 143081 -4719.25 143647
-3816.45 143584 -3590.47 143099
-2792.31 141845 -2083.21 141291
-1101.37 142291 -452.376 141919
-443.47 141872 -1132.54 142306
-1757.04 141233 -2013.07 141246
-2798.99 141850 -3508.1 142315
-3514.77 142099 -3547.06 140879
-3618.3 139316 -3594.92 139305
-5044.3 139183 -5232.43 139189
-6227.63 137533 -6219.84 136275
-6911.13 136137 -7058.07 136130
-7599.09 136161 -7594.63 136179
-7689.26 136184 -7036.92 135019
-6985.72 136075 -6399.06 137422
-6253.23 137965 -6141.91 142046
-6131.9 142981 -8041.03 143604
-8666.64 143638 -8691.13 143606
-8683.34 144873 -8633.25 145581
-8603.19 147135 -8540.85 149918
-8526.38 151125 -8526.38 151125
-8524.15 151125 -9682.99 151593
-9672.97 153322 -9685.21 153578
-9111.92 153265 -9408.03 153627
-9471.48 153619 -9687.44 154355
-9695.23 154591 -10349.8 154186
-11022.2 154240 -11549.8 154596
-11670 154948 -12188.8 154997
-14328.4 155092 -14340.6 153269
-12812.2 152891 -11864.8 152997
-11812.5 152732 -11680.1 151466
-10778.4 151107 -10772.8 150312
-10552.4 150395 -10798.4 149313
-10593.6 149259 -10444.4 143992
-10445.5 143609 -10270.8 142647
-10252.9 141674 -9986.89 141607
-9862.21 142738 -9965.74 143963
-10293 144635 -10471.1 148683
-10427.7 152859 -10841.8 154876
-11286 158145 -11332.7 161843
-11536.5 165196 -11660 170132
-9809.89 169876 -6816.51 169722
-5510.73 169922 -5474 170426
-5393.85 172741 -5347.09 174691
-4089.18 175629 -3803.09 175611
-3578.23 176386 -3204.19 176435
-2855.76 176795 -3049.46 176417
-3592.7 176265 -4315.16 175593
-4911.83 175633 -5297 174878
-5323.72 173781 -5547.47 164828
-5501.83 164272 -1682.46 163691
-880.956 163671 764.346 162375
1277.53 156041 1227.44 154883
1329.85 152955 1322.06 152826
736.517 152561 37.4301 152568
-0.418499 152425 625.197 151526
2268.27 151463 3105.4 151196
3855.69 151054 4290.95 151027
5061.28 151027 5762.59 150998
5997.48 150951 6284.68 150934
5673.54 150931 5170.37 150962
4450.13 149288 4442.34 147792
4294.29 141988 3528.41 140418
2253.8 138753 766.573 135115
779.931 134639 745.422 133888
443.746 133862 459.331 133946
795.516 133378 1117.23 132900
1703.88 131936 1979.96 133401
2101.29 133744 1453.41 135260
511.651 136426 388.087 136279
-3578.23 134732 -4733.72 133456
-4717.03 132559 -4708.12 131083
-4759.33 131018 -5273.62 131099
-4914.06 131074 -4735.95 131711
-4743.74 132114 -4713.69 132577
-4751.53 133799 -4123.69 134839
-4164.88 135008 -4183.8 135983
-3682.87 136291 -3941.13 136716
-3950.03 136705 -3922.2 136711
-3626.09 138281 -3612.74 138929
4185.19 134716 4975.56 133236
5233.82 132677 7373.38 128868
7537.02 128407 8224.98 126347
9237.99 123135 9340.4 122703
9977.15 120456 11786.1 116689
11911.9 115160 12216.9 111491
12789.1 106822 13398 106047
14745 105965 18012.2 106005
18784.7 106145 18784.7 106145
18778.1 106145 18788.1 106145
18980.7 106041 19972.5 106980
20774 110649 26395.7 110899
27959.7 111005 31317.1 109293
31622.1 109293 33413.2 109382
34894.9 108893 35156.1 108846
35147.6 108844 35149.8 108855
35134.2 108832 35134.2 108832
35138.7 108828 35149.8 108853
35152.1 108832 35147.6 108846
35152.1 108828 35152.1 108828
35147.6 108835 35147.6 108835
35148.7 108828 35148.7 108828
35147.6 108830 35147.6 108866
35147.6 108841 35147.6 108841
35145.4 108846 35145.4 108846
35145.4 108848 35145.4 108848
35146.5 108850 35145.4 108839
35146.5 108850 35145.4 108828
35145.4 108853 35150.9 108841
35148.7 108857 35148.7 108857
35150.9 108850 35150.9 108850
35148.7 108846 35156.5 108830
35147.6 108846 35152.1 108861
35144.3 108830 35144.3 108830
35140.9 108830 35140.9 108830
35143.1 108832 35143.1 108832
35144.3 108839 35144.3 108839
35146.5 108848 35146.5 108848
35144.3 108853 35144.3 108853
35148.7 108846 35150.9 108866
35152.1 108850 35152.1 108850
35152.1 108846 35152.1 108846
35153.2 108853 35153.2 108853
35154.3 108855 35154.3 108855
35149.8 108850 35149.8 108850
35147.6 108848 35147.6 108848
35145.4 108857 35149.8 108844
35150.9 108859 35150.9 108859
35148.7 108857 35148.7 108857
35147.6 108857 35153.2 108830
35153.2 108859 35158.7 108837
35152.1 108859 35153.2 108844
35148.7 108864 35148.7 108864
35150.9 108857 35152.1 108839
35158.7 108846 35158.7 108846
35157.6 108844 35152.1 108841
35155.4 108837 35155.4 108837
35156.5 108839 35156.5 108839
35157.6 108832 35150.9 108850
35148.7 108841 35148.7 108841
35152.1 108841 35152.1 108841
35150.9 108841 35152.1 108853
35149.8 108839 35156.5 108870
35148.7 108841 35148.7 108841
35147.6 108848 35147.6 108848
35142 108853 35142 108853
35148.7 108853 35148.7 108853
35143.1 108850 35150.9 108859
35149.8 108848 35149.8 108848
35150.9 108850 35150.9 108850
35153.2 108850 35153.2 108850
35148.7 108855 35148.7 108855
35149.8 108857 35149.8 108857
35147.6 108848 35148.7 108841
35149.8 108857 35149.8 108857
35150.9 108853 35149.8 108835
35148.7 108859 35153.2 108855
35153.2 108857 35153.2 108857
35158.7 108853 35155.4 108837
35157.6 108859 35156.5 108824
35152.1 108855 35152.1 108855
35150.9 108846 35150.9 108846
35152.1 108839 35152.1 108866
35155.4 108846 35155.4 108846
35152.1 108853 35153.2 108841
35158.7 108844 35149.8 108857
35161 108835 35156.5 108866
35158.7 108819 35149.8 108873
35161 108857 35155.4 108848
35155.4 108864 35155.4 108864
35152.1 108857 35136.5 108837
35152.1 108846 35155.4 108857
35145.4 108857 35145.4 108857
35153.2 108859 35153.2 108859
35154.3 108850 35154.3 108850
35156.5 108846 35146.5 108848
35145.4 108873 35154.3 108846
35154.3 108848 35154.3 108848
35146.5 108850 35146.5 108850
35147.6 108853 35147.6 108853
35149.8 108844 35149.8 108844
35150.9 108844 35147.6 108848
35150.9 108837 35150.9 108837
35149.8 108846 35149.8 108846
35152.1 108846 35152.1 108846
35148.7 108841 35148.7 108841
35150.9 108832 35150.9 108832
35146.5 108830 35149.8 108861
35140.9 108844 35142 108855
35152.1 108841 35152.1 108841
35146.5 108841 35146.5 108841
35147.6 108844 35147.6 108844
35148.7 108837 35148.7 108837
35145.4 108839 35145.4 108839
35147.6 108848 35147.6 108848
35144.3 108839 35144.3 108839
35145.4 108837 35145.4 108837
35147.6 108846 35147.6 108846
35147.6 108839 35147.6 108839
35149.8 108839 35149.8 108839
35148.7 108841 35149.8 108857
35145.4 108846 35147.6 108857
35142 108832 35154.3 108864
35143.1 108841 35143.1 108841
35144.3 108835 35144.3 108835
35148.7 108828 35143.1 108857
35154.3 108824 35145.4 108848
35154.3 108826 35147.6 108841
35150.9 108846 35150.9 108846
35148.7 108841 35145.4 108866
35152.1 108841 35152.1 108841
35147.6 108848 35153.2 108861
35159.8 108826 35159.8 108826
35150.9 108828 35153.2 108839
35152.1 108826 35152.1 108826
35148.7 108830 35148.7 108830
35144.3 108832 35149.8 108868
35149.8 108839 35135.4 108859
35153.2 108853 35153.2 108853
35152.1 108859 35152.1 108859
35147.6 108866 35144.3 108846
35148.7 108864 35148.7 108864
35147.6 108866 35147.6 108866
35146.5 108873 35146.5 108873
35147.6 108877 35147.6 108877
35147.6 108875 35153.2 108848
35139.8 108861 35139.8 108861
35135.4 108859 35143.1 108844
35148.7 108855 35148.7 108848
35153.2 108855 35152.1 108841
35148.7 108855 35148.7 108855
35144.3 108853 35144.3 108853
35145.4 108846 35145.4 108846
35143.1 108853 35143.1 108853
35148.7 108846 35148.7 108846
35146.5 108853 35146.5 108853
35146.5 108855 35146.5 108855
35150.9 108855 35150.9 108855
35148.7 108864 35147.6 108844
35144.3 108855 35149.8 108844
35153.2 108855 35153.2 108855
35146.5 108855 35146.5 108855
35147.6 108857 35147.6 108857
35150.9 108850 35148.7 108866
35150.9 108848 35150.9 108859
35138.7 108835 35144.3 108853
35155.4 108864 35155.4 108864
35152.1 108864 35143.1 108828
35167.6 108899 35167.6 108899
35164.3 108908 35164.3 108908
35165.4 108910 35329 108928
35043 108984 35032.9 109084
35105.3 109879 34082.3 109561
32015.1 109300 30708.2 109289
29793.1 109489 29160.8 110266
28159 111012 26122.9 110874
24988.6 110823 24791.5 110818
23522.5 110179 23415.6 108663
23266.5 107283 22382.6 106154
22387 105691 22404.9 103451
21492 103251 20459 103431
18728 105994 15424 105887
14197.3 105972 12589.8 107548
12049.9 113328 11713.7 117375
9062.1 119528 9142.25 119584
7909.94 121169 7892.13 121581
7263.18 122850 6806.77 126283
6814.56 126388 6177.81 127006
6132.17 127015 4980.02 128768
5076.86 129627 5076.86 129627
5076.86 129629 5076.86 129629
5079.09 129625 5079.09 129625
5076.86 129625 5076.86 129625
5080.2 129627 5080.2 129620
5080.2 129634 5080.2 129620
4954.41 130030 4712.85 130101
3865.71 130239 3608.56 129876
2055.65 129696 2242.67 130121
2546.57 130406 2606.68 130520
2533.21 130466 2539.89 130442
2534.33 130453 2528.76 130482
2537.67 130489 2549.91 130495
2558.82 130787 2559.93 131762
2509.84 132018 2888.32 132940
4172.95 134643 4167.38 134625
4485.76 134374 3316.9 136509
381.407 141783 293.465 141943
-1703.61 143475 -3072.84 143484
-3777.49 143297 -3584.91 143114
-3491.4 142696 -3530.36 141378
-3541.49 140786 -2823.48 139414
-2825.71 139236 -2893.61 136157
-3189.72 135026 -2940.37 134788
-2909.2 135948 -3667.28 135986
-3611.62 139091 -4719.25 138415
-4767.12 136803 -4209.41 134839
-3717.38 135298 -3422.38 135965
-2895.84 136104 -2827.93 139254
-2705.48 140031 -2586.37 139991
-2486.18 139886 -2470.6 140002
-2807.9 139871 -1607.87 139586
-1591.17 140336 -1183.74 141157
-1128.08 141554 -1143.67 141707
-1124.75 141531 -838.654 141848
-1169.27 141957 -860.918 142251
-111.738 141229 552.839 141787
1275.3 145461 1269.74 149255
2307.23 152672 3097.6 152570
3116.53 149949 3132.11 149500
4258.67 149388 5971.87 149012
6283.57 148865 5522.14 149348
5452.01 149346 3882.41 149362
4359.97 152247 2824.87 153349
2683.49 153356 97.5427 153656
-175.19 153665 -688.373 155992
-542.544 158138 -660.543 160342
-1133.65 161052 -5682.17 160805
-6609.46 160683 -6951.21 160583
-7609.11 159229 -7783.88 159044
-8016.54 159249 -8144.55 159225
-8455.13 160739 -8465.15 161117
-7832.86 161061 -4030.18 160710
-3027.2 160906 -1265.01 161070
-504.696 159663 -509.149 157595
-646.072 155337 -1290.61 154580
-1699.15 150357 -1799.34 147990
-1813.81 147235 -4506.63 143524
-4609.05 143526 -4702.55 143179
-4691.42 142807 -4769.35 139383
-4772.69 137613 -4744.86 133724
-4591.23 132526 -4589.01 132552
-4650.23 132510 -4731.5 133361
-6825.42 134937 -6947.87 134932
-9636.23 135075 -10718.3 135124
-10765 139214 -10761.7 140966
-10512.3 143230 -10497.8 148333
-10739.4 149224 -10767.2 148061
-10672.6 147309 -10495.6 146694
-10440 144695 -10435.5 143932
-10690.4 137646 -10696 137506
-10318.6 135186 -5821.31 134939
-4203.84 134817 -1338.48 134754
-407.848 133788 823.346 130540
2338.4 129689 3102.06 129574
3168.85 132452 3655.31 133000
3656.43 133020 3648.63 132991
3641.96 133000 3641.96 133000
3645.29 133004 3645.29 133004
3647.52 133007 3647.52 133002
3645.29 133011 3645.29 133011
3645.29 133004 3645.29 133004
3646.41 133011 3646.41 133011
3649.75 133007 3636.39 133000
3716.54 133154 3187.77 131849
3151.04 130491 3697.61 130052
3698.73 130057 3698.73 130057
3697.61 130054 3697.61 130054
3695.39 130057 3695.39 130057
3696.5 130052 3696.5 130052
3694.28 130048 3694.28 130048
3693.16 130052 3693.16 130052
3698.73 130046 3696.5 130059
3694.28 130046 3694.28 130046
3694.28 130048 3698.73 130054
3699.84 130048 3699.84 130048
3700.95 130046 3692.05 130059
3697.61 130046 3697.61 130046
3696.5 130052 3696.5 130052
3696.5 130046 3696.5 130046
3695.39 130054 3705.41 130032
3693.16 130043 3698.73 130034
3697.61 130054 3697.61 130054
3699.84 130052 3585.18 129832
3159.94 129651 2537.67 130019
3138.79 130800 2645.65 131853
2283.86 131114 2575.51 131793
3590.75 133897 4129.53 134583
4131.76 134607 4395.59 137433
3836.76 137615 3836.76 137615
3838.99 137611 3010.77 136524
3048.62 134961 1998.88 133378
3068.66 131807 3145.47 131798
3146.58 130379 3411.52 130099
3177.75 130302 3136.56 130776
2947.32 131793 2554.36 131079
2482.01 129709 2523.19 129734
2562.16 130934 2555.48 130649
2535.44 130682 2552.14 130647
2544.35 131050 818.893 132308
-229.737 133347 -346.622 133681
-8.21086 134260 260.069 134614
575.103 136397 575.103 136397
576.216 136400 952.476 137132
2661.23 139405 2661.23 139405
2661.23 139407 3286.85 138412
3748.82 137573 3729.9 137450
2979.6 136489 2979.6 136489
