-1064.63 143767 -1045.71 143722
-519.167 144123 -333.264 144127
-313.226 144317 -598.204 145323
-1118.07 145325 -1548.87 145336
-1546.65 145356 -1897.3 145341
-1899.53 145396 -1869.47 145445
-1554.44 145470 -1538.85 145434
1199.61 145359 1305.36 145292
1317.6 145174 2922.83 142513
2371.8 142887 2368.46 142907
2502.04 142814 2502.04 142892
2536.55 142870 2416.33 142930
2407.42 142954 2385.16 143152
2657.89 144346 2655.66 144406
1312.04 144706 1299.79 143564
939.118 143731 850.062 143898
1244.13 144377 1260.83 145189
1261.94 148525 1241.91 152539
2327.27 152492 2485.35 152514
2837.12 152726 2850.47 152739
2928.4 152737 3065.32 152788
3065.32 153256 3054.19 154142
3065.32 154224 3073.11 154391
3837.88 154376 3928.05 154429
4130.65 154852 3626.37 154398
3195.56 154235 3148.81 154380
3103.17 154373 3047.51 153890
3082.02 152971 3041.94 153037
2964.02 152966 2922.83 153073
2930.62 152821 3026.36 152581
2920.6 152632 9.60025 149705
-2.64489 149664 -32.7012 149426
-413.414 149388 -431.225 149408
-36.0407 149486 -1.53169 149453
30.751 148765 -1.53169 147015
-715.09 146973 -719.542 146514
-630.487 145592 -647.185 145470
-639.392 145437 -652.751 145345
-676.128 145334 -1576.7 145368
-1889.51 145341 -1899.53 145414
-1866.13 145448 -1644.61 145457
-1541.08 145897 -1521.04 146666
-1552.21 146739 -1571.14 146158
-1524.38 146717 -1535.51 146950
-1560 146971 -1610.1 146988
-2384.88 147048 -4521.1 147093
-4916.29 147082 -6146.37 147077
-10265.2 147307 -10274.1 147405
-10418.8 147382 -10513.4 147411
-10546.8 149108 -10552.4 149226
-10624.8 149244 -10855.2 149282
-10850.7 149397 -10788.4 149627
-10783.9 148565 -10786.2 147507
-10655.9 147282 -10510.1 146403
-10721.6 136796 -10704.9 135206
-10800.6 133815 -10849.6 131582
-10839.6 130542 -8357.17 130046
-8406.15 129240 -8741.22 129233
-8737.89 129182 -8485.19 129195
-8433.98 129173 -8439.55 128992
-8422.85 129004 -8381.66 130028
-8267 131844 -8244.74 131882
-7398.71 131864 -7087.02 131878
-6931.17 137286 -6917.81 137397
-6249.89 137508 -6252.12 137887
-6229.86 137900 -6219.84 138161
-6190.9 138087 -6174.2 139163
-6218.73 139245 -6322.25 139367
-6377.91 139385 -6392.38 139347
-6381.25 139325 -5888.11 139241
-5373.81 139307 -5364.9 140316
-5337.07 140316 -5322.6 140138
-5359.34 139574 -5331.51 139278
-5177.89 139234 5468.71 132633
12648.8 125087 15036.6 121547
15621 119686 15878.2 114777
15861.5 114361 15858.2 114316
15830.3 114260 15705.6 114182
15254.8 114305 15303.8 114911
15254.8 114911 15170.2 114962
15240.3 115625 15248.1 115993
15262.6 116142 15405.1 118012
15424 118691 15335 118740
15318.3 118735 14535.7 118531
12403.9 118030 12403.9 118030
12401.7 118027 11839.5 117711
11669.2 117656 11134.9 118747
10843.2 119199 9271.38 122959
9215.72 123184 5847.19 131533
4233.06 134598 4233.06 134598
4227.5 134605 4199.67 134627
2600 132544 2463.08 132332
2458.63 132294 2402.97 132279
2154.73 132666 2040.07 132855
2004.45 132884 1401.09 132929
1403.32 133741 1427.81 134376
1453.41 134547 1497.94 135329
1483.47 135355 1859.73 136696
1917.62 136765 2438.59 137464
2425.23 137486 2082.37 137998
2099.07 138143 1804.07 138606
1807.41 141071 1820.77 141059
1303.13 141990 1091.63 142364
1086.06 142353 1082.72 142342
1071.59 142458 1250.81 143337
1275.3 143615 1373.26 143582
1473.45 143419 2018.92 143137
2045.63 143878 2101.29 144633
2085.71 144640 2087.94 144657
1336.53 144740 1317.6 144684
607.386 144762 601.82 144424
532.802 143771 48.5621 143900
-7.09767 143938 -18.2296 144121
-73.8894 144134 -358.867 144145
-364.433 144179 -325.471 144328
-322.132 144383 -447.923 144606
-622.694 145330 -1165.93 145314
-1622.34 145359 -1877.27 145334
-1900.64 145368 -1905.09 145414
-1878.38 145448 -1643.49 145508
-1588.95 145437 -1561.12 145448
-1557.78 145470 -1515.48 146614
-1529.95 146621 -1529.95 146621
-1522.16 146621 -1533.29 145425
-1348.5 145403 -1248.31 145414
-1238.29 145597 -1231.61 146358
-1010.09 146409 11.8266 146381
11.8266 146826 -706.184 146988
-711.75 146950 -717.316 146421
-631.6 145797 -648.298 145319
-925.483 145325 -1193.76 145336
-1201.56 145347 -1749.25 145347
-1856.11 145274 -1899.53 145323
-1900.64 145368 -1878.38 145414
-1665.76 145448 -1654.63 145459
-1622.34 145430 -1565.57 145412
-1546.65 145430 -1538.85 145586
-1568.91 145693 -1522.16 146732
-1532.17 146906 -1533.29 146982
-1565.57 146993 -1830.51 146917
-1850.55 146948 -1783.76 148569
-1749.25 148985 -1802.68 149030
-1765.95 149437 -1730.32 151214
-1649.06 152928 -1669.1 152917
-1678 152670 -1657.97 152637
-739.58 152677 -720.656 152715
-715.09 152884 -722.882 152926
-692.826 153155 -672.788 153162
-648.298 153144 -700.618 153371
-720.656 153383 -793.013 153405
-791.9 153434 -800.806 153483
-764.07 153434 -754.051 153438
-747.372 153416 -726.222 153207
-725.108 153073 -720.656 152951
-742.92 152784 -739.58 152688
-227.51 152717 -188.548 152739
-177.416 152699 1116.12 152728
1336.53 152592 1299.79 150996
1277.53 146049 1289.77 144372
1125.02 142418 949.137 142431
821.119 142847 729.837 142976
732.064 143021 694.215 143130
676.404 143143 604.046 143241
598.48 143259 581.782 143722
587.348 144633 579.556 146536
592.914 146617 599.594 146784
668.612 147040 581.782 146933
551.726 148732 551.726 148732
551.726 148741 540.594 148899
559.519 149126 562.858 149099
551.726 149359 310.163 149404
306.823 149455 499.406 149442
526.123 149426 559.519 149337
1180.68 149344 1283.1 149297
1300.91 149166 1286.43 147652
1294.23 147505 1299.79 147033
1275.3 146984 893.477 146999
861.194 147015 799.969 146984
774.365 146993 -689.486 146995
-1485.42 147015 -1611.21 147017
-1632.36 147033 -1683.57 147017
-1747.02 146939 -1847.21 146937
-2355.94 147028 -2629.78 147017
-4006.81 147084 -5791.26 147077
-7774.97 147173 -8248.08 147222
-8574.25 147238 -9411.37 147293
-10305.3 147307 -10522.3 147356
-10494.5 148331 -10463.3 150232
-10450 150323 -10450 150323
-10452.2 150332 -10686 150406
-10680.4 150435 -10688.2 150457
-11145.7 150413 -12776.6 150439
-12862.3 150462 -12876.7 152031
-13248.6 152087 -13810.7 152053
-13196.2 152076 -12876.7 152042
-2049.81 142093 -12845.6 152116
-12787.7 152258 -12402.5 151385
-11707.9 151368 -11710.1 151975
-11763.5 152265 -11852.6 152833
-12492.7 152788 -12876.7 151503
-12867.8 150473 -12856.7 149426
-12953.6 147485 -13029.3 146414
-13077.1 146416 -13841.9 146710
-13951 144310 -14033.4 143141
-14320.6 139675 -14735.8 137666
-14846 136558 -14846 136558
-14841.5 136551 -14873.8 135551
-13942.1 136424 -13905.3 136469
-13910.9 137482 -13914.2 137520
-13263 137493 -11776.9 137471
-11712.3 137486 -11385.1 137488
-11367.3 137515 -10797.3 137493
-10782.8 139724 -10816.2 139724
-10834 139686 -9695.23 139474
-8962.75 139448 -8932.69 139445
-8918.22 137475 -8891.51 137453
-7947.52 137444 -7728.22 137453
-7806.14 139407 -7827.29 139468
-7949.74 139463 -7966.44 139436
-7960.88 139414 -5673.26 139269
-5384.94 139289 -5351.55 140298
-5305.91 140465 -5220.19 140481
-5190.13 140683 -4964.15 140692
-4967.49 141367 -4750.42 141344
-4738.18 141327 -4738.18 141360
-3597.15 141349 -2142.21 141300
-1671.32 141240 -1621.23 140881
-1499.89 140587 -1457.59 140527
-1216.03 140788 -1164.82 141106
-1153.69 141117 -1173.73 141574
-1159.25 143037 -1095.8 143553
-1065.75 143582 -826.409 143887
-346.622 144216 -455.715 144778
-536.978 144835 -552.563 145408
-1199.33 145330 -1922.91 145296
-1914 145368 -1934.04 145379
-1782.64 145425 -620.468 145325
-613.789 145312 -592.638 145325
-397.829 145036 -420.093 144951
-491.337 144889 -294.302 144343
-335.49 144194 -364.433 144161
-661.656 144067 -680.581 144094
-672.788 144116 -352.188 144199
-313.226 144368 -446.81 144568
-457.942 144499 -463.508 144383
-475.753 144412 -548.11 144479
-589.299 145169 -1226.05 145363
-1268.35 145363 -1268.35 145363
-1277.25 145363 -1705.83 145363
-1747.02 145301 -1928.47 143431
-1984.13 143393 -2038.68 141371
-2078.75 141351 -2501.77 141271
-2635.35 141260 -2784.52 141249
-2793.42 141162 -2912.54 134861
-2941.48 134665 -3717.38 134728
-5439.49 134792 -5453.96 134759
-5467.32 133913 -5465.09 133670
-5481.79 133637 -5506.28 133485
-5517.41 132662 -5209.06 132621
-5197.93 132539 -5216.85 132495
-5298.11 132501 -5339.3 132517
-5339.3 132546 -5364.9 132499
-5357.11 132521 -5303.68 132521
-5300.34 132506 -5303.68 132256
-5231.32 132243 -5192.36 132223
-5170.1 132167 -5177.89 132109
-5166.76 132109 -5105.53 132078
-5061 132112 -5155.62 132045
-5161.19 132067 -5166.76 132205
-5167.87 132183 -5156.74 131960
-5142.27 131931 -5094.4 131949
-4995.32 132379 -5022.04 132521
-4980.85 132546 -4752.65 132550
-4750.42 133091 -4769.35 133370
-5546.36 131715 -5551.92 131136
-5038.74 131099 -4750.42 131025
-4739.29 131052 -4741.52 131553
-4804.97 132127 -4789.38 135082
-4894.02 134899 -4843.93 134877
-3196.4 134814 -2924.78 134794
-2908.08 135834 -2840.18 138851
-2852.42 139022 -3201.97 139051
-3214.21 139022 -3229.8 138980
-3402.34 138969 -3407.91 138840
-3397.89 138844 -3400.12 138935
-3370.06 138951 -3216.44 138947
-3183.04 139151 -1607.87 139129
-1594.51 139942 -1521.04 140436
-1182.63 140895 -1170.39 142462
-1047.93 143604 -795.24 143934
-806.372 143954 -1276.14 144867
-1293.95 145425 -1379.67 145514
-1650.17 145559 -1960.75 145481
-1950.74 145497 -1708.06 151537
-1669.1 151875 -1615.66 154246
-1602.31 154313 -1666.87 155059
-1975.23 155052 -2422.73 155077
-2626.45 155126 -3397.89 155164
-3422.38 155144 -3481.38 155144
-3480.27 154747 -3570.43 152917
-3574.89 152439 -3574.89 152439
-3581.57 152436 -3626.09 151147
-3609.4 151125 -3377.85 151034
-2684.33 151069 -2092.11 150985
-1738.12 151118 -1674.66 152661
-1157.03 152637 3256.79 152699
4227.5 152888 4466.83 153211
5145.88 152759 6396 152793
6473.92 152939 6752.22 152915
6763.35 152859 6766.69 152492
6787.84 152494 7102.88 152465
7093.97 152154 6761.13 152160
6737.75 152899 6748.88 152877
6748.88 152639 6396 152626
4043.82 152643 1854.16 152594
1241.91 152610 1266.4 157998
1422.24 158009 1436.72 157991
1929.86 157982 1932.09 157947
1915.39 157942 1261.94 157924
1303.13 153861 1303.13 153227
1316.49 153089 1328.74 151575
1295.34 150335 1294.23 143626
1108.32 142451 631.876 141471
2246.01 138521 2312.8 138499
2362.89 138561 2364.01 138662
2316.14 138735 2246.01 138713
2145.82 138533 2798.15 137237
3596.31 135796 6298.04 130774
6312.51 130725 6273.55 130629
6282.45 130653 6334.77 130725
6353.7 130707 11689.2 117473
10690.7 119359 10188.7 119889
9557.47 121625 9470.64 121581
9481.78 121570 9588.64 121625
9381.59 122516 7010.48 129500
6980.43 129549 6412.7 130542
5004.51 132072 4581.49 131900
4203.01 134636 3648.63 133915
2040.07 132846 2032.28 132833
1403.32 134454 1244.13 134581
848.949 135683 1456.75 135306
1863.07 135734 2390.72 134788
2397.4 134750 2425.23 134705
2375.14 134781 2375.14 134781
2369.57 134788 3181.09 135807
-637.166 140231 164.334 141284
206.636 141371 868.987 142262
1077.15 142406 3247.88 138472
3857.92 138668 3857.92 138668
3865.71 138666 4375.55 138679
4436.78 139659 4372.21 139668
4411.17 139675 4423.42 139670
4411.17 138666 4406.72 138613
4394.47 138599 3548.45 138635
3382.58 138595 3232.3 138501
2831.55 139223 1475.68 141656
1294.23 141941 1356.57 142202
1200.72 142435 771.026 142865
677.517 143030 265.635 143820
17.3926 143883 14.053 144087
-19.3428 144116 -355.528 144123
-335.49 144301 -329.924 144328
-439.017 144539 -636.053 145292
-1115.84 145301 -1533.29 145363
-1682.46 145356 -1893.96 145379
-1872.81 145414 -1652.4 145434
-1632.36 145414 -1541.08 145430
-1538.85 146283 -1598.97 146995
-1722.53 146966 -1769.29 146910
-2613.09 147004 -3675.07 146999
-3720.72 145991 -3834.26 145975
-3925.54 145915 -3908.85 146069
-3731.85 146002 -3725.17 145986
-1955.19 145390 -1895.08 145463
-1760.38 150435 -1760.38 150435
-1760.38 150439 -1747.02 150951
-1671.32 151891 -1639.04 152265
-614.902 153723 1147.29 153512
1116.12 153483 1091.63 153073
843.383 152982 865.647 152715
877.892 152706 915.741 152688
1089.4 152744 1094.97 152643
1080.49 152632 865.647 152592
626.31 152599 596.254 152610
30.751 152599 15.1662 152470
26.2982 152465 17.3926 149477
-38.2671 149415 -158.492 149375
-377.792 149342 -444.583 149315
-461.281 149032 -470.187 148525
-492.451 148507 -670.562 148507
-709.524 148487 -719.542 146358
-620.468 145296 -388.924 144922
-439.017 144900 -522.507 144657
-505.809 144706 -522.507 144673
-639.392 144684 -1060.18 145091
-1148.12 145307 -1743.68 145330
-1747.02 145281 -1888.4 143560
-4524.44 143593 -7928.59 143655
-8006.52 143642 -8261.44 143642
-8496.32 143664 -9459.24 144172
-9463.69 144188 -9856.65 144595
-10465.6 144751 -10566.9 145000
-10555.7 145670 -10338.7 145969
-10513.4 146514 -10537.9 149137
-10535.7 149188 -10558 149233
-10602.5 149233 -11723.5 149319
-11723.5 149299 -11713.5 149344
-11546.5 149377 -11537.6 149653
-11398.4 149649 -10830.7 149331
-10825.1 149342 -10805.1 149687
-10825.1 149587 -10825.1 149587
-10827.4 149587 -10821.8 149453
-10745 149342 -10743.9 149353
-10752.8 149342 -10732.7 149143
-10745 149108 -10783.9 148607
-10780.6 148458 -10772.8 147429
-9030.66 147284 -10276.3 147338
-10441.1 147289 -10524.6 147407
-10457.8 149778 -10443.3 152093
-10482.3 152403 -10541.3 152906
-10795.1 152877 -11732.4 152904
-11735.7 152877 -15643 152788
-15611.9 152817 -15834.5 152837
-9398.01 145508 -15879 152850
-15909.1 152855 -15926.9 152804
-15959.2 152804 -17079.1 152826
-17251.6 152855 -17278.3 153516
-18291.3 154451 -16018.2 137771
-16012.6 137660 -13215.2 137488
-12860 137504 -12834.4 137488
-12503.8 137508 -12503.8 137508
-12498.3 137515 -12502.7 137698
-12492.7 137533 -12470.4 137493
-11028.8 137482 -9442.54 137475
-8962.75 137566 -8929.35 139245
-8808.02 141494 -8823.6 141616
-8806.9 141629 -7995.38 141600
-7878.5 141551 -7326.35 140516
-7215.03 140514 -6194.23 140465
-6163.07 141162 -6116.31 143471
-6121.88 143578 -6153.05 143598
-6158.61 143560 -6240.99 143555
-6247.67 143575 -6238.76 143615
-6214.27 143638 -4708.12 143704
-4685.86 144016 -4644.67 145390
-4626.86 145445 -4248.37 145452
-2754.46 145403 -2726.63 147171
-2689.9 148202 -2679.88 148017
-2144.43 147968 -2084.32 147939
-2077.64 147979 -2072.07 147968
-2077.64 148264 -2000.83 148542
-2017.53 148380 -2008.62 148919
-2535.16 149043 -2689.9 149052
-3191.95 149021 -3191.95 149003
-3208.65 149010 -3631.66 149081
-3672.85 147901 -3661.72 147785
-3678.41 147623 -3698.45 147095
-3704.02 145775 -3739.64 144546
-3750.77 143649 -3765.24 143181
-3681.75 143119 -3502.53 143003
-3502.53 142495 -3663.94 136130
-3672.85 133378 -2908.08 133392
-2929.23 133385 -3105.12 133267
-3108.46 133303 -3101.78 133412
-3058.36 133436 -3019.4 133456
-2997.14 133447 -2997.14 133552
-2918.1 133663 -3157.44 133697
-3169.68 133801 -3218.66 134681
-3240.93 134681 -3249.83 134705
-3268.76 134710 -3553.74 134688
-4515.54 134765 -8123.4 134959
-8952.73 135021 -9001.71 135144
-8947.17 136858 -8913.77 137419
-8006.52 137430 -6962.34 137366
-6279.95 137422 -5468.43 137393
-5415 137410 -5390.51 138855
-5401.64 138878 -5389.4 139158
-5693.3 139200 -6389.04 139214
-6391.27 139180 -6370.12 139158
-6224.29 139163 -6208.71 139341
-6361.21 139396 -6380.14 139390
-6391.27 139356 -6386.82 139334
-6055.09 139445 -6057.31 139407
-5740.05 139289 -5678.83 139267
-5389.4 139252 -5364.9 139635
-5383.83 139637 -5908.14 139670
-5943.77 140075 -6149.71 140091
-6166.41 140049 -6246.56 137560
-6208.71 136262 -6255.46 134788
-6307.78 134781 -6470.31 134877
-10745 135048 -10797.3 133837
-10845.2 132172 -10866.3 132016
-11050 132009 -11270.4 132016
-11279.3 131738 -11268.2 131221
-11209.2 131199 -11194.7 130918
-11183.6 131199 -11259.3 131219
-11261.5 131319 -11262.6 131655
-11268.2 131666 -11273.7 132016
-11262.6 132049 -10880.8 132083
-10883 132154 -10845.2 133724
-11751.3 133768 -12389.2 133826
-12901.2 133826 -14256 133919
-14307.2 133886 -14418.5 133541
-14495.3 132855 -14567.7 132802
-14877.2 132791 -15014.1 132432
-15030.8 132339 -15040.8 132272
-15077.5 132245 -15806.7 132517
-16131.7 132768 -16677.2 132844
-16672.7 133096 -16658.3 133111
-16663.8 132851 -16290.9 132806
-15915.8 132724 -15053 132272
-14949.5 133890 -14925 133993
-14852.7 133993 -13064.9 133897
-13029.3 135217 -12990.3 137526
-12971.4 137533 -10168.3 137477
-8991.69 137497 -8949.39 137776
-8927.13 139218 -8923.79 139236
-8873.7 139269 -8771.28 139468
-5752.3 139256 -5417.22 139289
-5307.02 140465 -5186.79 140605
-5151.17 140605 -5156.74 140661
-5049.87 140692 -4988.64 140710
-5028.72 141808 -5240.23 141794
-5253.59 141745 -6121.88 141783
-6157.5 141244 -6335.61 143070
-6645.08 143063 -6625.04 143092
-6419.1 143054 -6160.84 143030
-5923.73 143103 -5587.54 143097
-5027.61 143052 -5000.89 143085
-4730.38 143037 -4713.69 143032
-4699.21 143099 -4708.12 143453
-7621.35 143631 -8181.29 143620
-9505.99 144139 -9595.05 143820
-9595.05 143842 -9541.61 143965
-10188.4 143266 -10240.7 142930
-10372.1 142910 -10472.2 142865
-10560.2 142999 -10663.7 145452
-10821.8 145490 -10905.3 145474
-10939.8 145111 -10939.8 145111
-10944.2 145114 -10938.7 145345
-10910.8 145479 -10914.2 145624
-10871.9 145868 -10880.8 145624
-10853 145612 -10409.9 145559
-10411 145590 -10474.5 145668
-10494.5 145635 -10463.3 144989
-10204 144657 -8796.88 143756
-8695.58 143916 -8698.92 143787
-8746.79 143809 -8780.19 142231
-8916 139635 -7822.84 139508
-7856.23 140138 -7875.16 140343
-7939.72 140414 -7905.22 141489
-7816.16 140536 -7187.2 140481
-7121.53 140492 -6277.72 140432
-6230.97 140454 -5209.06 140536
-5095.51 140650 -4986.42 141033
-4973.06 141367 -4777.14 141329
-4760.44 141344 -4738.18 141382
-4705.89 142836 -4705.89 142836
-4702.55 142843 -4715.91 143687
-4680.29 143709 -1927.36 143667
-1875.04 144884 -1799.34 145423
-1276.14 145381 1247.47 145336
1244.13 149037 1241.91 149099
1280.87 149282 1330.96 147182
1316.49 147066 1199.61 146948
1205.17 146859 53.0149 147004
-23.7956 146993 -681.694 147004
-1730.32 146995 -1788.21 146933
-1869.47 146973 -1883.94 147037
-1856.11 147104 -1771.51 147111
-1524.38 147040 -1524.38 147300
-1537.74 147296 -1560 147293
-1607.87 147340 -1655.74 147289
-1683.57 147300 -1696.93 147311
-1719.19 147300 -1705.83 147278
-1688.02 147282 -1661.31 146955
-1646.83 146955 -1582.27 146944
-1568.91 146984 -1549.99 147238
-1568.91 147289 -1560 147311
-1527.72 147307 -1394.14 148536
-1262.78 148518 -1092.46 148525
-1064.63 149066 -967.785 149143
-420.093 149353 -41.6067 149420
833.364 150043 802.195 151230
863.421 151492 860.081 151508
855.628 151481 860.081 151408
915.741 151702 821.119 152606
162.108 152606 34.0905 152592
26.2982 152528 30.751 152403
4.03428 152272 22.9586 150588
17.3926 149571 39.6565 148558
36.3169 147233 19.619 147006
36.3169 145412 36.3169 145412
39.6565 145403 20.7322 143943
8.48706 143943 -578.167 143032
-121.757 142324 644.121 141095
824.459 140870 2989.62 136869
3008.55 136820 3097.6 136676
3108.73 136624 2569.95 135930
2518.74 135816 2675.7 135433
3014.11 134988 2290.54 133908
2010.01 133314 2002.22 133044
2007.79 133525 3014.11 134950
2948.43 135088 2505.38 135796
2503.16 135830 2514.29 135868
3446.03 137141 3295.75 137466
2954 138116 3240.09 138468
3631.94 138766 3526.18 139519
3621.92 138944 3605.22 138717
3251.22 138479 3754.39 137520
3738.8 137471 1472.34 134509
1431.15 134405 1533.56 132428
1420.02 132421 1406.66 132390
1427.81 132067 1497.94 132031
1904.26 131900 3131 131798
3165.51 131764 5165.92 131221
5364.07 130785 6290.25 130673
6304.72 130736 4217.48 134621
4191.87 134625 2416.33 132334
2362.89 132312 1974.39 132940
2007.79 133490 2195.92 133924
2099.07 134064 2096.84 134120
2040.07 134242 2824.87 132862
3610.79 133886 4164.04 134603
4221.93 134650 4856.45 133512
6303.6 130769 6314.74 130736
6292.47 130662 6282.45 130647
6295.81 130676 6325.87 130736
6340.34 130729 8099.19 126750
8853.93 124486 11817.3 116291
11959.7 114873 12065.5 114844
11989.8 114746 12000.9 113987
11377.5 114265 11733.8 114120
11698.1 114145 11485.5 114216
11776.1 114494 11453.2 114323
-10196.2 139423 -15316.9 140220
-15380.3 140254 -15658.6 140432
-16257.5 141022 -17654.6 141589
-17704.7 141585 -18797.8 143054
-18554 142420 -17952.9 141616
-17949.6 141638 -17307.3 141516
-16847.5 141344 -13997.7 139664
-13827.4 139601 -9597.27 139463
-8962.75 139481 -6203.14 139434
-6116.31 140487 -6069.56 143675
-5292.55 143620 -5272.51 143876
-5290.32 143898 -5262.49 145359
-5250.25 145392 -4750.42 145423
-4098.09 145501 -4093.64 145445
-22817.6 150802 -3171.91 145414
-3086.19 145347 -2824.59 145379
-2830.16 145396 -2807.9 145347
-1925.13 145445 -1906.21 145470
-1660.19 145468 -1630.14 145425
-1594.51 145423 -1546.65 145535
-1538.85 145490 -1544.42 145352
-676.128 145363 -617.128 145301
-550.337 144929 -407.848 144535
-305.434 144399 -305.434 144399
-305.434 144390 -341.056 144123
-536.978 143700 -536.978 143600
-553.676 143600 -591.525 143077
-575.94 143014 -144.021 142335
-136.228 142186 -869.824 141249
-661.656 141066 -667.222 141048
-585.959 140899 -592.638 140895
-435.678 140625 -405.621 140621
-425.659 140603 -386.697 140436
-1688.02 139167 -3164.12 139029
-3201.97 139045 -3155.21 139118
-2373.75 139051 -1622.34 139129
-1613.44 139178 -1630.14 140216
-1615.66 140314 -1607.87 140403
-1552.21 140420 -1507.68 140427
-1393.03 140592 -1195.99 140906
-1227.16 141155 -1242.74 141189
-1216.03 141200 -1259.44 141382
-1198.22 141723 -1182.63 141801
-1232.73 142362 -1095.8 143555
-1029.01 143611 -826.409 143894
-496.903 144127 -366.66 144112
-308.773 144339 -447.923 144550
-461.281 144624 -461.281 144624
-464.621 144633 -602.657 144684
-609.336 144702 -598.204 144795
-572.601 144784 -611.563 145552
-1221.59 145336 -1610.1 145359
-1872.81 145307 -1889.51 145270
-1906.21 145341 -1891.74 145412
-1646.83 145512 -1585.61 145441
-1561.12 145441 -1561.12 145441
-1552.21 145445 -1552.21 145445
-1548.87 145448 -1549.99 145425
-1552.21 145470 -1443.12 145575
-1546.65 146258 -1513.25 146503
-1470.95 146592 -1465.38 146539
-1498.78 146436 -1537.74 146481
-1533.29 146447 -1548.87 146409
-1561.12 146113 -1546.65 146127
-1585.61 146472 -1549.99 146654
-1521.04 146648 -1548.87 147037
-1613.44 147033 -1613.44 147033
-1616.78 147033 -1633.48 147071
-1635.7 147040 -1726.98 146999
-1819.38 146906 -1839.42 146906
-1895.08 146977 -2701.03 147095
-2689.9 147104 -2440.54 147048
-2440.54 147062 -2411.6 147093
-2412.71 147111 -2414.94 147218
-2406.03 147117 -2355.94 146966
-2066.51 146982 -2025.32 149041
-2512.9 149066 -2573.01 149054
-1886.17 148936 -1856.11 150032
-1861.68 149927 -1783.76 149689
-1281.71 149092 -1257.22 149108
-1229.39 149099 -1071.31 149248
-1088.01 149170 -23.7956 149382
0.694696 149344 -2.64489 148540
31.8642 148525 123.146 148562
147.636 148484 181.032 148542
73.0524 148487 -561.469 145381
-614.902 145341 -1666.87 145408
-1908.43 145385 -1866.13 145412
-1722.53 145425 -1797.12 145385
-1774.85 145390 -1657.97 145526
-1561.12 145441 -1582.27 145445
-1204.9 145363 -177.416 145314
-10.4373 145390 1221.87 145307
1294.23 147583 1236.34 149244
1314.26 149293 1503.51 149310
1822.99 149310 3082.02 149397
6481.72 149355 7067.26 149270
7043.88 149052 7043.88 149275
7024.95 149286 3841.22 149299
3846.78 148997 3846.78 148251
3142.13 148164 3132.11 147968
3145.47 147728 3139.9 147630
2552.14 147656 2424.12 147690
2115.77 147850 1926.52 147930
1328.74 148097 1319.83 147734
1323.17 147690 1325.4 147178
1361.02 147238 1322.06 147073
1249.7 147095 958.042 147011
900.156 147017 638.555 146995
640.782 147026 557.292 146984
529.462 147060 164.334 147011
-708.41 146999 -717.316 145548
-661.656 145434 -687.26 145336
-828.636 145336 -978.917 145296
-631.6 144706 -631.6 145330
-1084.67 145347 -1187.08 145363
-1546.65 145374 -1560 145463
-1741.46 145474 -1771.51 145000
-1836.08 144867 -1279.48 144145
-1999.72 145401 -1566.68 145414
-1560 145425 -1538.85 146648
-1552.21 145753 -1563.34 145441
-1535.51 145412 -1440.89 145392
-1203.78 146369 -1042.37 146394
-1026.78 146416 -756.278 146387
-185.209 146403 14.053 146392
11.8266 146926 22.9586 148435
67.4864 149388 -23.7956 149578
-52.7387 149578 -388.924 149531
-436.791 149366 11.8266 149375
11.8266 148565 14.053 147084
-12.6636 147006 -734.014 146955
-769.636 146104 -706.184 145468
-882.069 145352 -882.069 145352
-876.503 145345 -1164.82 145312
-1621.23 145359 -1858.34 145292
-1878.38 145325 -1867.25 145425
-1649.06 145441 -1571.14 145392
-1533.29 145523 -1598.97 145730
-1544.42 145713 -1543.31 145441
-1518.82 145445 -1243.86 145463
-1221.59 146387 -1043.48 146369
-936.615 146392 -190.775 146394
-706.184 146398 -715.09 146354
-642.732 145470 -661.656 145312
-912.125 145323 -1741.46 145336
-1769.29 145207 -2292.49 145292
-2331.45 145370 -1908.43 145381
-1644.61 145414 -1610.1 145381
-1555.55 145381 -1505.46 146873
-1518.82 146999 -1587.83 146966
-1797.12 146928 -1858.34 146971
-1875.04 147044 -1437.55 154525
-708.41 155077 -747.372 160841
-945.521 161041 -1254.99 161121
-1240.52 161449 -1277.25 162072
-1828.28 162106 -1847.21 162132
-1843.87 162206 -1833.85 162221
-1838.3 162139 -1880.6 161745
-1910.66 161731 -1906.21 161567
-2006.4 161542 -2112.15 161522
-2637.58 161576 -3191.95 160988
-3146.31 160796 -2996.03 160776
-8183.51 161059 -8220.25 160952
-8387.23 160977 -8457.36 161019
-8529.72 162635 -8682.23 163279
-8930.47 163693 -9119.71 163715
-9400.24 163697 -9400.24 163697
-9409.14 163697 -9498.2 163686
-9542.73 162290 -9587.25 159579
-9631.78 158310 -9611.74 156922
-9281.12 156936 -7360.86 156878
-6179.76 156684 -3498.08 156061
-3481.38 155943 -3513.66 155210
-3591.59 155237 -3580.45 152788
-3594.92 151659 -3628.32 151185
-3641.68 151185 -3652.81 151163
-3652.81 149244 -3680.64 147184
-3731.85 145581 324431 145581
-3708.47 145434 -931.049 145356
1244.13 145356 1260.83 146870
1312.04 147004 3106.51 147006
5725.86 146492 7811.98 145356
7820.89 145396 7837.59 145880
7995.66 145882 7501.4 145880
7484.7 145559 7466.89 145508
7440.18 145501 5455.35 146625
4466.83 146950 2156.95 138457
3103.17 136691 4742.91 133730
6306.94 130774 6286.91 130658
6298.04 130664 6304.72 130702
6334.77 130725 11858.4 115768
11945.3 114868 12009.8 114857
4191.87 134636 2335.06 132345
2040.07 132840 1414.45 132869
1403.32 133659 1389.96 134503
749.875 134817 215.541 137186
15.1662 137611 -667.222 139114
-647.185 139207 317.955 139318
270.088 139412 117.58 139637
117.58 139704 -214.152 140176
-313.226 140409 -834.201 141184
-850.899 141238 -1177.07 140933
-1187.08 140944 -1192.65 141215
-1198.22 141206 -1214.91 141215
-1190.42 141449 -1114.73 143364
-1086.9 143464 -841.994 143865
-613.789 144744 -626.034 145307
-770.749 145312 -943.295 145336
-976.69 145312 -1446.46 145345
-3709.58 145396 -3725.17 144499
-3742.98 144328 -3759.68 144283
-3747.43 143589 -3747.43 143589
-3739.64 143589 -2784.52 143537
-2774.5 143586 -2734.43 144528
-2401.58 144562 -1867.25 144599
-1899.53 145307 -1897.3 145403
-1828.28 145423 -1637.93 145403
-1611.21 145381 -1557.78 145403
-1560 145445 -1560 145445
-1563.34 145445 -1507.68 146955
-1516.59 146739 -1572.25 145909
-1565.57 145657 -1554.44 145626
-1253.88 145423 -1240.52 146009
-1210.46 146358 -1042.37 146381
-1031.24 146392 -1008.97 146416
9.60025 146365 17.3926 146839
-697.279 146962 -697.279 146732
-624.921 145648 -664.996 145519
-1140.33 145392 -1234.95 145336
-1490.99 145368 -1728.1 145352
-1749.25 145314 -1804.91 144288
-1867.25 143611 -2256.86 143419
-8578.7 143671 -10511.2 144851
-10465.6 149052 -10474.5 154692
-13221.8 155137 -14328.4 155092
-14337.3 155063 -14346.2 152873
-14292.7 152038 -12990.3 152098
-12895.7 152060 -12881.2 152053
-12815.5 152249 -12795.5 152247
-12782.1 152214 -12773.2 152176
-12786.6 152138 -12765.4 151401
-12563.9 151397 -11841.5 151403
-11818.1 151408 -11754.6 151385
-11735.7 151408 -11695.6 151357
-11729 150517 -11751.3 149444
-11824.8 148313 -11834.8 147345
-11847 147278 -13836.3 147249
-13849.7 147200 -13886.4 146817
-13864.1 145931 -13894.2 145815
-15592.9 144688 -15637.5 142536
-15664.2 141879 -15684.2 141874
-15910.2 139136 -15943.6 138844
-16018.2 137720 -16081.6 135963
-16068.3 135945 -16077.2 135600
-15898 135578 -15810 135563
-15776.6 135534 -14925 135549
-14884.9 135928 -14866 135972
-14846 136486 -14765.8 137555
-14756.9 137575 -11535.3 137482
-10864.1 137448 -9976.87 137415
-9453.67 137455 -9433.63 137430
-9396.9 137453 -9091.88 137453
-8954.96 137577 -8936.03 139102
-8968.32 138991 -8929.35 139490
-8606.53 139289 -7936.38 136308
2296.1 132399 2023.37 132866
1998.88 132984 1392.19 132911
1412.23 133441 1414.45 134438
759.894 134739 189.938 137226
-670.562 139158 -653.864 139218
-630.487 139218 120.92 139085
232.239 139180 256.73 139192
303.484 139325 248.937 139423
30.751 139726 30.751 139686
-86.1345 139913 -155.153 140020
-175.19 140082 -188.548 140071
-268.698 140249 -825.296 141111
-1112.5 141010 -1165.93 140955
-1184.86 140906 -1184.86 140906
-1193.76 140904 -1184.86 141160
-1168.16 141251 -1143.67 141233
-1138.1 142297 -1115.84 143419
-1134.76 143455 -1090.24 143564
-997.841 143649 -1494.33 144562
-1824.94 144546 -2138.87 143442
-3669.51 143508 -3758.56 143520
-3756.34 143900 -3739.64 145185
-3722.94 145292 -3730.73 145374
-3951.15 145396 -4034.64 145385
-4023.5 145403 -2852.42 145401
-1637.93 145519 -1583.38 145408
-1566.68 145425 -1549.99 145463
-1535.51 146260 -1524.38 146287
-1552.21 146928 -1552.21 146928
-1544.42 146926 -1513.25 146973
-1527.72 146637 -1538.85 146666
-1538.85 146643 -1571.14 146603
-1435.33 146243 -1585.61 145746
-1591.17 145708 -1563.34 145497
-711.75 145363 22.9586 145370
34.0905 146926 41.8829 149255
58.5808 149415 95.3163 149411
540.594 149805 941.344 149967
876.779 150762 752.101 152004
655.253 152648 722.045 152681
744.309 152670 153.202 152581
137.618 152561 42.9961 152537
67.4864 152131 4.03428 150566
9.60025 149593 17.3926 147028
-650.524 147028 -1377.44 146973
-1420.86 146950 -1632.36 146966
-1741.46 146837 -2172.26 143455
-9313.41 144083 -10569.1 144956
-10650.4 145497 -14985.1 145541
-16739.5 144254 -16739.5 144254
-16736.2 144250 -18420.5 143386
-18419.3 143308 -18431.6 141790
-18463.9 141255 -18514 140576
-18508.4 140472 -18515.1 140376
-18503.9 140636 -18487.2 140770
-18458.3 140815 -18138.8 140777
-18108.8 140988 -18068.7 141171
-18052 141115 -18007.5 141262
-18001.9 141211 -18013 141672
-17986.3 141727 -16788.5 141327
-15901.3 140754 -15892.4 140717
-14578.8 139848 -14556.6 139804
-14448.6 139748 -14261.6 139641
-13995.5 139590 -13897.5 139615
-8982.79 139456 -8812.47 139474
-8808.02 139497 -8804.68 139534
-8791.32 139503 -5378.26 139289
-5376.04 139407 -5353.77 140171
-5322.6 140376 -4980.85 140692
-4975.29 141260 -4958.59 141351
-4856.17 141360 -4735.95 141378
-4713.69 141362 -4081.39 141367
-2089.89 141300 -1672.44 141251
-1466.5 140503 -1229.39 140806
-1220.48 140837 -1177.07 140993
-1173.73 141100 -1114.73 141222
-970.011 141155 -1088.01 142251
-1034.58 143598 -1014.54 143638
-1112.5 143798 -1154.8 143831
-1460.93 144510 -3630.55 143504
-3528.13 143549 -2771.16 143600
-2771.16 143687 -2771.16 143687
-2776.73 143693 -2737.76 145385
-2726.63 145408 -1650.17 145468
-1544.42 145425 -1537.74 145664
-1577.82 145764 -1529.95 146988
-1650.17 146995 -1680.23 146993
-1778.19 146915 -1877.27 146966
-1897.3 147028 -1747.02 150588
-1747.02 151056 -2600.84 151036
-2584.14 151141 -2606.41 151103
-3253.17 151107 -3258.74 151129
-3513.66 151096 -3531.47 151011
-3513.66 151074 -3603.83 152187
-3854.3 152214 -3864.32 152214
-3871 152436 -3859.87 152532
-3823.13 152494 -3848.73 152383
-3858.75 152225 -3648.36 152258
-3626.09 152136 -3598.26 152120
-3637.23 149934 -3642.79 149241
-3667.28 148636 -3697.34 146565
-3683.98 146536 -3709.58 146247
-3709.58 145993 -3714.04 145837
-11244.8 145742 -3711.81 145742
-3739.64 144951 -3737.41 144729
-3756.34 144577 -3741.87 143152
-3469.13 142881 -3508.1 142921
-3485.83 142587 -3505.87 142565
-3514.77 141830 -3564.87 140347
-3602.72 139724 -3583.79 139223
-3620.53 137760 -3676.19 136106
-3687.32 133492 -3692.89 130885
-3828.7 130595 -3823.13 123796
-3837.6 123752 -3898.83 123507
-3730.73 119265 -3745.21 119118
-3731.85 118929 -3715.15 117918
-3730.73 117889 -3753 117867
-3728.51 117907 -3697.34 118506
-3739.64 118535 -3756.34 118535
-3761.9 118580 -3702.9 118562
-3709.58 119036 -3736.3 119325
-3887.7 119343 -3923.32 119419
-709.524 146984 -719.542 146436
-637.166 145423 -656.09 145352
-906.559 145336 -1902.87 145345
-1914 145403 -1883.94 145445
-1626.8 145441 -1571.14 145412
-1549.99 145425 -1516.59 146336
-1543.31 146628 -1537.74 145437
-1266.12 145403 -1246.08 145457
-1207.12 146387 -1062.41 146403
-1053.5 146416 -1054.61 146447
-1004.52 146443 -509.149 146394
17.3926 146383 -13.7768 146984
-711.75 146993 -641.619 145479
-648.298 145319 -678.354 145307
-908.786 145325 -1899.53 145347
-1902.87 145408 -1871.7 145448
-1726.98 145441 -1604.53 145392
-1557.78 145414 -1538.85 146594
-1527.72 146594 -1557.78 145425
-683.92 145374 1200.72 145303
1308.7 145241 1316.49 143667
1342.09 143553 1377.72 143497
1984.41 143092 2936.19 142453
2922.83 142340 2909.47 142335
2913.93 142473 2024.48 143103
2084.6 144640 1770.67 144713
1330.96 144702 1312.04 143600
1322.06 143566 1217.42 143555
53.0149 143900 4.03428 143916
11.8266 144038 9.60025 144098
-40.4935 144121 -338.83 144127
-346.622 144150 -313.226 144383
-592.638 144751 -622.694 145345
-661.656 145325 -1895.08 145325
-1908.43 145370 -1893.96 145437
-1644.61 145434 -1605.65 145401
-1554.44 145445 -1544.42 145759
-1544.42 145815 -1515.48 146421
-1521.04 146654 -1541.08 146617
-14112.4 146614 -1541.08 145668
-1532.17 145570 -1552.21 145419
-1259.44 145401 -1210.46 146358
-1051.27 146447 -1026.78 146472
-764.07 146394 -734.014 146414
-21.5692 146372 -32.7012 146347
-4.87128 146349 2.92109 146383
-711.75 146982 -720.656 146443
-631.6 145481 -644.958 145319
-865.371 145319 -1587.83 145345
-1711.4 145390 -1888.4 145325
-1905.09 145368 -1897.3 145412
-1856.11 145445 -1566.68 145408
-1552.21 145430 -1524.38 146421
-1529.95 146973 -1716.97 146971
-1847.21 146939 -1880.6 147015
-1855 147111 -1832.74 147345
-1802.68 148954 -1785.98 149059
-1800.45 149204 -1716.97 149204
-1145.9 149092 -1138.1 149041
-1082.44 149070 -1070.2 149460
-886.522 149520 -703.958 149531
-725.108 149912 -745.146 149954
-1059.07 149994 -1053.5 150517
-953.313 151045 -1082.44 151029
-1120.29 151000 -1683.57 151025
-1699.15 150168 -1669.1 149108
-1538.85 149059 -1388.57 149088
-1393.03 149355 -1383.01 149504
-1359.63 149520 -539.205 149504
-486.885 149538 -29.3616 149415
25.185 149355 53.0149 149092
34.0905 148264 20.7322 147060
30.751 147037 69.7128 147017
844.496 147004 844.496 147004
852.289 147004 3103.17 147017
5041.24 146904 5151.45 148224
5282.8 148228 5503.22 148240
5635.69 148217 5783.74 148157
5780.4 147512 5775.95 146447
5739.21 146438 4459.04 146948
4453.47 145804 4015.99 141137
2143.59 138484 4772.96 133657
6310.28 130769 6298.04 130669
6275.77 130631 6331.43 130731
7420.14 128743 9221.29 123193
10734.1 119321 11717.1 117406
12064.4 114799 12070 114746
12047.7 114732 11978.7 114690
12043.2 114790 11967.5 113964
11544.5 113788 11452.1 114316
11502.2 114276 11525.6 114256
11494.4 114272 11516.7 114238
11500 114256 11511.1 114243
11469.9 114289 11488.9 114267
11466.6 114294 11492.2 114256
11485.5 114278 11441 115189
11444.3 115095 11438.8 115129
11313 114688 11346.4 114390
11341.9 114899 11385.3 114855
11353.1 114283 11353.1 114283
11358.6 114276 11358.6 114276
11355.3 114272 11355.3 114272
11351.9 114267 11463.3 114405
11438.8 114361 11438.8 114361
11444.3 114356 11358.6 114238
11360.8 114231 11347.5 114249
11102.6 117340 10996.8 118495
11030.2 118664 11030.2 118664
11024.7 118662 11024.7 118662
11023.6 118662 11372 115391
11413.2 114646 11383.1 114461
11399.8 114405 11431 114398
11442.1 114423 11357.5 114401
11318.5 114434 10846.6 114790
11480 115240 11511.1 115300
11464.4 114267 -10491.2 139525
-10605.8 139623 -10632.5 139592
-10788.4 133781 -10891.9 129422
-10593.6 129449 -10576.9 129440
-10683.8 129433 -10738.3 129467
-10878.6 129473 -10899.7 129444
-10925.3 128950 -10933.1 128872
-10949.8 128892 -10919.7 129890
-12227.8 132094 -12242.2 133826
-12235.5 133848 -12179.9 135355
-11815.9 135329 -11779.1 135306
-11051.1 135266 -10799.5 135311
-10821.8 137938 -9125.28 137455
-9035.11 137466 -9018.41 137466
-8952.73 137560 -8924.9 139234
-8891.51 139258 -8918.22 139452
-8845.87 139459 -7977.57 139289
-5384.94 139269 -5367.13 139363
-5351.55 140394 -5328.17 140403
-5325.94 140447 -4977.51 140710
-4988.64 141028 -4973.06 141393
-4771.57 141389 -4694.76 141333
-4062.47 141349 -4076.94 141393
-4101.43 141407 -4059.13 141407
-4056.9 141385 -3550.4 141378
-3533.7 141734 -2893.61 141750
-2896.95 141801 -2963.74 141861
-2969.31 141839 -2958.18 141850
-2918.1 141828 -2902.52 141861
-2895.84 141830 -2826.82 141905
-2773.39 143299 -2698.8 143415
-1960.75 143560 -1877.27 144288
-1900.64 145419 -1861.68 145441
-700.618 145363 -678.354 145359
-397.829 144985 -388.924 144896
-447.923 144862 -502.469 144800
-485.771 144766 -561.469 144700
-578.167 144706 -591.525 144644
-609.336 144677 -613.789 144706
-550.337 144822 -461.281 144766
-388.924 144644 -269.812 144461
-357.754 143760 -536.978 143493
-530.299 143477 -466.847 143370
590.688 141908 1011.48 142219
1097.19 142447 1735.05 141211
2680.15 139468 3249 138484
3503.92 138651 4383.34 138657
4416.74 138646 4425.64 136691
4388.91 135148 4328.8 134781
5883.93 131867 5856.1 131731
5731.42 131666 5143.66 131537
2950.66 128859 2644.53 124395
3776.65 104246 19604.1 71168.6
33187.3 69603.5 42012.7 56251.8
42432.3 56145 42432.3 56145
42427.9 56151.6 42911 55991.3
42919.9 56122.7 42844.2 56225.1
42789.7 56200.6 42795.2 52763.1
43220.5 50066.9 43990.8 49913.3
43988.6 49891 44931.5 50652.5
45382.3 50258.4 45491.4 50612.4
45402.3 50300.7 45371.2 50189.4
45133 49528.1 44620.9 49757.4
44595.3 49312.2 44584.2 49343.3
44598.6 49298.8 44609.8 49276.5
44615.3 48955.9 44973.8 45994.8
45035 45743.3 45322.2 44803.7
45446.9 44300.6 45439.1 44347.3
45508.1 43913.2 42578.2 33397.9
43331.8 26413.7 43307.3 26347
40986.3 24554.7 40548.8 23975.9
40613.4 23508.3 41398.2 22303.8
41049.8 21279.7 41409.3 20277.8
41016.4 19149 40704.7 17853.3
40671.3 15938.6 41450.5 11163
41486.1 11160.8 41481.7 11094
41465 11149.6 41456.1 11163
41492.8 11118.5 41492.8 11118.5
41497.3 11116.2 41511.7 11096.2
41481.7 11134 41383.7 10650.9
41355.9 10666.5 41322.5 11675
40907.3 14255.4 40991.9 15259.5
40662.4 16049.9 40782.6 17067.4
40704.7 17383.5 40773.7 17617.3
40802.6 19133.5 40847.2 19189.1
41064.2 19193.6 41341.4 20222.2
41413.8 20302.3 41417.1 20473.7
41383.7 20228.8 41191.1 19912.7
41035.3 19153.5 40779.3 19031
40762.6 17441.4 40695.8 17294.5
40740.3 16132.3 40656.8 15983.1
40757 15615.8 41033.1 15085.9
40946.2 14645.1 40880.6 14611.7
40886.1 14384.6 40785.9 14357.8
40780.4 14257.7 40799.3 14377.9
40860.5 14395.7 40860.5 14395.7
40868.3 14391.2 40868.3 14391.2
40873.9 14389 40899.5 14400.1
40916.2 14518.1 40888.3 14625
40897.2 14629.5 40893.9 14389
40784.8 14344.5 40749.2 14043.9
40758.1 14017.2 40847.2 13999.4
40860.5 13899.2 40962.9 15442.1
40951.8 15435.4 40843.8 15513.3
40660.1 15992 40771.5 16415
40729.2 17445.9 40774.8 17572.8
40791.5 19022.1 40777 19033.3
40790.4 18953.1 40760.3 17430.3
40690.2 17296.7 40732.5 16110
40654.6 15992 40738.1 15631.3
41035.3 15085.9 41208.9 12002.3
41264.6 11902.1 41264.6 11902.1
41263.5 11895.5 41325.8 10187.8
41261.3 10058.7 41303.6 11817.5
41403.8 11835.3 41358.1 12053.5
41319.2 12062.4 41328.1 12080.3
41352.5 12075.8 41383.7 11986.7
41402.6 11850.9 41398.2 11839.8
41296.9 11802 41442.7 11171.9
41476.1 11163 41487.2 11138.5
41483.9 11167.4 41439.4 11189.7
40944 14373.4 41019.7 15226.1
40674.6 16049.9 40788.2 17051.8
40741.4 17138.6 40812.6 19198
40875 19233.6 41047.5 19164.6
41202.3 19823.6 41311.4 20233.3
41378.1 20930.2 41303.6 21820.7
41433.8 22640 40562.2 23880.1
40607.8 24136.2 41047.5 24715
41060.9 25256 43328.5 26418.2
43908.4 40359.9 44374.9 42853.4
44376 45636.4 44138.9 46760.7
43265 48744.4 43181.5 50058
43150.4 50078 40326.2 51438.4
38261.2 53397.6 31287 58985.8
23040.5 60889.4 22901.3 61599.6
22094.3 64244.6 21329.5 68434.6
22227.9 80659.7 22153.3 81648.3
21387.4 84994.5 20931 95140.2
15251.5 102311 13216.5 105682
13022.8 105811 12203.5 111540
11700.4 117377 10804.3 119243
8168.21 126450 7052.78 129440
4244.19 134570 4216.36 134654
4347.72 134859 4383.34 134973
4394.47 136584 4420.08 138312
4431.21 138312 4444.57 137711
4425.64 137686 4436.78 134959
4423.42 134977 4366.65 134843
4233.06 134643 4790.77 133626
8085.83 126768 9234.65 123159
11669.2 117700 12789.1 106795
18065.6 98234.9 20848.6 95353.9
21407.4 84422.3 21435.3 83387.1
20897.6 72586.8 21407.4 67922.6
23118.4 61112 30360.9 59090.5
37315 54326 41859 50351.9
42708.4 50189.4 43151.5 50089.2
43168.2 50051.3 44242.4 41023.3
43367.4 27480.2 43331.8 26418.2
43312.9 26362.5 41010.8 25115.8
40997.4 24532.4 40556.6 23931.3
40657.9 23439.3 41441.6 22548.7
41088.7 21235.2 41409.3 20268.9
41389.3 20224.4 41196.7 19888.2
41040.9 19155.7 40763.7 17445.9
40693.5 17301.1 40754.8 16143.4
40663.5 15972 41450.5 11171.9
41487.2 11149.6 41487.2 11138.5
41495 11138.5 41480.6 11174.1
41447.2 11185.2 41361.5 11572.6
40799.3 13433.9 40662.4 16065.5
40785.9 17029.5 40801.5 19155.7
40862.7 19209.2 41058.7 19186.9
41397.1 20736.5 41372.6 22818.1
40556.6 24029.3 41052 25238.2
43329.6 26413.7 44347 42214.4
44125.5 46783 43059.1 50102.5
40334 51449.5 40334 51449.5
40335.1 51454 32537.2 58560.6
28290.3 59152.8 23068.3 60844.9
23007.1 61087.5 21335.1 68425.7
20848.6 73343.8 21393 84965.6
20644.9 95658.9 14397.6 103734
13006.2 105994 12377.2 109407
10834.3 119230 9353.76 122616
9243.55 123070 8106.98 126657
7038.31 129467 6354.81 130662
4798.56 133597 4256.44 134565
4244.19 134754 4388.91 135033
4400.04 136596 4400.04 136596
4397.81 136596 4414.51 137442
4425.64 137433 4395.59 134973
4355.51 134817 4228.61 134647
7991.21 127067 10340 119699
11614.7 117845 11970.9 114289
12176.8 111816 12485.2 108216
13041.8 106196 13292.2 105851
14407.7 103792 21075.7 103347
21270.5 103302 21270.5 103302
21273.8 103311 21301.7 103280
21310.6 103235 21184.8 101586
21371.8 101570 22428.2 101666
22429.3 101641 22411.5 101510
22401.5 101641 22407.1 102939
22429.3 102957 22498.4 102961
22529.5 103013 22496.1 102913
22540.7 102977 22434.9 102968
22423.8 102990 22406 103340
22414.9 103347 22429.3 103329
22821.2 103280 22982.6 103280
22990.4 103266 23847.6 103311
23867.6 103329 23878.7 103329
23887.6 103302 24401.9 103458
24533.3 103841 24577.8 103814
25414.9 102739 27344.1 102746
27418.7 102634 30466.6 90867.7
30852.9 87784.2 32331.2 85462.1
34220.3 84544.8 36318.7 77663
37596.6 77513.8 38391.4 77386.9
38817.8 70438.4 38222.2 68234.3
41289.1 60259.3 42650.5 56692.7
42667.2 56579.1 42789.7 52794.2
44398.2 45850.1 44459.5 45954.8
44450.6 46017.1 44481.7 46010.4
44472.8 45972.6 44380.4 45814.5
44386 45709.9 42572.6 36303.4
43334 26436 43315.1 26351.4
41019.7 25131.3 41001.9 24521.3
40573.3 23918 40674.6 23430.4
41441.6 22582.1 41259 21682.7
41411.5 20177.6 41208.9 19872.6
41029.7 19109 40804.9 19144.6
40704.7 17817.7 40763.7 16159
40691.3 15816.1 40952.9 14384.6
40813.8 13356 41442.7 11171.9
41481.7 11167.4 41478.3 11078.4
