3.30741e+07 1.10999e+07 3.3075e+07 1.11009e+07
3.3075e+07 1.11009e+07 3.30752e+07 1.11007e+07
3.30752e+07 1.11007e+07 3.30752e+07 1.11007e+07
3.30752e+07 1.11007e+07 3.30752e+07 1.11007e+07
3.30752e+07 1.11007e+07 3.30752e+07 1.11007e+07
3.30752e+07 1.11007e+07 3.30748e+07 1.1101e+07
3.30748e+07 1.1101e+07 3.30473e+07 1.10981e+07
3.30473e+07 1.10981e+07 3.30196e+07 1.1106e+07
3.30196e+07 1.1106e+07 3.30085e+07 1.11257e+07
3.30085e+07 1.11257e+07 3.30055e+07 1.11385e+07
3.30055e+07 1.11385e+07 3.3006e+07 1.114e+07
3.3006e+07 1.114e+07 3.29992e+07 1.11481e+07
3.29992e+07 1.11481e+07 3.30008e+07 1.11518e+07
3.30008e+07 1.11518e+07 3.3e+07 1.11475e+07
3.3e+07 1.11475e+07 3.30013e+07 1.11514e+07
3.30013e+07 1.11514e+07 3.30025e+07 1.11525e+07
3.30025e+07 1.11525e+07 3.3003e+07 1.11562e+07
3.3003e+07 1.11562e+07 3.30015e+07 1.11598e+07
3.30015e+07 1.11598e+07 3.29928e+07 1.1161e+07
3.29928e+07 1.1161e+07 3.29914e+07 1.11569e+07
3.29914e+07 1.11569e+07 3.30006e+07 1.11482e+07
3.30006e+07 1.11482e+07 3.29963e+07 1.1145e+07
3.29963e+07 1.1145e+07 3.29992e+07 1.1147e+07
3.29992e+07 1.1147e+07 3.30031e+07 1.11475e+07
3.30031e+07 1.11475e+07 3.29944e+07 1.11392e+07
3.29944e+07 1.11392e+07 3.29919e+07 1.11392e+07
3.29919e+07 1.11392e+07 3.29827e+07 1.11451e+07
3.29827e+07 1.11451e+07 3.29827e+07 1.11521e+07
3.29827e+07 1.11521e+07 3.29848e+07 1.11492e+07
3.29848e+07 1.11492e+07 3.2987e+07 1.11666e+07
3.2987e+07 1.11666e+07 3.29921e+07 1.11655e+07
3.29921e+07 1.11655e+07 3.29956e+07 1.11674e+07
3.29956e+07 1.11674e+07 3.29959e+07 1.11621e+07
3.29959e+07 1.11621e+07 3.29963e+07 1.11605e+07
3.29963e+07 1.11605e+07 3.29965e+07 1.11544e+07
3.29965e+07 1.11544e+07 3.29981e+07 1.11615e+07
3.29981e+07 1.11615e+07 3.29968e+07 1.11609e+07
3.29968e+07 1.11609e+07 3.29924e+07 1.11588e+07
3.29924e+07 1.11588e+07 3.29951e+07 1.11562e+07
3.29951e+07 1.11562e+07 3.29943e+07 1.11575e+07
3.29943e+07 1.11575e+07 3.29932e+07 1.11615e+07
3.29932e+07 1.11615e+07 3.29932e+07 1.11614e+07
3.29932e+07 1.11614e+07 3.29932e+07 1.11615e+07
3.29932e+07 1.11615e+07 3.29932e+07 1.11615e+07
3.29932e+07 1.11615e+07 3.29932e+07 1.11615e+07
3.29932e+07 1.11615e+07 3.29932e+07 1.11615e+07
3.29932e+07 1.11615e+07 3.29932e+07 1.11615e+07
3.29932e+07 1.11615e+07 3.29932e+07 1.11615e+07
3.29932e+07 1.11615e+07 3.29908e+07 1.1157e+07
3.29908e+07 1.1157e+07 3.29915e+07 1.11528e+07
3.29915e+07 1.11528e+07 3.29921e+07 1.11384e+07
3.29921e+07 1.11384e+07 3.29863e+07 1.11375e+07
3.29863e+07 1.11375e+07 3.29853e+07 1.11376e+07
3.29853e+07 1.11376e+07 3.2987e+07 1.11376e+07
3.2987e+07 1.11376e+07 3.29872e+07 1.11342e+07
3.29872e+07 1.11342e+07 3.29882e+07 1.11489e+07
3.29882e+07 1.11489e+07 3.29966e+07 1.11435e+07
3.29966e+07 1.11435e+07 3.3002e+07 1.11408e+07
3.3002e+07 1.11408e+07 3.30025e+07 1.11371e+07
3.30025e+07 1.11371e+07 3.30025e+07 1.11371e+07
3.30025e+07 1.11371e+07 3.30025e+07 1.11372e+07
3.30025e+07 1.11372e+07 3.30025e+07 1.11371e+07
3.30025e+07 1.11371e+07 3.29998e+07 1.11403e+07
3.29998e+07 1.11403e+07 3.29965e+07 1.11535e+07
3.29965e+07 1.11535e+07 3.30031e+07 1.11494e+07
3.30031e+07 1.11494e+07 3.29999e+07 1.11485e+07
3.29999e+07 1.11485e+07 3.29953e+07 1.11417e+07
3.29953e+07 1.11417e+07 3.2997e+07 1.11348e+07
3.2997e+07 1.11348e+07 3.29963e+07 1.11364e+07
3.29963e+07 1.11364e+07 3.29963e+07 1.11332e+07
3.29963e+07 1.11332e+07 3.29967e+07 1.11347e+07
3.29967e+07 1.11347e+07 3.29963e+07 1.11362e+07
3.29963e+07 1.11362e+07 3.29947e+07 1.11377e+07
3.29947e+07 1.11377e+07 3.29952e+07 1.11374e+07
3.29952e+07 1.11374e+07 3.30075e+07 1.11453e+07
3.30075e+07 1.11453e+07 3.30074e+07 1.11527e+07
3.30074e+07 1.11527e+07 3.29958e+07 1.11391e+07
3.29958e+07 1.11391e+07 3.30046e+07 1.11405e+07
3.30046e+07 1.11405e+07 3.29999e+07 1.114e+07
3.29999e+07 1.114e+07 3.30004e+07 1.1147e+07
3.30004e+07 1.1147e+07 3.30013e+07 1.1146e+07
3.30013e+07 1.1146e+07 3.3004e+07 1.11494e+07
3.3004e+07 1.11494e+07 3.30012e+07 1.11526e+07
3.30012e+07 1.11526e+07 3.29864e+07 1.11528e+07
3.29864e+07 1.11528e+07 3.29793e+07 1.11484e+07
3.29793e+07 1.11484e+07 3.29864e+07 1.11418e+07
3.29864e+07 1.11418e+07 3.29844e+07 1.11456e+07
3.29844e+07 1.11456e+07 3.29881e+07 1.11406e+07
3.29881e+07 1.11406e+07 3.29868e+07 1.11394e+07
3.29868e+07 1.11394e+07 3.29732e+07 1.11447e+07
3.29732e+07 1.11447e+07 3.29835e+07 1.11552e+07
3.29835e+07 1.11552e+07 3.29858e+07 1.11552e+07
3.29858e+07 1.11552e+07 3.29973e+07 1.11534e+07
3.29973e+07 1.11534e+07 3.29964e+07 1.11504e+07
3.29964e+07 1.11504e+07 3.30003e+07 1.11485e+07
3.30003e+07 1.11485e+07 3.30033e+07 1.11471e+07
3.30033e+07 1.11471e+07 3.30033e+07 1.11471e+07
3.30033e+07 1.11471e+07 3.30033e+07 1.1147e+07
3.30033e+07 1.1147e+07 3.30033e+07 1.11471e+07
3.30033e+07 1.11471e+07 3.30033e+07 1.1147e+07
3.30033e+07 1.1147e+07 3.30058e+07 1.11491e+07
3.30058e+07 1.11491e+07 3.30012e+07 1.11502e+07
3.30012e+07 1.11502e+07 3.30058e+07 1.1149e+07
3.30058e+07 1.1149e+07 3.30141e+07 1.11235e+07
3.30141e+07 1.11235e+07 3.30154e+07 1.11161e+07
3.30154e+07 1.11161e+07 3.3014e+07 1.11178e+07
3.3014e+07 1.11178e+07 3.30135e+07 1.11161e+07
3.30135e+07 1.11161e+07 3.30154e+07 1.11185e+07
3.30154e+07 1.11185e+07 3.30154e+07 1.1118e+07
3.30154e+07 1.1118e+07 3.30154e+07 1.11174e+07
3.30154e+07 1.11174e+07 3.30153e+07 1.11169e+07
3.30153e+07 1.11169e+07 3.30153e+07 1.11169e+07
3.30153e+07 1.11169e+07 3.30152e+07 1.1115e+07
3.30152e+07 1.1115e+07 3.30153e+07 1.11149e+07
3.30153e+07 1.11149e+07 3.3016e+07 1.11147e+07
3.3016e+07 1.11147e+07 3.29913e+07 1.11437e+07
3.29913e+07 1.11437e+07 3.29912e+07 1.11425e+07
3.29912e+07 1.11425e+07 3.29912e+07 1.11394e+07
3.29912e+07 1.11394e+07 3.29953e+07 1.11328e+07
3.29953e+07 1.11328e+07 3.30024e+07 1.11358e+07
3.30024e+07 1.11358e+07 3.30025e+07 1.11371e+07
3.30025e+07 1.11371e+07 3.30025e+07 1.11372e+07
3.30025e+07 1.11372e+07 3.30004e+07 1.11369e+07
3.30004e+07 1.11369e+07 3.30012e+07 1.1147e+07
3.30012e+07 1.1147e+07 3.29988e+07 1.1149e+07
3.29988e+07 1.1149e+07 3.2984e+07 1.11356e+07
3.2984e+07 1.11356e+07 3.29879e+07 1.1135e+07
3.29879e+07 1.1135e+07 3.29955e+07 1.11363e+07
3.29955e+07 1.11363e+07 3.29966e+07 1.11335e+07
3.29966e+07 1.11335e+07 3.29954e+07 1.11336e+07
3.29954e+07 1.11336e+07 3.29923e+07 1.11328e+07
3.29923e+07 1.11328e+07 3.29952e+07 1.11333e+07
3.29952e+07 1.11333e+07 3.29938e+07 1.11436e+07
3.29938e+07 1.11436e+07 3.29981e+07 1.11438e+07
3.29981e+07 1.11438e+07 3.29992e+07 1.1147e+07
3.29992e+07 1.1147e+07 3.30006e+07 1.11427e+07
3.30006e+07 1.11427e+07 3.29994e+07 1.11447e+07
3.29994e+07 1.11447e+07 3.29992e+07 1.11485e+07
3.29992e+07 1.11485e+07 3.2998e+07 1.11533e+07
3.2998e+07 1.11533e+07 3.29984e+07 1.1152e+07
3.29984e+07 1.1152e+07 3.29964e+07 1.11395e+07
3.29964e+07 1.11395e+07 3.29985e+07 1.11359e+07
3.29985e+07 1.11359e+07 3.29964e+07 1.11386e+07
3.29964e+07 1.11386e+07 3.29971e+07 1.11413e+07
3.29971e+07 1.11413e+07 3.29962e+07 1.11432e+07
3.29962e+07 1.11432e+07 3.2998e+07 1.11482e+07
3.2998e+07 1.11482e+07 3.2998e+07 1.11482e+07
3.2998e+07 1.11482e+07 3.2998e+07 1.11482e+07
3.2998e+07 1.11482e+07 3.29983e+07 1.11559e+07
3.29983e+07 1.11559e+07 3.29953e+07 1.11471e+07
3.29953e+07 1.11471e+07 3.29953e+07 1.11303e+07
3.29953e+07 1.11303e+07 3.29891e+07 1.11307e+07
3.29891e+07 1.11307e+07 3.29905e+07 1.11339e+07
3.29905e+07 1.11339e+07 3.29891e+07 1.11351e+07
3.29891e+07 1.11351e+07 3.29883e+07 1.11436e+07
3.29883e+07 1.11436e+07 3.29865e+07 1.1146e+07
3.29865e+07 1.1146e+07 3.29896e+07 1.11496e+07
3.29896e+07 1.11496e+07 3.2987e+07 1.11473e+07
3.2987e+07 1.11473e+07 3.29866e+07 1.1146e+07
3.29866e+07 1.1146e+07 3.29906e+07 1.11395e+07
3.29906e+07 1.11395e+07 3.29911e+07 1.11473e+07
3.29911e+07 1.11473e+07 3.29935e+07 1.11471e+07
3.29935e+07 1.11471e+07 3.29935e+07 1.11471e+07
3.29935e+07 1.11471e+07 3.29925e+07 1.11542e+07
3.29925e+07 1.11542e+07 3.29919e+07 1.11536e+07
3.29919e+07 1.11536e+07 3.29919e+07 1.11536e+07
3.29919e+07 1.11536e+07 3.29919e+07 1.11536e+07
3.29919e+07 1.11536e+07 3.29919e+07 1.11536e+07
3.29919e+07 1.11536e+07 3.29919e+07 1.11536e+07
3.29919e+07 1.11536e+07 3.29919e+07 1.11536e+07
3.29919e+07 1.11536e+07 3.29919e+07 1.11536e+07
3.29919e+07 1.11536e+07 3.29919e+07 1.11536e+07
3.29919e+07 1.11536e+07 3.29919e+07 1.11536e+07
3.29919e+07 1.11536e+07 3.29919e+07 1.11536e+07
3.29919e+07 1.11536e+07 3.29919e+07 1.11536e+07
3.29919e+07 1.11536e+07 3.29919e+07 1.11536e+07
3.29919e+07 1.11536e+07 3.2991e+07 1.11513e+07
3.2991e+07 1.11513e+07 3.29927e+07 1.11582e+07
3.29927e+07 1.11582e+07 3.29891e+07 1.11517e+07
3.29891e+07 1.11517e+07 3.29946e+07 1.11709e+07
3.29946e+07 1.11709e+07 3.29965e+07 1.11619e+07
3.29965e+07 1.11619e+07 3.29985e+07 1.11615e+07
3.29985e+07 1.11615e+07 3.29979e+07 1.11571e+07
3.29979e+07 1.11571e+07 3.29965e+07 1.1154e+07
3.29965e+07 1.1154e+07 3.29957e+07 1.11384e+07
3.29957e+07 1.11384e+07 3.29972e+07 1.11316e+07
3.29972e+07 1.11316e+07 3.29972e+07 1.11319e+07
3.29972e+07 1.11319e+07 3.29967e+07 1.11336e+07
3.29967e+07 1.11336e+07 3.29969e+07 1.11338e+07
3.29969e+07 1.11338e+07 3.29851e+07 1.11358e+07
3.29851e+07 1.11358e+07 3.2991e+07 1.11351e+07
3.2991e+07 1.11351e+07 3.30011e+07 1.11373e+07
3.30011e+07 1.11373e+07 3.30025e+07 1.11371e+07
3.30025e+07 1.11371e+07 3.30025e+07 1.11371e+07
3.30025e+07 1.11371e+07 3.30025e+07 1.11371e+07
3.30025e+07 1.11371e+07 3.30025e+07 1.11371e+07
3.30025e+07 1.11371e+07 3.29999e+07 1.11399e+07
3.29999e+07 1.11399e+07 3.30002e+07 1.11449e+07
3.30002e+07 1.11449e+07 3.3002e+07 1.11485e+07
3.3002e+07 1.11485e+07 3.30031e+07 1.11494e+07
3.30031e+07 1.11494e+07 3.29969e+07 1.11324e+07
3.29969e+07 1.11324e+07 3.29949e+07 1.1132e+07
3.29949e+07 1.1132e+07 3.2997e+07 1.11359e+07
3.2997e+07 1.11359e+07 3.29928e+07 1.11393e+07
3.29928e+07 1.11393e+07 3.29946e+07 1.11387e+07
3.29946e+07 1.11387e+07 3.2998e+07 1.11359e+07
3.2998e+07 1.11359e+07 3.29904e+07 1.11394e+07
3.29904e+07 1.11394e+07 3.29911e+07 1.11386e+07
3.29911e+07 1.11386e+07 3.2991e+07 1.11362e+07
3.2991e+07 1.11362e+07 3.30145e+07 1.11226e+07
3.30145e+07 1.11226e+07 3.30132e+07 1.1117e+07
3.30132e+07 1.1117e+07 3.30135e+07 1.11159e+07
3.30135e+07 1.11159e+07 3.30135e+07 1.11159e+07
3.30135e+07 1.11159e+07 3.30135e+07 1.11159e+07
3.30135e+07 1.11159e+07 3.30153e+07 1.11167e+07
3.30153e+07 1.11167e+07 3.30153e+07 1.11161e+07
3.30153e+07 1.11161e+07 3.30152e+07 1.11155e+07
3.30152e+07 1.11155e+07 3.3016e+07 1.11147e+07
3.3016e+07 1.11147e+07 3.30045e+07 1.11537e+07
3.30045e+07 1.11537e+07 3.30039e+07 1.11544e+07
3.30039e+07 1.11544e+07 3.30032e+07 1.11544e+07
3.30032e+07 1.11544e+07 3.30016e+07 1.1155e+07
3.30016e+07 1.1155e+07 3.2999e+07 1.1147e+07
3.2999e+07 1.1147e+07 3.29993e+07 1.11482e+07
3.29993e+07 1.11482e+07 3.29987e+07 1.1147e+07
3.29987e+07 1.1147e+07 3.29892e+07 1.11482e+07
3.29892e+07 1.11482e+07 3.29934e+07 1.11431e+07
3.29934e+07 1.11431e+07 3.29994e+07 1.11577e+07
3.29994e+07 1.11577e+07 3.29938e+07 1.11436e+07
3.29938e+07 1.11436e+07 3.29897e+07 1.11254e+07
3.29897e+07 1.11254e+07 3.29922e+07 1.11396e+07
3.29922e+07 1.11396e+07 3.29949e+07 1.11406e+07
3.29949e+07 1.11406e+07 3.30001e+07 1.11485e+07
3.30001e+07 1.11485e+07 3.29969e+07 1.11454e+07
3.29969e+07 1.11454e+07 3.29993e+07 1.11483e+07
3.29993e+07 1.11483e+07 3.29993e+07 1.11478e+07
3.29993e+07 1.11478e+07 3.29967e+07 1.11417e+07
3.29967e+07 1.11417e+07 3.29955e+07 1.11419e+07
3.29955e+07 1.11419e+07 3.29955e+07 1.11419e+07
3.29955e+07 1.11419e+07 3.29955e+07 1.11418e+07
3.29955e+07 1.11418e+07 3.29955e+07 1.11419e+07
3.29955e+07 1.11419e+07 3.29955e+07 1.11418e+07
3.29955e+07 1.11418e+07 3.29955e+07 1.11418e+07
3.29955e+07 1.11418e+07 3.29955e+07 1.11418e+07
3.29955e+07 1.11418e+07 3.29955e+07 1.11417e+07
3.29955e+07 1.11417e+07 3.29954e+07 1.11419e+07
3.29954e+07 1.11419e+07 3.29955e+07 1.11418e+07
3.29955e+07 1.11418e+07 3.30073e+07 1.11293e+07
3.30073e+07 1.11293e+07 3.30154e+07 1.11165e+07
3.30154e+07 1.11165e+07 3.30141e+07 1.11178e+07
3.30141e+07 1.11178e+07 3.30154e+07 1.1118e+07
3.30154e+07 1.1118e+07 3.30153e+07 1.11166e+07
3.30153e+07 1.11166e+07 3.30153e+07 1.11166e+07
3.30153e+07 1.11166e+07 3.30153e+07 1.11162e+07
3.30153e+07 1.11162e+07 3.30153e+07 1.11162e+07
3.30153e+07 1.11162e+07 3.30153e+07 1.11159e+07
3.30153e+07 1.11159e+07 3.30155e+07 1.11153e+07
3.30155e+07 1.11153e+07 3.29929e+07 1.11436e+07
3.29929e+07 1.11436e+07 3.29895e+07 1.11525e+07
3.29895e+07 1.11525e+07 3.29892e+07 1.11567e+07
3.29892e+07 1.11567e+07 3.29916e+07 1.11556e+07
3.29916e+07 1.11556e+07 3.29915e+07 1.11536e+07
3.29915e+07 1.11536e+07 3.29921e+07 1.11472e+07
3.29921e+07 1.11472e+07 3.29999e+07 1.11423e+07
3.29999e+07 1.11423e+07 3.30123e+07 1.1111e+07
3.30123e+07 1.1111e+07 3.30376e+07 1.10997e+07
3.30376e+07 1.10997e+07 3.30727e+07 1.11e+07
3.30727e+07 1.11e+07 3.30752e+07 1.11008e+07
3.30752e+07 1.11008e+07 3.30739e+07 1.10997e+07
3.30739e+07 1.10997e+07 3.30739e+07 1.10997e+07
3.30739e+07 1.10997e+07 3.30752e+07 1.11008e+07
3.30752e+07 1.11008e+07 3.30752e+07 1.11008e+07
3.30752e+07 1.11008e+07 3.30752e+07 1.11008e+07
3.30752e+07 1.11008e+07 3.30736e+07 1.11006e+07
3.30736e+07 1.11006e+07 3.30736e+07 1.11006e+07
3.30736e+07 1.11006e+07 3.30736e+07 1.11006e+07
3.30736e+07 1.11006e+07 3.30752e+07 1.11008e+07
3.30752e+07 1.11008e+07 3.30747e+07 1.1099e+07
3.30747e+07 1.1099e+07 3.30747e+07 1.1099e+07
3.30747e+07 1.1099e+07 3.30747e+07 1.1099e+07
3.30747e+07 1.1099e+07 3.30752e+07 1.11007e+07
3.30752e+07 1.11007e+07 3.30752e+07 1.11008e+07
3.30752e+07 1.11008e+07 3.30752e+07 1.11008e+07
3.30752e+07 1.11008e+07 3.30753e+07 1.11007e+07
3.30753e+07 1.11007e+07 3.30752e+07 1.11007e+07
3.30752e+07 1.11007e+07 3.30752e+07 1.11008e+07
3.30752e+07 1.11008e+07 3.30752e+07 1.11008e+07
3.30752e+07 1.11008e+07 3.30752e+07 1.11008e+07
3.30752e+07 1.11008e+07 3.30752e+07 1.11008e+07
3.30752e+07 1.11008e+07 3.30752e+07 1.11008e+07
3.30752e+07 1.11008e+07 3.30752e+07 1.11008e+07
3.30752e+07 1.11008e+07 3.30752e+07 1.11007e+07
3.30752e+07 1.11007e+07 3.30752e+07 1.11008e+07
3.30752e+07 1.11008e+07 3.30752e+07 1.11008e+07
3.30752e+07 1.11008e+07 3.30752e+07 1.11007e+07
3.30752e+07 1.11007e+07 3.30752e+07 1.11008e+07
3.30752e+07 1.11008e+07 3.30741e+07 1.11022e+07
3.30741e+07 1.11022e+07 3.30739e+07 1.11022e+07
3.30739e+07 1.11022e+07 3.30739e+07 1.10998e+07
3.30739e+07 1.10998e+07 3.30662e+07 1.10936e+07
3.30662e+07 1.10936e+07 3.30637e+07 1.10855e+07
3.30637e+07 1.10855e+07 3.30597e+07 1.1073e+07
3.30597e+07 1.1073e+07 3.30597e+07 1.1073e+07
3.30597e+07 1.1073e+07 3.30597e+07 1.1073e+07
3.30597e+07 1.1073e+07 3.30597e+07 1.1073e+07
3.30597e+07 1.1073e+07 3.30597e+07 1.1073e+07
3.30597e+07 1.1073e+07 3.30597e+07 1.1073e+07
3.30597e+07 1.1073e+07 3.30597e+07 1.1073e+07
3.30597e+07 1.1073e+07 3.30597e+07 1.1073e+07
3.30597e+07 1.1073e+07 3.30597e+07 1.1073e+07
3.30597e+07 1.1073e+07 3.30597e+07 1.1073e+07
3.30597e+07 1.1073e+07 3.30597e+07 1.1073e+07
3.30597e+07 1.1073e+07 3.30597e+07 1.1073e+07
3.30597e+07 1.1073e+07 3.30627e+07 1.10882e+07
3.30627e+07 1.10882e+07 3.30729e+07 1.11002e+07
3.30729e+07 1.11002e+07 3.30752e+07 1.11007e+07
3.30752e+07 1.11007e+07 3.30752e+07 1.11007e+07
3.30752e+07 1.11007e+07 3.30752e+07 1.11008e+07
3.30752e+07 1.11008e+07 3.30752e+07 1.11008e+07
3.30752e+07 1.11008e+07 3.30752e+07 1.11008e+07
3.30752e+07 1.11008e+07 3.30752e+07 1.11008e+07
3.30752e+07 1.11008e+07 3.30752e+07 1.11008e+07
3.30752e+07 1.11008e+07 3.30752e+07 1.11008e+07
3.30752e+07 1.11008e+07 3.30752e+07 1.11008e+07
3.30752e+07 1.11008e+07 3.30752e+07 1.11007e+07
3.30752e+07 1.11007e+07 3.30752e+07 1.11007e+07
3.30752e+07 1.11007e+07 3.30752e+07 1.11007e+07
3.30752e+07 1.11007e+07 3.30752e+07 1.11007e+07
3.30752e+07 1.11007e+07 3.30752e+07 1.11007e+07
3.30752e+07 1.11007e+07 3.30752e+07 1.11007e+07
3.30752e+07 1.11007e+07 3.30752e+07 1.11007e+07
3.30752e+07 1.11007e+07 3.30752e+07 1.11007e+07
3.30752e+07 1.11007e+07 3.30752e+07 1.11007e+07
3.30752e+07 1.11007e+07 3.30752e+07 1.11007e+07
3.30752e+07 1.11007e+07 3.30752e+07 1.11008e+07
3.30752e+07 1.11008e+07 3.30752e+07 1.11008e+07
3.30752e+07 1.11008e+07 3.30752e+07 1.11008e+07
3.30752e+07 1.11008e+07 3.30752e+07 1.11007e+07
3.30752e+07 1.11007e+07 3.30752e+07 1.11008e+07
3.30752e+07 1.11008e+07 3.30453e+07 1.10981e+07
3.30453e+07 1.10981e+07 3.30212e+07 1.1106e+07
3.30212e+07 1.1106e+07 3.30137e+07 1.11162e+07
3.30137e+07 1.11162e+07 3.30136e+07 1.11161e+07
3.30136e+07 1.11161e+07 3.30136e+07 1.11161e+07
3.30136e+07 1.11161e+07 3.30153e+07 1.11171e+07
3.30153e+07 1.11171e+07 3.30152e+07 1.11149e+07
3.30152e+07 1.11149e+07 3.30156e+07 1.11149e+07
