-10330.9 151434 -10424.4 150010
-10170.6 151788 -10308.6 144666
-2096.56 143506 2757.52 136245
-276.491 138254 -4894.02 139167
-4813.87 143611 415.916 142883
-1926.25 146984 -10067 150063
-10157.2 151802 -10136.1 152830
-9703.03 151735 16336.8 120410
11543.4 126145 7749.64 128854
5542.18 132882 1811.86 141051
-333.264 140527 3060.87 152815
1333.19 151495 -1673.55 148999
-4504.41 149095 -7610.22 143972
-7705.95 138882 -8567.57 132764
-7816.16 136415 -5409.43 138141
-7396.49 139258 -16391.1 140808
-16030.4 142542 -15596.3 150864
-22955.6 152826 -24349.3 157564
-25686.3 154741 -10045.9 150982
-11784.7 147276 -10523.4 146690
-12789.9 142061 -13490.1 145964
-10658.1 150395 -7022.45 152870
-10303 151381 -12923.5 147276
-15609.6 147456 -9576.12 150379
-11459.6 147296 -9735.31 151775
-11123.5 152877 -15580.7 155916
-16026 158399 -15522.8 153191
-11144.6 152904 -3589.36 151987
-4321.84 151052 -8873.7 140523
-9664.06 143246 -10781.7 146910
-11240.3 145695 -10488.9 143566
-10510.1 145621 -5075.47 143622
-4138.16 145183 -4617.95 146977
-2767.82 147040 -12884.5 139532
-10880.8 141574 -15709.8 142420
-16430.1 140274 -14638.9 142629
-14759.2 145661 -19639.4 152561
-21866.9 152813 -24646.6 153619
-20253.9 155161 -11589.9 155003
-10082.6 150473 -10082.6 152200
-10627 151421 -10804 149515
-10222.9 151808 -9681.87 154607
-7000.19 156856 -3483.61 155976
-3603.83 150388 -2693.24 145403
-1790.44 148206 -2584.14 155930
-7325.24 156833 -8474.06 154542
-11302.7 160794 -15159.9 161444
-9689.67 151597 -11221.4 146690
-10446.6 150277 -9934.57 151726
-10746.1 150392 -15581.8 154485
-15736.5 161756 -18550.7 150637
-17175.9 150306 -17266.1 159213
-15851.2 159251 -16697.2 161887
-17955.1 160407 -21937 155246
-25753.1 154663 -10052.6 151421
-10123.8 152726 -11004.4 150415
-10080.4 152272 -25491.5 153420
-24283.7 150602 -22225.4 152839
-18845.7 152846 -16844.2 151597
-12795.5 152247 -10053.7 151339
-10121.6 152868 -10412.1 149798
-9755.35 151826 -7612.45 161039
-4694.76 163355 -5732.26 158085
-8426.19 155625 -21914.8 155130
-12129.8 155052 -10432.2 150194
-12766.5 132831 -8479.62 143673
-2787.86 141551 -1865.02 137019
-3552.62 139062 -8867.02 141609
-10485.6 144441 -11448.5 154948
-13384.4 152870 -4296.24 152703
-8528.6 151443 -10071.5 151566
-11229.2 155023 -14794.8 157228
-15260.1 152964 -12006.2 153799
-10462.2 151397 -10482.3 144907
-2288.03 143486 15487.5 120626
15574.3 119036 15333.8 114294
11832.8 117696 4396.7 134311
-336.603 140521 -8347.15 139312
-9691.89 141596 -10632.5 147296
-12836.7 149364 -15501.7 149052
-17277.2 152677 -23359.7 152833
-25724.1 154331 -8861.45 154547
-14343.9 154910 -21695.5 152808
-23872.9 152893 -27183.5 153639
-27979.5 151532 -28135.3 148611
-28065.2 151426 -25972.4 154796
-23954.1 155177 -17271.6 156277
-17901.7 155135 -25779.8 154558
-22384.5 153623 -12462.6 151363
-11192.5 149268 -11601 168653
-11142.4 158468 -10866.3 148228
-13467.9 149306 -16443.4 147478
-15562.9 149264 -9180.94 147318
-6533.76 147097 -355.528 147017
-4150.41 143557 -10570.2 141667
-11549.8 138005 -678.354 144428
-2589.71 145359 -3001.59 148910
-5734.49 147071 -3696.23 146563
-1983.02 142471 -2800.1 140879
-8509.68 139350 -14771.4 137671
-16501.3 139258 -15242.3 147304
-12929.1 148211 -10780.6 148137
-10078.2 151837 -10139.4 152868
-13612.6 152826 -17266.1 152919
-14410.7 156945 -15467.1 157662
-17311.7 152808 -23820.6 152830
-25762 154638 -26546.8 155638
-25342.3 166129 -23166 165879
