-8885.94 156927 -2559.65 156007
-2509.56 154607 -1541.08 151595
-9.32406 152432 1610.37 158434
1264.17 159741 1264.17 158548
1195.15 161186 2564.38 166305
-2482.84 169582 -5441.72 171579
-5347.09 175039 -5854.71 178726
-6104.07 176374 -4558.95 160759
-4092.52 160734 -2301.39 156001
625.197 156085 1138.38 157960
1673.83 155954 2105.94 156098
2652.32 155925 4377.78 156328
4120.63 163070 4422.3 165454
-5537.45 165454 4422.3 165454
4266.46 161907 1539.13 161618
960.269 157826 5545.52 159456
6703.24 161803 2700.19 157982
2461.97 157976 1264.17 158510
1253.04 156533 576.216 147792
-397.829 148516 109.788 141209
1249.7 143081 1244.13 147768
3085.36 149415 6161.12 150974
5774.84 150337 7306.59 149304
4407.83 149373 2486.46 153360
1566.96 153454 38.5433 151604
631.876 155754 1667.15 161640
2951.77 160890 1501.28 158456
-470.187 158766 -2768.93 153434
-1286.16 154928 -2782.29 155101
-1970.77 155956 590.688 157951
77.5051 160752 1180.68 160442
1277.53 154142 1058.23 142375
5661.29 132308 15209.2 121249
15357.2 116066 15632.2 114336
7572.65 128848 1416.68 139917
1254.15 151281 618.518 156339
-3801.98 156076 -8602.08 156889
-10789.5 155010 -10691.5 156791
-8744.56 156918 -5559.71 154821
1247.47 157243 1687.18 152659
3212.26 152675 2143.59 151755
1362.13 152581 1211.85 157185
-83.9081 157927 1205.17 160215
390.313 162894 2447.5 166986
1511.3 167369 1276.42 154465
2945.1 152712 4535.6 153473
3129.89 149469 1395.53 146968
602.933 146984 -2717.73 145595
-1542.19 145510 -825.296 143927
12.9398 146260 -24.9088 152082
1192.93 152788 1184.02 160701
1564.73 158512 -3000.48 163887
-7237.3 164080 -8292.61 164065
-9715.27 166552 -7287.39 164120
-4580.1 164129 -62.7574 155961
663.046 157713 -5755.64 157960
-5723.35 158686 -2558.54 154554
-3500.3 154260 -4818.33 153273
-4833.91 152087 -6292.2 149282
-6540.44 151670 -6503.7 152670
-6523.74 154306 -16276.4 155128
-16968.8 156820 -15660.8 157755
-15957 158559 -10304.2 156874
-9375.75 156916 -4463.22 154338
-3568.21 154291 -1307.31 154542
-1554.44 153567 -1065.75 143513
-69.4366 142651 -2374.86 138989
-363.32 140639 1245.25 148333
14.053 150548 2388.5 155990
4667.21 156039 5840.52 155979
3074.23 156001 935.778 159810
666.385 158025 631.876 159799
1149.51 157967 1268.62 152813
-225.284 155905 -3643.91 160928
-6444.7 160861 -9884.41 160920
-8432.87 161099 -6559.36 157566
-4262.84 156139 -2535.16 155246
-118.417 157907 -1555.55 152329
-3622.75 150695 -2859.1 155121
-1640.15 155961 -199.68 155958
-22.6824 157931 -2212.34 154351
-3520.34 154266 -10370.9 153761
-9995.8 153278 -9185.39 157303
-8610.98 156920 -7394.26 156876
-7343.05 154665 -2058.72 154373
-2029.77 155607 618.518 156130
-2526.26 155549 617.405 156595
-2784.52 155965 -7319.68 155333
-8397.25 154551 -11834.8 154656
-10434.4 153959 -8526.38 156954
-7680.35 156909 -4846.16 156192
-4257.28 154538 -2416.05 152688
-1996.38 153002 -14308.3 154963
-14333.9 153267 -11741.3 152913
-10234 154747 -3673.96 155206
-3592.7 155540 -8045.48 156845
-7878.5 154554 -4231.67 153411
-3545.94 151857 -3033.28 151683
-2665.41 151007 -1531.06 153757
1608.15 153492 3049.74 154340
3006.32 157806 1995.54 157973
1514.64 158416 1309.81 154574
606.273 157058 -305.434 159850
1195.15 158757 2045.63 155596
1082.72 155852 885.685 154727
1110.55 157207 -218.463 159238
143.184 158590 -1434.21 159427
-1267.23 161905 -2188.96 162379
-2115.49 162905 -442.631 164632
-1169.27 163613 -2054.26 163058
-1906.21 162092 -349.962 166948
-524.733 163793 1972.16 160979
1258.6 156871 562.858 148322
-1281.71 146955 -1859.45 143771
-6131.9 143598 -13243 145951
-16683.9 144297 -18363.7 144174
-16653.8 144363 -13452.3 147296
-11212.5 147307 -9364.61 149199
-8122.29 149337 -5624.28 149317
-5268.06 151114 -3551.51 154082
-3498.08 155402 -6953.43 156822
-4964.15 156179 658.593 158002
663.046 158804 1219.64 161211
1633.75 158497 1412.23 159799
668.612 158022 1684.96 153380
2980.72 153512 3901.33 154237
3000.75 151900 1166.21 146158
1893.13 138844 8030.17 128307
12992.8 124727 15478.6 118386
15392.8 116945 15587.6 114171
15023.3 121380 5733.65 132067
1082.72 140465 -8.21086 152585
1161.76 152953 599.594 156237
-1522.16 157993 -2538.5 155776
-2180.05 155279 507.198 157953
497.18 159795 3009.66 157052
3011.89 157602 -1565.57 153458
-1706.95 149814 -415.64 149573
0.694696 152465 1208.51 157811
56.3544 145323 -1832.74 146278
-2610.86 153356 -1617.89 154262
10.7134 152641 15689 151483
15684.5 149840 15636.6 148380
13627.3 149034 2210.39 150798
1876.43 148402 1238.57 149199
3945.86 149402 5441.99 147427
5720.29 149328 4598.19 149308
4384.46 151003 4732.89 150991
3184.43 150980 -2195.64 149088
-2591.94 151134 -2593.05 151766
-2895.84 150588 -1588.95 153665
392.539 153652 1501.28 158470
1954.35 159659 1953.24 158588
2665.68 159098 1281.98 157610
864.534 152479 -867.597 152223
1187.36 151590 1234.11 147915
1278.64 152717 -4092.52 157107
-5510.73 157441 -3594.92 155420
-6775.32 156804 -6550.46 154494
-4446.52 154344 4375.55 157152
4127.31 159819 7420.14 161128
8681.39 157659 3056.41 155947
3070.89 153394 -3597.15 152091
-3570.43 153411 -2701.03 158087
-1487.65 155927 1253.04 159307
1953.24 159443 2567.72 161983
2987.4 160892 2762.53 157969
2463.08 157967 1953.24 159708
767.686 158606 -3024.97 154398
-1811.59 153391 566.198 157967
3014.11 158254 1958.8 161104
6076.51 161039 1285.32 161524
1454.53 158501 -361.094 157891
-1733.66 149689 -1755.93 148522
-5039.85 147046 -8637.7 146755
-7631.37 151345 -10492.3 154725
-13648.2 155199 2841.57 155958
897.93 154957 -4300.69 154024
-3495.85 156907 -3134.06 163882
-860.918 163680 5444.22 171463
8180.45 176512 9087.7 178957
7141.84 176860 3501.69 171229
3734.35 166480 58.5808 158951
60.8072 159674 -397.829 157967
1117.23 157978 1256.38 155014
4262 152699 5431.97 146594
492.727 146988 -1813.81 146073
-2446.11 143446 -9857.76 144399
-10526.8 149502 -7768.29 151294
-7377.56 153596 -5812.41 156488
-4702.55 156157 -3247.61 159823
-3136.29 163858 -1121.41 164733
807.761 162333 1256.38 158020
-649.411 156237 -1834.96 143920
-5561.94 143584 -10537.9 146254
-10812.9 149257 -12435.9 149333
-11868.2 148260 -9770.93 151410
-8486.3 152842 -7072.55 158232
-6163.07 158797 -6282.18 162537
-5550.81 159763 -4474.35 156174
-3450.21 157337 1629.3 158450
1732.83 159803 1243.02 158779
1963.26 158744 1285.32 156486
-356.641 157953 -3294.36 158659
-3173.02 162898 -3974.52 165300
-4007.92 164198 -11326.1 165476
-11267.1 158537 -12056.3 153932
-12700.9 153837 -13497.9 153073
-10879.7 153009 -9232.14 156918
-8658.85 156918 -5754.52 157535
-5494.04 159685 -4752.65 156742
-10107.1 166587 -2339.24 155974
-859.805 155927 553.953 160409
470.463 162807 -3950.35 164004
-2144.43 163702 -2102.13 161006
648.574 159772 1281.98 157953
-339.943 157931 -3604.94 152087
-3311.06 149097 -1948.51 149086
-1794.89 144119 -1351.84 147002
-2767.82 145383 -4513.31 145437
-4688.08 142589 -3390.1 133200
-2920.33 134683 -1614.55 134696
-1698.04 139078 1273.08 149226
1910.94 147950 2907.25 148253
1338.75 148090 3546.22 171363
5344.03 175119 10886.6 185915
10675.1 181858 13162 176559
12320.4 174558 4117.29 166525
2460.86 161322 1293.11 145677
-796.353 139969 -1533.29 134908
-2296.94 135930 -4495.5 136008
-5145.61 137773 -5354.89 138933
-5378.26 137798 -1558.89 134676
1517.98 137833 7401.21 129151
12627.7 125116 15202.5 121258
15430.7 114272 11860.7 125666
6506.21 130709 3825.63 137602
5493.2 137724 1940.99 131920
2376.25 135718 4905.43 140670
3822.29 141861 86.4107 148502
9.60025 150515 -663.883 152677
1235.23 153409 1973.28 158623
2758.08 159832 3059.75 161037
1284.21 160872 -81.6817 163504
-3588.25 164040 -6947.87 160763
-6996.85 158283 -8455.13 153683
-7556.79 152421 -6346.74 157755
-6695.17 158243 -11965 154970
-11986.2 153977 -12804.4 152245
-14292.7 152821 -17268.3 151679
-17401.9 150642 -10471.1 148415
-10483.4 143279 -8332.68 135111
-7761.61 139033 -6864.38 147120
-5981.61 148186 -5232.43 152634
-3631.66 152715 4441.23 152327
4435.66 145194 2997.42 137128
5789.31 132060 14117.1 123373
15593.2 119179 15382.8 115265
15127.9 121289 4092.8 135077
871.213 140868 974.74 142295
-215.265 140835 1244.13 147044
1233 149613 700.894 157978
-1081.33 155945 591.801 155996
1310.93 158018 -570.374 157074
-1608.99 152423 -602.532 149318
-1630.14 152548 -4143.73 157114
-6021.69 158178 -4319.61 156112
-5455.07 156279 -4322.95 154344
-3503.64 155963 -1777.08 158753
-3215.33 158082 -3807.55 163998
-5561.94 164029 -7051.4 165129
-7055.85 164252 -6747.49 161037
-3146.31 161124 -3522.57 156410
-2349.26 157439 -1791.55 147318
-4420.92 143535 -7396.49 139323
-9357.93 139419 -15246.7 140205
-15965.9 138882 -19545.9 124963
-18156.6 124874 -15839 124936
-15173.3 126986 -15040.8 132221
-12728.7 133833 981.419 135618
2505.38 133439 1693.86 138900
-57.1914 138161 492.727 136624
-1431.99 134607 -2908.08 133418
-2929.23 134650 -1843.87 135917
-8919.34 139343 -4843.93 152472
-1098.03 152632 1215.19 153443
617.405 156604 655.253 159051
-1046.82 154689 -2212.34 143435
-8599.85 143658 -11372.3 144820
-10239.6 145508 -9620.65 146349
-7871.82 147193 -4357.46 150519
-3699.57 147033 -1183.74 145370
-465.734 148578 1165.1 152948
1204.06 159552 1286.43 161529
1250.81 158730 1860.84 159808
1196.27 158276 -2768.93 153443
-1626.8 153409 -2465.03 155932
-1150.35 156248 1245.25 155970
1320.94 153160 3037.49 155589
1310.93 155947 -654.977 155248
-1640.15 151902 -1837.19 144798
78.6183 142360 6195.62 131330
11108.2 126174 14603.6 122284
15355 115910 15858.2 114300
15409.5 117175 14890.8 121721
10648.4 126452 4088.35 134928
3705.41 137631 754.328 143718
1249.7 145579 -603.627 158646
1280.87 153378 2115.77 140527
4306.53 138250 -850.899 145314
-1752.59 149903 -2482.84 153454
-1398.59 153656 -1830.51 143553
-365.546 143197 1913.16 136916
2353.99 137580 1397.75 147013
3257.9 147015 1273.08 151588
1163.98 152563 622.971 152668
1205.17 157793 -2614.4 154803
-1967.43 155912 424.822 157991
1279.76 154010 1972.16 149308
678.63 146993 -3582.68 139216
-6442.48 139196 -7654.75 139276
-8950.51 136362 -11985.1 139401
-12866.7 152047 -10413.2 154302
-11245.9 155066 -8529.72 162188
-8412.83 161186 1212.96 160180
1513.53 158474 1188.47 160454
-2301.39 152594 -2115.49 151065
-1730.32 151332 -464.621 157960
1237.45 159868 3038.6 157521
1361.02 155954 1226.32 155348
1947.67 159414 345.785 157980
-580.393 159852 -797.466 160948
-4092.52 161375 -15057.5 161711
-19565.9 157437 -19582.6 155981
-23736 155026 -25481.4 153265
-23974.2 152850 -20723.7 148008
-19663.9 149317 -19402.3 149477
