-5025.38 134806 -7984.25 135338
-8415.06 137410 -12068.6 139387
-12687.5 139156 -13869.7 139227
-13241.9 137482 -7888.52 140872
-7956.42 142698 -4659.14 143159
-4111.45 141854 -3401.23 142431
-2980.44 141311 -3000.38 141474
-3471.36 141322 -6314.46 140472
-6127.44 142576 -4708.12 143241
-4683.63 141792 -2109.92 141338
-1984.13 143328 -6139.69 141750
-6180.88 140087 -12886.8 139136
-12944.6 137767 -10727.2 139472
-9915.65 140641 -7442.13 143675
-5893.67 143629 -1852.77 144490
-1847.21 145900 -1956.3 146924
-966.672 147035 7375.61 145568
7056.12 146832 7460.21 148322
5807.12 149337 -481.319 149351
224.447 148527 1227.44 149128
1292 147380 1936.54 129983
2208.16 129696 3576.28 135698
396.992 141376 -1741.41 143114
1247.47 144261 1219.64 149255
3037.49 149437 3035.26 152004
1661.58 152552 1219.64 155259
-1908.43 155838 -2756.69 157553
-3478.04 156524 -10149.4 156853
-8427.3 154667 -9101.9 153901
-9107.47 154482 -10845.2 154919
-11297.1 160770 -8539.74 162606
5285.03 165438 -8804.68 165438
-7269.58 166703 -5509.62 165788
-5509.62 165267 -1218.25 163675
1233 158185 1305.36 146632
20.7322 143865 -452.376 141888
1048.21 140407 4820.83 133601
5360.73 132446 11669.2 117702
12375 109768 12496.3 108329
16738.7 105983 27417.6 104711
27885.1 104157 23554.8 106114
18047.8 105974 13202.1 105707
12013.2 113713 3640.84 135665
129.825 139557 1269.74 151292
-3249.83 152630 -3741.87 143513
-4688.08 143148 -5273.62 134476
-10514.5 131230 -13876.4 137491
-18190 128536 -18937 124747
-16827.5 121287 -13800.7 139543
-13322 139481 -1454.25 139163
91.9767 141169 1316.49 153619
-1562.23 147055 610.726 148193
-967.785 148509 2448.61 152681
4929.92 152619 13846.6 152314
14781.7 150885 4797.45 150954
1928.75 147888 478.255 148525
-796.353 147051 1848.6 147066
2483.12 148923 1930.97 147919
1856.39 149061 -3624.98 149070
-3656.15 147939 -4652.46 143159
-3519.23 142382 -2062.06 145448
-572.601 143112 435.954 141647
832.251 142747 838.93 147022
1745.07 147055 2828.21 147467
2257.14 147761 -1597.85 147022
-2049.81 148863 -3639.45 150274
-3558.19 150958 -2940.37 152761
-1695.81 152657 4627.13 153033
4805.24 152650 -9617.31 152877
-10394.3 151655 -11134.6 138158
-11654.5 137177 -12792.1 137430
-12953.6 139227 -16652.7 140218
-15928 139499 -14557.7 141850
-12886.8 141707 -11390.6 139505
-9410.26 139443 -2486.18 139107
532.802 130497 3127.66 131174
3403.73 134679 4404.49 153534
3126.55 154393 1298.68 155088
1322.06 153458 2988.51 152726
3063.09 153848 2029.22 158237
2805.95 155950 1320.94 155901
1215.19 157430 264.107 160087
1924.3 159810 868.987 143702
-4.87128 144056 -1873.93 146285
-2185.62 151040 -3207.53 151036
-3660.6 152425 -3435.74 156083
-1217.14 155898 2998.53 156001
3097.6 152773 3113.19 151521
7560.4 150795 8103.64 151735
7942.23 150818 4919.9 150994
4451.25 149246 4203.01 141638
2264.93 138766 1505.73 131139
1393.3 133196 2880.67 137927
3478.32 136021 12003.2 114167
12298.2 110605 15370.6 105934
18183.6 106025 24342.9 106328
28126.7 103910 24768.2 106403
21852.7 106047 13804.3 105998
12412.8 108859 11518.9 118070
9668.79 121349 6802.32 126319
7892.13 126753 3468.3 137179
2874.96 136326 559.519 141100
-996.728 139675 -3893.26 139118
-7916.35 141233 -10257.4 142856
-9805.44 144306 -9758.15 149560
-9743.1 147336 -10294.1 150016
-10438.8 149074 -10867.4 135493
-11161.3 137428 -14590 137493
-14829.3 136041 -13705 135467
-12976.9 137246 -12941.3 139053
-13904.2 137678 -15470.5 140316
-15919.1 138849 -15991.5 137789
-14867.1 137611 -14993.4 142544
-12759.9 142449 -10953.1 145356
-12273.4 145960 -15274.6 145283
-15613 146516 -17055.7 152797
-17236 151984 -16697.2 149217
-15430.4 149226 -13873.1 149286
-13820.7 147492 -10483.4 145797
-10693.8 139419 -15478.3 140327
-15919.1 138891 -14740.2 138025
-14391.8 139450 -10847.4 139599
-10762.8 141229 -18126.6 132575
-16217.4 134276 -10746.1 165243
-6304.44 164107 -2036.45 163159
-1832.74 162166 -1790.44 163637
-5321.49 164045 -14358.4 164875
-15440.4 159160 -14860.5 154171
-14565.5 154387 -14695.7 149244
-14225.9 149277 -16996.7 147320
-16407.8 148269 -13826.3 145980
-13942.1 144248 -14615.6 129914
-13998.8 129306 -12624 130680
-13050.4 133198 -10844.1 135271
-10647 139474 -8990.58 139488
-8840.3 141629 -9905.63 144085
-10545.7 142703 -11016.6 139407
-12513.8 139450 -15634.1 144827
-17015.6 144014 -16708.4 147313
-15550.6 147198 -14615.6 138259
-14764.7 137517 -14107.9 124052
-13113.9 123248 -17236 125101
-17405.2 126844 -18608.6 127458
-18053.1 130159 -16877.6 140541
-17958.5 141636 -16169.6 140988
-16329.9 135587 -4732.61 133385
-4695.87 130584 -3203.08 139151
-1526.61 139116 1056 142522
9.60025 145267 -1014.54 150067
-1664.64 148981 -1601.19 145432
1197.38 145336 394.595 140320
-1619 141200 -2824.59 139180
-5443.94 139174 -6630.61 138303
-594.865 140274 1443.4 149313
3801.14 149417 3118.75 148342
1255.27 152321 -1147.01 163622
-3473.59 164127 -983.37 163720
1284.21 153285 1284.21 147732
-1351.84 139220 -2114.38 135905
-2855.76 138089 -2064.28 141313
-364.433 141714 134.278 143856
-1217.14 145301 -219.718 142447
-1665.76 145332 -5404.98 139648
-4537.8 143669 -1754.81 149542
-2606.41 153211 -1600.08 145414
1786.26 144751 13061.8 106199
17295.3 105980 24624.6 106397
28140 103932 25990.5 106410
22362.6 106072 16409.2 105923
12548.6 107704 11994.3 113949
4335.48 138615 3218.94 137384
3803.37 138686 -470.187 146365
-651.638 145975 -1811.59 145733
-1689.14 151626 -2276.9 152592
-4249.48 152697 -8465.15 152002
-8487.42 151390 -13069.3 141736
-13525.7 154407 -12550.6 148990
-12541.7 148560 -11696.8 141015
-12799.9 140688 -11270.4 137555
-10487.8 143842 -13376.6 145864
-13651.5 145822 -15100.5 148855
-13083.8 148266 -10513.4 147345
-10494.5 145940 -8711.17 143818
-9056.26 145450 -13345.4 145882
-11327.2 145744 -10245.2 145517
-10307.5 146078 -15433.8 136153
-16030.4 137553 -12845.6 141073
-12036.3 144076 -11373.9 145712
-11793.6 144257 -14553.2 138343
-14492 139036 -14962.9 139966
-15610.8 145586 -15757.7 148269
-16180.7 146055 -15407 143139
-13941 144662 -11788 147331
-10487.8 147033 -10160.5 146165
-9173.14 147476 -9571.67 151352
-10308.6 151390 -12334.6 150584
-11789.2 149331 -12842.2 149355
-13412.2 147271 -15588.5 144424
-15839 139897 -14651.2 138199
-15618.5 144232 -15165.5 161442
-15402.6 159739 -14778.1 138087
-14508.7 138949 -15590.8 139503
-13866.4 139641 -9286.69 139494
-9645.14 141605 -9912.31 140530
-8750.13 139454 -8387.35 140647
-6185.33 140886 -7209.47 143043
-8744.56 142680 -10238.5 139419
-13850.8 139474 -15029.7 123925
-12473.8 123901 -12049.6 123524
-11490.8 125270 -10373.2 135195
-8258.1 135117 -7399.83 139338
-4642.44 139187 -256.453 140712
1273.08 143277 103.109 151550
1220.76 151535 702.007 147004
40.7697 146884 95.3163 142538
3027.47 136825 11667 117678
12008.7 114047 13822.1 106027
17047 105976 27022.4 105362
28454 103164 28143.4 105255
33713.8 109418 32745.8 110262
33529 110714 30697 104983
28492.9 104199 24042.4 106223
17962.1 105976 15747.9 105885
12362.7 109540 10796.5 119248
8904.03 124286 5954.06 127040
2302.78 127532 1683.49 132716
2596.67 132488 4688.36 130406
3286.85 130900 1906.48 128834
-3026.08 127307 -18801.2 127169
-20169.3 124043 -24145.6 116551
-25581.6 116979 -33073.4 117006
-35155.1 113470 -37065.8 107958
-35321 110881 -33194.8 119243
-31323.5 120428 -26956.4 123088
-23088.1 122064 -18718.8 127403
-16943.2 126759 -15539.5 126454
-14725.8 128863 -14943.9 135318
-13372.1 133911 -11224.8 135244
-5604.24 134910 2322.82 138154
3974.8 134329 2751.4 133029
2557.7 132537 4172.95 134627
3246.77 136607 -1922.91 143693
-1866.13 146291 -2554.09 152592
-5658.79 152781 -18430.5 152806
-18344.8 149130 -15539.5 151372
-14231.5 149290 -13798.5 146202
-8831.39 145486 -6040.61 145608
-6271.05 144330 -2260.2 143455
-1847.21 149028 -873.163 149175
-1834.96 144277 -6057.31 143557
-6267.71 145103 -9462.58 144170
-10719.4 145503 -14854.9 145626
-15594.1 144330 -14812.6 142440
-13863 142970 -14994 139975
-16716.2 141177 -18444 141880
-16411.1 141162 -11162.4 139465
-10659.3 137486 -9440.31 137464
-9733.08 139383 -15157.4 139674
-14269.4 140133 -13890.9 145708
-15592.9 147561 -15528.4 153672
-14401.8 154391 -11096.7 152944
-10382.1 150800 -10468.9 147837
-6294.42 143687 -6036.16 145657
-6104.07 142355 -5088.83 141812
-4704.78 143112 -8949.39 142767
-12586.2 124388 -14515.4 123927
-15608.5 126421 -12952.4 137508
-11453 137504 -10614.7 135209
-7805.03 135024 -164.058 133078
942.458 130433 2638.97 126808
5256.09 127053 6502.87 126978
6747.77 125370 8847.25 124500
7488.04 128512 -4.87128 146579
1198.49 151192 1343.21 157904
960.269 162008 -1124.75 163611
-424.546 166587 622.971 175186
-1995.26 175880 -2945.77 175594
-4009.03 175593 -7643.61 176034
-8723.41 174791 -8441.78 161622
-6863.27 160941 -4624.63 163782
-6316.69 163263 -5679.94 162237
-4817.21 163537 -4878.44 162275
-4055.79 162932 -4000.13 165042
-2503.99 164733 -1289.5 163065
-10162.8 147316 -545.884 157786
-1749.25 148518 -1829.4 144375
-5238 143589 -7831.05 142922
-7661.43 143907 -1242.74 145207
-532.526 142981 11540.1 118096
11960.9 114641 13595 106038
16663 105958 25920.3 106437
28104.4 103917 24251.6 106283
20814.1 106032 14399.9 105963
12438.4 108634 11638 117725
10042.8 120223 1513.53 141572
1270.85 146443 78.6183 149355
-1041.26 149110 -3653.92 148656
-3709.58 145668 -4705.89 141387
-6035.05 141799 -11188 125637
-10630.3 127599 -6645.08 139249
-7835.08 140009 -7918.57 143068
-6507.04 143635 1592.56 143366
2303.89 145054 2274.95 157956
1217.42 157982 -168.511 163568
-3637.23 164036 -5598.68 164806
-5510.73 168702 -5671.03 173164
-5435.04 168992 -5226.87 160845
-3236.48 160972 -3256.51 158256
-1762.61 158056 1157.3 158025
1257.49 156560 -3924.43 155195
-1.10088e+06 155195 -3115.14 156032
-4170.45 156094 -9626.21 157967
-9644.03 156998 -11289.3 155696
-10429.9 152356 7990.09 128627
8113.66 126730 12881.3 117367
11490 118154 4215.25 134632
4756.26 140156 1327.62 146069
-1035.69 145236 -2457.24 143453
-4606.82 143571 -11361.7 143101
-11402.9 142774 -12670.8 141572
-10638.1 141638 -11259.3 154912
-14516.5 155219 -15530.6 156457
-15365.8 152808 -16473.5 151871
-15871.2 147333 -15325.8 145359
-12208.8 146027 -7857.35 140846
-8423.96 131911 -8700.04 128327
-7811.71 133508 -6965.68 136135
-4737.06 133434 -15745.4 135500
-19537 144112 -20635.7 155239
-19685 152857 -19531.4 144461
-18028.6 141752 -21004.2 137820
-21468.4 131388 -21931.5 129985
-20152.6 131005 -13017 136079
-13580.3 137435 -12671.9 143110
-11339.4 143350 -11026.6 144749
-11365 142983 -12716.4 140685
-11361.7 139494 -9500.42 139483
-8968.32 141592 -10013.6 141585
-10575.8 142792 -10533.5 146632
-9172.03 147320 -5089.95 147086
-4895.14 149090 -4369.71 150003
-4561.18 148424 -4659.14 144107
-6281.06 143593 -9027.32 143814
-10605.8 140579 -12953.6 137626
-12956.9 138949 -13817.4 139583
-12391.4 139508 -10126.4 140396
-15038.6 140042 -15579.6 151350
-17108 152795 -18103.2 152216
-18428.2 150415 -18059.8 149152
-16613.7 149190 -15680.9 146158
-15673.1 141879 -15834.5 141649
-15676.4 141883 -15190 143041
-14214.8 141850 -15913.5 156758
-15420.4 155046 -15582.9 143738
-14423 142600 -5664.35 140429
-10550.2 145608 -12678.6 155063
-14214.8 155072 -2997.14 153681
-2598.62 151766 -2682.11 147048
-1218.25 147035 585.122 145423
34.0905 143880 -2688.78 145368
-3729.62 144884 865.647 140741
5181.5 132811 11527.8 118108
12101.1 112891 15077.8 105940
17584.7 105989 25634.2 106457
28121.1 103912 24744.8 106408
21310.6 106045 12943.8 106337
12043.2 113377 8712.56 124451
6776.71 126016 1854.16 128193
1993.31 130900 1009.25 140423
-1177.07 143858 -5064.79 142844
-2775.61 145403 -1204.9 145319
-3146.31 143471 -15118.7 145430
-16387.8 144444 -19621.6 144254
-20428.7 148852 -32150.6 149005
-32354.3 147901 -28533.8 152866
-26654.8 153712 -25385.7 165899
-23701.5 169279 -24841.4 166340
-24997.2 166438 -26916.4 167093
-26778.3 169234 -27273.7 173616
-26750.5 169439 -26847.3 167422
-24917.1 166592 -21220.1 165619
-20636.8 162671 -15482.7 157550
-15558.4 153173 -15308 140291
-10637 139563 -12126.5 136865
-10773.9 135923 -10772.8 137377
-8979.45 136511 -10360.9 144631
-11276 145641 -13828.5 145777
-13938.7 144259 -12881.2 142894
-12258.9 143862 -12767.7 141772
-11450.7 142498 -11405.1 145806
-9634.01 145497 -10575.8 145989
-10511.2 148313 -10677.1 149335
-10384.3 145610 -9636.23 144922
-10895.3 145425 -12283.4 141663
-10235.1 141645 -7842.88 139879
-7891.86 141407 -7748.26 139608
-11735.7 139432 -13505.7 139492
-15589.6 147879 -15689.5 153747
-14296.1 154908 -13962.1 152882
-12610.7 152873 3040.83 153712
3256.79 156043 4369.98 156624
