-18291.3 138368 -18284.6 140649
-18892.4 140492 -18892.4 140492
-18938.1 139837 -18015.3 141752
-15984.8 140823 -15984.8 140823
-15971.4 140812 -12615.1 139474
-10603.6 142756 -10603.6 142756
-10593.6 142883 -10593.6 142883
-9999.14 142887 -9999.14 142887
-9915.65 142861 -9915.65 142861
-9875.57 142077 -9875.57 142077
-9891.16 141963 -9106.35 139477
-7456.6 139394 -5204.32 139253
-6187.56 138341 -4778.25 138581
-8208 139341 -15176.6 140184
-15615.2 145978 -14370.7 155306
-14189.2 155257 -14189.2 155257
-14303.9 155119 -14303.9 155119
-14312.8 154910 -14312.8 154910
-14311.7 154834 -14213.7 152850
-12088.6 152902 -12088.6 152902
-11219.2 152913 -8488.53 152309
-8515.25 150328 -8515.25 150328
-8470.72 149544 -8836.96 147247
-10084.9 147287 -10084.9 147287
-10138.3 147291 -10138.3 147291
-10426.6 147298 -10426.6 147298
-11212.5 147300 -11212.5 147300
-12087.5 147273 -12087.5 147273
-12483.8 147293 -15635.2 149097
-15596.3 150945 -15355.8 157766
-15117.6 157533 -15117.6 157533
-14651.2 157170 -14651.2 157170
-14499.8 157023 -14499.8 157023
-14069 156829 -14069 156829
-14035.6 156816 -14035.6 156816
-13908.7 156787 -13908.7 156787
-13780.7 157049 -11280.4 156486
-10521.2 154805 -11122.3 149255
-13035.9 149344 -13035.9 149344
-13579.2 149284 -13579.2 149284
-14541 149161 -16900.9 149088
-17020.1 146790 -20033 141442
-19580.4 144851 -17775.9 173001
-17830.5 170771 -17830.5 170771
-17833.8 170103 -17833.8 170103
-17553.3 169299 -17553.3 169299
-17565.5 168633 -18962.6 160596
-15664.2 158007 -15664.2 158007
-15485 157853 -15485 157853
-15100.9 157530 -15100.9 157530
-14583.3 157087 -14583.3 157087
-14033.4 156780 -14033.4 156780
-13708.3 156758 -8451.79 156916
-8400.59 155469 -8400.59 155469
-8392.79 155288 -8392.79 155288
-8403.93 154948 -8403.93 154948
-8407.27 154959 -8184.63 153238
-7372 154084 -7372 154084
-7363.09 154111 -7363.09 154111
-7367.54 154229 -7367.54 154229
-7366.43 154280 -7305.2 156499
-5494.04 156145 -6341.18 152833
-7430.99 152886 -7593.52 152162
-6746.38 152884 -6746.38 152884
-6397.95 152866 750.988 152686
19.619 150802 -498.017 143428
-1568.91 142295 -1700.27 141284
-3411.25 141224 -3411.25 141224
-3407.91 141031 -1195.99 141224
-859.805 143838 -859.805 143838
-640.506 143682 -640.506 143682
-846.447 144009 -846.447 144009
-827.522 144047 -827.522 144047
-1121.41 143134 -2413.83 139038
-4135.94 138203 -4135.94 138203
-4228.33 138196 -12018.5 140441
-8229.16 139439 -5354.89 139730
-4998.66 141576 -4998.66 141576
-4994.21 141583 -5304.79 140461
-4725.93 141082 -4637.99 143647
-4755.99 139352 -4182.69 122336
-3649.47 127625 -2826.82 138174
-3603.83 132038 -3741.87 128861
-4733.72 131217 -4733.72 131217
-4720.36 131537 -3628.32 126519
-3883.24 130172 -1042.37 140625
-16613.7 137007 -19454.6 126430
-20547.8 125317 -17954 131815
-16188.5 133966 -16188.5 133966
-16171.8 134527 -15137.6 137604
-13939.8 137546 -13939.8 137546
-13578.1 137526 -10677.1 141494
-6215.39 136197 -3503.64 118528
-1265.01 161021 -4261.73 121436
-175.19 127127 2533.21 131960
1912.05 134280 1912.05 134280
1774.01 134728 4430.1 138192
4400.04 134986 4400.04 134986
4339.93 134826 10428 116665
11641.4 117607 11641.4 117607
11649.2 117611 12338.2 110017
16350.2 100492 21764.6 95268.5
20977.7 94719.4 20977.7 94719.4
21020 94817.3 21020 94817.3
21322.8 94127.2 22778.9 93846.6
20952.1 95051.1 10257.7 109912
4937.71 111097 4937.71 111097
4095.03 111168 4095.03 111168
3683.14 111188 -4585.67 119348
-4084.73 120218 -4084.73 120218
-4291.78 120962 -3779.72 132497
-2930.35 132521 -2930.35 132521
-2902.52 133196 -2913.46 132034
-4738.18 134033 -3825.36 131947
-3855.41 133848 -3855.41 133848
-4728.16 134024 -6102.95 143277
-2772.27 143598 -2783.41 147037
-2480.62 147044 -2480.62 147044
-1907.32 147086 -1907.32 147086
-1712.51 147082 3291.14 137987
2546.57 137642 2546.57 137642
1801.84 138065 1188.47 134632
2126.9 134037 2126.9 134037
1776.24 134930 1992.2 136854
588.462 136535 -2052.04 133661
-2930.35 134574 -2930.35 134574
-2473.94 134763 712.026 136059
3060.87 134948 2406.31 137845
600.707 136524 -747.372 134743
-4248.37 134737 -7124.87 132748
-11124.6 135119 -11124.6 135119
-11009.9 135278 -11009.9 135278
-10773.9 135874 -10773.9 135874
-10334.2 135197 -10334.2 135197
-9522.69 135144 -10730.5 135302
-12900.1 135026 -12900.1 135026
-12565 134932 -12565 134932
-12213.3 135124 -12213.3 135124
-11973.9 135340 -11596.7 136326
-10146.1 136344 -10146.1 136344
-10555.7 136348 -9320.09 135180
-8527.49 136262 -8527.49 136262
-8969.43 136003 -3832.04 134859
-2618.65 130600 -2618.65 130600
-2623.11 130602 -2623.11 130602
-2456.13 130949 -2456.13 130949
-2644.26 131628 -4747.08 134839
-4071.37 134040 -4071.37 134040
-4058.01 133968 -4058.01 133968
-4098.09 134135 -4098.09 134135
-3978.98 134236 -4734.84 140705
-2798.99 141627 -2798.99 141627
-2797.88 142266 -2797.88 142266
-2772.27 143197 -2772.27 143197
-2980.44 143453 -6288.86 143439
-6135.24 140953 -4803.85 134881
-4676.95 134879 -3890.03 133385
-4769.35 135418 -4213.86 153955
-4564.52 153946 -4564.52 153946
-4311.82 152980 -4311.82 152980
-4310.71 152975 -3565.98 153668
-3873.22 154217 -3873.22 154217
-3874.34 154217 -3874.34 154217
-4689.2 154289 -4689.2 154289
-4968.61 154306 -9552.74 154591
-10392.1 152223 -10392.1 152223
-10369.8 151276 -9482.61 145488
-8750.13 145474 -8750.13 145474
-8629.91 145343 -8317.1 134930
-8954.96 134993 -8878.15 139452
-6943.42 139341 -6943.42 139341
-5990.52 139272 -2853.54 137758
-2884.71 136553 -2884.71 136553
-2891.39 136068 -8795.77 132201
-8478.51 133200 -10743.9 136720
-10556.8 145140 -10556.8 145140
-10553.5 145323 -10442.2 154333
-8509.68 154576 -6912.25 154516
-6518.17 152091 -6518.17 152091
-6523.74 151953 -6028.37 145913
-4725.93 145425 -2255.75 145347
-720.656 146641 -1581.16 144537
-351.075 143765 -351.075 143765
-377.792 143718 4128.42 141649
1169.55 142480 1169.55 142480
1110.55 142386 -1040.14 145011
-203.02 142489 -203.02 142489
-138.455 142375 1883.5 138342
2495.36 138982 2961.79 136883
-168.511 140737 -811.938 144016
153.202 141629 153.202 141629
152.089 141632 -1051.27 144410
-3608.28 145394 -3608.28 145394
-3669.51 145396 -6129.67 143658
-6164.18 140501 -4865.08 139229
-205.246 140815 -205.246 140815
159.882 141589 159.882 141589
158.768 141587 158.768 141587
433.728 141641 1239.68 149302
2830.44 149682 2830.44 149682
2731.36 149678 1308.7 147774
94.2031 141059 94.2031 141059
193.277 140610 193.277 140610
157.655 141576 157.655 141576
-248.661 141997 895.466 139008
160.995 141585 160.995 141585
154.316 141605 154.316 141605
-22.6824 142110 -3296.59 151036
-4035.75 151352 -4035.75 151352
-4013.49 151063 -2646.48 149987
-1783.76 146672 5345.14 129478
183.259 141569 183.259 141569
176.579 141549 176.579 141549
-121.757 142280 -1796 144165
-4104.77 143551 -8209.12 143642
-10552.4 145684 -11299.3 157911
-11038.9 161057 -11038.9 161057
-11041.1 160843 -9635.12 145501
-8676.66 145481 -2903.63 143542
-325.471 143101 9345.97 122701
10581.6 119479 13821 104758
15186.9 102447 22377 94227.4
21282.8 94104.9 13362.4 105493
12176.8 111789 5773.72 131499
5112.49 131156 5112.49 131156
5119.16 131154 5119.16 131154
5116.94 131159 5116.94 131159
4742.91 130464 4742.91 130464
4928.81 130836 4928.81 130836
4819.72 130611 3279.05 129246
2031.16 130900 3617.46 133946
4165.16 131059 5412.02 126225
7197.5 126871 6301.38 130769
4786.32 130540 4786.32 130540
4002.63 130589 1923.18 130428
874.553 132067 -184.096 133256
1957.69 132791 1923.18 135091
1463.43 134494 1652.68 132846
1428.92 134347 2480.89 134224
3162.17 135959 3162.17 135959
2706.87 135453 2706.87 135453
2627.83 135988 1973.28 131802
2536.55 129798 3319.13 135360
2554.36 135921 2554.36 135921
3195.56 135229 3195.56 135229
3165.51 135224 2996.3 136506
3007.43 135044 3725.44 131027
4602.64 130164 5062.39 129500
4791.89 130522 4791.89 130522
4307.65 130918 2693.51 137355
-580.393 135200 -11728.2 136140
-9042.9 135146 -8983.9 136266
-9847.74 136317 -9847.74 136317
-9452.56 136304 -8283.7 135115
-7035.81 136188 -6268.82 137410
-7467.73 136197 -7467.73 136197
-7788.33 136181 -7000.19 135242
-7758.27 136184 -10251.8 133703
-9031.77 134051 -6009.44 143660
-4345.22 143600 -4345.22 143600
-3480.27 143540 -1763.72 149671
-2566.33 151069 -2566.33 151069
-2615.31 151748 -3564.87 152960
-3574.89 152679 -2819.03 147044
-2092.11 147077 -2092.11 147077
-1979.68 147040 -1405.27 139267
94.2031 141195 1548.04 141565
2656.78 139499 2656.78 139499
3074.23 138795 3074.23 138795
3359.2 138283 3359.2 138283
3640.84 137335 3640.84 137335
3127.66 137771 -1871.7 146352
-1826.06 148286 -2636.46 151031
-3672.85 151005 -3672.85 151005
-4173.79 151336 -4173.79 151336
-3858.75 152207 -3858.75 152207
-3598.26 151626 -2348.15 144588
-1925.13 145272 -856.465 145379
133.165 143880 133.165 143880
948.024 143655 929.099 146968
114.241 147004 -657.203 152606
-1621.23 151975 -1985.25 143529
-4036.86 143551 -7081.45 143609
-7665.88 137802 -8950.51 134981
-13042.6 133728 -13042.6 133728
-13041.5 133706 -10999.9 132127
-10826.2 134403 -13608.1 141812
-12348 143807 -12348 143807
-11753.5 143620 -11753.5 143620
-11343.9 143348 -14854.9 135600
-14395.1 133948 -14395.1 133948
-14348.4 133532 -14348.4 133532
-13461.2 133870 -14846 135402
-16727.3 135465 -17789.3 136141
-16494.6 135687 -16494.6 135687
-16078.3 136090 -12952.4 139512
-10773.9 140795 -10531.2 142872
-9048.47 141614 -6628.38 139334
-6340.06 139321 -6340.06 139321
-5502.94 139287 -5502.94 139287
-5350.43 139267 -3708.47 139165
-3524.79 141990 -3524.79 141990
-2784.52 142162 -2784.52 142162
-2796.76 141342 -3621.64 135928
-4428.71 135919 -2554.09 134750
705.347 136081 1509.07 135391
1649.34 137063 1904.26 128743
-774.089 127657 -244.208 125081
1167.32 127683 2923.94 136431
1771.79 139067 273.427 141583
1260.83 143462 436.825 159968
1275.3 154451 2210.39 149758
1639.32 148059 1639.32 148059
1319.83 147534 2132.46 152683
2941.76 152957 2941.76 152957
2374.03 152534 24.0718 152325
47.4489 149898 2360.67 142923
1265.28 143535 1265.28 143535
587.348 143502 2081.26 144588
585.122 143560 585.122 143560
589.575 143508 589.575 143508
511.651 143090 511.651 143090
500.519 143065 -3008.27 157003
-2646.48 149909 493.84 143767
-1427.53 144450 -2765.59 142638
-2787.86 141360 -2824.59 139183
-5353.77 138804 -5147.83 137769
-3646.13 139174 -3646.13 139174
-2859.1 139138 1177.34 142723
1254.15 146759 5764.82 147405
5559.99 142511 4790.77 138490
5906.19 139646 5906.19 139646
5972.99 139717 5106.92 138452
11667 117694 12396.1 109291
16528.3 100205 16528.3 100205
16726.4 99862.3 22794.5 93791
23847.6 89848 23847.6 89848
23845.3 89721.1 23845.3 89721.1
23859.8 89803.5 23859.8 89803.5
23453.5 89979.4 23453.5 89979.4
22762.2 90039.5 22762.2 90039.5
22406 89857 22406 89857
22160 89892.6 18807 90542.7
17811.8 88026.9 16304.5 88383.1
18431.9 88708.1 18431.9 88708.1
18414.1 88946.4 18414.1 88946.4
18423 89055.5 18385.1 97909.8
16931.3 99515 10321.1 109886
5380.77 111046 3489.45 111435
8105.87 110605 9334.83 110224
8283.98 110317 3582.96 111275
2526.53 112900 -3912.19 115723
-3766.36 117544 -3717.38 143119
-1881.72 143765 -2232.37 152701
-1532.17 152510 -1784.87 144855
-315.453 144352 -315.453 144352
-631.6 144740 -631.6 144740
-1254.99 144873 -1254.99 144873
-1055.73 144437 2836 137177
2771.44 139272 2126.9 134082
1923.18 136776 1923.18 136776
2063.44 136925 2063.44 136925
2148.05 136493 1938.77 138167
-2906.97 134703 -2906.97 134703
-3813.11 134759 -4452.08 135937
-4712.57 133610 -4712.57 133610
-4573.42 133423 -4101.43 134242
-3551.51 133107 -3551.51 133107
-3373.4 133234 431.501 136440
2047.86 135300 2047.86 135300
2069.01 135318 2778.12 136237
-3680.64 130840 -3680.64 130840
-3724.06 130244 -3948.92 119319
-4810.53 122267 -4810.53 122267
-4641.33 122095 -4641.33 122095
-4620.18 122022 -5544.13 130088
-7092.58 131457 -7092.58 131457
-7072.55 131689 -8055.5 132842
-8927.13 131856 -10916.4 124168
-12049.6 123507 -10913.1 131125
-12188.8 132083 -10969.8 132072
-10824 134189 -11208.1 135133
-12951.3 134122 -12951.3 134122
-12889 133917 -11342.8 129211
-10907.5 130322 -10907.5 130322
-10897.5 130464 -11373.9 132067
-10822.9 134106 -10759.4 137257
-9606.18 135164 -9606.18 135164
-9430.29 136108 -10387.6 135213
-9297.82 135144 -8972.77 135721
-8282.59 133572 -12064.1 123636
-13506.8 124241 -13506.8 124241
-13944.3 124301 -15837.8 123008
-15578.5 124143 -15578.5 124143
-14686.8 123898 -8911.54 123460
-8702.26 124918 -8702.26 124918
-8793.55 124079 -8793.55 124079
-9061.83 123248 -9973.53 123736
-11487.5 123297 -11487.5 123297
-12043 123498 -15867.9 122917
-16109.5 122211 -15120.9 123970
-12855.6 124197 -10290.8 130486
-7120.41 130584 -7168.28 131767
-9511.56 130255 -12280.9 122471
-15148.8 123954 -15148.8 123954
-15595.2 124012 -15595.2 124012
-15481.6 124219 -11883.8 125390
-11289.3 125789 -10903 132036
-9495.97 133191 -9495.97 133191
-9052.92 133650 -10795.1 135556
-10755 136578 -12132 139385
-9738.65 135157 -9738.65 135157
-9420.27 136037 -9426.95 139303
-10661.5 137517 -10661.5 137517
-10690.4 136789 -9880.02 136302
-10837.4 137818 -10954.3 139392
-15759.9 140572 -16305.4 146125
-17086.8 144824 -17086.8 144824
-16683.9 144323 -15660.1 144958
-15636.4 145690 -15636.4 145690
-15712.1 145034 -9538.27 145497
-8604.3 147166 -8604.3 147166
-8604.3 147186 -5620.94 147601
-6026.14 146013 -6062.88 140447
-4017.94 141095 -4017.94 141095
-3581.57 141347 -3125.16 143462
-2772.27 141970 -2772.27 141970
-2782.29 141823 -1719.19 141583
-3553.74 140525 -3553.74 140525
-3569.32 140220 -3624.98 139185
-148.473 140935 -148.473 140935
11.8266 141128 11.8266 141128
145.41 141618 -1511.02 144515
-7403.16 143620 -7403.16 143620
-7757.16 143629 -12900.1 157428
-9581.69 156918 -9581.69 156918
-9308.95 156929 -7334.15 154698
-3807.55 154309 -3807.55 154309
-3565.98 154298 -1706.95 150415
-1139.22 142914 -1139.22 142914
-1174.84 142442 -879.842 143413
-4794.95 143584 -10010.3 145514
-8161.25 143709 -8161.25 143709
-7272.92 143687 -3766.36 143475
-3567.09 140058 -3567.09 140058
-3572.66 139735 -2914.76 135948
1755.09 134903 1755.09 134903
2369.57 135683 7602.7 128229
9557.47 121850 13772 104854
17330.9 99009.6 21886.1 94187.3
17806.2 98473.1 17806.2 98473.1
17432.2 98862.7 13013.9 106123
11847.3 115785 11847.3 115785
11792.8 116378 892.364 132065
1455.64 135255 2474.21 137493
-364.433 142680 -1856.11 145846
-1621.23 152668 -823.07 155014
-3382.3 156039 -3382.3 156039
-3495.85 156749 -3495.85 156749
-4173.79 157105 -11143.5 156747
-11289.3 154834 -14193.7 155101
-15417.1 151824 -18463.9 151606
-18060.9 149135 -18060.9 149135
-18011.9 149213 -16785.2 147322
-15626.3 147302 -15626.3 147302
-14740.2 147307 -14740.2 147307
-14162.5 147325 -12348 147309
-10457.8 150001 -10457.8 150001
-10169.5 150370 -8957.18 151920
-9674.08 152129 -9674.08 152129
-10031.4 151321 -10031.4 151321
-10478.9 151430 -17414.1 143638
-17863.9 146398 -17863.9 146398
-17335.1 146265 -17949.6 149137
-16514.7 151040 -16359.9 155226
-17511 151615 -18525.1 149693
-19524.7 150684 -17613.4 168598
-16981.1 169277 -20154.8 155141
-21930.4 152913 -21942.6 149017
-21938.2 151281 -23898.5 156825
-22434.6 156511 -22434.6 156511
-22551.5 156664 -24544.1 154638
-22851 153634 -22851 153634
-21988.2 153619 -17013.4 152826
-15579.6 154226 -15531.7 155807
-13551.3 155128 -13551.3 155128
-14132.4 154901 -14132.4 154901
-14110.2 154939 -16487.9 152405
-17249.4 152383 -18378.2 149215
-20427.5 149039 -20427.5 149039
-21302.5 149177 -21302.5 149177
-21488.4 149172 -21488.4 149172
-21164.5 149974 -21164.5 149974
-20686.9 150604 -19650.5 152670
-20642.4 150735 -19527 139552
-16747.3 135750 -18108.8 129743
-16993.3 126764 -15234.5 127957
-14851.6 130894 -16466.8 138234
-13571.4 139134 -14947.3 140779
-15173.3 140590 -15173.3 140590
-14572.1 139802 -14144.7 141783
-11900.5 141616 -2788.97 143542
-2754.46 145301 -600.431 157969
1087.17 157993 1087.17 157993
1184.02 158002 5715.84 159634
6430.51 159053 6430.51 159053
6231.25 158715 6231.25 158715
6430.51 159351 6430.51 159351
5789.31 159690 2574.4 155943
610.726 157147 660.819 158165
-584.846 157138 -4289.56 153872
-4299.58 152236 -4299.58 152236
-3643.91 152200 -3550.4 139029
-5353.77 138492 -5353.77 138492
-5358.23 138078 -5358.23 138078
-4897.36 137751 -352.188 140592
1266.4 144693 6087.64 150967
7508.08 150813 11740.4 150909
10361.2 149896 8507.73 152358
4457.93 149328 5630.12 132735
8169.32 128952 8169.32 128952
8179.34 128988 8179.34 128988
7571.53 129006 3704.29 135812
2494.25 135852 2494.25 135852
2243.78 136230 2243.78 136230
2117.99 136455 -2842.41 139009
-2794.54 142798 -2794.54 142798
-3086.19 143453 -4007.92 147068
-7957.54 149335 -7957.54 149335
-8557.55 148594 -8557.55 148594
-8576.47 147768 -8235.83 137217
-8521.93 139318 -8521.93 139318
-8853.66 139298 -9018.41 133583
-10825.1 132134 -10825.1 132134
-10832.9 132100 -9581.69 130059
-13011.4 121184 -14243.7 114439
-12539.4 112809 -12539.4 112809
-12537.2 112802 -12537.2 112802
-13081.6 113207 -13081.6 113207
-13074.9 113742 -14900.5 116402
-11297.1 125706 -7739.35 136907
-9472.59 139381 -9472.59 139381
-9870 139412 -14498.7 138809
-14704.6 137713 -14326.1 133957
-11996.2 132105 -10820.7 149108
-12450.4 151352 -12450.4 151352
-12661.9 151372 -8557.55 148447
-9104.13 147318 -9104.13 147318
-8592.06 147485 -8592.06 147485
-8116.72 148344 -8116.72 148344
-8133.42 149079 -10457.8 150170
-10421 151742 -9501.54 147311
-2024.21 147184 -3306.61 156072
-3589.36 152276 -3715.15 147053
3072 134879 2543.23 148467
1162.87 150043 408.124 157944
276.767 157936 -2460.58 152610
-7766.07 152882 -7766.07 152882
-7909.67 152873 -7232.85 136188
-6907.79 138581 -6907.79 138581
-6542.66 138288 -6908.91 140481
-7734.9 138849 -12066.3 123533
-11170.2 126103 -6215.39 139310
-3108.46 139138 430.388 143780
-1444.23 144486 -1444.23 144486
-1824.94 143727 -3742.98 145323
-500.243 145354 7351.12 128894
9387.15 122538 14289.7 103963
17798.5 98495.3 22506.2 94038.1
20686.1 95574.3 11684.8 106098
10441.3 109832 3650.86 111244
637.442 113782 637.442 113782
-235.303 114042 -3066.16 115714
-4310.71 114570 -4889.57 117121
-7238.41 118346 -11446.3 118760
-13196.2 120904 -7777.2 139087
-7801.69 147178 -6727.46 147117
-6295.54 149235 -6295.54 149235
-6168.63 149355 -7183.87 147120
-7904.1 147169 -9669.63 151381
-9677.42 155268 -9509.33 163624
-9554.97 161491 -9554.97 161491
-9569.44 161202 -10858.5 161291
-11137.9 158020 -11137.9 158020
-11145.7 157702 -11720.1 151579
-12700.9 151397 -12700.9 151397
-12124.2 151388 -11752.4 152917
-8304.85 152973 -8304.85 152973
-7605.77 152935 -1667.98 154396
-1499.89 153826 -1062.41 144457
-174.077 142431 428.162 141356
-3519.23 139114 -14479.7 138628
-13502.4 140124 -13502.4 140124
-13322 140026 -10275.2 136366
-9416.93 137339 -9416.93 137339
-10084.9 137430 -8873.7 131985
-8265.89 133761 -8265.89 133761
-8175.72 134053 -7151.58 139330
-4581.22 139183 -27.1352 141010
1274.19 151031 732.974 156162
2332.84 155970 611.839 143731
-333.264 143415 3218.94 136475
110363 394745 2210.39 133931
2821.53 131384 2821.53 131384
2685.72 131831 4157.36 134632
5765.93 131715 11701.5 117533
12141.2 112468 14665.9 103333
16584 100094 21292.8 93728.6
21381.8 90282.2 23689.5 89868.1
23199.7 84943.3 22048.6 80069.7
19128.7 77126.5 19128.7 77126.5
18468.6 77079.7 17362.1 76917.2
19428.2 77146.5 19428.2 77146.5
20152.9 77211.1 22058.7 80094.2
21436.4 83269.1 21627.8 85243.7
21352.9 88714.8 21642.3 95396.2
22934.7 95768 22934.7 95768
22980.4 96033 23864.3 89805.7
22367 89852.5 16979.1 88169.3
16139.8 86417.2 17170.7 74801.8
16581.7 76494.2 16581.7 76494.2
17386.6 76997.3 20664.9 77627.4
22082 80141 23372.2 91426.6
22761.1 93840 22761.1 93840
22760 93844.4 22760 93844.4
22712.1 93813.2 14431 103705
12342.7 109736 8089.17 126699
5335.12 131539 2302.78 130308
1945.45 131949 830.025 132817
1907.6 131893 3185.27 130311
1962.14 130564 1962.14 130564
2418.55 130284 1407.77 133612
2494.25 135870 5741.44 138488
7527.01 137221 11960.9 138695
11776.1 141153 11776.1 141153
12084.4 141912 12084.4 141912
11945.3 141710 10817.6 144697
8939.65 145207 7445.74 143938
5798.21 146425 1874.2 148235
705.347 149293 705.347 149293
51.9017 149420 -394.489 150555
-1047.93 149918 -1047.93 149918
-1061.29 149613 -1061.29 149613
-1029.01 148838 -1029.01 148838
-1049.05 148502 -2706.6 145365
-4321.84 145396 -5233.55 139265
84672.5 55995.8 -4927.42 139256
-4741.52 140665 -4727.04 143493
-6296.65 143428 -7011.32 142618
-7816.16 143050 -7157.15 140534
-6164.18 141186 -6317.8 143065
-5470.66 143653 -5210.17 145412
-5980.5 145414 -5980.5 145414
-6251.01 145343 -6116.34 133971
-8024.33 134383 -8024.33 134383
-7300.75 134917 -8096.69 143580
-10554.6 145713 -11258.2 151448
-10465.6 151477 -8497.44 152392
-15164.4 149115 -18005.2 148968
-17113.6 149927 -18207.8 152797
-18183.3 151615 -8543.08 151256
-8534.17 149437 -9091.88 147296
-10446.6 147278 -15084.2 145441
-15637.5 141509 -16243 140069
-16688.3 141246 -16688.3 141246
-17469.8 141476 -17469.8 141476
-17970.7 141607 -18942.5 139733
-19444.6 141551 -19640.5 152801
-20621.2 152105 -18005.2 147340
-15628.6 147302 -15628.6 147302
-15238.9 147298 -12134.2 151441
-12852.3 149584 -13845.2 145966
-16695 144241 -18930.3 141805
-18772.2 139730 -19132.6 142085
-15924.7 140774 -15924.7 140774
-15879 140737 -8811.36 139430
-5392.73 140387 -5392.73 140387
-5665.47 140407 -4686.97 143350
-6335.61 143609 -12034.1 145933
-16230.8 144508 -17763.7 143929
-17710.2 145100 -17710.2 145100
-18008.6 145087 -19329.9 144094
-18008.6 144072 -16508 144468
