-12399.2 155121 -13485.7 153981
-13486.8 155101 -11337.2 155259
-9048.47 161237 -6381.25 161055
-10429.9 161538 -11287.1 156333
-13387.7 155115 -13039.3 152801
-15495 152503 -15611.9 147707
-15606.3 151506 -15145.4 161896
-12966.9 161656 -10683.8 161462
-10718.3 159959 -9538.27 154654
-8457.36 154567 -10091.5 149805
-10948.7 150410 -10732.7 135309
-7927.48 135048 -3628.32 131684
-4690.31 131615 -4168.22 115817
-4078.05 119294 -4347.44 123611
-1740.34 127383 1208.51 128877
3925.82 137226 1391.08 133107
3115.41 134857 4342.15 134855
4408.95 138243 5930.68 140147
5728.08 141053 4896.53 151953
5901.74 150969 7534.8 149442
7055.01 147587 5765.93 148709
3205.58 149391 10445.8 149181
10974.6 150876 7555.95 149680
7498.06 147730 -1405.27 146975
-1590.06 145425 -936.615 143740
-621.581 140124 -149.587 138915
-600.431 140136 -1349.61 135899
-2861.33 135921 -4340.77 135950
-4748.19 140501 -5497.37 139623
-4709.23 140320 -3877.68 139062
-8057.72 139343 -15525 140414
-15639.7 143564 -13848.6 145813
-12301.2 143773 -11190.3 144346
-15297.9 145243 -16730.6 135042
-14661.2 138096 -11019.9 140294
-10481.1 144811 -5686.62 149328
-3707.36 149135 -4381.95 149952
-3784.17 150348 -3599.38 152630
-640.506 152639 40.7697 151664
34.0905 152532 -565.922 151548
-1033.46 152269 -3.75808 152692
4717.3 160992 5613.42 163136
5505.44 160026 3962.56 152650
1266.4 150223 -716.203 148476
1759.54 139134 9715.55 121258
12204.7 111627 12744.6 106973
18431.9 106032 22959.1 108330
20217.4 106018 15665.6 105894
12480.7 108149 11770.5 116705
15260.4 118735 15712.3 119706
15883.8 114514 14481.1 123135
13703 124580 14771.7 129387
10845.4 130228 6581.9 130798
5723.63 132432 3606.33 139033
821.119 140772 -1723.64 141665
-2902.52 141289 -5351.55 140233
-4712.57 142509 -4629.08 143711
-3318.85 143555 -935.502 145352
-386.697 143366 471.576 136691
-538.092 135135 1387.74 133485
2139.14 134064 2398.52 137907
542.821 141142 -420.093 141912
-92.8137 140011 -1012.31 140567
204.409 139474 310.163 141707
-365.546 139964 589.575 139621
203.296 141565 2225.97 149359
3523.96 149168 3072 152525
1991.09 151483 920.194 148115
-1014.54 148545 -1168.16 147100
-5199.04 152746 -10374.3 154698
-11501.9 159062 -11528.7 156934
-14004.4 155950 -14143.6 152764
-15483.8 152490 -19498 152795
-20547.8 151274 -15796.7 144969
-15639.7 142153 -16529.1 135407
-19512.5 140367 -19616 154010
-17272.8 155262 -18173.3 156822
-16621.5 156791 -14180.3 155106
-14132.4 152877 -14043.4 153908
-14343.9 153251 -10905.3 152931
-10443.3 149295 -9512.67 144299
-7968.67 143317 -6018.35 146991
-3688.43 147465 -4366.37 150486
-4758.21 150404 -5931.52 152824
-7901.88 152893 -10505.6 152668
-10440 154609 -24551.9 154478
-21924.8 152893 -18551.8 152481
-18384.8 148741 -13888.6 148248
-12705.3 146027 -7886.29 142008
-7808.37 140131 -2251.3 123186
-1829.4 123531 -178.53 126982
2298.33 127122 6331.43 126993
9204.59 123317 11758.3 117157
12361.6 109756 15307.1 105940
18722.4 106130 24386.3 106272
20037.1 106023 15430.7 105905
15286 110698 13452.5 124286
10166.4 126813 -1832.74 145287
-654.977 145347 1237.45 150488
1195.15 152481 1414.45 152581
-3637.23 149384 -3746.32 143696
-6671.8 143611 -12307.9 137522
-12302.3 137522 -8997.26 135576
-8963.86 137310 -7871.82 143807
-6387.93 143664 -2338.13 143475
-1922.91 145354 -28.2484 149413
35.2037 147264 11033.6 144194
10947.9 138677 13286.7 138370
13296.7 134403 12488.5 129843
10871 130230 -34.9275 141055
966.948 142389 1947.67 141467
2054.54 144261 -742.92 144853
-716.203 146485 -530.299 149308
-1409.72 148471 -1244.97 145877
-715.09 146721 -984.483 149137
-1666.87 148974 -1969.66 142709
-3768.58 143442 -820.843 141215
-2479.5 140690 -4698.1 140906
-3930 140084 -286.51 140343
-1921.79 138996 -980.03 135591
-3687.32 134122 -4365.26 127189
-3698.45 131424 -4730.38 131101
-4740.4 132432 -10831.8 132508
-10918.6 128912 -9221.01 123398
-8131.19 134144 -3849.85 141342
-2124.39 141295 -357.754 140463
-2028.66 141494 -1800.45 146412
-4051.33 143564 -9671.86 144272
-10547.9 139399 -16489.1 139537
-15311.3 140331 -10790.6 140140
-10560.2 142905 -8635.47 135447
-9462.58 133712 -2771.16 143077
-1763.72 141957 -206.36 138174
-1604.53 140307 -600.431 140285
-548.11 140819 1270.85 144477
466.01 149275 69.7128 150980
-1044.6 149115 -1469.84 145412
-476.866 145361 2441.93 144989
1330.96 144404 2592.21 135620
5191.52 141857 2999.64 138181
4410.06 144145 6187.83 146238
7450.2 145528 5788.2 149302
4257.55 134623 11498.9 118174
12361.6 109841 15756.9 105927
18781.4 106134 23175.2 106533
24026.8 108427 24248.3 104716
23787.4 103287 17501.2 105958
12437.3 108574 11698.1 117424
9543 121846 3833.42 135322
2454.18 135761 852.289 132145
2483.12 134238 3156.6 136564
1768.45 139078 303.484 141485
1251.93 150286 1200.72 159886
-3081.74 163900 -4595.69 164029
-5142.27 162252 -10143.9 166578
-7960.88 165536 -7034.7 165102
-7626.92 163985 -13874.2 165594
-17313.9 161961 -19277.6 159022
-18446.1 156956 -15527.3 157181
-15537.3 156063 -13944.3 152882
-13504.6 153521 -14277.1 154852
-14047.8 152862 -14329.5 154705
-14022.2 152857 -10499 153191
-10346.5 155342 -8516.36 154576
-8468.49 152481 -8242.51 145811
-9072.96 147278 -10152.8 147291
-10492.3 144893 -11707.9 149299
-12729.8 149359 -17984.1 149092
-19622.7 151633 -23895.1 153661
-22321.1 153630 -11985.1 157020
-12330.2 157849 -13777.3 158944
-13561.4 161159 -20557.8 163337
-20649.1 160734 -19549.2 152842
-18890.2 152848 2357.33 152565
-719.542 152599 -3600.49 151274
-3997.9 150591 -4789.38 133960
-4778.25 135943 -3586.02 139806
-4605.71 141351 -3794.19 143428
-2148.88 143477 2121.33 140525
4195.21 141587 5514.35 137426
4441.23 137633 4205.23 138633
3503.92 138775 11358.6 118417
12225.8 111469 16009.6 105934
18778.1 106150 25134.4 106437
24383 108788 24386.3 106277
20280.9 106032 15508.6 105885
12177.9 111765 8611.26 125194
6048.68 131548 -702.844 143460
-1839.42 143339 -1118.07 161064
-2259.09 160946 -5653.22 162370
-5302.57 164134 -607.11 160073
-506.922 158381 -2627.56 145595
-6001.65 145383 -5587.54 143090
-4734.84 143068 -9128.62 146797
-9092.99 145488 -9517.12 165316
-8735.66 165501 -2070.96 161547
-1201.56 159848 -1153.69 147543
1207.4 147026 837.817 142066
4393.36 136600 6247.94 131421
5230.48 134396 4182.97 134614
3344.73 133528 2582.19 132517
2803.72 134656 1384.4 132454
-1886.17 134636 -7979.8 135222
-9421.39 137804 -11200.3 139392
-12420.3 138751 -8908.2 139436
943.571 137079 -1350.72 134672
-6246.56 134792 -7889.63 142950
-7398.71 143081 -10735 147336
-10895.3 145474 -10848.5 146182
-10627 139857 -11813.6 135603
-10760.6 136208 -8948.28 138332
-10684.9 137840 -12099.7 123582
-13808.5 121296 -11296 127334
-12123.1 130716 -10752.8 135286
-9906.74 135177 -9001.71 136282
-8995.03 134959 -5058.78 134863
1836.35 138243 7303.25 129324
15048.9 121503 15221.4 109879
18640 106041 23127.3 106326
24013.4 108414 24445.3 107980
24017.9 108427 23404.5 106081
12306 110264 8674.71 124996
5350.71 131631 3184.43 131524
3075.34 135006 518.33 141189
1230.78 147296 1179.57 155970
-3506.98 156012 -5678.83 157541
-3289.91 158053 -1792.66 158697
-2511.79 155173 -2006.4 153311
607.386 153639 1873.09 161651
1263.06 155947 -1713.63 149740
-719.542 149364 -1789.32 144642
-145.134 142333 1151.74 142680
949.137 152648 -15511.7 152476
-15551.8 148353 -16464.6 145465
-15617.4 147307 -9170.92 147331
-6714.1 147111 -6277.72 143898
-4776.02 143669 570.65 141903
1251.93 146919 1306.47 145403
-1204.9 145341 -2733.31 143462
-7835.08 143629 -11210.3 144657
-12638.5 143132 -14112.4 141727
-12407 139519 -8203.55 139414
-7664.77 137386 -8403.93 129567
-8993.92 131893 -10873 132094
-10821.8 134721 -11808.1 135333
-10805.1 138731 -12893.4 148220
-13267.5 148213 -13877.5 147204
-15595.2 149110 -18685.4 152815
-21151.1 152819 -29324.2 151971
-26645.9 153556 -26624.7 156631
-26589.1 153614 -18902.5 152862
-18551.8 149936 -15601.8 154888
-15650.8 158018 -11217 155021
-7124.87 154500 -4337.43 154318
-4300.69 152577 -492.451 149351
1595.9 149326 7083.95 149339
7468.01 147367 7530.35 149411
9487.34 145261 7108.44 135868
10530.4 126566 15426.2 117135
15126.8 114358 15302.7 109102
18781.4 106150 23911 108458
24219.4 105486 18002.2 105974
15442.9 108340 12421.7 125281
4093.91 135095 -1885.06 144918
-492.451 145347 2082.37 144646
2102.41 144800 -1281.71 136424
-3520.34 134683 -4794.95 139310
-3580.45 141340 -1287.27 144123
-5281.42 143595 -10379.8 144686
-10495.6 148086 -10441.1 152407
-13768.4 155126 -7830.63 144058
-7763.84 139390 -7621.35 134349
-3888.81 143591 -1870.59 145058
-730.674 154957 -551.45 157976
1127.25 158005 660.819 158831
-1085.78 158002 -469.074 159407
-3177.48 162838 -7053.62 165187
-7109.28 164123 -2693.24 163847
1253.04 157615 837.817 152557
-685.033 151555 -1772.62 146136
-2724.41 146454 -6266.59 149344
-8291.49 147233 -10519 145906
-12081.9 139428 -16629.3 136656
-18182.2 131809 -18599.7 132766
-17339.5 132982 -16121.7 135224
-11510.9 135235 -3902.17 134792
-573.714 140859 -2831.27 141293
-3581.57 139249 -3635 138878
-4371.93 139241 -4371.93 139241
