-3691.77 146755 -4509.97 147089
-4860.63 147066 -5216.85 147060
-7756.05 147171 -7849.56 147367
-7838.42 148297 -7838.42 148297
-7788.33 149471 -8111.16 149471
-8133.42 148431 -7847.33 147627
-7841.76 147445 -7763.84 147193
-6786.45 147115 -6090.71 147111
-5561.94 147093 -4602.37 147082
-4615.72 146677 -4615.72 146677
-4665.82 144161 -4574.54 143664
-3800.87 143582 -3478.04 142898
-3494.74 142435 -2795.65 141767
-2791.2 141678 -2014.19 141271
-1730.32 141267 -734.014 141184
-355.528 140527 -69.4366 139980
112.014 139635 64.1468 138880
-96.1533 138617 0.694696 137693
492.727 136647 492.727 136647
868.987 135678 1848.6 135812
1873.09 135763 2414.1 135738
3000.75 136531 3440.47 137065
3665.33 137393 4275.36 136642
4355.51 136640 4811.92 136609
5958.51 136573 5984.12 136495
5975.21 135137 5151.45 135318
5160.35 135741 4417.85 135077
4411.17 135048 4253.1 134710
3654.2 133931 3654.2 133931
2592.21 132528 2594.44 132579
3243.43 133452 3532.86 134091
4102.82 134565 4598.19 134147
329.087 141841 414.803 141629
1171.78 142642 1284.21 143319
1269.74 145134 1269.74 145134
1367.7 146559 479.369 146995
427.048 146984 34.0905 146136
30.751 145501 585.122 144822
587.348 144666 590.688 143898
551.726 143375 551.726 143375
1924.3 141690 1366.58 142395
737.63 143330 1389.96 143504
2018.92 143126 2060.11 143998
2090.16 144357 1308.7 143787
1305.36 143604 549.5 143108
384.747 142988 -585.959 143099
-619.355 142992 -1179.29 142280
-1170.39 141612 -1164.82 141249
-413.414 140625 -778.542 139942
-1613.44 139051 -1613.44 139051
-3552.62 139111 -4416.46 139085
-4671.38 139203 -4671.38 139203
-6947.87 139301 -7832.86 139318
-8339.36 139347 -9146.43 139407
-9670.74 139425 -9734.19 139423
-11150.2 139425 -11701.2 139323
-11680.1 136591 -11680.1 136591
-138929 151363 -138384 150744
-86381 55465.9 -86381 55465.9
-39807.2 107844 -39807.2 107844
-31563.9 117255 -31563.9 117255
-13808.5 137542 -13808.5 137542
-12320.1 139292 -12428.1 139452
-14050.1 139552 -14824.8 139913
-15609.6 144488 -15604.1 144651
-15597.4 145570 -15595.2 146561
-11513.1 154986 -11294.9 155549
-11314.9 157163 -11345 156862
-10277.4 156889 -9717.5 156918
-9088.54 156925 -8461.81 157012
-8454.02 158225 -7630.26 158777
-7622.46 158817 -6990.17 159329
-6973.47 160999 -6102.95 160903
-4170.45 162299 -3318.85 162190
-3144.08 162172 -2175.6 162139
-2117.72 162094 -1282.82 162134
-1307.31 162858 -1248.31 163702
-574.827 163731 -572.601 164659
-425.659 166525 -425.659 166525
-144.021 170439 -144.021 170439
2410.76 174778 2399.63 174800
1427.81 175326 1433.38 175341
2412.99 174807 2425.23 174736
1890.9 173612 1890.9 173612
529.462 171534 368.049 171879
503.859 172630 503.859 172630
581.782 173778 581.782 173778
648.574 175007 635.216 174551
376.955 171830 434.841 171363
-227.51 170138 -227.51 170138
-353.301 168335 -347.735 167743
-392.263 166652 -407.848 166607
-519.167 165218 -533.639 164726
97.5427 163424 97.5427 163424
915.741 162183 1306.47 161642
1939.88 161645 2469.76 160832
2468.65 160714 2485.35 159823
3015.23 159808 3031.92 159728
3031.92 158465 3034.15 158038
3045.28 157069 3069.77 157045
3086.47 156045 3136.56 156027
4378.89 156050 4381.12 156422
4381.12 157435 4381.12 157435
4364.42 159278 4351.06 159728
4233.06 160429 3915.8 160854
2479.78 160897 2466.42 160641
2463.08 159846 1959.92 159189
1957.69 158684 1314.26 157938
1300.91 157846 1280.87 156856
1278.64 156094 1278.64 156094
1330.96 153316 2067.9 152699
2407.42 152692 3084.24 152091
3100.94 151508 3785.56 151085
4361.08 151078 4361.08 151078
1650.45 123711 1650.45 123711
5430.86 149221 5430.86 149221
7116.24 149319 7021.61 149319
5798.21 149342 5798.21 149342
3861.25 149364 3861.25 149364
1466.77 146993 585.122 146603
590.688 145579 590.688 145579
1267.51 148429 1260.83 148607
1260.83 153523 1260.83 153523
1128.36 161687 1128.36 161687
464.897 162807 464.897 162807
-513.601 163668 -513.601 163668
-7092.58 164054 -7062.53 164982
-7070.32 165808 -7860.69 166262
-7852.9 166443 -7975.35 167277
-7967.55 167761 -7921.91 166919
-7836.2 166569 -7107.05 166687
-7054.73 165884 -7054.73 165884
-7048.06 164147 -7018 164127
-4081.39 164127 -3091.76 164071
-3010.5 163987 -2407.15 163853
-2437.2 166447 -2429.41 165795
-2411.6 164726 -2311.41 163831
-2028.66 163780 -1760.38 162880
-1832.74 162177 -2615.31 162139
-3114.02 162166 -3809.77 162224
-4849.5 162279 -4054.67 162373
-4032.41 163924 -4043.54 164027
-5407.21 164025 -5531.88 163101
-5550.81 162224 -5550.81 162224
-4148.18 162261 -4040.2 162996
-4025.73 164009 -4014.6 164031
-4092.52 160799 -3124.04 160992
-3127.38 161097 -3909.96 160703
-7006.87 162255 -6940.08 162110
-6893.32 161030 -6581.63 160943
-4387.52 160799 -3494.74 160988
-736.24 160892 -680.581 160710
-436.791 159193 -436.791 159193
-703.958 154814 -772.976 153935
-675.015 153797 -675.015 153797
7665.04 152766 7665.04 152766
8852.82 152447 8887.33 152439
10262.1 152516 10711.9 152347
9865.83 144221 9865.83 144221
6087.64 133390 6908.07 133919
6885.81 133993 6713.26 134770
7378.95 136547 7525.89 137214
6557.41 138321 5887.27 138544
5889.5 139151 6184.49 138535
383778 -142442 383778 -142442
6295.81 138528 5886.16 139125
5898.4 139534 5190.41 140115
5079.09 140314 4973.34 140503
3047.51 142398 2382.93 142832
1776.24 143203 1776.24 143203
802.195 143678 -123.983 143709
-336.603 143426 -1064.63 142780
-1125.86 142780 -1162.59 142384
-1171.5 141623 -2053.15 141300
-1978.57 143299 -2142.21 143404
1720.58 134903 1718.35 134892
2224.86 133904 2224.86 133904
2975.15 132655 3729.9 133303
3713.2 133496 3631.94 133971
4054.95 134483 4544.76 134937
5252.75 134926 5302.84 134937
6507.32 134832 5529.93 134910
5497.65 134895 5277.24 134903
4473.51 134921 4178.52 134714
3694.28 135574 3683.14 135600
815.553 140792 476.029 141222
-4.87128 142075 -530.299 142914
-541.431 142925 -626.034 142662
-1607.87 144412 -1607.87 144412
-739.58 142551 -739.58 142551
4299.85 141805 4299.85 141805
-658.317 142273 -745.146 142246
-1535.51 145325 -1526.61 146116
-1522.16 146527 -1479.85 145608
-1476.51 145486 -1029.01 146358
-1008.97 146394 -678.354 145935
-12491.6 145868 -12491.6 145868
-695.052 145953 -24.9088 145352
553.953 145336 1316.49 145212
1241.91 142709 1152.85 142495
648.574 141801 646.348 141373
2102.41 138751 2252.69 138722
-559.242 135148 -591.525 134365
345.785 130573 969.174 130402
1349.89 130364 1397.75 129373
1386.62 129362 2195.92 129689
3084.24 129705 3120.98 130264
3134.34 130807 3192.22 131782
3648.63 131916 3145.47 132535
2744.72 132699 2505.38 133501
3240.09 134476 3677.58 135095
3454.94 135496 3581.84 135774
3156.6 136551 2837.12 137096
1022.61 140405 537.255 141155
184.372 141696 412.577 141600
1189.59 142654 1267.51 142941
1267.51 145241 1267.51 145241
1236.34 146995 337.993 146993
158.768 146995 47.4489 146472
47.4489 145381 97.5427 145347
1206.28 145319 1316.49 145234
1283.1 142910 1210.74 142613
648.574 141730 651.914 141360
2243.78 138512 2279.4 138733
-1381.89 134659 -1381.89 134659
-6186.44 134843 -6965.68 134848
-6987.94 133779 -6986.83 133752
-7042.49 132250 -7042.49 132250
-7087.02 130179 -7154.92 130041
-8344.93 130023 -8353.83 130001
-8411.72 128360 -8407.27 129315
-8376.1 129990 -8322.66 130079
-7216.15 130083 -7160.49 130083
-5589.77 130139 -5543.02 131136
-5517.41 131136 -5084.38 131916
-5042.08 132123 -4212.75 132555
-3697.34 132517 -3722.94 133274
-3700.68 135451 -3678.41 135934
-3672.85 136513 -3672.85 136513
-3652.81 137700 -4633.54 137709
-4691.42 137720 -4738.18 137292
-4566.74 136375 -4760.44 135990
-4747.08 134449 -4741.52 133463
-4727.04 132690 -4710.35 131764
-4766.01 131477 -4984.19 132383
-5008.68 132539 -4095.86 132423
-3798.64 132512 -2882.48 132724
-2912.54 133481 -3188.61 134113
-3208.65 134672 -3342.23 134683
-9327.88 135066 -9327.88 135066
-10721.6 135084 -10749.4 135028
-10791.7 133801 -10791.7 133801
-10817.3 132668 -10828.5 133545
-10799.5 135077 -10700.4 135229
-9013.96 135148 -8986.13 135727
-8988.35 136268 -9411.37 137132
-9413.59 137188 -9951.27 137464
-10763.9 137482 -10828.5 137678
-12904.6 139541 -12904.6 139541
-13856.4 129990 -13856.4 129990
-10674.8 139497 -10674.8 139497
-7265.13 139370 -7235.07 140291
-7229.51 140483 -6797.59 140483
-6192.01 140461 -6192.01 140461
-6114.08 142943 -6218.73 143589
-7771.63 143549 -7832.86 143887
-7908.56 145668 -8212.46 146610
-8200.21 146659 -8623.23 145831
-8621 145608 -8654.4 145519
-8682.23 143765 -8203.55 143711
-3358.93 143537 -2874.69 143511
-2793.42 142168 -2760.03 141316
-2114.38 141293 -1682.46 141307
-1765.95 142369 -1730.32 142391
-13519.1 142346 -13519.1 142346
-1216.03 142308 -1164.82 142217
-1164.82 141233 -730.674 141193
-375.565 140483 -675.015 140069
-1613.44 139029 -2019.75 138746
-1655.74 137526 -1655.74 137526
-865.371 135026 -1014.54 134737
-7866.25 134921 -8017.65 134632
-9169.8 131214 -9274.45 130863
-8019.87 143586 -8019.87 143586
-9116.37 143894 -9116.37 143894
-10446.6 144717 -10565.8 144980
-10552.4 146104 -11231.4 146338
-11212.5 146937 -11771.3 146182
-11985.1 146069 -12001.8 145893
-15125.4 145437 -15125.4 145437
-15953.6 144813 -16014.8 144822
-17448.6 143849 -17971.8 144016
-19053.9 144101 -19621.6 144127
-19649.4 145336 -20246.1 145278
-20161.5 144050 -19439 144009
-19355.5 142435 -18430.5 142317
-18420.5 142064 -17960.7 141734
-16923.2 141373 -16337.7 141117
-15948 140795 -15352.5 140425
-14217 139603 -14217 139603
-7129.32 139325 -7129.32 139325
-1546.65 139089 -1326.23 139296
1217.42 142731 1278.64 143041
1227.44 154647 1227.44 154647
1202.95 157352 1292 156836
1284.21 146670 1284.21 146670
1260.83 142743 364.709 142965
206.636 143248 0.694696 142569
373.615 141941 1110.55 142331
1731.71 141229 1731.71 141229
2466.42 139746 2670.14 139512
3223.39 138535 3629.71 138702
4427.87 138606 4417.85 138450
4416.74 136665 4436.78 136620
5833.84 136576 5987.46 136529
5998.59 134903 6737.75 134821
7384.52 136540 7531.46 137219
6237.93 138555 5897.29 138546
5917.33 139768 5898.4 139401
5889.5 138613 5499.88 138455
5505.44 137649 5895.06 138512
5878.36 138944 5490.97 138488
4483.53 138435 4397.81 137515
4394.47 135033 4323.23 134754
5046.81 133441 5046.81 133441
5880.59 131922 5149.22 131548
3718.77 129106 3182.21 128861
2341.74 128716 1896.47 127915
1893.13 127768 1854.16 127735
6977.09 129589 7147.41 129767
6097.66 131693 6414.92 132105
7086.18 132116 7086.18 132116
7132.93 133407 7132.93 133407
6716.6 134449 6585.24 134772
5444.22 134917 4846.43 135707
4689.47 135716 5046.81 136618
5488.75 136587 5488.75 136598
5496.54 138432 5895.06 138550
5919.55 139824 5942.93 140349
6058.7 140904 6379.3 141545
6549.62 141957 6771.15 142765
6911.41 144517 7453.53 144613
7466.89 145434 7462.44 145430
7479.14 146683 7478.02 147456
7492.5 149221 7492.5 149221
7600.48 150751 7589.34 150784
6381.53 150940 5859.44 150951
5104.69 150980 4451.25 150980
4333.25 142168 4333.25 142168
4008.2 141182 4008.2 141182
2145.82 138539 2169.2 138423
3604.11 135767 3613.01 135685
2280.52 133902 1996.65 133307
1984.41 132877 2388.5 133129
3585.18 133902 3498.35 134806
3679.8 135044 3476.09 135563
-7727.1 169693 -7727.1 169693
3744.37 135901 4228.61 136691
3921.37 137241 3590.75 137793
3260.13 138417 2989.62 138900
2763.64 139303 2368.46 138461
2107.97 138154 1923.18 138239
-1262.78 134714 -1262.78 134714
-2407.15 134683 -2407.15 134683
-16227.5 135518 -17118 135729
-17512.1 136141 -17512.1 136141
-19016 138379 -19471.3 139036
-19478 148509 -19478 148509
-19424.6 158681 -19394.5 158804
-19565.9 156856 -19105.1 156822
-18452.7 156840 -18261.3 156825
-17350.7 156825 -16808.5 156858
-16808.5 157904 -16427.8 156980
-16427.8 156874 -17250.5 156368
-17244.9 155230 -16641.6 155199
-15336.9 155166 -15283.5 155177
-10546.8 154937 -9762.02 154663
-7383.13 154520 -6514.84 154073
-6520.4 153930 -6517.06 153004
-6502.59 152499 -6505.93 152443
-6591.65 150544 -6606.12 150479
-6608.34 149486 -5746.73 149315
-5457.3 149282 -4488.82 149088
-3366.72 149103 -2665.41 149014
-2695.46 148061 -2715.5 147912
-2698.8 146403 -2108.81 146436
-2080.98 145359 -1777.08 144522
-1437.55 144522 -1017.88 143620
-1006.75 143575 -1098.03 143431
-1162.59 141794 -908.786 141260
-77.2289 142268 -77.2289 142268
573.99 141140 -258.68 140628
-1600.08 139022 -1983.02 138546
-850.899 135162 -1554.44 134625
-3669.51 134694 -3672.85 134654
-3683.98 133356 -4157.09 132483
-4184.92 132357 -4724.82 131542
-4758.21 131085 -4741.52 130135
-7092.58 130050 -7120.41 130112
-9489.29 130306 -9489.29 130306
-10499 127596 -10457.8 126940
-10960.9 126477 -10960.9 126477
-12019.6 123752 -12665.2 124030
-12965.8 124201 -13530.2 124261
-13981 124313 -14097.9 124228
-14128 123217 -14122.4 123228
-13023.7 123222 -12077.5 123544
-11481.9 123311 -11248.1 123395
-11151.3 124313 -10599.1 124230
-10281.9 125475 -11166.9 125633
-11284.9 125755 -10981 126706
-11008.8 126873 -10539 127741
-8122.29 134182 -8122.29 134182
-7688.14 137720 -7688.14 137720
-7799.46 139218 -8173.5 139323
-11713.5 139425 -12489.4 139463
-12925.7 139445 -12925.7 139445
-14484.2 139668 -14484.2 139668
-15719.8 140576 -15806.7 140939
-15591.8 149598 -15586.3 150577
-15581.8 156072 -15581.8 156072
-15598.5 157570 -15530.6 157301
-15497.2 155322 -15536.2 154340
-15539.5 154269 -15536.2 153305
-15533.9 153229 -15653.1 152884
-15575.1 148540 -15370.3 148246
-14559.9 148217 -13860.8 148286
-13858.6 149192 -12892.3 149420
-12867.8 149420 -12879 150377
-12879 151145 -12873.4 151975
-12782.1 152766 -11918.3 153244
-11921.6 153345 -12828.9 153656
-12837.8 153819 -13502.4 153984
-13476.8 154921 -13476.8 155878
-13500.1 155934 -13415.5 155208
-12185.4 155104 -12185.4 155104
-10477.8 154847 -10477.8 154847
-8782.41 154603 -8431.76 154629
-8476.28 153619 -9441.42 153634
-9478.16 153650 -9670.74 152977
-9680.76 152481 -9680.76 153273
-9684.1 153601 -9708.59 154496
-9695.23 154614 -9714.16 154629
-11192.5 154952 -11383.9 155800
-11417.3 156257 -11982.8 156889
-11979.5 157136 -12333.5 157913
-12648.5 157920 -13541.3 157958
-15610.8 146378 -15610.8 146378
-13678.2 157982 -13761.7 158477
-13739.5 159363 -13730.6 159612
-12678.6 159567 -12670.8 160398
-12697.5 160981 -12723.1 161556
-10029.2 161531 -10029.2 161531
-8576.47 161215 -7847.33 161108
-5367.13 160877 -5554.15 159973
-5554.15 159746 -5706.66 158759
-5732.26 157682 -4945.23 157196
-4240.58 157141 -4188.26 157069
-4227.22 155170 -3530.36 155471
-3485.83 155894 -3485.83 155894
-3405.68 157412 -3297.7 157991
-3222 160954 -3214.21 161349
-3219.78 162195 -3837.6 162978
-3981.2 162978 -4064.69 162054
-4068.03 161923 -4081.39 161587
-4099.2 160525 -3210.87 160431
-3222 159984 -3222 159984
-3238.7 158906 -3268.76 158127
-3381.19 157490 -3480.27 156680
-3483.61 156491 -3875.45 156039
-3882.13 155493 -3430.17 156099
-2607.52 155976 -2581.92 155972
-1340.71 155950 -675.015 156228
-626.034 156951 -626.034 156951
-552.563 158249 382.521 157942
403.671 157947 1147.29 157982
1779.58 157993 2336.18 158795
2336.18 158828 3030.81 159006
3030.81 158069 3034.15 157085
3041.94 156088 3078.68 156079
3067.55 154892 3073.11 154603
3080.91 153723 3089.81 152806
3117.64 152269 3142.13 152726
7735.17 152737 7735.17 152737
9969.36 152461 10579.4 152855
13915.6 152287 14096 151379
14329.7 150110 14581.3 150076
14836.2 149141 14836.2 149141
12680 149077 12680 149077
11535.6 149126 11491.1 149115
8728.14 149253 7874.32 148741
7859.85 148725 7509.19 148754
7498.06 146770 7498.06 146770
7500.29 145541 7451.31 144550
7167.44 144501 7160.76 143911
6557.41 142046 6326.98 141467
5964.08 140503 6093.21 140944
6357.04 141516 6574.11 142135
6774.49 142654 7033.86 142607
6403.79 141578 6403.79 141578
5920.67 139256 5496.54 140124
5463.14 140164 4831.96 140249
4447.91 139724 4431.21 139641
4417.85 138421 4477.96 137682
4383.34 134984 4238.63 134650
7631.65 128142 7631.65 128142
8856.16 124497 8388.62 124475
6983.77 124606 6997.12 124635
8761.54 124473 8836.12 124513
5252.75 132617 5252.75 132617
4234.17 134581 3646.41 133904
3064.21 133169 2775.89 133842
3260.13 134480 3670.9 135155
2234.88 138101 1726.15 138016
-1277.25 134688 -2231.26 134621
-2906.97 134654 -2802.33 134543
-2912.54 132521 -3687.32 132577
-4070.26 134721 -4316.28 134777
-10721.6 135122 -10778.4 135240
-10747.2 141173 -10747.2 141173
-10468.9 144001 -10494.5 144878
-10550.2 145129 -10550.2 145129
-10433.3 151023 -10433.3 151023
-10426.6 154565 -11261.5 155081
-11309.4 155233 -11309.4 155233
-11306 156811 -11306 156811
-11270.4 159378 -11117.9 158859
-11151.3 158305 -10166.1 158236
-10171.7 156925 -10140.5 156896
-8550.87 156918 -8422.85 156833
-8431.76 155756 -8417.29 155108
-8428.42 154658 -8428.42 154658
-8448.45 153345 -8209.12 152939
-4466.56 152744 -4466.56 152744
-1543.31 152683 -1596.74 152873
-1856.11 143615 -1669.1 143520
-570.374 143464 -444.583 143337
2258.25 138488 2247.12 138717
579.556 136491 752.101 135879
768.799 135139 1689.41 134821
2021.14 135255 2438.59 135794
2965.13 136509 2965.13 136509
4378.89 152505 4980.02 152750
9921.49 152454 10848.8 152554
11108.2 152505 11108.2 152505
14021.4 152272 14021.4 152272
16734.2 152483 16919 151597
17792.9 151564 17778.4 151586
20798.5 150417 20798.5 150417
21563.3 149411 21843.8 149460
29698.5 149210 29698.5 149210
35102 146639 35102 146639
36383.2 145608 36383.2 145608
39170.7 144766 39170.7 144766
38834.5 142921 39797.4 142698
40512.1 142674 40546.6 143566
40571.1 144012 40604.5 144684
44253.5 144123 44253.5 144123
53202.5 142041 53202.5 142041
61961.1 138666 61961.1 138666
69850.3 135084 70588.4 134906
72834.8 134349 72814.8 134120
72628.9 132588 72631.1 132584
72082.3 128465 72082.3 128465
71242.9 125953 71242.9 125953
70991.4 123449 70991.4 123449
70291.2 121915 70291.2 121915
72845.9 113114 72845.9 113114
73902.4 109797 73902.4 109797
73842.3 105911 73842.3 105911
74395.5 98390.7 74395.5 98390.7
74381 96144.3 74844.1 95264.9
74870.8 95247 75277.2 95207
75267.1 93510.5 75295 93494.9
78625.7 93503.8 78653.5 93394.7
78934 90044 79363.7 89209.1
79360.4 89075.5 79368.2 89084.4
82332.6 88512.2 82763.4 88316.3
83370.1 87650.6 84016.9 87392.3
84650.3 87459.1 84650.3 87606.1
84717.1 90333.4 84683.7 89741.2
84703.7 89064.4 84703.7 89064.4
84648 87721.8 83798.7 87670.6
83621.7 87599.4 83509.2 87648.4
82553 88623.5 81820.5 88835
81633.5 89031 81609 89053.2
79886.9 89585.3 79109.9 89970.5
78957.4 90015 78917.3 90099.6
78645.7 95351.7 78280.6 95977.3
77629.3 96293.4 77618.2 96331.3
76800 97402.2 76792.2 97406.6
76121 98775.9 76079.8 98782.6
74398.8 98809.3 74403.3 99216.7
74398.8 99811.1 74150.6 99699.8
73591.8 98871.6 74401.1 98771.4
74382.2 98079 74367.7 98793.7
73590.7 98813.7 73560.6 99804.5
73582.9 100864 73574 100846
73574 99844.5 73558.4 98853.8
73577.3 98838.2 74397.7 98782.6
74381 98036.7 74885.3 97235.2
75041.2 97028.2 75978.5 97112.8
76168.8 97005.9 76658.6 97001.4
77180.7 96950.2 77180.7 96950.2
77833.1 96088.6 78672.4 95547.6
78684.7 95525.3 78684.7 95525.3
78625.7 93670.8 78625.7 93670.8
78926.2 90064 78917.3 90088.5
78594.5 94775 78651.3 95563.2
78433.1 95843.7 77770.7 96130.9
76618.6 97636 76475 97974.4
76121 98791.5 75853.8 99388.1
75675.7 99766.6 74687.2 99800
74529.1 99815.6 73635.2 99837.9
73407 99833.4 73340.2 99833.4
71987.7 99849 71642.6 99871.3
69137.9 99911.3 69137.9 99911.3
62369.7 100835 61488 100909
55894.2 98486.4 55896.4 98482
51215.5 98012.2 51215.5 98012.2
44892.5 98152.5 44892.5 98156.9
43474.3 98337.3 42734 98626.7
36049.3 100486 36049.3 100486
34383.9 101710 34005.5 102294
32398 104415 31702.3 104798
30421 104916 30421 104916
27960.8 104248 27329.6 104805
26330 106263 25902.5 106439
24999.7 106441 24975.2 106439
18362.8 105996 18170.3 105996
15353.9 105940 15192.5 106401
15405.1 107443 15405.1 107443
15470.8 109040 15162.4 109122
15387.3 112219 14619.2 112486
14814 114022 15276 114739
15388.4 115155 15388.4 115155
15474.1 120628 15214.7 120200
13568.3 124039 13568.3 124039
7180.8 129500 7180.8 129500
3939.18 135295 4411.17 134937
6448.32 134855 6284.68 134895
5269.45 134915 4384.46 134988
4405.61 137319 4054.95 137931
3665.33 138666 3521.73 139512
3243.43 139980 2942.87 139741
4097.25 141478 4097.25 141478
4356.63 142484 4356.63 142484
4401.15 150869 4401.15 150869
4373.32 152336 3471.64 152692
3440.47 152788 3098.72 151969
3114.3 151241 3117.64 151207
3115.41 150090 3126.55 149575
3125.43 148763 3126.55 148707
3164.39 147051 3570.71 147534
4378.89 147507 4400.04 147534
4372.21 152194 4069.42 153011
3961.44 153162 3818.95 153244
-692.826 153772 -845.333 154306
-806.372 155894 -864.258 155921
-2407.15 155927 -2407.15 155927
-3427.95 156016 -2952.61 155153
-2852.42 155126 -2774.5 155932
-3346.68 156021 -3594.92 155104
-3583.79 155048 -3500.3 155722
-3430.17 157441 -3366.72 157664
-3255.4 160436 -4020.17 160681
-9241.05 161242 -9598.38 160836
-9619.54 159507 -9634.01 158539
-9641.8 158461 -9650.71 157479
-9664.06 157423 -9659.61 157170
-9661.84 156056 -9675.2 155509
-9665.18 154903 -9658.5 154752
-9676.31 153656 -9676.31 153029
-9670.74 152450 -9238.82 151898
-8621 151924 -8782.41 152372
-10499 152588 -10485.6 153316
-10454.4 154184 -10697.1 154847
-10424.4 155749 -10411 156161
-10427.7 156836 -11301.6 156557
-11262.6 161255 -10938.7 161556
-4365.26 175660 -3689.55 176114
-3509.21 177167 -3491.4 177372
-3368.95 178331 -3366.72 178298
-3469.13 177216 -3548.17 176537
-3583.79 176176 -2938.14 175994
-1115.84 175682 -764.07 175687
41.8829 175390 666.385 175148
615.178 174250 615.178 174250
457.105 171405 206.636 171018
-218.605 170165 -218.605 170165
-366.66 167856 -353.301 166959
-386.697 166643 -392.263 166632
-519.167 165227 -519.167 165227
-520.281 163742 45.2225 163479
916.854 162183 1601.47 161654
1948.79 161642 1837.47 160881
1292 160874 1071.59 161816
97.5427 163352 -264.246 163608
-2496.2 163780 -2988.23 163893
-3687.32 164047 -4032.41 163464
-4032.41 163001 -4032.41 163613
-4029.07 164020 -4048 164042
-6999.07 164047 -7071.43 164160
-5550.81 163515 -5899.24 163782
-7031.36 165779 -7051.4 165133
-7053.62 164165 -6416.87 163771
-6240.99 163259 -5589.77 164005
-5509.62 163947 -5479.56 163947
-585.959 157412 64.1468 157987
61.9204 158550 61.9204 158550
65.26 159774 78.6183 159029
80.8447 157987 900.156 157969
1108.32 157982 1275.3 157107
1284.21 156088 1300.91 155656
1345.43 153538 1345.43 153538
4623.79 152799 4642.72 152410
4422.3 142498 4442.34 142480
5597.84 142498 5624.56 142562
6559.64 142097 6338.11 141478
5975.21 140543 5975.21 140543
5903.97 138512 6621.98 138288
7555.95 137181 7386.74 136502
7111.78 135563 7127.37 135618
7378.95 136847 7523.67 137230
6331.43 138488 5529.93 138484
4500.23 138466 4406.72 138762
4425.64 139713 5266.11 140158
5316.2 140205 5930.68 140136
5897.29 139125 5900.63 138401
5880.59 137437 5457.58 136569
4422.3 136609 4411.17 136587
-18591.9 139690 -19318.8 139091
-19348.9 138944 -19249.8 138735
-17877.2 136996 -17545.5 136317
-17234.9 135968 -16619.3 135741
-15619.7 135583 -14930.6 135545
-9759.8 131942 -9759.8 131942
-10816.2 132023 -10788.4 132060
-9542.73 131954 -8952.73 131965
-8038.8 134781 -8038.8 134781
-7756.05 138717 -7320.79 139379
-5802.39 139289 -5756.75 139267
-3797.53 139174 -3135.18 139145
-2412.71 139085 -1532.17 139145
-726.222 140136 -641.619 140220
1033.74 142442 1088.29 142386
1737.28 141193 1885.33 140948
2752.51 139352 2752.51 139352
4280.93 136624 4225.27 135707
4206.35 135445 4386.68 135340
4395.59 136540 4395.59 136540
4412.29 138265 4514.7 138461
5468.71 138495 5898.4 138546
5911.76 139724 5900.63 139196
5897.29 138584 5913.99 138423
5895.06 137453 5887.27 137508
5887.27 138477 5841.63 138499
4492.44 138446 4423.42 137493
4423.42 136731 4305.42 136551
3793.35 135890 3655.31 135701
4133.99 134821 4133.99 134821
4770.73 133675 4770.73 133675
8021.26 126955 8069.13 126701
6655.37 126933 6830.15 126935
8071.36 126728 8080.26 126744
7390.08 128792 7211.97 129696
6065.38 131771 6431.62 132121
7078.39 132087 7083.95 132127
7144.07 133370 7111.78 133463
6713.26 134427 6691 134750
7116.24 135629 7116.24 135629
7406.78 136791 7518.1 137219
6540.71 138334 5892.84 138517
5920.67 139207 5931.8 140169
5931.8 140227 5002.28 140494
4965.54 140538 4622.68 141240
4239.74 141538 4161.82 141672
4375.55 152303 4216.36 152614
2909.47 152650 2909.47 152650
-1676.89 152594 -1961.87 153389
-2337.01 153394 -2345.92 152688
-1179.29 152655 -1633.48 152361
-1593.4 154253 -1253.88 154988
-1212.69 155682 -1678 155932
-2457.24 155927 -3436.85 156039
-3697.34 156032 -4132.6 156068
-5465.09 156299 -5763.43 156433
-8278.14 156891 -9141.98 156874
-10109.3 156862 -10407.7 156168
-10409.9 155620 -9678.54 155420
-9642.91 154703 -9058.49 154625
-8548.64 154640 -8448.45 155437
-8478.51 156847 -9130.84 156840
-9514.9 156900 -10132.7 156867
-10786.2 156807 -10814 156624
-10827.4 154885 -10905.3 153908
-10880.8 153556 -10853 152984
-10850.7 152403 -10811.8 151481
-10802.9 151334 -10756.1 150711
-10808.4 149912 -10845.2 149233
-12901.2 149366 -12901.2 149366
-14301.6 149221 -14301.6 149221
-15472.7 149110 -15603 149342
-15586.3 151330 -15570.7 151419
-15541.7 155259 -15541.7 155259
-15759.9 140737 -15597.4 140481
-14223.7 139574 -14223.7 139574
-3645.02 139178 -3645.02 139178
-12480.4 93247.7 -12480.4 93247.7
-11156.9 94596.9 -10989.9 95129
-10711.6 91355.3 -10711.6 91355.3
-10340.9 81002.6 -10340.9 81002.6
-11092.3 90823.2 -11092.3 90823.2
-11184.7 101069 -11184.7 101069
-10165 104725 -10165 104725
-7125.98 102594 -6168.63 102839
-7418.75 100920 -6759.74 101258
-6569.38 101621 -6018.35 101911
-9767.59 90709.7 -9767.59 90709.7
1939.88 131922 2402.97 132334
2755.85 132857 2755.85 132857
3615.24 133893 4336.59 134487
6620.86 130246 7069.48 129467
8863.95 124495 8863.95 124495
10262.1 119822 10262.1 119822
11630.2 117852 11646.9 117796
11808.4 116335 11819.5 116164
11948.6 114746 12023.2 114142
13442.5 114367 13114.1 114272
13142 113330 13088.5 114316
12012.1 114138 11906.3 115011
11714.8 117384 11741.6 117348
11842.9 116157 11859.6 116093
11997.6 114167 11997.6 114167
12904.9 106452 13379.1 106049
17930.9 106001 17930.9 106001
24432 106361 24858.3 106452
25573 106464 26297.7 106301
26676.2 105927 26676.2 105927
27805 104346 28223.5 104204
32172 104587 32172 104587
33249.6 103558 33249.6 103558
33934.2 102445 33934.2 102445
34904.9 101196 34904.9 101196
37958.4 99510.6 37958.4 99510.6
40490.9 99009.6 41383.7 98905
45068.4 98136.9 45068.4 98136.9
52788.4 98136.9 52788.4 98136.9
60733.3 100561 60733.3 100561
61892.1 100958 61892.1 100958
69580.9 99915.8 69580.9 99915.8
71731.6 99895.7 71913.1 99993.7
74393.3 99840.1 74395.5 99849
75597.8 99817.8 75689 99766.6
76087.6 98876.1 76089.8 98860.5
76675.3 97566.9 76675.3 97566.9
77843.1 96081.9 78679.1 95536.5
78683.5 95498.6 78683.5 95498.6
78926.2 90077.4 78909.5 90126.3
78609 95073.4 78647.9 95563.2
78216 95999.6 77768.5 96126.5
76146.6 98720.2 76146.6 98720.2
75653.4 99795.6 74890.9 99817.8
73608.5 99844.5 72984 99851.2
71974.3 99849 71879.7 100219
72625.5 98401.8 73519.4 98052.3
73560.6 99739.9 73594 100635
74554.7 100586 74874.2 99844.5
81922.9 99784.4 81939.6 99737.7
82026.5 94775 82029.8 94768.4
81662.4 89273.6 81595.7 89068.8
80126.2 89576.4 79404.9 89565.3
81627.9 89064.4 81616.8 89042.1
79869.1 89574.2 78984.1 89954.9
78918.4 90059.6 78074.6 90349
78054.6 90898.9 78024.5 91856.3
78024.5 91929.7 78759.2 91845.1
78629 95247 78222.7 96004
77749.6 96148.7 77749.6 96148.7
76590.7 97691.6 76434.9 97990
75172.5 98007.8 75954 98007.8
76471.6 97992.2 76491.7 97963.2
77809.7 96108.7 78338.4 95948.4
78673.5 95536.5 78673.5 95536.5
78920.6 90075.1 78911.7 90115.2
78606.7 95124.6 78255 95992.9
77710.6 96193.3 77710.6 96193.3
76874.6 97290.9 76491.7 97934.3
76121 98775.9 76074.2 98880.5
75653.4 99793.3 74859.7 99866.8
74941 101463 74948.8 100869
74879.8 100016 74831.9 99815.6
73686.4 99833.4 73568.4 99773.3
73549.5 98842.7 73126.5 98809.3
72456.3 98787 72622.2 98067.9
73440.4 98045.6 74339.9 98034.5
74804.1 98012.2 74804.1 98012.2
76469.4 97981 76482.8 97958.8
77080.5 97050.4 77080.5 97050.4
77863.1 96070.8 78672.4 95485.3
78690.2 92660 78690.2 92660
78918.4 90075.1 79360.4 89231.3
91950.6 212088 91950.6 212088
109625 367653 109625 367653
85485.2 159345 85485.2 159345
82677.7 135155 82677.7 135155
81885.1 36566.1 81885.1 36566.1
83278.8 19823.6 83278.8 19823.6
79379.3 89042.1 79379.3 89042.1
