3163.28 142322 2723.57 145837
1323.17 144522 -1804.91 144947
-1032.35 143658 -299.868 140579
-412.301 140414 -1079.1 139603
-4394.2 139140 -7451.03 139307
-7901.88 142293 -8785.75 145477
-10142.7 146759 -11208.1 147077
-11796.9 146401 -4689.2 142150
-4466.56 140699 -3297.7 134676
-4712.57 134799 -6965.68 136640
-7169.39 137402 -8910.43 136268
-8933.81 138276 -8967.2 139372
-10692.7 139430 -14241.5 140262
-14142.4 141761 -15683.1 142825
-16203 144575 -18837.9 143112
-19465.7 140369 -19521.4 143439
-19422.3 141391 -16627.1 135500
-17222.7 133345 -17384.1 126873
-15295.7 126432 -15902.4 123237
-16375.5 124555 -18601.9 127465
-17952.9 131461 -15559.5 149019
-16573.7 148513 -15700.9 149017
-16430.1 149150 -18475 149522
-18556.3 151918 -19471.3 152755
-19469.1 150288 -20476.5 138935
-21447.2 138170 -18062 141146
-17266.1 143858 -17700.2 149092
-18351.4 149043 -17548.8 152884
-17331.8 152882 -17258.3 156190
-18551.8 154734 -17387.4 149587
-18558.5 150257 -18817.9 154335
-17529.9 152873 -2891.39 152977
-1740.34 148333 -13760.8 151843
-12734.3 151381 -8757.92 152510
-10414.4 154137 -11394 162731
-17979.6 170205 -19478 163530
-18509.5 166703 -15226.7 161520
-15428.2 159648 -14496.4 155199
-14190.3 155177 -16797.4 157871
-17252.7 156936 -6515.95 154264
-6342.29 152868 -3319.9 153796
-2958.18 152701 -1708.06 149618
-1721.42 147002 -9671.86 147280
-10572.4 141756 -10435.5 143600
-10149.4 136340 -10228.5 135106
-11717.9 135195 -16870.9 135600
-18148.8 137393 -19904.3 154986
-21390.5 155130 -22188.6 156767
-23846.2 155930 -18751.1 154518
-19571.5 152995 -19446.8 141002
-16628.2 135509 -18334.7 127303
-15560.7 126465 -13775.1 121396
-14119.1 123738 -15222.2 126359
-18241.2 127196 -17236 133352
-19528.1 139866 -19619.4 153503
-21949.3 155259 -22466.9 162969
-18547.4 165857 -18423.8 170508
-18211.2 167912 -19573.7 155422
-21953.7 156533 -22639.5 156787
-21967.1 156822 -19371.1 158802
-18072 169248 -17799.3 169840
-18374.8 167153 -19589.3 156568
-21854.7 155128 -23212.8 156818
-22127.4 156856 -20602.3 152819
-19631.6 154315 -18775.6 154413
-19637.2 154451 -21431.6 155465
-20648 155852 -16774 152826
-15557.3 150192 -14086.8 142669
-13904.2 145060 -15719.8 144971
-15584 149103 -16474.6 154905
-16414.5 152857 -19564.8 152710
-18854.6 150566 -14852.7 152285
-16297.6 152826 -18550.7 154004
-18561.8 152966 -14053.4 152846
-13476.8 154634 -13379.9 152868
-11342.8 152875 1303.13 152138
1283.1 147785 1926.53 142825
3165.51 142322 -1214.91 145312
-543.658 143495 1059.34 142353
-204.133 141400 -408.961 140398
-2301.39 139029 -11849.3 139443
-15627.4 143502 -16560.3 149159
-18596.3 150470 -18813.4 154456
-20658 155593 -20758.2 156119
-20637.9 155217 -18810.1 154449
-20648 155132 -21455 160663
-22320 162123 -23140.4 163426
-20093.6 160937 -19278.7 160177
-19550.3 151593 -17723 150538
-18565.2 153244 -18792.3 154424
