-10249.6 158131 -10411 153000
-7796.12 136197 -7796.12 136197
-7817.27 135999 -7817.27 135999
-6971.25 136344 -7798.35 139169
-8948.28 138800 -9409.14 137511
-11943.9 137377 -10789.5 135534
-11576.5 137466 -11576.5 137466
-11596.6 137464 -16847.5 140699
-17030.1 139305 -22603.8 139236
-19912.1 138969 -19597.1 151711
-20946.3 156784 -20946.3 156784
-21045.4 156350 -18396 137862
-17148.1 140563 -17148.1 140563
-16933.2 140374 -15495 145111
-10952 145648 -10952 145648
-10429.9 145572 -10429.9 145572
-10188.4 145437 -10802.9 149780
-9288.92 151657 -9288.92 151657
-9290.03 151673 -9290.03 151673
-8784.64 152305 -7864.03 154598
-5755.64 154498 -2751.12 155068
-3494.74 155965 -3494.74 155965
-3486.94 156811 -5733.37 158096
-5606.47 163916 -5518.53 167257
-5150.06 162275 -3626.09 162983
-4351.9 164076 -9218.79 164356
-10096 165821 -10096 165821
-10097.1 166062 -10097.1 166062
-10118.2 166376 -6891.09 164105
-4035.75 164116 -4035.75 164116
-3122.93 164145 -1188.2 161168
-2167.81 160975 -8174.61 161057
-8417.29 157236 -8691.13 152870
-8456.25 152603 -8456.25 152603
-8232.49 152512 -8232.49 152512
-8221.36 152358 -6770.87 149567
-5487.36 149306 -233.076 149391
1273.08 151054 774.365 163292
-18188.9 140790 -18188.9 140790
-18404.9 141703 -19962.2 141861
-18098.7 144110 -17018.9 144103
-15611.9 145877 -15611.9 145877
-15607.4 145875 -15607.4 145875
-15595.2 146285 -10795.1 146514
-10402.1 151488 -10402.1 151488
-10090.4 152345 -8744.56 152548
-8420.62 155996 -15955.8 151575
-16012.6 151704 -16012.6 151704
-16666.1 151588 -18561.8 151670
-17596.7 147296 -16431.2 149090
-15550.6 145817 -15550.6 145817
-15633 145835 -15633 145835
-15613 146194 -5980.5 143613
-1247.2 145363 6289.13 147447
7301.03 149375 7301.03 149375
8137.04 149201 22298 148099
23958.9 149348 26371.2 147046
25816.8 149028 23249.8 147318
24669.1 139145 23855.3 118341
32627.3 117881 52586.9 113421
50910.4 114777 34468.5 117769
25272.4 125573 24429.8 135260
18848.2 135131 10838.8 138724
10580.5 141431 10580.5 141431
10586.1 141429 10586.1 141429
10758.6 141431 10393.5 148300
8546.69 149179 5574.46 152677
2558.82 148643 2558.82 148643
2536.55 147658 2536.55 147658
2161.41 147819 2161.41 147819
2028.94 147881 1528 161687
1974.39 161182 1328.74 153118
2598.89 151552 2598.89 151552
2804.83 151528 2804.83 151528
2165.86 151650 1298.68 146356
-563.695 145109 -1566.68 145537
-1661.31 147033 1909.82 146988
2547.68 148847 2547.68 148847
2549.91 148850 2549.91 148850
2569.95 148883 2569.95 148883
2539.89 148887 2539.89 148887
2582.19 148863 2582.19 148863
2556.59 148874 2556.59 148874
2554.36 148876 2554.36 148876
2552.14 148758 2657.89 144350
609.612 145321 -1415.29 148342
-140.681 149197 1119.46 151477
45.2225 150947 448.199 149197
1876.43 149253 1876.43 149253
1457.87 149339 1457.87 149339
1238.57 149511 254.503 150931
0.694696 149607 1522.43 144001
97.5427 145341 -1804.91 145385
-1768.17 149420 -2968.2 152557
-5142.27 152766 -9527.14 152864
-10424.4 150335 -10504.5 147322
-12487.1 145986 -19636.1 140400
-19414.5 139690 -14840.4 135462
-8359.4 135086 -7704.84 133572
-6986.83 136023 -4721.48 134881
-4221.65 135990 -4221.65 135990
-4144.84 135992 -2180.05 135937
330.2 130615 1853.05 135758
768.799 134723 768.799 134723
765.46 133890 765.46 133890
779.931 134730 1414.45 132147
-274.264 133485 -14408.5 135429
-18207.8 138664 -18463.9 141260
-16660.5 141267 -10340.9 135204
-9408.03 137261 -6997.96 137424
-4951.91 134906 -3993.45 139200
-3661.72 135992 -3637.23 131437
-3652.81 137662 -3652.81 137662
-3655.04 137662 -3655.04 137662
-3656.15 137660 -3656.15 137660
-4167.11 137715 -4428.71 136010
-5398.3 138308 -4979.74 147053
-6313.35 148438 -6313.35 148438
-6256.57 148226 -4895.14 145428
-2880.25 145390 -1487.65 146717
-1706.95 151541 -554.79 157775
-4112.56 160676 -4112.56 160676
-4096.98 161360 -3321.08 162208
-1810.47 158710 -1810.47 158710
-1226.05 158011 -718.429 151717
-46.0595 151539 2397.4 143183
4296.51 141471 -228.623 133378
3136.56 131795 3136.56 131795
3519.5 131860 2224.86 129411
1627.07 131143 581.782 136380
4347.72 142355 2892.78 151588
2414.1 152042 5541.07 152717
52305.3 113624 52305.3 113624
52307.5 113624 52307.5 113624
52308.6 113626 52308.6 113626
52309.7 113626 52309.7 113626
52308.6 113628 52308.6 113628
52309.7 113628 52309.7 113628
52308.6 113628 52308.6 113628
52307.5 113628 52307.5 113628
52307.5 113626 52307.5 113626
52306.4 113626 52306.4 113626
52306.4 113628 52306.4 113628
52307.5 113628 52307.5 113628
52583.6 113417 52583.6 113417
52584.7 113417 52584.7 113417
52491.2 113287 55663.8 103175
52652.6 109394 43397.5 116042
35739.8 117197 28521.9 118455
24170.4 122353 25182.3 132250
21704.7 135202 2930.62 139690
2360.67 142863 1985.52 148823
3554.01 149426 4388.91 150486
-3707.36 149099 3117.64 149179
2711.32 144958 989.212 143638
706.46 144762 836.704 151170
-953.313 151575 -623.808 148520
-53.8519 148513 4344.38 151049
6805.66 150911 9625.38 150132
8466.54 148738 8466.54 148738
8460.98 148741 8460.98 148741
8269.51 148736 2696.85 149368
1348.77 147287 -1560 146877
-1252.76 145900 -1252.76 145900
-1163.71 146645 -1163.71 146645
-1246.08 145775 -1246.08 145775
-637.166 145846 765.46 156025
-3217.55 156012 -3217.55 156012
-3484.72 155346 -6421.33 154480
-7237.3 156842 -6108.52 158470
-4290.67 157138 -3961.17 152178
-2545.18 155115 -1711.4 155898
-2822.37 153460 -2018.64 149135
-1286.16 149141 1185.13 152590
22.9586 150657 1313.15 144873
3720.99 141968 4449.02 134552
11247.3 126076 15056.7 121492
15868.2 114418 13534.9 117680
11834 117696 6833.49 126566
3769.97 127394 3769.97 127394
3272.37 127432 2065.67 127637
1477.9 130382 2499.82 135761
2579.97 133276 2579.97 133276
2579.97 133274 2579.97 133274
2581.08 133256 2581.08 133256
2591.1 133249 2591.1 133249
2586.65 133247 2586.65 133247
2602.23 133249 2602.23 133249
2771.44 132958 4303.19 134688
366.936 141460 366.936 141460
118.693 141075 118.693 141075
-394.489 141739 -394.489 141739
-454.602 141870 1277.53 144199
1284.21 151165 1270.85 154525
-3867.66 164029 -3867.66 164029
-4443.18 164684 -4443.18 164684
-4054.67 164118 1218.53 159906
1275.3 149248 15872.6 114370
13363.5 118165 4933.26 127278
5052.37 129415 2595.55 135981
4372.21 138285 4372.21 138285
4100.59 137943 4100.59 137943
3759.95 138677 -1030.12 143658
-3763.02 143653 -3763.02 143653
-3749.66 144007 -4226.11 145372
-3835.37 143586 -3120.15 132191
-3661.72 132984 -3662.83 131337
-4682.52 132535 -4727.04 130253
-4763.78 134946 -3888.81 137259
-3709.58 136117 -3621.64 139058
-4802.74 139147 -5792.37 138791
-5726.69 139180 -15334.7 136950
-15567.3 137341 -15567.3 137341
-15560.7 137332 -15560.7 137332
-15135.4 136495 -14061.2 135502
-12925.7 139361 -14115.7 141625
-2893.61 139089 498.293 159828
-514.715 157924 -3061.7 157325
-3090.65 142500 -2098.79 140418
-1787.1 144208 -2814.58 140249
-1486.53 140461 -2807.9 134788
555.066 136518 2565.5 130426
5273.9 132497 52582.5 113421
42492.5 116262 25253.5 125368
23599.3 135324 11034.7 138688
10808.7 145036 8551.14 149177
7130.71 147527 3448.26 153293
1348.77 152897 3098.72 151178
2198.14 149495 2198.14 149495
2175.88 149397 1309.81 147057
-986.709 146988 -2274.68 144624
-1726.98 151183 -1726.98 151183
-1485.42 151568 2556.59 148881
1940.99 147910 2436.37 143417
4434.55 141367 8889.56 141407
8981.95 140759 10188.7 138929
10599.4 141445 10599.4 141445
10757.5 141465 6857.98 152737
12533 149079 5.14748 149874
1.80789 150965 1.80789 150965
27.4114 150713 -1909.55 145007
1130.59 145325 2426.35 152151
-210.812 152626 -5977.16 152819
-7247.32 154476 -7870.71 155429
-7306.32 156791 2676.82 156039
3008.55 157811 1259.72 159636
729.837 158557 729.837 158557
66.3732 158933 66.3732 158933
78.6183 159670 -1827.17 145563
-6052.86 143604 -9890.04 141467
-8922.68 137511 -8592.06 135115
-4196.05 135157 -4196.05 135157
-3756.34 135957 -3756.34 135957
-3682.87 135302 -4160.43 132481
-3695.11 135830 747.648 135863
1424.47 133833 1949.9 130851
-119.53 127541 -1844.98 123469
9.60025 127561 1894.24 130239
838.93 132604 1965.48 132811
2488.69 134233 -1206.01 140033
-378.905 141449 852.289 143729
2076.8 143963 2076.8 143963
2067.9 144205 2394.06 152470
3873.5 151058 7267.63 149357
7245.37 146757 7245.37 146757
7422.37 146881 7422.37 146881
6965.96 147311 7465.78 145499
5143.66 145461 10819.8 144234
10826.5 141235 9160.06 137105
5509.9 138374 1905.37 132078
1789.6 134728 1789.6 134728
2467.53 134193 -7639.16 134975
-10820.7 132644 -12300.1 131871
-9200.97 131965 -4148.18 130177
-3700.68 135086 -8840.3 141618
-8951.62 137030 -8973.88 135538
-7887.4 136907 -4076.94 134850
-3636.11 132332 -3223.12 114988
12288.1 109487 14409.9 105978
19904.6 106049 24745.9 106424
29713 109567 36240.8 112248
36571.4 117317 52496.7 113466
50391.7 114853 27526.7 118419
24236.1 123101 11710.4 126009
13036.2 132550 10820.9 142680
8890.67 145993 8898.46 147972
7471.35 147249 7471.35 147249
7528.12 147732 7528.12 147732
7502.52 147721 7502.52 147721
7500.29 147723 7500.29 147723
7506.97 147997 5865.01 150936
5775.95 150942 697.555 170532
2396.29 168041 2396.29 168041
1864.18 167565 3772.2 166380
3117.64 164793 -1414.18 162887
-644.958 160469 -991.162 147024
1226.32 147080 1255.27 148667
1880.88 147394 2171.42 150767
3122.09 149544 3122.09 149544
2171.42 149466 2533.21 147783
2533.21 149357 2533.21 149357
2860.49 149411 4415.63 156858
2345.08 168437 -5328.17 169511
-5359.34 173839 -5844.69 178746
-5278.08 175219 -5278.08 175219
-5389.4 175001 -5389.4 175001
-5378.26 174965 -5842.47 178808
-5309.25 175747 -5399.41 171096
-9990.23 169827 -15541.7 155765
-14411.8 155288 -11919.4 155066
-12116.4 156880 -10386.5 154162
-2439.43 152532 -519.167 149319
-1785.98 145773 -1027.9 139817
-1244.97 142320 -717.316 127788
-3943.35 126069 -4723.7 143460
-6069.56 143244 -11208.1 124023
-10938.7 128068 -15421.5 145250
-14959.5 145699 -14504.2 147919
-12984.7 148208 -11486.4 149264
-13776.2 149266 -14460.8 137544
-15618.5 144818 -15978.1 144835
-13688.3 139570 -12488.2 137531
-9725.29 137475 -8575.36 135881
-9382.43 137455 -9382.43 137455
-9421.39 138270 -9421.39 138270
-9418.05 138270 -9418.05 138270
-9405.8 138479 -8075.53 135104
-11225.9 125749 -11995.1 132913
-11190.3 130553 -11190.3 130553
-11045.5 130546 -11401.8 132076
-9356.82 133659 -10588 139468
-8749.02 143126 -8963.86 146775
-11148 145621 -15575.1 143678
-15759.9 140752 -16071.6 135814
-18391.5 136083 -11327.2 135271
-10671.5 141536 -7731.56 136798
-10381 127957 -11004.4 124869
-10929.8 128536 -11348.3 133768
-12616.3 133826 -12616.3 133826
-12787.7 133830 -16874.2 140302
-16869.8 135491 -17508.7 136255
-15960.3 135587 -15960.3 135587
-15822.3 135994 -14429.7 129226
-14901.6 135451 -14673.4 136495
-12484.9 137635 -12484.9 137635
-12422.6 137947 -13893.1 138265
-13148.4 137520 -12528.3 141674
-10542.4 142870 -8960.52 139441
-10075.9 137446 -12451.5 137417
-13008.1 135672 -13909.8 137617
-13422.2 133890 -11548.7 125323
-13349.9 120196 -14099 115267
-11199.2 113784 -14156.9 115244
-8249.19 118519 -4112.56 119383
-2217.9 123224 786.61 126924
1407.77 125985 2539.89 133381
3169.96 131364 11891.8 125907
18249.3 124375 20972.2 119417
28858 118415 52585.8 113437
53939.4 107457 53921.6 95440.7
54372.5 106205 52588 113423
52594.7 110004 55805.2 102908
52625.9 109607 52563.5 113470
33090.4 113479 52583.6 113437
52564.6 110393 50855.9 114790
43983 115937 27923 118537
24334 123375 25321.4 134465
20336.5 134937 11255.1 138695
10275.5 145232 6780.05 152690
-12277.8 157254 -12277.8 157254
-12676.4 156749 -11291.6 160723
-15034.1 161551 -14523.2 158036
-12663 159630 -10104.9 160547
-10676 158227 -9173.14 158227
-9645.14 157007 -9645.14 157007
-9552.74 156938 -5541.9 156326
-5664.35 152942 -5678.83 156417
-3879.9 155486 -3879.9 155486
-3872.11 155878 -3872.11 155878
-3502.53 155562 -3284.34 157982
-236.416 160832 -236.416 160832
-245.321 160792 -245.321 160792
602.933 160910 -3126.27 163762
-1811.59 162016 -1811.59 162016
-1543.31 161558 -1811.59 147271
-581.506 145129 -581.506 145129
-412.301 144980 -412.301 144980
-405.621 144951 -405.621 144951
-608.223 145345 -3739.64 152657
-6967.91 152853 -8596.51 151270
-8501.89 152755 -8501.89 152755
