-7740.46 158249 -8436.21 155057
-6519.29 153968 -5643.2 147055
-4629.08 146474 -3738.53 144143
-1760.38 148914 -1375.21 154549
3085.36 152766 2867.17 151521
1094.97 152675 2781.86 141360
807.761 143649 -1652.4 139951
471.576 141672 -645.628 150631
1326.51 151849 343.559 140278
-3104.01 139109 -9731.97 139428
-10594.7 142055 -10627 145639
-9479.27 145501 -8868.13 140160
-10392.1 138047 -12723.1 137566
-12933.5 139232 -18070.9 141102
-19283.2 139561 -13664.9 135411
-10839.6 135195 -9000.6 135382
-8943.83 136825 -8298.17 139412
-7407.62 139392 -7159.37 140492
-7638.05 137430 -8033.81 135749
-8892.62 139439 -7840.65 141026
-8487.42 134981 -12987 120986
-10697.1 118544 -12960.2 119350
-13243 122429 -16196.3 122596
-15203.3 126470 -13264.1 133790
-9527.14 135079 -6224.29 139040
-5806.84 143649 -914.352 151555
1241.91 152309 2891.66 150998
4342.15 151025 11771.6 149880
7961.15 150684 4637.15 150994
3846.78 140864 1376.6 135375
2439.7 132564 4691.7 133817
11111.5 118851 12294.8 110638
15311.6 105952 30788.3 102231
31302.6 98168.1 22475 103220
19733.2 103153 12632.1 107388
11918.6 115046 1438.94 134420
3072 134901 1501.28 146930
2065.67 143822 42.9961 145330
-473.526 149275 -196.789 147667
-1190.42 147567 -2774.5 142556
-3801.98 143384 -6131.9 145437
-7877.39 141643 -8406.15 138684
-13339.8 139432 -14804.8 141914
-12858.9 141743 -12106.4 139530
-8728.98 143529 -7304.09 143077
-7483.31 140556 -7865.47 142999
-7264.02 143121 -8025.44 141612
-7555.67 143359 -7259.56 139332
414.803 141794 15532 118368
15861.5 114385 15257 116137
13223.2 116344 9402.74 122411
6901.39 123558 7724.04 128100
2984.06 137099 -1354.06 145368
-1753.7 145521 -3082.86 147026
-4640.21 145501 -4774.91 139176
-6770.87 134890 -7038.04 132784
-12310.1 134071 -9023.98 130880
-8806.9 128296 -8146.78 138541
-6999.07 139864 -6446.93 143057
-5252.47 139256 -821.956 134986
2744.72 124293 4101.7 111206
10458 109805 14378.7 105974
21280.5 105862 31309.3 97758.4
31285.9 98190.3 23601.5 103275
21903.9 106049 11604.6 108421
6888.03 110936 -1741.46 115935
-1538.85 117175 -4002.35 122963
-3725.17 133717 -1023.44 151105
296.805 149482 -1740.34 135681
1643.77 138025 9321.48 122799
11764.9 116952 12648.8 107350
20179.6 106045 24105.8 105658
8.48706 148553 24095.8 105010
28274.7 102534 31308.2 97754
28763.4 99305.8 23767.4 104796
20048.2 106016 13508.2 106005
12002 113942 2520.97 132018
4244.19 134632 4128.42 150974
2533.21 150947 2074.58 143834
1024.83 143653 -1173.73 145000
-1811.59 148395 -2623.11 152267
-1007.86 152764 -1546.15 160080
-1810.47 158029 -4207.18 156430
-6912.25 156829 -10343.1 156820
-12529.4 158356 -12487.1 175818
-13438.9 180716 -13128.3 189221
-13184 184995 -11582.1 167611
-9537.16 166625 -9300.05 159336
-7629.14 158802 -7052.51 169818
-7890.74 166765 -7062.53 164733
-4035.75 164757 -2555.2 168101
-2412.71 164777 -1300.63 163381
-394.489 166703 -400.055 169110
2878.3 169323 3016.34 169985
3690.94 169758 1881.99 163279
1955.46 160505 1532.45 154360
2982.94 154387 4449.02 152597
4614.89 144361 1258.6 145319
1247.47 155068 -481.319 163662
-5732.26 164042 -4814.99 173992
-5386.06 171229 -6566.04 164029
-9852.19 164737 -13033.7 165864
-14515.4 155524 -24936 154850
-21632 155164 -14003.3 155188
-15610.8 152503 -17266.1 151675
-14715.7 145739 -14139.1 141338
-11931.6 139499 -5382.72 139225
-4862.85 142451 -3598.26 127548
1207.4 126405 8872.86 110358
12770.2 106896 19005.2 106036
21320.6 104081 31324.9 97742.8
31025.4 101036 16372.5 105916
12243.6 111079 9672.13 121367
4120.63 127356 2483.12 126886
7336.65 126844 16501.6 122057
16005.1 114626 16028.5 119833
18919.4 124529 18985.8 125849
16193.2 121436 16112 123331
12172.4 125695 10386.8 130259
6065.38 131869 3894.65 137626
5524.37 140140 2144.71 134069
765.46 133968 -408.961 144145
-1819.38 146394 -3209.76 149771
-3672.85 147961 -6597.21 143589
-7353.07 132739 -8918.22 131940
2205.93 127612 -216.378 137415
-155.153 136791 -248.661 138292
-6001.65 138713 -5380.49 137722
-8145.67 133899 -8854.77 131929
-7327.47 131862 -6070.67 134941
-4506.63 133405 -1917.34 135945
-3649.47 137341 -2874.69 138058
-3519.23 137733 -3977.86 135981
-5771.22 138116 -13503.5 120000
-14782.5 119878 -15263.4 125709
-18359.2 127318 -15908 144813
-17674.6 145045 -17866.1 141721
-15033 140084 -8535.28 139456
-7616.9 142324 11744.9 117333
14562.4 105987 21236 106090
21337.3 103745 24630.1 103672
30498.9 98136.9 -845.333 155912
31301.5 97767.3 31156.8 86855.8
28063.2 82852.7 29974.6 84751.8
34429.6 82888.4 36551.3 81675
36394.4 83013 29480.3 84727.4
28025.4 82759.2 30896.3 87428
29428 84729.6 28065.5 82647.9
28371.6 84740.7 26003.8 101020
26632.8 98733.6 28052.1 82623.4
30829.5 86726.6 31332.7 97809.6
31782.4 98094.6 31103.4 100014
31302.6 97733.9 31304.8 97740.6
