40.7697 151432 -563.695 147022
-464.621 149400 -703.958 152708
-1034.58 150036 -1407.5 141224
-3491.4 141284 -5600.9 141102
-4713.69 140095 -4713.69 140095
-4660.25 140699 -4660.25 140699
-4722.59 141438 -6156.39 139808
-4732.61 140761 -1170.39 139434
-1822.72 138960 1812.98 134592
2358.44 135672 3394.83 134607
1683.85 131967 1683.85 131967
1682.73 131967 1973.28 141580
3279.05 138537 3279.05 138537
3498.35 138671 498.293 143773
-1177.07 141387 1324.28 137604
2913.93 135934 -1024.56 142197
-1350.72 140641 -1350.72 140641
-1999.72 141242 -6744.15 143631
-8121.18 143640 -10550.2 146995
-10684.9 148244 -10684.9 148244
-10779.5 147405 -10779.5 147405
-10733.8 147342 -10733.8 147342
-10539 147371 -8833.62 149230
-8251.42 149179 -8251.42 149179
-8484.08 149522 -8484.08 149522
-8537.51 150163 -8537.51 150163
-8524.15 150666 -11901.6 156789
-13658.2 156678 -15585.1 157479
-15518.4 154705 -15572.9 145125
-14011.1 143137 -7315.22 140532
-6927.83 141874 -6927.83 141874
-6546 142282 -6546 142282
-6277.72 142932 -9523.8 139428
-15957 138882 -15957 138882
-16546.9 138653 -16363.3 141031
-13425.5 139541 -2035.34 139140
-1859.45 136558 -4360.8 136689
-4142.62 135999 -2142.21 136230
-4678.06 136021 -5864.73 139207
-11045.5 139407 -15429.3 140363
-15713.2 141641 -15713.2 141641
-15674.2 142255 -15674.2 142255
-15662 142778 -14504.2 155268
-14037.8 155195 -12342.4 151129
-13692.7 149257 -15939.1 149117
-13860.8 148222 -10988.8 147318
-10742.7 150820 -10758.3 159939
-10768.4 157550 -9977.98 145510
-8685.57 143791 -8930.47 136838
-7715.97 137998 -3485.83 142280
-1679.12 141278 733.177 141102
4158.48 134806 11795 116640
31117.8 104932 32016.2 105050
27533.3 104571 26022.7 105491
28366 111032 23531.4 110342
23648.3 106900 23648.3 106900
23648.3 106916 23648.3 106916
23653.9 106953 28354.9 109454
28288.1 107888 29866.6 105720
31737.9 107343 27918.5 104288
30235.1 104863 27406.4 102792
26484.7 99633 29660.7 97197.4
27461 102394 27461 102394
27420.9 102494 25674.3 105455
27287.3 106731 26446.9 107341
24966.3 104246 20431.2 103389
19945.8 104442 19978.1 105972
25331.4 106448 29453.6 102447
27715.9 102567 27715.9 102567
27710.3 102579 27583.4 104495
24057.9 106070 24057.9 106070
24155.9 106550 24155.9 106550
24113.6 106321 24113.6 106321
24073.5 106294 24073.5 106294
24114.7 106366 24114.7 106366
24172.6 106508 24172.6 106508
24390.8 107229 24390.8 107229
24386.3 107303 28730 104297
30639.2 104805 31490.8 104849
25777.8 106428 24135.9 107323
25437.2 106452 32303.4 105228
-3491.4 156807 32310.1 105306
24904 106441 14986.5 105929
12378.3 109429 11573.5 117963
9342.63 122656 -525.846 141983
2573.29 137896 8564.5 127975
15087.8 121476 15172.4 115089
15340.5 117177 13193.2 116707
13720.8 117751 13720.8 117751
13720.8 117747 13720.8 117747
13720.8 117749 15397.3 117587
15214.7 115590 15214.7 115590
15345 115042 15345 115042
15343.9 115037 15343.9 115037
15485.2 115200 15485.2 115200
15486.3 115198 15486.3 115198
15487.5 115200 15487.5 115200
15487.5 115202 15487.5 115202
15612.1 114919 15612.1 114919
15762.4 114868 15762.4 114868
15972.8 114741 14615.8 122238
7207.52 129462 -11348.3 125517
-14489.8 117195 -12556.1 115612
-13725 115000 -12968 121476
-11813.6 124508 -7025.79 133866
-4532.23 134821 559.519 136473
2362.89 133646 3178.87 131991
2922.83 134035 2321.71 138054
-593.751 142104 -4897.36 140699
-3651.7 140705 -2692.12 139123
-1604.53 139953 -1604.53 139953
-1620.12 140921 -1057.95 144408
-1184.86 141013 -2752.24 141331
-2811.24 139196 1251.93 142671
643.008 143045 -569.261 143170
-984.483 141260 943.571 142304
1709.45 141075 -3705.13 146423
-3739.64 145069 -1601.19 140091
-1223.82 140810 -2734.43 145258
-2762.26 143751 1566.96 139695
1334.3 136856 1334.3 136856
1657.13 136633 516.104 155981
-1840.53 154327 -2247.96 153416
-1413.06 153759 -3745.21 151029
-2660.95 149415 -2660.95 149415
-1710.29 149139 -1543.31 145399
144.297 143905 144.297 143905
224.447 143865 -1131.42 141126
626.31 141868 1249.7 156520
-1193.76 163648 -2044.24 163802
-1239.4 165908 -1236.06 161660
1108.32 160894 3300.2 160928
596.254 159792 -1544.42 154453
-1702.49 149894 -2230.15 149043
542.821 157991 1953.24 158746
644.121 159360 -2389.33 145178
-3600.49 147006 -9084.09 147287
-10683.8 149237 -12879 151922
-15975.9 151601 -15975.9 151601
-15849 151205 -15604.1 143947
-6037.27 139281 -4534.46 140732
-5653.22 141803 -5653.22 141803
-5844.69 141814 -2591.55 142274
-4555.61 140739 -4555.61 140739
-4741.52 140006 -3481.38 142495
-3633.89 137301 -3708.47 118655
-1330.69 116551 -1330.69 116551
-1407.5 116273 -8702.26 107503
-6990.17 106223 9331.49 105063
13084.1 106067 32296.7 105210
32660.7 103400 29945.6 102438
27247.3 104939 23648.3 107054
24410.8 109089 28376 115280
26159.7 118105 26159.7 118105
26573.8 118201 30872.9 118145
30034.7 114926 28533 111032
24965.2 110346 26088.4 105731
27461 109518 27461 109518
27917.4 109567 27917.4 109567
27658 109489 27658 109489
27658 109483 27658 109483
27630.2 109545 27630.2 109545
27652.5 109483 27652.5 109483
27654.7 109487 27654.7 109487
27379.7 109496 23789.7 101505
26677.3 105903 31961.6 104694
33821.8 102641 38256.8 120441
37004.4 132003 36504.6 142076
36919.8 141166 36234.1 110769
33775 102683 23136.4 106398
24105.8 106417 24105.8 106417
24095.8 106372 24095.8 106372
24101.4 106408 24101.4 106408
24111.4 106468 24111.4 106468
24100.3 106399 24100.3 106399
24110.3 106439 24110.3 106439
24135.9 106584 24135.9 106584
24122.5 106524 24122.5 106524
24125.9 106517 24125.9 106517
24106.9 106348 24106.9 106348
24111.4 106219 24111.4 106219
24116.9 106245 24116.9 106245
24138.1 106363 24138.1 106363
24147 106341 24147 106341
24142.6 106510 24142.6 106510
24125.9 106392 24125.9 106392
24213.8 106575 24213.8 106575
24157 106448 24157 106448
24159.3 106452 24159.3 106452
24088 106381 24088 106381
24147 106544 24147 106544
24144.8 106555 24144.8 106555
24137 106493 24137 106493
24134.8 106468 24134.8 106468
24132.5 106470 24132.5 106470
24131.4 106470 24131.4 106470
24130.3 106473 24130.3 106473
24130.3 106475 24130.3 106475
24189.3 106210 24189.3 106210
24082.4 106619 24082.4 106619
24125.9 106488 24125.9 106488
24141.4 106457 24141.4 106457
24124.7 106484 24124.7 106484
24125.9 106470 24125.9 106470
24124.7 106466 24124.7 106466
24122.5 106464 24122.5 106464
24142.6 106479 24142.6 106479
24127 106441 24127 106441
24127 106446 24127 106446
23951.1 106399 28740 102427
32631.8 102590 30655.9 104807
32307.8 105212 32307.8 105212
32305.6 105210 32305.6 105210
32304.5 105210 32304.5 105210
32305.6 105210 32305.6 105210
32306.7 105210 32306.7 105210
32306.7 105208 32306.7 105208
32305.6 105208 32305.6 105208
32305.6 105206 32305.6 105206
32304.5 105206 32304.5 105206
32304.5 105203 32304.5 105203
32305.6 105201 32305.6 105201
32311.2 105186 32311.2 105186
32319 105183 32319 105183
32317.9 105170 32317.9 105170
32316.7 105168 32316.7 105168
32317.9 105168 32317.9 105168
32315.6 105168 32315.6 105168
32316.7 105168 32316.7 105168
32316.7 105170 32316.7 105170
32319 105170 32319 105170
32319 105172 32319 105172
32319 105175 32319 105175
32317.9 105179 32317.9 105179
32316.7 105183 32316.7 105183
32315.6 105186 32315.6 105186
32315.6 105188 32315.6 105188
32314.5 105188 32314.5 105188
32314.5 105190 32314.5 105190
32313.4 105192 32313.4 105192
32313.4 105195 32313.4 105195
32312.3 105195 32312.3 105195
32312.3 105197 32312.3 105197
32311.2 105199 32311.2 105199
32310.1 105199 32310.1 105199
32310.1 105201 32310.1 105201
32295.6 105264 32295.6 105264
32301.2 105241 32301.2 105241
32302.3 105230 32302.3 105230
32303.4 105226 32303.4 105226
32304.5 105219 32304.5 105219
32303.4 105219 32303.4 105219
32304.5 105221 32304.5 105221
32304.5 105219 32304.5 105219
32304.5 105217 32304.5 105217
32305.6 105217 32305.6 105217
32306.7 105217 32306.7 105217
32306.7 105215 32306.7 105215
32307.8 105215 32307.8 105215
32307.8 105212 32307.8 105212
32307.8 105210 32307.8 105210
32309 105210 32309 105210
32309 105208 32309 105208
32298.9 105203 32298.9 105203
32297.8 105212 32297.8 105212
32296.7 105212 32296.7 105212
32297.8 105212 32297.8 105212
32310.1 105188 32310.1 105188
32307.8 105199 32307.8 105199
32306.7 105203 32306.7 105203
32306.7 105208 32306.7 105208
32306.7 105206 32306.7 105206
32307.8 105206 32307.8 105206
32306.7 105203 32306.7 105203
32307.8 105201 32307.8 105201
32310.1 105177 32310.1 105177
32305.6 105186 32305.6 105186
32303.4 105183 32303.4 105183
32304.5 105181 32304.5 105181
32300 105172 32300 105172
32301.2 105175 32301.2 105175
32303.4 105199 32303.4 105199
32302.3 105197 32302.3 105197
32303.4 105197 32303.4 105197
32302.3 105195 32302.3 105195
32298.9 105163 32298.9 105163
32300 105172 32300 105172
32300 105177 32300 105177
32301.2 105170 32301.2 105170
32302.3 105172 32302.3 105172
32301.2 105170 32301.2 105170
32297.8 105146 32297.8 105146
32297.8 105148 32297.8 105148
32298.9 105148 32298.9 105148
32298.9 105154 32298.9 105154
32300 105159 32300 105159
32290 105117 32290 105117
32291.1 105141 32291.1 105141
32291.1 105143 32291.1 105143
32294.5 105128 32294.5 105128
32294.5 105126 32294.5 105126
32295.6 105126 32295.6 105126
32295.6 105128 32295.6 105128
32295.6 105130 32295.6 105130
32296.7 105132 32296.7 105132
32307.8 105215 18815.9 106034
13028.4 105827 2526.53 129812
2302.78 133750 -1027.9 145332
-2095.45 145310 -4268.41 145381
-3608.28 143110 -1671.32 137444
1976.62 135511 1833.01 138944
-598.204 142113 -4803.85 138900
-5750.07 139234 -4778.25 138205
-5704.43 140423 -5704.43 140423
-5035.4 140639 -5035.4 140639
-5013.14 140654 -5095.51 143562
-5364.9 140378 -1803.79 139062
1269.74 142277 1269.74 142277
1364.36 142398 -3045.01 139094
-10022.5 139421 -12051.9 140026
-8570.91 148026 -9390.22 148789
-8708.94 145472 -8708.94 145472
-8653.28 144735 -9408.03 137310
-7931.93 137533 -7776.08 138922
-13238.5 139488 -15585.1 146503
-14519.8 148182 -14519.8 148182
-14605.5 148284 -13600.3 142943
-11759.1 141567 -11759.1 141567
-11588.8 141500 -8919.34 139430
-4723.7 139261 -3834.26 133365
-3661.72 136718 -3661.72 136718
-3641.68 137206 -18382.6 149101
-18345.9 150226 -18345.9 150226
-18536.2 149749 -18536.2 149749
-18548.5 149825 -17261.6 152891
-15533.9 150513 -11721.2 141560
-7802.8 140380 -1775.96 139045
1275.3 147431 3935.84 149444
7530.35 149366 7530.35 149366
7199.73 149326 5841.63 148222
7478.02 149313 7445.74 146752
5883.93 150905 5883.93 150905
5042.35 150960 3186.66 131622
2783.68 133850 -87.2477 142273
1254.15 146772 1844.15 148333
1325.4 146209 1325.4 146209
1320.94 145840 2925.06 142424
-164.058 143696 -164.058 143696
-181.869 143644 -1325.12 144083
-1168.16 142749 -522.507 141767
-1285.05 141215 -1285.05 141215
-1927.36 141269 -5878.09 140559
-5272.51 141690 -6087.37 140429
-8055.5 143631 -12334.1 156780
-10826.2 154961 -9095.22 145937
-10290.8 143842 -6247.67 140456
-4129.26 140750 -1598.97 139672
-1175.95 141033 -1175.95 141033
-1159.25 141939 -1159.25 141939
-496.903 141819 -4125.92 139163
-11558.7 139459 -18384.8 148124
-18708.8 149148 -15412.6 148237
-15539.5 152231 -15567.3 146690
-10593.6 145537 -3987.88 143586
2320.59 138314 9119.99 127581
15335 121013 15396.2 106993
19859 106058 25530.7 106466
30614.7 104823 30614.7 104823
30681.5 104914 32315.6 105203
27622.4 104469 23016 106096
15417.3 105903 12229.1 111199
10194.2 119911 7247.59 126880
2636.74 126822 1913.16 138813
-499.13 143431 -1787.1 145325
-4004.58 145423 -4004.58 145423
-4218.31 145085 -3013.84 138223
-7943.06 139370 -8812.47 145831
-4755.99 140608 -3868.77 140071
-3564.87 141402 -13190.7 145962
-13914.2 144457 -10254.1 148867
-9505.99 160311 -9505.99 160311
-9518.23 160318 -9586.14 165795
-9540.5 162230 -11229.2 160380
-11587.7 154968 -11587.7 154968
-11991.8 154919 -11991.8 154919
-12002.9 154583 -10252.9 145517
-16513.6 144323 -16513.6 144259
-14742.5 149266 -16205.2 158452
-14900.5 163793 -13513.5 165859
-11181.3 159839 -5535.22 156295
-3486.94 156698 -3371.17 161295
-1611.21 162112 -1611.21 162112
-1241.63 161640 1692.75 158042
1314.26 150428 2154.73 149825
1847.49 149248 1847.49 149248
1222.98 149836 1971.05 150571
1878.65 147509 2689.06 144493
1628.19 144717 1292 151031
-2536.28 152628 -13909.8 155210
-10405.5 151201 -6965.68 134981
-328.811 133541 2573.29 130593
3090.92 135104 4402.27 146053
1694.98 138007 -201.907 138341
3064.21 136798 10334.5 119740
12285.9 110692 16054.1 105929
18743.6 106196 18743.6 106196
18739.1 106052 26055 106417
30624.7 104812 32326.8 105175
33888.6 102494 33690.4 101465
32353.5 103534 32353.5 103534
32391.3 103614 32391.3 103614
32390.2 103614 32390.2 103614
32390.2 103616 32390.2 103616
32392.4 103618 32392.4 103618
32393.6 103616 32393.6 103616
32394.7 103614 32394.7 103614
32667.4 103912 32313.4 105221
28110 104199 24352.9 106317
19171 106029 14480 105978
12202.4 111624 4675 133806
2587.76 135629 -240.869 142507
-3219.78 143513 -6140.8 140761
-6727.46 137393 -5233.55 140545
-2871.35 140748 -1810.47 139098
1274.19 147598 1643.77 150568
3463.84 151089 3463.84 151089
4000.4 151426 1317.6 143553
-588.185 143097 -588.185 143097
-553.676 142992 -2168.92 157617
-1129.2 156533 -2453.9 143464
-1624.57 152156 -1188.2 160013
-2096.56 157904 -3510.32 155400
-2147.77 154355 -2702.62 136696
-3555.96 140892 -2313.64 153391
-2627.56 153251 -2627.56 153251
-2636.46 152661 -924.37 154765
-1077.99 157936 -2623.11 145592
-3746.32 144103 5228.26 140770
2505.38 142718 1624.85 143983
-311 143422 -3771.92 139080
-10148.3 139410 -11304.9 158672
-10470 148712 -7885.18 142099
-9131.96 131348 -12572.8 122246
-12407 118767 -12407 118767
-12414.8 118894 -13205.1 119566
-12181 123480 -7683.69 137241
-3683.98 139180 -2714.39 140679
-1507.68 139167 -1507.68 139167
-1449.8 139200 995.891 143918
-623.808 142772 -297.917 140095
1267.51 147558 2117.99 150742
4701.72 151254 4701.72 151254
4646.06 151633 4646.06 151633
4641.6 151023 -2013.07 141271
-4216.09 140668 -10122.7 137410
-8959.41 136696 -8731.21 143495
