-5023.15 139238 -4719.25 143477
-2634.24 132570 -2787.86 131123
-3253.17 132503 -3562.64 126174
-1440.89 124466 198.843 123231
-1497.67 124010 -3126.27 122678
-3683.98 132432 -4305.14 134688
-4666.93 133378 -7997.61 135044
-15572.9 149874 -14649 155128
-15529.5 151615 -14901.6 145650
-13834.1 146817 -12786.6 149377
-14368.4 149217 -15535.1 146470
-13887.5 145063 -12037.4 140111
-9817.68 139452 -642.732 139045
380.294 136896 2584.42 134445
2579.97 131804 4427.87 137800
4407.83 135384 6251.28 133060
4571.47 134474 1947.67 131341
580.669 133427 2799.27 126802
-668.335 125076 -3175.25 123039
-4013.49 114670 -4150.41 110039
-2692.12 109848 -523.62 112976
2004.45 113572 15573.2 105927
20240.8 106052 26438 106194
29460.3 102454 31445.1 97796.3
28027.6 101056 20599.3 106056
16167.6 105943 12664.4 107152
11943 114801 5227.14 131922
1869.75 131900 1396.64 134060
-6918.92 134930 -10583.6 142500
-10483.4 144789 -9529.37 151392
-8618.77 151214 -8627.68 145768
-9918.99 140029 -12991.4 135729
-10768.4 139111 -10478.9 150203
-8559.77 151272 -9028.43 133706
-8480.74 136533 -7698.16 137353
-7885.18 141814 -7890.74 147414
-9518.23 145465 -11584.3 145929
-10986.5 144884 -11984 137486
-10835.1 137506 -9430.29 137308
-9425.84 138254 -8661.07 144938
-7256.22 142576 -9451.44 135057
-16062.7 135542 -14828.2 136916
-12785.5 135364 -2919.22 134772
-2207.88 133519 -2778.95 143319
-4285.11 145412 -4117.01 139127
-5563.05 139196 -4770.46 140583
-3588.25 139621 -6159.73 137406
-8680 137439 -9957.95 139376
-11544.2 137468 -12463.7 137967
-10878.6 137471 -9435.86 138374
-10104.9 138408 -10475.6 149143
-13835.2 156250 -12592.9 149328
-12916.8 149373 -19879.9 147743
-20133.7 147527 -16593.7 147289
-15938 144849 -14180.3 140868
-14302.7 139755 -16599.3 139501
-15041.9 137604 -16068.3 133980
-16049.3 136791 -8037.69 140425
-9888.93 141180 -8172.38 137450
-8288.15 138987 -13884.2 136558
-13984.4 137573 -10333.1 142943
-11980.6 140710 -13326.5 139441
-15584 146853 -15609.6 151751
-15545.1 146527 -13426.7 139512
-10969.8 139479 -10802.9 134378
-9432.52 135166 -9221.01 142803
-10087.1 142847 -5245.79 145445
-3741.87 144328 -2772.27 143072
-4597.91 141353 -5102.19 140670
-3269.87 141320 -1189.31 140855
-5345.98 139194 -7855.12 139964
-6207.59 140405 -1193.76 140852
140.957 137381 -2868.01 137433
-1607.87 139425 743.196 141073
3687.6 135625 9561.93 121828
9187.89 120205 10845.4 119227
12277 110787 16587.3 105958
22270.2 106074 26757.4 105780
30847.3 103064 -6261.03 166015
30731.6 102276 31449.6 98043.4
28012 101049 25708.8 106424
20623.7 106032 15495.3 105896
11211.7 108621 -1726.98 115932
-2829.05 117952 -5000.89 121688
-7063.64 119720 -12143.1 119052
-13238.5 120822 -11793.6 129389
-12412.5 131847 -9323.43 130135
-7063.64 131878 -4769.35 131179
-4745.97 133657 -9971.31 135119
-11694.5 137471 -13883.1 139009
-13348.7 137727 -4725.93 134563
-3677.3 132915 -2768.93 132350
-3966.73 131591 -5173.44 131076
-5049.87 132011 -10709.4 136945
-10552.4 145437 -11672.3 149270
-11956.1 149290 -10454.4 148119
-10811.8 145479 -11554.3 141569
-9901.17 139481 -3671.74 139169
-3633.89 143092 -1951.85 143624
-1709.17 149066 -562.582 157824
-4184.92 160701 -6451.38 167916
-5460.64 168466 -5606.47 162435
-2836.84 161133 -686.147 155277
-1625.68 152171 -1328.46 143513
11935.3 114853 13582.8 106052
18877.1 106029 24357.4 106334
27566.7 103197 30740.5 102240
31102.2 99942.5 31860.3 97284.2
31444 97555.8 30426.5 102387
25225.7 102935 22129.9 106070
17663.8 105972 13146.4 105695
12115.6 112486 6226.79 130851
3178.87 131775 5072.41 129625
2379.59 131827 1314.26 134516
-2147.77 134612 -2242.39 139096
1238.57 143050 -1693.59 141438
-164.058 139911 1326.51 152788
616.291 153565 3103.17 152020
2149.16 149716 1142.83 142455
-85.0213 139995 -5432.81 139180
-6238.76 140481 -2809.01 140581
-624.921 134554 2877.19 124068
4196.33 111155 8137.04 106655
13540.5 106032 24644.6 106399
27423.1 102783 31440.7 97807.4
29353.4 102467 22399.3 103422
22460.5 104170 30957.5 102182
31444 97809.6 31416.2 94267.4
32882.2 94006.9 31238.1 95581
30736 102238 31344.9 97796.3
30921.9 87499.2 29866.6 96738.7
31438.4 97834.1 31103.4 100036
28029.8 102527 30976.5 101877
31428.4 97838.6 31092.2 86878
30291.8 94049.2 31421.7 97339.8
30278.5 94147.2 30925.2 86935.9
34519.8 88748.2 30918.6 86915.9
30586.8 88797.2 31440.7 97805.2
-257832 97807.4 31865.9 97275.3
