3.2991e+07 1.11483e+07 3.30004e+07 1.11485e+07
3.30006e+07 1.11463e+07 3.29998e+07 1.11436e+07
3.30012e+07 1.11436e+07 3.2998e+07 1.1139e+07
3.29962e+07 1.11391e+07 3.29923e+07 1.11372e+07
3.2993e+07 1.11362e+07 3.29936e+07 1.11394e+07
3.29972e+07 1.11391e+07 3.30013e+07 1.11443e+07
3.30003e+07 1.1147e+07 3.30017e+07 1.11527e+07
3.30031e+07 1.11518e+07 3.31766e+07 1.12049e+07
3.30012e+07 1.1161e+07 3.29988e+07 1.11636e+07
3.29987e+07 1.11623e+07 3.29978e+07 1.11618e+07
3.29994e+07 1.11599e+07 3.3002e+07 1.11586e+07
3.30013e+07 1.11562e+07 3.30023e+07 1.11527e+07
3.3003e+07 1.11543e+07 3.30013e+07 1.11543e+07
3.30014e+07 1.11534e+07 3.30018e+07 1.11524e+07
3.30032e+07 1.11527e+07 3.30215e+07 1.11553e+07
3.30252e+07 1.11595e+07 3.30257e+07 1.11602e+07
3.30241e+07 1.11585e+07 3.30231e+07 1.11527e+07
3.30218e+07 1.11529e+07 3.30207e+07 1.11531e+07
3.30216e+07 1.11561e+07 3.30251e+07 1.11593e+07
3.30392e+07 1.11827e+07 3.30391e+07 1.11827e+07
3.3038e+07 1.11828e+07 3.30383e+07 1.11823e+07
3.30334e+07 1.11868e+07 3.30332e+07 1.11863e+07
3.30194e+07 1.16056e+07 3.3038e+07 1.11827e+07
3.3033e+07 1.11837e+07 3.30305e+07 1.117e+07
3.30241e+07 1.11577e+07 3.30205e+07 1.1153e+07
3.30243e+07 1.11524e+07 3.30031e+07 1.11512e+07
3.30032e+07 1.11471e+07 3.3002e+07 1.11419e+07
3.3005e+07 1.11406e+07 3.30044e+07 1.11375e+07
3.30034e+07 1.11381e+07 3.3002e+07 1.11418e+07
3.30027e+07 1.11456e+07 3.30013e+07 1.11513e+07
3.30013e+07 1.11453e+07 3.29988e+07 1.11453e+07
3.29977e+07 1.11434e+07 3.29922e+07 1.11438e+07
3.29935e+07 1.11453e+07 3.29957e+07 1.11454e+07
3.29965e+07 1.11418e+07 3.29968e+07 1.11391e+07
3.3001e+07 1.11424e+07 3.30012e+07 1.11456e+07
3.30731e+07 1.13019e+07 3.30013e+07 1.11512e+07
3.30002e+07 1.11412e+07 3.2982e+07 1.11418e+07
3.29848e+07 1.11403e+07 3.29968e+07 1.11392e+07
3.30009e+07 1.11423e+07 3.30012e+07 1.11523e+07
3.30086e+07 1.11524e+07 3.30188e+07 1.11532e+07
3.30206e+07 1.1157e+07 3.30231e+07 1.11566e+07
3.30251e+07 1.11585e+07 3.30306e+07 1.11629e+07
3.30252e+07 1.11594e+07 3.30161e+07 1.11523e+07
3.30122e+07 1.11523e+07 3.2999e+07 1.11526e+07
3.29982e+07 1.1148e+07 3.29969e+07 1.1147e+07
3.29999e+07 1.1147e+07 3.30019e+07 1.1147e+07
3.3002e+07 1.11427e+07 3.30026e+07 1.11392e+07
3.30032e+07 1.1147e+07 3.30013e+07 1.11505e+07
3.30013e+07 1.11472e+07 3.29988e+07 1.11636e+07
3.29986e+07 1.11315e+07 3.29981e+07 1.11241e+07
3.30012e+07 1.11607e+07 3.29998e+07 1.11407e+07
3.29943e+07 1.11392e+07 3.29929e+07 1.11394e+07
3.29963e+07 1.11392e+07 3.29984e+07 1.1141e+07
3.29956e+07 1.11414e+07 3.29953e+07 1.11414e+07
3.29954e+07 1.11469e+07 3.29963e+07 1.11491e+07
3.29978e+07 1.1147e+07 3.3e+07 1.11455e+07
3.29994e+07 1.11431e+07 3.29912e+07 1.11437e+07
3.29893e+07 1.11455e+07 3.29855e+07 1.1146e+07
3.29871e+07 1.11473e+07 3.29939e+07 1.11471e+07
3.30084e+07 1.11525e+07 3.30119e+07 1.11523e+07
3.30012e+07 1.11609e+07 3.2997e+07 1.11646e+07
3.30012e+07 1.11563e+07 3.30013e+07 1.11441e+07
3.29977e+07 1.11391e+07 3.29953e+07 1.1137e+07
3.30001e+07 1.1136e+07 3.30047e+07 1.11411e+07
3.30044e+07 1.11429e+07 3.30001e+07 1.11526e+07
3.29958e+07 1.11527e+07 3.29909e+07 1.11532e+07
3.29965e+07 1.11527e+07 3.30236e+07 1.11577e+07
3.30253e+07 1.11595e+07 3.30307e+07 1.1163e+07
3.30368e+07 1.11715e+07 3.3038e+07 1.11826e+07
3.30352e+07 1.11827e+07 3.30312e+07 1.1178e+07
3.30301e+07 1.1167e+07 3.30214e+07 1.1153e+07
3.30176e+07 1.11524e+07 3.30037e+07 1.11527e+07
3.30038e+07 1.11594e+07 3.30031e+07 1.11564e+07
3.29887e+07 1.11501e+07 3.30583e+07 1.12216e+07
3.3081e+07 1.12336e+07 3.29871e+07 1.11512e+07
3.29845e+07 1.11528e+07 3.29815e+07 1.11528e+07
3.29823e+07 1.11491e+07 3.29848e+07 1.11482e+07
3.29868e+07 1.11525e+07 3.29888e+07 1.11483e+07
3.29908e+07 1.11473e+07 3.29946e+07 1.1148e+07
3.29891e+07 1.1077e+07 3.30426e+07 1.12347e+07
3.30581e+07 1.12672e+07 3.30194e+07 1.12086e+07
3.29795e+07 1.11229e+07 3.29763e+07 1.10882e+07
3.29643e+07 1.10229e+07 3.29806e+07 1.10552e+07
3.29777e+07 1.10587e+07 3.29921e+07 1.10781e+07
3.29998e+07 1.10981e+07 3.30074e+07 1.10887e+07
3.3015e+07 1.1069e+07 3.30173e+07 1.10632e+07
3.30024e+07 1.11488e+07 3.30024e+07 1.11488e+07
3.30024e+07 1.11488e+07 3.30024e+07 1.11488e+07
3.30031e+07 1.11513e+07 3.29918e+07 1.11525e+07
3.29919e+07 1.11513e+07 3.29871e+07 1.11492e+07
3.29879e+07 1.1146e+07 3.30063e+07 1.1151e+07
3.30402e+07 1.10864e+07 3.29989e+07 1.11493e+07
3.30013e+07 1.11503e+07 3.30058e+07 1.11509e+07
3.30043e+07 1.11534e+07 3.30013e+07 1.1151e+07
3.30064e+07 1.11527e+07 3.30177e+07 1.11528e+07
3.30212e+07 1.11546e+07 3.30292e+07 1.11628e+07
3.30309e+07 1.11741e+07 3.30346e+07 1.11829e+07
3.30383e+07 1.11823e+07 3.30382e+07 1.11828e+07
3.30383e+07 1.11823e+07 3.30383e+07 1.11823e+07
3.30383e+07 1.11823e+07 3.30383e+07 1.11824e+07
3.30383e+07 1.11824e+07 3.30365e+07 1.11823e+07
3.30393e+07 1.11818e+07 3.30364e+07 1.11827e+07
3.30378e+07 1.11888e+07 3.30378e+07 1.11895e+07
3.30365e+07 1.11876e+07 3.3035e+07 1.11879e+07
