-2026.43 149415 -1719.19 151163
-4130.37 152695 -9562.76 152882
-11307.1 156097 -12070.8 158657
-11976.2 156417 -11729 150535
-13359.9 149288 -14576.6 149121
-14510.9 146516 -14179.2 140774
-13848.6 140156 -6731.91 139343
-5684.39 143655 -1869.47 143816
-1610.1 145365 -2067.62 146029
-4802.74 147077 -5996.09 146824
-6262.14 144303 -3488.06 142035
-3573.77 139281 -408.961 140554
1277.53 145773 2172.54 152294
1444.51 150499 -1050.16 149261
-1799.34 146049 -5549.7 141785
-3892.15 143562 -1745.91 147340
-2263.54 143424 -8028.78 143624
-10886.4 145535 -12899 145998
-14190.3 144136 -14190.3 144136
-14148 144141 -14299.4 145768
-15755.5 140748 -15755.5 140748
-15833.4 139891 -15037.5 135200
-14915 135311 -11770.2 135289
-10798.4 137709 -10922 145285
-13738.4 145198 -13738.4 145198
-13612.6 145049 -13612.6 145049
-13902 145292 -13849.7 146089
-14067.9 142337 -15321.3 124043
-15920.2 124370 -15920.2 124370
-15255.6 124041 -15255.6 124041
-15286.8 124019 -16857.5 121636
-17190.4 125375 -13106.1 133370
-12181 131014 -11925 125401
-13188.4 123239 -13188.4 123239
-13060.4 123251 -13466.7 119924
-16739.5 121305 -16739.5 121305
-16757.3 121510 -16757.3 121510
-16755.1 121523 -16755.1 121523
-16755.1 121525 -16755.1 121525
-16755.1 121527 -16755.1 121527
-16793 121612 -16793 121612
-16766.2 121594 -16766.2 121594
-16666.1 121841 -11594.3 118838
-7238.41 118350 -4060.24 119399
-2719.95 123738 -5104.42 131079
-4062.47 134812 3096.49 139888
4416.74 151566 8685.84 152323
7973.4 151316 3107.62 152341
3128.77 149936 2509.84 146933
4420.08 150876 31860.3 91277.4
30418.7 91696 28600.9 99668.7
24081.3 104747 20140.6 106023
12000.9 113926 4536.96 130607
2555.48 131232 2555.48 131232
2557.7 131228 2557.7 131228
2553.25 131321 2553.25 131321
2591.1 131437 2591.1 131437
2592.21 131435 3280.17 135273
607.386 141108 607.386 141108
529.462 141048 1236.34 157328
-2229.03 163722 -5625.39 163938
-5231.32 165305 -1169.27 158650
1201.83 158432 992.551 162085
-1760.38 162032 -1760.38 162032
-1761.49 162034 -3169.68 161569
-1388.57 161104 1674.94 159719
1345.43 157657 1345.43 157657
1401.09 157619 1302.02 152378
-516.941 152572 -516.941 152572
-1007.86 152465 -2596.39 143462
-4682.52 141271 295.691 130754
13173.1 124591 15522 114951
15876 119860 11933 125893
8861.73 128097 1824.11 138757
199.957 139530 -804.145 139940
-2312.52 139007 -4275.09 143544
-10063.7 144515 -12877.9 149373
-13526.8 149295 -15533.9 147538
-12812.2 147302 -10506.8 147540
-10160.5 146129 -10160.5 146129
-10436.6 145343 -10436.6 145343
-10434.4 145365 -10662.6 138118
-12397 137479 -9018.41 134547
-10752.8 133721 -7146.02 135015
-3721.83 134819 -3721.83 134819
-3521.45 134799 -5945.99 134828
-7328.58 132063 -7328.58 132063
-7449.92 131867 -6446.93 134950
-3995.68 134848 -3995.68 134848
-3825.36 134832 -3825.36 134832
-3681.75 134821 -8077.76 133570
-7741.58 132000 -7741.58 132000
-7605.77 131671 -7605.77 131671
-7347.5 131878 -7347.5 131878
-7436.56 132332 -7436.56 132332
-7335.26 131856 -7335.26 131856
-7347.5 131882 -7347.5 131882
-7115.96 131864 -7771.63 132744
-6586.08 136135 -6109.63 143540
-4672.5 143286 -1519.93 139174
-722.882 140009 -722.882 140009
-729.561 140000 -729.561 140000
-858.692 139864 -2520.69 135654
726.498 136789 4416.74 144054
4381.12 152510 -2943.71 134474
-5014.25 134449 -1098.03 139652
1215.19 159202 3267.92 160845
1218.53 160013 395.879 153601
-404.508 150662 -404.508 150662
-470.187 150083 -470.187 150083
-486.885 149359 4434.55 152031
3297.98 149415 4924.36 150462
3134.34 150978 3134.34 150978
3119.87 150230 6050.91 147995
6542.94 148890 3295.75 138372
4296.51 134532 4296.51 134532
4297.63 134532 11669.2 117698
12280.3 110667 17944.3 106007
26924.4 105533 30893 87047.2
30527.8 89576.4 28754.5 99321.3
23942.2 104754 12486.3 108151
7950.02 120165 5073.52 129994
3178.87 130322 2468.65 132365
2359.55 130851 2018.92 133552
1398.87 132428 2400.62 129500
1379.94 129364 1379.94 129364
1401.09 129547 2162.52 135151
988.099 137039 723.158 139710
-3342.23 139096 -5359.34 138116
-4561.18 136386 -2236.83 153376
-2360.39 153171 -692.826 153180
-1630.14 152599 -463.508 159414
-4092.52 161224 -4096.98 162239
-3296.59 162228 -3296.59 162228
-3186.38 162199 -3699.57 154750
-2569.67 154364 4444.57 150292
2448.61 138947 -20498.8 162319
7432.38 129108 15037.7 121530
15884.9 114690 15884.9 114690
15200.3 114922 15002.1 118014
12098.9 117847 2180.33 127630
1893.13 129571 4623.79 130177
2526.53 129360 1401.09 129487
2201.48 133873 830.025 141914
-2997.14 139067 -2997.14 139067
-3637.23 139243 -2803.44 141745
-3482.49 139082 -7566.8 139287
-9494.86 131916 -10376.5 131330
-11264.8 131664 -12425.9 131956
-12773.2 133844 -12773.2 133844
-13087.1 133670 -14828.2 135939
-14395.1 139365 -14395.1 139365
-14063.4 139686 -5153.4 140623
-4717.03 141298 -1860.57 143807
-1803.79 147469 455.991 159810
-681.694 155620 -1305.08 149112
-513.601 149647 -513.601 149647
-523.62 149740 -523.62 149740
-1067.97 149580 -1067.97 149580
-1254.99 149103 -522.507 155771
1149.51 156005 2262.71 156001
4363.31 159935 14183.9 161687
4437.89 160411 3149.92 155999
1394.41 155925 1394.41 155925
722.045 155961 -2378.2 155927
-3576 152942 -4052.45 150987
-4769.35 151089 -7309.66 147131
-8895.96 147282 -12548.4 145978
-14052.3 142805 -15691.7 137109
-12778.8 137497 -9764.25 137482
-12590.7 137368 -12590.7 137368
-12687.5 137377 -12899 148315
-10443.3 154084 -9942.36 153218
-9637.35 157635 -5594.22 164608
-5431.7 171272 -5556.37 164942
-5481.79 169190 -4859.51 170421
-5490.7 166420 -3270.99 158234
-3554.85 153494 -3648.36 149522
-875.39 149237 1339.87 147075
4275.36 147015 7897.7 149529
9023.14 152427 13654 152365
9004.22 152294 31861.4 91279.6
-2816.8 155168 31688.9 91315.2
25145.5 103019 21266.1 106047
17047 105940 12416.2 108786
11530.1 118027 6798.98 129885
4277.59 130941 1385.51 133156
2424.12 135756 3619.69 137673
4390.02 135028 8186.02 128235
15257 121167 15869.3 114403
15382.8 117665 15643.3 120474
12821.4 125221 6645.36 130693
4380 135191 3018.57 136533
1446.73 135304 1416.68 134144
-945.521 134614 -3383.42 133550
-2181.17 139065 1284.21 146556
809.987 151829 809.987 151829
1079.38 151978 1079.38 151978
400.332 151401 400.332 151401
401.445 151379 401.445 151379
401.445 151134 -624.921 145345
-1979.68 145136 -284.283 140665
1247.47 143390 4214.14 141587
2959.57 141126 2959.57 141126
3598.54 141741 3598.54 141741
3598.54 141743 3598.54 141743
3598.54 141745 3598.54 141745
3293.53 141206 3293.53 141206
3211.15 141202 3211.15 141202
2878.3 141186 2382.93 139686
1448.96 141990 1448.96 141990
1433.38 141963 1433.38 141963
1377.72 141888 4288.72 138693
1844.15 140964 1317.6 141868
3626.37 140625 5861.67 147422
4546.98 146964 1475.68 146986
584.009 144517 584.009 144517
1241.91 144499 1241.91 144499
1244.13 144501 1241.91 152180
137.618 152632 -10493.4 152592
-10839.6 153792 -10839.6 153792
-10868.5 153062 -12867.8 140115
-12391.4 138800 -12391.4 138800
-12388.1 138764 -12388.1 138764
-12366.9 138751 -12366.9 138751
-12368 138751 -8077.76 135035
-4754.87 134249 -3319.97 125913
-3699.57 128491 -4528.9 133817
-3403.46 133488 -3403.46 133488
-3423.49 133510 -3191.95 134801
3558.47 135876 -2070.19 130991
-2493.98 131909 -2493.98 131909
-2465.03 131740 -2465.03 131740
-2493.98 131887 -3673.96 132902
-4583.44 130949 -3651.7 131361
-3128.5 132512 -3128.5 132512
-3091.76 132512 -1348.5 161041
-4089.18 162192 -4089.18 162192
-4780.48 162620 -4780.48 162620
-4735.95 162306 -4728.16 160796
-2217.9 161723 -2217.9 161723
-1673.55 162119 -1673.55 162119
-1374.1 162130 -816.39 152946
1205.17 157239 -4108.11 160336
-2023.09 161527 -2023.09 161527
-2206.77 161418 1260.83 157700
1494.6 148088 1494.6 148088
2197.03 148571 1349.89 141872
-2675.43 139018 -3002.71 140670
-3581.57 139005 -3130.72 134788
-2823.48 139514 -4111.45 145775
-4682.52 142649 -2866.9 139127
771.026 142159 771.026 142159
773.252 142306 773.252 142306
1456.75 141892 1456.75 141892
1447.85 141908 1396.64 130295
956.929 129191 2012.24 133545
816.667 131949 1637.09 134765
3886.86 134302 3886.86 134302
4231.95 134652 4231.95 134652
4234.17 134650 10449.1 119588
12191.3 111647 15317.1 105934
18801.4 106143 20975.5 106065
22413.8 103302 23095 98441.9
25979.3 94202.9 30379.8 92475.2
30890.7 87016.1 30890.7 87016.1
30893 87013.9 30893 87013.9
30895.2 87009.4 30895.2 87009.4
30897.4 87007.2 30897.4 87007.2
30900.8 87002.7 30900.8 87002.7
30831.7 87069.5 30831.7 87069.5
30887.4 87051.7 30887.4 87051.7
30890.7 87049.5 30890.7 87049.5
30890.7 87062.8 30890.7 87062.8
30897.4 87049.5 30897.4 87049.5
30900.8 87045 30900.8 87045
30901.9 87045 30901.9 87045
30900.8 87045 30900.8 87045
30900.8 87047.2 30900.8 87047.2
30900.8 87045 30900.8 87045
30901.9 87042.8 30901.9 87042.8
30901.9 87031.7 30901.9 87031.7
30896.3 87007.2 30896.3 87007.2
30894.1 86993.8 30894.1 86993.8
30894.1 86989.4 30894.1 86989.4
30895.2 86989.4 30895.2 86989.4
30896.3 86987.1 30896.3 86987.1
30897.4 86984.9 30897.4 86984.9
30897.4 86987.1 30897.4 86987.1
30896.3 87009.4 30896.3 87009.4
30895.2 87018.3 30895.2 87018.3
30897.4 87016.1 30897.4 87016.1
30900.8 87009.4 30900.8 87009.4
30901.9 87007.2 30901.9 87007.2
30904.1 87004.9 30904.1 87004.9
30905.2 87004.9 30905.2 87004.9
30904.1 87002.7 30904.1 87002.7
30840.6 86969.3 30840.6 86969.3
30877.4 86991.6 30877.4 86991.6
30874 86984.9 30874 86984.9
30878.5 86987.1 30878.5 86987.1
30915.2 87120.7 30915.2 87120.7
30898.5 87013.9 30898.5 87013.9
30898.5 87011.6 30898.5 87011.6
30897.4 86960.4 30897.4 86960.4
30893 86956 30893 86956
30895.2 87065.1 30895.2 87065.1
30886.3 86976 30886.3 86976
30889.6 86973.8 30889.6 86973.8
30889.6 86982.7 30889.6 86982.7
30890.7 86984.9 30890.7 86984.9
30891.9 86989.4 30891.9 86989.4
30893 86989.4 30893 86989.4
30893 86991.6 30893 86991.6
30894.1 86991.6 30894.1 86991.6
30894.1 86993.8 30894.1 86993.8
30893 86991.6 30893 86991.6
30897.4 87007.2 30897.4 87007.2
30891.9 86987.1 30891.9 86987.1
30891.9 86953.7 30891.9 86953.7
30895.2 86951.5 30895.2 86951.5
30891.9 86956 30891.9 86956
30898.5 87033.9 30898.5 87033.9
30898.5 87011.6 30898.5 87011.6
30898.5 87007.2 30898.5 87007.2
30899.6 87009.4 30899.6 87009.4
30898.5 87011.6 30898.5 87011.6
30898.5 87013.9 30898.5 87013.9
30898.5 87011.6 30898.5 87011.6
30897.4 87009.4 30897.4 87009.4
30898.5 87009.4 30898.5 87009.4
30898.5 86940.4 30898.5 86940.4
30888.5 87038.3 30888.5 87038.3
30900.8 87089.6 30900.8 87089.6
30900.8 87022.8 30900.8 87022.8
30900.8 87025 30900.8 87025
30900.8 87022.8 30900.8 87022.8
30900.8 87025 28104.4 100873
23204.1 104872 13016.2 106112
11844 115935 8056.89 119196
6957.05 124250 -57.1914 120951
-3059.48 122966 -5028.72 132566
-4709.23 143506 -1307.31 147008
-24.9088 147017 663.046 141785
6465.02 130820 14732.7 122055
15867.1 114332 13808.8 118388
10818.7 119259 7960.04 119938
6708.81 124842 1850.82 127619
1425.58 129536 2623.38 134371
1723.92 139158 792.176 143693
1991.09 141848 398.105 140334
-1764.83 141258 -3150.73 150138
-1860.57 147912 -1860.57 147912
-2016.41 147984 -3313.29 144916
-7230.62 143618 -8761.26 143192
-4419.8 143615 -647.185 144553
-511.375 143464 120.92 142622
286.786 143114 -7006.87 143622
-10537.9 149095 -10537.9 149095
-11519.8 149259 -11230.3 148211
-11702.3 149308 -27306 148952
3173.3 130337 -555.903 134460
-7482.2 135001 -8612.09 137332
-9021.75 133890 -9436.97 135008
-17563.3 136237 -19458 148119
-19616 153480 -17286.1 156818
-17250.5 154306 -18202.3 151610
-16552.5 151575 -12063 153823
-11291.6 158387 -9263.31 159897
-7656.97 158385 -7317.45 155277
-5094.4 154373 -2650.94 149112
-17.1164 149466 9371.57 150749
11716 149885 11716 149885
11769.4 149880 9654.32 149217
6870.22 150902 4757.38 151746
4462.38 150034 4945.51 140603
6116.59 139664 4277.59 134598
6300.26 130765 12352.7 109681
18772.5 106130 22373.7 106078
23929.9 102668 28771.2 99312.4
31622.1 91306.3 31622.1 91306.3
31853.7 91293 31853.7 91293
31852.5 91290.7 31852.5 91290.7
31853.7 91288.5 31853.7 91288.5
31853.7 91290.7 31853.7 91290.7
31854.8 91290.7 31854.8 91290.7
31854.8 91293 31854.8 91293
31854.8 91295.2 31854.8 91295.2
31855.9 91295.2 31855.9 91295.2
31857 91295.2 31857 91295.2
31857 91297.4 31857 91297.4
31858.1 91297.4 31858.1 91297.4
31858.1 91299.7 31858.1 91299.7
31859.2 91299.7 31859.2 91299.7
31860.3 91299.7 31860.3 91299.7
31860.3 91297.4 31860.3 91297.4
31860.3 91299.7 31860.3 91299.7
31861.4 91299.7 31861.4 91299.7
31861.4 91297.4 31861.4 91297.4
31860.3 91297.4 31860.3 91297.4
31861.4 91288.5 31861.4 91288.5
31861.4 91290.7 31861.4 91290.7
31822.5 91239.5 31822.5 91239.5
31839.2 91261.8 31839.2 91261.8
31843.6 91268.5 31843.6 91268.5
31847 91270.7 31847 91270.7
31847 91272.9 31847 91272.9
31848.1 91277.4 31848.1 91277.4
31848.1 91279.6 31848.1 91279.6
31849.2 91281.8 31849.2 91281.8
31850.3 91284.1 31850.3 91284.1
31851.4 91286.3 31851.4 91286.3
31852.5 91286.3 31852.5 91286.3
31862.6 91333 31862.6 91333
31861.4 91333 31861.4 91333
31862.6 91330.8 31862.6 91330.8
31862.6 91326.4 31862.6 91326.4
31863.7 91324.1 31863.7 91324.1
31863.7 91321.9 31863.7 91321.9
31862.6 91319.7 31862.6 91319.7
31862.6 91317.5 31862.6 91317.5
31862.6 91315.2 31862.6 91315.2
31863.7 91315.2 31863.7 91315.2
31872.6 91299.7 31872.6 91299.7
31869.2 91297.4 31869.2 91297.4
31871.5 91295.2 31871.5 91295.2
31860.3 91299.7 31860.3 91299.7
31863.7 91295.2 31863.7 91295.2
31865.9 91297.4 31865.9 91297.4
31835.8 91330.8 31835.8 91330.8
31848.1 91319.7 31848.1 91319.7
31851.4 91313 31851.4 91313
31852.5 91313 27228.3 102752
22450.5 103258 19502.8 105996
12976.1 106283 9381.59 122576
6370.4 130676 2534.33 131372
3668.67 135652 691.989 141064
1256.38 150116 390.313 153485
-1781.53 146185 -4198.28 145477
-2741.1 144637 -3653.92 135471
-9009.5 135048 -10832.9 131228
-9088.54 131488 -7567.92 141609
-8219.14 137324 -8219.14 137324
-8612.09 137248 -15621.9 143836
-15626.3 148044 -15626.3 148044
-15625.2 148090 -20309.5 152817
-24596.5 154171 -24596.5 154171
-24572 154656 -21945.9 152118
-20283.9 155208 -18598.6 165790
-15761 163869 -3052.8 164016
-2739.99 162141 -2739.99 162141
-1999.72 162016 -1999.72 162016
-1229.39 161919 19.619 161578
3530.64 165298 4671.66 167498
4190.76 162751 1255.27 159296
1522.43 154335 1522.43 154335
1574.75 154286 1574.75 154286
1575.87 154293 1575.87 154293
1582.54 154364 1582.54 154364
1583.66 154367 1583.66 154367
1273.08 153525 -2358.17 152590
-2667.63 148832 -7773.86 147175
-10598 147353 -12830 140703
-12461.5 137793 -12461.5 137793
-12481.6 137711 -12481.6 137711
-12461.5 137742 -12461.5 137742
-12466 137738 -10631.4 141578
-10438.8 150938 -10438.8 150938
-10787.3 151408 -11050 150415
-9531.59 149204 -8547.53 148587
-10178.4 147311 -10689.3 141621
-12853.4 140245 -12853.4 140245
-12355.8 139383 -12420.3 137626
-15647.5 143126 -15574 154605
-14385.1 155395 -15994.8 152732
-16973.3 154306 -22071.7 151067
-21063.2 150528 -21063.2 150528
-21173.4 149754 -21173.4 149754
-21179 149473 -13824.1 148435
-14048.9 144176 -12533.9 137911
-14821.5 136878 -14821.5 136878
-14836 136014 -7947.52 135024
-7346.39 131862 -7346.39 131862
-7348.62 131842 -7348.62 131842
-7347.5 131844 -7347.5 131844
-7347.5 131849 -7347.5 131849
-7339.71 131898 -6984.6 135124
-5249.13 134919 1555.83 137882
4414.51 148407 2391.84 151826
3125.43 150263 3125.43 150263
3126.55 150250 1648.22 149290
1299.79 145744 -523.751 139177
-58.3046 139946 -1136.99 140752
-5653.22 139200 -12867.8 140534
-12714.2 142295 -12714.2 142295
-12717.6 142273 -14327.2 133944
-12192.1 134155 -12168.8 135545
-9916.76 133668 -9916.76 133668
-9029.54 133759 -2914.76 135890
-3147.42 134810 -1228.27 139269
497.18 136609 1393.3 134516
1996.65 135531 4304.31 140939
4406.72 136963 5701.37 132606
6824.58 133347 6824.58 133347
6675.41 134296 6675.41 134296
6469.47 134859 4422.3 136909
4401.15 134990 4401.15 134990
4259.78 134650 4259.78 134650
4257.55 134645 4257.55 134645
4260.89 134627 11729.3 117377
12500.8 108160 21177 106114
22894.7 103271 24141.4 103367
28828 99187.8 31035.5 86773.4
30569 91642.5 28832.4 99152.1
24464.3 103623 17816.3 103678
13168.7 105687 11848.4 115496
8292.88 119245 6914.75 123754
8100.3 126650 3739.92 135758
-3004.93 143495 -4662.48 142776
-4720.36 140427 -3854.3 135952
-1858.34 135785 -1858.34 135785
-1862.79 135812 -1862.79 135812
-1823.83 135905 4673.89 111150
10777.5 109699 10777.5 109699
10878.8 109449 -1095.8 114890
-1711.4 115852 -4232.79 120741
-3778.6 123146 -2893.61 121815
-3820.9 123148 -3378.97 106034
-1883.94 108265 -2470.6 118021
-3896.6 119292 -2632.01 122763
-3611.62 125234 -2820.14 143395
-1601.19 145410 691.989 141785
-2656.5 138996 -2656.5 138996
-3535.93 139080 -3783.05 143426
-1858.34 145641 -1858.34 145641
-1788.21 144993 -5255.81 143562
-6904.45 139045 -6904.45 139045
-6223.18 138735 -5376.04 139294
-4752.65 141801 -1724.76 146485
-2785.63 141877 -3250.95 139214
-2080.98 139699 889.024 140984
4923.24 131112 3590.75 127454
4680.57 127225 3896.88 127035
1865.3 128407 1865.3 128407
1888.67 129302 -4924.19 131671
-3604.94 131700 -3604.94 131700
