3.30013e+07 1.11467e+07 3.30013e+07 1.11447e+07
3.30013e+07 1.11481e+07 3.3e+07 1.11586e+07
3.29979e+07 1.11572e+07 3.29956e+07 1.11526e+07
3.29964e+07 1.11511e+07 3.29974e+07 1.11517e+07
3.29945e+07 1.11528e+07 3.29739e+07 1.11488e+07
3.29952e+07 1.11311e+07 3.30051e+07 1.11528e+07
2.00375e+07 2.00375e+07 3.30281e+07 1.11052e+07
3.30282e+07 1.11099e+07 3.30282e+07 1.11098e+07
3.30279e+07 1.11076e+07 3.30287e+07 1.11057e+07
3.3028e+07 1.11094e+07 3.3028e+07 1.11097e+07
3.30212e+07 1.11112e+07 3.30206e+07 1.11194e+07
3.30182e+07 1.11244e+07 3.3014e+07 1.11242e+07
3.30065e+07 1.1131e+07 3.29981e+07 1.11435e+07
3.29969e+07 1.1141e+07 3.2997e+07 1.11411e+07
3.29972e+07 1.11428e+07 3.29974e+07 1.11464e+07
3.29933e+07 1.11573e+07 3.29939e+07 1.11587e+07
3.29961e+07 1.11522e+07 3.2999e+07 1.1158e+07
3.29987e+07 1.11619e+07 3.29987e+07 1.11654e+07
3.3001e+07 1.11697e+07 3.30006e+07 1.117e+07
3.29993e+07 1.11666e+07 3.29976e+07 1.11664e+07
3.29976e+07 1.11642e+07 3.29967e+07 1.11588e+07
3.29965e+07 1.1164e+07 3.29909e+07 1.11643e+07
3.29882e+07 1.11697e+07 3.29872e+07 1.11709e+07
3.29883e+07 1.1171e+07 3.29883e+07 1.11711e+07
3.29884e+07 1.11674e+07 3.29887e+07 1.11561e+07
3.29845e+07 1.11549e+07 3.29835e+07 1.11515e+07
3.29865e+07 1.11521e+07 3.29926e+07 1.11536e+07
3.29922e+07 1.1149e+07 3.29937e+07 1.11439e+07
3.29974e+07 1.11435e+07 3.30151e+07 1.11214e+07
3.30159e+07 1.11145e+07 3.30154e+07 1.11211e+07
3.30131e+07 1.1125e+07 3.3002e+07 1.11369e+07
3.30043e+07 1.11421e+07 3.30044e+07 1.11509e+07
3.30058e+07 1.1151e+07 3.30049e+07 1.1151e+07
3.30076e+07 1.11508e+07 3.30075e+07 1.11514e+07
3.30073e+07 1.11509e+07 3.30037e+07 1.11511e+07
3.30015e+07 1.11503e+07 3.29981e+07 1.11469e+07
3.29983e+07 1.11511e+07 3.30007e+07 1.11536e+07
3.30029e+07 1.11534e+07 3.30046e+07 1.11543e+07
3.30031e+07 1.11537e+07 3.30031e+07 1.11534e+07
3.30016e+07 1.1153e+07 3.30016e+07 1.11531e+07
3.30013e+07 1.11531e+07 3.29987e+07 1.11453e+07
3.29984e+07 1.11526e+07 3.30013e+07 1.11554e+07
3.29986e+07 1.11637e+07 3.29933e+07 1.1164e+07
3.2993e+07 1.11622e+07 3.29897e+07 1.11504e+07
3.29888e+07 1.11512e+07 3.29883e+07 1.11513e+07
3.29887e+07 1.11514e+07 3.29904e+07 1.1151e+07
3.29898e+07 1.11504e+07 3.299e+07 1.11615e+07
3.29944e+07 1.11603e+07 3.30012e+07 1.11507e+07
3.30009e+07 1.11536e+07 3.29973e+07 1.1151e+07
3.29963e+07 1.11482e+07 3.29985e+07 1.11455e+07
3.29982e+07 1.11497e+07 3.29967e+07 1.11526e+07
3.29947e+07 1.11528e+07 3.29919e+07 1.11529e+07
3.29832e+07 1.11442e+07 3.29766e+07 1.11382e+07
3.29869e+07 1.11529e+07 3.29903e+07 1.11529e+07
3.29906e+07 1.11441e+07 3.30039e+07 1.1141e+07
3.30044e+07 1.11513e+07 3.3004e+07 1.1161e+07
3.3003e+07 1.11581e+07 3.30122e+07 1.1112e+07
3.30306e+07 1.11028e+07 3.30306e+07 1.11028e+07
3.30306e+07 1.11028e+07 3.30306e+07 1.11027e+07
3.30306e+07 1.11028e+07 3.30306e+07 1.11028e+07
3.30306e+07 1.11028e+07 3.30306e+07 1.11027e+07
3.30306e+07 1.11027e+07 3.30306e+07 1.11027e+07
3.30306e+07 1.11027e+07 3.30306e+07 1.11028e+07
3.30306e+07 1.11028e+07 3.30306e+07 1.11027e+07
3.30306e+07 1.11027e+07 3.30306e+07 1.11027e+07
3.30306e+07 1.11027e+07 3.30306e+07 1.11027e+07
3.30306e+07 1.11027e+07 3.30306e+07 1.11027e+07
3.30306e+07 1.11027e+07 3.30306e+07 1.11027e+07
3.30306e+07 1.11028e+07 3.30306e+07 1.11028e+07
3.30306e+07 1.11028e+07 3.30306e+07 1.11028e+07
3.30306e+07 1.11028e+07 3.30306e+07 1.11028e+07
3.30306e+07 1.11028e+07 3.30306e+07 1.11028e+07
3.30306e+07 1.11028e+07 3.30306e+07 1.11028e+07
3.30306e+07 1.11027e+07 3.30306e+07 1.11027e+07
3.30306e+07 1.11027e+07 3.30306e+07 1.11027e+07
3.30306e+07 1.11027e+07 3.30306e+07 1.11028e+07
3.30306e+07 1.11028e+07 3.30306e+07 1.11028e+07
3.30306e+07 1.11028e+07 3.30306e+07 1.11027e+07
3.30306e+07 1.11027e+07 3.30306e+07 1.11027e+07
3.30306e+07 1.11028e+07 3.30306e+07 1.11027e+07
3.30306e+07 1.11028e+07 3.30306e+07 1.11027e+07
3.30306e+07 1.11027e+07 3.30306e+07 1.11027e+07
3.30306e+07 1.11028e+07 3.30306e+07 1.11027e+07
3.30306e+07 1.11026e+07 3.30306e+07 1.11027e+07
3.30306e+07 1.11027e+07 3.30306e+07 1.11027e+07
3.30306e+07 1.11027e+07 3.30307e+07 1.11051e+07
3.30281e+07 1.11078e+07 3.30281e+07 1.11098e+07
3.30281e+07 1.11076e+07 3.30307e+07 1.11048e+07
3.3029e+07 1.11025e+07 3.302e+07 1.11144e+07
3.30213e+07 1.11244e+07 3.30145e+07 1.11244e+07
3.30102e+07 1.11271e+07 3.30009e+07 1.11426e+07
3.30013e+07 1.11536e+07 3.29991e+07 1.11637e+07
3.29959e+07 1.11648e+07 3.2993e+07 1.11602e+07
3.29924e+07 1.11652e+07 3.29923e+07 1.11651e+07
3.29923e+07 1.11651e+07 3.29923e+07 1.1165e+07
3.2993e+07 1.11598e+07 3.29931e+07 1.11598e+07
3.29916e+07 1.11584e+07 3.29926e+07 1.11405e+07
3.29939e+07 1.1141e+07 3.2994e+07 1.1135e+07
3.29963e+07 1.1135e+07 3.29952e+07 1.11398e+07
3.29965e+07 1.11435e+07 3.29973e+07 1.11455e+07
3.29972e+07 1.11419e+07 3.29972e+07 1.11386e+07
3.29967e+07 1.11407e+07 3.29955e+07 1.11407e+07
3.29962e+07 1.11434e+07 3.29974e+07 1.11526e+07
3.30037e+07 1.11527e+07 3.30176e+07 1.11525e+07
3.30129e+07 1.11509e+07 3.29987e+07 1.11448e+07
3.30007e+07 1.11437e+07 3.30013e+07 1.11435e+07
3.30008e+07 1.11429e+07 3.3e+07 1.1144e+07
3.29982e+07 1.1139e+07 3.29891e+07 1.11352e+07
3.29879e+07 1.11375e+07 3.29877e+07 1.11375e+07
3.29875e+07 1.11375e+07 3.29852e+07 1.11376e+07
3.2989e+07 1.11455e+07 3.29892e+07 1.11456e+07
3.29899e+07 1.11464e+07 3.29827e+07 1.11434e+07
3.29817e+07 1.11466e+07 3.29817e+07 1.11466e+07
3.29828e+07 1.11464e+07 3.29844e+07 1.11487e+07
3.29856e+07 1.11483e+07 3.29885e+07 1.11474e+07
3.29896e+07 1.11437e+07 3.29907e+07 1.11363e+07
3.2988e+07 1.11394e+07 3.29922e+07 1.11494e+07
3.29904e+07 1.11514e+07 3.29897e+07 1.11514e+07
3.29896e+07 1.1152e+07 3.29896e+07 1.11546e+07
3.29828e+07 1.11565e+07 3.29828e+07 1.11565e+07
3.29827e+07 1.11553e+07 3.29827e+07 1.11549e+07
3.29844e+07 1.11528e+07 3.29844e+07 1.11429e+07
3.29915e+07 1.1133e+07 3.29821e+07 1.11116e+07
3.29798e+07 1.11151e+07 3.29798e+07 1.11152e+07
3.29802e+07 1.11165e+07 3.29975e+07 1.11527e+07
3.29931e+07 1.11529e+07 3.29895e+07 1.11533e+07
3.29903e+07 1.11548e+07 3.29929e+07 1.11639e+07
3.29934e+07 1.11588e+07 3.29941e+07 1.1143e+07
3.29926e+07 1.11437e+07 3.29895e+07 1.1146e+07
3.29894e+07 1.11504e+07 3.2989e+07 1.11504e+07
3.29882e+07 1.11485e+07 3.29875e+07 1.11474e+07
3.29893e+07 1.11473e+07 3.29899e+07 1.11545e+07
3.29852e+07 1.11584e+07 3.29865e+07 1.11559e+07
3.29855e+07 1.11528e+07 3.298e+07 1.11307e+07
3.29786e+07 1.11309e+07 3.29788e+07 1.11309e+07
3.29804e+07 1.11316e+07 3.29838e+07 1.11339e+07
3.2984e+07 1.11371e+07 3.29856e+07 1.11527e+07
3.29877e+07 1.11513e+07 3.29938e+07 1.11412e+07
3.29944e+07 1.11431e+07 3.29939e+07 1.11434e+07
3.29942e+07 1.11419e+07 3.2998e+07 1.11528e+07
3.29982e+07 1.11456e+07 3.29993e+07 1.11401e+07
3.29928e+07 1.11393e+07 3.29893e+07 1.11351e+07
3.2987e+07 1.11346e+07 3.2987e+07 1.1134e+07
3.2987e+07 1.11346e+07 3.29863e+07 1.11343e+07
3.2987e+07 1.11337e+07 3.29881e+07 1.11338e+07
3.29891e+07 1.11314e+07 3.29874e+07 1.1126e+07
