5575.57 95752.4 4059.4 111184
68.5996 113931 68.5996 113931
-544.771 114187 -4220.54 120675
-3822.02 124965 -1952.96 126779
-3932.22 126290 -5103.3 124152
-3686.21 124967 -3468.02 123841
-3991.22 125913 -2194.53 117700
-4283.99 120376 -4283.99 120376
-4181.58 120298 -3749.66 130705
-9408.03 137508 -8179.06 143709
-7715.97 136725 -7715.97 136725
-7602.43 137413 -8107.82 139245
-12939.1 139436 -12737.6 142821
-11370.6 143406 -11370.6 143406
-11293.8 143382 -10875.2 152719
-11753.5 149466 -13696.1 149270
-15627.4 143054 -19211.9 127570
-18154.4 129304 -18154.4 129304
-18078.7 130048 -17371.8 133652
-13528 135416 3604.11 135843
3387.03 133721 455.991 141449
-1302.86 139289 -1733.66 136286
-3233.14 135932 -3187.5 134806
-6200.91 140434 -6200.91 140434
-6753.06 140465 -7229.51 140002
-8028.78 143571 -8028.78 143571
-8264.78 143606 -8264.78 143606
-8565.34 143622 -8565.34 143622
-8656.62 143466 -8770.17 152984
-7436.56 152922 -2853.54 153009
-4312.94 154340 -8357.17 154574
-8435.1 156867 -8435.1 156867
-7827.29 156871 -6723 156856
-8412.83 155787 -8412.83 155787
-8386.12 155230 -9138.64 154571
-11554.3 156776 -14810.4 157232
-14709.1 158401 -14709.1 158401
-14765.8 157969 -14364 155360
-10089.3 154656 -6745.27 154460
-5413.89 152795 1313.15 152011
1298.68 142863 1298.68 142863
1605.92 142654 1605.92 142654
1323.17 141959 -7980.91 135026
-11002.1 126432 -14400.7 117462
-13623.7 116375 -12287.9 116093
-13248.6 114699 -13956.5 118778
-9894.49 129420 -6109.63 143475
-7930.82 143653 -10436.6 151005
-14957.3 155170 -26471.1 155593
-31547.2 160476 -32000.3 161914
-31854.5 157673 -27865.9 156989
-26222.8 154271 -19321 152862
-14151.4 155299 -14151.4 155299
-14080.1 155146 -14080.1 155146
-14061.2 155090 -14061.2 155090
-13918.7 155177 -11078.9 161500
1260.83 157684 1260.83 157684
1628.19 157000 1628.19 157000
1235.23 157568 2760.3 160914
1228.55 159717 569.537 148206
-725.108 147687 -725.108 147687
-1563.34 147594 -1563.34 147594
-712.863 147728 -712.863 147728
-713.976 147652 -9023.98 147340
-5241.34 145450 -708.41 147681
-4119.24 147062 -9133.07 145450
-6836.55 144789 -2514.01 145368
78.6183 143923 1404.43 141801
114.241 143119 5666.86 131889
24605.6 104927 24605.6 104927
24590.1 104805 24590.1 104805
24601.2 104943 24601.2 104943
24599 104954 24599 104954
24593.4 104881 24593.4 104881
24584.5 104865 24584.5 104865
24580 104845 24580 104845
24590.1 104892 24590.1 104892
24593.4 104890 24593.4 104890
24594.5 104890 24594.5 104890
24593.4 104892 24593.4 104892
24590.1 104885 24590.1 104885
24587.8 104881 24587.8 104881
24585.6 104878 24585.6 104878
24584.5 104878 24584.5 104878
24583.4 104878 24583.4 104878
24582.3 104874 24582.3 104874
24586.7 104800 24397.5 105878
20048.2 105996 13281.1 105838
12070 113089 9785.68 119900
7046.11 122839 8030.17 124551
6950.37 124290 6950.37 124290
6949.26 124272 6949.26 124272
6950.37 124268 6950.37 124268
6950.37 124119 8375.26 119265
11722.6 117362 13679.6 106036
15829.2 104776 11423.2 108514
11955.3 111388 14994.3 117950
12521.9 117019 12600.9 115240
12429.5 119274 14218.4 122549
462.671 141658 -2355.94 153300
-3273.21 150989 -4151.52 152194
-2335.9 153124 -2335.9 153124
-2475.05 152750 -2475.05 152750
-2294.71 152672 -3932.22 152597
-3552.62 150811 -1580.04 147581
-4155.98 143553 -7847.33 140374
-7494.45 138495 -5899.24 147095
-4407.56 147968 -4407.56 147968
-4605.71 147498 -2844.63 138132
-1190.42 140993 -1190.42 140993
-1542.19 140407 -1542.19 140407
-1548.87 140398 -1023.44 151811
-2191.19 152630 -4862.85 153162
-4587.89 151341 -4587.89 151341
-4781.59 150435 -2961.52 165145
1091.63 161919 4862.02 160952
7106.22 162270 8478.79 164508
7108.44 163012 6146.64 163559
5561.1 163021 4450.13 156773
3055.3 156023 1677.17 154338
1330.96 154340 -1446.46 152581
-2361.5 152697 -2361.5 152697
-2223.47 152697 -2223.47 152697
-2040.9 152668 1260.83 153850
-258.68 158588 -239.755 159795
643.008 159692 643.008 159692
874.553 159806 209.975 160859
1181.79 159803 2610.02 163664
1258.6 155177 1258.6 155177
1266.4 155046 -1027.9 151648
-632.713 153480 -632.713 153480
-987.822 153131 -502.469 158639
-3243.16 160914 -8280.36 159258
-6937.85 161611 -6048.41 167574
-5928.18 166785 -7046.94 164383
-15249 162655 -14612.2 155199
-13838.5 156003 -12695.3 155055
-15629.7 163390 -15629.7 163390
-15891.3 163375 -15500.5 153171
-14369.5 153509 -11648.9 152897
-9155.33 154402 -9155.33 154402
-9549.4 154578 -6352.31 149375
-3689.55 148166 -2108.81 147055
-1560 153734 -1818.27 145937
-7344.17 143615 -11878.2 146162
-12840 152073 14152.7 152701
14040.3 154131 15572.1 149428
14193.9 151165 5890.61 150918
5800.44 147492 5800.44 147492
6020.85 147496 4425.64 142943
-2078.75 134659 -16040.4 136119
-5475.11 134906 4421.19 141373
5282.8 140198 5318.43 132944
14727.2 122053 15397.3 115590
15217 118695 1472.34 139828
-5456.19 143595 -10455.5 149437
-17036.8 161941 -18399.3 166207
-16402.2 163838 -16402.2 163838
-16218.6 163844 -9797.65 166696
-7861.8 165527 -1819.38 163056
-14359.5 169929 -17616.7 166981
-16168.5 167698 -11478.6 164630
-10749.4 158481 -10817.3 156188
-14199.2 155190 -4220.54 162391
-3239.82 158842 -2965.97 152637
-7420.98 152897 -22647.3 152806
-20621.2 151085 -21959.3 154674
-15739.9 149190 -12825.5 141186
-3987.88 139194 -1306.2 141226
-3563.76 141814 -3563.76 141814
-2829.05 141638 -2772.27 143397
-354.414 141654 2387.38 139866
4408.95 135707 11107 118829
12631 107414 24672.4 104740
22158.8 103213 18502 105985
15347.2 105885 12385 109385
11828.4 116084 6886.92 122921
9201.25 123081 7168.56 129206
4174.06 131709 4174.06 131709
3192.22 131780 664.159 141068
-2374.86 138971 -2918.1 134688
-7725.99 134957 -14868.2 135803
-14858.2 137034 -16574.8 137491
-14930.6 135536 -9964.63 136324
-11107.9 135155 -12883.4 135654
-8547.53 135077 -11127.9 115737
-12935.7 113116 -14439.7 113686
-11418.5 113653 -11418.5 113653
-11494.2 113633 -14402.9 113797
-14919.5 116498 -10924.2 129834
-11373.9 129845 -11373.9 129845
-10944.2 130555 -7108.17 130569
-6679.59 134977 491.614 136469
4421.19 146418 2573.29 151902
596.254 151550 596.254 151550
-16.0032 152296 -16.0032 152296
-693.939 152688 -5.98447 149627
-1.53169 151454 -79.4553 152623
1209.62 154131 1209.62 154131
1507.96 154331 2280.52 152588
-762.957 152619 -5515.19 152795
-10456.7 148745 -11519.8 147080
-10206.2 145681 -10151.6 146953
-10179.5 145566 -10179.5 145566
-10310.8 145486 -10310.8 145486
-10311.9 145437 -10311.9 145437
-10314.2 145479 -10314.2 145479
-10311.9 145508 -10311.9 145508
-10667.1 145454 -11489.7 143453
-6971.25 139330 -4762.67 138786
-4474.35 136137 -2156.68 135478
-2840.18 138642 -3801.98 143422
-7143.79 143611 -8440.66 138671
-8336.02 140939 -8336.02 140939
-8863.68 140316 -8608.75 136295
-8920.45 138662 -11329.4 137653
-8809.13 139423 -4341.88 139214
-3660.6 136317 -1490.99 135914
-2554.09 137235 -4169.33 139138
-8873.7 139198 -8920.45 142785
-8740.11 143252 -1799.34 146383
-3009.38 152474 -3009.38 152474
-3009.38 152479 7.37387 152314
19.619 148687 1038.19 147033
1260.83 154547 718.705 158608
-1798.23 163666 -2190.07 162638
-1850.55 165287 -2962.63 165672
2389.61 160857 -4302.92 164056
-7033.58 162602 -7033.58 162602
-6727.46 162293 -5594.22 167291
-5622.05 162203 -3274.32 158425
-3513.66 154427 -2606.41 153031
-4052.45 153990 -4728.16 164016
-5549.7 162415 -7820.61 165545
-10953.1 165336 -13966.6 165465
-15555.1 156059 -10438.8 150628
-9644.03 143497 -9644.03 143497
-9495.97 143117 -6292.2 145779
-7848.44 142974 -8897.07 134997
-12188.8 133799 -12188.8 133799
-12374.7 133801 -7749.37 138283
-6126.33 142780 -6165.29 145989
-3393.44 145410 1247.47 150624
1951.01 158323 1951.01 158323
1607.03 159122 -717.316 147797
9.60025 151207 24501 104731
20088.3 106036 12224.7 111275
10484.8 119515 2003.33 133552
1659.36 131072 1659.36 131072
1875.31 131103 2595.55 139269
1503.51 140766 -1632.36 146109
-2713.27 146325 -2000.83 143600
-1535.51 147434 1703.88 148028
1398.87 146957 2080.14 144760
-623.808 140202 -1352.95 135954
-3490.28 137691 -13273 145920
-14730.2 145650 -21230.2 122405
-22902.2 121886 3814.5 129208
9666.57 127194 15601 120107
15862.6 114345 15533.1 116514
16009.6 114670 15970.6 123199
13339 124865 13601.7 138388
15478.6 145862 15677.8 149622
14092.6 151132 14092.6 151132
13935.7 151098 8556.71 150646
7614.95 152732 3061.98 152227
2594.44 151488 2594.44 151488
2352.88 152405 2352.88 152405
2437.48 152367 5978.55 151316
5985.23 151744 5985.23 151744
5637.91 150940 2502.04 150862
1877.54 148447 1310.93 143898
594.028 143397 594.028 143397
-109.512 143709 -109.512 143709
-966.672 143562 -1649.06 145439
-263.132 146737 -263.132 146737
-165.171 147022 -1144.78 151575
-1720.3 152659 -1720.3 152659
-2197.87 153031 -2197.87 153031
-2394.9 152893 -2394.9 152893
-2387.11 152715 1234.11 156486
1959.92 161366 1959.92 161366
2224.86 161678 1373.26 161072
-1807.13 146038 -6760.85 142286
-7734.9 143068 -4173.79 139176
-313.226 138354 -313.226 138354
-308.773 138357 267.861 139381
-1049.05 141885 -1049.05 141885
-1159.25 141578 -2094.34 141298
-1173.73 141861 -1623.46 152632
1922.07 154344 4162.93 154327
3084.24 153365 3084.24 153365
3089.81 152815 3164.39 151018
2240.44 151475 -897.654 155907
-2531.82 155012 -455.715 155807
-1163.71 149037 -1163.71 149037
-737.354 148220 -17956.3 149083
-18589.7 148248 -18589.7 148248
-18282.4 149117 -16944.4 149391
-20625.7 148110 -17299.5 149168
-17409.7 143482 -18009.7 145074
-18085.4 142838 -18085.4 142838
-18171.1 142845 -16410 141144
-15900.2 135567 -15900.2 135567
-15204.4 135647 -15204.4 135647
-15400.4 136148 -15400.4 136148
-15415.9 136141 -15415.9 136141
-15434.9 136121 -15434.9 136121
-15131 135959 -14785.9 137540
-8221.36 137410 -8221.36 137410
-8220.25 137402 -8220.25 137402
-8958.3 137161 -8323.78 151987
-7905.22 152848 -7905.22 152848
-8071.08 152884 -11976.2 157684
-18401.5 155148 -25553.8 154229
-19437.9 155170 -13776.2 157016
-14059 155104 -14059 155104
-14170.3 155097 -14170.3 155097
-13669.3 154476 -10758.3 148286
-8605.42 146999 -5383.83 143063
-7237.3 139597 -7237.3 139597
-7256.22 139534 -5984.95 143054
-7862.91 142613 -6217.61 139650
-4976.4 140688 -4976.4 140688
-4974.17 140710 -3953.37 139105
-3692.89 147115 -2961.52 145423
-1543.31 146434 -2503.99 146975
-3608.28 145412 -1595.63 145385
1010.36 142489 1010.36 142489
1073.81 142404 550.613 152617
-8693.36 144098 -8675.55 145114
-5508.51 143057 -2791.2 141547
-4000.13 139131 -5873.63 137767
-6558.25 138991 649.687 141934
3714.31 137595 15204.7 105927
18782.5 106152 18782.5 106152
18758 106147 18758 106147
18793.7 106179 18793.7 106179
18991.8 106032 18991.8 106032
19005.2 105878 24405.3 105664
19804.4 106034 12101.1 112564
10225.4 119853 2471.99 132383
1906.48 129077 -331.037 127492
1107.21 124678 2697.97 122725
1103.87 124529 1855.28 127352
-771.863 125025 -2669.86 123003
-3618.3 125399 -3618.3 125399
-3606.06 125513 -3606.06 125513
-3601.6 125760 -3601.6 125760
-3613.85 126234 -3610.51 138835
-282.057 140688 1897.58 152715
13243.3 124515 15872.6 114327
13464.8 116068 13464.8 116068
13468.1 116068 13468.1 116068
13469.2 116070 13469.2 116070
13470.4 116070 13470.4 116070
13469.2 116068 13469.2 116068
13468.1 116064 13468.1 116064
13468.1 116062 13468.1 116062
13468.1 116059 13468.1 116059
13468.1 116057 13468.1 116057
13395.8 116062 15430.7 117974
15323.8 116654 15323.8 116654
15322.7 116656 15322.7 116656
15286 116293 15286 116293
15210.3 115516 15210.3 115516
15328.3 115017 15328.3 115017
15363.9 115327 15363.9 115327
15976.2 114681 13507.1 124215
5098.01 131446 -3754.11 127285
-9465.91 127118 -11656.7 124736
-12884.5 119370 -12884.5 119370
-12589.5 119236 -13743.9 120370
-11670 128946 -12245.6 133819
-10799.5 133699 -7961.99 132884
-7042.49 134000 -7042.49 134000
-7034.7 134178 3440.47 137085
4410.06 138927 4398.93 134970
8039.08 126966 11110.4 118818
12525.3 107871 21334 104126
20966.6 103068 20966.6 103068
20974.4 103068 20974.4 103068
20975.5 103071 20975.5 103071
20977.7 103071 20977.7 103071
20978.9 103071 20978.9 103071
20884.2 103164 20884.2 103164
20982.2 103055 20982.2 103055
20978.9 103053 20978.9 103053
20976.6 103055 20976.6 103055
20975.5 103057 20975.5 103057
20974.4 103062 20974.4 103062
20938.8 103086 20938.8 103086
20980 103037 20980 103037
20977.7 103048 20977.7 103048
20977.7 103051 20977.7 103051
20977.7 103053 20977.7 103053
20977.7 103057 20977.7 103057
20977.7 103059 20977.7 103059
20977.7 103057 25249.1 102897
21493.1 101548 20991.1 103024
22596.3 103249 24572.2 104896
21762.5 106041 15477.4 105894
12516.3 107975 9468.42 119762
3301.32 119181 1116.12 126624
1977.73 132690 -557.016 135195
-3825.36 143482 -3825.36 143482
-4118.13 143506 -10547.9 145499
-10781.7 149128 -10781.7 149128
-11214.7 148896 -11214.7 148896
-11761.3 148220 -15578.5 152211
-15788.9 163368 -15788.9 163368
-15630.8 163849 -16422.3 151092
-12955.8 152877 -3961.17 152737
-711.75 155088 -587.072 156733
-3093.99 152467 -4590.12 146432
-4597.91 143716 -4747.08 135126
-9184.28 131201 -13601.4 119648
-12451.5 114436 -11183.6 114073
-12605.1 112557 -16564.8 115817
-15324.7 119486 -13326.5 124261
-12096.4 123745 -12096.4 123745
-12081.9 123783 -8521.93 133040
-7939.72 139147 -7939.72 139147
-8496.32 138726 -3685.09 138386
-5380.49 137827 -3623.87 151011
-2633.12 150535 -2633.12 150535
-2626.45 150800 -3593.81 151350
-1918.45 149017 104.222 142291
6982.65 129890 15075.6 121494
15879.3 114341 15371.7 118653
11540.1 117996 3846.78 130306
3155.49 130629 5921.78 139757
4852 140254 4852 140254
4324.34 140127 5453.12 135709
3903.56 137272 3903.56 137272
3450.49 138094 -1065.75 146356
1790.71 146979 3284.62 146975
2881.64 142524 2881.64 142524
2844.91 142280 511.651 152621
-3592.7 152668 -14399.6 155308
-14343.9 152919 -14343.9 152919
-14287.2 152325 -16484.6 152672
-17168.1 143504 -18921.4 140795
-17237.1 145457 -17237.1 145457
-17496.5 145399 -18031.9 146258
-17223.8 147182 -12422.6 137780
-12441.5 137502 -10438.8 141616
-10899.7 145330 -9947.93 141605
-11223.6 159848 -7030.24 162235
-7413.18 163880 -7413.18 163880
-7384.24 163214 -10648.1 161507
-10404.3 153403 -8550.87 143689
-24679.9 152855 -24297 150620
-21005.3 147997 -21005.3 147997
-20639.1 148407 -20639.1 148407
-20655.8 148810 -20971.9 150562
-18823.4 150553 -18823.4 150553
-18343.6 151174 -18343.6 151174
-18565.2 150337 -10914.2 145592
-2243.51 143442 -1556.66 154097
579.556 158082 1948.79 159750
1966.6 158399 -3479.15 156170
-3365.61 154209 -3365.61 154209
-2771.16 153447 -1586.72 154213
-1779.3 147209 -3332.21 133536
-2240.17 133679 -3297.7 150749
-3169.68 147040 -3169.68 147040
-2723.29 146748 -2752.24 143551
-7869.59 141042 -7424.32 134345
-9025.09 133679 -9025.09 133679
-9222.13 133592 -11593.2 126548
-11884.9 130520 -9497.08 133036
-9864.44 136286 -9864.44 136286
-9548.29 136286 -12228.9 133757
-12909 134656 -10889.7 134527
-10202.8 136257 -10202.8 136257
-10153.9 136273 -10153.9 136273
-9911.19 136271 3424.88 148233
1332.08 147057 1309.81 143807
1205.17 149039 2325.05 138519
3960.33 134300 3410.41 131833
1974.39 133067 2433.03 135843
-1779.3 134643 -1750.36 135965
479.369 136520 2097.95 136560
1281.98 143157 2360.67 147957
594.028 143867 3429.34 138691
2258.25 142119 2918.38 139071
690.876 142930 -1770.4 145327
-3727.4 145058 -3727.4 145058
-3688.43 145421 -1683.57 151822
3029.7 155974 4620.45 158521
3096.49 157907 3096.49 157907
3094.26 157900 3094.26 157900
2919.49 158045 -472.413 157964
-1700.27 149740 6565.21 130317
24577.8 104925 24577.8 104925
24587.8 104905 24587.8 104905
24571.1 104910 24571.1 104910
24583.4 104878 24583.4 104878
24581.2 104898 24581.2 104898
24581.2 104892 24581.2 104892
24581.2 104896 24581.2 104896
24580 104901 24580 104901
24580 104912 24580 104912
24581.2 104912 24581.2 104912
24580 104910 24580 104910
24578.9 104914 24578.9 104914
24555.5 104927 24555.5 104927
24544.4 105023 12987.2 106250
12059.9 113210 8427.58 125706
5581.14 127113 2055.65 127643
1907.6 129952 1899.81 136756
4376.66 142807 4844.21 149333
3098.72 151065 1817.43 154318
34.0905 152608 -1799.34 146490
-6006.11 143582 -10559.1 145207
-10484.5 148600 -10407.7 154122
-14340.6 154460 -7163.83 152913
-5661.01 153585 4637.15 152897
5782.63 147507 5936.25 146118
4415.63 149707 -4236.13 154258
-7174.96 154467 -15411.5 155333
-14652.3 157127 -14030 158002
-13491.2 154086 -10844.1 152594
-8792.43 143724 -2684.33 143094
-2488.41 140636 -2488.41 140636
-2735.54 140632 974.74 142335
1264.17 152971 3053.08 153716
1725.03 154358 -2555.2 152361
-3569.32 152494 -3557.08 150898
-3532.59 154418 -2583.03 158058
-1007.86 154698 -1819.38 144018
-6297.76 142634 -6297.76 142634
-6966.79 141939 -6966.79 141939
-7001.3 142500 -7562.35 140645
-11464.1 139450 -16177.4 135536
-18846.8 141391 -18846.8 141391
-18429.4 141627 -15909.1 140743
-8547.53 142097 -8547.53 142097
-8381.66 141892 -8723.41 142979
