-1751.47 145307 -5288.09 143582
-6258.8 143575 -7348.62 143584
-7909.67 141618 -10379.8 141549
-10601.4 140131 -8970.54 139552
-9185.39 137426 -8190.19 133826
-11851.5 124232 -13505.7 117034
-12130.9 117348 -14105.7 115129
-13001.4 114483 -12900.1 115536
-11677.8 117090 -13622.6 114060
-14199.2 115331 -10900.8 118597
-9306.73 118709 -1434.21 115456
174.353 112982 4667.21 111054
5387.44 103914 4656.08 111115
3328.03 111669 -1516.59 116360
-3201.97 115741 -4035.75 113212
-5802.39 114552 -16457.5 114938
-14135.8 115278 -20199.3 103324
-21081 100178 -24664.4 87091.8
-23836.1 84858.7 -25254.4 85003.4
-24682.2 87586 -17383 110104
-16063.8 113739 -14170.3 114793
-15222.2 115093 -7753.82 138666
-7788.33 139060 -10360.9 139387
-10682.6 137526 -15377 136569
-15432.6 136157 -2388.22 134708
1303.13 137560 2982.94 137130
6208.98 131292 15188 121274
15768 114837 16501.6 122073
16985.8 121939 13343.4 117927
13118.6 114594 12368.3 109583
10413.5 109859 3047.51 112101
513.878 113826 -4570.04 120620
-3461.34 118519 -2257.98 117444
-2207.88 115741 -4076.94 115743
-1538.85 116255 -3572.66 117139
-3729.62 119279 -4702.55 140280
-4749.31 138303 -5623.17 134875
-7970.89 135044 -12069.7 135244
-13067.1 133911 -9180.94 133652
-9005.05 134912 -7739.35 137422
-7650.29 137272 -7265.13 135057
-4954.14 134890 -3127.38 123077
-3914.41 123106 -3694 117141
-1932.92 116251 4929.92 108703
5172.6 103556 3253.45 111785
2443.04 113036 -9020.64 139416
-878.729 114626 -4335.2 123482
-4732.61 129776 -4771.57 133931
-6338.95 135449 -8117.84 149257
-6603.89 149531 -4329.63 149128
-3869.88 150337 -3402.34 149139
-1887.28 149074 -2401.58 147296
-1732.55 151252 -583.733 157448
-2337.01 160928 -6296.65 163279
-6930.06 164034 -4595.69 164058
-5595.34 164595 342.446 163045
1230.78 159463 684.196 152608
26.2982 151693 439.293 141576
-3186.38 139078 -9956.83 139410
-10712.7 137110 -11336.1 133788
-10782.8 135028 -9775.38 139445
-6194.23 139830 -6108.52 143415
-4251.71 143582 -1873.93 144268
-2407.15 145236 -1876.15 143978
-1755.93 149673 -2121.39 151544
-393.376 151528 804.421 151432
19.619 149887 1198.49 149328
1434.49 149317 7245.37 147514
7201.95 145641 1337.64 146950
99.769 144312 -1794.89 147496
-1735.89 150154 -1013.56 153880
-703.958 152712 -1827.17 144450
-397.829 143246 2367.35 138642
361.37 136284 -8474.06 133100
-9792.08 129453 -9127.5 127169
254.503 128422 6402.68 130974
9054.31 127630 15142.4 121349
15573.2 114550 15435.1 118317
12654.4 118170 7378.95 114203
5946.27 111115 4711.74 110048
5022.32 105437 5155.9 103507
4996.71 107942 2589.99 112684
83.0711 113924 -3916.64 119294
-4437.61 124709 -3748.55 145428
-3430.17 145410 -1581.16 149050
-2367.07 148175 -451.262 147031
577.33 148017 -1018.99 152372
-1501.01 151829 -1844.98 143782
2834.89 137422 3628.6 135994
5488.75 136609 5497.65 138466
3411.52 137027 -1443.12 145365
-2550.75 144550 -1562.23 149005
-2666.52 148881 -2377.09 147057
-2025.32 148427 -1898.42 145423
-1030.12 145354 1178.45 145307
1320.94 143593 2274.59 142248
744.309 141868 -2837.95 138194
-637.166 134465 516.104 129556
4406.72 130099 6109.91 131490
9649.87 127189 15500.8 120590
15653.3 114853 15749.1 119762
14543.5 118531 11091.5 117268
10315.6 118266 6707.69 115754
4683.91 111195 5001.17 106377
-4043.54 164127 5150.33 103545
4997.83 108060 -3067.27 116445
-2832.39 117932 -1950.74 115770
-1226.05 117014 -3741.87 115752
-4062.47 120143 -2942.59 133427
-4757.1 133292 -4182.69 132341
-3756.34 133309 -4052.45 134278
-8088.89 135004 -10786.2 140367
-10457.8 149259 -10562.4 141698
-12148.7 140652 -11106.8 139485
-9659.61 142843 -10841.8 154654
-10663.7 151414 -9871.12 144435
-4672.5 143696 -4727.04 140282
-936.615 135333 3614.13 120448
3960.33 111184 4697.26 110366
5153.67 103545 4661.64 110963
2175.88 113434 -1752.59 115999
-1233.84 116997 -2219.02 116712
-3177.48 115719 -1525.5 115590
-1867.25 109418 -3778.6 109066
-1981.91 109164 -1841.64 112444
-4043.54 112399 -2465.03 118030
-3997.9 119328 -5393.85 121719
-3976.75 123057 -2364.84 123052
-711.75 127868 2529.87 129324
1405.55 131328 2559.93 132597
1750.64 134892 3454.94 137114
7296.57 137497 9669.91 139109
9384.93 139911 11451 139813
8967.48 141155 6925.88 145788
3904.67 146973 -5354.89 147062
-5859.16 144749 -4259.5 154772
-5529.66 157448 -5766.77 162224
-7011.32 162475 -3197.51 161070
-3396.78 155228 -1248.31 155999
-5381.6 156239 -10802.9 156840
-15359.2 155115 -15894.6 149103
-18036.4 150377 -17252.7 152692
-19201.9 152833 -20646.8 154979
-20645.7 151713 -22582.7 148366
-27390.6 148983 -29221.8 148979
-27076.7 149582 -27941.6 151437
-27609.9 148994 -23158.2 148616
-19502.5 150148 -18885.8 162203
-17418.6 162072 -11473 161634
-11459.6 160362 -10483.4 147298
-13855.2 145739 -3818.68 143584
-1806.02 148128 -4045.77 149081
-2673.2 149072 1828.56 138996
15700.1 120341 9909.24 115563
8384.17 111511 4729.55 111106
5132.52 104974 5259.43 103968
8396.41 102458 23488 103280
24217.1 105424 23024.9 103340
20797.4 103053 5142.54 103507
4765.17 109672 -1472.06 115489
-4041.32 115745 -1518.82 116340
-2859.1 118317 -3229.8 117905
-2323.66 118123 -3980.09 119354
-4523.33 125628 -10742.7 135115
-4251.71 139158 -971.186 141443
-3737.41 139123 -6558.25 139269
-8218.02 133692 -7764.95 132138
-9714.16 131945 -10757.2 136179
-10189.5 136366 -15797.8 141008
-15662 148965 -16576.8 148612
-15905.7 149097 -19541.4 150600
-19548.1 157815 -18273.5 167395
-18727.7 161406 -19554.8 152570
-19238.7 147224 -15566.2 146280
-15639.7 142836 -14179.2 139546
-16535.8 138032 -19016.8 125003
-19857.6 125751 -18758.9 127334
-196444 130713 -17053.5 133897
-14280.5 135445 -11204.7 135242
-10855.2 139517 -8106.7 140788
-8311.53 141554 -13812 142009
-13760.6 141828 -8017.65 141627
-7919.69 143662 -6547.12 143660
-8363.85 143604 -8677.77 147244
-10511.2 148135 -11153 149724
-10766.1 147552 -11191.4 141576
-10307.5 141612 -11310.5 143362
-10789.5 141580 -9209.88 141618
-8889.28 139488 -4749.31 138740
-4753.76 135959 -4020.15 134338
-5089.95 134523 -742.92 135106
2465.31 138083 8932.97 127721
12300.4 125403 15212.5 121227
15392.8 116738 15874.9 114378
15317.1 116957 15035.5 118631
12423.9 118021 11631.4 117598
12416.2 119386 12832.5 121461
12444 119281 5002.28 105827
5174.82 103540 4619.34 93688.6
