3.30219e+07 1.11016e+07 3.30231e+07 1.11021e+07
3.30229e+07 1.11017e+07 3.30113e+07 1.11091e+07
3.30113e+07 1.11118e+07 3.30101e+07 1.112e+07
3.3008e+07 1.11193e+07 3.3004e+07 1.11306e+07
3.30026e+07 1.11303e+07 3.30026e+07 1.11303e+07
3.30025e+07 1.11305e+07 3.30025e+07 1.11305e+07
3.30026e+07 1.11305e+07 3.30026e+07 1.11305e+07
3.30026e+07 1.11305e+07 3.30026e+07 1.11305e+07
3.30025e+07 1.11305e+07 3.30025e+07 1.11305e+07
3.30026e+07 1.11305e+07 3.30026e+07 1.11305e+07
3.30026e+07 1.11305e+07 3.30026e+07 1.11305e+07
3.30026e+07 1.11311e+07 3.30032e+07 1.11423e+07
3.3004e+07 1.11412e+07 3.3003e+07 1.11398e+07
3.30029e+07 1.11413e+07 3.30033e+07 1.11422e+07
3.30044e+07 1.11512e+07 3.30008e+07 1.11527e+07
3.30012e+07 1.1161e+07 3.30012e+07 1.1161e+07
3.3002e+07 1.11616e+07 3.3002e+07 1.11616e+07
3.30013e+07 1.11609e+07 3.29944e+07 1.11656e+07
3.29945e+07 1.11668e+07 3.29945e+07 1.11668e+07
3.29945e+07 1.1166e+07 3.29945e+07 1.1166e+07
3.29947e+07 1.1165e+07 3.29989e+07 1.1158e+07
3.30006e+07 1.11586e+07 3.30006e+07 1.11586e+07
3.30007e+07 1.11581e+07 3.30007e+07 1.11581e+07
3.30013e+07 1.11577e+07 3.30013e+07 1.11577e+07
3.30016e+07 1.11574e+07 3.30016e+07 1.11574e+07
3.30013e+07 1.11578e+07 3.30038e+07 1.1147e+07
3.30028e+07 1.11534e+07 3.30006e+07 1.11532e+07
3.29837e+07 1.1142e+07 3.29827e+07 1.11415e+07
3.2982e+07 1.11417e+07 3.2982e+07 1.11417e+07
3.2982e+07 1.11417e+07 3.29842e+07 1.11464e+07
3.29844e+07 1.11424e+07 3.2986e+07 1.11376e+07
3.29872e+07 1.11375e+07 3.29872e+07 1.11375e+07
3.29872e+07 1.11375e+07 3.29872e+07 1.11375e+07
3.29874e+07 1.11375e+07 3.29743e+07 1.11106e+07
3.29881e+07 1.11329e+07 3.29743e+07 1.11106e+07
3.29881e+07 1.11329e+07 3.29881e+07 1.11329e+07
3.2988e+07 1.11329e+07 3.2988e+07 1.11329e+07
3.2988e+07 1.11329e+07 3.29918e+07 1.1132e+07
3.29901e+07 1.11319e+07 3.2987e+07 1.11376e+07
3.29872e+07 1.11417e+07 3.29937e+07 1.1144e+07
3.29938e+07 1.11408e+07 3.29973e+07 1.11238e+07
3.29964e+07 1.11262e+07 3.29964e+07 1.11262e+07
3.29963e+07 1.11263e+07 3.29963e+07 1.11263e+07
3.29963e+07 1.11263e+07 3.29963e+07 1.11263e+07
3.29963e+07 1.11263e+07 3.29963e+07 1.11263e+07
3.29963e+07 1.11263e+07 3.29963e+07 1.11316e+07
3.29963e+07 1.11263e+07 3.29975e+07 1.11225e+07
3.30019e+07 1.11302e+07 3.30032e+07 1.11385e+07
3.30043e+07 1.11387e+07 3.30043e+07 1.11387e+07
3.30043e+07 1.11387e+07 3.30043e+07 1.11387e+07
3.30043e+07 1.11387e+07 3.30043e+07 1.11387e+07
3.30043e+07 1.11386e+07 3.30043e+07 1.11386e+07
3.30043e+07 1.11387e+07 3.30043e+07 1.11387e+07
3.30044e+07 1.11393e+07 3.30019e+07 1.11289e+07
3.30063e+07 1.1127e+07 3.30077e+07 1.11246e+07
3.30079e+07 1.11273e+07 3.30007e+07 1.11412e+07
3.30013e+07 1.11473e+07 3.3e+07 1.11493e+07
3.30008e+07 1.11473e+07 3.30021e+07 1.11448e+07
3.30025e+07 1.11445e+07 3.30025e+07 1.11445e+07
3.30025e+07 1.11445e+07 3.30044e+07 1.11527e+07
3.30045e+07 1.11455e+07 3.30061e+07 1.1131e+07
3.30078e+07 1.11277e+07 3.30137e+07 1.1106e+07
3.30187e+07 1.11062e+07 3.30187e+07 1.11062e+07
3.30187e+07 1.11062e+07 3.30187e+07 1.11062e+07
3.30187e+07 1.11062e+07 3.30187e+07 1.11062e+07
3.30187e+07 1.11062e+07 3.30187e+07 1.11062e+07
3.30188e+07 1.11061e+07 3.30204e+07 1.11033e+07
3.30192e+07 1.11053e+07 3.30134e+07 1.1106e+07
3.30134e+07 1.11102e+07 3.30134e+07 1.11161e+07
3.30137e+07 1.11161e+07 3.30137e+07 1.11161e+07
3.30134e+07 1.11162e+07 3.30134e+07 1.11162e+07
3.30134e+07 1.11162e+07 3.30134e+07 1.11162e+07
3.30134e+07 1.11162e+07 3.30134e+07 1.11162e+07
3.30134e+07 1.11162e+07 3.30134e+07 1.11162e+07
3.30134e+07 1.11162e+07 3.30134e+07 1.11162e+07
3.30134e+07 1.11162e+07 3.30134e+07 1.11162e+07
3.30134e+07 1.11162e+07 3.30134e+07 1.11162e+07
3.30134e+07 1.11162e+07 3.30134e+07 1.11162e+07
3.30134e+07 1.11162e+07 3.30134e+07 1.11162e+07
3.30134e+07 1.11162e+07 3.30134e+07 1.11162e+07
3.30134e+07 1.11162e+07 3.30134e+07 1.11162e+07
3.30134e+07 1.11162e+07 3.30134e+07 1.11162e+07
3.30134e+07 1.11163e+07 3.30134e+07 1.11163e+07
3.30132e+07 1.11164e+07 3.30153e+07 1.1116e+07
3.30152e+07 1.11153e+07 3.30152e+07 1.11153e+07
3.30152e+07 1.11151e+07 3.30152e+07 1.11151e+07
3.30155e+07 1.11153e+07 3.30155e+07 1.11153e+07
3.30157e+07 1.11149e+07 3.30149e+07 1.11216e+07
3.30092e+07 1.11275e+07 3.2999e+07 1.11397e+07
3.29983e+07 1.1139e+07 3.29843e+07 1.11405e+07
3.29844e+07 1.11472e+07 3.29845e+07 1.11579e+07
3.30065e+07 1.11302e+07 3.30065e+07 1.11302e+07
3.30065e+07 1.11302e+07 3.30065e+07 1.11302e+07
3.30065e+07 1.11302e+07 3.30065e+07 1.11302e+07
3.30065e+07 1.11302e+07 3.30065e+07 1.11302e+07
3.30065e+07 1.11302e+07 3.30065e+07 1.11302e+07
3.30065e+07 1.11302e+07 3.30065e+07 1.11302e+07
3.30065e+07 1.11302e+07 3.30065e+07 1.11302e+07
3.30065e+07 1.11302e+07 3.30065e+07 1.11302e+07
3.30065e+07 1.11302e+07 3.30065e+07 1.11302e+07
3.30065e+07 1.11302e+07 3.30065e+07 1.11302e+07
3.30065e+07 1.11302e+07 3.30065e+07 1.11302e+07
3.30065e+07 1.11302e+07 3.30065e+07 1.11302e+07
3.30065e+07 1.11302e+07 3.30065e+07 1.11302e+07
3.30065e+07 1.11302e+07 3.30065e+07 1.11302e+07
3.30066e+07 1.11302e+07 3.30066e+07 1.11302e+07
3.30065e+07 1.11302e+07 3.30065e+07 1.11302e+07
3.30065e+07 1.11302e+07 3.30065e+07 1.11302e+07
3.30065e+07 1.11302e+07 3.30065e+07 1.11302e+07
3.30065e+07 1.11302e+07 3.30065e+07 1.11302e+07
3.30065e+07 1.11302e+07 3.30065e+07 1.11302e+07
3.30065e+07 1.11302e+07 3.30065e+07 1.11302e+07
3.30065e+07 1.11302e+07 3.30065e+07 1.11302e+07
3.30065e+07 1.11302e+07 3.30065e+07 1.11302e+07
3.30065e+07 1.11302e+07 3.30065e+07 1.11302e+07
3.30066e+07 1.11302e+07 3.30066e+07 1.11302e+07
3.30066e+07 1.11302e+07 3.30066e+07 1.11302e+07
3.30066e+07 1.11302e+07 3.30066e+07 1.11302e+07
3.30066e+07 1.11302e+07 3.30066e+07 1.11302e+07
3.30065e+07 1.11302e+07 3.30065e+07 1.11302e+07
3.30065e+07 1.11302e+07 3.30065e+07 1.11302e+07
3.30065e+07 1.11302e+07 3.30065e+07 1.11302e+07
3.30066e+07 1.11302e+07 3.30066e+07 1.11302e+07
3.30065e+07 1.11302e+07 3.30065e+07 1.11302e+07
3.30065e+07 1.11302e+07 3.30065e+07 1.11302e+07
3.30065e+07 1.11302e+07 3.30065e+07 1.11302e+07
3.30065e+07 1.11302e+07 3.30065e+07 1.11302e+07
3.30066e+07 1.11302e+07 3.30066e+07 1.11302e+07
3.30065e+07 1.11302e+07 3.30065e+07 1.11302e+07
3.30065e+07 1.11302e+07 3.30065e+07 1.11302e+07
3.30065e+07 1.11302e+07 3.30065e+07 1.11302e+07
3.30065e+07 1.11302e+07 3.30065e+07 1.11302e+07
3.30065e+07 1.11302e+07 3.30065e+07 1.11302e+07
3.30065e+07 1.11302e+07 3.30065e+07 1.11302e+07
3.30065e+07 1.11302e+07 3.30065e+07 1.11302e+07
3.30063e+07 1.11307e+07 3.30014e+07 1.11469e+07
3.29993e+07 1.1147e+07 3.29993e+07 1.1147e+07
3.29988e+07 1.1147e+07 3.29994e+07 1.11454e+07
3.29987e+07 1.1147e+07 3.29987e+07 1.1147e+07
3.29983e+07 1.1147e+07 3.2999e+07 1.11529e+07
3.29974e+07 1.11515e+07 3.29956e+07 1.11506e+07
3.29963e+07 1.11483e+07 3.29969e+07 1.11527e+07
3.30012e+07 1.11536e+07 3.30012e+07 1.11536e+07
3.30012e+07 1.11541e+07 3.29994e+07 1.11553e+07
3.2999e+07 1.11532e+07 3.29921e+07 1.11529e+07
3.29933e+07 1.11496e+07 3.29944e+07 1.11454e+07
3.29979e+07 1.11454e+07 3.30003e+07 1.11418e+07
3.29845e+07 1.11369e+07 3.29854e+07 1.11387e+07
3.30002e+07 1.11415e+07 3.30002e+07 1.11415e+07
3.29999e+07 1.11422e+07 3.29999e+07 1.11422e+07
3.30002e+07 1.11419e+07 3.30002e+07 1.11419e+07
3.30002e+07 1.11419e+07 3.30002e+07 1.11419e+07
3.30002e+07 1.11419e+07 3.30002e+07 1.11419e+07
3.30002e+07 1.11419e+07 3.30002e+07 1.11419e+07
3.30002e+07 1.11419e+07 3.30002e+07 1.11419e+07
3.30002e+07 1.11419e+07 3.30002e+07 1.11419e+07
3.30002e+07 1.11419e+07 3.30002e+07 1.11419e+07
3.30002e+07 1.11419e+07 3.30002e+07 1.11419e+07
3.30002e+07 1.11419e+07 3.30002e+07 1.11419e+07
3.30002e+07 1.11419e+07 3.30002e+07 1.11419e+07
3.30002e+07 1.11419e+07 3.30002e+07 1.11419e+07
3.30002e+07 1.11419e+07 3.30002e+07 1.11419e+07
3.30002e+07 1.11419e+07 3.30002e+07 1.11419e+07
3.30002e+07 1.11419e+07 3.30002e+07 1.11419e+07
3.30002e+07 1.11419e+07 3.30002e+07 1.11419e+07
3.30002e+07 1.11419e+07 3.30002e+07 1.11419e+07
3.30002e+07 1.11419e+07 3.30002e+07 1.11419e+07
3.30002e+07 1.11419e+07 3.30002e+07 1.11419e+07
3.30002e+07 1.11419e+07 3.30002e+07 1.11419e+07
3.30002e+07 1.11418e+07 3.30002e+07 1.11418e+07
3.30002e+07 1.11419e+07 3.30002e+07 1.11419e+07
3.30002e+07 1.11418e+07 3.30002e+07 1.11418e+07
3.30002e+07 1.11419e+07 3.30002e+07 1.11419e+07
3.30002e+07 1.11419e+07 3.30002e+07 1.11419e+07
3.30002e+07 1.11419e+07 3.30002e+07 1.11419e+07
3.30002e+07 1.11418e+07 3.30002e+07 1.11418e+07
3.30002e+07 1.11419e+07 3.30002e+07 1.11419e+07
3.30002e+07 1.11419e+07 3.30002e+07 1.11419e+07
3.30002e+07 1.11418e+07 3.30002e+07 1.11418e+07
3.30002e+07 1.11419e+07 3.30002e+07 1.11419e+07
3.30002e+07 1.11419e+07 3.30002e+07 1.11419e+07
3.30003e+07 1.11418e+07 3.30003e+07 1.11418e+07
3.30003e+07 1.11418e+07 3.30003e+07 1.11418e+07
3.30003e+07 1.11418e+07 3.30003e+07 1.11418e+07
3.30003e+07 1.11418e+07 3.30003e+07 1.11418e+07
3.30003e+07 1.11418e+07 3.30003e+07 1.11418e+07
3.30003e+07 1.11418e+07 3.30003e+07 1.11418e+07
3.30003e+07 1.11418e+07 3.30003e+07 1.11418e+07
3.30003e+07 1.11418e+07 3.30003e+07 1.11418e+07
3.30003e+07 1.11418e+07 3.30003e+07 1.11418e+07
3.30003e+07 1.11418e+07 3.30003e+07 1.11418e+07
3.30003e+07 1.11418e+07 3.30003e+07 1.11418e+07
3.30003e+07 1.11418e+07 3.30003e+07 1.11418e+07
3.30003e+07 1.11418e+07 3.30003e+07 1.11418e+07
3.30003e+07 1.11418e+07 3.30003e+07 1.11418e+07
3.30003e+07 1.11418e+07 3.30003e+07 1.11418e+07
3.30003e+07 1.11418e+07 3.30003e+07 1.11418e+07
3.30003e+07 1.11418e+07 3.30003e+07 1.11418e+07
3.30003e+07 1.11418e+07 3.30003e+07 1.11418e+07
3.30003e+07 1.11418e+07 3.30003e+07 1.11418e+07
3.30003e+07 1.11418e+07 3.30003e+07 1.11418e+07
3.30003e+07 1.11418e+07 3.30003e+07 1.11418e+07
3.30003e+07 1.11418e+07 3.30003e+07 1.11418e+07
3.30003e+07 1.11418e+07 3.30003e+07 1.11418e+07
3.30003e+07 1.11418e+07 3.30003e+07 1.11418e+07
3.30003e+07 1.11418e+07 3.30003e+07 1.11418e+07
3.30003e+07 1.11418e+07 3.30003e+07 1.11418e+07
3.30003e+07 1.11418e+07 3.30013e+07 1.1142e+07
3.30053e+07 1.11385e+07 3.30053e+07 1.11385e+07
3.30053e+07 1.11385e+07 3.30053e+07 1.11385e+07
3.30053e+07 1.11385e+07 3.30044e+07 1.1135e+07
3.30085e+07 1.11256e+07 3.30133e+07 1.11061e+07
3.30187e+07 1.11062e+07 3.30187e+07 1.11062e+07
3.30195e+07 1.11061e+07 3.30204e+07 1.11033e+07
3.30113e+07 1.11093e+07 3.30014e+07 1.11298e+07
3.30019e+07 1.11277e+07 3.3e+07 1.11304e+07
3.2997e+07 1.11302e+07 3.2992e+07 1.11433e+07
3.29935e+07 1.11453e+07 3.29935e+07 1.11453e+07
3.29937e+07 1.11448e+07 3.29955e+07 1.11419e+07
3.30044e+07 1.11386e+07 3.30044e+07 1.11386e+07
3.30053e+07 1.11385e+07 3.30053e+07 1.11385e+07
3.30053e+07 1.11385e+07 3.30053e+07 1.11385e+07
3.30053e+07 1.11385e+07 3.30053e+07 1.11385e+07
3.30053e+07 1.11385e+07 3.29887e+07 1.11577e+07
3.29896e+07 1.11546e+07 3.30081e+07 1.11268e+07
3.30117e+07 1.11176e+07 3.30123e+07 1.11098e+07
3.30168e+07 1.11037e+07 3.30197e+07 1.11035e+07
3.302e+07 1.11059e+07 3.30309e+07 1.1105e+07
3.30359e+07 1.11006e+07 3.30404e+07 1.10966e+07
3.30394e+07 1.10872e+07 3.30482e+07 1.10871e+07
3.30365e+07 1.11002e+07 3.30154e+07 1.11082e+07
3.30154e+07 1.11091e+07 3.3014e+07 1.11237e+07
3.3006e+07 1.11317e+07 3.3004e+07 1.11344e+07
3.30033e+07 1.11326e+07 3.30032e+07 1.11315e+07
3.30017e+07 1.11348e+07 3.30017e+07 1.11348e+07
3.30017e+07 1.11348e+07 3.30017e+07 1.11348e+07
3.3001e+07 1.11347e+07 3.30048e+07 1.11409e+07
3.30044e+07 1.11475e+07 3.30043e+07 1.11524e+07
3.30013e+07 1.11515e+07 3.30012e+07 1.11471e+07
3.3002e+07 1.11419e+07 3.3002e+07 1.11419e+07
3.3002e+07 1.11418e+07 3.3002e+07 1.11418e+07
3.3002e+07 1.11415e+07 3.30035e+07 1.11387e+07
3.30011e+07 1.11423e+07 3.30011e+07 1.11423e+07
3.30006e+07 1.11431e+07 3.30006e+07 1.11431e+07
3.30006e+07 1.11432e+07 3.29982e+07 1.11467e+07
3.29982e+07 1.11423e+07 3.30009e+07 1.11427e+07
3.30027e+07 1.11395e+07 3.30027e+07 1.11395e+07
3.30027e+07 1.11395e+07 3.30027e+07 1.11395e+07
3.30033e+07 1.11398e+07 3.30033e+07 1.11398e+07
3.30027e+07 1.11394e+07 3.30027e+07 1.11394e+07
3.30024e+07 1.11398e+07 3.30029e+07 1.1147e+07
3.30051e+07 1.11494e+07 3.30102e+07 1.11492e+07
3.30095e+07 1.11492e+07 3.30024e+07 1.11336e+07
3.30015e+07 1.11345e+07 3.30015e+07 1.11345e+07
3.30018e+07 1.11349e+07 3.30022e+07 1.11339e+07
3.30018e+07 1.11364e+07 3.30018e+07 1.11364e+07
3.30019e+07 1.11363e+07 3.30053e+07 1.11385e+07
3.30058e+07 1.11349e+07 3.30018e+07 1.11329e+07
3.30042e+07 1.11346e+07 3.30042e+07 1.11346e+07
3.30042e+07 1.11346e+07 3.30042e+07 1.11346e+07
3.30043e+07 1.11346e+07 3.30043e+07 1.11346e+07
3.30044e+07 1.11344e+07 3.30121e+07 1.11134e+07
3.30117e+07 1.11084e+07 3.30142e+07 1.1106e+07
3.30224e+07 1.11043e+07 3.30227e+07 1.11033e+07
3.303e+07 1.11024e+07 3.30393e+07 1.10993e+07
3.30404e+07 1.10959e+07 3.30393e+07 1.10864e+07
3.30416e+07 1.10856e+07 3.30508e+07 1.10877e+07
3.30482e+07 1.10868e+07 3.30482e+07 1.10868e+07
3.30482e+07 1.10871e+07 3.30482e+07 1.10871e+07
3.30482e+07 1.10871e+07 3.30482e+07 1.10871e+07
3.30482e+07 1.10871e+07 3.30482e+07 1.10871e+07
3.30482e+07 1.10871e+07 3.30482e+07 1.10871e+07
3.30482e+07 1.10871e+07 3.30482e+07 1.10871e+07
3.30482e+07 1.10871e+07 3.30482e+07 1.10871e+07
3.30482e+07 1.10871e+07 3.30482e+07 1.10871e+07
3.30482e+07 1.10871e+07 3.30482e+07 1.10871e+07
3.30482e+07 1.10871e+07 3.30482e+07 1.10871e+07
3.30482e+07 1.10871e+07 3.30482e+07 1.10871e+07
3.30482e+07 1.10871e+07 3.30482e+07 1.10871e+07
3.30482e+07 1.10872e+07 3.30482e+07 1.10872e+07
3.30482e+07 1.10872e+07 3.30482e+07 1.10872e+07
3.30482e+07 1.10871e+07 3.30482e+07 1.10871e+07
3.30482e+07 1.10871e+07 3.30482e+07 1.10871e+07
3.30482e+07 1.10871e+07 3.30482e+07 1.10871e+07
3.30482e+07 1.10871e+07 3.30482e+07 1.10871e+07
3.30482e+07 1.10872e+07 3.30482e+07 1.10872e+07
3.30482e+07 1.10871e+07 3.30482e+07 1.10871e+07
3.30482e+07 1.10871e+07 3.30469e+07 1.10868e+07
3.30459e+07 1.10821e+07 3.30474e+07 1.10868e+07
3.3047e+07 1.10825e+07 3.3045e+07 1.1081e+07
3.30421e+07 1.10871e+07 3.30414e+07 1.10981e+07
3.30411e+07 1.10936e+07 3.30448e+07 1.10876e+07
3.30482e+07 1.10871e+07 3.30482e+07 1.10871e+07
3.30482e+07 1.10871e+07 3.30482e+07 1.10871e+07
3.30482e+07 1.10871e+07 3.30482e+07 1.10871e+07
3.30482e+07 1.10871e+07 3.30482e+07 1.10871e+07
3.30482e+07 1.10872e+07 3.30482e+07 1.10872e+07
3.30482e+07 1.10872e+07 3.30482e+07 1.10872e+07
3.30482e+07 1.10871e+07 3.30482e+07 1.10871e+07
3.30482e+07 1.10871e+07 3.30482e+07 1.10871e+07
3.30482e+07 1.10871e+07 3.30482e+07 1.10871e+07
3.30482e+07 1.10871e+07 3.30482e+07 1.10871e+07
3.30482e+07 1.10871e+07 3.30482e+07 1.10871e+07
3.30482e+07 1.10872e+07 3.30482e+07 1.10872e+07
3.30482e+07 1.10871e+07 3.30482e+07 1.10871e+07
3.30482e+07 1.10872e+07 3.30427e+07 1.10871e+07
3.30409e+07 1.10899e+07 3.30399e+07 1.10991e+07
3.30373e+07 1.10998e+07 3.30127e+07 1.11072e+07
3.30124e+07 1.11093e+07 3.3005e+07 1.1131e+07
3.30045e+07 1.11307e+07 3.30009e+07 1.11356e+07
3.29965e+07 1.11348e+07 3.29893e+07 1.11351e+07
3.29889e+07 1.11394e+07 3.29883e+07 1.11375e+07
3.29892e+07 1.11397e+07 3.29892e+07 1.11516e+07
3.29892e+07 1.11494e+07 3.29844e+07 1.11427e+07
3.29834e+07 1.11367e+07 3.29864e+07 1.11365e+07
3.29861e+07 1.1139e+07 3.29861e+07 1.1139e+07
3.29861e+07 1.11394e+07 3.29829e+07 1.11414e+07
3.29833e+07 1.11412e+07 3.29875e+07 1.11395e+07
3.29895e+07 1.11432e+07 3.29895e+07 1.11432e+07
3.29895e+07 1.11433e+07 3.29901e+07 1.11474e+07
3.29927e+07 1.11472e+07 3.29951e+07 1.11476e+07
3.29951e+07 1.11511e+07 3.29951e+07 1.11511e+07
3.29958e+07 1.11511e+07 3.29958e+07 1.11511e+07
3.29959e+07 1.11511e+07 3.29992e+07 1.11454e+07
3.29997e+07 1.11453e+07 3.30055e+07 1.11385e+07
3.3007e+07 1.11399e+07 3.30092e+07 1.11397e+07
3.30076e+07 1.11431e+07 3.30136e+07 1.11159e+07
