-15864.6 123829 -16630.4 121296
-14262.7 118457 -14262.7 118457
-14313.9 118308 -12352.4 116843
-14289.4 118050 -14289.4 118050
-14182.5 118622 -14182.5 118622
-14291.6 118297 -14291.6 118297
-14102.4 117927 -15190 115647
-15215.6 119724 -15215.6 119724
-14952.9 120343 -13874.2 124330
-11764.7 124684 -10099.3 127173
-3227.57 127327 -2165.58 127363
5134.75 131628 12539.7 125205
15616.6 119998 15616.6 119998
15618.8 119626 16422.7 115497
15426.2 115218 15696.7 119671
13703 118379 13703 118379
13646.2 118361 13646.2 118361
13586.1 118350 13586.1 118350
13472.6 118328 13472.6 118328
13463.7 118328 13463.7 118328
13399.1 118304 13399.1 118304
13383.5 118183 13383.5 118183
13369.1 118043 13369.1 118043
13366.8 118041 13366.8 118041
13360.1 118023 13360.1 118023
13357.9 117990 13357.9 117990
13321.2 117687 13321.2 117687
13312.3 117555 13312.3 117555
13222.1 116709 13222.1 116709
13172 116411 13172 116411
13654 116253 13654 116253
13698.6 116188 13698.6 116188
13438.1 115886 13438.1 115886
13445.9 115901 13445.9 115901
13370.2 116133 14055.9 117838
15328.3 116752 15815.9 114136
15180.2 121209 15180.2 121209
15099 121316 3591.86 135992
691.989 136649 691.989 136649
616.291 136542 616.291 136542
755.441 135894 755.441 135894
657.48 136148 657.48 136148
580.669 136382 4890.96 133699
10709.6 126445 15601 119310
15435.1 117166 15932.7 114481
15588.8 120018 -2584.14 143453
-4816.1 143595 -4816.1 143595
-5123.34 143595 -10564.6 145085
-10530.1 146610 -10530.1 146610
-10532.4 146759 -11860.4 149299
-12456 149351 -12456 149351
-13330.9 149324 -18023 149500
-16028.2 149186 -16028.2 149186
-15540.6 148910 -15540.6 148910
-15594.1 149255 -15594.1 149255
-15590.7 149540 -13895.3 165617
-12875.6 165879 -9493.74 167326
-9478.16 165171 -11289.3 149230
-12964.7 149328 -15565.1 147941
-15745.4 141102 -18532.9 131813
-19549.2 131428 -19549.2 131428
-19351.1 131673 -14919.5 135362
-13959.9 135534 -13959.9 135534
-14171.4 135351 -14171.4 135351
-14822.6 135373 -14822.6 135373
-15667.5 135478 -17893.9 136894
-19523.6 143952 -19671.7 154810
-21477.3 155110 -23209.4 154008
-21892.5 153636 -20860.6 153645
-20621.2 153207 -20621.2 153207
-19886.5 152824 -19062.8 147242
-17788.2 147351 -17788.2 147351
-17633.4 147351 -13861.9 145882
-13986.6 143417 -15672 141814
-15598.5 145392 -17072.4 151617
-14940.6 152764 -15678.7 142028
-11560.9 139465 -9046.24 139470
-8623.23 136981 -8623.23 136981
-8909.32 137419 -16887.6 134084
-16219.7 133292 -13969.9 137081
-10781.7 135211 -663.883 134968
1664.92 128886 4544.76 130386
11987.6 114303 14188.4 105989
15941.6 105916 17677.1 102681
19071.9 103496 22587.4 105974
22369.2 102788 22369.2 102788
22214.5 102855 22214.5 102855
22240.1 102879 22240.1 102879
21636.8 103240 14475.6 103750
13091.9 105709 11782.7 111651
7736.29 110687 3900.22 111184
379.181 113849 379.181 113849
-61.6442 113973 2034.5 114675
1873.09 116077 1873.09 116077
2466.42 116217 2466.42 116217
1920.96 115714 575.103 113800
-1629.02 115719 -1629.02 115719
-1553.33 116231 -1553.33 116231
-1696.93 116006 -3039 116618
-2310.3 115944 -4014.6 114510
-3836.49 111604 -3836.49 111604
-4055.79 112343 -4055.79 112343
-4054.67 112352 -4054.67 112352
-4043.54 112384 -4043.54 112384
-4072.49 112390 -1547.76 117823
-2166.7 115737 -3030.54 115757
-1517.7 117892 -4065.81 119374
-4301.8 121115 -3812 131642
-8988.35 137406 -8988.35 137406
-9075.18 137279 -9075.18 137279
-9072.96 137092 -7920.8 139359
-7433.22 139336 -1621.23 139305
-1258.33 141540 -1258.33 141540
-1187.08 141905 -1187.08 141905
-1190.42 142231 -246.435 144145
-1587.83 145356 -2515.13 143321
-3963.39 143540 -3963.39 143540
-4391.97 143569 -10558 144953
-10490.1 148916 -10490.1 148916
-10472.2 149395 -10438.8 152875
-12930.2 156742 -12930.2 156742
-13376.6 156722 -13376.6 156722
-13379.9 156722 -15136.5 157499
-15295.7 155286 -15295.7 155286
-15232.3 155233 -15232.3 155233
-15228.9 155230 -12699.7 155106
-11283.8 160482 -11283.8 160482
-11321.6 161224 -12345 170863
-11579.9 169283 -11579.9 169283
-11584.3 168914 -11336.1 162315
-8438.44 160563 -7541.2 152577
-6150.82 152857 -1002.29 152643
1254.15 154725 1254.15 154725
1219.64 154921 301.971 160462
1228.55 159492 674.178 152606
24.0718 150486 24.0718 150486
37.4301 150059 -22.6824 146995
-1630.14 147015 -846.447 153748
5134.75 152735 5134.75 152735
5580.03 152728 19394.8 153042
22011.9 155945 22011.9 155945
22212.3 156054 22212.3 156054
21837.1 155682 21837.1 155682
21966.3 155874 20963.3 153714
18477.5 153095 11583.5 150954
11168.3 152325 11168.3 152325
10656.2 152013 10656.2 152013
9918.15 152280 8172.66 152470
7964.49 151214 7964.49 151214
7948.91 150840 9386.04 143203
7978.96 138074 5691.35 132541
8001.23 128411 15002.1 121576
15606.6 119481 16019.9 115070
15375 117613 14250.7 117874
13280 116347 13280 116347
13641.8 116257 13641.8 116257
13641.8 115892 13641.8 115892
13560.5 115866 13560.5 115866
13393.5 115868 13393.5 115868
13365.7 115935 13365.7 115935
13204.3 116747 15471.9 118450
15296 116289 15296 116289
15391.7 115351 15391.7 115351
15605.5 114919 15605.5 114919
15586.5 114835 15495.3 120525
12598.7 125101 8277.3 128137
4159.59 134984 1054.89 140559
-1381.89 139163 -1381.89 139163
-1237.18 139031 -1237.18 139031
-1273.91 139085 -2627.56 139009
-2854.65 137288 -4717.03 134993
-3624.98 134839 -1037.92 135282
-2859.1 135917 -4184.92 135954
-5158.96 139143 -6194.23 139891
-6168.63 143602 -7091.47 147091
-9775.38 147258 -11641.1 137528
-12954.7 137377 -12134.2 130820
-10901.9 130535 -11476.3 124709
-11642.2 128752 -12620.7 133779
-14249.3 133942 -15591.8 148037
-17163.7 150283 -16500.2 151595
-14379.6 152036 -9560.54 150406
-8554.21 148531 -8144.55 143691
-6293.31 143662 -4662.48 143457
-4718.14 140002 -4160.43 116556
-4564.52 114748 -4564.52 114748
-4540.03 115140 -4540.03 115140
-4053.56 114579 -2127.73 115759
178.806 113902 12539.7 107893
15066.7 105949 22614.1 105992
22404.9 104237 21575.5 103226
19722.1 106009 13009.5 105923
12386.1 108073 -1093.58 114935
-1714.74 115899 -4173.79 122344
-2642.03 122765 -2642.03 122765
-2714.39 122954 -2714.39 122954
-2590.82 122649 -2590.82 122649
-3106.23 122999 -4885.12 131070
-4757.1 133089 -4757.1 133089
-4784.93 133879 -3526.54 150509
-2672.09 149215 -4721.48 140031
-4532.23 139111 -4532.23 139111
-4337.43 139599 -2753.35 144003
-3729.62 144611 -3729.62 144611
-3742.98 143842 -3742.98 143842
-3479.15 142972 -3479.15 142972
-3499.19 142026 -3499.19 142026
-3520.34 141572 -3576 139267
-5284.75 139156 -6476.99 139269
-8092.23 134169 -8092.23 134169
-7782.76 133581 -12271.2 132089
-12764.3 133821 -12764.3 133821
-13058.2 133904 -13689.4 135427
-14982.9 133243 -16110.6 122206
-15207.8 126352 -13961 135520
-13682.7 136135 -13682.7 136135
-13972.1 135999 -13972.1 135999
-13977.7 136006 -13925.4 137381
-12294.5 137511 -12294.5 137511
-11992.9 137508 -9678.54 137468
-8982.79 135879 -8982.79 135879
-8982.79 135781 -8982.79 135781
-9263.31 135017 -9263.31 135017
-9273.33 135013 -14918.5 136001
-14027.8 136455 -14027.8 136455
-14541 136478 -14541 136478
-14830.4 137390 -15150.7 140803
-13885.3 139577 -10632.5 139470
-10703.8 136602 -11780.8 129603
-11778 130558 -4243.92 130188
-3716.26 131395 -4751.53 133047
-3665.06 137649 -3665.06 137649
-3637.23 138588 -8402.81 138648
-7918.57 137548 -7918.57 137548
-7650.29 137406 -9726.24 132480
-8924.9 132942 -8924.9 132942
-8958.3 132882 -8958.3 132882
-9255.52 132230 -8696.7 133563
-13947.6 135830 -13947.6 135830
-13945.4 135839 -13945.4 135839
-13943.2 135821 -13943.2 135821
-13937.6 135807 -13937.6 135807
-13934.3 135810 -13934.3 135810
-13936.5 135781 -13936.5 135781
-13937.6 135761 -13937.6 135761
-13935.4 135758 -13935.4 135758
-13928.7 135756 -13928.7 135756
-13925.4 135761 -13925.4 135761
-13357.6 135436 -3583.79 134781
612.952 136636 1345.43 141892
565.085 141712 -1033.46 142288
-441.244 140734 -441.244 140734
-564.808 140222 -7955.31 139298
-8543.08 139321 -8543.08 139321
-9306.73 139370 -10621.4 139394
-11318.3 141551 -11318.3 141551
-11920.5 141578 -13821.6 134420
-14860.5 135400 -16100.6 135649
-15896.8 137651 -15896.8 137651
-15148.8 137615 -14327.2 135473
-10755 135972 -11624.4 137537
-12990.3 136478 -12990.3 136478
-13456.7 136464 -13456.7 136464
-13663.8 136019 -14699 136480
-14837.1 135819 -14837.1 135819
-13953.2 136201 -14801.5 137248
-14860.5 135658 -14860.5 135658
-15715.4 135467 -19413.8 130751
-17367.4 132962 -15394.8 132276
-14954 133904 -13481.9 134753
-13688.3 135420 -14842.6 136478
-13513.5 135411 -10703.8 135162
-10836.3 132152 -9910.08 125546
-12507.2 122418 -12381.4 117865
-11585.4 118845 -1089.12 114939
3617.46 111286 9775.66 110099
12419.5 108060 12419.5 108060
12481.8 108031 14826.2 105954
17991 106009 16810.8 102369
20246.4 103469 22556.2 105989
22413.8 103451 23425.7 100212
23016 103189 23016 103189
22914.7 103500 22914.7 103500
22409.3 103200 22409.3 103200
22245.7 102781 22245.7 102781
22222.3 102866 22222.3 102866
22392.6 103151 18880.5 105802
15424 105874 15424 105874
14993.2 105905 11292.9 109302
6452.77 110981 6452.77 110981
5938.48 111012 -1585.61 116193
-1524.38 117175 -3731.85 117709
-3957.83 117132 -4167.11 122364
-2444.99 123001 -2444.99 123001
-2433.86 123012 -2433.86 123012
-2394.9 123019 -2394.9 123019
-2807.9 122990 -5381.6 138713
-5376.04 138748 -5376.04 138748
-5397.19 138824 -5397.19 138824
-5386.06 138811 -5386.06 138811
-5394.96 138833 -5394.96 138833
-5399.41 138860 -6183.1 141209
-6194.23 139016 -5022.04 137764
-4786.04 138769 -4786.04 138769
-5382.72 139154 -5382.72 139154
-5390.51 139151 -5390.51 139151
-5408.32 139163 -5408.32 139163
-5446.17 139171 -5446.17 139171
-5449.51 139171 -5449.51 139171
-5465.09 139169 -7712.63 139318
-7914.12 141674 -7914.12 141674
-7909.67 142139 -7909.67 142139
-7916.35 142587 -7916.35 142587
-7926.37 143079 -8391.68 152022
-14748 137666 -15853.4 137602
-15083.1 135540 -13838.5 135424
-10798.4 138748 -10779.5 147946
-10473.4 145305 -10473.4 145305
-10786.2 145474 -13531.3 145842
-13916.5 144655 -13916.5 144655
-13987.7 143684 -14375.1 141812
-15379.2 142694 -15994.8 137804
-5997.2 134910 -2137.75 136489
-3286.57 134685 -3286.57 134685
-3296.59 134696 -3296.59 134696
-3309.95 134699 -4685.86 132515
-4983.08 133982 -4983.08 133982
-4777.14 134026 -3627.21 138978
-5442.83 139156 -5442.83 139156
-5667.69 139091 -5409.43 138858
-5514.07 139196 -7975.74 138735
-6317.8 139312 -5088.83 130624
-4770.46 132521 -4770.46 132521
-4768.23 132541 -4768.23 132541
-4210.52 132510 -4210.52 132510
-4189.37 132675 -4189.37 132675
-4572.31 132512 -4572.31 132512
-4662.48 132515 -4879.55 134645
-11273.7 135175 -11273.7 135175
-11755.8 135200 -14299.4 138308
-15434.9 137615 -15434.9 137615
-15607.4 137631 -15607.4 137631
-16317.6 138194 -16317.6 138194
-16199.6 138183 -16040.4 136181
-10157.2 135148 -10157.2 135148
-9668.52 135139 -2906.97 134772
-821.956 137508 -1420.86 139098
-5202.38 139163 -5202.38 139163
-5442.83 139160 -5442.83 139160
-5474 139163 -5474 139163
-5689.96 139209 -14430.8 139628
-15631.9 144468 -15631.9 144468
-16515.8 144366 -18949.2 142943
-17006.7 141405 -14107.9 141750
-13415.5 139563 -9857.76 145998
-8913.77 145454 -8913.77 145454
-8911.54 145461 -8911.54 145461
-8938.26 145468 -12537.2 145951
-15594.1 144234 -16008.2 135587
-14512 137571 -11713.5 137484
-14857.1 135556 -14857.1 135556
-13959.9 135919 -10679.3 137348
-11445.2 133715 -11445.2 133715
-10818.4 133784 -10885.2 145385
-12053 143867 -12053 143867
-12563.9 143406 -10907.5 145506
-15616.3 145657 -15607.4 149246
-13991.1 148665 -13991.1 148665
-13885.3 149282 -13885.3 149282
-13823 149286 -10396.5 149095
-10723.8 147331 -10723.8 147331
-10660.4 147329 -11644.4 146173
-11839.2 148284 -12027.4 154387
-10906.4 145238 -13083.8 139521
-11606.6 137502 -8907.09 138370
-9802.1 135042 -12478.2 133824
-10796.2 134728 -10796.2 134728
-10778.4 135093 -8972.77 137299
-10680.4 137408 -12626.3 133799
-14484.2 133933 -14792.6 137555
-15006.3 131161 -15982.6 126523
-15172.2 127158 -12605.1 133784
-10817.3 133911 -9151.99 139425
-5668.81 139245 -634.94 140258
-3020.52 139074 -4744.86 137408
-3581.57 135959 2793.7 132853
4178.52 134632 11315.2 118508
12476.3 108421 15184.7 105934
17961 105989 17961 105989
18712.4 106150 18712.4 106150
18720.2 106170 18720.2 106170
18725.7 106188 18725.7 106188
18744.7 106199 22402.6 105012
22429.3 103333 22429.3 103333
22220.1 102852 22220.1 102852
22121 103238 19853.4 106001
13117.5 105691 9952.66 110028
8091.4 110545 3635.28 111239
2638.97 112746 -1731.44 115899
-1991.92 117551 -1991.92 117551
-2393.79 117444 -3209.76 118582
-1787.1 116885 -1787.1 116885
-1514.36 116382 -4199.39 117128
-1517.7 116667 -1515.48 117687
-2315.86 117386 -3246.99 114076
-3230.91 115650 -1712.51 117780
-2170.04 117442 -3224.23 115271
-3780.83 116965 -3780.83 116965
-3741.87 117682 -4061.35 118898
-2535.16 117996 -2535.16 117996
-2398.24 117520 -1521.04 116778
-1620.12 117805 -1620.12 117805
-1708.06 117794 -1518.82 116896
-981.143 118546 -981.143 118546
-1763.72 118542 -2892.5 118390
-1543.31 116994 -1543.31 116994
-1512.14 116402 -3986.77 119319
-4148.18 122405 -4148.18 122405
-3947.81 123153 -4407.56 134868
-3643.91 137586 -5890.33 139160
-6227.63 137504 -5994.59 136447
-7681.46 137419 -7830.63 139234
-9543.84 139372 -14645.6 136498
-11681.2 133764 -11681.2 133764
-12381.4 133793 -12933.5 135398
-11041.1 135209 -2949.27 134754
2256.03 138804 3814.5 140877
4408.95 150177 4365.53 153046
11220.6 152441 19186.6 153342
15703.4 151717 15703.4 151717
14955.4 151328 6760.01 150860
3210.04 152614 -3552.62 153202
-3633.89 149244 -688.373 145361
1251.93 145305 4323.23 140690
4432.32 137092 4432.32 137092
4473.51 136776 3574.05 134643
2110.2 135335 2110.2 135335
1300.91 134999 1756.2 136611
842.27 135683 -3679.53 135983
-3661.72 137691 -3661.72 137691
-3643.91 137682 -3643.91 137682
-3643.91 137684 -3643.91 137684
-3639.45 137851 -3602.72 139223
-4743.74 137811 -4821.67 139163
-8944.94 137468 -8944.94 137468
-8946.05 137459 -10870.8 131299
-10966.5 127405 -10966.5 127405
-10925.3 127283 -14171.4 121015
-15379.2 124054 -15379.2 124054
-15438.2 124083 -13878.6 139483
-14465.3 135507 -14465.3 135507
-14287.2 135498 -14736.9 136500
-13022.6 134623 -13022.6 134623
-13037 134458 -15610.8 144657
-15599.6 145194 -15418.2 153060
-15531.7 147369 -15531.7 147369
-15535.1 147331 -12904.6 148983
-11809.2 146207 -11809.2 146207
-11883.8 146158 -12722 146832
-13897.5 144956 -13897.5 144956
-13919.8 144584 -14356.2 135478
-9026.2 133690 -9026.2 133690
-8180.17 133997 -8180.17 133997
-8123.4 134298 -1381.89 134737
10121.9 120087 19265.6 106047
22312.5 106125 22312.5 106125
22578.5 105989 22578.5 105989
22469.4 106036 25056.5 94218.5
27475.5 91604.7 27475.5 91604.7
27451 91108.2 28213.5 88752.7
27505.5 93548.3 24932.9 103280
23062.8 103249 23062.8 103249
22925.8 103500 22925.8 103500
23022.7 103300 23022.7 103300
22239 102886 22239 102886
22212.3 102848 22212.3 102848
22247.9 103235 22247.9 103235
22096.5 103235 6663.17 110965
3552.9 106622 3552.9 106622
3497.24 106339 -8789.09 106582
-4300.69 107481 -4300.69 107481
-4302.92 108024 -3611.62 114565
-1514.36 116436 -1514.36 116436
-1517.7 116743 -5730.03 119401
-6017.24 119468 -6017.24 119468
-6338.95 119797 -6338.95 119797
-6332.27 119673 -2402.69 123048
-3786.39 123874 -5161.19 127214
-8867.02 128325 -8867.02 128325
-9125.28 128322 -11772.5 125403
-10959.8 128089 -9489.29 133583
-7110.39 135057 -7110.39 135057
-6845.45 135028 -7041.38 141538
-7762.73 142211 -7767.18 136602
-2387.11 134712 -2387.11 134712
-1856.11 134685 2499.82 124602
3502.81 112346 3502.81 112346
3595.2 111771 21328.4 92855.9
20873.1 89164.5 20873.1 89164.5
20923.2 89153.4 20923.2 89153.4
20908.7 89146.7 20908.7 89146.7
20907.6 89137.8 20907.6 89137.8
20918.7 89137.8 20918.7 89137.8
20872 89144.5 20872 89144.5
20857.5 89113.3 20857.5 89113.3
20863.1 89115.6 20863.1 89115.6
20865.3 89115.6 20865.3 89115.6
20994.4 88872.9 20994.4 88872.9
20994.4 89017.6 21341.8 89986.1
18643.4 97651.5 11189.4 106722
11274 108750 -1335.14 115278
-1522.16 117166 -4001.24 119292
-3719.6 117852 -2387.11 115772
-1513.25 116948 -1513.25 116948
-1339.59 117391 -1339.59 117391
-1517.7 116986 -3750.77 117130
-4101.43 118564 -4101.43 118564
-4056.9 119506 -4771.57 132537
-3708.47 135821 -3708.47 135821
-3553.74 136727 -3553.74 136727
-2885.82 135992 -3796.41 134734
-6558.25 134903 -8334.91 132922
-7225.05 132735 -5022.04 137762
-4821.67 137733 -4821.67 137733
-4760.44 138281 -6133.01 139274
-4904.04 139194 -1873.93 141244
-2635.35 141271 -3588.25 139196
-5558.6 139163 -6930.06 139356
-3709.58 139074 -3709.58 139074
-4384.18 139111 -8991.69 139336
-9406.92 136622 -9406.92 136622
-9912.31 136311 -11067.8 133708
-12562.8 133806 -11749.1 130413
-10894.1 131804 -10894.1 131804
-10896.4 131900 -10950.9 153792
-11758 153674 -11758 153674
-11746.9 153650 -10500.1 147053
-10490.1 145949 -12112.9 142066
-12425.9 143631 -10977.6 144929
-12519.4 145935 -12519.4 145935
-13495.7 145871 -14131.3 141527
-9926.78 139450 -9926.78 139450
-8929.35 139454 -10078 134328
-10581.3 135206 -9415.82 137604
-10745 135331 -10745 135331
-10395.4 135202 -4644.67 134901
-4715.91 132357 -7112.62 130758
-8242.51 131871 -8242.51 131871
-8495.21 131867 -12700.9 133821
-13914.2 136433 -13914.2 136433
-13946.5 136616 -13946.5 136616
-14341.7 137531 -14341.7 137531
-14809.3 137110 -9489.29 135119
-7330.81 136148 -6400.18 139341
-2829.05 139572 -3246.49 150259
-3645.02 149190 -3645.02 149190
-3660.6 148458 -2810.12 141790
-1858.34 146129 -1858.34 146129
-1865.02 146959 3120.98 147547
3206.7 149424 3206.7 149424
3385.92 149406 2673.48 160914
1250.81 160868 1250.81 160868
1128.36 161540 -3992.34 167360
-87.2477 140850 -87.2477 140850
-666.109 141037 -1692.43 148145
-689.486 148206 -689.486 148206
-605.997 148533 3826.75 151063
6388.21 150945 10927.5 151059
8718.12 150644 5502.1 149344
2929.51 149377 1290.89 149241
1234.11 142736 -128.436 142300
-1267.23 144001 -1267.23 144001
-1456.48 144519 -2758.92 135941
1765.11 134792 1765.11 134792
2171.42 134031 4181.85 134652
6855.75 129825 6855.75 129825
7269.86 129090 14797.3 105965
20251.9 106063 20251.9 106063
21099.1 106098 22580.7 105987
22408.2 104199 22408.2 104199
22414.9 103380 22414.9 103380
22229 102868 22229 102868
22416 102799 22416 102799
22416 102792 20975.5 99811.1
21069 101692 21273.8 105960
19855.6 106023 13020.6 105811
11701.5 108376 3654.2 111221
1659.36 113702 -43.8331 113958
1934.31 113601 1139.49 126986
-435.678 127496 -10448.9 127004
-9956.83 129369 -8128.97 134358
-8969.43 137319 -13687.1 134380
-13699.4 135298 -18112.1 137332
-19474.7 143264 -19561.5 148830
-21880.3 148738 -21935.9 149747
-22390.1 150887 -23079.2 152828
-24605.4 152819 -24514.1 155190
-21260.2 155173 -17063.5 155161
-15560.7 157773 -10409.9 153472
-10415.5 151537 -10426.6 147338
-9176.48 147318 -7888.52 147202
-7825.07 148607 -7825.07 148607
-8127.85 149188 -8127.85 149188
-8505.23 149159 -9095.22 145510
-11765.8 145882 -11765.8 145882
-11886 145884 -14101.3 142375
-15692 142876 -15692 142876
-15679.8 143074 -17415.2 143684
-15610.8 143602 -15610.8 143602
-15625.2 143226 -13943.2 137540
-14237.1 134632 -14237.1 134632
-14095.7 134612 -13031.5 136460
-9257.75 135106 -9257.75 135106
-8993.92 135091 -3676.19 136422
-3658.38 137655 110361 394752
-3642.79 137684 -6049.52 139238
-6327.82 141941 -6327.82 141941
-6320.03 142406 -7720.43 139223
-9408.03 138947 -10806.2 135275
-14572.1 136462 -14124.6 123553
-13775.1 123215 -13775.1 123215
-14124.6 123703 -15384.8 125070
-14627.8 130364 -14627.8 130364
-15024.1 131090 -15024.1 131090
