-14766.9 139957 -13340.9 133935
-14374 135389 -13070.4 134020
-7989.82 141413 -6922.26 143800
-6827.64 142275 -7629.14 137624
-8723.41 143562 -7743.8 139049
2203.71 138748 4650.51 137105
3765.52 135923 5898.4 139296
3673.12 135772 -142.907 133200
-2172.26 134563 -10749.4 134302
-10707.1 127216 -9320.09 125208
-10928.7 129046 -11493 141053
-7904.1 142825 -9434.75 138268
-11357.2 138492 -15137.6 135567
-8983.9 135986 -10062.6 136380
-9208.77 131112 -8688.9 128349
-8564.23 131907 -10856.3 132165
-11346.1 133741 -12972.5 136992
-16841.9 137916 -18139.9 139027
-18205.6 137564 -14957.3 135226
-15113.2 127612 -19746.3 116738
-16418.9 122625 -12883.4 133810
-15131 127249 -14439.7 123342
-15905.7 122772 -15303.5 123996
-15103.1 121254 -14193.7 122462
-16298.7 122816 -13433.3 135286
-18944.8 138417 -11322.7 155466
-6466.97 162261 -4269.52 164087
-2172.26 162689 1975.5 158468
1292 156789 3096.49 150268
885.685 150544 -2640.92 161910
1246.36 155967 991.438 151252
4958.86 133597 9863.6 123400
10308.9 123970 -4377.5 149297
3447.15 152022 501.632 151247
1324.28 153369 2482.01 146997
15048.9 121550 15491.9 117651
12917.1 118261 11670.3 116119
10713 119357 1019.27 119441
-3186.38 123907 -4428.71 138984
-162.945 140812 1280.87 149215
1657.13 142487 -1223.82 139283
753.214 128995 14298.6 122934
15872.6 114772 15284.9 116493
13562.7 116289 15369.5 117291
15318.3 116830 15942.8 114492
9780.11 127053 10471.4 119590
15286 116476 15928.3 114418
7473.57 129026 3051.96 153282
1023.72 152594 904.609 151820
3448.26 151949 848.949 155918
-3524.79 154355 -4311.82 150508
-1195.99 149166 8236.11 150940
6153.32 150940 5301.73 152761
-3793.07 143119 -7859.57 141022
-8938.26 137259 -4079.16 134091
-7557.9 134966 -9870 141863
-14028.9 141816 -17386.3 145423
-15537.3 145895 -15587.4 143569
-17140.3 143279 -14543.2 139928
-15626.3 144107 -16044.9 146403
-14132.4 141727 -14537.6 140614
-10450 141614 -3804.21 143123
-4661.37 144753 -3820.9 143130
-14450.8 145771 -19018.2 142892
-19612.7 152795 -19562.6 153015
-15577.4 145194 -7639.16 137867
-10910.8 139394 -14544.3 140601
-15492.8 137644 -14669 138517
-15873.5 158848 -14145.8 165303
-5443.94 170933 -3495.85 177784
-3797.53 175569 -2891.39 142475
-4389.75 140705 -649.411 141086
-3445.76 137399 -3978.98 135948
-6681.81 136119 -8533.06 139332
-9413.59 138283 -8321.55 139330
-9283.35 141460 -8447.34 139441
-5382.72 139423 -8029.89 132833
-10160.5 133285 -12114.2 133768
-10751.7 134681 -12612.9 133944
-15038.6 135765 -14478.6 137664
-11481.9 137511 -8916 139741
-8749.02 143179 -15353.6 152853
-15540.6 149729 -12755.4 151392
-12840 149453 -11116.8 145681
-10445.5 148260 -9952.38 150962
-10447.8 148854 -14118 141752
-14152.5 134641 -8258.1 132530
-10264.1 133677 -10478.9 118453
-12590.7 119183 -13592.5 124277
-15896.8 123244 -13128.3 119470
-12854.5 120799 -10448.9 124793
-10912 130184 -14008.9 136406
-12668.6 135879 -10949.8 128868
-5229.09 131103 -2721.07 138544
-4763.78 134754 -5345.98 148079
-6328.93 142438 -6136.35 146180
-4696.99 144087 -4665.82 142769
-1924.02 141242 -4740.4 138608
-3964.51 145450 -5983.84 140445
-13875.3 139020 -13187.3 137397
-13720.5 139465 -15503.9 136028
-17296.1 139643 -15030.8 140140
-15999.3 137811 -15345.8 132577
-8218.02 137301 -17295 157065
-3486.94 155673 -3696.23 146205
-4106.99 149068 -4050.22 151063
-6020.58 146258 -10957.6 145203
-12903.5 139539 -16529.1 138517
-9089.65 135102 -3790.85 134832
-6987.94 134930 1549.15 137905
6982.65 129602 979.193 132886
3647.52 134823 4390.02 136437
1987.75 141870 757.667 151742
-997.841 151544 -1829.4 147198
530.575 141917 -3112.91 141331
-3786.39 139203 -14278.3 140340
-10589.1 142340 -9485.95 154654
-6948.98 156012 -4453.2 156212
-3520.34 154634 -4665.82 144174
-8577.59 143655 -8633.25 145307
-13403.3 145917 -14230.4 139612
-8307.08 133545 -19640.5 106018
-18884.7 107180 -15350.3 119279
-17134.7 126824 -18225.6 141754
-10914.2 139445 -7780.54 139888
-12673 137450 -14643.4 138116
-15580.7 147776 -14742.5 159231
-12889 159999 -12303.4 156838
-9629.55 157390 -4045.77 156123
-3611.62 152229 -4414.24 149867
-1744.79 150154 2659 152692
4906.54 151018 7050.56 150321
4063.86 152597 960.269 152436
1310.93 149582 11.8266 151869
-1774.85 147516 -1735.89 145949
-5584.2 147066 -6584.97 150201
-5115.55 147071 -3794.19 143130
1280.87 147618 625.197 155511
1020.38 152272 -569.261 146398
-1740.34 146962 626.31 155680
1150.63 152443 -2410.49 147011
-6396.84 147046 -8492.98 146748
-2762.26 145341 -3786.39 143150
-8902.64 141609 -7954.2 137646
-4939.66 140726 -3653.92 149179
-1448.69 147616 -3604.94 145414
-6057.31 148191 -3806.43 143137
-10440 150871 -7014.66 162651
-5820.2 157541 -4325.18 151052
1176.23 152683 -34.9275 149464
850.062 151443 -2609.75 151840
-4634.65 146109 -3794.19 143217
-10453.3 154629 -11754.6 156526
-15528.4 157040 -15273.5 140207
-15585.1 153414 -14499.8 155308
-15572.9 146421 -14546.5 139788
-2400.47 139120 6207.87 131319
11733.8 117613 11740.4 117028
5984.12 131263 -9818.8 136319
-12375.8 145891 -14093.5 141892
-4826.12 139837 -1775.96 135888
-3633.89 137853 -593.751 140302
-2782.29 140944 -4554.5 140732
-4354.12 139107 -8932.69 137502
-8967.2 135903 -9696.35 133534
-9695.23 128928 -5518.53 131660
-8989.47 139394 -15775.5 155308
-14518.7 155210 -15518.4 152105
-12010.7 145942 -20452 148852
-19426.8 143865 -19164.1 142616
-19955.6 145343 -18073.1 143591
-11829.2 147478 -10838.5 149415
-12248.9 148199 -18863.5 148611
-16257.5 146294 -16322.1 148262
-10334.2 147320 -4641.33 147089
-4469.9 144228 -2862.44 137188
-10797.3 133706 -11463 130509
-7900.76 141894 -2705.48 146590
-2170.04 151639 -2875.8 136402
-884.295 139946 -16331 139367
-14295 138343 -15668.6 140570
-13233 139570 -11312.7 141598
-12638.5 143154 -18561.8 127505
-15028.5 132178 -13690.5 134347
-14760.3 137664 -9398.01 138786
-4662.48 132508 -8293.72 136233
-10886.4 132156 -11026.6 133715
-12199.9 132092 -11219.2 133779
-9603.95 132539 -12852.3 133873
-9520.46 134639 -9089.65 133672
-9275.56 130883 -8841.41 123716
-10268.5 125390 -9360.16 133646
-14023.3 136458 -11762.4 137479
-10128.3 136331 -6922.26 137326
-6271.05 139316 -1506.57 135923
-2796.76 141220 -1524.38 134714
1309.81 134572 1684.96 131958
2454.18 137829 -726.222 147975
137.618 139617 -8844.75 140648
-1770.4 139639 11929.7 115093
15309.4 105954 69948.3 99795.6
68396.5 103157 63971.6 100403
51648.5 98003.3 35116.4 101007
18878.3 106003 14199.5 105931
3460.5 132568 4568.13 134100
11928.6 117776 15411.8 117943
15361.7 117148 15987.3 114710
6315.85 131074 766.573 150769
2696.85 144789 175.466 142669
185.485 143751 -4417.58 143533
-4681.4 142246 -3159.67 135988
-4393.09 139305 -12049.6 130457
-12167.6 136415 -13858.6 139345
-13833 147610 -12756.5 153247
-12010.7 151394 -16571.4 149083
-15613 143190 -12523.9 141703
-8763.49 142963 -4709.23 143114
-5979.39 147102 -6051.75 146096
-7806.14 143072 -8187.97 141625
-8369.42 143689 -3758.56 143119
-5393.85 147031 -8631.02 143871
-4722.59 145434 -4415.35 149667
-4053.56 143615 -5423.9 143092
-3836.49 143052 -2737.76 145147
-4688.08 142678 -1814.93 146523
-571.487 161431 -1842.76 146111
-4066.92 143557 -10457.8 126953
-11646.7 117355 -12699.7 122204
-10915.3 129863 -8988.35 134610
-12333.5 149497 -10062.6 145503
-5389.4 148865 -6021.69 145835
-10445.5 152781 -11390.6 159518
-11123.5 157323 -9739.76 137876
-7108.17 139325 -3799.75 143266
-415.64 135280 521.67 133425
5418.61 148008 -2152.22 134634
-5146.72 133436 -4110.33 141344
3619.69 140643 6692.11 129919
5527.71 131620 2593.33 131831
2022.26 133216 4431.21 139782
1117.23 142333 -174.077 152630
-7596.86 154195 -8692.24 143807
-9487.07 140541 -10647 138526
-9425.84 137484 -10136.1 136319
-8069.97 137355 -2746.67 144470
-2515.13 149464 4524.72 140449
-2713.27 138328 717.592 141885
-11255.9 139407 -15598.5 149175
-14311.7 155070 -15501.7 149727
-19085 147387 -15555.1 144820
-14846 137125 -10859.6 130600
-12089.7 123533 -10579.1 113984
-14531 115498 -14122.4 129317
-11358.3 130092 -12191 134180
-9792.08 135055 -19360 138804
-20686.9 147997 -19442.4 147763
-15863.4 137784 -12963.6 137361
-7156.04 130074 -1773.74 122638
-3691.77 124362 -3345.57 127360
2907.25 131076 -1851.66 136313
