-4812.76 152735 -10463.3 152606
-10635.9 155050 -10635.9 155050
-10568 155402 -10568 155402
-10561.3 155486 -10561.3 155486
-9672.97 155204 -10462.2 148923
-9155.33 143958 -2910.31 143520
-678.354 146051 -678.354 146051
-845.333 145926 -845.333 145926
-640.506 145434 -3445.76 143511
-8993.92 143802 -14202.6 145786
-16022.6 144021 -13896.4 145911
-10550.2 145519 -6183.1 143649
-6062.88 141823 -673.901 145361
1326.51 143818 1130.59 142277
1254.15 144522 1802.96 147015
4397.81 147011 5775.95 148992
4744.02 149353 1800.73 152715
3058.64 152815 2087.94 157958
1256.38 156154 738.743 155148
1315.38 153598 1315.38 153598
1324.28 153483 1324.28 153483
1328.74 152879 400.585 146471
3849.01 147146 1310.93 146857
286.786 145319 286.786 145319
85.2975 145323 -4691.42 142547
-4713.69 140752 -5213.51 139258
-4715.91 143244 -4715.91 143244
-4722.59 143571 -5758.98 143448
-6581.63 141830 -6581.63 141830
-6900 141868 -7819.5 143063
-7717.09 136872 -10891.9 127263
-11092.3 130533 6768.92 130297
14484.5 122534 15042.2 114165
14827.3 112377 15488.6 108906
19863.4 106054 19863.4 106054
20296.5 106061 20296.5 106061
20942.1 106181 22584.1 105969
20927.6 106234 20927.6 106234
20931 106192 20931 106192
20942.1 106190 20942.1 106190
20934.3 106196 20934.3 106196
20928.8 106199 20928.8 106199
20937.7 106194 21650.1 101606
19835.6 103467 11063.6 109598
4145.12 111170 -1487.65 116298
-4045.77 114614 -4670.27 121721
-2984.89 123039 -2984.89 123039
-2945.93 122992 -2945.93 122992
-2952.61 122990 -974.464 127418
-867.597 134886 3959.22 141146
4394.47 152263 5818.25 154302
4516.93 155979 2620.04 152563
2734.7 151432 2734.7 151432
2830.44 152156 1621.51 152712
3591.86 152699 3591.86 152699
3812.27 152697 5016.75 140501
6059.81 140848 5064.62 140429
2929.51 142447 -2129.96 152610
-10060.4 152879 -10060.4 152879
-10094.9 152378 -10094.9 152378
-10304.2 152381 -10304.2 152381
-10305.3 152401 -10305.3 152401
-10301.9 152505 -10301.9 152505
-10288.6 152565 -10580.2 147309
-9277.78 144045 959.156 142389
1250.81 146893 -195.228 148520
-443.47 146423 -443.47 146423
-69.4366 146361 -69.4366 146361
-67.2102 146363 -67.2102 146363
-48.2859 146356 -48.2859 146356
-47.1727 146356 -47.1727 146356
-42.7199 146365 -42.7199 146365
-37.1539 146374 -37.1539 146374
-29.3616 146385 -1709.17 145370
-1634.59 152260 -1634.59 152260
-1612.32 153216 -1612.32 153216
-2262.43 152830 -2262.43 152830
-1522.16 152699 -1522.16 152699
-1308.42 152668 -1308.42 152668
-1090.24 153102 -1090.24 153102
-308.773 152906 -308.773 152906
-289.849 152873 -289.849 152873
-265.359 152915 -265.359 152915
-288.736 152906 -288.736 152906
-308.773 152902 -308.773 152902
-298.755 152884 -298.755 152884
-314.339 152882 -314.339 152882
-309.887 152884 -309.887 152884
-289.849 152850 -289.849 152850
-270.925 152824 13609.5 124175
15812.5 114247 15298.2 118065
13169.8 116358 13169.8 116358
13523.8 116293 13523.8 116293
13480.4 116062 13480.4 116062
13379.1 116262 13379.1 116262
13185.4 116324 15011 118025
15320.5 116647 15320.5 116647
15308.2 116498 15308.2 116498
15294.9 116329 15294.9 116329
15253.7 115935 15782.5 114868
15390.6 116925 15058.9 121414
8291.77 128129 -1856.11 144221
-1782.64 148039 -1782.64 148039
-1787.1 148714 -1139.22 161010
-1804.91 161130 -1804.91 161130
-1257.22 161137 1959.92 158857
1955.46 158149 4348.83 158679
4022.67 159788 2423.01 152554
1448.96 152585 561.745 162651
-2786.75 163829 -3985.66 164022
-3966.73 166492 -2075.41 161509
-2077.64 163016 -1862.79 166169
-2187.85 162221 -2187.85 162221
-2957.06 162119 -3631 157013
-3260.97 159683 -4707.01 160514
-4055.79 162796 -4686.97 167360
-5441.72 170849 -5325.94 175626
-3663.94 176154 -3663.94 176154
-2868.01 175987 -679.467 175577
252.277 172790 -1850.55 162090
-3854.3 162226 -3854.3 162226
-4055.79 162471 -8166.82 164677
-6941.19 161380 -4837.25 152795
-5654.34 148289 -5654.34 148289
-5987.18 148133 -6994.62 162252
-6987.94 158984 -6708.53 157742
21593.3 154329 -4832.8 152768
-3053.91 151085 -1726.98 144548
979.193 140525 15497.5 105934
18968.4 105687 19926.9 105128
20298.7 103549 21337.3 103291
21494.3 102042 21494.3 102042
21666.8 101982 18555.4 103516
16769.9 103692 8115.89 106671
8223.87 109687 -765.183 114445
-2832.39 117863 -3941.13 123186
-2991.57 123910 -2991.57 123910
-3235.36 123881 -3219.78 116438
-1515.48 117716 -3718.49 133087
-4818.33 133378 -4818.33 133378
-4791.61 133394 -3679.53 133238
-5113.32 130117 -9160.9 130123
-10838.5 133801 -10838.5 133801
-10924.2 134712 -10924.2 134712
-11349.4 134739 -12835.6 135026
-12602.9 133875 -12602.9 133875
-13167.3 133414 -13167.3 133414
-13058.2 134135 -10749.4 136393
-12775.4 137459 -12775.4 137459
-12891.2 137453 -12891.2 137453
-13877.5 137513 -13877.5 137513
-14355.1 137535 -14355.1 137535
-14361.7 137537 -14361.7 137537
-14007.8 137546 -14007.8 137546
-13018.1 137491 -12874.5 136395
-13521.3 137504 -13521.3 137504
-14415.2 137531 -14415.2 137531
-13860.8 137531 -11095.6 137479
-10802.9 138824 -8939.37 156954
-7559.01 156896 783.271 155976
1553.6 154373 -501.356 150577
1071.59 152683 1071.59 152683
1236.34 153009 1135.04 161705
-3672.85 164049 -3672.85 164049
-3788.62 164031 -3788.62 164031
-4006.81 164022 -4006.81 164022
-3990.11 164679 -3902.17 167349
-4643.55 167353 -11312.7 178510
-11671.2 173663 -10856.3 166612
-8781.3 166120 -8781.3 166120
-7973.12 165543 -7973.12 165543
-7051.4 165748 -7331.92 155055
-4681.4 154333 -4681.4 154333
-4291.78 153861 -4291.78 153861
-4311.82 153147 -2282.47 155921
-2940.37 155974 -2940.37 155974
-3318.85 156021 -3318.85 156021
-3367.83 156041 1962.14 159358
2877.19 157993 2085.71 154429
1379.94 153075 3716.54 152721
4601.53 154347 5958.51 154300
3128.77 154396 2701.31 152817
6343.68 152732 7783.04 152668
1215.19 152349 1215.19 152349
1257.49 152316 1286.43 155840
1288.66 147316 1226.32 143553
4111.72 141126 2825.98 132780
2306.12 134928 2036.73 138573
104.222 139559 -670.562 141556
-3804.21 139098 -3868.77 119806
-2157.79 118223 3992.61 111188
8147.06 107811 12942.7 105847
18207 106012 21490.9 103171
19902.4 103465 14455.5 103759
10664 108850 314.616 113871
-1515.48 117110 -1515.48 117110
-1517.7 117130 -1517.7 117130
-1516.59 117141 -3397.89 117137
-4083.62 119012 -4537.76 125141
-2733.31 123821 -2733.31 123821
-3101.78 124364 -3101.78 124364
-3101.78 124350 -3101.78 124350
-3104.01 124350 -3104.01 124350
-3104.01 124346 -1920.68 122336
-3119.59 122701 -3119.59 122701
-3081.74 122462 -3081.74 122462
-3071.72 122447 -3750.77 143137
-1812.7 146145 -2856.88 152744
-1836.08 152661 -3538.15 140892
-3882.13 140040 -3882.13 140040
-3704.02 139185 -3704.02 139185
-3715.15 139060 -10642.6 138535
-10790.6 139726 -6137.46 141200
-5629.85 143644 -1769.29 148540
-1647.95 151893 -2644.26 152666
-1637.93 152672 -1637.93 152672
-1545.53 152683 -1545.53 152683
-1031.24 152060 -10440 153663
-11791.4 156219 -11791.4 156219
-11965 156090 -9713.04 152601
-9693.01 154311 -9693.01 154311
-9679.65 154387 -9775.19 155911
-9670.74 154850 -10842.9 154478
-10854.1 153026 -11041.1 160465
-10794 149511 -10794 149511
-10759.4 148602 -9937.91 140138
-10465.6 143903 -9687.44 154741
-10718.3 155313 -10718.3 155313
-10453.3 154489 -8982.79 152913
-4999.78 152790 -4999.78 152790
-4367.48 152703 3096.49 152258
5557.76 151023 5557.76 151023
5886.16 151003 5886.16 151003
6509.55 150949 6509.55 150949
5951.83 150929 5902.85 147478
3852.35 149244 1240.79 147712
25.185 148861 29.6378 145457
-1257.22 144793 -1257.22 144793
-796.353 143954 824.459 135741
2792.59 132906 2792.59 132906
3174.41 132234 -1553.33 147064
-46.0595 147781 -46.0595 147781
126.486 146993 -663.883 148175
581.782 146049 581.782 146049
254.503 146975 -1560 147062
546.16 147013 2474.21 147006
1905.37 143847 1905.37 143847
955.816 143647 1271.96 157666
3141.02 158000 3141.02 158000
3033.04 158220 2534.33 155963
-610.449 155845 -14185.9 147581
-4477.69 139174 4505.79 111148
9360.44 122625 13709.7 106023
18746.9 106208 21390.7 101441
-2997.14 149059 20697.7 101710
21503.2 102302 21503.2 102302
21670.1 101948 21670.1 101948
21675.7 101955 21675.7 101955
21600 101650 21600 101650
21725.8 101657 24878.4 94231.8
30240.6 94182.8 31389.5 86539.6
37011.1 85261.7 43468.7 86971.6
45002.7 83876.9 45002.7 83876.9
45149.7 84188.6 45149.7 84188.6
45088.4 83382.6 45088.4 83382.6
45619.4 83106.5 45151.9 84195.2
45605 78143.9 45675.1 76581
45628.3 80488.3 45983.4 82369.6
44455 82886.1 45135.2 84090.6
38637.5 77643 38637.5 77643
38384.8 77458.2 45010.5 81603.7
45081.7 83311.4 45081.7 83311.4
45153 84190.8 45651.7 83093.2
44915.9 84765.2 44915.9 84765.2
44948.2 84756.3 44948.2 84756.3
45173 84627.2 45173 84627.2
45164.1 84164.1 45164.1 84164.1
45145.2 84184.1 45145.2 84184.1
45165.2 84161.8 45165.2 84161.8
45155.2 84188.6 45155.2 84188.6
45161.9 84184.1 44593.1 86386
38828.9 84936.6 33889.7 84838.7
30398.7 92045.5 29491.5 94209.5
24961.9 94182.8 21572.2 102728
21706.9 101922 21706.9 101922
21656.8 101969 21656.8 101969
21445.3 101768 17650.4 100256
17633.7 101635 17633.7 101635
17631.5 101637 21258.3 102817
21624.5 102017 21624.5 102017
21568.8 102565 20767.3 104792
21597.8 102058 21597.8 102058
21608.9 102078 21608.9 102078
21744.7 101641 22357 101641
21504.3 102294 21504.3 102294
21635.6 102002 21635.6 102002
21645.7 101984 22949.2 105134
24411.9 106179 25420.5 105054
27396.4 108124 24612.3 103761
22522.9 103246 22522.9 103246
22472.8 104139 22472.8 104139
22410.4 103654 21503.2 102298
22434.9 101679 22434.9 101679
22892.4 101913 20934.3 102049
21509.8 98867.2 22564 99078.7
22825.6 95968.4 22825.6 95968.4
23229.7 96449.3 21233.8 102654
17868.6 104618 14270.7 105952
11305.2 109536 12340.5 109799
11793.9 116456 15645.5 120243
15760.2 114833 15327.2 118720
13184.3 118297 9838 120864
7167.44 126835 1914.28 127641
2158.07 129707 3037.49 127124
4726.21 127251 7527.01 126811
7503.63 130477 11613.5 133730
12611 137813 11522.3 138702
9481.78 137295 2853.81 139623
4411.17 150969 3319.13 160850
1954.35 160823 1277.53 158042
-219.718 157922 -2526.26 155128
-1826.06 158045 -1826.06 158045
-1791.55 158615 -1791.55 158615
-1758.15 158813 -3157.44 155179
-4194.94 154293 -12007.3 154741
-10501.2 153209 -10501.2 153209
-10874.1 153051 -11479.7 147296
-10561.3 147309 -8638.81 145595
-8717.85 143829 -12181 139439
-13861.9 139477 -13861.9 139477
