-3697.34 146719 -4887.34 149103
-7537.86 149473 -8195.76 151775
-8118.95 149464 -5213.43 139221
-6004.99 140474 625.197 138655
573.99 139543 -3466.91 139129
238.918 141376 1493.49 149319
2689.06 149391 5008.96 146886
6112.13 146283 7643.89 143384
7333.31 141643 7879.82 140668
7469.12 143337 6236.81 150900
4485.76 149644 1177.34 142785
265.635 143860 271.201 139185
-216.378 141992 -83.9081 140975
1280.87 144475 450.437 153886
1332.08 153414 3910.24 151003
3535.09 149413 7049.44 149324
7488.04 145563 5770.38 146412
7489.16 144615 10179.7 139802
8622.39 140394 6368.17 130673
8072.47 126808 5275.01 127165
4701.72 128888 4151.8 129894
3025.25 129070 -598.204 134681
-2215.68 133659 -1912.56 132692
-2918.1 134570 596.254 136357
912.401 134692 2234.88 129099
2677.93 132746 2184.78 133850
3489.45 135605 2729.14 139416
4394.47 143631 5918.44 148990
5781.52 147781 7895.47 145299
10124.1 145241 10819.8 144773
8853.93 145229 4455.7 149219
4471.29 147051 2846.02 139448
1650.45 137891 3897.99 134278
3634.16 135701 5189.3 140213
4418.97 137012 7268.74 131982
6056.47 131784 12028.8 113831
12482.9 109821 13391.3 106134
16737.6 105956 23491.3 106221
15437.4 105880 12257 110838
11731.5 117197 7326.63 128939
2793.7 131804 2557.7 130504
4710.62 130738 5365.18 132829
9993.85 126955 15518.6 120552
15584.3 119134 15389.5 115367
4737.34 130740 3414.86 128923
1902.03 129798 3156.6 135142
4146.23 134828 4408.95 138254
3443.81 139643 4062.74 138664
3294.64 138519 1313.15 141961
317.955 141422 -614.902 142148
-2450.56 139042 -15463.8 140300
-15909.1 139171 -16915.4 140202
-15915.8 139973 -15523.9 152427
-15569.6 147638 -12001.8 139479
-11154.6 139445 -1613.44 139468
-1689.14 140888 101.995 141195
1271.96 151332 851.176 152485
15.1662 151590 69.7128 141164
2134.69 138584 -3938.9 134754
-5438.38 134826 -8990.58 135618
-9423.61 136353 -10694.9 137477
-10578 142629 -13523.5 146082
-12165.4 146022 -11381.7 143382
-11991.8 143756 -13682.7 142945
-14254.9 140033 -13073.8 137482
-11518.6 137473 -8867.02 137453
-7970.89 139216 -14145.8 139550
-15606.3 144918 -15444.9 157724
-15527.3 155389 -16629.3 144301
-18344.8 143413 -19345.5 139717
-18508.4 140469 -19589.3 143985
-18723.2 144147 -10910.8 145354
-11286 144591 -12083 143849
-11342.8 143355 -13267.5 145902
-13834.1 145819 -15090.9 144357
-13965.4 143954 -11873.8 139492
-10637 139557 -9795.42 136313
-10711.6 135224 -12604 133875
-12605.1 130927 -16180.7 123320
-15448.2 121271 -14033.4 120839
-13297.5 122518 -10908.6 131101
-10847.4 133289 -10431.1 153129
-12015.1 155003 -14340.6 154480
-14358.4 152886 -16549.2 147369
-16270.9 146394 -14409.6 142622
-15664.2 143123 -15673.1 152848
-14356.2 153280 -12368 151377
-12861.2 149449 -15459.4 148997
-15559.5 147656 -16946.6 144168
-15610.8 146601 -14477.5 152833
-11261.5 152884 -3571.55 153209
-3727.4 155124 -3679.53 147160
-2141.09 147280 -1449.8 148079
-1803.79 149030 -1743.68 150853
-3504.76 151036 -4153.49 143369
-6666.23 143618 -10913.1 145428
-12658.6 143217 -9811.01 139450
-7882.95 139356 -797.466 140064
-278.717 141536 -1180.41 142070
-1614.55 139528 1268.62 146214
205.523 152634 -1022.33 152842
-811.938 149969 979.193 149324
981.419 140737 1927.64 130061
4038.25 127363 8990.86 124119
11670.3 117691 12356 109903
16371.3 105943 22770 105039
18887.2 105987 13216.5 105704
11530.1 108463 11199.4 109583
8101.41 110538 3580.73 111288
2258.25 113301 -495.79 115547
-1900.64 118348 -4297.35 120986
-1822.72 123538 -2300.28 127289
-3810.88 127098 -5658.79 139178
-6180.88 139102 -5382.72 137764
-6969.02 135656 -7599.09 131807
-7157.15 134336 -8305.97 131893
-7014.66 134521 -6218.73 138991
-7771.63 139750 -11732.4 151978
-12926.8 152795 -15499.4 151788
-17001.1 146714 -17358.5 139383
-16698.3 137922 -15010.7 135556
-14323.9 135507 -10826.2 132116
-10874.1 130713 -11994 123760
-13427.8 120000 -16249.7 114056
-16890.9 114120 -15882.4 114082
-14585.5 117197 -14427.4 118836
-16584.8 119915 -11038.9 126474
-10885.2 130415 -7685.92 130059
-7760.5 128053 -4704.78 127327
-7913.01 140795 -1611.21 139434
-447.923 140449 -1050.16 139637
-1859.45 134641 -16578.1 135536
-19099.5 138553 -15515 135583
-14839.3 135527 -9861.1 133692
-8988.35 134950 -318.792 140403
-66.097 139973 1362.13 141905
1853.05 141304 -5392.73 139158
-4558.95 136322 -3307.72 136081
-2832.39 138991 -2784.52 141206
-649.411 141082 -162.945 144248
-1715.85 145394 -2746.69 145793
-3517 141966 -3565.98 139730
1279.76 145922 1148.4 161260
-887.635 163597 -5576.41 163464
-6798.7 160894 -10665.9 161789
-8085.55 161135 -548.11 159881
-578.167 155974 1573.64 154353
3037.49 155847 1795.16 159803
1947.67 157982 1333.19 151797
2739.15 150949 2546.57 149170
1339.87 149308 -3744.09 149103
-4592.35 147398 1567.41 148038
1315.38 147071 410.35 141569
-1610.1 137381 -2797.88 131709
-3670.62 132857 -3623.87 138063
-1101.37 139630 1310.93 143480
160.995 141787 -3609.4 127739
-1948.51 125041 -545.884 127496
1814.09 127661 6832.37 126891
8835.01 124442 11657 117749
12322.6 110255 13834.4 106021
15303.8 105938 17937.6 105972
15420.7 105911 15333.8 111273
-1620.12 152430 -2426.07 155934
-4525.56 156130 -7290.73 157615
-7302.98 155567 -8091.12 147195
-10493.4 146403 -12355.8 140064
-6717.44 139305 -327.698 140605
1243.02 148803 1447.85 150372
3817.84 151085 6866.88 150911
1579.21 149297 -1063.52 149179
-1759.27 147741 11894.1 115369
13076.3 106185 23148.5 105785
20559.2 105996 14198.4 105974
12216.9 111330 11534.5 118034
-546.997 134405 -4006.81 134472
-4771.57 135418 -6059.54 143045
-6320.03 141990 -7967.55 141603
-6937.85 140503 -5311.47 143615
-2760.03 144395 -2080.98 146162
-1494.33 145392 644.121 145332
1482.36 141665 -2011.96 142008
-2625.33 143437 -2677.65 145372
-2767.82 143428 -4630.2 141327
-4709.23 142898 -10058.1 144528
-10473.4 149172 -12867.8 155101
-14338.4 155075 -15461.6 149279
-13782.9 149290 -11817 148273
-11788 147318 -10415.5 151428
-9747.55 154658 -8420.62 157174
-8425.08 154698 -8488.53 149513
-9992.46 151385 -11827 147641
-11075.6 145657 -11402.9 142703
-12037.4 143791 -12844.5 139523
-11440.7 139485 -9362.39 139445
-7830.63 136028 -7527.84 135037
-3525.91 134768 -639.392 135182
2201.48 138557 8193.81 128251
11317.4 126025 15595.4 120147
15878.2 114467 15378.4 111749
15372.8 106181 22588.5 105987
22395.9 105148 21252.7 105878
22614.1 105183 10292.2 106263
13123 106116 23144 105827
22814.5 104954 13388 106132
13197.6 111005 14398.8 117901
15335 116923 15366.1 115427
14786.1 121895 6319.19 131041
3567.37 129004 -4050.22 126991
-4718.14 129912 -2798.99 117872
-1476.51 115525 -1878.38 114554
-3966.73 114557 -13440 113978
-10786.2 113577 -4929.65 112524
-4048 114434 -4748.19 129562
-7083.68 130048 -7857.35 140953
-6326.71 139281 26.2982 141075
1292 144869 1222.98 150192
2437.48 150969 15695.6 151437
15715.7 150408 15634.4 149061
12663.3 149057 12594.3 145697
12688.9 147932 11218.4 151379
10137.4 150842 4931.03 150982
4433.44 147850 2684.61 137439
4027.12 135013 11664.8 117687
12226.9 111353 13146.4 106139
18240.4 106016 22439.7 106054
22384.8 107180 26366.8 108494
24971.9 107764 22505 102029
22763.3 105041 23958.9 104064
24115.8 106308 24965.2 110785
23550.3 110761 23562.6 113826
23361.1 108096 23476.9 104832
22796.7 104959 22776.7 105028
23026 105039 21013.4 94964.3
21366.2 89115.6 19991.4 85079.1
17265.2 84751.8 12810.2 85488.8
12361.6 84188.6 12299.3 83640.9
