-7783.88 133519 -8874.81 131998
-9233.26 133648 -8932.69 137945
-9726.4 135033 1984.41 131136
1383.28 134505 3776.65 137497
1308.7 141961 254.503 141460
15.1662 144878 208.862 149649
1303.13 149382 919.08 142618
-1498.78 144524 -1498.78 144524
-1811.59 144495 -7084.79 143092
-4348.56 143598 -1763.72 145668
-1204.9 143923 -2863.56 138388
-1494.33 134721 -2682.11 135934
-2927.01 133652 5129.18 140338
5836.06 139568 1319.83 143448
-236.416 142001 -492.451 140331
-3377.85 139067 -3377.85 139067
-3917.75 139080 -4357.46 135986
-3598.26 139058 -2706.6 146659
-3377.85 143566 -1997.49 145145
-4059.13 147071 -7747.14 147151
-8537.51 149266 -8429.53 151256
-10438.8 149533 -10605.8 141055
-12476 135226 -15662 123749
-15049.7 131375 -10549.1 146038
-8197.99 147233 4303.19 147017
7495.84 145408 -36.0407 147004
3186.66 147006 7495.84 145837
1768.45 146982 -10585.8 141683
-10220.7 138212 -10966.5 165361
-2134.41 163809 -2134.41 163809
-1967.43 164071 -10750.5 165222
-17317.3 161994 -17667.9 163003
-15183.3 161438 -13797.4 156724
-11591 166153 -9231.03 175569
-7945.29 171374 -6925.6 164058
-14784.8 157909 -4788.27 156183
-4845.04 151768 -6272.16 144473
-10622.5 140372 -12665.2 130446
-11949.5 135349 -9141.98 137471
-8780.19 141589 -8578.7 142743
-7331.92 140514 -7569.03 141578
-9467.03 142836 -13853 146639
-12828.9 148240 -11559.8 150161
-86.1345 145336 3783.33 141997
5903.97 139601 -1621.23 145359
-2687.67 149297 -2687.67 149297
-3647.25 149344 -4226.11 145096
-6197.57 148217 -7418.75 149471
-7550.11 143092 -4754.87 134903
-6253.23 134899 -13313.1 136458
-13004.8 137154 -14100.1 142469
-14320.6 139692 -15968.1 136128
-11684.5 137482 -8908.2 139425
-1777.08 139040 2416.33 142119
1963.26 141551 -2457.24 148402
-3704.02 146098 -6149.71 140536
-6157.5 141128 -2763.37 143486
-1104.71 147972 -1782.64 146917
1319.83 144929 -12530.5 139846
579.556 136535 -2932.57 134269
-7129.32 134915 -10750.5 134739
-9044.01 133690 -7911.89 142999
-10778.4 146169 -10778.4 146169
-10894.1 145612 -14888.3 136161
-15002.9 131177 -14849.3 123849
-14695.7 129378 -14424.1 133942
-12953.6 134973 -14008.9 139470
-12133.1 139474 -9553.86 137466
-9433.63 138533 -9433.63 138533
-9420.27 138132 -8865.9 139234
-6029.48 139278 -5262.49 141750
-536.978 140260 -2623.11 135934
-494.677 135367 5305.07 140993
5653.5 140859 5463.14 141694
4995.6 140583 4995.6 140583
5720.29 140091 -719.542 145334
-1728.1 150706 -555.903 157924
-1598.97 162099 -4774.91 162669
-3294.36 160462 -2698.8 148030
287.899 149455 -1839.42 149030
-3439.08 145385 -2717.73 146392
-2741.1 144562 -4766.01 138844
-6892.21 137410 -10474.5 144123
-9609.52 146347 -9609.52 146347
-9088.54 145612 -6258.8 144813
-6013.9 147055 -1772.62 148562
1217.42 153044 1217.42 153044
1289.77 153694 -29332 152755
-29340.9 154852 -28315.6 152859
-21035.3 150557 -20829.4 152815
-23591.2 153979 -14348.4 152036
-17860.5 148407 -17665.7 147327
-12920.2 148213 -7477.75 144568
-6325.59 145824 -3201.97 145403
-2657.61 150246 -4342.99 151040
-5244.68 146091 -4223.88 141883
-2735.54 145982 -3695.11 147022
-6275.5 144121 -2008.62 135928
-3391.21 140710 -6268.82 137410
-7095.92 130969 -7630.26 137410
-5773.45 139753 -4340.77 141872
-2782.29 141523 -2782.29 141523
-2776.73 141304 -14652.3 156963
-9667.4 156891 -6035.05 145559
-2106.58 145392 5830.5 139552
4356.63 141416 -1187.08 142231
-2832.39 139147 -1802.68 146694
-3652.81 152677 -4828.34 152209
-4944.12 147445 -8754.58 142669
-9413.59 139367 -10761.7 135260
-16140.6 135473 -15990.4 136618
-13088.3 137497 -14042.3 141834
-15881.3 139630 -15926.9 136235
-13951 136458 -16193 147300
-15625.2 142776 -14033.4 143408
-14073.4 147262 -16477.9 147329
-15559.5 144513 -11342.8 143230
-12886.8 139608 -10521.2 136386
-8485.19 137477 -7905.22 142320
-6355.65 143059 -5693.3 139301
-1164.82 139530 3779.99 141986
5329.56 140247 5329.56 140247
5841.63 139590 2343.97 142841
3134.34 147084 2421.89 152191
516.104 152198 -3218.66 145381
-4610.16 151114 -9526.03 152895
-8454.02 154525 -6876.62 158216
-8478.51 159316 -9630.67 157602
-2835.73 156012 1214.08 156874
-1529.95 153941 -1029.01 152561
-3480.27 152659 -8334.91 152895
-10527.9 154770 -11038.9 158236
-8481.85 153229 -8448.45 155544
-3580.45 156105 -1181.52 157982
-3702.9 155075 -4630.2 146109
-3086.19 145408 267.861 146973
-825.296 146999 -825.296 146999
-1543.31 146338 -2634.24 150767
-3683.98 147106 -3509.21 142491
-6366.78 140449 -6135.24 142418
-9125.28 145468 -11454.1 146915
-11220.3 150450 -9541.61 150355
-9192.07 156922 -3617.19 156088
64.1468 158392 -2450.56 156183
-1017.88 152804 -3976.75 151047
-3715.15 145871 -1643.49 158692
-1732.55 150005 -2813.46 141467
-2264.66 152639 -3524.79 154721
-4850.61 151107 -4571.2 145457
-32.7012 147004 4845.32 146937
5134.75 140309 2569.95 135928
5872.8 138822 5872.8 138822
5828.27 139557 5828.27 139557
5733.65 139256 5733.65 139256
5833.84 139546 1312.04 143756
3058.64 137025 8032.4 126935
6955.94 124620 9315.91 122776
5151.45 132813 2297.22 137255
549.5 136442 -2780.07 143321
-1632.36 151697 1228.55 153460
-706.184 153672 -2971.54 149110
-2737.76 144522 -2186.73 135919
-3269.87 135351 -3269.87 135351
-2908.08 134627 -2798.99 131811
-3689.55 135574 -5576.41 142662
-4630.2 146714 -3492.51 149115
-1866.13 143687 2510.95 135850
-152.926 137983 -2119.94 139323
-2785.63 143411 -4922.97 147066
-5996.09 145490 -7849.56 146432
-8746.79 143159 -8829.17 140628
-9138.64 142792 -10775 139390
-11239.2 143878 -10155 146392
-9947.93 144484 -6945.64 140498
-8701.15 143675 -12945.8 149364
-19274.3 150065 -20463.2 150339
-20643.5 153445 -20643.5 155478
-16845.3 140347 -14387.3 139336
-12536.1 135355 -10691.5 126713
-6242.1 137949 1684.96 150539
4907.66 151092 6123.27 150922
4466.83 149900 -820.843 146398
-6803.15 143615 -8943.83 136947
-4181.58 135099 1044.87 142447
3570.71 137894 551.726 143749
-742.92 151552 3579.62 137878
5511.01 132172 14765 105960
23758.5 106179 31337.1 104925
42129.6 98782.6 51060.7 98012.2
60397.1 100397 69356.1 99915.8
73546.1 98052.3 73546.1 98052.3
73602.9 97802.9 75617.8 97005.9
76343.6 98994.1 76343.6 98994.1
76313.5 98864.9 73718.7 89652.1
73109.8 99365.9 77211.9 56091.5
75901.7 63492 73543.9 92798
76274.6 98758.1 76274.6 98758.1
76218.9 98646.7 73981.4 83073.1
73928 89592 73857.8 106535
