3.29995e+07 1.11239e+07 3.29964e+07 1.1126e+07
3.29957e+07 1.11302e+07 3.29929e+07 1.11327e+07
3.29928e+07 1.1135e+07 3.29896e+07 1.11528e+07
3.29924e+07 1.11529e+07 3.29964e+07 1.11519e+07
3.29963e+07 1.11479e+07 3.29968e+07 1.11435e+07
3.29982e+07 1.11473e+07 3.29974e+07 1.11521e+07
3.29966e+07 1.11512e+07 3.29969e+07 1.11491e+07
3.29972e+07 1.11491e+07 3.29973e+07 1.11491e+07
3.29988e+07 1.11495e+07 3.29995e+07 1.11496e+07
3.3e+07 1.11513e+07 3.3e+07 1.11515e+07
3.30006e+07 1.11515e+07 3.30031e+07 1.11515e+07
3.30012e+07 1.11539e+07 3.30012e+07 1.11553e+07
3.29988e+07 1.11559e+07 3.29981e+07 1.1155e+07
3.29969e+07 1.1156e+07 3.29963e+07 1.1156e+07
3.29958e+07 1.11569e+07 3.29949e+07 1.11572e+07
3.29957e+07 1.11547e+07 3.29957e+07 1.11546e+07
3.29962e+07 1.11527e+07 3.30007e+07 1.11526e+07
3.3e+07 1.11506e+07 3.29991e+07 1.11492e+07
3.29987e+07 1.11491e+07 3.29988e+07 1.11491e+07
3.29986e+07 1.11491e+07 3.29964e+07 1.11491e+07
3.29963e+07 1.11471e+07 3.29963e+07 1.11471e+07
3.29963e+07 1.11459e+07 3.29939e+07 1.11426e+07
3.29938e+07 1.11436e+07 3.29895e+07 1.1143e+07
3.29894e+07 1.11413e+07 3.29915e+07 1.11394e+07
3.29918e+07 1.11366e+07 3.29913e+07 1.11394e+07
3.29891e+07 1.11394e+07 3.29888e+07 1.11395e+07
3.29905e+07 1.11507e+07 3.29887e+07 1.11557e+07
3.2986e+07 1.11551e+07 3.29859e+07 1.11534e+07
3.29899e+07 1.11529e+07 3.29915e+07 1.11527e+07
3.299e+07 1.11492e+07 3.29859e+07 1.11492e+07
3.29836e+07 1.11469e+07 3.29899e+07 1.11395e+07
3.29946e+07 1.11392e+07 3.29964e+07 1.11397e+07
3.29968e+07 1.11422e+07 3.29998e+07 1.11327e+07
3.29952e+07 1.11392e+07 3.29844e+07 1.11487e+07
3.29845e+07 1.11584e+07 3.29849e+07 1.11615e+07
3.29845e+07 1.11543e+07 3.29888e+07 1.11457e+07
3.29929e+07 1.11436e+07 3.29965e+07 1.11435e+07
3.29982e+07 1.11481e+07 3.29948e+07 1.11349e+07
3.2991e+07 1.11351e+07 3.29905e+07 1.11346e+07
3.29903e+07 1.1135e+07 3.29903e+07 1.1135e+07
3.29902e+07 1.1135e+07 3.29903e+07 1.11352e+07
3.29902e+07 1.1135e+07 3.29902e+07 1.1135e+07
3.29902e+07 1.1135e+07 3.29902e+07 1.11351e+07
3.29902e+07 1.11351e+07 3.29902e+07 1.11351e+07
3.29902e+07 1.11351e+07 3.29902e+07 1.11351e+07
3.29902e+07 1.11351e+07 3.29901e+07 1.1135e+07
3.29902e+07 1.1135e+07 3.29902e+07 1.1135e+07
3.29902e+07 1.11351e+07 3.29901e+07 1.1135e+07
3.29901e+07 1.11351e+07 3.29902e+07 1.1135e+07
3.29901e+07 1.11351e+07 3.29892e+07 1.11377e+07
3.29935e+07 1.11393e+07 3.29972e+07 1.11415e+07
3.29972e+07 1.11383e+07 3.29952e+07 1.11341e+07
3.29946e+07 1.11383e+07 3.29982e+07 1.1149e+07
3.29998e+07 1.11494e+07 3.30013e+07 1.11515e+07
3.30013e+07 1.11496e+07 3.30003e+07 1.11414e+07
3.29983e+07 1.1139e+07 3.29965e+07 1.11391e+07
3.29971e+07 1.11377e+07 3.29952e+07 1.11337e+07
3.2993e+07 1.11349e+07 3.29857e+07 1.11154e+07
3.29874e+07 1.11126e+07 3.29847e+07 1.11155e+07
3.29872e+07 1.11219e+07 3.29845e+07 1.11451e+07
3.29834e+07 1.11368e+07 3.29828e+07 1.11337e+07
3.29847e+07 1.11358e+07 3.29833e+07 1.11443e+07
3.29908e+07 1.1144e+07 3.29935e+07 1.11426e+07
3.29939e+07 1.11405e+07 3.29939e+07 1.11394e+07
3.29953e+07 1.11407e+07 3.29953e+07 1.11408e+07
3.29964e+07 1.11392e+07 3.29964e+07 1.11377e+07
3.29947e+07 1.11374e+07 3.29952e+07 1.11372e+07
3.29953e+07 1.11335e+07 3.29963e+07 1.11315e+07
3.29964e+07 1.11376e+07 3.2999e+07 1.11415e+07
3.29985e+07 1.11391e+07 3.29971e+07 1.11407e+07
3.29939e+07 1.11392e+07 3.29904e+07 1.11394e+07
3.29892e+07 1.11343e+07 3.29892e+07 1.11321e+07
3.29878e+07 1.11321e+07 3.29958e+07 1.11318e+07
3.29963e+07 1.11285e+07 3.3001e+07 1.1114e+07
3.30048e+07 1.11097e+07 3.30053e+07 1.11001e+07
3.3009e+07 1.10902e+07 3.3009e+07 1.10873e+07
3.30118e+07 1.10856e+07 3.30133e+07 1.1076e+07
3.30119e+07 1.10804e+07 3.29893e+07 1.11351e+07
3.29852e+07 1.11354e+07 3.29851e+07 1.11355e+07
3.2985e+07 1.11361e+07 3.29851e+07 1.11362e+07
3.29855e+07 1.11355e+07 3.29996e+07 1.11354e+07
3.30029e+07 1.11397e+07 3.30046e+07 1.1151e+07
3.30025e+07 1.1151e+07 3.2999e+07 1.11512e+07
3.3e+07 1.11525e+07 3.30043e+07 1.11531e+07
3.30049e+07 1.11587e+07 3.30052e+07 1.11599e+07
3.3003e+07 1.11567e+07 3.29895e+07 1.11351e+07
3.29875e+07 1.11394e+07 3.2986e+07 1.11395e+07
3.29844e+07 1.11484e+07 3.2985e+07 1.11552e+07
3.29887e+07 1.11575e+07 3.29903e+07 1.11647e+07
3.29941e+07 1.11647e+07 3.29941e+07 1.1165e+07
3.29959e+07 1.11641e+07 3.29976e+07 1.11642e+07
3.29976e+07 1.11654e+07 3.30049e+07 1.11528e+07
3.30119e+07 1.11525e+07 3.30141e+07 1.11562e+07
3.30142e+07 1.11528e+07 3.30113e+07 1.11524e+07
3.30104e+07 1.11506e+07 3.30072e+07 1.11361e+07
3.30088e+07 1.11278e+07 3.30113e+07 1.11261e+07
3.30154e+07 1.11161e+07 3.30152e+07 1.11149e+07
3.30133e+07 1.11183e+07 3.30115e+07 1.11181e+07
3.30106e+07 1.11194e+07 3.30079e+07 1.11215e+07
3.29964e+07 1.11239e+07 3.29974e+07 1.1123e+07
3.29963e+07 1.11239e+07 3.29987e+07 1.11454e+07
3.30006e+07 1.11427e+07 3.29991e+07 1.11435e+07
3.29972e+07 1.11435e+07 3.29939e+07 1.11435e+07
3.29945e+07 1.11404e+07 3.29909e+07 1.11394e+07
3.29885e+07 1.11418e+07 3.29887e+07 1.11432e+07
3.29864e+07 1.11418e+07 3.29836e+07 1.11412e+07
3.2984e+07 1.11383e+07 3.29875e+07 1.11338e+07
3.29879e+07 1.1136e+07 3.29882e+07 1.11359e+07
3.29892e+07 1.11352e+07 3.29953e+07 1.11407e+07
3.29938e+07 1.11436e+07 3.29937e+07 1.11441e+07
3.29927e+07 1.11436e+07 3.29931e+07 1.11431e+07
3.29951e+07 1.11431e+07 3.29952e+07 1.11431e+07
3.29939e+07 1.11424e+07 3.29964e+07 1.11398e+07
3.2996e+07 1.11413e+07 3.29948e+07 1.11436e+07
3.29927e+07 1.11436e+07 3.29913e+07 1.11435e+07
3.29911e+07 1.11405e+07 3.2991e+07 1.11352e+07
3.29878e+07 1.11352e+07 3.2987e+07 1.11363e+07
3.29886e+07 1.11374e+07 3.29894e+07 1.11403e+07
3.29905e+07 1.11375e+07 3.29923e+07 1.11328e+07
