6617.53 150929 5072.41 150998
-11784.7 136424 -10435.5 127196
-8789.09 125519 -8789.09 125519
-9435.86 125713 -9435.86 125713
-9635.12 125283 -9635.12 125283
-10445.5 124771 -14561 124905
-14649 129879 -15045.2 136121
-12563.9 134106 -12563.9 134106
-12597.3 133868 -11376.2 128872
-12558.4 133496 -12558.4 133496
-12587.3 133846 -14267.1 135262
-12858.9 133846 -9426.95 138971
-10136.1 136333 -10136.1 136333
-10143.9 136348 -10143.9 136348
-10171.7 136357 -16352.1 141093
-16680.5 140218 -16808.5 126728
-12222.2 126034 -12222.2 126034
-11327.2 125744 -11327.2 125744
-10366.5 125495 -10366.5 125495
-11163.5 125635 -7397.6 136186
-6120.76 143139 -6120.76 143139
-5748.96 143043 -3066.16 143504
-1700.27 151508 2418.83 155411
3092.04 152623 1469 152532
1307.59 150816 1188.47 149279
-1132.54 149048 -638.279 143718
25.185 146942 25.185 146942
703.121 147260 -1494.33 146968
2105.75 144508 2105.75 144508
1556.94 144001 -1799.34 144125
-6170.86 139835 3238.98 140078
4504.68 155604 4504.68 155604
4755.15 155498 2573.29 155947
4450.13 145034 5351.82 140946
4886.51 140728 1247.47 144346
1189.59 142600 -4039.09 140449
-4606.82 143457 -4606.82 143457
-4643.55 143480 -2920.33 109215
-4011.26 113613 -3126.27 123936
-11671.2 138334 -11671.2 138334
-11756.9 138014 -11756.9 138014
-11751.3 138025 -11751.3 138025
-11627.7 137956 -12222.2 133752
-13005.9 136409 -14115.7 141861
-14087.9 144001 -2294.71 143488
9941.53 126998 15617.7 119515
15876 114701 15876 114701
15874.9 114539 15874.9 114539
15326 114897 13365.7 117760
11756 117638 11542.3 116660
11668.1 116131 11668.1 116131
11698.1 116044 11698.1 116044
11692.6 116044 7020.5 119236
1348.77 119448 -2823.48 124010
4720.64 130765 15538.7 118544
15854.8 114496 15003.2 118012
11851.8 117709 8889.56 119463
2799.27 119252 -943.295 119432
-2643.14 123707 -2643.14 123707
-2768.93 123752 -2768.93 123752
-2741.1 123182 -4744.86 131005
-4070.26 119009 -4235.01 107401
-2873.57 106056 -3953.37 123070
-2721.07 123564 -5711.11 134817
-7566.8 134351 -16563.6 137878
-17282.8 139635 -15362.9 154155
-6600.55 152879 -3318.85 153770
-3616.08 151630 -3616.08 151630
-4294.01 151134 -7901.88 152864
-8202.44 151267 -9467.03 141600
-11847 141890 -11243.8 134958
-12491.6 137629 -12916.8 138679
-13007 135467 -14231.5 135075
-8201.33 137413 -8201.33 137413
-8927.13 137166 -8927.13 137166
-8927.13 137134 -7654.75 134939
-9469.25 133329 -10741.6 131989
-6318.91 139318 -1925.13 148914
-1239.4 154632 -4224.99 164771
-4062.47 162070 -16003.7 137811
-5560.83 159699 -4211.63 162248
-2166.7 158053 -2166.7 158053
-2299.17 158025 -2154.45 155958
2423.01 155987 1320.94 155854
843.383 153095 -15531.7 152269
-15566.2 146832 -14274.9 137546
-11670 137475 -11670 137475
-11676.7 137468 -11676.7 137468
-11810.3 137417 -12953.6 138484
-12971.4 136584 -11840.4 129625
-9530.48 131956 -9530.48 131956
-9136.41 131947 -11487.5 135164
-14649 136137 -14847.1 134000
-12687.5 133797 -11804.7 135309
-4641.33 134841 491.614 129605
3628.6 120456 11619.1 117838
11685.9 116153 11685.9 116153
11664.8 116135 11664.8 116135
11669.2 116142 11669.2 116142
11671.4 116151 11671.4 116151
11668.1 116146 11668.1 116146
11669.2 116144 11669.2 116144
11670.3 116142 11670.3 116142
11665.9 116131 11665.9 116131
11667 116133 11667 116133
11667 116135 11667 116135
11667 116139 11667 116139
11669.2 116139 11669.2 116139
11670.3 116137 11670.3 116137
11671.4 116137 11671.4 116137
11671.4 116139 11671.4 116139
11670.3 116142 11670.3 116142
11670.3 116139 11670.3 116139
11670.3 116137 11670.3 116137
11671.4 116139 11671.4 116139
11671.4 116137 11671.4 116137
11671.4 116139 11671.4 116139
11670.3 116139 11670.3 116139
11670.3 116142 11670.3 116142
11670.3 116144 11670.3 116144
11690.4 116195 11690.4 116195
11664.8 116142 11664.8 116142
11669.2 116146 11669.2 116146
11667 116142 11667 116142
11670.3 116146 11670.3 116146
11670.3 116148 11670.3 116148
11668.1 116144 11668.1 116144
11663.6 116139 11663.6 116139
11664.8 116139 11664.8 116139
11665.9 116139 11665.9 116139
11664.8 116135 11664.8 116135
11665.9 116137 11665.9 116137
11665.9 116135 11665.9 116135
11664.8 116135 11664.8 116135
11646.9 116075 11646.9 116075
11662.5 116124 11662.5 116124
11632.5 116097 11632.5 116097
11653.6 116119 11653.6 116119
11661.4 116128 11661.4 116128
11660.3 116128 11660.3 116128
11663.6 116131 11663.6 116131
11665.9 116133 11665.9 116133
11659.2 116126 2587.76 132550
-3449.1 134721 -5337.07 139479
-4696.99 143146 -5362.73 139990
-5091.06 140554 -2573.01 143428
-1739.23 150185 786.61 152679
-404.508 153091 -404.508 153091
-408.961 153084 -10398.8 151833
-9819.91 139459 -10177.2 136344
-12590.7 133757 -10894.1 129478
-10809.5 134082 -10595.8 145094
-12787.7 145995 -10558 149092
-14348.4 149217 -18427.1 142867
-12880.1 133439 -12553.9 134532
-12516.1 134552 -12516.1 134552
-12508.3 134501 -12508.3 134501
-12527.2 134532 -12527.2 134532
-12530.5 134529 -12530.5 134529
-12535 134541 -12535 134541
-12530.5 134532 -12530.5 134532
-12528.3 134529 -12528.3 134529
-12527.2 134527 -12527.2 134527
-12525 134525 -12525 134525
-12521.6 134527 -12521.6 134527
-12545 134383 -12545 134383
-12553.9 134334 -10519 147320
-13070.4 143266 -13017 146020
-13434.5 145866 -13434.5 145866
-13448.9 145911 -4675.84 142832
-4563.4 141850 -4544.48 143511
-4443.18 141329 -4363.03 138655
-4643.55 143462 -4643.55 143462
-4644.67 143457 -4644.67 143457
-4630.2 143451 -4630.2 143451
-4648.01 143455 -4148.18 139225
-10515.7 143310 -11025.5 145532
-13398.8 145862 -14417.4 139243
-13333.2 137535 -13333.2 137535
-12450.4 137773 -11963.9 135436
-10741.6 136978 -10741.6 136978
-10146.1 136331 -11327.2 138138
-8943.83 138274 -8943.83 138274
-9414.71 138553 -14032.2 139468
-17959.6 131613 -19078.4 129050
-16914.3 132849 -14886.1 136978
-15095.3 141126 -9402.46 137134
-10867.4 132653 -9421.39 137373
-12831.1 141518 -12831.1 141518
-12737.6 141162 -15761 141327
-15304.6 148244 -14110.2 148231
-13511.3 146051 -7957.54 135160
-13243 119639 -11648.9 117344
-12945.8 119321 -11062.2 138789
-13846.3 139470 -13846.3 139470
-13870.8 139247 -10762.8 134759
-10593.6 129431 -11272.6 131230
-8273.68 136598 -18559.6 153977
-15551.8 149756 -12403.6 146047
-14034.5 142700 -2991.57 134705
10094 120047 11673.7 116079
698.668 147650 11675.9 116068
10148.6 119969 158.768 118718
-1879.49 122140 -5452.85 134794
-8149.01 133906 -4732.61 132773
-4784.93 131132 -5488.47 134656
-7444.35 134367 -8701.15 132452
-6750.83 142571 -6750.83 142571
-6304.44 142814 -8628.79 132624
-6302.21 142792 -9924.55 140632
-14347.3 152995 -15152.1 143092
-15127.6 152888 -14358.4 154585
-14853.8 152968 -14552.1 140610
-14204.8 140999 -14204.8 140999
-14323.9 140133 -15886.8 139568
-15863.4 140710 -9785.6 140049
-10684.9 141389 -17282.8 143511
-15581.8 153202 -14547.6 155179
-13500.1 153988 -13442.2 146552
-12755.4 152899 -2590.82 153345
-4337.43 150217 -3627.21 132125
-6348.97 134999 -6348.97 134999
-7112.62 135389 20.7322 132368
3459.39 122725 6076.51 119185
10026.1 120007 14509 105985
24858.3 106439 31279.2 104925
38541.7 99405.9 52994.3 98145.8
61554.8 100924 65278.4 100216
67361.2 94503.4 67361.2 94503.4
67282.2 93897.9 67282.2 93897.9
67283.3 93895.6 67283.3 93895.6
67283.3 93897.9 67283.3 93897.9
67283.3 93900.1 67283.3 93900.1
67284.4 93897.9 67284.4 93897.9
67284.4 93895.6 67284.4 93895.6
67285.5 93897.9 67285.5 93897.9
67284.4 93897.9 67284.4 93897.9
67284.4 93895.6 67284.4 93895.6
67284.4 93897.9 67284.4 93897.9
67285.5 93897.9 67285.5 93897.9
67284.4 93897.9 67284.4 93897.9
67285.5 93897.9 67285.5 93897.9
67284.4 93895.6 67284.4 93895.6
67285.5 93895.6 67285.5 93895.6
67285.5 93897.9 67285.5 93897.9
67328.9 93871.1 67328.9 93871.1
67278.9 93913.4 67278.9 93913.4
67276.6 93891.2 67276.6 93891.2
67276.6 93893.4 67276.6 93893.4
67280 93895.6 67280 93895.6
67281.1 93893.4 67281.1 93893.4
67281.1 93891.2 67281.1 93891.2
67283.3 93886.7 67283.3 93886.7
67283.3 93884.5 67283.3 93884.5
67284.4 93884.5 67284.4 93884.5
67285.5 93884.5 67285.5 93884.5
67285.5 93886.7 67285.5 93886.7
67286.6 93884.5 67286.6 93884.5
67286.6 93886.7 67286.6 93886.7
67287.8 93886.7 67287.8 93886.7
67286.6 93886.7 67286.6 93886.7
67285.5 93886.7 67285.5 93886.7
67290 93880 67290 93880
67290 93877.8 67290 93877.8
67287.8 93875.6 67287.8 93875.6
67284.4 93875.6 67284.4 93875.6
67283.3 93877.8 67283.3 93877.8
67274.4 93900.1 67274.4 93900.1
67274.4 93893.4 67274.4 93893.4
67274.4 93888.9 67274.4 93888.9
67276.6 93888.9 67276.6 93888.9
67277.7 93886.7 67277.7 93886.7
67276.6 93884.5 67276.6 93884.5
67276.6 93886.7 67276.6 93886.7
67276.6 93884.5 67276.6 93884.5
67276.6 93886.7 67276.6 93886.7
67277.7 93888.9 67277.7 93888.9
67275.5 93893.4 67275.5 93893.4
67286.6 93893.4 67286.6 93893.4
67285.5 93897.9 67285.5 93897.9
67284.4 93893.4 67284.4 93893.4
67284.4 93895.6 67284.4 93895.6
67283.3 93895.6 67283.3 93895.6
67283.3 93897.9 67283.3 93897.9
67280 93902.3 67280 93902.3
67280 93900.1 67280 93900.1
67281.1 93900.1 67281.1 93900.1
67282.2 93902.3 67282.2 93902.3
67282.2 93900.1 67282.2 93900.1
67282.2 93902.3 67282.2 93902.3
67283.3 93902.3 67283.3 93902.3
67283.3 93900.1 67283.3 93900.1
67294.4 93888.9 67294.4 93888.9
67290 93893.4 67290 93893.4
67268.8 93888.9 67268.8 93888.9
67273.3 93895.6 67273.3 93895.6
67274.4 93893.4 67274.4 93893.4
67275.5 93893.4 67275.5 93893.4
67276.6 93893.4 67276.6 93893.4
67277.7 93891.2 67277.7 93891.2
67277.7 93888.9 67277.7 93888.9
67277.7 93891.2 67277.7 93891.2
67278.9 93891.2 67278.9 93891.2
67275.5 93862.2 67275.5 93862.2
67275.5 93864.5 67275.5 93864.5
67276.6 93864.5 67276.6 93864.5
67275.5 93864.5 67275.5 93864.5
67275.5 93866.7 67275.5 93866.7
67276.6 93866.7 67276.6 93866.7
67276.6 93868.9 67276.6 93868.9
67276.6 93871.1 67276.6 93871.1
67277.7 93871.1 67277.7 93871.1
67283.3 93902.3 67283.3 93902.3
67281.1 93902.3 67281.1 93902.3
67283.3 93900.1 67283.3 93900.1
67285.5 93900.1 67285.5 93900.1
67286.6 93897.9 67286.6 93897.9
67286.6 93900.1 67286.6 93900.1
67286.6 93897.9 67286.6 93897.9
67285.5 93895.6 67285.5 93895.6
67284.4 93895.6 67284.4 93895.6
67284.4 93893.4 67284.4 93893.4
67283.3 93893.4 67283.3 93893.4
67283.3 93891.2 67283.3 93891.2
67282.2 93891.2 67282.2 93891.2
67283.3 93891.2 67283.3 93891.2
67283.3 93888.9 67283.3 93888.9
67283.3 93886.7 67283.3 93886.7
67283.3 93884.5 67283.3 93884.5
67282.2 93884.5 67282.2 93884.5
67283.3 93884.5 67283.3 93884.5
67283.3 93886.7 67283.3 93886.7
67282.2 93864.5 67282.2 93864.5
67282.2 93866.7 67282.2 93866.7
67283.3 93868.9 67283.3 93868.9
67285.5 93946.8 67285.5 93946.8
67283.3 93949.1 67283.3 93949.1
67283.3 93944.6 67283.3 93944.6
67283.3 93942.4 67283.3 93942.4
67283.3 93937.9 67283.3 93937.9
67283.3 93933.5 67283.3 93933.5
67283.3 93931.2 67283.3 93931.2
67284.4 93926.8 67284.4 93926.8
67284.4 93922.3 67284.4 93922.3
67284.4 93920.1 67284.4 93920.1
67284.4 93917.9 67284.4 93917.9
67284.4 93915.7 67284.4 93915.7
67285.5 93913.4 67285.5 93913.4
67285.5 93911.2 67285.5 93911.2
67286.6 93911.2 67286.6 93911.2
67286.6 93909 67286.6 93909
67286.6 93906.8 67286.6 93906.8
67287.8 93906.8 67287.8 93906.8
67286.6 93906.8 67286.6 93906.8
67301.1 93915.7 67301.1 93915.7
67297.8 93909 67297.8 93909
67293.3 93906.8 67293.3 93906.8
67291.1 93900.1 67291.1 93900.1
67291.1 93897.9 67291.1 93897.9
67291.1 93893.4 67291.1 93893.4
67292.2 93893.4 67292.2 93893.4
67291.1 93893.4 67291.1 93893.4
67290 93891.2 67290 93891.2
67288.9 93891.2 67288.9 93891.2
67287.8 93891.2 67287.8 93891.2
67288.9 93893.4 67288.9 93893.4
67288.9 93895.6 67288.9 93895.6
67288.9 93897.9 67288.9 93897.9
67366.8 94309.7 66402.8 99771.1
67406.9 97978.8 67997.2 94448.9
67409.1 98239.3 71950.9 99924.7
73688.6 97785.1 73688.6 97785.1
74027 97520.2 74027 97520.2
74039.3 97462.3 74039.3 97462.3
74038.2 97575.8 74038.2 97575.8
74044.9 97471.2 74044.9 97471.2
74043.7 97511.3 74043.7 97511.3
74070.5 97880.9 74070.5 97880.9
73686.4 97785.1 73686.4 97785.1
73674.2 97778.4 73674.2 97778.4
73679.7 97771.8 73679.7 97771.8
73684.2 97767.3 73684.2 97767.3
73686.4 97765.1 73686.4 97765.1
73685.3 97765.1 73685.3 97765.1
73684.2 97765.1 73684.2 97765.1
73683.1 97765.1 73683.1 97765.1
73683.1 97762.9 73683.1 97762.9
73682 97760.6 73682 97760.6
73682 97758.4 73843.4 101049
71873 101049 67419.1 99060.8
69566.5 95485.3 67274.4 93895.6
68041.4 95244.8 69651.1 95761.3
68869.6 99871.3 63831.3 100450
62749.3 110268 61209.7 120051
62226.1 116919 63438.3 104869
69159 99893.5 69412.8 95280.4
67293.3 93893.4 67293.3 93893.4
67293.3 93891.2 67293.3 93891.2
67293.3 93893.4 71236.3 104375
70169.8 106838 70169.8 106838
70237.7 106822 70237.7 106822
70236.6 106820 70236.6 106820
70237.7 106824 70237.7 106824
70238.8 106826 70238.8 106826
70237.7 106824 70237.7 106824
70238.8 106824 70238.8 106824
70309 106544 70309 106544
70172 106038 70172 106038
70168.7 106032 70168.7 106032
70167.6 106032 70167.6 106032
70167.6 106029 70167.6 106029
70243.3 106862 70243.3 106862
70223.3 106824 70223.3 106824
70222.1 106824 70222.1 106824
70221 106824 70221 106824
