7533.68 149486.0
7492.5 145568.0
8040.19 151911.0
3096.49 151434.0
3131.0 148651.0
3088.7 152614.0
1349.89 153031.0
3102.06 152928.0
6964.84 150985.0
5811.57 150962.0
7299.91 151829.0
8712.56 150677.0
13402.4 150996.0
16817.7 152436.0
23508.0 162629.0
27565.6 164953.0
27570.1 164909.0
27566.7 165020.0
27565.6 164909.0
27562.3 164978.0
27558.9 165000.0
27554.5 164875.0
27558.9 164989.0
27523.3 164920.0
27562.3 164993.0
27584.6 164926.0
27571.2 165109.0
27554.5 164964.0
27697.0 164973.0
23978.9 157412.0
19297.9 152944.0
14948.7 151325.0
10966.8 150871.0
8042.41 152198.0
5900.63 152670.0
-836.428 152953.0
746.535 159790.0
1276.42 157956.0
15607.7 151746.0
20206.3 153024.0
21494.3 152091.0
23760.7 157089.0
27715.9 164989.0
27553.4 164978.0
27547.8 164915.0
27556.7 164984.0
27562.3 164944.0
27560.1 164986.0
27567.9 164962.0
27556.7 165060.0
27536.7 164917.0
27555.6 164971.0
27548.9 165031.0
27560.1 164962.0
27560.1 164975.0
25156.7 159314.0
20796.3 153233.0
14903.0 151341.0
10444.7 150873.0
7162.99 152174.0
7275.42 152701.0
3458.28 151103.0
7537.02 150762.0
8090.28 152238.0
27567.9 165009.0
27555.6 164929.0
27546.7 165000.0
27550.0 164946.0
27576.8 164895.0
27553.4 165067.0
27566.7 164964.0
27564.5 165022.0
27553.4 164978.0
27505.5 164982.0
27538.9 165015.0
27542.2 164933.0
27553.4 164980.0
27555.6 164940.0
27558.9 164955.0
27556.7 164998.0
28012.0 164786.0
22557.4 156237.0
17344.3 152252.0
12140.1 150907.0
6193.4 150945.0
1417.79 150319.0
-898.767 148484.0
2168.09 149825.0
2349.54 150873.0
1240.79 150720.0
1871.98 150606.0
3345.85 151067.0
7926.64 150673.0
5498.76 151005.0
11478.8 149164.0
9556.36 150791.0
3508.37 149377.0
1129.47 142629.0
2660.12 144441.0
577.33 136469.0
1971.05 133020.0
2282.74 140058.0
1050.44 149135.0
3804.48 149420.0
2257.14 151118.0
-981.143 149397.0
-1384.12 149239.0
-1738.12 152485.0
-1819.38 146358.0
-3163.01 143927.0
-1030.12 143529.0
1175.12 135480.0
1776.24 134725.0
4009.31 141324.0
3088.7 148064.0
6682.09 150940.0
6604.17 152670.0
27553.4 164942.0
27566.7 164924.0
27552.3 164998.0
27550.0 164973.0
27530.0 164886.0
27544.5 164942.0
27556.7 164993.0
21055.7 154033.0
14321.9 151183.0
7924.42 150824.0
3283.51 134512.0
3192.22 132726.0
3205.58 138533.0
4388.91 151328.0
-2020.87 163740.0
-9485.95 166921.0
-3247.61 164069.0
2523.19 161654.0
4375.55 156192.0
4407.83 154304.0
7607.16 150531.0
7483.59 147360.0
6654.26 152672.0
27555.6 165040.0
27555.6 164926.0
27574.5 165080.0
27535.6 164960.0
27567.9 165000.0
27585.7 164889.0
27546.7 165018.0
27542.2 164895.0
27532.2 165111.0
27566.7 164884.0
27560.1 165020.0
27573.4 164935.0
27579.0 164989.0
27577.9 164862.0
27557.8 165038.0
27628.0 165060.0
27561.2 164904.0
27562.3 165098.0
27579.0 164931.0
27562.3 165031.0
27570.1 164962.0
27562.3 164998.0
27550.0 164917.0
27565.6 165058.0
27554.5 164737.0
27543.4 165067.0
27570.1 164962.0
27585.7 165035.0
24060.2 157550.0
17113.8 152378.0
14842.9 151332.0
10573.8 150856.0
4639.38 147011.0
7866.53 150515.0
4410.06 144633.0
4525.83 151045.0
8155.96 151688.0
13651.8 151092.0
17516.8 152581.0
23522.5 156813.0
27579.0 164971.0
27555.6 164924.0
27564.5 165002.0
27552.3 164960.0
27572.3 165011.0
27556.7 164935.0
27557.8 164998.0
27587.9 164897.0
27547.8 164986.0
27572.3 164953.0
27561.2 165042.0
27572.3 164946.0
27567.9 165176.0
27493.3 164951.0
27557.8 164953.0
27532.2 164922.0
27548.9 165027.0
27556.7 164973.0
27561.2 165031.0
27556.7 164937.0
27552.3 164980.0
24239.4 157838.0
17799.6 152563.0
11304.1 150931.0
8672.48 150651.0
4562.57 151047.0
61.9204 149413.0
-4850.61 148438.0
-280.944 147008.0
4388.91 149863.0
7107.33 147249.0
9762.3 150793.0
14195.0 153627.0
11486.6 152341.0
