2840.45 160422.0
3017.45 160754.0
4531.4 161097.0
4658.3 159921.0
3302.43 159082.0
3516.16 159071.0
4352.17 159841.0
6210.1 160100.0
5981.89 159872.0
5100.24 160712.0
3489.45 160845.0
2455.29 160836.0
1256.38 159320.0
1258.6 159073.0
1942.11 158926.0
1940.99 158986.0
958.042 159790.0
773.252 159786.0
7401.21 174079.0
309.05 160870.0
2449.72 160881.0
2460.86 160736.0
1260.83 158982.0
666.385 158272.0
-648.298 156330.0
-1729.21 149618.0
-1740.34 149241.0
-2404.92 147002.0
-6425.78 147068.0
-7825.07 147656.0
-7796.12 147213.0
-9062.94 147318.0
-8567.57 149150.0
-10807.3 149257.0
-10962.0 150390.0
-11756.9 149384.0
-12834.4 149371.0
-16579.2 149030.0
-16544.7 147400.0
-15795.5 145063.0
-15627.4 147182.0
-13302.0 148240.0
-12903.5 148850.0
-11999.5 152895.0
-7998.72 152944.0
-6502.59 153278.0
-6512.61 153000.0
-6059.54 149344.0
-5740.05 149322.0
-4887.34 147189.0
-4790.5 147091.0
-4672.5 143960.0
-4748.19 134249.0
-4108.11 132492.0
-3858.75 132503.0
-2929.23 134298.0
-2940.37 134507.0
-4897.36 134770.0
-4741.52 140140.0
-5736.71 143039.0
-5321.49 139247.0
-5032.06 139214.0
-1909.55 137319.0
-2845.74 138724.0
-2802.33 142616.0
-1879.49 145581.0
-719.542 146421.0
1299.79 144668.0
1296.45 144274.0
-2937.03 139076.0
-3430.17 139109.0
-6205.37 136760.0
-6214.27 136271.0
-7141.56 136148.0
1237.45 143061.0
1235.23 156437.0
1190.7 160385.0
257.843 162613.0
303.484 162751.0
-49.3991 163448.0
-3151.87 163960.0
-5715.56 164058.0
-6264.37 164147.0
-2621.99 163884.0
-1238.29 164390.0
-252.001 163673.0
1111.66 161883.0
2561.04 160923.0
2890.55 160529.0
2886.1 160371.0
2938.42 160578.0
-2626.45 163798.0
-3430.17 164007.0
-5269.17 164029.0
-4079.16 162288.0
-7210.58 164029.0
-7438.79 163920.0
-7361.98 162762.0
-6960.11 160180.0
-6983.49 159029.0
-7276.26 157245.0
-5843.58 157550.0
-3643.91 157221.0
-2896.95 157793.0
-2215.68 158067.0
-569.261 157210.0
-1585.61 153164.0
-7.09767 151989.0
-13.7768 152278.0
-2229.03 152630.0
-8087.78 152897.0
-9690.78 154226.0
-9679.65 155932.0
-9438.08 156052.0
-9570.56 155990.0
-9675.2 154992.0
-8458.47 154979.0
-8442.89 156851.0
-7399.83 156885.0
-5397.19 156308.0
-2573.01 155965.0
-2515.13 155451.0
-3319.97 154157.0
-2605.29 153293.0
-2875.8 153458.0
-3563.76 153676.0
-4066.92 153990.0
-3599.38 154340.0
-3542.6 155433.0
-4206.07 157087.0
-4700.33 157158.0
-5742.28 158256.0
-5823.54 158784.0
-6571.61 160681.0
-7984.25 160919.0
-8496.32 162250.0
-8796.88 164684.0
-9855.53 166556.0
-10122.7 166607.0
-10148.3 167166.0
-9971.31 166563.0
-9480.39 166077.0
-9519.35 163001.0
-9134.18 162210.0
-8489.64 161780.0
-8368.3 161170.0
-4763.78 160752.0
-3786.39 160832.0
-3244.27 158984.0
-3264.31 158185.0
-3475.81 156154.0
-3550.4 153162.0
-3140.74 152761.0
-2283.58 153427.0
-1464.27 153752.0
-1408.61 153066.0
-707.297 152766.0
18.5058 152728.0
658.593 155175.0
1214.08 156393.0
1182.91 157829.0
1953.24 159238.0
2471.99 160004.0
1234.11 159069.0
1313.15 153338.0
1251.93 152419.0
3922.48 152730.0
4516.93 151216.0
5463.14 151027.0
6323.64 150949.0
6058.7 150907.0
4169.61 151020.0
3112.07 150087.0
3145.47 149161.0
3403.73 148823.0
3146.58 147478.0
3149.92 147106.0
1174.0 147100.0
1103.87 147053.0
1229.66 149206.0
827.799 150201.0
841.157 150519.0
-14.89 152383.0
408.124 152641.0
4435.66 150925.0
4432.32 149415.0
3576.28 140503.0
2720.23 139381.0
774.365 134828.0
1186.25 134614.0
1398.87 132947.0
1346.55 132880.0
1009.25 132808.0
1377.72 132929.0
755.441 134997.0
546.16 134984.0
-337.717 133663.0
1040.42 131370.0
1486.81 131181.0
1691.64 129665.0
1047.1 129602.0
2172.54 129720.0
1945.45 132027.0
1821.88 135988.0
1894.24 136729.0
2368.46 138944.0
2974.04 139737.0
4406.72 144651.0
4392.25 145777.0
5340.69 147503.0
5809.35 147456.0
5781.52 146890.0
4888.73 145472.0
4470.17 145454.0
4098.37 141643.0
3698.73 141972.0
1339.87 143500.0
669.725 143081.0
883.458 142700.0
1197.38 143582.0
2371.8 143037.0
2476.44 143580.0
2018.92 143146.0
2303.89 141104.0
2558.82 141086.0
1953.24 141554.0
1848.6 140948.0
2220.41 140254.0
2033.39 136903.0
2248.24 136264.0
2123.56 132793.0
2227.08 132953.0
3066.43 136598.0
3057.53 138254.0
3408.18 138628.0
3310.22 138528.0
3056.41 136560.0
2628.95 136003.0
1398.87 132913.0
3785.56 135810.0
3943.63 135587.0
4397.81 137439.0
4395.59 137945.0
5902.85 138036.0
6017.51 137444.0
5882.82 138973.0
5911.76 139623.0
5060.17 140441.0
5180.39 140708.0
5040.13 140525.0
4764.06 140924.0
3350.3 139797.0
3620.8 139129.0
3661.99 138602.0
4098.37 138675.0
4309.87 138639.0
4878.71 140750.0
4112.84 141378.0
1171.78 137348.0
-1201.56 134728.0
-4745.97 134102.0
-4639.1 133363.0
2424.12 152612.0
116.467 152641.0
-2599.73 152590.0
-2272.45 152655.0
-696.165 153743.0
1239.68 155938.0
1074.93 161943.0
1239.68 160943.0
645.235 160756.0
3001.87 159852.0
3014.11 159959.0
6133.29 162388.0
6129.95 162537.0
6586.36 163751.0
6501.75 163749.0
5600.07 160482.0
5662.4 160218.0
3095.38 160870.0
4427.87 152964.0
5764.82 149355.0
5768.16 148204.0
3092.04 150252.0
3061.98 153236.0
3484.99 154373.0
3370.34 154378.0
2895.0 160351.0
2597.78 160883.0
2269.39 160870.0
183.259 159770.0
-178.53 159781.0
-1802.68 158022.0
-2099.9 157831.0
-1386.35 154527.0
-1467.61 154416.0
-2052.04 146641.0
-4847.27 147060.0
-4906.27 148965.0
-4841.7 151630.0
-5187.91 152728.0
-7488.88 152899.0
-8154.57 151788.0
-8072.19 151319.0
-8097.8 150274.0
-7308.54 149529.0
-5023.15 149112.0
-3683.98 149126.0
-2676.54 149611.0
-2632.01 151014.0
-2068.73 151076.0
-1768.17 151835.0
-1025.67 152781.0
-853.126 151586.0
-1372.99 149482.0
-750.712 149511.0
-494.677 150254.0
-75.0026 150566.0
165.448 152657.0
2030.05 152659.0
3051.96 152735.0
3057.53 154349.0
3080.91 153541.0
3547.33 152710.0
3102.06 150980.0
6319.19 154311.0
4465.72 154347.0
4884.28 152570.0
3269.03 152557.0
5932.91 152726.0
11796.1 152441.0
14054.8 152231.0
19224.5 153026.0
20907.6 153652.0
22256.8 156099.0
22541.8 156284.0
23504.7 158454.0
23661.7 158283.0
23681.7 158684.0
23961.1 159060.0
24193.8 157904.0
23484.7 156760.0
21276.1 154745.0
21043.4 154055.0
16204.4 152363.0
10428.0 150499.0
10323.4 147051.0
7814.21 137673.0
6633.11 134696.0
9276.95 127461.0
11388.7 125991.0
15067.8 121501.0
15619.9 119844.0
15858.2 114381.0
15463.0 114249.0
15426.2 116498.0
15794.7 117037.0
16035.2 119982.0
15283.7 121285.0
14476.7 123175.0
11672.5 126045.0
8145.94 128576.0
7217.54 129663.0
5466.48 132933.0
4572.59 134447.0
4401.15 138232.0
4945.51 140423.0
4880.94 140732.0
3597.43 142035.0
1336.53 143504.0
1241.91 143916.0
64.1468 145319.0
-1266.12 145361.0
-1789.32 145321.0
-1808.25 147830.0
-2043.13 148061.0
-2715.5 147538.0
-2428.3 147035.0
-2025.32 147984.0
-2025.32 148836.0
-2715.5 147075.0
-4547.82 147089.0
-4616.84 147460.0
-4378.61 150208.0
-3631.66 150858.0
-4830.57 151118.0
-4848.38 152376.0
-5363.79 152766.0
-8889.28 152882.0
-9481.5 152848.0
-10081.5 152102.0
-10050.3 151232.0
-10199.5 151439.0
-10830.7 151508.0
-10873.0 152833.0
-11660.0 152866.0
-12775.4 153158.0
-12022.9 154226.0
-12022.9 154600.0
-13393.3 155132.0
-21873.6 155135.0
-26087.0 155201.0
-26633.6 154770.0
-26657.0 154137.0
-26388.7 153634.0
-22503.7 153643.0
-21914.8 153140.0
-20619.0 152481.0
-20620.1 151704.0
-21812.4 150542.0
-21929.2 149642.0
-21147.8 147977.0
-20701.4 148008.0
-18352.5 149103.0
-14903.9 149210.0
-13605.9 149306.0
-12537.2 151390.0
-12154.3 151403.0
-11569.9 152365.0
-11037.7 151412.0
-10457.8 152234.0
-10596.9 154830.0
-11312.7 155491.0
-1880.6 161039.0
-1040.14 161128.0
-402.282 159808.0
-503.583 158307.0
-2705.48 154376.0
-2550.75 152773.0
-2588.6 151922.0
-1030.12 152717.0
-1575.59 152579.0
-257.567 158966.0
-267.585 158859.0
337.993 159799.0
1259.72 159810.0
2833.78 160536.0
2876.08 160396.0
2998.53 160287.0
2457.52 159975.0
1233.0 158853.0
1275.3 156043.0
673.064 155925.0
-1243.86 155918.0
-1139.22 156315.0
-141.794 157962.0
624.084 158610.0
1185.13 159886.0
683.083 160732.0
669.725 160652.0
1135.04 160385.0
1176.23 160605.0
3019.68 159859.0
3019.68 160271.0
4101.7 161573.0
4101.7 161344.0
3011.89 160080.0
-2560.77 165309.0
-2032.0 163130.0
-1760.38 162967.0
-2626.45 162143.0
-2451.67 156034.0
-7349.73 154309.0
-7382.01 153581.0
-8002.06 154070.0
-8002.06 154024.0
-7361.98 154349.0
-6992.4 159111.0
-6961.23 160810.0
-6451.38 162698.0
-6793.13 162609.0
-4845.04 160799.0
-3922.2 160756.0
-646.072 160409.0
-533.639 158071.0
-1720.3 150165.0
-1234.95 149110.0
-26.022 149455.0
1263.06 151323.0
1711.68 151499.0
3117.64 149682.0
3123.21 149502.0
3853.46 148351.0
3064.21 152764.0
3006.32 158425.0
-51499.0 202946.0
2900.57 160327.0
2900.57 160369.0
1221.87 159966.0
1224.1 159389.0
433.728 152608.0
-3789.73 152688.0
-5283.64 150254.0
-5292.55 149903.0
-4104.77 150370.0
-3867.66 150335.0
-4882.89 152383.0
-2448.33 152699.0
-2146.66 152690.0
1294.23 149313.0
882.345 141013.0
7440.18 129093.0
15052.2 121525.0
15855.9 114445.0
15378.4 116037.0
15400.6 116264.0
15759.1 116763.0
16028.5 120047.0
14395.4 123346.0
11905.2 125889.0
7783.04 128850.0
5523.25 132895.0
5328.45 133073.0
4322.12 136482.0
2283.86 133897.0
5479.84 136814.0
5521.03 136807.0
5876.14 138804.0
6122.15 141084.0
6548.51 142032.0
6216.78 142282.0
5465.37 141678.0
5335.12 141104.0
5515.46 142064.0
5389.67 142471.0
4376.66 142273.0
2975.15 142438.0
2145.82 142974.0
1229.66 145145.0
1254.15 154064.0
626.31 155930.0
-1159.25 155898.0
-3040.55 155974.0
-3846.51 156076.0
-5842.47 156482.0
-7187.2 156849.0
-7090.36 158236.0
-6149.71 158178.0
-5744.5 158848.0
-4760.44 157165.0
-3522.57 157332.0
-2632.01 158091.0
-1147.01 157991.0
2180.33 158007.0
3043.06 156626.0
4345.49 156927.0
4355.51 159643.0
3124.32 160859.0
2559.93 160868.0
1373.26 159801.0
1267.51 155680.0
455.991 152632.0
-1437.55 152568.0
-4154.86 152692.0
-4348.56 152298.0
-4823.89 151617.0
-4590.12 151354.0
-4572.31 150421.0
-3710.7 149137.0
-2762.26 149130.0
-1741.46 148193.0
-1819.38 144593.0
-1122.52 143130.0
-1398.59 142315.0
-1287.27 142402.0
-533.639 144673.0
-673.901 145330.0
-2734.43 145626.0
-2723.29 146153.0
-2559.65 145575.0
-2725.52 145512.0
-1753.7 145425.0
-1229.39 145472.0
-942.181 145352.0
-2521.8 143428.0
-2806.78 143785.0
-2278.02 145412.0
-609.336 143112.0
625.197 143740.0
1236.34 143611.0
1246.36 146768.0
-660.543 146988.0
-2383.77 147004.0
-2072.07 145601.0
-673.901 145361.0
-599.317 144615.0
-638.279 144417.0
-605.997 145094.0
-843.107 148139.0
-1070.2 148921.0
-1025.67 149204.0
-471.3 149386.0
-411.187 151000.0
-19.3428 152508.0
814.44 152697.0
2225.97 152708.0
3061.98 153167.0
3024.13 157918.0
3463.84 158546.0
3141.02 158443.0
3007.43 159835.0
2884.98 160382.0
-1298.4 164768.0
-463.508 163717.0
383.634 165185.0
926.873 170223.0
1647.11 170156.0
984.759 170210.0
811.101 167997.0
198.843 163949.0
1117.23 161894.0
2647.87 160908.0
2461.97 159977.0
1961.03 159757.0
1966.6 158033.0
3047.51 156520.0
3092.04 152797.0
2181.44 151390.0
-1438.67 151541.0
-2782.29 142558.0
-3463.57 141730.0
-3763.02 143141.0
-2780.07 143497.0
-1819.38 147327.0
-699.505 149313.0
340.219 151544.0
1226.32 152461.0
627.423 155273.0
2558.82 156034.0
3000.75 156524.0
2332.84 157940.0
703.121 157936.0
-1256.1 161079.0
-2035.34 163533.0
-4006.81 164025.0
-4106.99 166500.0
-3947.81 166060.0
-3975.64 165089.0
-2874.69 162175.0
-2210.11 161420.0
-2172.26 161010.0
-1947.4 161066.0
-652.751 156206.0
-1102.48 149159.0
-722.882 147808.0
-483.545 148551.0
291.239 149658.0
1212.96 149335.0
3085.36 149428.0
9388.27 149235.0
10257.7 148415.0
9768.98 149177.0
8754.86 149148.0
7633.87 149306.0
3252.34 149393.0
3085.36 150096.0
3049.74 154551.0
1305.36 155952.0
1202.95 158701.0
128.712 160861.0
-602.657 160231.0
956.929 159812.0
2131.35 159841.0
2825.98 160874.0
1231.89 160621.0
-371.112 155907.0
-1696.93 151292.0
-1740.34 147213.0
-2632.01 146416.0
-1682.46 147062.0
-629.374 149328.0
8.48706 149571.0
1897.58 152699.0
1416.68 153440.0
3009.66 157016.0
3015.23 159064.0
2903.91 160378.0
2836.0 160376.0
2805.95 160458.0
2841.57 160405.0
994.778 159799.0
-1157.03 154594.0
-5494.04 154057.0
-12911.3 155097.0
-14516.5 155108.0
-12228.9 155110.0
-12049.6 149257.0
-12359.1 147298.0
-10873.0 147307.0
-8174.61 143571.0
-8714.51 143157.0
-15118.7 143673.0
-15144.3 143508.0
-14795.9 142665.0
-14738.0 142658.0
-14160.3 141852.0
-14743.6 137624.0
-16093.9 136173.0
-16532.5 138564.0
-16814.1 140772.0
-15835.6 140554.0
-15805.6 140619.0
-14119.1 138597.0
-13661.5 136126.0
-14867.1 135638.0
-14919.5 135331.0
-14923.9 135371.0
-11542.0 135244.0
-6246.56 137301.0
-6519.29 142812.0
-6631.72 142809.0
-6425.78 143068.0
-5348.21 143059.0
-4694.76 142164.0
-2851.31 141329.0
-1731.44 141289.0
-449.036 140456.0
1569.19 147020.0
3191.11 149362.0
-2446.11 152639.0
-4753.76 152735.0
-10495.6 152588.0
-10910.8 154903.0
-14827.1 155222.0
-11748.0 149293.0
-11235.9 145701.0
-10857.4 146000.0
-13935.4 144181.0
-13325.4 142930.0
-12810.0 141162.0
-12861.2 140213.0
-15173.3 140133.0
-14628.9 138270.0
-14659.0 138052.0
-15413.7 138147.0
-15152.1 138132.0
-14598.9 138450.0
-13542.4 139563.0
-14110.2 141839.0
-14715.7 142667.0
-14123.5 142558.0
-12631.8 143313.0
-12307.9 143889.0
-11409.6 143428.0
-11311.6 145659.0
-14461.9 147316.0
-13858.6 148531.0
-13851.9 149184.0
-11445.2 149324.0
-10825.1 151381.0
-10860.7 153759.0
-8517.47 154596.0
-5569.73 154480.0
-4272.86 154645.0
-4251.71 155063.0
-3561.53 155979.0
-8417.29 156626.0
-8492.98 152140.0
-8096.69 150649.0
-8117.84 149780.0
-6563.82 151343.0
-8388.34 152906.0
-9110.81 152891.0
-5284.75 147093.0
-4398.65 148985.0
-1681.34 149128.0
-32.7012 149428.0
-922.144 148511.0
-954.427 149190.0
-491.337 149351.0
1192.93 149324.0
1176.23 148714.0
1226.32 149003.0
1208.51 152283.0
1007.02 152628.0
-4528.9 152719.0
-9295.6 152902.0
-12862.3 150662.0
-12857.8 149762.0
-13893.1 148228.0
-14091.2 148231.0
-14508.7 147745.0
-14276.0 147327.0
-14126.9 147320.0
-12869.0 150466.0
-12879.0 151236.0
-11749.1 151408.0
2489.8 159832.0
3036.38 159855.0
3044.17 156023.0
1326.51 155907.0
3011.89 157755.0
3015.23 160836.0
3365.88 160859.0
3065.32 160859.0
2843.79 160302.0
2699.08 160857.0
3214.49 160934.0
2926.17 160872.0
2453.06 160115.0
728.724 159792.0
38.5433 158588.0
1942.11 158247.0
2457.52 160382.0
2666.8 157811.0
1287.55 156713.0
643.008 155228.0
1217.42 155705.0
664.159 158160.0
-453.489 159227.0
-1747.02 160992.0
-6273.27 160850.0
-8938.26 161193.0
-9612.86 159349.0
-9619.54 158539.0
-9579.46 161068.0
-5799.05 160834.0
-520.281 158109.0
-1275.03 157960.0
-2118.83 157490.0
-3455.78 156023.0
-4841.7 156092.0
-5593.11 154667.0
-3580.45 155146.0
-3592.7 151846.0
-3663.94 148311.0
-2988.23 146875.0
-2731.09 146884.0
-3682.87 147026.0
-3586.02 152127.0
-5226.87 152739.0
-6822.08 152864.0
-10442.2 153547.0
-13104.9 155115.0
-15405.9 155101.0
-15462.7 159280.0
-17366.3 162662.0
-17331.8 161442.0
-17552.2 159409.0
-15375.9 157782.0
-14436.3 158013.0
-14396.3 156212.0
-13456.7 155286.0
-13415.5 152877.0
-12844.5 149437.0
-12956.9 147411.0
-14514.3 145935.0
-16843.1 144130.0
-24910.4 134843.0
-25287.8 134106.0
-25620.6 133882.0
-25421.3 133374.0
-25255.5 134331.0
-22936.7 138214.0
-18565.2 152826.0
-16254.2 151604.0
-12378.0 151385.0
-10894.1 151748.0
-10897.5 151884.0
-9711.93 154636.0
-7305.2 156727.0
-6252.12 156784.0
-5103.3 156174.0
-1822.72 155936.0
-466.847 159129.0
-10273.0 159438.0
-8464.04 160948.0
-3951.15 160739.0
-3669.51 160939.0
2969.59 160908.0
2848.25 160839.0
2866.06 160358.0
2971.81 160291.0
2464.2 159844.0
2990.74 159821.0
3567.37 157984.0
5301.73 159187.0
6292.47 160213.0
6213.44 160102.0
5110.26 160077.0
2754.74 160872.0
1680.51 160857.0
-658.317 160632.0
-525.846 157967.0
-1149.24 158643.0
-1667.98 158690.0
-1108.05 157989.0
-584.846 157132.0
1314.26 153525.0
3041.94 153389.0
4474.63 152147.0
6124.38 150976.0
5827.16 150938.0
4514.7 151031.0
3909.12 151007.0
3856.8 150007.0
3743.26 151025.0
3097.6 151568.0
2976.26 152619.0
-1685.8 152612.0
-5944.88 152788.0
-8225.82 152621.0
-8204.66 152105.0
-7624.69 150927.0
-6258.8 149368.0
-5123.34 149121.0
-2734.43 149110.0
1302.02 116525.0
-1686.91 149014.0
-1804.91 146078.0
-190.775 142903.0
5792.65 132025.0
8237.22 128224.0
14235.1 123084.0
15112.3 121394.0
15867.1 114387.0
15609.9 114668.0
15937.2 118914.0
15435.1 121320.0
12653.3 125383.0
8622.39 128260.0
6173.36 131562.0
4376.66 135289.0
4396.7 137402.0
4821.94 140240.0
5263.88 140870.0
5229.37 140988.0
5309.52 141037.0
4378.89 142329.0
4385.57 146935.0
3237.87 152570.0
3109.85 151606.0
4214.14 149408.0
5739.21 149391.0
5210.45 147525.0
5761.48 148994.0
3855.69 149377.0
319.068 149304.0
-1029.01 149132.0
-1065.75 148611.0
-412.301 148527.0
570.65 148220.0
587.348 143765.0
1245.25 143333.0
1255.27 145158.0
1854.16 147026.0
1867.52 149255.0
2156.95 150426.0
3097.6 151426.0
3033.04 155994.0
4391.14 156065.0
4376.66 158775.0
3769.97 159372.0
2840.45 160859.0
1962.14 160059.0
2827.1 159828.0
2893.89 160509.0
2883.87 160364.0
