-11321.6 147258.0
-11765.8 147269.0
-12319.0 146267.0
-10999.9 147304.0
-10201.7 146084.0
-10446.6 145454.0
-12058.5 143916.0
-12971.4 141765.0
-10627.0 141983.0
-10561.3 145641.0
-9331.22 147347.0
-6760.85 147120.0
-5470.66 149310.0
-4368.6 150386.0
-1112.5 149168.0
-700.618 146539.0
696.442 145330.0
-1093.58 139586.0
-7722.65 139332.0
-13342.1 139481.0
-14032.2 143433.0
-14764.7 144183.0
-13825.2 142994.0
-14297.2 139713.0
-14394.0 139463.0
-14079.0 139615.0
-12952.4 139521.0
-10153.9 139468.0
-8903.75 138642.0
-7902.99 141912.0
-7747.14 143702.0
-4002.35 143571.0
-1801.57 147311.0
-1948.51 147033.0
1148.4 147033.0
2498.7 147583.0
1937.65 149273.0
274.541 149302.0
-1072.43 149117.0
-1758.15 148260.0
-1555.55 147823.0
-30.4748 147004.0
-8505.23 139450.0
-6156.39 140071.0
-4496.61 139185.0
1247.47 148879.0
1172.89 152272.0
1270.85 153329.0
47.4489 150279.0
1511.3 150401.0
3678.69 151067.0
4437.89 147988.0
2500.93 139089.0
-800.806 135024.0
-4881.78 134777.0
-3404.57 134821.0
-3302.15 135373.0
-5644.32 139167.0
-6227.63 137707.0
-6833.21 134910.0
-11812.5 135226.0
-17941.8 145071.0
-15963.6 144867.0
-13422.2 145978.0
-11852.6 147296.0
-11667.8 146214.0
-9716.38 145490.0
-8756.81 147276.0
-6793.13 144867.0
-4114.79 148812.0
-3031.65 149103.0
-2741.1 151052.0
-2453.9 149097.0
-1797.12 146922.0
-10461.1 151205.0
-14360.6 153705.0
-10502.3 153020.0
-8460.7 155466.0
-6729.68 156876.0
-6460.29 157452.0
-5707.77 156442.0
-1324.01 155869.0
1152.85 155941.0
2017.8 146988.0
2417.44 145922.0
1328.74 146897.0
57.4676 145312.0
-3206.42 142489.0
-2821.25 139347.0
-2890.27 136567.0
-4174.9 139134.0
-10985.4 139421.0
-8597.62 154600.0
-6104.07 154494.0
-4818.33 154284.0
-2610.86 153191.0
-2322.54 152670.0
1579.21 152670.0
4794.11 149411.0
5122.5 147837.0
4799.68 146944.0
4386.68 157138.0
1946.56 158835.0
1399.98 157553.0
1280.87 149322.0
1392.19 142816.0
-1358.52 145339.0
-1837.19 145434.0
4687.25 141071.0
4431.21 137446.0
5029.0 133129.0
7112.9 129382.0
9455.06 122264.0
11989.8 114189.0
13802.1 106009.0
18710.2 106119.0
18740.2 106216.0
25092.1 106452.0
27697.0 101864.0
30354.2 92911.6
32383.5 86753.4
30396.5 92096.7
27300.7 102730.0
-1219.37 143464.0
-9060.71 143847.0
-9288.92 151853.0
-9492.63 150464.0
-10783.9 149003.0
-13828.5 147209.0
-15735.4 144945.0
-19392.3 144078.0
-19617.1 153596.0
-22720.7 152819.0
-25737.5 152833.0
-26653.6 154168.0
-25806.5 152848.0
-23815.0 152844.0
-21934.8 151098.0
-21173.4 149295.0
-19517.0 144085.0
-16135.1 135558.0
-13201.8 135427.0
-12972.5 137292.0
-13343.2 136466.0
-14856.0 135992.0
-12950.2 137088.0
-13485.7 136462.0
-14877.2 135643.0
-14473.1 137573.0
-14240.4 139456.0
-14440.8 139094.0
-15551.8 140412.0
-16115.0 144640.0
-19645.0 144052.0
-19417.9 143081.0
-17391.9 141527.0
-15943.6 140781.0
-13132.8 139483.0
-7252.88 140307.0
-3640.57 139234.0
-3773.04 129943.0
-3789.73 119564.0
-2252.41 116687.0
-898.767 116954.0
-3915.52 119305.0
-4042.43 114781.0
-4442.07 114770.0
-4193.82 116912.0
-4278.43 120837.0
-3945.58 123222.0
-3823.13 130168.0
-4768.23 132978.0
-4787.16 137522.0
-5941.54 139131.0
-9213.22 139318.0
-8987.24 135182.0
-8230.27 134868.0
-8966.09 137272.0
-8930.47 139383.0
-2689.9 139102.0
1276.42 144490.0
1279.76 152590.0
1191.81 157927.0
2947.32 160917.0
6243.49 161743.0
4449.02 158185.0
2714.66 155974.0
-164.058 155907.0
-2506.22 155284.0
-3481.38 155126.0
-2278.02 152699.0
-3299.93 154119.0
-4251.71 154318.0
-3708.47 156119.0
-3517.0 154402.0
-3702.9 145684.0
-7355.3 143604.0
-8128.97 139316.0
-8831.39 137442.0
-8943.83 136386.0
-14013.3 133953.0
-15362.5 135453.0
-16381.1 137767.0
-16746.2 139588.0
-17978.5 141683.0
-18846.8 142834.0
-18908.0 142455.0
-18008.6 142698.0
-18031.9 142756.0
-19411.2 141311.0
-19570.4 146775.0
-12754.3 152939.0
-10866.3 152971.0
-10641.4 151421.0
-10456.7 151426.0
-10568.0 142567.0
-9589.48 137462.0
-8626.57 136952.0
-8633.25 136756.0
-8948.28 137270.0
-8942.71 137762.0
-8180.17 139414.0
-3187.5 139107.0
586.235 141823.0
1278.64 146668.0
1265.28 148553.0
425.935 152563.0
32.9773 150090.0
27.4114 147327.0
-664.996 146988.0
-1905.09 143569.0
-5959.35 143555.0
-6023.92 139125.0
-8764.6 139298.0
-8772.39 136611.0
-8899.3 137439.0
-7245.09 140060.0
-6325.59 142090.0
-4762.67 143041.0
-5691.07 143569.0
-5883.65 143397.0
-6136.35 141238.0
2259.37 124900.0
3582.96 111727.0
8997.54 110326.0
12489.6 108049.0
15404.0 109077.0
15190.2 109414.0
18610.0 106032.0
18774.7 106123.0
20028.2 102525.0
22163.3 101637.0
23048.3 101036.0
24883.9 94220.7
30702.6 88327.4
32435.9 86118.8
32482.6 86875.8
31960.5 88478.8
30235.1 94935.3
25831.3 102670.0
21906.1 106052.0
17775.1 105967.0
15185.8 109440.0
15310.5 114779.0
15001.0 121565.0
7560.4 128883.0
1541.36 139704.0
-9649.59 151308.0
-9215.45 151833.0
-9249.95 151795.0
-9225.46 151842.0
-9655.16 151497.0
-9482.61 149279.0
-8272.57 147244.0
-6061.76 147104.0
-2758.92 147026.0
-1234.95 145428.0
-328.811 143793.0
-649.411 143655.0
-130.662 142807.0
749.875 142133.0
1236.34 143333.0
2724.68 145955.0
608.499 146997.0
-722.882 147048.0
1299.79 143021.0
2194.8 140358.0
4407.83 147683.0
4651.62 154349.0
6744.43 154549.0
4430.1 154235.0
3105.4 151969.0
2003.33 151450.0
1379.94 151457.0
155.429 151027.0
560.632 150544.0
1309.81 147422.0
1326.51 143644.0
1472.34 142064.0
1086.06 142335.0
1246.36 149854.0
1028.17 155945.0
1267.51 154494.0
1361.02 152606.0
1092.74 153075.0
63.0336 152784.0
1084.95 149894.0
893.477 147487.0
-1138.1 147458.0
-592.638 145777.0
277.88 145339.0
2202.59 138541.0
8131.47 128280.0
15096.7 121398.0
15889.3 114666.0
15327.2 116952.0
10773.1 119265.0
7862.08 122336.0
6835.71 126579.0
6865.77 126904.0
5570.01 132023.0
3073.11 136714.0
286.786 141458.0
1240.79 148505.0
1268.62 149956.0
772.139 149342.0
2473.1 148816.0
2471.99 148896.0
1944.33 148816.0
2748.06 146156.0
1593.68 142398.0
609.612 141707.0
-1066.86 135805.0
-6338.95 134890.0
-9796.53 129369.0
-13403.3 120085.0
-14645.6 114536.0
-14110.2 115187.0
-13607.0 117021.0
-14765.8 115639.0
-14124.6 118495.0
-11835.9 124482.0
-11044.4 127220.0
-11061.1 132027.0
-10905.3 129024.0
-11084.5 125579.0
-10821.8 134445.0
-9124.16 135133.0
-14305.0 135375.0
-14866.0 137016.0
-14502.0 138882.0
-13532.4 139541.0
-8911.54 139410.0
-6003.88 138793.0
-6306.67 139225.0
-6284.4 139385.0
-5705.54 139285.0
-1501.01 139120.0
1246.36 143444.0
2645.65 144301.0
1251.93 144622.0
1283.1 151321.0
-968.898 152570.0
-2566.33 153149.0
-2847.97 152942.0
-2546.3 152761.0
-1725.87 154298.0
-1409.72 154482.0
-934.389 152659.0
1208.51 153069.0
824.459 155941.0
1279.76 155400.0
1710.56 155979.0
4767.4 156039.0
4056.06 154351.0
2997.42 157969.0
1765.11 158525.0
1267.51 157853.0
1280.87 151141.0
96.4295 146968.0
-1685.8 146873.0
-338.83 145354.0
1946.56 141416.0
3010.77 137987.0
571.764 143684.0
-326.585 145354.0
579.556 145256.0
865.647 147169.0
1263.06 153033.0
1762.88 154342.0
1296.45 150502.0
1204.06 151463.0
2095.73 151468.0
1338.75 147046.0
594.028 145526.0
221.107 141307.0
258.956 138455.0
-95.0401 142239.0
-264.246 145379.0
1254.15 147990.0
2823.76 152091.0
1338.75 151882.0
1296.45 143562.0
584.009 141754.0
-2010.85 141251.0
-2422.73 139136.0
718.705 142039.0
1093.85 142516.0
110.901 140754.0
193.277 140599.0
1208.51 145314.0
-5939.31 147062.0
-6006.11 147004.0
-6287.74 143680.0
-6240.99 143065.0
-4833.91 139256.0
-4741.52 133387.0
-4536.69 126543.0
-3794.19 119581.0
-14300.5 117965.0
-12386.9 119147.0
-9720.84 118555.0
-9936.8 118444.0
-7464.39 117346.0
-3716.26 116424.0
-1400.82 114483.0
2357.33 113172.0
8174.88 110674.0
10815.4 107234.0
15045.5 105947.0
18726.9 106192.0
28002.0 101131.0
30498.9 90360.1
32386.9 86751.1
30050.3 96322.4
24892.8 103331.0
20037.1 106014.0
15963.9 105891.0
12458.5 108325.0
11679.2 117553.0
9323.7 122716.0
6794.52 126136.0
3041.94 127131.0
2319.48 127612.0
1514.64 131139.0
822.233 131929.0
821.119 131911.0
809.987 132866.0
1802.96 134975.0
2156.95 138668.0
4403.38 148338.0
4270.91 152908.0
4378.89 157813.0
2460.86 160718.0
1222.98 160859.0
91.9767 159810.0
1245.25 157032.0
2616.7 152579.0
3084.24 152347.0
-874.277 152550.0
-4099.2 152416.0
-4211.63 151361.0
-3819.79 152254.0
-2653.16 151080.0
-3598.26 150862.0
-3688.43 147077.0
-4644.67 145205.0
-3710.7 141344.0
-3099.55 143537.0
-1619.0 145443.0
1191.81 145332.0
189.938 142734.0
172.127 142273.0
1237.45 143451.0
-697.279 146997.0
-1106.93 148090.0
-47.1727 149484.0
1224.1 155562.0
1945.45 158503.0
1945.45 160175.0
2299.44 163479.0
3955.88 166222.0
2784.8 163882.0
493.84 162776.0
-3734.07 164025.0
-3768.58 166581.0
-7294.07 156048.0
-7851.78 153915.0
-8220.25 153004.0
-8456.25 154803.0
-8449.57 158009.0
-8538.62 162602.0
-8835.85 165481.0
-7618.01 161066.0
-1968.55 161039.0
-1258.33 161774.0
-1293.95 163350.0
3584.07 168206.0
6309.17 174749.0
5769.27 176239.0
2964.02 169945.0
2946.21 164185.0
2329.5 163510.0
3452.71 160923.0
12334.9 161524.0
12783.5 162684.0
9477.32 161231.0
3343.62 160848.0
3008.55 156446.0
3117.64 152029.0
3056.41 152563.0
1892.01 154774.0
2662.34 154382.0
3092.04 153663.0
-1595.63 152599.0
-7353.07 152897.0
-10509.0 152781.0
-11021.0 154901.0
-14159.1 155106.0
-14062.3 152866.0
-14115.7 154816.0
-11793.6 150421.0
-9821.02 150838.0
-9512.67 149707.0
-7946.4 147224.0
-3337.78 147046.0
-2709.93 147712.0
-815.277 145363.0
-445.696 143377.0
4487.98 134443.0
11339.7 126038.0
15370.6 116427.0
15546.5 110386.0
20032.6 102510.0
20022.6 103476.0
21211.5 103215.0
19935.8 103438.0
20034.9 102550.0
22461.6 101675.0
26283.2 94227.4
31429.5 86475.1
32428.1 86107.7
29050.6 94238.5
23895.4 100343.0
20986.6 101372.0
19886.8 103086.0
20022.6 102583.0
22008.6 101608.0
23905.4 100154.0
27506.6 94392.1
28643.2 94196.2
30544.5 89518.5
30574.6 86911.4
30567.9 87065.1
30779.4 86742.2
32433.6 86125.5
32236.6 86047.6
30594.6 86933.7
32431.4 86161.1
30551.2 89246.9
30396.5 92183.5
31732.3 86134.4
32302.3 86121.1
30429.9 91435.5
27595.7 94358.7
24613.4 96041.9
22383.7 101626.0
19896.8 102913.0
19931.3 102489.0
20512.4 101236.0
25486.2 94214.0
30310.8 93733.1
31657.7 86219.0
35046.3 78941.0
34102.3 79524.3
33964.3 81421.2
32442.5 86158.9
32379.1 86769.0
30618.0 88763.8
27881.8 94349.8
21335.1 94111.6
16654.1 99947.0
12529.7 107837.0
11699.3 117458.0
9217.95 123117.0
6777.83 125922.0
5073.52 129589.0
3172.19 130892.0
2249.35 132488.0
2611.14 136008.0
189.938 141690.0
1268.62 151590.0
-4257.28 152663.0
-5829.11 154507.0
-3787.51 153625.0
-3297.7 157973.0
-3126.27 163887.0
-1266.12 163766.0
-1260.56 162212.0
-1141.44 161128.0
-325.471 158574.0
-2338.13 149066.0
-4376.39 149615.0
-2049.81 147986.0
99.769 147022.0
2916.15 147013.0
2825.98 149072.0
1212.96 153710.0
-1165.93 156179.0
1663.81 155936.0
1316.49 150871.0
1308.7 145488.0
493.84 145312.0
-175.19 143186.0
900.156 142286.0
814.44 141458.0
-1792.66 143914.0
-2613.09 143393.0
-3537.04 143582.0
-1547.76 145479.0
-1753.7 146897.0
-2847.97 143451.0
-6004.99 143564.0
-5757.86 142540.0
-5357.11 139937.0
-4723.7 141845.0
-4709.23 143045.0
-5725.58 143057.0
-6110.75 143457.0
-8687.79 144533.0
-7852.9 142959.0
-6527.08 139321.0
-4755.99 137747.0
-5429.47 134503.0
-5681.05 130074.0
-10615.8 127389.0
-17414.1 129035.0
-20297.3 125203.0
-22568.2 121986.0
-22593.8 123798.0
-22667.3 122696.0
-20595.6 124862.0
-18915.8 126971.0
-16333.2 126583.0
-14547.6 125424.0
-12797.7 124166.0
-13725.0 121534.0
-11678.9 124840.0
-10958.7 127755.0
-10891.9 130482.0
-11896.0 133779.0
-10718.3 137479.0
-8602.08 137232.0
-8893.73 139984.0
-9091.88 143849.0
-10474.5 150335.0
-12217.7 151383.0
-14395.1 152018.0
-16982.2 150508.0
-17632.3 143773.0
-18380.4 142491.0
-14123.5 139583.0
-11835.9 137499.0
-10808.4 138708.0
