-4650.23 164621.0
-4713.69 164539.0
-4769.35 164499.0
-4754.87 164183.0
-4426.48 164198.0
-4405.33 164105.0
-4281.77 164149.0
-4099.2 164127.0
-3344.46 164127.0
-3101.78 164094.0
-3013.84 164005.0
-2045.36 163864.0
-2039.79 163809.0
-1410.84 163731.0
-569.261 163758.0
-374.452 169168.0
-313.226 169448.0
-388.924 166681.0
-420.093 166618.0
-1142.56 166574.0
-1752.59 166358.0
-1855.0 166229.0
-1893.96 165757.0
-2431.64 165779.0
-2428.3 166396.0
-2431.64 164181.0
-2440.54 164243.0
-2420.5 163960.0
-2106.58 163913.0
-2067.62 163847.0
-1387.46 163702.0
-1409.72 163624.0
-2023.09 163642.0
-2184.51 162640.0
-2186.73 162199.0
-2114.38 162134.0
-1861.68 162155.0
-1808.25 162640.0
-1861.68 162077.0
-16849.7 162110.0
-2481.73 162132.0
-2849.08 162168.0
-2999.37 162346.0
-3207.53 162246.0
-3647.25 160926.0
-4616.84 160721.0
-11262.6 161086.0
-11255.9 154736.0
-11201.4 154781.0
-11218.1 154977.0
-13752.8 155159.0
-14337.3 155081.0
-14335.0 152817.0
-12797.7 152895.0
-8524.15 152939.0
-4871.76 152844.0
-4839.48 154264.0
-4766.01 154347.0
-4277.31 154362.0
-4203.84 156072.0
-3535.93 156101.0
-2540.73 155972.0
-2531.82 156039.0
182.145 155967.0
234.466 155921.0
1094.97 156043.0
2878.3 156021.0
5029.0 156039.0
5138.09 155999.0
4455.7 155967.0
4605.98 155010.0
4523.61 154870.0
4557.0 154068.0
4477.96 154013.0
4529.17 153585.0
4800.79 153000.0
4807.47 152683.0
4561.45 152405.0
4453.47 152120.0
4433.44 151815.0
1742.84 147004.0
1456.75 146848.0
1397.75 146993.0
1250.81 147055.0
1219.64 148146.0
587.348 148195.0
512.764 148525.0
203.296 148484.0
270.088 147964.0
193.277 148473.0
4.03428 148480.0
-4.87128 147712.0
36.3169 148529.0
509.425 148518.0
599.594 147026.0
1863.07 147071.0
1915.39 149342.0
4381.12 149453.0
4369.98 152570.0
4323.23 152951.0
4477.96 153089.0
4998.94 152748.0
11581.3 152450.0
17500.1 152550.0
18368.4 153285.0
19178.8 153040.0
20620.4 153115.0
20862.0 153474.0
21559.9 155571.0
21682.4 155743.0
23457.9 156784.0
23676.1 157007.0
23461.3 158543.0
23353.3 158681.0
23307.7 159071.0
23997.8 159530.0
24232.7 157860.0
25108.8 159227.0
26236.5 158292.0
28423.9 156684.0
26472.5 153396.0
25446.1 152258.0
25991.6 151637.0
26914.4 151069.0
27073.6 150934.0
27941.9 150524.0
28785.7 150388.0
31832.5 151256.0
31996.1 152514.0
31780.2 153730.0
31395.0 157724.0
32183.2 159461.0
32743.1 164058.0
35895.7 167498.0
36861.9 170559.0
36789.6 171307.0
36477.9 173008.0
36448.9 173522.0
36955.4 176582.0
37578.8 179360.0
39316.5 183174.0
40066.8 184285.0
42437.9 184975.0
42702.9 185200.0
43890.6 186834.0
45057.3 189305.0
46701.4 189829.0
46729.3 189780.0
46691.4 189857.0
46055.8 189795.0
46094.8 190586.0
47639.9 193453.0
47642.1 192848.0
47759.0 192819.0
47782.4 192491.0
47662.1 192344.0
47740.1 192496.0
47801.3 192534.0
47736.7 192868.0
47620.9 192901.0
47614.3 193426.0
47055.4 192033.0
43941.8 186892.0
42480.2 184975.0
39933.2 184151.0
39244.2 182982.0
37387.3 178608.0
36471.2 173166.0
36869.7 170432.0
35836.7 167389.0
32793.2 164080.0
27724.8 161420.0
25780.1 160307.0
23491.3 156651.0
23444.6 156744.0
21680.2 155698.0
21535.5 155493.0
20786.3 153285.0
20637.1 153100.0
19139.9 152955.0
17958.8 152784.0
17900.9 152632.0
17386.6 152387.0
17197.3 152354.0
17194.0 152216.0
16752.1 152102.0
16750.9 151679.0
16657.4 151635.0
16145.4 151768.0
15665.6 151653.0
15739.0 150800.0
15532.0 145290.0
16067.4 144911.0
16078.6 144717.0
16060.8 144490.0
16055.2 144751.0
16061.9 144936.0
15507.5 145319.0
15650.0 149916.0
15225.9 150067.0
14850.7 149998.0
14798.4 148959.0
12726.7 149070.0
7868.76 149204.0
7529.23 149342.0
7584.89 150769.0
5947.38 150945.0
5865.01 150925.0
5850.53 150967.0
5475.39 150896.0
4369.98 151023.0
4505.79 152038.0
4807.47 152027.0
4854.22 152398.0
4963.32 152405.0
4973.34 152209.0
5007.85 152225.0
4868.7 152503.0
4793.0 152053.0
4467.95 152020.0
4434.55 151181.0
4306.53 150996.0
3596.31 151063.0
2213.73 150851.0
1299.79 150199.0
1280.87 145334.0
-1754.81 145312.0
-1819.38 144858.0
-1813.81 143731.0
-1966.32 143508.0
-2217.9 143426.0
-8267.0 143633.0
-8882.6 143727.0
-9786.51 144332.0
-10404.3 144628.0
-10544.6 143030.0
-10487.8 143609.0
-10541.3 144673.0
-10580.2 144666.0
-10513.4 144706.0
-10599.1 145196.0
-10615.8 145653.0
-10647.0 145541.0
-10578.0 145526.0
-10633.7 145445.0
-10433.3 145575.0
-10507.9 145641.0
-10485.6 145051.0
-10324.2 144735.0
-8776.85 143720.0
-8255.87 143664.0
-7941.95 143682.0
-7964.21 143566.0
-8707.83 143622.0
-8718.96 143170.0
-7950.86 143143.0
-7906.33 143756.0
-7838.42 143860.0
-7882.95 144677.0
-8635.47 145274.0
-8684.45 143738.0
-8501.89 143700.0
-8164.59 143709.0
-7791.67 143820.0
-6881.08 144722.0
-6377.91 145414.0
-6030.6 145546.0
-4694.76 145414.0
-3948.92 145474.0
-3871.0 145597.0
-3748.55 145592.0
-3686.21 147026.0
-2016.41 147026.0
-1749.25 147093.0
-1672.44 147026.0
-747.372 147040.0
-734.014 148536.0
-1416.4 148480.0
-1521.04 147774.0
-1758.15 147763.0
-1850.55 143589.0
-1783.76 143520.0
-492.451 143386.0
5371.86 132788.0
7882.11 128514.0
14077.0 123426.0
15025.5 121567.0
15613.3 119911.0
15438.5 115095.0
15579.9 114890.0
15878.2 114788.0
15810.3 114254.0
15724.6 114171.0
15407.3 114283.0
15242.6 114423.0
15290.4 114728.0
15420.7 114813.0
15579.9 114588.0
15583.2 114300.0
15604.3 114946.0
15524.2 114957.0
15431.8 115202.0
15410.7 116404.0
15470.8 116531.0
15758.0 116538.0
15975.0 119232.0
15910.5 119777.0
15847.0 119878.0
14123.8 124150.0
13757.6 124620.0
12867.0 125241.0
12181.3 125744.0
11585.7 126138.0
12622.1 129596.0
13572.8 138132.0
14077.0 141629.0
14514.5 141739.0
14878.5 141772.0
14969.8 142164.0
15245.9 144599.0
15493.0 145223.0
15666.7 149934.0
15182.4 150083.0
14308.6 150121.0
14084.8 151497.0
5266.11 152703.0
3265.7 152666.0
2958.45 152655.0
2948.43 152559.0
1394.41 152715.0
-947.747 152628.0
-3903.28 152666.0
-3964.51 152632.0
-4075.83 152632.0
-4109.22 152550.0
-4114.79 151920.0
-4065.81 152149.0
-3850.96 152180.0
-3728.51 152142.0
-3700.68 152265.0
-3637.23 152243.0
-3519.23 154970.0
-3525.91 155259.0
-3463.57 156101.0
-2489.52 155961.0
-1327.35 155967.0
532.802 156010.0
1195.15 156023.0
5151.45 156001.0
4434.55 155956.0
4473.51 153374.0
4614.89 153044.0
4811.92 152795.0
4770.73 152565.0
4557.0 152403.0
4492.44 151067.0
4926.58 151107.0
7544.82 150800.0
7606.04 150651.0
7464.67 147567.0
7440.18 147741.0
7383.4 147572.0
7262.07 147634.0
7144.07 147634.0
7397.87 147685.0
7475.8 147841.0
7540.36 149382.0
7882.11 149299.0
7848.72 150372.0
7878.78 150691.0
7770.8 150729.0
7700.66 150722.0
7603.82 150751.0
7509.19 150791.0
7453.53 150733.0
7002.69 150902.0
5870.57 150945.0
5850.53 151089.0
5597.84 151103.0
5126.96 150985.0
4479.08 150996.0
4378.89 151185.0
4334.36 152280.0
4266.46 152499.0
4266.46 153006.0
4355.51 153200.0
4462.38 153211.0
4831.96 152884.0
4865.36 153518.0
5313.97 153474.0
4509.13 153456.0
4522.49 153193.0
4807.47 152833.0
4784.09 152581.0
4561.45 152414.0
4461.27 152125.0
4634.93 151363.0
5007.85 152454.0
4573.7 151686.0
4683.91 151548.0
5655.72 151025.0
7472.46 150836.0
7917.74 150762.0
8046.87 151748.0
8830.56 151648.0
8876.2 152414.0
10188.7 152617.0
10434.7 152855.0
10628.4 152817.0
10778.6 152581.0
10895.5 152521.0
12192.4 152476.0
12243.6 152561.0
12268.1 152470.0
13990.2 152171.0
11652.5 152372.0
11591.3 150974.0
12533.0 150907.0
13556.1 151018.0
14138.3 151156.0
14324.2 150116.0
15466.3 150050.0
15674.5 149949.0
15716.8 151170.0
15616.6 151704.0
14987.6 151370.0
12560.9 150878.0
11269.6 150911.0
8371.92 150655.0
6384.87 150934.0
4611.55 151078.0
4742.91 151074.0
4772.96 151129.0
6674.3 150929.0
4492.44 151011.0
4280.93 151067.0
4334.36 151163.0
4238.63 152514.0
4238.63 153111.0
3949.2 153104.0
1314.26 153463.0
1336.53 153051.0
1516.87 153118.0
1520.21 153171.0
1598.13 153029.0
1676.05 153022.0
1739.51 152706.0
3034.15 152737.0
3657.54 152717.0
3744.37 152639.0
4113.95 152759.0
4378.89 153218.0
4534.74 153138.0
4813.04 152804.0
4779.64 152572.0
4567.02 152443.0
4462.38 152149.0
4500.23 151063.0
6288.02 150958.0
7598.25 150829.0
7584.89 151207.0
7433.5 151236.0
7450.2 151370.0
7490.27 151479.0
7472.46 151401.0
7423.48 151325.0
7439.06 151241.0
7594.91 151207.0
7490.27 148776.0
7464.67 146706.0
7249.82 146717.0
7278.76 146881.0
7333.31 146959.0
7071.71 146877.0
7088.41 146743.0
7459.1 146761.0
7512.53 149299.0
7579.33 149355.0
7882.11 149308.0
7854.28 150361.0
8073.58 152516.0
7670.61 152695.0
6813.45 152659.0
6827.92 152583.0
7032.75 152581.0
7139.61 152427.0
7125.14 151857.0
6919.2 151746.0
6761.13 151412.0
6760.01 150956.0
8321.83 150669.0
10503.7 150862.0
14124.9 151163.0
14171.7 151223.0
14904.1 151426.0
14859.6 151791.0
14908.6 151352.0
14162.8 151080.0
14321.9 150121.0
15121.2 150061.0
14294.1 150128.0
14088.2 151459.0
14090.4 152109.0
13570.5 152243.0
5889.5 152692.0
4403.38 152516.0
3871.27 153229.0
-734.014 153846.0
-847.56 154235.0
-823.07 155898.0
-2344.81 155923.0
-4964.15 156154.0
-5200.15 156201.0
-6077.35 156602.0
-7120.41 156829.0
-9213.22 156896.0
-13814.1 156702.0
-14348.4 156802.0
-14296.1 156101.0
-14214.8 156001.0
-13532.4 155976.0
-13463.4 155898.0
-13460.1 155248.0
-9826.59 154669.0
-8472.94 154658.0
-8392.79 156914.0
-7387.58 156889.0
-5860.28 156502.0
-3652.81 156094.0
-2678.77 155979.0
-1282.82 155943.0
3034.15 156001.0
3125.43 152706.0
4138.44 152784.0
4477.96 153229.0
4893.19 152821.0
5096.9 152759.0
7108.44 152781.0
8853.93 152450.0
8911.82 152516.0
9059.87 152537.0
11767.2 149920.0
12071.1 149838.0
11566.8 149923.0
11561.2 150880.0
9366.0 150758.0
8452.07 150657.0
8463.2 150600.0
8544.47 152343.0
1907.6 152643.0
768.799 152632.0
694.215 152550.0
-1683.57 152559.0
-1657.97 152309.0
-1630.14 153362.0
-2570.79 153367.0
-2620.88 153189.0
-2628.67 153267.0
-2609.75 153222.0
-2623.11 153374.0
-2852.42 153378.0
-2863.56 152688.0
946.91 152688.0
1342.09 152721.0
1358.79 152770.0
1581.43 152728.0
1622.62 152643.0
3073.11 152688.0
3089.81 152276.0
2976.26 152383.0
3073.11 151129.0
4375.55 151107.0
4548.1 151078.0
4633.81 150922.0
5859.44 151007.0
8544.47 150666.0
10520.4 150929.0
12574.2 150891.0
13626.2 151067.0
14079.3 151212.0
14157.2 153496.0
13862.2 153485.0
13878.9 153639.0
13887.8 153478.0
14186.1 153472.0
14177.2 152231.0
17522.4 152614.0
18056.7 153338.0
18655.6 153271.0
18772.5 153371.0
18919.4 153267.0
18972.9 153104.0
20286.4 153017.0
20647.1 153138.0
20775.1 153307.0
21615.6 155676.0
23090.6 156295.0
23314.3 156350.0
23475.7 156669.0
23478.0 156700.0
25066.5 159218.0
27237.2 161175.0
32676.3 164038.0
35804.4 167349.0
36062.6 167865.0
36869.7 170588.0
36455.6 173605.0
37509.8 179166.0
39121.7 182729.0
39938.8 184153.0
40164.8 184336.0
42675.0 185166.0
44075.4 187186.0
45129.6 189452.0
47047.7 192055.0
47637.6 193453.0
47626.5 192874.0
47790.2 192489.0
47698.9 192344.0
47686.6 192278.0
47773.5 192669.0
47731.2 192863.0
47623.2 192890.0
47623.2 193426.0
47108.9 192151.0
45856.5 190209.0
44511.8 188310.0
43946.3 186896.0
42476.9 184977.0
40012.3 184220.0
39344.3 183218.0
38469.4 181208.0
36565.8 174678.0
-20239.4 102465.0
36466.7 173182.0
36886.4 170655.0
36856.4 170383.0
35784.3 167309.0
32767.6 164069.0
27413.1 161248.0
25707.7 160224.0
23687.3 156947.0
21760.3 155778.0
21496.5 155426.0
20706.1 153178.0
20513.5 153033.0
19990.3 152993.0
18763.6 153060.0
18443.0 153126.0
18170.3 153000.0
17358.7 152427.0
8204.94 152510.0
6743.32 152717.0
1573.64 152594.0
1501.28 152550.0
1377.72 152559.0
1250.81 142852.0
1139.49 142547.0
-6656.21 139281.0
-10461.1 145670.0
-10455.5 144980.0
-10372.1 144800.0
-8815.81 143782.0
-7955.31 143727.0
-7836.2 143900.0
-7921.91 145423.0
-7782.76 147193.0
-4960.82 147104.0
-4871.76 149119.0
-1844.98 149115.0
-1702.49 149155.0
-1552.21 149092.0
-1218.25 149152.0
-1101.37 149126.0
-834.201 149215.0
-626.034 149155.0
-331.037 149170.0
-51.6255 149388.0
-19.3428 149288.0
225.56 149449.0
256.73 149066.0
1143.95 149121.0
1160.64 149889.0
1166.21 149843.0
2305.01 150722.0
902.383 149905.0
891.251 149945.0
281.22 149653.0
264.522 149331.0
73.0524 149404.0
-1071.31 149166.0
-995.615 149464.0
-14385.1 156395.0
-14420.7 156958.0
-15647.5 157982.0
-15676.4 157815.0
-15611.9 157748.0
-15533.9 159267.0
-15879.0 159173.0
-15931.4 158655.0
-16027.1 158387.0
-15442.7 157887.0
-15478.3 158116.0
-15519.5 155297.0
-15194.4 155181.0
-14936.2 155244.0
-14657.9 155193.0
-13708.3 155219.0
-9575.01 157548.0
-9202.09 157470.0
-9151.99 156936.0
-8487.42 156934.0
-8435.1 156845.0
-8485.19 152637.0
-8535.28 151341.0
-8067.74 151314.0
-8049.93 151764.0
-7622.46 151780.0
-7622.46 152036.0
-7774.97 152042.0
-7772.75 152265.0
-7611.33 152020.0
-7582.39 149497.0
-6620.59 149553.0
-6511.5 149382.0
-5275.85 149275.0
-5083.27 149121.0
-3576.0 149152.0
-2813.46 149155.0
-1861.68 149141.0
-1791.55 149188.0
-1565.57 149099.0
-1387.46 149110.0
-1316.21 149471.0
-1184.86 149526.0
-834.201 150310.0
-1049.05 149355.0
-469.074 149633.0
2.92109 149667.0
37.4301 152655.0
1612.6 152728.0
1729.49 152703.0
1884.22 152781.0
3031.92 152703.0
3097.6 152621.0
3112.07 151045.0
4362.19 151092.0
4395.59 152294.0
4269.8 152514.0
4272.02 153004.0
4390.02 153227.0
4506.91 153182.0
4806.36 152784.0
4759.6 152559.0
4559.23 152416.0
4456.81 152109.0
4464.61 150985.0
4390.02 150967.0
4258.67 153115.0
3985.93 153089.0
1349.89 153467.0
1216.3 153527.0
1116.12 153494.0
1111.66 152977.0
1214.08 153093.0
1256.38 153340.0
1155.08 153316.0
1286.43 154514.0
1306.47 154396.0
-8590.94 147238.0
1325.4 154376.0
1926.52 154364.0
2246.01 154453.0
2752.51 154369.0
3075.34 154396.0
3134.34 152699.0
4172.95 152828.0
4411.17 153200.0
4811.92 152817.0
4785.21 152577.0
4564.79 152461.0
4522.49 152214.0
4464.61 152171.0
4451.25 152214.0
4726.21 151581.0
4490.21 152483.0
4509.13 151092.0
4483.53 149400.0
5752.57 149386.0
7205.29 149282.0
7523.67 149382.0
7572.65 150773.0
6644.24 150918.0
4477.96 151089.0
4442.34 151247.0
3887.97 151052.0
3158.83 151034.0
2199.25 150836.0
1375.49 150272.0
927.986 150061.0
837.817 150038.0
771.026 150702.0
822.233 149972.0
1047.1 150032.0
1097.19 150205.0
2073.46 150818.0
3086.47 151107.0
3064.21 151492.0
2594.44 151497.0
2134.69 151441.0
1334.3 151479.0
1300.91 151230.0
1589.22 151259.0
1484.58 151145.0
1244.13 151069.0
1283.1 143030.0
1219.64 142718.0
-1591.17 139033.0
-1986.36 138944.0
-2014.19 138699.0
-820.843 135026.0
401.445 130524.0
905.722 130546.0
954.703 130417.0
1405.55 130351.0
1399.98 129429.0
1458.98 129700.0
1896.47 129752.0
2030.05 133574.0
2586.65 134420.0
2113.54 135371.0
3084.24 136658.0
1907.6 138666.0
1850.82 138510.0
1962.14 138435.0
3666.45 140692.0
4106.16 141623.0
3221.17 142275.0
2349.54 142910.0
2655.66 144332.0
2722.46 146287.0
2510.95 146759.0
2536.55 146999.0
3115.41 146973.0
1383.28 147015.0
1362.13 146955.0
651.914 147004.0
-1588.95 147006.0
-1856.11 146917.0
-2027.55 147004.0
-2698.8 146995.0
-2693.24 146414.0
-1850.55 146369.0
-1883.94 147040.0
-1827.17 147115.0
-1646.83 147026.0
-731.788 147071.0
-641.619 148587.0
-402.282 148629.0
-461.281 149288.0
221.107 149575.0
388.087 149843.0
315.729 150684.0
442.633 150940.0
420.369 150851.0
423.709 151170.0
677.517 151241.0
749.875 151437.0
811.101 151348.0
832.251 151479.0
2867.17 151479.0
2842.68 151998.0
2824.87 152080.0
2169.2 151902.0
2143.59 151537.0
2171.42 152628.0
1520.21 152637.0
1249.7 152639.0
1094.97 153093.0
1247.47 155153.0
1169.55 161527.0
-8.21086 163441.0
-366.66 163631.0
-1340.71 163591.0
-1977.45 163682.0
-2006.4 163501.0
-2058.72 163101.0
-2161.13 162758.0
-2177.83 162195.0
-2127.73 162132.0
-1676.89 162065.0
-1646.83 162166.0
-19492.5 147011.0
-1287.27 162146.0
-1218.25 166532.0
-656.09 166625.0
-544.771 166732.0
-364.433 167144.0
-349.962 167576.0
-225.284 167505.0
-346.622 167511.0
-530.299 164777.0
-481.319 163715.0
1093.85 161812.0
1211.85 161509.0
1278.64 158002.0
2922.83 157982.0
3025.25 157936.0
3120.98 152706.0
4071.65 152732.0
4472.4 153216.0
4820.83 152744.0
4779.64 152583.0
4561.45 152410.0
4462.38 151100.0
5080.2 151052.0
5067.96 151975.0
4516.93 151875.0
4466.83 151096.0
4607.1 149253.0
4214.14 141589.0
4656.08 141126.0
5232.71 140176.0
5396.35 140294.0
5507.67 140142.0
5750.35 140093.0
5931.8 140236.0
6078.74 140915.0
6560.75 142006.0
6768.92 142731.0
6965.96 144533.0
7473.57 144613.0
7522.55 149304.0
7793.06 149322.0
7879.89 149297.0
7850.95 150377.0
7957.81 150711.0
8609.03 150657.0
10841.0 150945.0
10826.5 151947.0
10851.0 150929.0
12504.1 150885.0
13996.9 151170.0
16748.7 152154.0
16828.9 152503.0
17240.7 152503.0
17737.2 152833.0
18060.1 153338.0
18449.7 153311.0
18657.8 153271.0
18916.1 153316.0
18972.9 153115.0
19661.9 153037.0
20275.3 153044.0
20706.1 153249.0
21546.6 155564.0
21688.0 155756.0
23528.1 156822.0
24231.6 157724.0
24288.4 157524.0
25790.1 157158.0
26346.7 156789.0
26450.2 157000.0
26576.0 156940.0
26653.9 156945.0
26709.6 156934.0
26652.8 157029.0
26561.5 156911.0
26402.3 157003.0
26313.3 156769.0
25197.9 157512.0
24242.7 157548.0
24223.8 157853.0
24398.6 158321.0
25067.6 159189.0
23580.4 156845.0
22929.2 156502.0
22763.3 157081.0
22896.9 157045.0
22787.8 157058.0
22832.3 156929.0
22807.8 157040.0
22757.7 157007.0
22862.4 156695.0
23012.7 156528.0
23708.4 156989.0
25073.2 159216.0
26013.8 160518.0
31457.4 163392.0
31698.9 163452.0
31852.5 162529.0
31838.1 162257.0
32400.2 161910.0
32352.4 161760.0
32386.9 161945.0
31821.4 162295.0
31823.6 162729.0
31667.8 163490.0
31515.2 163452.0
33060.4 164336.0
36068.2 167883.0
36871.9 170593.0
36460.1 173649.0
37539.9 179244.0
39973.3 184207.0
42663.9 185153.0
43896.2 186859.0
44470.6 188259.0
47061.0 192068.0
47625.4 193469.0
47648.8 192863.0
47756.8 192834.0
47784.6 192500.0
47662.1 192344.0
47743.4 192380.0
47710.0 192362.0
47745.6 192489.0
47804.6 192522.0
47764.5 192868.0
47625.4 192914.0
47625.4 193438.0
46805.0 191587.0
44511.8 188303.0
43946.3 186896.0
43610.1 186529.0
42967.8 185589.0
39942.1 184153.0
38732.1 181802.0
37101.3 177029.0
36471.2 173144.0
36886.4 170561.0
35808.8 167360.0
32728.6 164047.0
26910.0 160959.0
25684.3 160162.0
23486.9 156678.0
23485.8 156851.0
23422.3 156740.0
21683.5 155711.0
21552.1 155533.0
21287.2 154718.0
21249.4 154732.0
20741.7 153216.0
20564.7 153040.0
20069.4 152966.0
18271.6 153044.0
17973.2 152793.0
17897.5 152639.0
17097.1 152376.0
16795.5 152338.0
16737.6 151657.0
16618.5 151664.0
16197.7 151780.0
15663.3 151686.0
15733.5 151096.0
15657.8 149909.0
15192.5 150065.0
14325.3 150154.0
14096.0 151452.0
14099.3 152116.0
13561.6 152247.0
5210.45 152688.0
-1015.65 152581.0
-1001.18 151615.0
-58.3046 151552.0
499.406 151949.0
685.31 151915.0
848.949 151457.0
850.062 150038.0
1221.87 150183.0
2067.9 150746.0
2430.8 151190.0
3043.06 150980.0
4342.15 151014.0
39750.7 259655.0
27719.2 211380.0
-4724.82 211380.0
5146.99 156012.0
4874.26 156016.0
4846.43 156079.0
4444.57 155999.0
4522.49 153189.0
4815.26 152773.0
4776.3 152554.0
4561.45 152425.0
4451.25 152049.0
5143.66 150640.0
4828.62 150873.0
4667.21 150951.0
4715.08 150700.0
4700.6 151067.0
4968.88 151141.0
5875.02 150985.0
6677.64 150902.0
5767.04 150936.0
5774.84 148220.0
5797.1 147489.0
-3834.26 140717.0
6292.47 147434.0
6240.15 147026.0
6267.98 147449.0
5774.84 147505.0
5797.1 149355.0
7529.23 149388.0
7601.59 150762.0
5351.82 150989.0
4492.44 150958.0
4377.78 151036.0
3850.12 150985.0
3844.56 150651.0
3821.18 151000.0
3153.26 150989.0
2199.25 150811.0
1377.72 150250.0
286.786 149678.0
254.503 149331.0
2.92109 149500.0
-46.0595 149620.0
-264.246 149571.0
-466.847 149520.0
-450.149 148553.0
93.0899 148531.0
198.843 148469.0
404.784 148542.0
546.16 148476.0
607.386 147037.0
1041.53 147037.0
1091.63 147115.0
1790.71 147033.0
1804.07 146928.0
2380.71 147015.0
3120.98 147048.0
3128.77 148097.0
13655.1 116075.0
3145.47 148228.0
3832.31 148246.0
3830.09 149366.0
2909.47 149382.0
1373.26 149326.0
1249.7 149404.0
1230.78 149776.0
1344.32 149705.0
1288.66 150268.0
1194.04 150161.0
1277.53 150951.0
1319.83 150844.0
1139.49 159806.0
654.14 159790.0
644.121 159218.0
715.366 159327.0
665.272 158566.0
726.498 158637.0
643.008 158143.0
665.272 157938.0
1206.28 158013.0
3023.02 157998.0
4266.46 158169.0
4362.19 158365.0
4394.47 158877.0
4455.7 158810.0
4461.27 156001.0
4687.25 156032.0
5007.85 155999.0
4915.45 155990.0
4900.98 156143.0
4589.28 156166.0
4557.0 156221.0
4442.34 155956.0
4372.21 154340.0
4233.06 154275.0
4210.8 154019.0
3301.32 154302.0
3276.83 154396.0
3067.55 154358.0
3106.51 152721.0
8275.07 152532.0
8681.39 152414.0
10038.4 152503.0
10445.8 152866.0
10633.9 152821.0
10882.2 152543.0
11341.9 152476.0
12883.7 152427.0
14146.1 152225.0
14102.6 151381.0
14185.0 151156.0
14781.7 151290.0
14814.0 150858.0
14753.9 151312.0
14158.3 151114.0
14318.6 150123.0
15179.1 150061.0
14310.8 150132.0
14088.2 151412.0
14173.9 153256.0
14140.5 154687.0
14057.0 155030.0
13409.1 155019.0
14068.1 155043.0
14158.3 154643.0
14166.1 151212.0
14934.2 151403.0
16205.5 151857.0
16565.0 151808.0
16765.4 152220.0
16821.1 152481.0
17522.4 152610.0
17741.7 152844.0
18047.8 153334.0
18672.3 153285.0
18765.8 153362.0
18917.2 153271.0
18982.9 153104.0
19584.0 153040.0
20636.0 153138.0
20767.3 153293.0
21565.5 155589.0
21699.1 155756.0
23728.4 157036.0
25676.5 160198.0
25969.3 160496.0
32656.3 164038.0
33023.6 164303.0
35988.1 167683.0
36076.0 167872.0
33143.8 102327.0
32481.5 95320.5
38670.9 172565.0
37960.6 179694.0
38403.7 181063.0
39070.5 186625.0
47714.5 192380.0
47806.9 192522.0
47726.7 192879.0
47628.7 192881.0
47615.4 193446.0
47055.4 192095.0
46452.1 192162.0
47063.2 192102.0
47628.7 193458.0
47651.0 192856.0
47747.9 192841.0
47787.9 192502.0
47658.8 192347.0
47803.5 192522.0
47740.1 192848.0
47625.4 192897.0
47617.6 193426.0
46691.4 191405.0
46078.1 190474.0
46070.3 189753.0
46695.9 189824.0
46695.9 189808.0
45032.8 189294.0
44363.7 188025.0
43841.6 186769.0
42196.3 184837.0
40094.6 184298.0
40095.7 184530.0
40209.3 184559.0
40201.5 184621.0
40200.4 184525.0
40084.6 184503.0
40066.8 184269.0
39359.9 183230.0
38737.7 181742.0
39098.3 181437.0
38992.6 181235.0
39092.8 181468.0
38700.9 181724.0
36569.1 174736.0
36471.2 173175.0
36877.5 170588.0
35998.1 167700.0
35403.6 166821.0
32642.9 163994.0
25784.5 160307.0
23645.0 156918.0
21661.2 155682.0
21498.7 155426.0
20667.2 153051.0
20361.0 152955.0
18763.6 152973.0
18429.6 153095.0
18218.1 153011.0
17962.1 152784.0
17798.5 152572.0
17624.8 152443.0
17614.8 152298.0
16765.4 152113.0
16709.8 151624.0
16264.5 151771.0
15966.1 151782.0
15665.6 151668.0
15650.0 149909.0
15136.8 150079.0
14291.9 150154.0
14168.3 151069.0
14108.2 151047.0
14138.3 154652.0
14119.3 156005.0
15090.1 155961.0
15214.7 158343.0
15924.9 165953.0
14188.4 166313.0
14090.4 166013.0
14175.0 166340.0
12471.8 166696.0
12368.3 166576.0
10662.9 166652.0
10520.4 166587.0
8781.58 164777.0
9366.0 163519.0
9382.7 163437.0
9115.53 163156.0
8663.58 158359.0
8541.13 156010.0
3061.98 155979.0
3098.72 154429.0
4626.02 154358.0
2388.5 154420.0
2168.09 154485.0
1278.64 154353.0
1351.0 152532.0
1199.61 152643.0
20.7322 152572.0
28.5246 151682.0
64.1468 151568.0
738.743 151568.0
749.875 151708.0
1188.47 151659.0
1316.49 151368.0
1336.53 150272.0
1673.83 150555.0
2394.06 150958.0
3398.17 151080.0
4364.42 151125.0
4269.8 152993.0
4388.91 153463.0
4428.98 154335.0
4550.32 154347.0
4406.72 154442.0
4344.38 156005.0
2825.98 155956.0
2697.97 156068.0
2490.91 155983.0
2126.9 156010.0
1283.1 155898.0
1297.57 145370.0
1249.7 145392.0
1225.21 148128.0
592.914 148206.0
542.821 146973.0
-1688.02 147022.0
-1833.85 146828.0
-1905.09 146895.0
-3687.32 146973.0
-3753.0 144379.0
-4541.14 144399.0
-4650.23 144377.0
-4665.82 143749.0
-4170.45 143593.0
-2094.34 143493.0
-1897.3 143720.0
-1849.44 143909.0
-1522.16 154431.0
-1443.12 154540.0
-778.542 154903.0
-708.41 155322.0
-574.827 158261.0
-636.053 158227.0
-619.355 157976.0
644.121 157991.0
688.649 158661.0
759.894 158599.0
1182.91 158615.0
1167.32 160385.0
640.782 160369.0
670.838 159817.0
1161.76 159864.0
1217.42 160725.0
1271.96 159864.0
1956.58 159819.0
1979.96 158216.0
4156.25 158053.0
4361.08 158336.0
4420.08 158873.0
4484.64 143237.0
4550.32 143230.0
4595.96 143081.0
4784.09 143077.0
5067.96 142818.0
5095.79 142518.0
5597.84 142469.0
5497.65 142030.0
4943.28 142213.0
4954.41 142507.0
4397.81 142447.0
4236.4 141730.0
4182.97 141779.0
4373.32 143030.0
4401.15 146962.0
4912.11 146944.0
7450.2 145541.0
7472.46 145590.0
8424.24 145267.0
10585.0 145229.0
10823.2 145140.0
10865.5 144461.0
11308.5 143549.0
11290.7 143315.0
11455.5 143188.0
12151.2 143188.0
12136.7 143141.0
11275.1 143419.0
11299.6 143664.0
10859.9 144490.0
10815.4 144550.0
10773.1 145189.0
5828.27 146403.0
4584.83 146973.0
4384.46 147066.0
4347.72 152321.0
3989.27 153140.0
3872.39 153222.0
1306.47 152788.0
1049.32 152548.0
587.348 152516.0
594.028 152561.0
612.952 151475.0
668.612 151902.0
743.196 151947.0
872.326 151704.0
978.08 152209.0
1191.81 152020.0
1319.83 151470.0
1322.06 150279.0
2104.63 150813.0
3791.12 151052.0
4728.43 151063.0
6849.07 150913.0
8452.07 150680.0
10500.3 150929.0
12577.6 150902.0
12559.8 150833.0
11188.3 150947.0
8347.43 150673.0
7575.99 150795.0
5069.07 150991.0
5040.13 150802.0
4762.94 155689.0
4696.15 155834.0
4372.21 153596.0
4462.38 149798.0
4358.85 142197.0
4217.48 141549.0
4642.72 141117.0
5049.03 140510.0
5507.67 141995.0
4941.05 142206.0
4929.92 142487.0
4400.04 142462.0
4177.4 141723.0
4366.65 142807.0
4347.72 146982.0
3811.16 146995.0
3716.54 146928.0
3570.71 146988.0
2552.14 147033.0
3515.05 147017.0
3568.48 147084.0
4381.12 147071.0
4536.96 152031.0
4840.87 152060.0
4850.88 152403.0
4991.15 152392.0
5084.66 152347.0
4882.05 152294.0
4790.77 152060.0
4464.61 152027.0
4505.79 151069.0
4711.74 150936.0
5084.66 151058.0
6134.4 150980.0
6872.45 150951.0
7915.51 150722.0
8071.36 152543.0
7288.78 152672.0
