-3691.77 146755.0
-3739.64 147028.0
-4860.63 147066.0
-7756.05 147171.0
-7821.73 147211.0
-7808.37 149493.0
-8548.64 149526.0
-8531.94 149843.0
-8543.08 149533.0
-8111.16 149471.0
-8112.27 148309.0
-7819.5 148309.0
-7811.71 147282.0
-7763.84 147193.0
-5546.36 147093.0
-4602.37 147082.0
-4652.46 143716.0
-4574.54 143664.0
-3800.87 143582.0
-3731.85 143154.0
-3503.64 143010.0
-3486.94 142019.0
-3502.53 141928.0
-2824.59 141756.0
-2795.65 141767.0
-2791.2 141273.0
-1730.32 141267.0
-734.014 141184.0
231.126 139423.0
334.653 139285.0
-90.5873 138595.0
-1.53169 138457.0
109.788 138617.0
254.503 138401.0
321.295 138250.0
0.694696 137693.0
868.987 135678.0
1473.45 135349.0
1848.6 135812.0
2112.43 135367.0
3777.77 137515.0
4275.36 136642.0
4811.92 136609.0
5958.51 136573.0
5941.82 135139.0
5858.33 135195.0
5976.32 135126.0
6015.29 134903.0
6707.69 134750.0
6804.54 134821.0
6709.92 134750.0
6210.1 134903.0
5555.54 134944.0
5547.74 135278.0
5151.45 135318.0
5145.88 135750.0
4447.91 135734.0
4377.78 134877.0
2600.0 132506.0
2769.21 132216.0
2837.12 132176.0
2798.15 131811.0
2607.8 131844.0
2410.76 132334.0
3243.43 133452.0
3354.75 133859.0
3532.86 134091.0
4236.4 134639.0
4589.28 134064.0
4598.19 134147.0
297.918 141816.0
398.105 141618.0
1171.78 142642.0
1249.7 142881.0
1217.42 143466.0
1284.21 143319.0
1269.74 145134.0
1367.7 146559.0
1222.98 146962.0
348.012 146988.0
39.6565 146959.0
30.751 145501.0
579.556 145281.0
551.726 143375.0
1924.3 141690.0
737.63 143330.0
757.667 143277.0
746.535 143386.0
804.421 143326.0
555.066 143655.0
557.292 143738.0
1450.07 143419.0
1389.96 143504.0
2032.28 143159.0
2090.16 144357.0
2151.39 144490.0
2085.71 144900.0
2124.67 145089.0
2243.78 144958.0
2713.55 144922.0
2642.31 144421.0
2106.86 144573.0
2037.84 143744.0
1575.87 144027.0
1362.13 144016.0
1289.77 143553.0
826.685 143615.0
596.254 143698.0
549.5 143108.0
362.483 142992.0
58.5808 143460.0
-52.7387 143408.0
-229.737 143678.0
-619.355 142992.0
-678.354 142676.0
-613.789 142173.0
-464.621 142331.0
-587.072 142696.0
-681.694 142754.0
-708.41 142275.0
-1170.39 142308.0
-1160.37 141529.0
-862.031 141574.0
-939.955 141819.0
-1129.2 141752.0
-1149.24 141583.0
-1175.95 141349.0
-1164.82 141249.0
-413.414 140625.0
-358.867 140449.0
-672.788 140102.0
-1613.44 139051.0
-4416.46 139085.0
-4671.38 139203.0
-9734.19 139423.0
-11479.7 139436.0
-11701.2 139323.0
-11680.1 136591.0
-138929.0 151363.0
-138384.0 150744.0
-86381.0 55465.9
-39807.2 107844.0
-12320.1 139292.0
-12252.2 139436.0
-14070.1 139557.0
-14474.2 139641.0
-14824.8 139913.0
-15604.1 144651.0
-15595.2 146561.0
-11513.1 154986.0
-11309.4 155144.0
-11337.2 157190.0
-11345.0 156862.0
-8467.38 156974.0
-8431.76 158249.0
-7630.26 158292.0
-7594.63 159229.0
-6993.51 159282.0
-7003.53 161048.0
-7218.37 161041.0
-6764.19 160930.0
-6102.95 160903.0
-4170.45 162299.0
-4076.94 162324.0
-4034.64 162992.0
-3469.13 162936.0
-3483.61 162244.0
-2980.44 162155.0
-2175.6 162139.0
-1836.08 162094.0
-1282.82 162134.0
-1270.57 163686.0
-569.261 163749.0
-572.601 164659.0
-144.021 170439.0
2399.63 174800.0
1433.38 175341.0
2427.46 174767.0
1890.9 173612.0
451.539 171479.0
368.049 171879.0
503.859 172630.0
631.876 175174.0
601.82 175201.0
666.385 175159.0
376.955 171830.0
434.841 171363.0
-227.51 170138.0
-364.433 167865.0
-407.848 166607.0
-533.639 164726.0
97.5427 163424.0
1125.02 161943.0
1286.43 162043.0
1266.4 162157.0
1241.91 161999.0
1088.29 161898.0
1211.85 161622.0
1948.79 161611.0
1973.28 160914.0
2468.65 160865.0
2466.42 159835.0
3030.81 159779.0
3086.47 156045.0
4384.46 156072.0
4366.65 156390.0
4289.83 156402.0
4381.12 156422.0
4351.06 159728.0
4233.06 160429.0
4005.97 160810.0
2485.35 160910.0
2635.63 160952.0
2633.4 161426.0
2569.95 161453.0
2630.06 161426.0
2631.17 160914.0
2970.7 160863.0
2457.52 160821.0
2441.93 159797.0
1959.92 159763.0
1934.31 157976.0
1314.26 157938.0
1278.64 156094.0
1351.0 153307.0
1177.34 153322.0
1367.7 152848.0
1578.09 152777.0
1728.37 152750.0
1745.07 152688.0
3056.41 152688.0
2869.4 152683.0
3097.6 152528.0
3100.94 151501.0
3137.68 151058.0
4361.08 151078.0
1650.45 123711.0
5430.86 149221.0
7462.44 149304.0
7077.27 149255.0
7067.26 149043.0
6958.16 149066.0
6869.11 149159.0
6780.05 149054.0
6855.75 149099.0
7061.69 149088.0
7021.61 149319.0
3861.25 149364.0
1445.62 146993.0
581.782 146959.0
590.688 145579.0
1267.51 148429.0
1260.83 153523.0
1128.36 161687.0
464.897 162807.0
-513.601 163668.0
-7092.58 164054.0
-7443.24 163980.0
-7396.49 163497.0
-7216.15 163535.0
-7407.62 163468.0
-7333.03 163352.0
-7073.66 163468.0
-7088.13 165819.0
-7741.58 165534.0
-7852.9 166443.0
-7975.35 167277.0
-7958.65 167767.0
-7921.91 166919.0
-7816.16 166565.0
-7114.85 166719.0
-7018.0 164127.0
-3285.46 164080.0
-3091.76 164071.0
-2927.01 163960.0
-2407.15 163853.0
-2420.5 166707.0
-1945.17 166587.0
-1999.72 166707.0
-1958.53 166721.0
-1973.0 166621.0
-2151.11 166603.0
-2429.41 165795.0
-2398.24 163847.0
-2019.75 163769.0
-2039.79 163134.0
-1836.08 163074.0
-1760.38 162880.0
-1800.45 162110.0
-1223.82 162101.0
-2214.56 162079.0
-3809.77 162224.0
-4877.33 162273.0
-4062.47 162299.0
-4029.07 163887.0
-4040.2 162992.0
-3908.85 162992.0
-4043.54 162947.0
-4043.54 164027.0
-5442.83 163994.0
-5537.45 163775.0
-5550.81 162224.0
-4076.94 162273.0
-4025.73 163001.0
-3837.6 162936.0
-3819.79 162557.0
-3847.62 162985.0
-4040.2 162996.0
-4017.94 164771.0
-4437.61 164771.0
-4440.95 164138.0
-4026.84 164114.0
-4059.13 160781.0
-3928.88 160747.0
-3606.06 160970.0
-3124.04 160992.0
-3169.68 161133.0
-3116.25 160796.0
-3012.72 160874.0
-3780.83 160799.0
-3909.96 160703.0
-7006.87 162255.0
-6940.08 162110.0
-6893.32 161030.0
-6676.25 161026.0
-6581.63 160943.0
-3892.15 160776.0
-3494.74 160988.0
-736.24 160892.0
-436.791 159193.0
-703.958 154814.0
-823.07 154487.0
-772.976 153935.0
-675.015 153797.0
7665.04 152766.0
8859.5 152476.0
8809.41 153129.0
8196.04 153100.0
8817.2 153144.0
8887.33 152439.0
10262.1 152516.0
10595.0 152637.0
10718.5 152427.0
9865.83 144221.0
6108.8 133367.0
6816.79 133289.0
6885.81 133993.0
6707.69 134460.0
6683.2 134737.0
6796.75 134837.0
6713.26 134770.0
7378.95 136547.0
7403.44 136863.0
7525.89 137214.0
6557.41 138321.0
6201.19 138546.0
5892.84 138517.0
5919.55 139212.0
6097.66 138533.0
6184.49 138535.0
383778.0 -142442.0
6229.02 138566.0
5903.97 138517.0
5881.7 140191.0
5748.12 140098.0
5474.27 140124.0
5377.43 140238.0
5190.41 140115.0
4973.34 140503.0
3047.51 142398.0
1776.24 143203.0
676.404 143700.0
223.334 143800.0
137.618 143816.0
22.9586 143889.0
-587.072 143074.0
-652.751 142640.0
-1129.2 142769.0
-1154.8 141251.0
-973.351 141229.0
-819.73 141338.0
-475.753 141861.0
-608.223 142130.0
-758.504 142253.0
-1761.49 142351.0
-1711.4 141255.0
-2047.58 141278.0
-2011.96 143415.0
-2142.21 143404.0
1718.35 134892.0
2224.86 133904.0
2975.15 132655.0
3190.0 132528.0
3153.26 132145.0
3098.72 132194.0
3167.73 132205.0
3215.6 132568.0
3599.65 132824.0
3729.9 133303.0
3631.94 133837.0
3613.01 133971.0
4403.38 134928.0
5302.84 134937.0
6507.32 134832.0
6738.86 134765.0
6793.41 134832.0
6672.07 134725.0
5490.97 134892.0
4401.15 134903.0
4269.8 134643.0
4266.46 134603.0
4225.27 134714.0
3683.14 135600.0
674.178 141073.0
476.029 141222.0
-572.601 142954.0
-622.694 142963.0
-626.034 142662.0
-1607.87 144412.0
-739.58 142551.0
4299.85 141805.0
-658.317 142273.0
-670.562 142224.0
-745.146 142246.0
-1541.08 145379.0
-1507.68 146548.0
-1466.5 146180.0
-1493.21 145225.0
-1227.16 145325.0
-1199.33 146336.0
-1029.01 146358.0
-715.09 146376.0
-639.392 145913.0
-12491.6 145868.0
-695.052 145953.0
-754.051 145848.0
-748.485 146009.0
-653.864 146013.0
-592.638 145374.0
1267.51 145303.0
1316.49 145212.0
1241.91 142709.0
1152.85 142495.0
648.574 141801.0
646.348 141373.0
2258.25 138488.0
2355.1 138555.0
2313.91 138724.0
2252.69 138722.0
-559.242 135148.0
-636.053 134659.0
384.747 130535.0
585.122 130491.0
916.854 130506.0
969.174 130402.0
1378.83 130353.0
1386.62 129362.0
1428.92 129678.0
3108.73 129741.0
3181.09 131775.0
3685.37 131949.0
3432.67 131800.0
3162.17 131827.0
3145.47 132535.0
2686.83 132677.0
2402.97 132323.0
2724.68 132800.0
2709.1 132973.0
2486.46 133467.0
3482.77 134732.0
3557.35 134583.0
3479.43 134759.0
3677.58 135095.0
3459.39 135534.0
3581.84 135774.0
665.272 141084.0
537.255 141155.0
158.768 141674.0
292.352 141471.0
1189.59 142654.0
1267.51 142941.0
1236.34 146995.0
349.125 146999.0
30.751 146950.0
59.694 145359.0
1283.1 145296.0
1283.1 142910.0
1210.74 142613.0
648.574 141730.0
651.914 141360.0
2273.84 138488.0
2364.01 138561.0
2312.8 138728.0
-1381.89 134659.0
-6962.34 134877.0
-7095.92 130094.0
-7154.92 130041.0
-8353.83 130001.0
-8423.96 128369.0
-8411.72 129271.0
-8376.1 129990.0
-8322.66 130079.0
-5581.98 130157.0
-5543.02 131136.0
-4869.53 131085.0
-5307.02 131070.0
-5088.83 131132.0
-5042.08 132123.0
-4978.63 132334.0
-4989.76 132546.0
-3697.34 132517.0
-3687.32 137689.0
-4747.08 137700.0
-4738.18 137292.0
-4491.05 135997.0
-4760.44 135990.0
-4710.35 131764.0
-4754.87 131297.0
-4727.04 131047.0
-4891.8 131103.0
-5223.53 131125.0
-5089.95 131132.0
-5088.83 132027.0
-4975.29 132261.0
-4994.21 132550.0
-4619.06 132477.0
-4594.57 132332.0
-4399.76 132334.0
-4237.24 132488.0
-4204.96 132345.0
-3798.64 132512.0
-2876.91 132557.0
-2888.05 133690.0
-2268.0 133659.0
-2364.84 133568.0
-2921.44 133690.0
-2934.8 133957.0
-3175.25 133993.0
-3218.66 134681.0
-9327.88 135066.0
-10738.3 135070.0
-10791.7 132624.0
-10288.6 132572.0
-10293.0 132468.0
-10051.5 132477.0
-10060.4 132590.0
-10817.3 132590.0
-10861.9 132094.0
-10791.7 135233.0
-9001.71 135173.0
-9008.39 136273.0
-9483.73 136317.0
-9411.37 136340.0
-9409.14 137793.0
-9446.99 137442.0
-10780.6 137508.0
-10828.5 137678.0
-12904.6 139541.0
-13856.4 129990.0
-10674.8 139497.0
-7265.13 139392.0
-7218.37 140498.0
-6192.01 140461.0
-6124.1 143582.0
-7771.63 143549.0
-7841.76 143108.0
-7953.08 143163.0
-7902.99 143760.0
-7832.86 143887.0
-7927.48 145764.0
-8244.74 145813.0
-8190.19 147195.0
-8593.17 147204.0
-8682.23 143765.0
-2874.69 143511.0
-2760.03 141316.0
-1682.46 141307.0
-1730.32 142391.0
-13519.1 142346.0
-1216.03 142308.0
-1164.82 142217.0
-1149.24 141222.0
-734.014 141215.0
-641.619 141093.0
-303.208 141556.0
-457.942 141839.0
-843.107 141238.0
-730.674 141193.0
-391.15 140454.0
-1613.44 139029.0
-1986.36 138944.0
-2019.75 138746.0
-865.371 135026.0
-1014.54 134737.0
-7866.25 134921.0
-8017.65 134632.0
-9274.45 130863.0
-8019.87 143586.0
-9116.37 143894.0
-10477.8 144746.0
-10565.8 144980.0
-10571.3 146116.0
-10871.9 146165.0
-11089.0 146327.0
-11231.4 146338.0
-11217.0 146922.0
-11240.3 146271.0
-11771.3 146182.0
-11985.1 146069.0
-12001.8 145893.0
-15125.4 145437.0
-15953.6 144813.0
-16014.8 144822.0
-17448.6 143849.0
-17971.8 144016.0
-19053.9 144101.0
-19610.5 144090.0
-19649.4 145336.0
-20246.1 145278.0
-20161.5 144050.0
-19446.8 144065.0
-19326.6 142420.0
-19146.3 142636.0
-18971.5 142458.0
-18430.5 142317.0
-18442.7 141233.0
-18049.8 141238.0
-17960.7 141734.0
-16337.7 141117.0
-15352.5 140425.0
-14217.0 139603.0
-1546.65 139089.0
-1326.23 139296.0
1217.42 142731.0
1278.64 143041.0
1208.51 157838.0
1269.74 157635.0
1403.32 157602.0
1388.85 157274.0
1492.38 156818.0
1300.91 156929.0
1260.83 142743.0
1163.98 142513.0
965.835 142576.0
570.65 143186.0
364.709 142965.0
192.164 143241.0
-107.285 142787.0
373.615 141941.0
624.084 141923.0
1047.1 142418.0
1731.71 141229.0
2466.42 139746.0
2670.14 139512.0
3264.58 138484.0
3629.71 138702.0
4427.87 138606.0
4436.78 136620.0
5987.46 136529.0
5998.59 134903.0
6744.43 134761.0
6796.75 134843.0
6722.17 134792.0
7450.2 136798.0
7531.46 137219.0
6195.62 138555.0
5897.29 138546.0
5928.46 139868.0
5872.8 138499.0
5499.88 138455.0
5503.22 137633.0
5514.35 138094.0
5891.72 138089.0
5911.76 139396.0
5863.89 138644.0
5802.67 138602.0
5781.52 138477.0
4483.53 138435.0
4433.44 138383.0
4367.76 134888.0
4323.23 134754.0
5886.16 131844.0
5797.1 131671.0
5516.58 131760.0
5234.94 131644.0
3718.77 129106.0
3182.21 128861.0
2302.78 128692.0
1902.03 128681.0
1913.16 127663.0
1963.26 127652.0
1854.16 127735.0
6977.09 129589.0
6980.43 129482.0
6649.81 129551.0
6627.54 129326.0
6693.22 129578.0
6977.09 129500.0
7175.24 129616.0
7147.41 129767.0
6034.21 131856.0
6414.92 132105.0
7086.18 132116.0
7132.93 133407.0
6716.6 134449.0
6672.07 134716.0
6585.24 134772.0
5440.88 134939.0
5433.09 135295.0
5152.56 135304.0
4846.43 135707.0
4692.81 135723.0
4839.75 135734.0
4857.56 136106.0
4990.03 136119.0
5030.11 136609.0
5488.75 136598.0
5522.14 138495.0
5895.06 138550.0
5942.93 140349.0
6058.7 140904.0
6554.07 142023.0
6771.15 142765.0
6943.69 144544.0
7453.53 144613.0
7492.5 149221.0
7589.34 150784.0
6375.96 150978.0
6337.0 151564.0
6362.6 150936.0
4451.25 150980.0
4333.25 142168.0
4008.2 141182.0
2149.16 138479.0
3613.01 135685.0
2030.05 133508.0
1946.56 132846.0
1765.11 132935.0
1731.71 133067.0
1726.15 133069.0
1757.32 132911.0
2090.16 132802.0
2390.72 132328.0
2530.99 132495.0
2388.5 133129.0
3627.48 133964.0
3777.77 134171.0
3498.35 134806.0
3679.8 135088.0
3460.5 135527.0
-7727.1 169693.0
3744.37 135901.0
4228.61 136562.0
4228.61 136691.0
2731.36 139318.0
2503.16 139013.0
2368.46 138461.0
2107.97 138154.0
1923.18 138239.0
-1262.78 134714.0
-2407.15 134683.0
-16227.5 135518.0
-17118.0 135729.0
-17512.1 136141.0
-19120.7 138477.0
-19439.0 138933.0
-19478.0 148509.0
-19394.5 158804.0
-19544.8 156833.0
-18437.2 156880.0
-18413.8 157524.0
-18281.3 157457.0
-18246.8 157386.0
-18339.2 157403.0
-18302.5 157526.0
-18437.2 157470.0
-18374.8 156800.0
-16808.5 156840.0
-16791.9 157913.0
-16552.5 157924.0
-16522.5 158038.0
-16393.3 157909.0
-16432.3 156299.0
-16721.7 156450.0
-17246.0 156402.0
-17228.2 155208.0
-15283.5 155177.0
-10546.8 154937.0
-9937.91 154674.0
-7346.39 154480.0
-7349.73 154097.0
-6514.84 154073.0
-6505.93 152443.0
-6608.34 149486.0
-6524.85 149364.0
-5286.98 149275.0
-5095.51 149121.0
-2682.11 149081.0
-2698.8 146403.0
-2103.24 146383.0
-2108.81 146436.0
-2053.15 145356.0
-1760.38 145452.0
-1788.21 145735.0
-1777.08 144522.0
-1418.63 144484.0
-1023.44 143571.0
-1098.03 143431.0
-1136.99 141545.0
-856.465 141594.0
-900.993 141783.0
-1126.97 141774.0
-978.917 141507.0
-962.219 141271.0
-908.786 141260.0
-77.2289 142268.0
542.821 141115.0
414.803 141166.0
271.201 141340.0
-4.87128 140933.0
171.014 140605.0
-4.87128 140937.0
-1600.08 139022.0
-2014.19 138869.0
-1983.02 138546.0
-850.899 135162.0
-973.351 134794.0
-1045.71 134721.0
-1554.44 134625.0
-3669.51 134694.0
-3697.34 132499.0
-4157.09 132483.0
-4193.82 132132.0
-4192.71 132383.0
-4137.05 132421.0
-4190.48 132523.0
-4702.55 132506.0
-4754.87 131014.0
-4741.52 130135.0
-7110.39 130072.0
-9489.29 130306.0
-10499.0 127596.0
-10415.5 127035.0
-10960.9 126477.0
-12091.9 123596.0
-12656.3 123994.0
-12965.8 124201.0
-13981.0 124313.0
-14097.9 124228.0
-14136.9 123251.0
-14134.7 123362.0
-14122.4 123228.0
-13015.9 123195.0
-13274.2 122402.0
-12931.3 122320.0
-12146.5 123571.0
-12088.6 123478.0
-12077.5 123544.0
-11481.9 123311.0
-11248.1 123395.0
-11151.3 124313.0
-10338.7 123883.0
-10630.3 124090.0
-10294.1 125499.0
-11166.9 125633.0
-11292.7 125775.0
-10981.0 126706.0
-11058.9 127078.0
-11006.6 127258.0
-10539.0 127741.0
-8122.29 134182.0
-7688.14 137720.0
-7799.46 139218.0
-8051.04 139301.0
-12925.7 139445.0
-14484.2 139668.0
-15719.8 140576.0
-15806.7 140939.0
-15586.3 150577.0
-15598.5 157570.0
-15673.1 157987.0
-15641.9 158049.0
-15405.9 157820.0
-15533.9 157337.0
-15036.3 157212.0
-15530.6 157301.0
-15497.2 155322.0
-15400.4 155219.0
-15533.9 154569.0
-15550.6 153552.0
-15491.6 153463.0
-15517.2 153193.0
-15344.7 152884.0
-15503.9 152543.0
-15647.5 152939.0
-15536.2 148242.0
-14240.4 148197.0
-13866.4 148235.0
-13828.5 149275.0
-12867.8 149420.0
-12873.4 151975.0
-12743.2 152960.0
-12720.9 153000.0
-11869.3 152955.0
-11823.7 152670.0
-11996.2 153819.0
-12378.0 153806.0
-12665.2 153723.0
-12782.1 153351.0
-12826.7 153204.0
-12899.0 153249.0
-12837.8 153819.0
-12910.1 153908.0
-13491.2 153928.0
-13500.1 155934.0
-13446.7 155215.0
-12185.4 155104.0
-8732.32 154629.0
-8459.59 154665.0
-8423.96 155522.0
-8492.98 153612.0
-9536.05 153652.0
-9586.14 153719.0
-9669.63 153616.0
-9689.67 152481.0
-9703.03 152906.0
-10127.2 152862.0
-10081.5 152113.0
-10127.2 152125.0
-10059.2 151842.0
-10192.8 151826.0
-9709.7 151864.0
-9680.76 154217.0
-9708.59 154496.0
-9714.16 154629.0
-11192.5 154952.0
-11244.8 154736.0
-11290.4 154888.0
-11337.2 154709.0
-11373.9 154841.0
-11396.2 154781.0
-11417.3 156624.0
-11869.3 156784.0
-12075.2 156802.0
-11877.1 156847.0
-12144.3 156718.0
-11975.1 156778.0
-11990.6 157158.0
-12146.5 157201.0
-12331.3 157107.0
-12333.5 157913.0
-13541.3 157958.0
-15610.8 146378.0
-13678.2 157982.0
-13789.6 157969.0
-13761.7 158477.0
-13730.6 159612.0
-12670.8 159590.0
-12678.6 161422.0
-12726.5 161522.0
-10029.2 161531.0
-7973.12 161133.0
-7934.16 161654.0
-7836.2 161665.0
-7847.33 161108.0
-5350.43 160903.0
-5396.07 160992.0
-5556.37 160999.0
-5550.81 159728.0
-5468.43 159619.0
-5481.79 159015.0
-5528.54 158788.0
-5706.66 158759.0
-5710.0 157548.0
-4945.23 157196.0
-4198.28 157114.0
-4207.18 155164.0
-3797.53 155186.0
-3734.07 155059.0
-3594.92 155199.0
-3542.6 155210.0
-3357.81 157637.0
-3297.7 157991.0
-3219.78 162195.0
-3847.62 162266.0
-3837.6 162978.0
-4045.77 162936.0
-4071.37 160503.0
-3210.87 160431.0
-3268.76 158127.0
-3480.27 156680.0
-3535.93 156021.0
-3875.45 156039.0
-3862.09 155449.0
-3730.73 155411.0
-3691.77 155137.0
-3559.3 155148.0
-3539.27 155130.0
-3472.47 156101.0
-2581.92 155972.0
-787.447 155965.0
-730.674 156194.0
-675.015 156228.0
-569.261 158265.0
-641.619 158216.0
-650.524 158009.0
315.729 157958.0
2357.33 158038.0
2352.88 158911.0
2700.19 158851.0
2696.85 158695.0
3000.75 158826.0
3009.66 159067.0
3026.36 156094.0
3047.51 156956.0
3100.94 152042.0
3100.94 152592.0
3204.47 152661.0
3142.13 152726.0
7735.17 152737.0
9969.36 152461.0
10442.5 152859.0
14134.9 152227.0
14096.0 151379.0
14329.7 150110.0
14578.0 150116.0
14622.5 150290.0
14909.7 150468.0
15093.4 150283.0
14873.0 150466.0
14674.8 150379.0
14581.3 150076.0
14836.2 149141.0
12680.0 149077.0
11533.4 149152.0
11574.6 149905.0
11848.4 149876.0
11557.9 149867.0
11518.9 149121.0
8728.14 149253.0
8733.71 149426.0
8722.58 149197.0
7878.78 149126.0
7859.85 148725.0
7509.19 148754.0
7451.31 144550.0
7161.88 144461.0
7160.76 143911.0
6381.53 141518.0
5964.08 140503.0
5934.02 140049.0
6093.21 140944.0
6549.62 141941.0
6774.49 142654.0
7189.71 142662.0
7161.88 142598.0
7033.86 142607.0
6403.79 141578.0
5936.25 139245.0
5959.63 139185.0
5902.85 139367.0
5902.85 140213.0
5739.21 140102.0
5463.14 140164.0
5362.95 140280.0
5212.67 140180.0
5015.64 140483.0
4431.21 139641.0
4425.64 137649.0
4477.96 137682.0
4383.34 134984.0
4405.61 135026.0
4369.98 134861.0
4238.63 134650.0
7631.65 128142.0
8847.25 124464.0
6974.86 124591.0
6954.82 124219.0
6997.12 124635.0
8828.33 124468.0
5252.75 132617.0
4194.1 134610.0
3034.15 133185.0
2744.72 133786.0
3482.77 134737.0
3615.24 134460.0
3493.9 134748.0
3670.9 135155.0
2234.88 138101.0
2060.11 138176.0
1870.86 138143.0
-1277.25 134688.0
-2231.26 134621.0
-2912.54 134636.0
-2802.33 134543.0
-2912.54 132521.0
-3678.41 132535.0
-4084.73 134739.0
-10766.1 135160.0
-10747.2 141173.0
-10468.9 144001.0
-10550.2 145129.0
-10426.6 154565.0
-10561.3 154810.0
-11179.1 154965.0
-11309.4 155233.0
-11272.6 159412.0
-11105.7 159427.0
-11131.3 158247.0
-10166.1 158236.0
-10140.5 156896.0
-8459.59 156911.0
-8395.02 155244.0
-8429.53 153329.0
-8244.74 153311.0
-8209.12 152939.0
-4466.56 152744.0
-1543.31 152683.0
-1588.95 152917.0
-1856.11 143615.0
-1669.1 143520.0
-570.374 143464.0
-444.583 143337.0
2297.22 138488.0
2362.89 138555.0
2286.08 138733.0
579.556 136429.0
752.101 135879.0
799.969 134754.0
1128.36 134670.0
1139.49 135099.0
926.873 135126.0
919.08 135066.0
941.344 135177.0
1177.34 135066.0
1128.36 134661.0
1451.19 134503.0
2965.13 136509.0
4378.89 152505.0
4336.59 152977.0
4500.23 153084.0
4980.02 152750.0
9921.49 152454.0
10473.6 152877.0
10607.2 152855.0
10848.8 152554.0
14021.4 152272.0
16818.8 152459.0
16834.4 151731.0
16919.0 151597.0
17778.4 151586.0
20798.5 150417.0
21563.3 149411.0
21843.8 149460.0
29698.5 149210.0
35102.0 146639.0
36383.2 145608.0
39170.7 144766.0
38860.1 142907.0
39797.4 142698.0
40512.1 142674.0
40604.5 144684.0
44253.5 144123.0
53202.5 142041.0
61961.1 138666.0
69850.3 135084.0
72845.9 134320.0
72082.3 128465.0
71242.9 125953.0
70991.4 123449.0
70291.2 121915.0
72845.9 113114.0
73902.4 109797.0
73842.3 105911.0
74395.5 98390.7
74410.0 96137.6
74846.4 96093.1
74870.8 95247.0
75277.2 95207.0
75295.0 93494.9
78625.7 93503.8
78934.0 90044.0
79174.5 89674.4
79407.1 89531.9
79410.5 89235.8
79368.2 89084.4
82332.6 88512.2
82763.4 88316.3
83682.9 87347.8
84650.3 87459.1
84717.1 90333.4
85057.7 90890.0
85035.4 91161.6
84965.3 91179.4
85057.7 91139.4
85057.7 90794.3
84683.7 89741.2
84651.4 87481.4
83798.7 87670.6
83621.7 87599.4
83509.2 87648.4
82553.0 88623.5
81820.5 88835.0
81627.9 89073.3
81662.4 89224.7
81609.0 89053.2
79886.9 89585.3
79397.1 89547.5
79410.5 89264.7
79407.1 89919.3
79605.3 89941.6
79663.1 89859.2
79557.4 89932.7
79109.9 89970.5
78918.4 90075.1
78668.0 95529.8
78280.6 95977.3
77632.7 96275.6
76792.2 97406.6
76079.8 98782.6
74393.3 98831.5
74386.6 99822.3
74108.3 99822.3
74150.6 99699.8
73591.8 98871.6
74401.1 98802.6
74369.9 97177.3
74367.7 98793.7
73547.3 98842.7
73574.0 100940.0
73577.3 98838.2
74397.7 98782.6
74384.4 97210.7
74412.2 98034.5
74857.5 97963.2
74885.3 97235.2
75099.0 97005.9
75872.7 97046.0
75978.5 97112.8
76168.8 97005.9
77180.7 96950.2
77833.1 96088.6
78684.7 95525.3
78625.7 93670.8
78942.9 90037.3
79162.2 89687.7
79401.5 89551.9
79408.2 89242.5
79407.1 89291.5
79404.9 89240.2
79040.9 89235.8
78911.7 89431.7
78926.2 89674.4
79029.7 89885.9
78917.3 90088.5
78594.5 94775.0
78651.3 95563.2
78352.9 95937.2
77770.7 96130.9
76618.6 97636.0
76112.1 98791.5
76006.3 98804.8
76093.1 98847.1
75661.2 99877.9
75612.2 99788.9
71987.7 99849.0
71846.3 99744.4
71642.6 99871.3
69137.9 99911.3
62369.7 100835.0
61488.0 100909.0
55896.4 98482.0
51215.5 98012.2
44892.5 98156.9
43474.3 98337.3
42734.0 98626.7
36049.3 100486.0
34383.9 101710.0
34005.5 102294.0
32398.0 104415.0
31702.3 104798.0
30421.0 104916.0
27921.8 104268.0
27710.3 104386.0
27329.6 104805.0
26330.0 106263.0
25902.5 106439.0
24975.2 106439.0
18170.3 105996.0
15353.9 105940.0
15312.7 106290.0
15192.5 106401.0
15405.1 107443.0
15448.5 109068.0
15162.4 109122.0
15365.0 112250.0
14625.8 112441.0
14814.0 114022.0
15112.3 114283.0
15209.2 114349.0
15388.4 115155.0
15474.1 120628.0
15195.8 121218.0
15040.0 121441.0
15214.7 120200.0
13568.3 124039.0
7180.8 129500.0
3915.8 135289.0
4245.31 134739.0
4411.17 134937.0
6455.0 134855.0
6699.9 134739.0
6782.28 134810.0
6654.26 134737.0
6284.68 134895.0
4386.68 134959.0
4377.78 138294.0
4054.95 137931.0
3627.48 138780.0
3532.86 139492.0
3604.11 139100.0
3521.73 139512.0
3243.43 139980.0
2964.02 139659.0
2942.87 139741.0
4097.25 141478.0
4356.63 142484.0
4373.32 152336.0
4333.25 152481.0
4199.67 152617.0
3626.37 152659.0
3582.96 152737.0
3471.64 152692.0
3431.56 152850.0
3223.39 152844.0
3117.64 152617.0
3119.87 152082.0
3186.66 152058.0
3097.6 152027.0
3187.77 147028.0
3362.54 147048.0
3215.6 147066.0
3215.6 147351.0
3349.18 147489.0
3162.17 147529.0
3195.56 147022.0
3338.05 147044.0
3184.43 147122.0
3254.56 147527.0
3393.71 147505.0
3555.13 147574.0
4400.04 147534.0
4372.21 152194.0
4069.42 153011.0
3818.95 153244.0
-692.826 153772.0
-839.767 154106.0
-826.409 155916.0
-2407.15 155927.0
-3442.42 155999.0
-3492.51 155248.0
-3403.46 155121.0
-3091.76 155170.0
-3047.23 155215.0
-2843.52 155121.0
-2604.18 155055.0
-2542.96 155215.0
-2567.45 155901.0
-2693.24 155783.0
-2774.5 155932.0
-3884.36 156027.0
-3864.32 155500.0
-3737.41 155453.0
-3708.47 155155.0
-3552.62 155066.0
-3380.08 157626.0
-3279.89 160454.0
-3965.62 160536.0
-3990.11 160676.0
-9255.52 161211.0
-9285.58 161088.0
-9500.42 161099.0
-9575.01 161015.0
-9659.61 157170.0
-9656.27 152436.0
-9283.35 152414.0
-9238.82 151898.0
-8582.04 151931.0
-8624.34 151920.0
-8806.9 151969.0
-8782.41 152372.0
-10471.1 152614.0
-10496.7 154685.0
-10697.1 154847.0
-10427.7 155861.0
-10427.7 156836.0
-11357.2 156740.0
-11335.0 156506.0
-11262.6 161255.0
-11073.4 161522.0
-10938.7 161556.0
-4365.26 175660.0
-3722.94 175624.0
-3368.95 178340.0
-3494.74 176993.0
-3090.65 176978.0
-3513.66 176933.0
-3564.87 176154.0
-1115.84 175682.0
-1164.82 175286.0
-1103.59 175715.0
-764.07 175687.0
666.385 175148.0
437.067 171361.0
-218.605 170165.0
-366.66 167856.0
-392.263 166632.0
-519.167 165227.0
-520.281 163742.0
45.2225 163479.0
916.854 162183.0
1217.42 161631.0
1959.92 161620.0
1935.43 160874.0
1197.38 160888.0
1147.29 161493.0
1071.59 161816.0
97.5427 163352.0
-264.246 163608.0
-2496.2 163780.0
-3687.32 164047.0
-4042.43 163987.0
-4015.71 162989.0
-3832.04 162936.0
-3859.87 162878.0
-3828.7 162981.0
-3750.77 162947.0
-4045.77 163012.0
-4048.0 164042.0
-7059.19 164060.0
-7071.43 164160.0
-5550.81 163515.0
-5899.24 163782.0
-7031.36 165779.0
-7093.7 166707.0
-7014.66 164132.0
-6602.78 164069.0
-6416.87 163771.0
-6240.99 163259.0
-5947.11 163301.0
-5589.77 164005.0
-5479.56 163947.0
-585.959 157412.0
-587.072 158258.0
-652.751 158194.0
-650.524 157971.0
64.1468 157987.0
104.222 159801.0
329.087 159783.0
80.8447 159795.0
119.807 157964.0
1228.55 157960.0
1345.43 153538.0
4623.79 152799.0
4709.51 152570.0
4642.72 152410.0
4442.34 142480.0
5607.86 142524.0
5624.56 142562.0
6562.98 142068.0
5975.21 140543.0
5915.1 138501.0
6621.98 138288.0
7551.5 137159.0
7431.27 136780.0
7111.78 135563.0
6727.73 134761.0
6787.84 134821.0
6724.39 134794.0
7127.37 135618.0
7397.87 136832.0
7523.67 137230.0
6326.98 138490.0
4403.38 138450.0
4372.21 138646.0
4328.8 138688.0
4403.38 138691.0
4470.17 139793.0
5045.69 140481.0
5221.58 140149.0
5394.12 140265.0
5466.48 140138.0
5778.18 140124.0
5925.12 140171.0
5903.97 138550.0
6176.7 138544.0
6171.13 138524.0
5903.97 138466.0
5895.06 137459.0
5853.87 138056.0
5505.44 138078.0
5457.58 136569.0
4411.17 136587.0
-18591.9 139690.0
-19293.2 139701.0
-19338.8 138891.0
-17875.0 136987.0
-17545.5 136317.0
-17234.9 135968.0
-16619.3 135741.0
-15619.7 135583.0
-14930.6 135545.0
-9759.8 131942.0
-10810.7 132043.0
-8952.73 131965.0
-8038.8 134781.0
-7756.05 138717.0
-7841.76 139479.0
-7964.21 139445.0
-5756.75 139267.0
-3708.47 139180.0
-3653.92 139218.0
-3135.18 139145.0
-2340.35 139062.0
-1532.17 139145.0
-641.619 140220.0
1033.74 142442.0
4280.93 136624.0
4364.42 136609.0
4295.4 136598.0
4052.72 136235.0
4133.99 136057.0
4158.48 135834.0
4225.27 135707.0
4206.35 135445.0
4152.91 135284.0
4233.06 135266.0
4386.68 135340.0
4451.25 138410.0
4514.7 138461.0
5891.72 138521.0
5917.33 139708.0
5911.76 139619.0
5837.18 139557.0
5837.18 139541.0
5906.19 139592.0
5878.36 138490.0
5118.05 138472.0
5897.29 138468.0
5908.42 137448.0
5869.46 138499.0
4492.44 138446.0
4427.87 138350.0
4423.42 136731.0
4238.63 136558.0
4427.87 136629.0
4305.42 136551.0
3655.31 135701.0
4770.73 133675.0
8096.96 126735.0
6655.37 126933.0
6666.51 126991.0
6685.43 126978.0
6579.68 127169.0
6587.47 126978.0
8080.26 126744.0
7390.08 128792.0
7049.44 129522.0
7233.12 129649.0
6026.42 131900.0
6431.62 132121.0
7083.95 132127.0
7111.78 133463.0
6713.26 134427.0
6724.39 134772.0
6796.75 134839.0
6670.96 134728.0
6601.94 134783.0
6691.0 134750.0
7116.24 135629.0
7518.1 137219.0
6540.71 138334.0
6193.4 138550.0
5892.84 138517.0
5911.76 139352.0
5928.46 139263.0
5908.42 140309.0
5624.56 140176.0
5468.71 140171.0
5346.26 140269.0
5218.24 140158.0
4945.51 140654.0
4622.68 141240.0
4217.48 141551.0
4161.82 141672.0
4345.49 152454.0
4216.36 152614.0
2909.47 152650.0
-1688.02 152570.0
-1657.97 152305.0
-1613.44 153334.0
-2337.01 153394.0
-2345.92 152688.0
-1026.78 152695.0
-1020.11 152962.0
-903.22 153000.0
-834.201 152632.0
-722.882 152606.0
-730.674 152570.0
-722.882 153260.0
-713.976 152160.0
-948.861 152160.0
-970.011 152343.0
-1689.14 152543.0
-1643.49 152316.0
-1615.66 154298.0
-1760.38 154324.0
-1593.4 154324.0
-1448.69 154585.0
-1301.74 154681.0
-1240.52 155776.0
-1282.82 155867.0
-1680.23 155887.0
-1678.0 155932.0
-2481.73 155927.0
-4132.6 156068.0
-5465.09 156299.0
-5763.43 156433.0
-8395.02 156874.0
-10405.5 156840.0
-10396.5 155389.0
-9719.72 155422.0
-9678.54 155420.0
-9642.91 154703.0
-9058.49 154625.0
-8462.93 154663.0
-8495.21 156862.0
-9133.07 156914.0
-9130.84 156840.0
-9514.9 156900.0
-10800.6 156769.0
-10847.4 154269.0
-10905.3 153908.0
-10756.1 150711.0
-10825.1 148981.0
-10845.2 149233.0
-12901.2 149366.0
-15472.7 149110.0
-15606.3 149008.0
-15628.6 149266.0
-15541.7 155259.0
-15759.9 140737.0
-15597.4 140481.0
-14223.7 139574.0
-3645.02 139178.0
-12480.4 93247.7
-11156.9 94596.9
-10989.9 95129.0
-10711.6 91355.3
-10340.9 81002.6
-11092.3 90823.2
-11184.7 101069.0
-10165.0 104725.0
-7125.98 102594.0
-7187.2 102801.0
-6797.59 102817.0
-6656.21 102890.0
-6168.63 102839.0
-7418.75 100920.0
-7064.75 101058.0
-7012.43 101185.0
-6759.74 101258.0
-6500.36 101733.0
-6018.35 101911.0
-9767.59 90709.7
1939.88 131922.0
2535.44 131887.0
2402.97 132334.0
2755.85 132857.0
4217.48 134676.0
7069.48 129467.0
8863.95 124495.0
10262.1 119822.0
11646.9 117796.0
12023.2 114142.0
13442.5 114367.0
13562.7 114510.0
13455.9 114717.0
13553.8 114483.0
13423.6 114354.0
13114.1 114272.0
13136.4 113299.0
13088.5 114316.0
11992.0 114145.0
11728.2 117384.0
11997.6 114167.0
12904.9 106452.0
13050.7 106183.0
13379.1 106049.0
17930.9 106001.0
24432.0 106361.0
24858.3 106452.0
25573.0 106464.0
26297.7 106301.0
26676.2 105927.0
27805.0 104346.0
28223.5 104204.0
32172.0 104587.0
33249.6 103558.0
33934.2 102445.0
34904.9 101196.0
37958.4 99510.6
40490.9 99009.6
41383.7 98905.0
45068.4 98136.9
52788.4 98136.9
61892.1 100958.0
69580.9 99915.8
71731.6 99895.7
71913.1 99993.7
75644.5 99811.1
76675.3 97566.9
77843.1 96081.9
78419.7 95852.6
78683.5 95498.6
78948.5 90026.2
79157.8 89692.2
79404.9 89543.0
79368.2 89224.7
79410.5 89240.2
79368.2 89603.1
79141.1 89703.3
78909.5 90126.3
78609.0 95073.4
78647.9 95563.2
78216.0 95999.6
77768.5 96126.5
76146.6 98720.2
75616.7 99811.1
71974.3 99849.0
71843.0 99737.7
71757.2 99866.8
71879.7 100219.0
72625.5 98401.8
72617.7 98557.7
72471.9 98557.7
72486.4 98827.1
72753.5 98824.9
72723.5 98564.4
72677.9 98631.2
72739.1 98631.2
72723.5 98813.7
72453.0 98780.3
72467.5 98526.5
72614.4 98493.1
72623.3 98067.9
73519.4 98052.3
73594.0 100635.0
74556.9 100613.0
74562.5 100717.0
74565.8 100590.0
74922.1 100697.0
74874.2 99844.5
81922.9 99784.4
82029.8 94768.4
81617.9 89064.4
80126.2 89576.4
79388.2 89543.0
79401.5 89235.8
79357.0 89235.8
79408.2 89324.8
79404.9 89565.3
81639.1 89102.2
81662.4 89209.1
81616.8 89042.1
79869.1 89574.2
79396.0 89551.9
79407.1 89242.5
79352.6 89097.8
79295.8 89186.8
79076.5 89298.1
78917.3 89409.4
78926.2 89658.8
79056.5 89836.9
78892.8 90097.4
78074.6 90349.0
78050.1 90939.0
78066.8 90865.5
78119.1 91818.4
78024.5 91856.3
78022.3 91952.0
78033.4 91822.9
78759.2 91845.1
78629.0 95247.0
78647.9 95569.9
78222.7 96004.0
77749.6 96148.7
76590.7 97691.6
76434.9 97990.0
75189.2 98018.9
76491.7 97963.2
77809.7 96108.7
78338.4 95948.4
78673.5 95536.5
78942.9 90019.5
79154.4 89687.7
79396.0 89569.7
79399.3 89229.1
79384.8 89580.9
79135.5 89698.9
78911.7 90115.2
78606.7 95124.6
78651.3 95569.9
78255.0 95992.9
77710.6 96193.3
76874.6 97302.0
76491.7 97934.3
75653.4 99793.3
74859.7 99866.8
74968.8 101481.0
75199.2 101476.0
75238.2 101131.0
74972.1 100973.0
74831.9 99815.6
73575.1 99800.0
73518.3 98804.8
72456.3 98787.0
72477.5 98524.3
72611.1 98513.2
72603.3 98315.0
72516.4 98364.0
72503.1 98315.0
72603.3 98292.7
72622.2 98067.9
76482.8 97958.8
77080.5 97050.4
77863.1 96070.8
78673.5 95520.9
78690.2 92660.0
78918.4 90075.1
79174.5 89685.5
79402.7 89554.2
79371.5 89246.9
91950.6 212088.0
109625.0 367653.0
82677.7 135155.0
81885.1 36566.1
83278.8 19823.6
79379.3 89042.1
