3.29897e+07 1.11514e+07 3.29898e+07 1.11518e+07
3.29898e+07 1.11518e+07 3.29898e+07 1.11517e+07
3.29898e+07 1.11517e+07 3.29899e+07 1.11519e+07
3.29899e+07 1.11519e+07 3.29979e+07 1.11435e+07
3.29979e+07 1.11435e+07 3.30019e+07 1.11368e+07
3.30019e+07 1.11368e+07 3.29951e+07 1.11392e+07
3.29951e+07 1.11392e+07 3.29952e+07 1.11436e+07
3.29952e+07 1.11436e+07 3.29981e+07 1.1147e+07
3.29981e+07 1.1147e+07 3.29898e+07 1.11518e+07
3.29898e+07 1.11518e+07 3.29899e+07 1.11528e+07
3.29899e+07 1.11528e+07 3.29907e+07 1.11523e+07
3.29907e+07 1.11523e+07 3.3004e+07 1.11354e+07
3.3004e+07 1.11354e+07 3.3015e+07 1.11216e+07
3.3015e+07 1.11216e+07 3.30115e+07 1.11261e+07
3.30115e+07 1.11261e+07 3.30055e+07 1.11329e+07
3.30055e+07 1.11329e+07 3.30018e+07 1.11411e+07
3.30018e+07 1.11411e+07 3.30013e+07 1.11474e+07
3.30013e+07 1.11474e+07 3.30013e+07 1.11515e+07
3.30013e+07 1.11515e+07 3.29955e+07 1.11491e+07
3.29955e+07 1.11491e+07 3.29924e+07 1.1144e+07
3.29924e+07 1.1144e+07 3.29923e+07 1.11389e+07
3.29923e+07 1.11389e+07 3.29914e+07 1.11328e+07
3.29914e+07 1.11328e+07 3.29932e+07 1.11374e+07
3.29932e+07 1.11374e+07 3.29926e+07 1.11393e+07
3.29926e+07 1.11393e+07 3.29877e+07 1.11394e+07
3.29877e+07 1.11394e+07 3.29831e+07 1.11405e+07
3.29831e+07 1.11405e+07 3.29836e+07 1.11408e+07
3.29836e+07 1.11408e+07 3.29844e+07 1.11509e+07
3.29844e+07 1.11509e+07 3.29757e+07 1.11576e+07
3.29757e+07 1.11576e+07 3.29743e+07 1.11547e+07
3.29743e+07 1.11547e+07 3.299e+07 1.1151e+07
3.299e+07 1.1151e+07 3.29895e+07 1.11467e+07
3.29895e+07 1.11467e+07 3.29865e+07 1.1146e+07
3.29865e+07 1.1146e+07 3.29915e+07 1.11529e+07
3.29915e+07 1.11529e+07 3.29897e+07 1.11514e+07
3.29897e+07 1.11514e+07 3.29844e+07 1.11475e+07
3.29844e+07 1.11475e+07 3.29904e+07 1.11504e+07
3.29904e+07 1.11504e+07 3.29903e+07 1.11518e+07
3.29903e+07 1.11518e+07 3.29889e+07 1.11529e+07
3.29889e+07 1.11529e+07 3.2984e+07 1.11584e+07
3.2984e+07 1.11584e+07 3.29889e+07 1.11529e+07
3.29889e+07 1.11529e+07 3.29964e+07 1.1152e+07
3.29964e+07 1.1152e+07 3.29941e+07 1.11482e+07
3.29941e+07 1.11482e+07 3.29917e+07 1.11416e+07
3.29917e+07 1.11416e+07 3.29903e+07 1.11432e+07
3.29903e+07 1.11432e+07 3.29895e+07 1.11429e+07
3.29895e+07 1.11429e+07 3.29888e+07 1.11457e+07
3.29888e+07 1.11457e+07 3.29895e+07 1.11456e+07
3.29895e+07 1.11456e+07 3.29959e+07 1.11452e+07
3.29959e+07 1.11452e+07 3.29974e+07 1.1147e+07
3.29974e+07 1.1147e+07 3.29941e+07 1.11454e+07
3.29941e+07 1.11454e+07 3.29902e+07 1.11416e+07
3.29902e+07 1.11416e+07 3.29871e+07 1.11395e+07
3.29871e+07 1.11395e+07 3.29864e+07 1.11418e+07
3.29864e+07 1.11418e+07 3.29836e+07 1.11403e+07
3.29836e+07 1.11403e+07 3.29854e+07 1.11426e+07
3.29854e+07 1.11426e+07 3.29835e+07 1.11471e+07
3.29835e+07 1.11471e+07 3.29804e+07 1.11526e+07
3.29804e+07 1.11526e+07 3.2976e+07 1.11536e+07
3.2976e+07 1.11536e+07 3.29797e+07 1.11552e+07
3.29797e+07 1.11552e+07 3.29897e+07 1.11529e+07
3.29897e+07 1.11529e+07 3.29899e+07 1.11522e+07
3.29899e+07 1.11522e+07 3.29892e+07 1.11495e+07
3.29892e+07 1.11495e+07 3.29898e+07 1.11518e+07
3.29898e+07 1.11518e+07 3.29898e+07 1.11517e+07
3.29898e+07 1.11517e+07 3.29898e+07 1.11518e+07
3.29898e+07 1.11518e+07 3.29897e+07 1.11516e+07
3.29897e+07 1.11516e+07 3.29903e+07 1.11546e+07
3.29903e+07 1.11546e+07 3.29965e+07 1.1156e+07
3.29965e+07 1.1156e+07 3.29973e+07 1.11454e+07
3.29973e+07 1.11454e+07 3.29974e+07 1.11559e+07
3.29974e+07 1.11559e+07 3.29915e+07 1.11545e+07
3.29915e+07 1.11545e+07 3.29848e+07 1.11614e+07
3.29848e+07 1.11614e+07 3.29902e+07 1.11518e+07
3.29902e+07 1.11518e+07 3.29899e+07 1.1152e+07
3.29899e+07 1.1152e+07 3.29896e+07 1.11487e+07
3.29896e+07 1.11487e+07 3.29896e+07 1.11503e+07
3.29896e+07 1.11503e+07 3.29901e+07 1.11517e+07
3.29901e+07 1.11517e+07 3.29871e+07 1.11518e+07
3.29871e+07 1.11518e+07 3.29843e+07 1.11618e+07
3.29843e+07 1.11618e+07 3.29827e+07 1.11548e+07
3.29827e+07 1.11548e+07 3.29827e+07 1.11526e+07
3.29827e+07 1.11526e+07 3.29828e+07 1.11503e+07
3.29828e+07 1.11503e+07 3.29827e+07 1.11592e+07
3.29827e+07 1.11592e+07 3.29833e+07 1.11619e+07
3.29833e+07 1.11619e+07 3.29807e+07 1.1159e+07
3.29807e+07 1.1159e+07 3.29781e+07 1.11552e+07
3.29781e+07 1.11552e+07 3.29754e+07 1.11536e+07
3.29754e+07 1.11536e+07 3.29817e+07 1.11528e+07
3.29817e+07 1.11528e+07 3.29882e+07 1.11514e+07
3.29882e+07 1.11514e+07 3.29899e+07 1.11527e+07
3.29899e+07 1.11527e+07 3.2989e+07 1.11504e+07
3.2989e+07 1.11504e+07 3.29803e+07 1.11528e+07
3.29803e+07 1.11528e+07 3.29745e+07 1.11534e+07
3.29745e+07 1.11534e+07 3.29757e+07 1.11506e+07
3.29757e+07 1.11506e+07 3.29812e+07 1.11528e+07
3.29812e+07 1.11528e+07 3.29872e+07 1.11522e+07
3.29872e+07 1.11522e+07 3.29899e+07 1.11529e+07
3.29899e+07 1.11529e+07 3.29896e+07 1.11498e+07
3.29896e+07 1.11498e+07 3.29903e+07 1.1156e+07
3.29903e+07 1.1156e+07 3.29953e+07 1.11634e+07
3.29953e+07 1.11634e+07 3.29916e+07 1.11556e+07
3.29916e+07 1.11556e+07 3.29781e+07 1.11551e+07
3.29781e+07 1.11551e+07 3.29879e+07 1.11551e+07
3.29879e+07 1.11551e+07 3.29896e+07 1.11502e+07
3.29896e+07 1.11502e+07 3.29885e+07 1.11353e+07
3.29885e+07 1.11353e+07 3.29972e+07 1.11416e+07
3.29972e+07 1.11416e+07 3.29964e+07 1.11391e+07
3.29964e+07 1.11391e+07 3.29895e+07 1.11444e+07
3.29895e+07 1.11444e+07 3.29866e+07 1.11529e+07
3.29866e+07 1.11529e+07 3.29957e+07 1.11527e+07
3.29957e+07 1.11527e+07 3.29902e+07 1.11518e+07
3.29902e+07 1.11518e+07 3.29902e+07 1.11518e+07
3.29902e+07 1.11518e+07 3.29899e+07 1.11516e+07
3.29899e+07 1.11516e+07 3.29888e+07 1.1155e+07
3.29888e+07 1.1155e+07 3.29847e+07 1.1153e+07
3.29847e+07 1.1153e+07 3.29895e+07 1.11514e+07
3.29895e+07 1.11514e+07 3.29977e+07 1.11435e+07
3.29977e+07 1.11435e+07 3.30128e+07 1.1125e+07
3.30128e+07 1.1125e+07 3.30155e+07 1.11206e+07
3.30155e+07 1.11206e+07 3.30154e+07 1.11172e+07
3.30154e+07 1.11172e+07 3.30153e+07 1.11143e+07
3.30153e+07 1.11143e+07 3.30097e+07 1.11211e+07
3.30097e+07 1.11211e+07 3.30044e+07 1.11343e+07
3.30044e+07 1.11343e+07 3.29991e+07 1.11399e+07
3.29991e+07 1.11399e+07 3.29917e+07 1.11393e+07
3.29917e+07 1.11393e+07 3.29872e+07 1.11494e+07
3.29872e+07 1.11494e+07 3.29827e+07 1.11527e+07
3.29827e+07 1.11527e+07 3.29766e+07 1.11528e+07
3.29766e+07 1.11528e+07 3.29777e+07 1.11552e+07
3.29777e+07 1.11552e+07 3.29911e+07 1.11545e+07
3.29911e+07 1.11545e+07 3.29857e+07 1.11549e+07
3.29857e+07 1.11549e+07 3.29783e+07 1.11528e+07
3.29783e+07 1.11528e+07 3.29728e+07 1.11536e+07
3.29728e+07 1.11536e+07 3.29719e+07 1.11486e+07
3.29719e+07 1.11486e+07 3.2973e+07 1.11528e+07
3.2973e+07 1.11528e+07 3.2974e+07 1.11548e+07
3.2974e+07 1.11548e+07 3.29827e+07 1.11563e+07
3.29827e+07 1.11563e+07 3.29743e+07 1.11551e+07
3.29743e+07 1.11551e+07 3.29776e+07 1.11536e+07
3.29776e+07 1.11536e+07 3.29828e+07 1.11528e+07
3.29828e+07 1.11528e+07 3.29875e+07 1.11514e+07
3.29875e+07 1.11514e+07 3.29884e+07 1.11687e+07
3.29884e+07 1.11687e+07 3.29882e+07 1.11529e+07
3.29882e+07 1.11529e+07 3.29865e+07 1.11493e+07
3.29865e+07 1.11493e+07 3.29844e+07 1.11493e+07
3.29844e+07 1.11493e+07 3.29935e+07 1.11471e+07
3.29935e+07 1.11471e+07 3.29996e+07 1.1147e+07
3.29996e+07 1.1147e+07 3.29909e+07 1.11428e+07
3.29909e+07 1.11428e+07 3.29885e+07 1.1138e+07
3.29885e+07 1.1138e+07 3.29962e+07 1.11436e+07
3.29962e+07 1.11436e+07 3.29974e+07 1.11454e+07
3.29974e+07 1.11454e+07 3.2997e+07 1.11489e+07
3.2997e+07 1.11489e+07 3.29963e+07 1.11466e+07
3.29963e+07 1.11466e+07 3.29972e+07 1.11409e+07
3.29972e+07 1.11409e+07 3.29852e+07 1.11377e+07
3.29852e+07 1.11377e+07 3.29843e+07 1.11429e+07
3.29843e+07 1.11429e+07 3.29871e+07 1.11482e+07
3.29871e+07 1.11482e+07 3.29892e+07 1.11481e+07
3.29892e+07 1.11481e+07 3.29902e+07 1.11519e+07
3.29902e+07 1.11519e+07 3.29899e+07 1.11529e+07
3.29899e+07 1.11529e+07 3.29864e+07 1.11528e+07
3.29864e+07 1.11528e+07 3.29856e+07 1.11569e+07
3.29856e+07 1.11569e+07 3.29845e+07 1.11577e+07
3.29845e+07 1.11577e+07 3.298e+07 1.11528e+07
3.298e+07 1.11528e+07 3.29742e+07 1.11546e+07
3.29742e+07 1.11546e+07 3.29747e+07 1.11661e+07
