3983.71 137831.0
4047.16 137934.0
3620.8 138735.0
3505.03 139523.0
3242.32 139982.0
2959.57 139670.0
2937.3 139748.0
4132.87 141560.0
4372.21 142609.0
4383.34 148925.0
4333.25 149489.0
4367.76 149515.0
4450.13 149489.0
4498.0 149437.0
7144.07 149331.0
7177.46 149364.0
7879.89 149288.0
7893.25 149898.0
7887.68 149322.0
7843.15 150401.0
7887.68 150722.0
7372.27 150829.0
5856.1 150967.0
4561.45 151045.0
4501.34 151023.0
3633.05 151058.0
3203.36 151034.0
3139.9 151078.0
3123.21 151034.0
3086.47 151096.0
3064.21 151486.0
2374.03 151490.0
2090.16 151463.0
1772.9 151508.0
1761.77 151735.0
1884.22 151746.0
1873.09 151993.0
1785.15 151998.0
1776.24 151523.0
2641.19 151515.0
2633.4 151615.0
2881.64 151490.0
2878.3 151735.0
2819.3 152024.0
2833.78 152238.0
2716.89 152147.0
2627.83 152292.0
2594.44 152287.0
2546.57 152376.0
2485.35 152131.0
2430.8 152303.0
2386.27 152583.0
2290.54 152632.0
2080.14 152632.0
2048.97 152677.0
1512.41 152626.0
1528.0 152773.0
1447.85 152828.0
1412.23 152922.0
1438.94 152165.0
1506.85 152058.0
1548.04 152459.0
1707.22 152737.0
1711.68 152955.0
1534.68 153256.0
1470.11 153300.0
1377.72 153084.0
1366.58 153211.0
1277.53 153396.0
1300.91 153327.0
1238.57 152810.0
1349.89 152565.0
815.553 152610.0
759.894 152577.0
45.2225 152655.0
-1504.34 152603.0
-1273.91 152661.0
-1270.57 153182.0
-1001.18 153106.0
-1026.78 152862.0
-1010.09 152666.0
-734.014 152632.0
-669.449 152761.0
4611.55 152726.0
4648.28 152844.0
4594.85 152933.0
4509.13 152933.0
4450.13 152810.0
4434.55 142495.0
4917.68 142509.0
4951.07 142451.0
4952.19 142168.0
5065.73 142113.0
5275.01 142135.0
4941.05 142184.0
4915.45 141939.0
4929.92 142469.0
4420.08 142487.0
4197.44 141674.0
4164.04 141734.0
4364.42 152398.0
4255.33 152581.0
4082.78 152637.0
3103.17 152588.0
3100.94 152298.0
3076.45 152247.0
3095.38 151497.0
3078.68 151468.0
2368.46 151479.0
2329.5 151508.0
1989.97 151541.0
1328.74 151535.0
1299.79 151247.0
1319.83 151100.0
1288.66 150967.0
1330.96 151074.0
1316.49 149956.0
1286.43 147906.0
1261.94 142832.0
-1463.16 139134.0
-1696.93 139018.0
-3085.08 139085.0
-3129.61 139111.0
-3255.4 139096.0
-3658.38 139118.0
-3669.51 139140.0
-10635.9 139207.0
-10686.0 137466.0
-10732.7 137433.0
-10853.0 137430.0
-10847.4 137375.0
-10794.0 137337.0
-10788.4 137288.0
-10756.1 137286.0
-10766.1 137219.0
-10752.8 137426.0
-10828.5 138043.0
-10771.7 141529.0
-10942.0 141583.0
-11390.6 141567.0
-11481.9 141549.0
-11507.5 141583.0
-11904.9 141589.0
-14084.6 141839.0
-14122.4 141934.0
-13889.8 145530.0
-13903.1 145782.0
-15016.3 145501.0
-15408.1 145189.0
-15426.0 145147.0
-15570.7 145089.0
-15748.8 144913.0
-15598.5 146182.0
-15584.0 152316.0
-15609.6 153084.0
-15797.8 153066.0
-15847.9 152982.0
-15828.9 152882.0
-14874.9 152844.0
-13505.7 152893.0
-13489.0 153126.0
-13485.7 152870.0
-12458.2 152926.0
-12417.0 152955.0
-12060.8 152915.0
-12018.5 152870.0
-11790.3 152837.0
-11387.3 152960.0
-11067.8 152928.0
-10504.5 152948.0
-10388.8 154273.0
-10326.4 154209.0
-10388.8 153507.0
-10413.2 152138.0
-10396.5 151463.0
-10448.9 149909.0
-10424.4 149820.0
-10476.7 149177.0
-10526.8 145000.0
-10443.3 144205.0
-10615.8 139635.0
-10376.5 139470.0
-8957.18 139501.0
-8334.91 139441.0
-8272.57 139659.0
-8214.68 140225.0
-8194.65 140138.0
-8131.19 140570.0
-8138.99 140737.0
-7945.29 140772.0
-7888.52 140884.0
-7961.99 141578.0
-8331.57 141627.0
-8346.04 141852.0
-8479.62 142035.0
-8495.21 142173.0
-8756.81 142106.0
-8815.81 141616.0
-8851.43 141551.0
-9264.43 141594.0
-9174.26 141739.0
-8986.13 141618.0
-8813.58 141418.0
-8818.04 141440.0
-7938.61 141567.0
-7805.03 141618.0
-7778.31 141649.0
-7772.75 141930.0
-7705.95 141946.0
-7610.22 143188.0
-7576.82 143166.0
-7560.13 143500.0
-3611.62 143386.0
-2793.42 143321.0
-2752.24 144544.0
-2255.75 144577.0
-2268.0 144762.0
-2266.88 144595.0
-2417.16 145263.0
-2398.24 145390.0
-1900.64 145385.0
-1860.57 145412.0
-1702.49 145368.0
-1281.71 145390.0
1225.21 145330.0
1303.13 145270.0
1342.09 143533.0
1867.52 143130.0
2015.58 143077.0
1957.69 141583.0
1898.69 141596.0
1945.45 141641.0
1957.69 141551.0
1918.73 141378.0
1756.2 141155.0
1278.64 142039.0
1288.66 142084.0
1234.11 142108.0
1156.19 142072.0
927.986 141794.0
896.817 141716.0
796.629 141894.0
694.215 141734.0
772.139 141456.0
626.31 141772.0
315.729 141340.0
432.614 141137.0
464.897 141184.0
-77.2289 142208.0
-597.091 143043.0
-600.431 143085.0
2.92109 143932.0
6.26067 148391.0
8.48706 149293.0
53.0149 149388.0
-18.2296 152561.0
41.8829 152637.0
1191.81 152672.0
1245.25 155008.0
1197.38 155927.0
896.817 155905.0
902.383 155132.0
627.423 155088.0
615.178 154743.0
14.053 154729.0
14.053 154836.0
28.5246 154736.0
187.711 154732.0
19.619 154707.0
-554484.0 2205780.0
11.8266 154669.0
-238.642 154669.0
14.053 154685.0
50.7885 154729.0
620.744 154741.0
599.594 155092.0
496.066 155115.0
624.084 155137.0
615.178 155938.0
-597.091 155898.0
-658.317 155003.0
-809.711 154810.0
-1157.03 154603.0
-1296.18 154291.0
-3386.76 154246.0
-2813.46 153445.0
-2667.63 153449.0
-2522.92 153452.0
-2422.73 153418.0
-1619.0 153383.0
-1583.38 153507.0
-1538.85 154409.0
-1468.72 154520.0
-787.447 154870.0
-730.674 154981.0
-697.279 155159.0
-469.074 159423.0
-591.525 159897.0
-720.656 160788.0
-878.729 161030.0
-1023.44 161064.0
-2935.91 160888.0
-3648.36 160926.0
-3951.15 160654.0
-3990.11 160487.0
-5512.96 160574.0
-5604.24 159095.0
-5687.73 158895.0
-5741.16 158183.0
-6068.44 158192.0
-6079.58 158227.0
-6116.31 158220.0
-6107.41 158283.0
-6118.54 157853.0
-6108.52 157582.0
-5730.03 157570.0
-4980.85 157212.0
-4259.5 157156.0
-3652.81 157203.0
-3503.64 157352.0
-3433.51 157357.0
-3458.0 156128.0
-3294.36 156061.0
-2634.24 155979.0
-2551.86 155954.0
-2500.65 155838.0
-2539.62 154587.0
-2613.09 154402.0
-3283.23 154387.0
-3416.81 154309.0
-3392.32 154224.0
-2826.82 153449.0
-2657.61 153445.0
-2412.71 153427.0
-1604.53 153400.0
-1565.57 154306.0
-1452.02 154529.0
-937.729 154785.0
-828.636 154843.0
-737.354 154981.0
-703.958 155393.0
-691.713 156172.0
-756.278 156199.0
-786.334 156105.0
-780.768 155945.0
-608.223 155972.0
-594.865 156210.0
-624.921 156235.0
-658.317 156110.0
-708.41 154807.0
-820.843 154507.0
-823.07 154117.0
-767.41 153935.0
-675.015 153801.0
-563.695 153728.0
4648.28 152784.0
4706.17 152626.0
4672.77 152461.0
4475.74 152243.0
3598.54 140516.0
-592.638 135055.0
-622.694 134883.0
-608.223 134460.0
1161.76 126510.0
2524.31 124573.0
2672.36 124435.0
3501.69 122447.0
3704.29 108701.0
3899.1 106205.0
3938.07 106174.0
4013.76 106239.0
3997.06 106368.0
3889.08 106386.0
3008.55 105929.0
2672.36 105862.0
-4198.28 106323.0
-3119.59 106123.0
-3108.46 106090.0
-2982.67 106101.0
-1919.57 105918.0
2858.27 105894.0
4578.15 106597.0
5321.77 106368.0
11570.1 104720.0
13075.2 104736.0
13937.9 104703.0
14477.8 105039.0
14959.8 105689.0
15104.5 106049.0
15084.5 106190.0
15040.0 106219.0
14958.7 106145.0
14981.0 106005.0
15026.6 105974.0
17953.2 105996.0
19921.3 106052.0
24368.5 106334.0
24911.8 106450.0
25624.2 106452.0
26296.6 106290.0
26684.0 105916.0
27869.5 104308.0
30705.9 104954.0
30805.0 103825.0
30691.5 103747.0
30677.0 103696.0
30594.6 103678.0
30576.8 103607.0
30429.9 103600.0
30426.5 103736.0
30771.6 103808.0
30800.6 103852.0
30685.9 104927.0
30643.6 104798.0
30619.1 104792.0
30566.8 104916.0
27944.1 104237.0
27513.3 104549.0
26108.5 106368.0
24838.3 106417.0
18797.0 105974.0
15405.1 105874.0
13340.1 105967.0
13228.8 105711.0
13173.1 105678.0
13058.5 105738.0
12370.5 109411.0
11600.2 117818.0
10951.2 119040.0
10091.8 120031.0
5800.44 119154.0
5672.42 119248.0
3963.67 119199.0
3841.22 119109.0
3195.56 119187.0
3304.66 122235.0
3303.54 123121.0
3103.17 123126.0
3325.81 123133.0
3833.42 126394.0
3796.69 126494.0
3919.14 127356.0
3449.37 127425.0
3326.92 123126.0
3267.92 123095.0
1136.15 123282.0
145.41 123239.0
-653.864 123072.0
-664.996 123482.0
-608.223 123593.0
-447.923 123716.0
-466.847 123823.0
-664.996 124230.0
-904.333 124228.0
-917.691 124439.0
-1435.33 124402.0
-1482.08 124041.0
-1710.29 123600.0
-2433.86 123021.0
-2707.71 123021.0
-2713.27 123593.0
-2760.03 123930.0
-3116.25 123907.0
-3080.63 124517.0
-3132.95 123849.0
-3722.94 123861.0
-4210.52 132016.0
-4171.56 132517.0
-3691.77 132512.0
-3614.96 138933.0
-3502.53 138866.0
-3453.55 139091.0
-1676.89 139036.0
-1541.08 139091.0
-1426.42 139185.0
-1179.29 139497.0
1253.04 143366.0
1258.6 143504.0
1306.47 143411.0
2308.35 142887.0
2346.2 142903.0
2591.1 143909.0
2728.02 146049.0
2722.46 146260.0
2447.5 146648.0
2388.5 146583.0
2401.86 146681.0
2321.71 146592.0
2433.03 146588.0
2502.04 146777.0
2514.29 146966.0
4361.08 146999.0
4444.57 146939.0
4299.85 142030.0
3952.54 141084.0
-617.128 134981.0
-630.487 134594.0
356.917 130562.0
587.348 130497.0
907.949 130529.0
938.005 130428.0
1885.33 130339.0
2162.52 130379.0
2197.03 130279.0
2193.69 129300.0
2123.56 129251.0
2126.9 129222.0
2037.84 129215.0
2006.67 129182.0
2043.41 129081.0
2499.82 129073.0
2503.16 129645.0
1962.14 129685.0
2041.18 129716.0
2221.52 129718.0
2230.42 130297.0
2165.86 130342.0
1940.99 130324.0
1915.39 130406.0
1902.03 131132.0
1433.38 131170.0
1373.26 132034.0
868.987 132076.0
830.025 132165.0
765.46 132900.0
359.143 132918.0
87.5239 133134.0
-191.888 133252.0
-338.83 133679.0
-263.132 133456.0
-177.416 133236.0
364.709 132944.0
1377.72 132924.0
1423.36 134487.0
1286.43 134603.0
774.365 134739.0
571.764 136380.0
-292.076 138321.0
-218.605 138383.0
-102.832 138588.0
-136.228 138802.0
-127.323 139096.0
-79.4553 139147.0
-66.097 139096.0
95.3163 139036.0
187.711 139074.0
310.163 139296.0
86.4107 139603.0
-75.0026 139969.0
-149.587 140024.0
-185.209 139813.0
-185.209 139648.0
-342.169 139470.0
-407.848 140394.0
-1426.42 139062.0
-1199.33 138688.0
-1398.59 139096.0
-1424.19 139118.0
-2033.11 139007.0
-2401.58 138973.0
-2704.37 139025.0
-2835.73 138984.0
-2823.48 138350.0
-2787.86 138294.0
-2762.26 138328.0
-2590.82 138372.0
-2381.54 138366.0
-2414.94 137731.0
-2824.59 137776.0
-2856.88 137686.0
-2890.27 136796.0
-3258.74 136825.0
-3307.72 136673.0
-3611.62 136687.0
-3617.19 136747.0
-3589.36 136718.0
-3422.38 136707.0
-3409.02 136747.0
-3308.83 136696.0
-3297.7 135807.0
-3303.27 135407.0
-3203.08 135226.0
-3219.78 134917.0
-3191.95 134803.0
-2993.8 134803.0
-3007.16 134661.0
-5184.57 134826.0
-6386.82 134888.0
-6494.8 134870.0
-7143.79 134895.0
-7154.92 134665.0
-7098.15 134592.0
-7110.39 134525.0
-7064.75 134347.0
-7107.05 134358.0
-7277.37 134705.0
-7383.13 134725.0
-7610.22 134416.0
-7626.92 134443.0
-7691.48 134383.0
-7777.2 134365.0
-7795.01 132866.0
-7758.27 132811.0
-4580.1 132546.0
-4541.14 132428.0
-4518.88 132446.0
-4312.94 132178.0
-4324.07 132532.0
-4182.69 132528.0
-4196.05 132784.0
-4242.8 132902.0
-4235.01 133196.0
-4218.31 133214.0
-3745.21 133107.0
-3680.64 133318.0
-3147.42 133692.0
-2932.57 133708.0
-2943.71 134570.0
-1783.76 134810.0
-1739.23 135957.0
-1429.76 135841.0
-1437.55 136130.0
-1312.88 136052.0
-1368.54 136135.0
-1415.29 136112.0
-1315.1 136179.0
-1666.87 137241.0
-1793.78 137332.0
-2123.28 137310.0
-2500.65 137221.0
-2857.99 137241.0
-2947.05 134683.0
-3216.44 134659.0
-3171.91 133686.0
-3007.16 133703.0
-2986.01 133675.0
-2915.88 133686.0
-2921.44 134598.0
-2891.39 134770.0
-1902.87 134737.0
-1366.31 134759.0
-1059.07 135104.0
-1020.11 135293.0
-1073.54 135529.0
-2058.72 138539.0
-2114.38 139167.0
-2370.41 139140.0
-2373.75 139100.0
-1543.31 139134.0
-1374.1 139285.0
1028.17 142409.0
1191.81 142685.0
1264.17 149905.0
1245.25 150377.0
1219.64 150317.0
1255.27 150947.0
1372.15 151134.0
1245.25 151724.0
1189.59 151759.0
1206.28 152171.0
1239.68 152280.0
1210.74 152559.0
590.688 152606.0
-136.228 152621.0
-1170.39 152617.0
-3875.45 152688.0
-4010.15 152561.0
-4064.69 152570.0
-4120.35 152343.0
-4001.24 152737.0
-4227.22 152294.0
-4199.39 152361.0
-4165.99 152370.0
-4098.09 152488.0
-3976.75 152514.0
-3889.92 152617.0
-3909.96 152481.0
-3737.41 152370.0
-3648.36 152205.0
-3622.75 152214.0
-3626.09 153149.0
-3795.3 153144.0
-3843.17 152703.0
-3809.77 152737.0
-2656.5 152677.0
-311.0 152643.0
521.67 152688.0
618.518 152744.0
683.083 152870.0
2853.81 152750.0
2869.4 152773.0
2945.1 152748.0
2967.36 152804.0
3002.98 152766.0
2819.3 152695.0
2758.08 153111.0
2575.51 152361.0
2672.36 152336.0
2735.81 151909.0
6264.64 150911.0
6353.7 150951.0
6329.21 150929.0
6000.82 150974.0
5262.77 150969.0
5249.41 150873.0
5154.79 150873.0
5026.77 150951.0
4444.57 151029.0
4384.46 151112.0
4342.15 152194.0
4197.44 152505.0
4089.46 152594.0
3581.84 151891.0
3284.62 152617.0
3195.56 152621.0
3156.6 152759.0
3420.43 152715.0
4122.86 152788.0
4214.14 152895.0
4345.49 153273.0
4347.72 153418.0
4442.34 153783.0
4372.21 154102.0
4440.12 154306.0
4375.55 157012.0
4366.65 157459.0
-10591.4 145143.0
4327.68 157492.0
4284.27 157481.0
4338.82 157535.0
4381.12 157548.0
4383.34 159730.0
4043.82 163308.0
2775.89 163713.0
2685.72 163697.0
2703.53 163791.0
2978.49 164365.0
2931.74 164376.0
2926.17 164539.0
2883.87 164539.0
2958.45 164528.0
2970.7 164414.0
3008.55 164425.0
2828.21 163976.0
2603.34 163642.0
2012.24 163379.0
1739.51 163203.0
983.646 162065.0
1072.7 161921.0
1067.14 161967.0
1221.87 161415.0
1219.64 159806.0
1292.0 156005.0
2123.56 156039.0
4375.55 156061.0
4353.29 157987.0
3036.38 157938.0
3037.49 156194.0
2975.15 155999.0
2627.83 155965.0
2510.95 155979.0
2549.91 156021.0
3019.68 156005.0
3050.85 155909.0
3104.28 151953.0
3093.15 151515.0
3070.89 151557.0
3067.55 151915.0
2850.47 151913.0
2822.64 152298.0
2596.67 152294.0
2572.17 152205.0
2577.74 152280.0
2475.33 152303.0
2474.21 152214.0
2485.35 152254.0
2204.82 152283.0
2188.12 151909.0
2809.29 151904.0
2836.0 151893.0
2856.04 151920.0
2839.34 151604.0
2831.55 151537.0
2869.4 151479.0
1625.96 151497.0
1323.17 151448.0
1303.13 150539.0
1145.06 149331.0
705.347 149286.0
681.97 149264.0
696.442 149159.0
681.97 149299.0
551.726 149288.0
579.556 149319.0
1303.13 149259.0
1264.17 142836.0
-958.879 139681.0
-886.522 139448.0
-728.448 139234.0
-647.185 139169.0
-652.751 139011.0
-283.17 138321.0
453.765 136718.0
520.557 136473.0
-589.299 135073.0
-622.694 134881.0
-617.128 134505.0
1139.49 126539.0
2505.38 124591.0
2672.36 124397.0
3566.26 122149.0
3527.3 111989.0
3596.31 111845.0
3585.18 111322.0
3755.5 111210.0
4639.38 111132.0
8140.38 110620.0
8285.09 110743.0
8347.43 110714.0
8466.54 110493.0
11294.1 109581.0
12368.3 109485.0
12403.9 109402.0
12698.9 107154.0
13055.1 106190.0
13249.9 106116.0
15271.5 105945.0
19895.7 106049.0
24399.7 106308.0
24376.3 105404.0
24221.6 105428.0
24175.9 105733.0
24307.3 105796.0
24281.7 105767.0
24273.9 105671.0
24198.2 105660.0
24238.3 105406.0
24404.2 105444.0
24422.0 106334.0
24939.6 106446.0
25615.3 106450.0
26277.7 106308.0
26656.1 105952.0
27897.4 104253.0
27424.3 102768.0
27471.0 102732.0
28175.7 102567.0
28161.2 102917.0
28255.8 102995.0
28259.1 102739.0
28309.2 102545.0
30832.9 102389.0
30795.0 103830.0
30660.3 103774.0
30802.8 103852.0
30693.7 104925.0
30643.6 104798.0
30589.1 104849.0
30544.5 104921.0
27777.1 104331.0
27379.7 104725.0
26266.5 106297.0
25832.4 106430.0
20027.1 106023.0
18054.5 105974.0
13344.6 105996.0
13231.0 105729.0
13177.6 105693.0
13066.3 105744.0
13013.9 105916.0
13013.9 106205.0
12531.9 107844.0
11702.6 117411.0
11508.9 118123.0
10739.7 119321.0
10088.5 120053.0
7941.11 119163.0
5791.53 119185.0
5711.38 119263.0
3969.23 119230.0
3899.1 119121.0
3210.04 119192.0
3190.0 119276.0
3259.02 123137.0
2355.1 123237.0
3384.81 123044.0
5853.87 122888.0
6136.63 127013.0
6370.4 127011.0
6377.08 127347.0
6349.25 127358.0
6379.3 127318.0
6432.73 127590.0
6604.17 127568.0
6557.41 126951.0
4926.58 127214.0
4995.6 129039.0
5063.51 130019.0
4815.26 130046.0
4785.21 130086.0
4614.89 130112.0
4617.11 130179.0
4728.43 130364.0
4529.17 130607.0
4152.91 129956.0
3871.27 130261.0
3543.99 129807.0
3293.53 129674.0
1974.39 129651.0
2006.67 129696.0
2477.55 129705.0
2510.95 129707.0
2542.12 129774.0
2566.61 131931.0
2388.5 132267.0
2542.12 132483.0
2518.74 132405.0
4175.18 134683.0
2794.81 137186.0
1962.14 138655.0
1879.77 138633.0
1857.5 138495.0
1932.09 138417.0
1971.05 138432.0
4264.23 142001.0
4416.74 143437.0
4414.51 154752.0
3816.73 166164.0
3521.73 166843.0
1751.75 169063.0
-16.0032 169571.0
-5301.45 169526.0
-5439.49 169459.0
-5607.58 169553.0
-5618.71 169657.0
-5534.11 169809.0
-5429.47 171579.0
-5318.15 175660.0
-5227.98 175698.0
-3719.6 175624.0
-3689.55 176127.0
-3591.59 176459.0
-3619.42 176506.0
-3580.45 176506.0
-3422.38 178187.0
-3719.6 178218.0
-4243.92 178314.0
-4265.07 178291.0
-4242.8 178799.0
-5446.17 178886.0
-5459.53 178574.0
-5728.92 178603.0
-5807.96 177617.0
-5891.45 177530.0
-6116.31 176904.0
-6105.18 176165.0
-5312.58 176110.0
-5284.75 175713.0
-3719.6 175631.0
-3691.77 176127.0
-3583.79 176492.0
-3472.47 177579.0
-3919.98 177586.0
-3537.04 177574.0
-3475.81 177579.0
-3388.98 178351.0
-3676.19 176061.0
-3681.75 175635.0
-3730.73 175571.0
-5266.94 175660.0
-5307.02 173754.0
-5234.66 173745.0
-5373.81 173776.0
-5318.15 175658.0
-5212.4 175693.0
-3717.38 175624.0
-3663.94 176127.0
-3620.53 176176.0
-3007.16 175983.0
-1961.87 175865.0
-1975.23 175593.0
-1949.62 175865.0
-837.541 175713.0
-715.09 175604.0
-524.733 175564.0
-672.788 175604.0
-856.465 173609.0
-1875.04 171808.0
-3611.62 170548.0
-3845.39 170192.0
-4092.52 169657.0
-3887.7 169653.0
-3895.49 169470.0
-4212.75 169174.0
-4251.71 169346.0
-4312.94 169379.0
-4917.4 168469.0
-4763.78 167643.0
-4724.82 167589.0
-4699.21 167409.0
-4081.39 167371.0
-3999.01 167366.0
-834912.0 2699270.0
-3990.11 167371.0
-3960.05 167398.0
-3936.68 167320.0
-3999.01 164673.0
-3962.28 164681.0
-3357.81 165389.0
-3357.81 164528.0
-3414.59 164160.0
-3118.48 164016.0
-3169.68 162266.0
-3191.95 162255.0
-3197.51 161297.0
-3135.18 161144.0
-3124.04 161015.0
-826.409 161037.0
-708.41 160899.0
-516.941 159808.0
635.216 159797.0
638.555 159512.0
690.876 159160.0
651.914 159104.0
660.819 158149.0
702.007 158009.0
1253.04 157938.0
1253.04 154799.0
1222.98 154836.0
1283.1 142970.0
1155.08 142531.0
659.706 141783.0
646.348 141429.0
6275.77 131199.0
8062.45 128347.0
13957.9 123711.0
15067.8 121518.0
-2850.2 138107.0
15616.6 119782.0
15427.3 115095.0
15483.0 114968.0
15552.0 114899.0
15877.1 114810.0
15850.4 114298.0
15752.4 114154.0
15652.2 114223.0
15507.5 114256.0
15471.9 114287.0
15248.1 114345.0
15238.1 114610.0
15312.7 114884.0
15165.7 114946.0
15449.6 118651.0
15431.8 118698.0
15351.7 118742.0
14973.2 118617.0
13507.1 118357.0
12421.7 118034.0
11692.6 117627.0
10787.6 119252.0
10095.1 120045.0
3911.35 119109.0
3693.16 119109.0
3190.0 119192.0
3293.53 123144.0
1156.19 123273.0
214.428 123248.0
178.806 123237.0
727.611 123271.0
2375.14 123222.0
5794.87 130179.0
6036.44 130335.0
6182.27 130402.0
6236.81 130591.0
6276.89 130642.0
6197.85 130513.0
6293.59 130740.0
5169.26 132795.0
4199.67 134643.0
3713.2 133937.0
3761.07 133280.0
4044.93 133414.0
3782.22 134149.0
26.2982 152565.0
-16.0032 152465.0
37.4301 151564.0
137.618 151535.0
-1488.76 151564.0
-1526.61 151107.0
-1588.95 151063.0
-1671.32 151047.0
-1769.29 148732.0
-1788.21 145802.0
-1719.19 145501.0
-1643.49 145481.0
-1594.51 145414.0
-1549.99 145445.0
-1577.82 145826.0
-1524.38 147011.0
-1702.49 146984.0
-1778.19 146933.0
-1841.64 146937.0
-1882.83 147028.0
-1806.02 147126.0
-1749.25 147133.0
-1657.97 147060.0
-1527.72 147055.0
-1522.16 147623.0
-1404.16 148520.0
-1081.33 148558.0
-1067.97 149526.0
-1103.59 149549.0
-1184.86 149482.0
-1188.2 149549.0
-759.617 149500.0
-720.656 149549.0
-689.486 149976.0
-485.771 149978.0
-459.055 150562.0
-416.753 150584.0
-407.848 151537.0
-10.4373 151552.0
-23.7956 152243.0
-47.1727 152303.0
-10.4373 152305.0
8.48706 152621.0
-7361.98 152655.0
47.4489 152666.0
1364.36 152717.0
1345.43 153004.0
1308.7 152939.0
1247.47 143522.0
997.004 143644.0
607.386 143753.0
657.48 143934.0
688.649 143927.0
685.31 143960.0
626.31 144001.0
644.121 144072.0
660.819 143842.0
1333.19 143126.0
1310.93 142796.0
1581.43 142740.0
1600.36 142251.0
1573.64 142050.0
1358.79 141883.0
1056.0 142353.0
-60.531 140906.0
-77.2289 140832.0
-1472.06 139114.0
-1683.57 139022.0
-6859.93 139292.0
-6898.89 139236.0
-10421.0 139381.0
-10589.1 139234.0
-10630.3 139158.0
-10633.7 137827.0
-10535.7 137809.0
-10249.6 137860.0
-10271.9 137833.0
-10582.4 137827.0
-10660.4 137809.0
-10704.9 136402.0
-10101.5 136351.0
-10062.6 136324.0
-8975.0 136313.0
-8949.39 137370.0
-8921.56 137397.0
-8982.79 135761.0
-8949.39 135106.0
-8103.36 135133.0
-8047.7 135070.0
-7858.46 135059.0
-7747.14 135088.0
-7437.67 135044.0
-1527.72 134705.0
-887.635 135193.0
-734.014 135111.0
-656.09 134899.0
360.257 130558.0
668.612 130513.0
919.08 130520.0
939.118 130420.0
1388.85 130346.0
1412.23 130279.0
1406.66 129712.0
1464.55 129685.0
3098.72 129712.0
3125.43 129812.0
3147.7 131771.0
2568.84 131878.0
2045.63 132846.0
1974.39 132911.0
2004.45 133530.0
2207.05 133902.0
1776.24 134737.0
1748.41 134839.0
3329.15 136947.0
30435.4 103589.0
30418.7 103734.0
30702.6 103785.0
30799.5 103841.0
30693.7 104939.0
30619.1 104794.0
30566.8 104914.0
27966.4 104237.0
27541.1 104527.0
26091.8 106386.0
25623.1 106430.0
20052.7 106027.0
15463.0 105896.0
13339.0 106012.0
13206.5 105729.0
13103.0 105718.0
13025.1 105829.0
13005.0 106219.0
12368.3 109389.0
11596.8 117896.0
11162.7 118718.0
10841.0 119221.0
10091.8 120049.0
7874.32 119165.0
5774.84 119192.0
5689.12 119265.0
3955.88 119225.0
3921.37 119154.0
3733.24 119141.0
3176.64 119214.0
3287.96 123126.0
145.41 123251.0
-648.298 123088.0
-669.449 123495.0
-592.638 123629.0
-455.715 123752.0
-644.958 124201.0
-678.354 124230.0
-909.899 124228.0
-926.597 124451.0
-1448.69 124413.0
-1466.5 124106.0
-1666.87 123667.0
-1841.64 123493.0
-2495.09 123015.0
-2709.93 123026.0
-2732.2 123896.0
-2756.69 123918.0
-3116.25 123918.0
-3105.12 124353.0
-3085.08 124531.0
-3136.29 123952.0
-3825.36 123872.0
-3795.3 123883.0
-3600.49 124854.0
-4106.99 124963.0
-4125.92 125107.0
-4134.82 125477.0
-4088.07 125655.0
-3962.28 125782.0
-3981.2 126294.0
-3636.11 126305.0
-3814.22 130152.0
-4227.22 130184.0
-4226.11 130518.0
-4104.77 130339.0
-4131.48 130442.0
-3975.64 130575.0
-3975.64 130513.0
-3965.62 130680.0
-3737.41 130740.0
-3603.83 130729.0
-3700.68 131170.0
-3658.38 131775.0
-3665.06 132350.0
-3700.68 132443.0
-3912.19 134160.0
-4106.99 134750.0
-8128.97 134977.0
-8197.99 134888.0
-8166.82 134770.0
-8122.29 134754.0
-8047.7 134837.0
-7697.05 137263.0
-7923.03 143088.0
-7961.99 143237.0
-7822.84 147218.0
-7861.8 147516.0
-7852.9 148331.0
-8017.65 148351.0
-7841.76 148324.0
-7821.73 148275.0
-7838.42 147405.0
-7797.24 147207.0
-7908.56 145100.0
-7850.67 144566.0
-7833.97 143564.0
-7797.24 143475.0
-7808.37 143130.0
-7864.03 142925.0
-8218.02 133748.0
-10494.5 127596.0
-10424.4 127278.0
-10454.4 126940.0
-10524.6 126846.0
-10939.8 126512.0
-11559.8 124898.0
-11713.5 124362.0
-11153.5 124301.0
-11201.4 123767.0
-11161.3 123752.0
-11212.5 123800.0
-11145.7 124317.0
-10650.4 124063.0
-10301.9 125452.0
-10860.7 125526.0
-11105.7 124642.0
-11261.5 123366.0
-11298.2 123337.0
-11618.8 123322.0
-12051.9 123500.0
-12676.4 124030.0
-12751.0 123890.0
-12578.4 124473.0
-12587.3 125993.0
-12570.6 125386.0
-12277.8 125408.0
-12275.6 125377.0
-12565.0 125352.0
-12567.3 124606.0
-12661.9 124052.0
-12196.6 123689.0
-12110.9 123738.0
-11450.7 125366.0
-10997.7 126646.0
-11077.8 127067.0
-11042.2 127218.0
-10973.2 127307.0
-10914.2 130524.0
-11290.4 130551.0
-11290.4 130602.0
-11261.5 130542.0
-10964.3 130518.0
-8359.4 130039.0
-8400.59 129248.0
-8854.77 129237.0
-9047.35 128721.0
-9057.37 128316.0
-8691.13 128316.0
-8422.85 128402.0
-7051.4 130074.0
-4733.72 130152.0
-4702.55 130079.0
-4639.1 127490.0
-4377.5 124965.0
-3622.75 124954.0
-3597.15 124918.0
-3882.13 123177.0
-3144.08 123026.0
-3140.74 123894.0
-3728.51 123878.0
-3836.49 123923.0
-3619.42 124903.0
-3678.41 131566.0
-3695.11 135839.0
-3508.1 143003.0
-3558.19 143092.0
-3748.55 143148.0
-3789.73 143237.0
-3784.17 143537.0
-3753.0 143589.0
-2843.52 143549.0
-2640.92 143631.0
-2529.6 143493.0
-1919.57 143598.0
-1154.8 143493.0
-1025.67 143366.0
-502.469 143321.0
-381.131 143210.0
2271.61 138472.0
2335.06 138499.0
2362.89 138646.0
2347.31 138688.0
1998.88 138412.0
1121.68 137181.0
1344.32 137252.0
1358.79 137364.0
1492.38 137533.0
1512.41 137604.0
2636.74 135585.0
2650.1 135462.0
3053.08 136028.0
3067.55 136068.0
3234.53 135908.0
3576.28 135284.0
3557.35 134915.0
3384.81 134670.0
3592.97 134926.0
3666.45 135084.0
3468.3 135460.0
3468.3 135438.0
3576.28 135689.0
4236.4 136569.0
4233.06 136676.0
3782.22 137526.0
3988.16 137787.0
3768.86 137520.0
638.555 143132.0
590.688 143259.0
571.764 144199.0
237.805 144310.0
234.466 145301.0
61.9204 145334.0
581.782 145336.0
568.424 146995.0
590.688 147060.0
872.326 147040.0
880.119 147093.0
950.25 147055.0
1143.95 147093.0
1167.32 147022.0
1851.94 147051.0
1868.64 147316.0
1870.86 147886.0
1898.69 147964.0
2132.46 147812.0
2466.42 147663.0
2731.36 147630.0
3117.64 147634.0
3151.04 148251.0
3832.31 148231.0
3861.25 149386.0
7494.72 149331.0
7811.98 149297.0
8134.81 149181.0
11502.2 149164.0
11776.1 149210.0
11845.1 149177.0
14841.8 148985.0
14880.8 149003.0
17458.9 148720.0
17937.6 149132.0
18156.9 149155.0
18713.5 148970.0
18766.9 149255.0
18936.1 149275.0
19192.2 150250.0
19526.1 151296.0
19506.1 151319.0
18922.8 151352.0
18941.7 151296.0
18961.7 151234.0
18939.5 150840.0
19075.3 150789.0
19099.8 150769.0
19097.6 151069.0
-1648780.0 2935560.0
19103.1 151225.0
18922.8 151290.0
18949.5 151434.0
19752.1 151267.0
20951.0 150279.0
21162.5 149887.0
22932.5 149364.0
23252.0 147256.0
23138.5 145748.0
23146.2 145174.0
23071.7 144401.0
22993.7 144043.0
23013.8 143477.0
23224.2 142740.0
23463.5 142291.0
24388.6 140314.0
25368.2 134570.0
25183.4 132339.0
25418.3 128661.0
25225.7 126688.0
25244.6 125230.0
25066.5 124720.0
24199.3 122926.0
23492.4 116914.0
23520.3 110814.0
23547.0 110787.0
24958.5 110827.0
24991.9 106461.0
25472.8 106464.0
26257.6 106330.0
26648.4 105972.0
27744.9 104382.0
27973.1 104264.0
28454.0 104226.0
30702.6 104959.0
30836.2 102879.0
30671.4 102901.0
30716.0 103200.0
30767.2 103151.0
30750.5 103191.0
30691.5 103088.0
30855.1 102906.0
30832.9 103529.0
30847.3 102990.0
30817.3 102895.0
30677.0 102910.0
30733.8 103213.0
30741.6 103184.0
30685.9 102884.0
30849.6 102884.0
30791.7 103825.0
30649.2 103774.0
30661.4 103752.0
30799.5 103808.0
30852.9 103124.0
30828.4 102888.0
30677.0 102917.0
30721.5 103233.0
30732.7 103200.0
30689.3 102899.0
30844.0 102910.0
30844.0 102979.0
30822.8 102387.0
27850.6 102556.0
27491.0 102701.0
25518.5 102645.0
25456.1 102668.0
24546.6 103658.0
24502.1 103596.0
24270.6 102356.0
23633.8 101252.0
23274.3 101726.0
23090.6 101721.0
23016.0 100918.0
22860.2 100891.0
22845.7 100920.0
23500.2 100918.0
24396.4 102828.0
24493.2 103803.0
24518.8 103841.0
24587.8 103779.0
24724.8 103523.0
25478.4 102690.0
27298.5 102757.0
29508.2 102472.0
30832.9 102405.0
30828.4 102895.0
30671.4 102913.0
30721.5 103229.0
30789.4 103324.0
30702.6 103084.0
30691.5 102901.0
30845.1 102913.0
30811.7 104119.0
31127.9 104190.0
31127.9 104137.0
31116.7 104179.0
30797.2 104079.0
30844.0 102901.0
30677.0 102910.0
30730.4 103224.0
30750.5 103246.0
30682.6 102921.0
30717.1 102850.0
30693.7 102906.0
30738.2 103213.0
30702.6 103028.0
30694.8 102884.0
30856.2 102901.0
30791.7 103823.0
30671.4 103763.0
30724.9 103781.0
30799.5 103934.0
30756.0 104647.0
30691.5 104925.0
30643.6 104792.0
30549.0 104921.0
27941.9 104248.0
27535.6 104527.0
26102.9 106379.0
24786.0 106397.0
24433.1 106308.0
18600.0 105989.0
15426.2 105883.0
13367.9 105974.0
13234.4 105704.0
13183.1 105673.0
13075.2 105711.0
12952.7 105811.0
11692.6 106085.0
11675.9 106134.0
11870.7 108298.0
11264.0 108605.0
11316.3 109396.0
11294.1 108924.0
11307.4 109540.0
8422.01 110458.0
8243.9 110326.0
8157.07 110413.0
6771.15 110943.0
3571.82 111293.0
1989.97 113722.0
1712.79 118776.0
1548.04 119003.0
1258.6 119987.0
1436.72 122275.0
1356.57 122371.0
1147.29 122471.0
1108.32 123273.0
147.636 123233.0
-667.222 123095.0
-667.222 123467.0
-581.506 123611.0
-444.583 123727.0
-658.317 124235.0
-917.691 124235.0
-932.163 124435.0
-1440.89 124402.0
-1479.85 124063.0
-1691.36 123629.0
-2459.47 123015.0
-2723.29 123037.0
-2739.99 123907.0
-3107.35 123923.0
-2751.12 123912.0
-2718.84 123841.0
-2679.88 123028.0
-2426.07 123039.0
-2262.43 123184.0
-1466.5 124168.0
-1482.08 124613.0
-1518.82 124709.0
-1743.68 124698.0
-1502.12 124702.0
-1498.78 124620.0
-1459.82 124580.0
-1454.25 124224.0
-1544.42 123912.0
-1732.55 123582.0
-2462.81 123015.0
-2707.71 123021.0
-2717.73 123433.0
-2724.41 123055.0
-2771.16 123006.0
-3903.28 123133.0
-4246.14 121997.0
-4255.05 120844.0
-3702.9 119332.0
-3687.32 119332.0
-3641.68 119330.0
-4064.69 119354.0
-4271.75 121414.0
-4249.48 122120.0
-3940.02 123148.0
-3149.65 123026.0
-2718.84 123021.0
-2728.86 123829.0
-2768.93 123883.0
-3096.21 123905.0
-3764.13 123878.0
-3830.92 123927.0
-3620.53 124925.0
-3600.49 125893.0
-3550.4 125007.0
-981.143 125092.0
-1056.84 127808.0
-1088.01 127830.0
-1237.18 127726.0
-1232.73 127623.0
-1198.22 127608.0
178.806 128420.0
299.031 128561.0
481.595 129039.0
-385.584 133514.0
-2095.45 138713.0
-2133.3 139158.0
-2367.07 139147.0
-2359.28 139111.0
-1663.53 139085.0
-1605.65 139125.0
-1593.4 140336.0
-1474.29 140498.0
-1660.19 141177.0
-1763.72 141972.0
-1763.72 142353.0
-1644.61 142364.0
-1437.55 142329.0
-1750.36 142357.0
-1699.15 141393.0
-1463.16 140505.0
-1017.88 139782.0
-424.546 140505.0
-349.962 140494.0
-151.813 140071.0
242.258 139419.0
326.861 139292.0
588.462 139597.0
735.403 139741.0
782.158 139726.0
985.872 139407.0
1033.74 139412.0
1011.48 139241.0
822.233 138991.0
815.553 139018.0
813.327 138724.0
722.045 138757.0
331.314 138321.0
184.372 138544.0
120.92 138535.0
84.1843 138662.0
-30.4748 138512.0
-274.264 138345.0
-286.51 138310.0
-695.052 139002.0
-820.843 139114.0
-1079.1 139541.0
-1945.17 138996.0
-2323.66 139025.0
-2539.62 138978.0
-3235.36 139047.0
-3600.49 139192.0
-3496.96 142495.0
-3509.21 141946.0
-3591.59 140058.0
-3598.26 140276.0
-4040.2 140327.0
-4054.67 140717.0
-4388.63 140759.0
-4699.21 140692.0
-4758.21 139303.0
-4735.95 139067.0
-4761.55 138973.0
-4724.82 138421.0
-4641.33 138417.0
-4743.74 138343.0
-4739.29 138379.0
-4733.72 135607.0
-4633.54 135594.0
-4589.01 135627.0
-4611.27 135422.0
-4594.57 135451.0
-4749.31 135549.0
-4750.42 135556.0
-4719.25 135033.0
-4624.63 134915.0
-4363.03 134870.0
-4104.77 134895.0
-4440.95 135983.0
-4348.56 135627.0
-4090.3 134848.0
-3455.78 134783.0
-1303.97 134721.0
-260.906 135500.0
2227.08 138800.0
2238.22 138862.0
2190.35 138973.0
2101.29 138940.0
2080.14 138873.0
7439.06 129073.0
8184.9 128249.0
13940.1 123767.0
15095.6 121463.0
15518.6 120528.0
15615.5 119777.0
15429.6 115011.0
15520.9 114911.0
15638.9 114857.0
15877.1 114813.0
15867.1 114361.0
15737.9 114149.0
15248.1 114334.0
15242.6 114612.0
15338.3 114790.0
15424.0 114813.0
15533.1 114710.0
15577.6 114476.0
15529.8 114260.0
15243.7 114254.0
15120.1 114287.0
15073.4 114165.0
14733.8 113659.0
14647.0 112464.0
14717.1 112397.0
15357.2 112308.0
15410.7 112156.0
15182.4 109146.0
15483.0 109062.0
15563.2 105927.0
19891.3 106041.0
24390.8 106328.0
24405.3 105428.0
24260.6 105388.0
24218.2 105428.0
24179.3 105760.0
24292.8 105811.0
24281.7 105629.0
24293.9 105526.0
24223.8 105515.0
24243.9 105426.0
24953.0 105422.0
24984.1 104691.0
25106.6 104576.0
26146.3 105555.0
26630.5 105840.0
26747.4 106007.0
26741.9 106105.0
26678.4 106061.0
26650.6 105960.0
27791.6 104331.0
28261.4 104204.0
30699.3 104965.0
30855.1 103135.0
30830.6 102879.0
30672.6 102917.0
30741.6 103213.0
30760.5 103195.0
30699.3 102999.0
30689.3 102877.0
30845.1 102868.0
30789.4 103825.0
30644.7 103774.0
30767.2 103819.0
30810.6 103756.0
30844.0 102944.0
30827.3 102895.0
30688.1 102901.0
30722.6 102828.0
30680.3 103006.0
30741.6 103229.0
30758.3 103202.0
30727.1 103206.0
30682.6 102899.0
-1042880.0 3624160.0
30847.3 102879.0
30821.7 102378.0
29589.4 102449.0
27448.7 102721.0
25484.0 102665.0
24550.0 103674.0
24482.1 103645.0
24310.6 103378.0
23978.9 103333.0
22478.3 103240.0
22412.6 103155.0
22446.0 103246.0
22478.3 103278.0
22934.7 103266.0
24338.5 103413.0
24483.2 103692.0
24509.9 103830.0
24541.1 103841.0
25401.6 102734.0
25501.8 102688.0
27299.6 102766.0
29626.2 102445.0
29665.1 102389.0
29775.3 102416.0
30830.6 102400.0
30827.3 102884.0
30682.6 102884.0
30749.4 103213.0
30667.0 102906.0
30844.0 102910.0
30841.8 103051.0
30836.2 102884.0
30678.1 102906.0
30683.7 102984.0
