3.29971e+07 1.11391e+07 3.2989e+07 1.11394e+07
3.2989e+07 1.11394e+07 3.29844e+07 1.11476e+07
3.29844e+07 1.11476e+07 3.29844e+07 1.1152e+07
3.29844e+07 1.1152e+07 3.29858e+07 1.11419e+07
3.29858e+07 1.11419e+07 3.29863e+07 1.11355e+07
3.29863e+07 1.11355e+07 3.3001e+07 1.11424e+07
3.3001e+07 1.11424e+07 3.30054e+07 1.11385e+07
3.30054e+07 1.11385e+07 3.30021e+07 1.11382e+07
3.30021e+07 1.11382e+07 3.30006e+07 1.11396e+07
3.30006e+07 1.11396e+07 3.30019e+07 1.11527e+07
3.30019e+07 1.11527e+07 3.30094e+07 1.11508e+07
3.30094e+07 1.11508e+07 3.30102e+07 1.11497e+07
3.30102e+07 1.11497e+07 3.30077e+07 1.11508e+07
3.30077e+07 1.11508e+07 3.3003e+07 1.11525e+07
3.3003e+07 1.11525e+07 3.30008e+07 1.11527e+07
3.30008e+07 1.11527e+07 3.29946e+07 1.11528e+07
3.29946e+07 1.11528e+07 3.29896e+07 1.11531e+07
3.29896e+07 1.11531e+07 3.29848e+07 1.11552e+07
3.29848e+07 1.11552e+07 3.29879e+07 1.11551e+07
3.29879e+07 1.11551e+07 3.29896e+07 1.11536e+07
3.29896e+07 1.11536e+07 3.29925e+07 1.11529e+07
3.29925e+07 1.11529e+07 3.2992e+07 1.11545e+07
3.2992e+07 1.11545e+07 3.29883e+07 1.1155e+07
3.29883e+07 1.1155e+07 3.29871e+07 1.11529e+07
3.29871e+07 1.11529e+07 3.29882e+07 1.11476e+07
3.29882e+07 1.11476e+07 3.29884e+07 1.11415e+07
3.29884e+07 1.11415e+07 3.29844e+07 1.11454e+07
3.29844e+07 1.11454e+07 3.29841e+07 1.11449e+07
3.29841e+07 1.11449e+07 3.29939e+07 1.11456e+07
3.29939e+07 1.11456e+07 3.29972e+07 1.11436e+07
3.29972e+07 1.11436e+07 3.30016e+07 1.11415e+07
3.30016e+07 1.11415e+07 3.30032e+07 1.11494e+07
3.30032e+07 1.11494e+07 3.30014e+07 1.11514e+07
3.30014e+07 1.11514e+07 3.29975e+07 1.11638e+07
3.29975e+07 1.11638e+07 3.2996e+07 1.11641e+07
3.2996e+07 1.11641e+07 3.29961e+07 1.11605e+07
3.29961e+07 1.11605e+07 3.29965e+07 1.11536e+07
3.29965e+07 1.11536e+07 3.29983e+07 1.11482e+07
3.29983e+07 1.11482e+07 3.29983e+07 1.11391e+07
3.29983e+07 1.11391e+07 3.30057e+07 1.11494e+07
3.30057e+07 1.11494e+07 3.30157e+07 1.11489e+07
3.30157e+07 1.11489e+07 3.30213e+07 1.11485e+07
3.30213e+07 1.11485e+07 3.3008e+07 1.11492e+07
3.3008e+07 1.11492e+07 3.3006e+07 1.11392e+07
3.3006e+07 1.11392e+07 3.30058e+07 1.11395e+07
3.30058e+07 1.11395e+07 3.3003e+07 1.11418e+07
3.3003e+07 1.11418e+07 3.29997e+07 1.11406e+07
3.29997e+07 1.11406e+07 3.30005e+07 1.11438e+07
3.30005e+07 1.11438e+07 3.29988e+07 1.11464e+07
3.29988e+07 1.11464e+07 3.30006e+07 1.11419e+07
3.30006e+07 1.11419e+07 3.30008e+07 1.11623e+07
3.30008e+07 1.11623e+07 3.29846e+07 1.11599e+07
3.29846e+07 1.11599e+07 3.29879e+07 1.11551e+07
3.29879e+07 1.11551e+07 3.29891e+07 1.11536e+07
3.29891e+07 1.11536e+07 3.29965e+07 1.1156e+07
3.29965e+07 1.1156e+07 3.3001e+07 1.1156e+07
3.3001e+07 1.1156e+07 3.30012e+07 1.1156e+07
3.30012e+07 1.1156e+07 3.29992e+07 1.1161e+07
3.29992e+07 1.1161e+07 3.29916e+07 1.1161e+07
3.29916e+07 1.1161e+07 3.29919e+07 1.11507e+07
3.29919e+07 1.11507e+07 3.29915e+07 1.11437e+07
3.29915e+07 1.11437e+07 3.29872e+07 1.11466e+07
3.29872e+07 1.11466e+07 3.3004e+07 1.11354e+07
3.3004e+07 1.11354e+07 3.30055e+07 1.11384e+07
3.30055e+07 1.11384e+07 3.3005e+07 1.11525e+07
3.3005e+07 1.11525e+07 3.30044e+07 1.11514e+07
3.30044e+07 1.11514e+07 3.30076e+07 1.11508e+07
3.30076e+07 1.11508e+07 3.30116e+07 1.11509e+07
3.30116e+07 1.11509e+07 3.30087e+07 1.11507e+07
3.30087e+07 1.11507e+07 3.30066e+07 1.11421e+07
3.30066e+07 1.11421e+07 3.30044e+07 1.11367e+07
3.30044e+07 1.11367e+07 3.30006e+07 1.11323e+07
3.30006e+07 1.11323e+07 3.29971e+07 1.1133e+07
3.29971e+07 1.1133e+07 3.29953e+07 1.11333e+07
3.29953e+07 1.11333e+07 3.29998e+07 1.11402e+07
3.29998e+07 1.11402e+07 3.3002e+07 1.11423e+07
3.3002e+07 1.11423e+07 3.30006e+07 1.11432e+07
3.30006e+07 1.11432e+07 3.30013e+07 1.11432e+07
3.30013e+07 1.11432e+07 3.30015e+07 1.11526e+07
3.30015e+07 1.11526e+07 3.3e+07 1.11496e+07
3.3e+07 1.11496e+07 3.29961e+07 1.11471e+07
3.29961e+07 1.11471e+07 3.29895e+07 1.11493e+07
3.29895e+07 1.11493e+07 3.29875e+07 1.11551e+07
3.29875e+07 1.11551e+07 3.29856e+07 1.11553e+07
3.29856e+07 1.11553e+07 3.29896e+07 1.11522e+07
3.29896e+07 1.11522e+07 3.29913e+07 1.11502e+07
3.29913e+07 1.11502e+07 3.29915e+07 1.11595e+07
3.29915e+07 1.11595e+07 3.29911e+07 1.11593e+07
3.29911e+07 1.11593e+07 3.29915e+07 1.11495e+07
3.29915e+07 1.11495e+07 3.29846e+07 1.11452e+07
3.29846e+07 1.11452e+07 3.29849e+07 1.11455e+07
3.29849e+07 1.11455e+07 3.29942e+07 1.11393e+07
3.29942e+07 1.11393e+07 3.30044e+07 1.11366e+07
3.30044e+07 1.11366e+07 3.3006e+07 1.11392e+07
3.3006e+07 1.11392e+07 3.30014e+07 1.11397e+07
3.30014e+07 1.11397e+07 3.30007e+07 1.11396e+07
3.30007e+07 1.11396e+07 3.29911e+07 1.11438e+07
3.29911e+07 1.11438e+07 3.29894e+07 1.11504e+07
3.29894e+07 1.11504e+07 3.29896e+07 1.11461e+07
3.29896e+07 1.11461e+07 3.2988e+07 1.11402e+07
3.2988e+07 1.11402e+07 3.29911e+07 1.11406e+07
3.29911e+07 1.11406e+07 3.29895e+07 1.11471e+07
3.29895e+07 1.11471e+07 3.29883e+07 1.11462e+07
3.29883e+07 1.11462e+07 3.29895e+07 1.11452e+07
3.29895e+07 1.11452e+07 3.29946e+07 1.11398e+07
3.29946e+07 1.11398e+07 3.29985e+07 1.11391e+07
3.29985e+07 1.11391e+07 3.29984e+07 1.11455e+07
3.29984e+07 1.11455e+07 3.30012e+07 1.11521e+07
3.30012e+07 1.11521e+07 3.3e+07 1.1149e+07
3.3e+07 1.1149e+07 3.30015e+07 1.11404e+07
3.30015e+07 1.11404e+07 3.29943e+07 1.11392e+07
3.29943e+07 1.11392e+07 3.29844e+07 1.11493e+07
3.29844e+07 1.11493e+07 3.29844e+07 1.11552e+07
3.29844e+07 1.11552e+07 3.29845e+07 1.11512e+07
3.29845e+07 1.11512e+07 3.29856e+07 1.11396e+07
3.29856e+07 1.11396e+07 3.29892e+07 1.11375e+07
3.29892e+07 1.11375e+07 3.29937e+07 1.11393e+07
3.29937e+07 1.11393e+07 3.29946e+07 1.11414e+07
3.29946e+07 1.11414e+07 3.30019e+07 1.11388e+07
3.30019e+07 1.11388e+07 3.30042e+07 1.11386e+07
3.30042e+07 1.11386e+07 3.30036e+07 1.11357e+07
3.30036e+07 1.11357e+07 3.30027e+07 1.11346e+07
3.30027e+07 1.11346e+07 3.30042e+07 1.1147e+07
3.30042e+07 1.1147e+07 3.30021e+07 1.11479e+07
3.30021e+07 1.11479e+07 3.30061e+07 1.11463e+07
3.30061e+07 1.11463e+07 3.30075e+07 1.11492e+07
3.30075e+07 1.11492e+07 3.30031e+07 1.1152e+07
3.30031e+07 1.1152e+07 3.30031e+07 1.11526e+07
3.30031e+07 1.11526e+07 3.30068e+07 1.11732e+07
3.30068e+07 1.11732e+07 3.30041e+07 1.11632e+07
3.30041e+07 1.11632e+07 3.30031e+07 1.11566e+07
3.30031e+07 1.11566e+07 3.30005e+07 1.11515e+07
3.30005e+07 1.11515e+07 3.29908e+07 1.11428e+07
3.29908e+07 1.11428e+07 3.29901e+07 1.1142e+07
3.29901e+07 1.1142e+07 3.30005e+07 1.11417e+07
3.30005e+07 1.11417e+07 3.30028e+07 1.11392e+07
3.30028e+07 1.11392e+07 3.29984e+07 1.11533e+07
3.29984e+07 1.11533e+07 3.29954e+07 1.11472e+07
3.29954e+07 1.11472e+07 3.29988e+07 1.11412e+07
3.29988e+07 1.11412e+07 3.30047e+07 1.11366e+07
3.30047e+07 1.11366e+07 3.30055e+07 1.11374e+07
3.30055e+07 1.11374e+07 3.30054e+07 1.11403e+07
3.30054e+07 1.11403e+07 3.30022e+07 1.11404e+07
3.30022e+07 1.11404e+07 3.29989e+07 1.11445e+07
3.29989e+07 1.11445e+07 3.2999e+07 1.11412e+07
3.2999e+07 1.11412e+07 3.30013e+07 1.11436e+07
3.30013e+07 1.11436e+07 3.30004e+07 1.11394e+07
3.30004e+07 1.11394e+07 3.2999e+07 1.11492e+07
3.2999e+07 1.11492e+07 3.29988e+07 1.11424e+07
3.29988e+07 1.11424e+07 3.29991e+07 1.11412e+07
3.29991e+07 1.11412e+07 3.30036e+07 1.11358e+07
3.30036e+07 1.11358e+07 3.30081e+07 1.11267e+07
3.30081e+07 1.11267e+07 3.3018e+07 1.1106e+07
3.3018e+07 1.1106e+07 3.30243e+07 1.11063e+07
3.30243e+07 1.11063e+07 3.30411e+07 1.10989e+07
3.30411e+07 1.10989e+07 3.30592e+07 1.10998e+07
3.30592e+07 1.10998e+07 3.30731e+07 1.10993e+07
3.30731e+07 1.10993e+07 3.30746e+07 1.10972e+07
3.30746e+07 1.10972e+07 3.30736e+07 1.10998e+07
3.30736e+07 1.10998e+07 3.30729e+07 1.10991e+07
3.30729e+07 1.10991e+07 3.3073e+07 1.10991e+07
3.3073e+07 1.10991e+07 3.30654e+07 1.11341e+07
3.30654e+07 1.11341e+07 3.30583e+07 1.11519e+07
3.30583e+07 1.11519e+07 3.30729e+07 1.10991e+07
3.30729e+07 1.10991e+07 3.30735e+07 1.10996e+07
3.30735e+07 1.10996e+07 3.30749e+07 1.11006e+07
3.30749e+07 1.11006e+07 3.3075e+07 1.1101e+07
3.3075e+07 1.1101e+07 3.30748e+07 1.11011e+07
3.30748e+07 1.11011e+07 3.3074e+07 1.10998e+07
3.3074e+07 1.10998e+07 3.3073e+07 1.10991e+07
3.3073e+07 1.10991e+07 3.30729e+07 1.1101e+07
3.30729e+07 1.1101e+07 3.30766e+07 1.10977e+07
3.30766e+07 1.10977e+07 3.30796e+07 1.10899e+07
3.30796e+07 1.10899e+07 3.30735e+07 1.10988e+07
3.30735e+07 1.10988e+07 3.3073e+07 1.10991e+07
3.3073e+07 1.10991e+07 3.30748e+07 1.10998e+07
3.30748e+07 1.10998e+07 3.30736e+07 1.10988e+07
3.30736e+07 1.10988e+07 3.3073e+07 1.10991e+07
3.3073e+07 1.10991e+07 3.30729e+07 1.10991e+07
3.30729e+07 1.10991e+07 3.30729e+07 1.10991e+07
3.30729e+07 1.10991e+07 3.3073e+07 1.10991e+07
3.3073e+07 1.10991e+07 3.30795e+07 1.109e+07
3.30795e+07 1.109e+07 3.30797e+07 1.10898e+07
3.30797e+07 1.10898e+07 3.30805e+07 1.10878e+07
3.30805e+07 1.10878e+07 3.30805e+07 1.10878e+07
3.30805e+07 1.10878e+07 3.30801e+07 1.10896e+07
3.30801e+07 1.10896e+07 3.30742e+07 1.10998e+07
