3.30013e+07 1.11467e+07 3.30013e+07 1.11447e+07
3.30013e+07 1.11447e+07 3.30013e+07 1.11528e+07
3.30013e+07 1.11528e+07 3.30006e+07 1.11596e+07
3.30006e+07 1.11596e+07 3.29979e+07 1.11572e+07
3.29979e+07 1.11572e+07 3.29957e+07 1.11525e+07
3.29957e+07 1.11525e+07 3.29964e+07 1.11511e+07
3.29964e+07 1.11511e+07 3.29945e+07 1.11528e+07
3.29945e+07 1.11528e+07 3.29853e+07 1.11528e+07
3.29853e+07 1.11528e+07 3.29781e+07 1.11528e+07
3.29781e+07 1.11528e+07 3.29713e+07 1.11507e+07
3.29713e+07 1.11507e+07 3.29713e+07 1.1151e+07
3.29713e+07 1.1151e+07 3.2974e+07 1.11489e+07
3.2974e+07 1.11489e+07 3.29952e+07 1.11311e+07
3.29952e+07 1.11311e+07 3.29958e+07 1.11347e+07
3.29958e+07 1.11347e+07 3.29961e+07 1.11349e+07
3.29961e+07 1.11349e+07 3.29972e+07 1.11429e+07
3.29972e+07 1.11429e+07 3.29982e+07 1.11474e+07
3.29982e+07 1.11474e+07 3.29983e+07 1.11515e+07
3.29983e+07 1.11515e+07 3.29964e+07 1.11527e+07
3.29964e+07 1.11527e+07 3.29957e+07 1.11527e+07
3.29957e+07 1.11527e+07 3.29941e+07 1.11528e+07
3.29941e+07 1.11528e+07 3.29935e+07 1.11527e+07
3.29935e+07 1.11527e+07 3.29935e+07 1.11494e+07
3.29935e+07 1.11494e+07 3.29954e+07 1.11491e+07
3.29954e+07 1.11491e+07 3.29983e+07 1.11473e+07
3.29983e+07 1.11473e+07 3.29989e+07 1.11486e+07
3.29989e+07 1.11486e+07 3.3e+07 1.11489e+07
3.3e+07 1.11489e+07 3.30009e+07 1.1147e+07
3.30009e+07 1.1147e+07 3.30032e+07 1.11481e+07
3.30032e+07 1.11481e+07 3.30019e+07 1.11471e+07
3.30019e+07 1.11471e+07 3.30045e+07 1.11536e+07
3.30045e+07 1.11536e+07 3.30044e+07 1.11555e+07
3.30044e+07 1.11555e+07 3.30031e+07 1.11532e+07
3.30031e+07 1.11532e+07 3.30009e+07 1.11515e+07
3.30009e+07 1.11515e+07 3.2999e+07 1.11531e+07
3.2999e+07 1.11531e+07 3.30008e+07 1.11529e+07
3.30008e+07 1.11529e+07 3.30051e+07 1.11528e+07
3.30051e+07 1.11528e+07 3.30306e+07 1.11028e+07
3.30306e+07 1.11028e+07 3.30306e+07 1.11028e+07
3.30306e+07 1.11028e+07 3.30306e+07 1.11027e+07
3.30306e+07 1.11027e+07 3.30306e+07 1.11028e+07
3.30306e+07 1.11028e+07 3.30306e+07 1.11028e+07
3.30306e+07 1.11028e+07 3.30306e+07 1.11027e+07
3.30306e+07 1.11027e+07 3.30306e+07 1.11027e+07
3.30306e+07 1.11027e+07 3.30306e+07 1.11027e+07
3.30306e+07 1.11027e+07 3.30306e+07 1.11027e+07
3.30306e+07 1.11027e+07 3.30308e+07 1.11032e+07
3.30308e+07 1.11032e+07 3.30282e+07 1.11099e+07
3.30282e+07 1.11099e+07 3.30282e+07 1.11098e+07
3.30282e+07 1.11098e+07 3.30307e+07 1.11049e+07
3.30307e+07 1.11049e+07 3.30309e+07 1.1103e+07
3.30309e+07 1.1103e+07 3.3028e+07 1.11094e+07
3.3028e+07 1.11094e+07 3.30281e+07 1.11098e+07
3.30281e+07 1.11098e+07 3.30212e+07 1.11112e+07
3.30212e+07 1.11112e+07 3.30182e+07 1.11244e+07
3.30182e+07 1.11244e+07 3.30065e+07 1.1131e+07
3.30065e+07 1.1131e+07 3.29981e+07 1.11435e+07
3.29981e+07 1.11435e+07 3.2997e+07 1.11411e+07
3.2997e+07 1.11411e+07 3.29976e+07 1.11463e+07
3.29976e+07 1.11463e+07 3.29933e+07 1.11573e+07
3.29933e+07 1.11573e+07 3.29961e+07 1.11522e+07
3.29961e+07 1.11522e+07 3.29996e+07 1.1158e+07
3.29996e+07 1.1158e+07 3.29987e+07 1.11619e+07
3.29987e+07 1.11619e+07 3.3001e+07 1.11697e+07
3.3001e+07 1.11697e+07 3.29993e+07 1.11666e+07
3.29993e+07 1.11666e+07 3.29976e+07 1.11664e+07
3.29976e+07 1.11664e+07 3.29968e+07 1.11626e+07
3.29968e+07 1.11626e+07 3.29958e+07 1.11562e+07
3.29958e+07 1.11562e+07 3.29938e+07 1.11566e+07
3.29938e+07 1.11566e+07 3.29905e+07 1.11528e+07
3.29905e+07 1.11528e+07 3.29889e+07 1.11514e+07
3.29889e+07 1.11514e+07 3.29883e+07 1.11511e+07
3.29883e+07 1.11511e+07 3.29901e+07 1.11444e+07
3.29901e+07 1.11444e+07 3.29921e+07 1.11319e+07
3.29921e+07 1.11319e+07 3.29911e+07 1.11318e+07
3.29911e+07 1.11318e+07 3.29891e+07 1.11318e+07
3.29891e+07 1.11318e+07 3.29914e+07 1.11394e+07
3.29914e+07 1.11394e+07 3.29957e+07 1.11436e+07
3.29957e+07 1.11436e+07 3.29974e+07 1.11524e+07
3.29974e+07 1.11524e+07 3.29965e+07 1.11542e+07
3.29965e+07 1.11542e+07 3.29965e+07 1.1164e+07
3.29965e+07 1.1164e+07 3.29882e+07 1.11697e+07
3.29882e+07 1.11697e+07 3.29883e+07 1.1171e+07
3.29883e+07 1.1171e+07 3.29884e+07 1.11674e+07
3.29884e+07 1.11674e+07 3.29888e+07 1.1163e+07
3.29888e+07 1.1163e+07 3.29888e+07 1.1163e+07
3.29888e+07 1.1163e+07 3.29888e+07 1.1163e+07
3.29888e+07 1.1163e+07 3.29888e+07 1.1163e+07
3.29888e+07 1.1163e+07 3.29892e+07 1.11617e+07
3.29892e+07 1.11617e+07 3.29845e+07 1.11549e+07
3.29845e+07 1.11549e+07 3.29827e+07 1.11522e+07
3.29827e+07 1.11522e+07 3.29824e+07 1.11502e+07
3.29824e+07 1.11502e+07 3.29835e+07 1.11515e+07
3.29835e+07 1.11515e+07 3.29892e+07 1.11529e+07
3.29892e+07 1.11529e+07 3.29938e+07 1.11551e+07
3.29938e+07 1.11551e+07 3.29926e+07 1.11536e+07
3.29926e+07 1.11536e+07 3.29921e+07 1.11465e+07
3.29921e+07 1.11465e+07 3.29937e+07 1.11443e+07
3.29937e+07 1.11443e+07 3.29974e+07 1.11435e+07
3.29974e+07 1.11435e+07 3.30151e+07 1.11214e+07
3.30151e+07 1.11214e+07 3.30159e+07 1.11198e+07
3.30159e+07 1.11198e+07 3.30131e+07 1.1125e+07
3.30131e+07 1.1125e+07 3.30057e+07 1.11326e+07
3.30057e+07 1.11326e+07 3.30043e+07 1.11421e+07
3.30043e+07 1.11421e+07 3.30058e+07 1.1151e+07
3.30058e+07 1.1151e+07 3.30076e+07 1.11508e+07
3.30076e+07 1.11508e+07 3.30071e+07 1.11509e+07
3.30071e+07 1.11509e+07 3.30015e+07 1.11503e+07
3.30015e+07 1.11503e+07 3.30004e+07 1.11485e+07
3.30004e+07 1.11485e+07 3.29988e+07 1.11473e+07
3.29988e+07 1.11473e+07 3.29993e+07 1.11497e+07
3.29993e+07 1.11497e+07 3.29985e+07 1.11463e+07
3.29985e+07 1.11463e+07 3.29983e+07 1.11511e+07
3.29983e+07 1.11511e+07 3.30029e+07 1.11534e+07
3.30029e+07 1.11534e+07 3.3007e+07 1.11547e+07
3.3007e+07 1.11547e+07 3.30031e+07 1.11537e+07
3.30031e+07 1.11537e+07 3.30016e+07 1.1153e+07
3.30016e+07 1.1153e+07 3.30013e+07 1.11531e+07
3.30013e+07 1.11531e+07 3.30013e+07 1.11495e+07
3.30013e+07 1.11495e+07 3.30009e+07 1.11409e+07
3.30009e+07 1.11409e+07 3.30044e+07 1.11343e+07
3.30044e+07 1.11343e+07 3.30099e+07 1.11274e+07
3.30099e+07 1.11274e+07 3.3018e+07 1.11244e+07
3.3018e+07 1.11244e+07 3.30212e+07 1.11125e+07
3.30212e+07 1.11125e+07 3.30282e+07 1.11098e+07
3.30282e+07 1.11098e+07 3.30281e+07 1.11099e+07
3.30281e+07 1.11099e+07 3.3028e+07 1.11011e+07
3.3028e+07 1.11011e+07 3.30313e+07 1.10844e+07
3.30313e+07 1.10844e+07 3.30321e+07 1.10729e+07
3.30321e+07 1.10729e+07 3.30389e+07 1.10727e+07
3.30389e+07 1.10727e+07 3.30388e+07 1.10693e+07
3.30388e+07 1.10693e+07 3.30311e+07 1.10868e+07
3.30311e+07 1.10868e+07 3.30276e+07 1.11032e+07
3.30276e+07 1.11032e+07 3.30282e+07 1.11098e+07
3.30282e+07 1.11098e+07 3.30281e+07 1.11077e+07
3.30281e+07 1.11077e+07 3.30309e+07 1.11031e+07
3.30309e+07 1.11031e+07 3.3028e+07 1.11054e+07
3.3028e+07 1.11054e+07 3.30265e+07 1.11109e+07
3.30265e+07 1.11109e+07 3.3021e+07 1.11194e+07
3.3021e+07 1.11194e+07 3.3014e+07 1.11243e+07
3.3014e+07 1.11243e+07 3.30054e+07 1.11329e+07
3.30054e+07 1.11329e+07 3.30024e+07 1.11347e+07
3.30024e+07 1.11347e+07 3.29998e+07 1.11333e+07
3.29998e+07 1.11333e+07 3.30012e+07 1.1143e+07
3.30012e+07 1.1143e+07 3.30013e+07 1.11483e+07
3.30013e+07 1.11483e+07 3.30016e+07 1.1148e+07
3.30016e+07 1.1148e+07 3.30021e+07 1.11508e+07
3.30021e+07 1.11508e+07 3.29988e+07 1.11448e+07
3.29988e+07 1.11448e+07 3.29987e+07 1.11453e+07
3.29987e+07 1.11453e+07 3.30013e+07 1.11554e+07
3.30013e+07 1.11554e+07 3.29944e+07 1.11642e+07
3.29944e+07 1.11642e+07 3.29933e+07 1.1164e+07
3.29933e+07 1.1164e+07 3.29931e+07 1.11588e+07
3.29931e+07 1.11588e+07 3.29939e+07 1.11585e+07
3.29939e+07 1.11585e+07 3.29927e+07 1.11552e+07
3.29927e+07 1.11552e+07 3.29913e+07 1.11528e+07
3.29913e+07 1.11528e+07 3.29908e+07 1.11519e+07
3.29908e+07 1.11519e+07 3.29888e+07 1.11512e+07
3.29888e+07 1.11512e+07 3.29887e+07 1.11514e+07
3.29887e+07 1.11514e+07 3.29903e+07 1.11515e+07
3.29903e+07 1.11515e+07 3.29898e+07 1.11504e+07
3.29898e+07 1.11504e+07 3.29895e+07 1.11533e+07
3.29895e+07 1.11533e+07 3.29888e+07 1.11599e+07
3.29888e+07 1.11599e+07 3.29875e+07 1.11617e+07
3.29875e+07 1.11617e+07 3.29877e+07 1.11617e+07
3.29877e+07 1.11617e+07 3.29877e+07 1.11617e+07
3.29877e+07 1.11617e+07 3.29896e+07 1.11616e+07
3.29896e+07 1.11616e+07 3.29944e+07 1.11603e+07
3.29944e+07 1.11603e+07 3.29958e+07 1.11571e+07
3.29958e+07 1.11571e+07 3.29957e+07 1.11545e+07
3.29957e+07 1.11545e+07 3.29957e+07 1.11529e+07
3.29957e+07 1.11529e+07 3.29957e+07 1.11523e+07
3.29957e+07 1.11523e+07 3.29973e+07 1.1151e+07
3.29973e+07 1.1151e+07 3.29993e+07 1.11435e+07
3.29993e+07 1.11435e+07 3.29999e+07 1.11411e+07
3.29999e+07 1.11411e+07 3.29995e+07 1.11408e+07
3.29995e+07 1.11408e+07 3.30014e+07 1.1147e+07
3.30014e+07 1.1147e+07 3.30019e+07 1.11485e+07
3.30019e+07 1.11485e+07 3.30009e+07 1.11536e+07
3.30009e+07 1.11536e+07 3.2999e+07 1.11527e+07
3.2999e+07 1.11527e+07 3.2998e+07 1.11533e+07
3.2998e+07 1.11533e+07 3.2998e+07 1.11533e+07
3.2998e+07 1.11533e+07 3.2998e+07 1.11533e+07
3.2998e+07 1.11533e+07 3.29963e+07 1.11482e+07
3.29963e+07 1.11482e+07 3.29985e+07 1.11457e+07
3.29985e+07 1.11457e+07 3.29985e+07 1.11455e+07
3.29985e+07 1.11455e+07 3.29982e+07 1.11497e+07
3.29982e+07 1.11497e+07 3.29947e+07 1.11528e+07
3.29947e+07 1.11528e+07 3.29832e+07 1.11442e+07
3.29832e+07 1.11442e+07 3.29766e+07 1.11382e+07
3.29766e+07 1.11382e+07 3.29901e+07 1.11534e+07
3.29901e+07 1.11534e+07 3.29906e+07 1.11441e+07
3.29906e+07 1.11441e+07 3.29932e+07 1.11426e+07
3.29932e+07 1.11426e+07 3.29937e+07 1.1143e+07
3.29937e+07 1.1143e+07 3.29946e+07 1.11404e+07
3.29946e+07 1.11404e+07 3.29963e+07 1.11407e+07
3.29963e+07 1.11407e+07 3.29988e+07 1.11412e+07
3.29988e+07 1.11412e+07 3.30039e+07 1.1141e+07
3.30039e+07 1.1141e+07 3.3004e+07 1.11598e+07
3.3004e+07 1.11598e+07 3.3003e+07 1.11581e+07
3.3003e+07 1.11581e+07 3.30031e+07 1.11522e+07
3.30031e+07 1.11522e+07 3.30059e+07 1.11468e+07
3.30059e+07 1.11468e+07 3.30018e+07 1.11411e+07
3.30018e+07 1.11411e+07 3.30081e+07 1.11268e+07
3.30081e+07 1.11268e+07 3.30122e+07 1.1112e+07
3.30122e+07 1.1112e+07 3.30306e+07 1.11028e+07
3.30306e+07 1.11028e+07 3.30306e+07 1.11028e+07
3.30306e+07 1.11028e+07 3.30306e+07 1.11027e+07
3.30306e+07 1.11027e+07 3.30306e+07 1.11028e+07
3.30306e+07 1.11028e+07 3.30306e+07 1.11028e+07
3.30306e+07 1.11028e+07 3.30306e+07 1.11027e+07
3.30306e+07 1.11027e+07 3.30306e+07 1.11027e+07
3.30306e+07 1.11027e+07 3.30306e+07 1.11028e+07
3.30306e+07 1.11028e+07 3.30306e+07 1.11028e+07
3.30306e+07 1.11028e+07 3.30306e+07 1.11027e+07
3.30306e+07 1.11027e+07 3.30306e+07 1.11028e+07
3.30306e+07 1.11028e+07 3.30306e+07 1.11027e+07
3.30306e+07 1.11027e+07 3.30306e+07 1.11027e+07
3.30306e+07 1.11027e+07 3.30306e+07 1.11027e+07
3.30306e+07 1.11027e+07 3.30306e+07 1.11027e+07
3.30306e+07 1.11027e+07 3.30307e+07 1.11051e+07
3.30307e+07 1.11051e+07 3.30281e+07 1.11098e+07
3.30281e+07 1.11098e+07 3.30307e+07 1.11049e+07
3.30307e+07 1.11049e+07 3.3029e+07 1.11025e+07
3.3029e+07 1.11025e+07 3.302e+07 1.11144e+07
3.302e+07 1.11144e+07 3.30145e+07 1.11244e+07
3.30145e+07 1.11244e+07 3.30044e+07 1.11358e+07
3.30044e+07 1.11358e+07 3.30008e+07 1.11428e+07
3.30008e+07 1.11428e+07 3.30013e+07 1.11536e+07
3.30013e+07 1.11536e+07 3.29951e+07 1.1164e+07
3.29951e+07 1.1164e+07 3.2993e+07 1.1161e+07
3.2993e+07 1.1161e+07 3.2993e+07 1.11602e+07
3.2993e+07 1.11602e+07 3.29923e+07 1.11651e+07
3.29923e+07 1.11651e+07 3.2993e+07 1.11598e+07
3.2993e+07 1.11598e+07 3.29916e+07 1.11584e+07
3.29916e+07 1.11584e+07 3.29892e+07 1.11565e+07
3.29892e+07 1.11565e+07 3.29881e+07 1.11531e+07
3.29881e+07 1.11531e+07 3.29894e+07 1.11554e+07
3.29894e+07 1.11554e+07 3.29896e+07 1.11567e+07
3.29896e+07 1.11567e+07 3.29903e+07 1.11533e+07
3.29903e+07 1.11533e+07 3.2989e+07 1.11542e+07
3.2989e+07 1.11542e+07 3.29873e+07 1.11429e+07
3.29873e+07 1.11429e+07 3.29896e+07 1.11375e+07
3.29896e+07 1.11375e+07 3.29926e+07 1.11405e+07
3.29926e+07 1.11405e+07 3.2994e+07 1.1135e+07
3.2994e+07 1.1135e+07 3.29952e+07 1.11388e+07
3.29952e+07 1.11388e+07 3.29965e+07 1.11435e+07
3.29965e+07 1.11435e+07 3.29973e+07 1.11455e+07
3.29973e+07 1.11455e+07 3.29972e+07 1.11386e+07
3.29972e+07 1.11386e+07 3.29958e+07 1.11407e+07
3.29958e+07 1.11407e+07 3.29939e+07 1.11417e+07
3.29939e+07 1.11417e+07 3.29955e+07 1.11407e+07
3.29955e+07 1.11407e+07 3.29963e+07 1.11467e+07
3.29963e+07 1.11467e+07 3.29964e+07 1.11518e+07
3.29964e+07 1.11518e+07 3.29974e+07 1.11526e+07
3.29974e+07 1.11526e+07 3.30113e+07 1.11525e+07
3.30113e+07 1.11525e+07 3.3018e+07 1.11521e+07
3.3018e+07 1.11521e+07 3.30129e+07 1.11509e+07
3.30129e+07 1.11509e+07 3.30102e+07 1.11509e+07
3.30102e+07 1.11509e+07 3.30034e+07 1.1151e+07
3.30034e+07 1.1151e+07 3.30024e+07 1.11488e+07
3.30024e+07 1.11488e+07 3.29997e+07 1.11494e+07
3.29997e+07 1.11494e+07 3.29989e+07 1.11488e+07
3.29989e+07 1.11488e+07 3.29973e+07 1.11467e+07
3.29973e+07 1.11467e+07 3.29963e+07 1.11465e+07
3.29963e+07 1.11465e+07 3.29984e+07 1.11455e+07
3.29984e+07 1.11455e+07 3.29987e+07 1.11449e+07
3.29987e+07 1.11449e+07 3.30007e+07 1.11437e+07
3.30007e+07 1.11437e+07 3.30036e+07 1.11417e+07
3.30036e+07 1.11417e+07 3.30036e+07 1.11418e+07
3.30036e+07 1.11418e+07 3.30008e+07 1.11429e+07
3.30008e+07 1.11429e+07 3.29982e+07 1.1139e+07
3.29982e+07 1.1139e+07 3.29891e+07 1.11352e+07
3.29891e+07 1.11352e+07 3.29877e+07 1.11375e+07
3.29877e+07 1.11375e+07 3.29853e+07 1.11376e+07
3.29853e+07 1.11376e+07 3.29852e+07 1.11376e+07
3.29852e+07 1.11376e+07 3.29892e+07 1.11456e+07
3.29892e+07 1.11456e+07 3.29827e+07 1.11434e+07
3.29827e+07 1.11434e+07 3.29817e+07 1.11466e+07
3.29817e+07 1.11466e+07 3.29844e+07 1.11487e+07
3.29844e+07 1.11487e+07 3.2987e+07 1.11482e+07
3.2987e+07 1.11482e+07 3.29896e+07 1.11437e+07
3.29896e+07 1.11437e+07 3.29906e+07 1.11393e+07
3.29906e+07 1.11393e+07 3.29909e+07 1.11394e+07
3.29909e+07 1.11394e+07 3.29911e+07 1.11374e+07
3.29911e+07 1.11374e+07 3.2988e+07 1.11394e+07
3.2988e+07 1.11394e+07 3.29916e+07 1.11467e+07
3.29916e+07 1.11467e+07 3.29922e+07 1.11494e+07
3.29922e+07 1.11494e+07 3.29897e+07 1.11514e+07
3.29897e+07 1.11514e+07 3.29896e+07 1.11546e+07
3.29896e+07 1.11546e+07 3.29828e+07 1.11565e+07
3.29828e+07 1.11565e+07 3.29844e+07 1.11528e+07
3.29844e+07 1.11528e+07 3.29915e+07 1.1133e+07
3.29915e+07 1.1133e+07 3.29883e+07 1.11247e+07
3.29883e+07 1.11247e+07 3.29848e+07 1.11156e+07
3.29848e+07 1.11156e+07 3.29798e+07 1.11151e+07
3.29798e+07 1.11151e+07 3.29802e+07 1.11165e+07
3.29802e+07 1.11165e+07 3.29831e+07 1.11207e+07
3.29831e+07 1.11207e+07 3.29843e+07 1.11237e+07
3.29843e+07 1.11237e+07 3.29859e+07 1.1123e+07
3.29859e+07 1.1123e+07 3.29859e+07 1.11242e+07
3.29859e+07 1.11242e+07 3.29878e+07 1.11237e+07
3.29878e+07 1.11237e+07 3.29915e+07 1.11331e+07
3.29915e+07 1.11331e+07 3.29902e+07 1.11374e+07
3.29902e+07 1.11374e+07 3.29911e+07 1.11393e+07
3.29911e+07 1.11393e+07 3.29922e+07 1.11405e+07
3.29922e+07 1.11405e+07 3.29906e+07 1.11373e+07
3.29906e+07 1.11373e+07 3.2992e+07 1.11344e+07
3.2992e+07 1.11344e+07 3.29929e+07 1.11346e+07
3.29929e+07 1.11346e+07 3.29931e+07 1.11394e+07
3.29931e+07 1.11394e+07 3.29924e+07 1.11431e+07
3.29924e+07 1.11431e+07 3.29925e+07 1.11394e+07
3.29925e+07 1.11394e+07 3.29953e+07 1.11442e+07
3.29953e+07 1.11442e+07 3.29971e+07 1.11454e+07
3.29971e+07 1.11454e+07 3.30045e+07 1.11366e+07
3.30045e+07 1.11366e+07 3.30062e+07 1.11376e+07
3.30062e+07 1.11376e+07 3.30055e+07 1.11401e+07
3.30055e+07 1.11401e+07 3.30044e+07 1.11367e+07
3.30044e+07 1.11367e+07 3.30012e+07 1.11422e+07
3.30012e+07 1.11422e+07 3.30035e+07 1.1147e+07
3.30035e+07 1.1147e+07 3.30058e+07 1.11475e+07
3.30058e+07 1.11475e+07 3.30031e+07 1.11509e+07
3.30031e+07 1.11509e+07 3.30012e+07 1.11525e+07
3.30012e+07 1.11525e+07 3.29975e+07 1.11527e+07
3.29975e+07 1.11527e+07 3.29931e+07 1.11529e+07
3.29931e+07 1.11529e+07 3.29903e+07 1.11548e+07
3.29903e+07 1.11548e+07 3.29904e+07 1.11595e+07
3.29904e+07 1.11595e+07 3.29922e+07 1.11655e+07
3.29922e+07 1.11655e+07 3.29934e+07 1.11588e+07
3.29934e+07 1.11588e+07 3.29957e+07 1.11528e+07
3.29957e+07 1.11528e+07 3.29979e+07 1.11456e+07
3.29979e+07 1.11456e+07 3.30012e+07 1.11427e+07
3.30012e+07 1.11427e+07 3.30001e+07 1.11374e+07
3.30001e+07 1.11374e+07 3.30098e+07 1.11274e+07
3.30098e+07 1.11274e+07 3.30213e+07 1.11244e+07
3.30213e+07 1.11244e+07 3.30238e+07 1.11108e+07
3.30238e+07 1.11108e+07 3.30281e+07 1.11098e+07
3.30281e+07 1.11098e+07 3.30282e+07 1.11098e+07
3.30282e+07 1.11098e+07 3.30308e+07 1.11036e+07
3.30308e+07 1.11036e+07 3.30309e+07 1.11032e+07
3.30309e+07 1.11032e+07 3.30289e+07 1.11057e+07
3.30289e+07 1.11057e+07 3.30277e+07 1.11062e+07
3.30277e+07 1.11062e+07 3.30306e+07 1.11027e+07
3.30306e+07 1.11027e+07 3.30306e+07 1.11028e+07
3.30306e+07 1.11028e+07 3.30247e+07 1.11036e+07
3.30247e+07 1.11036e+07 3.30222e+07 1.11025e+07
3.30222e+07 1.11025e+07 3.30222e+07 1.11025e+07
3.30222e+07 1.11025e+07 3.30222e+07 1.11025e+07
3.30222e+07 1.11025e+07 3.30222e+07 1.11025e+07
3.30222e+07 1.11025e+07 3.30222e+07 1.11025e+07
3.30222e+07 1.11025e+07 3.30222e+07 1.11025e+07
3.30222e+07 1.11025e+07 3.30222e+07 1.11024e+07
3.30222e+07 1.11024e+07 3.30222e+07 1.11025e+07
3.30222e+07 1.11025e+07 3.30222e+07 1.11025e+07
3.30222e+07 1.11025e+07 3.30222e+07 1.11025e+07
3.30222e+07 1.11025e+07 3.30222e+07 1.11025e+07
3.30222e+07 1.11025e+07 3.30222e+07 1.11025e+07
3.30222e+07 1.11025e+07 3.30222e+07 1.11025e+07
3.30222e+07 1.11025e+07 3.30221e+07 1.11026e+07
3.30221e+07 1.11026e+07 3.30222e+07 1.11026e+07
3.30222e+07 1.11026e+07 3.30222e+07 1.11024e+07
3.30222e+07 1.11024e+07 3.30222e+07 1.11025e+07
3.30222e+07 1.11025e+07 3.30222e+07 1.11024e+07
3.30222e+07 1.11024e+07 3.30222e+07 1.11025e+07
3.30222e+07 1.11025e+07 3.30222e+07 1.11025e+07
3.30222e+07 1.11025e+07 3.30222e+07 1.11025e+07
3.30222e+07 1.11025e+07 3.30222e+07 1.11025e+07
3.30222e+07 1.11025e+07 3.30234e+07 1.1108e+07
3.30234e+07 1.1108e+07 3.30281e+07 1.11098e+07
3.30281e+07 1.11098e+07 3.30279e+07 1.11043e+07
3.30279e+07 1.11043e+07 3.30308e+07 1.11035e+07
3.30308e+07 1.11035e+07 3.30284e+07 1.11055e+07
3.30284e+07 1.11055e+07 3.30282e+07 1.11098e+07
3.30282e+07 1.11098e+07 3.30282e+07 1.11098e+07
3.30282e+07 1.11098e+07 3.30282e+07 1.11098e+07
3.30282e+07 1.11098e+07 3.30282e+07 1.11098e+07
3.30282e+07 1.11098e+07 3.30282e+07 1.11098e+07
3.30282e+07 1.11098e+07 3.30282e+07 1.11088e+07
3.30282e+07 1.11088e+07 3.30304e+07 1.10926e+07
3.30304e+07 1.10926e+07 3.30313e+07 1.10764e+07
3.30313e+07 1.10764e+07 3.30321e+07 1.10729e+07
3.30321e+07 1.10729e+07 3.3035e+07 1.10742e+07
3.3035e+07 1.10742e+07 3.30388e+07 1.10737e+07
3.30388e+07 1.10737e+07 3.30388e+07 1.10693e+07
3.30388e+07 1.10693e+07 3.30388e+07 1.10694e+07
3.30388e+07 1.10694e+07 3.30389e+07 1.10727e+07
3.30389e+07 1.10727e+07 3.30345e+07 1.10826e+07
3.30345e+07 1.10826e+07 3.30299e+07 1.10968e+07
3.30299e+07 1.10968e+07 3.30248e+07 1.11072e+07
3.30248e+07 1.11072e+07 3.30279e+07 1.11088e+07
3.30279e+07 1.11088e+07 3.3028e+07 1.11101e+07
3.3028e+07 1.11101e+07 3.30282e+07 1.11098e+07
3.30282e+07 1.11098e+07 3.30256e+07 1.11072e+07
3.30256e+07 1.11072e+07 3.30263e+07 1.1108e+07
3.30263e+07 1.1108e+07 3.30282e+07 1.11098e+07
3.30282e+07 1.11098e+07 3.30279e+07 1.11111e+07
3.30279e+07 1.11111e+07 3.30226e+07 1.11188e+07
3.30226e+07 1.11188e+07 3.3021e+07 1.11191e+07
3.3021e+07 1.11191e+07 3.30237e+07 1.11108e+07
3.30237e+07 1.11108e+07 3.30281e+07 1.11099e+07
3.30281e+07 1.11099e+07 3.3028e+07 1.11046e+07
3.3028e+07 1.11046e+07 3.30308e+07 1.11045e+07
3.30308e+07 1.11045e+07 3.30277e+07 1.1107e+07
3.30277e+07 1.1107e+07 3.30287e+07 1.11043e+07
3.30287e+07 1.11043e+07 3.30306e+07 1.11028e+07
3.30306e+07 1.11028e+07 3.30306e+07 1.11027e+07
3.30306e+07 1.11027e+07 3.30306e+07 1.11027e+07
3.30306e+07 1.11027e+07 3.30306e+07 1.11027e+07
3.30306e+07 1.11027e+07 3.30306e+07 1.11027e+07
3.30306e+07 1.11027e+07 3.30306e+07 1.11028e+07
3.30306e+07 1.11028e+07 3.30306e+07 1.11028e+07
3.30306e+07 1.11028e+07 3.30306e+07 1.11028e+07
3.30306e+07 1.11028e+07 3.30306e+07 1.11027e+07
3.30306e+07 1.11027e+07 3.30306e+07 1.11027e+07
3.30306e+07 1.11027e+07 3.30306e+07 1.11027e+07
3.30306e+07 1.11027e+07 3.30306e+07 1.11028e+07
3.30306e+07 1.11028e+07 3.30306e+07 1.11028e+07
3.30306e+07 1.11028e+07 3.30306e+07 1.11027e+07
3.30306e+07 1.11027e+07 3.30306e+07 1.11028e+07
3.30306e+07 1.11028e+07 3.30306e+07 1.11028e+07
3.30306e+07 1.11028e+07 3.30307e+07 1.11054e+07
3.30307e+07 1.11054e+07 3.30279e+07 1.11055e+07
3.30279e+07 1.11055e+07 3.30236e+07 1.11108e+07
3.30236e+07 1.11108e+07 3.30189e+07 1.11245e+07
3.30189e+07 1.11245e+07 3.30123e+07 1.1128e+07
3.30123e+07 1.1128e+07 3.3012e+07 1.11386e+07
3.3012e+07 1.11386e+07 3.30076e+07 1.11372e+07
3.30076e+07 1.11372e+07 3.3008e+07 1.11319e+07
3.3008e+07 1.11319e+07 3.30063e+07 1.11321e+07
3.30063e+07 1.11321e+07 3.3002e+07 1.1133e+07
3.3002e+07 1.1133e+07 3.2996e+07 1.11267e+07
3.2996e+07 1.11267e+07 3.29963e+07 1.11263e+07
3.29963e+07 1.11263e+07 3.29964e+07 1.11263e+07
3.29964e+07 1.11263e+07 3.29949e+07 1.11302e+07
3.29949e+07 1.11302e+07 3.29965e+07 1.11254e+07
3.29965e+07 1.11254e+07 3.29963e+07 1.11238e+07
3.29963e+07 1.11238e+07 3.29963e+07 1.11324e+07
3.29963e+07 1.11324e+07 3.29964e+07 1.11372e+07
3.29964e+07 1.11372e+07 3.29953e+07 1.11414e+07
3.29953e+07 1.11414e+07 3.29941e+07 1.1143e+07
3.29941e+07 1.1143e+07 3.29895e+07 1.1146e+07
3.29895e+07 1.1146e+07 3.2989e+07 1.11504e+07
3.2989e+07 1.11504e+07 3.29875e+07 1.11474e+07
3.29875e+07 1.11474e+07 3.29905e+07 1.11503e+07
3.29905e+07 1.11503e+07 3.29915e+07 1.11526e+07
3.29915e+07 1.11526e+07 3.29852e+07 1.11584e+07
3.29852e+07 1.11584e+07 3.29855e+07 1.11528e+07
3.29855e+07 1.11528e+07 3.298e+07 1.11307e+07
3.298e+07 1.11307e+07 3.29788e+07 1.11309e+07
3.29788e+07 1.11309e+07 3.29824e+07 1.11327e+07
3.29824e+07 1.11327e+07 3.2984e+07 1.11371e+07
3.2984e+07 1.11371e+07 3.29837e+07 1.11421e+07
3.29837e+07 1.11421e+07 3.29844e+07 1.11514e+07
3.29844e+07 1.11514e+07 3.29856e+07 1.11527e+07
3.29856e+07 1.11527e+07 3.29922e+07 1.11422e+07
3.29922e+07 1.11422e+07 3.29944e+07 1.11431e+07
3.29944e+07 1.11431e+07 3.29939e+07 1.11434e+07
3.29939e+07 1.11434e+07 3.29941e+07 1.11431e+07
3.29941e+07 1.11431e+07 3.29982e+07 1.1148e+07
3.29982e+07 1.1148e+07 3.29974e+07 1.11518e+07
3.29974e+07 1.11518e+07 3.2998e+07 1.11528e+07
3.2998e+07 1.11528e+07 3.29993e+07 1.11401e+07
3.29993e+07 1.11401e+07 3.29893e+07 1.11351e+07
3.29893e+07 1.11351e+07 3.2987e+07 1.11339e+07
3.2987e+07 1.11339e+07 3.2987e+07 1.11346e+07
3.2987e+07 1.11346e+07 3.29863e+07 1.11343e+07
3.29863e+07 1.11343e+07 3.29881e+07 1.11338e+07
3.29881e+07 1.11338e+07 3.29881e+07 1.11338e+07
3.29881e+07 1.11338e+07 3.29885e+07 1.11279e+07
