5039.01 149388.0
3540.65 140461.0
101.995 141135.0
-3140.74 139016.0
-3189.72 139038.0
-2078.75 141289.0
-1703.61 142346.0
-152.926 142324.0
-618.242 146401.0
1047.1 147006.0
1185.13 147028.0
1867.52 147581.0
2552.14 148482.0
2168.09 150684.0
3763.29 151034.0
4432.32 151439.0
3363.66 154396.0
3087.58 154131.0
3089.81 152804.0
2168.09 152171.0
3538.43 151060.0
4115.06 151154.0
2655.66 151007.0
3602.99 151078.0
5871.68 151018.0
8881.76 150720.0
9230.19 150744.0
9529.64 150315.0
7967.83 150698.0
4588.17 151405.0
2913.93 151029.0
1356.57 150243.0
-113.964 149382.0
-1700.27 148703.0
-1821.61 144216.0
-2750.01 143751.0
-1851.66 143911.0
-1751.47 149440.0
-2463.92 151074.0
-3547.06 151203.0
-3588.25 151844.0
-3977.86 152610.0
-3919.98 151864.0
-3545.94 154082.0
-3414.59 157372.0
-3324.42 157401.0
-2524.03 157256.0
-2049.81 158082.0
1098.3 157967.0
1405.55 158011.0
1955.46 159113.0
1277.53 160885.0
-673.901 163631.0
-1240.52 163749.0
-398.942 166667.0
380.294 171325.0
274.541 174593.0
1130.59 177330.0
1260.83 176998.0
40.7697 174941.0
307.936 171178.0
-425.659 166340.0
676.404 162782.0
-647.185 163702.0
-1811.59 163722.0
-2036.45 163230.0
-2630.9 162321.0
-3490.28 162248.0
-4145.96 162319.0
-3991.22 160520.0
-3225.34 158136.0
-2826.82 158120.0
-623.808 156885.0
2327.27 153432.0
2507.61 153423.0
1326.51 153465.0
1316.49 151989.0
1358.79 151757.0
1276.42 148921.0
1286.43 145339.0
1570.3 139692.0
1560.28 137818.0
1354.34 135400.0
2458.63 133398.0
2288.31 132835.0
2533.21 132038.0
4174.06 134636.0
3444.92 140363.0
4410.06 149624.0
6185.61 150960.0
7649.46 150771.0
12538.6 150873.0
14721.6 151301.0
15732.4 151252.0
14231.8 151178.0
11680.3 152285.0
11402.0 152085.0
11423.2 152105.0
11384.2 152085.0
11416.5 152036.0
11417.6 152096.0
11402.0 152093.0
11416.5 152122.0
11414.3 152100.0
11403.2 152100.0
11410.9 152087.0
11408.7 152102.0
11403.2 152082.0
11405.4 152093.0
11443.2 152118.0
11399.8 152096.0
11377.5 152167.0
11403.2 152049.0
11390.9 152129.0
11417.6 152078.0
11462.1 152180.0
11406.5 152087.0
11590.2 151009.0
11061.4 150878.0
8889.56 150660.0
5138.09 152657.0
-245.321 152719.0
845.61 152683.0
1185.13 154600.0
-290.962 154282.0
-1214.91 155722.0
-2514.01 155302.0
-3285.46 155128.0
-3278.78 158187.0
-3415.7 164022.0
-6825.42 164080.0
-7412.07 163715.0
-7069.21 162335.0
-4224.99 160743.0
-3279.89 159681.0
-3512.55 159712.0
-2518.47 158933.0
-2467.26 156170.0
-1664.64 157488.0
-2281.35 156631.0
625.197 155495.0
1090.51 155088.0
1489.04 154409.0
2840.45 154391.0
3016.34 154402.0
3074.23 152781.0
3051.96 152770.0
3807.82 151094.0
5201.54 150994.0
5978.55 151000.0
7894.36 150519.0
8249.47 149208.0
7769.68 149328.0
7897.7 149627.0
5819.36 150437.0
5975.21 150399.0
3576.28 149379.0
2777.0 151497.0
1266.4 150199.0
56.3544 149426.0
-2241.28 149034.0
-3643.91 149386.0
-3635.0 150735.0
-3921.09 152185.0
-3613.85 153131.0
-4831.68 154220.0
-4257.28 154863.0
-5735.6 156370.0
-8407.27 156862.0
-8458.47 159565.0
-9385.76 161945.0
-8546.42 161199.0
-7609.11 159249.0
-6712.98 157679.0
-6149.71 157602.0
-7299.64 157430.0
-7284.05 157074.0
-7649.18 156880.0
-9964.63 156905.0
-11278.2 156021.0
-15250.1 155092.0
-15597.4 149756.0
-15588.5 152227.0
-14397.4 149246.0
-13074.9 149382.0
-11863.7 149393.0
-11080.0 148164.0
-10760.6 147892.0
-10634.8 147325.0
-8858.11 147280.0
-8153.46 147776.0
-8122.29 149580.0
-8418.4 151243.0
-8667.75 151437.0
-7996.5 151780.0
-7874.05 151786.0
-7385.35 153503.0
-7307.43 155956.0
-7310.77 156796.0
-6996.85 158735.0
-7205.02 161066.0
-4247.26 160752.0
-3690.66 160480.0
-6956.77 161150.0
-7053.62 163130.0
-7059.19 166077.0
-6533.76 164129.0
-4000.13 165189.0
-3978.98 165630.0
-3999.01 164439.0
-3149.65 162252.0
-2993.8 162177.0
-2050.92 162114.0
-1042.37 162114.0
-1739.23 158810.0
-2460.58 156119.0
-3491.4 155175.0
-3586.02 154295.0
-1352.95 154609.0
743.196 155985.0
1286.43 154549.0
1501.28 151510.0
3451.6 151078.0
3964.78 151074.0
6231.25 150947.0
7512.53 150820.0
7604.93 150428.0
11178.3 150934.0
11387.6 152098.0
11403.2 152062.0
11404.3 152113.0
11418.7 152051.0
11393.1 152102.0
11359.7 152038.0
11399.8 152107.0
11399.8 152078.0
11385.3 152091.0
11633.6 151719.0
11512.2 150909.0
8935.2 150684.0
5701.37 150976.0
4443.46 143718.0
1155.08 140227.0
-1529.95 139094.0
-7901.88 139354.0
-14151.4 140031.0
-10256.3 141583.0
-9770.93 142845.0
-6763.08 144904.0
-4896.25 149054.0
-4832.8 151584.0
-7339.71 152904.0
-10102.7 152309.0
-10044.8 151272.0
-10055.9 150956.0
-10126.0 151401.0
-9294.48 151793.0
-8100.02 151285.0
-7542.31 152561.0
-6459.18 154478.0
-4371.93 154351.0
-3697.34 155150.0
-2538.5 155195.0
-2500.65 155845.0
-677.241 155560.0
4696.15 152519.0
4327.68 142162.0
5139.2 133234.0
12247.0 125441.0
15358.3 116298.0
15375.0 114278.0
15363.9 117433.0
15260.4 118718.0
10881.1 126312.0
3083.13 136909.0
4407.83 146666.0
4400.04 158209.0
5743.67 163221.0
5788.2 162642.0
5251.64 159414.0
5321.77 159258.0
5620.1 163156.0
5315.09 159260.0
2684.61 157984.0
785.497 157949.0
700.894 158619.0
951.363 160369.0
1958.8 159915.0
1959.92 160164.0
2438.59 159819.0
3037.49 158523.0
1265.28 157840.0
1278.64 147728.0
-148.473 145319.0
-1206.01 145363.0
-1915.11 145189.0
-1549.99 145884.0
-898.767 146374.0
-619.355 147002.0
-195.228 147015.0
2349.54 149518.0
2551.02 148562.0
3132.11 148246.0
1597.02 149319.0
400.332 149308.0
187.711 149346.0
1152.85 149357.0
2156.95 150406.0
3768.86 151074.0
5591.16 151018.0
7928.87 150851.0
8016.81 151728.0
-1759.27 155916.0
-3371.17 156050.0
-3454.66 157299.0
-3201.97 161678.0
-3144.08 161752.0
-3204.19 162139.0
-2778.95 162168.0
-2067.62 163056.0
-1346.27 162869.0
-1291.72 163448.0
-752.938 163720.0
1224.1 161017.0
2738.04 159837.0
2646.76 155994.0
1290.89 155486.0
1339.87 151733.0
4100.59 151080.0
6114.36 150956.0
7554.84 150054.0
7049.44 149268.0
5768.16 149224.0
8299.56 151684.0
8647.99 150664.0
9756.73 150820.0
10425.8 149324.0
13196.5 149143.0
11945.3 149108.0
11609.1 151283.0
11393.1 152087.0
11400.9 152067.0
11341.9 152211.0
11409.8 152100.0
11393.1 152085.0
11390.9 152109.0
11387.6 152085.0
11351.9 152098.0
11398.7 152078.0
11394.2 152102.0
11428.8 152109.0
11388.7 152073.0
11610.2 151552.0
10800.9 150885.0
8630.18 150642.0
5856.1 150936.0
4396.7 151290.0
4377.78 155887.0
3959.22 165153.0
-164.058 170410.0
129.825 175328.0
-2124.39 175971.0
-2000.83 176430.0
-2119.94 176245.0
-2128.85 176072.0
-3347.8 176114.0
-3666.17 176054.0
-3288.8 175032.0
-3520.34 175239.0
-5458.41 168751.0
-5465.09 164198.0
736.517 162424.0
1953.24 161224.0
1241.91 161591.0
1944.33 160950.0
1913.16 160906.0
1372.15 152345.0
-1075.76 152590.0
-4632.42 152732.0
-7299.64 152895.0
-8244.74 152781.0
-8202.44 152174.0
-7382.01 153447.0
-6032.82 154400.0
-4288.45 154418.0
-4516.65 157150.0
-5909.26 160627.0
-9577.23 161433.0
-8894.85 161275.0
-8062.18 159236.0
-7551.22 159196.0
-5653.22 161985.0
-5403.87 162210.0
-4197.16 162228.0
-3657.26 160476.0
-2814.58 158848.0
-1939.6 156553.0
-2268.0 156557.0
-3227.57 158111.0
-3178.59 161714.0
-4085.84 164724.0
-4141.5 164681.0
-3346.68 164737.0
-2788.97 162192.0
-2119.94 161015.0
670.838 159808.0
1952.13 159093.0
2488.69 158009.0
2795.93 156012.0
2642.31 155985.0
2707.98 155175.0
2569.95 155148.0
2499.82 155849.0
1554.71 155217.0
1697.2 155115.0
1963.26 158040.0
1956.58 159011.0
2388.5 159815.0
2768.1 159828.0
4020.44 161409.0
4088.35 161331.0
3595.2 161197.0
3857.92 161155.0
2229.31 159815.0
1569.19 159810.0
2895.0 157973.0
3064.21 155747.0
4272.02 154340.0
4481.3 151163.0
8640.2 150664.0
9219.06 150733.0
10392.4 147761.0
10818.7 144522.0
11265.1 143724.0
10808.7 145089.0
6157.78 146234.0
4462.38 146788.0
4385.57 149673.0
5983.0 150969.0
7523.67 150836.0
8007.91 152085.0
8664.69 150671.0
10207.6 150867.0
11546.8 150755.0
12657.7 148772.0
12747.9 147131.0
11543.4 149700.0
11557.9 149929.0
10577.2 150873.0
9359.32 150361.0
11048.0 150920.0
11415.4 152102.0
11395.4 152087.0
11393.1 152122.0
11453.2 152091.0
11403.2 152105.0
11419.8 152027.0
11407.6 152098.0
11389.8 152078.0
11438.8 152065.0
11398.7 152076.0
11399.8 152122.0
11278.5 151771.0
11404.3 152091.0
11383.1 152049.0
11400.9 152089.0
11398.7 152062.0
11419.8 152091.0
11396.5 152080.0
11350.8 152127.0
11446.6 152036.0
11400.9 152080.0
11407.6 152013.0
11393.1 152107.0
11598.0 151087.0
8954.12 150671.0
8285.09 149141.0
7079.5 146881.0
7295.46 149366.0
7057.24 149041.0
7076.16 148983.0
7078.39 149126.0
4435.66 147171.0
3175.53 136765.0
10512.6 126581.0
15576.5 120238.0
15888.2 114463.0
15215.8 115521.0
15326.0 121193.0
13276.7 124898.0
11728.2 126621.0
12702.2 130135.0
13438.1 135596.0
10835.4 139989.0
10311.1 145590.0
10326.7 145786.0
9991.62 150842.0
8942.99 150682.0
8886.22 150649.0
10522.6 150882.0
11363.1 152142.0
11357.5 151955.0
11353.1 152176.0
11355.3 151960.0
11348.6 152082.0
11347.5 151849.0
11356.4 152169.0
11350.8 152047.0
11358.6 152220.0
11356.4 152082.0
11354.2 152147.0
11386.5 151987.0
11358.6 152158.0
11373.1 152065.0
11378.7 152102.0
11365.3 152062.0
11348.6 152227.0
11360.8 152085.0
11360.8 152227.0
11345.3 151998.0
11346.4 152220.0
11366.4 152013.0
11357.5 152207.0
11353.1 152027.0
11372.0 152280.0
11387.6 152016.0
11356.4 152151.0
11366.4 152100.0
11359.7 152214.0
11357.5 152118.0
11365.3 152187.0
11350.8 152087.0
11410.9 152396.0
11379.8 152096.0
11367.5 152113.0
11363.1 152078.0
11360.8 152105.0
11377.5 152056.0
11375.3 152089.0
11380.9 152002.0
11355.3 152149.0
11364.2 152016.0
11356.4 152109.0
11350.8 152038.0
11368.6 152131.0
11365.3 152098.0
11369.8 152131.0
11337.5 152051.0
11350.8 152136.0
11291.8 152073.0
11310.8 152065.0
11350.8 152156.0
11382.0 152004.0
11351.9 152211.0
11368.6 152105.0
11364.2 152214.0
11360.8 152076.0
11363.1 152198.0
11362.0 152069.0
11373.1 152189.0
11373.1 152100.0
11372.0 152220.0
11368.6 152125.0
11375.3 152169.0
11357.5 152076.0
11350.8 152165.0
11355.3 152020.0
11362.0 152165.0
11362.0 152018.0
11366.4 152185.0
11372.0 152027.0
11350.8 152178.0
11346.4 152000.0
11356.4 152111.0
11333.0 152049.0
11362.0 151942.0
11272.9 150913.0
10422.4 150871.0
6928.11 150902.0
3145.47 151052.0
362.483 149765.0
-1266.12 149099.0
-2875.8 143511.0
-8007.63 143655.0
-13485.7 145933.0
-15670.9 145040.0
-15575.1 147451.0
-14346.2 148389.0
-14828.2 149248.0
-14586.6 148315.0
-14482.0 147356.0
-13897.5 148297.0
-11812.5 148046.0
-12902.3 148248.0
-10935.3 147296.0
-8657.74 143687.0
-7768.29 143480.0
-6546.0 145232.0
-5354.89 143642.0
-2836.84 143535.0
-2801.22 143555.0
-2589.71 152461.0
-3499.19 154255.0
-4078.05 154640.0
-3588.25 154669.0
-3381.19 155117.0
-2126.62 155700.0
-4780.48 157154.0
-6517.06 158218.0
-6130.78 157809.0
-5339.3 162257.0
-4709.23 162290.0
-2217.9 162150.0
-1843.87 162212.0
383.634 160870.0
640.782 160547.0
71.9392 158670.0
683.083 157550.0
2455.29 155956.0
2308.35 155963.0
2232.65 155117.0
3072.0 154990.0
3098.72 151682.0
4880.94 151067.0
8813.86 150682.0
8970.82 150551.0
10509.3 150902.0
11398.7 152076.0
11442.1 152069.0
11394.2 152076.0
11421.0 152129.0
11354.2 152100.0
11323.0 152100.0
11368.6 152049.0
11398.7 152100.0
11397.6 152067.0
11404.3 152145.0
11398.7 152093.0
11404.3 152118.0
11406.5 152076.0
11407.6 152113.0
11393.1 152071.0
11403.2 152105.0
11382.0 152013.0
11393.1 152071.0
11383.1 152093.0
11432.1 152040.0
11378.7 152111.0
11410.9 152062.0
11369.8 152111.0
11423.2 152040.0
11419.8 152085.0
11387.6 152087.0
11378.7 152127.0
11389.8 152100.0
11382.0 152122.0
11370.9 152044.0
9695.51 150791.0
8272.85 152454.0
3123.21 152628.0
3057.53 153621.0
3074.23 154367.0
3021.91 160857.0
1955.46 161081.0
557.292 160888.0
-867.597 157984.0
-1612.32 158096.0
-1110.27 157383.0
-848.673 155898.0
-1247.2 155827.0
-1553.33 153454.0
-2606.41 151141.0
-2892.5 150749.0
-2707.71 149086.0
-2625.33 150686.0
-2568.56 153273.0
-666.109 157769.0
-1066.86 157942.0
-2088.77 157976.0
-2483.96 156052.0
-3568.21 154157.0
-3463.57 154119.0
-4246.14 154709.0
-4006.81 154554.0
-3584.91 155021.0
-2420.5 155947.0
-585.959 154525.0
1228.55 155502.0
2522.08 155687.0
-650.524 155426.0
-1811.59 145942.0
-2757.8 142798.0
-1710.29 142431.0
-1105.82 143241.0
25.185 145617.0
938.005 147013.0
1171.78 147097.0
1225.21 152637.0
39.6565 149593.0
241.145 149631.0
2553.25 148767.0
2935.08 148050.0
3069.77 147598.0
4464.61 146634.0
1236.34 137375.0
1135.04 137170.0
595.141 136500.0
-2473.94 139002.0
-1774.85 140463.0
-1570.02 139111.0
1244.13 146988.0
930.212 147151.0
557.292 149059.0
1879.77 148164.0
3450.49 148110.0
3852.35 149233.0
1683.85 149351.0
99.769 149504.0
-1036.8 149328.0
-1119.18 149865.0
-450.149 150441.0
845.61 152496.0
38.5433 151639.0
1299.79 147970.0
1305.36 142883.0
1434.49 142863.0
2032.28 143023.0
2424.12 146968.0
2465.31 147650.0
4013.76 149388.0
4407.83 151379.0
126.486 153004.0
143.184 152926.0
3059.75 152686.0
3110.96 152454.0
