-24490.7 155210.0
-21980.5 155201.0
-21319.2 154436.0
-19653.9 154429.0
-18589.7 154391.0
-18539.6 152848.0
-17325.1 152837.0
-15854.5 152993.0
-15349.1 152897.0
-15350.3 152770.0
-15527.3 152459.0
-15551.8 150842.0
-15495.0 149146.0
-14271.6 148251.0
-13757.3 148240.0
-13839.7 147988.0
-13717.2 146067.0
-13512.4 146002.0
-11651.1 145924.0
-10985.4 145637.0
-10565.8 147507.0
-10446.6 150087.0
-10408.8 154360.0
-11347.2 162141.0
-11572.1 165730.0
-11703.4 174380.0
-11548.7 176924.0
-11371.7 178950.0
-9521.57 178120.0
-6139.69 176150.0
-5314.81 176110.0
-5330.4 173206.0
-5437.26 169379.0
-4987.53 168633.0
-4832.8 168558.0
-4713.69 167422.0
-5603.13 162368.0
-5175.66 160814.0
-3776.38 160836.0
-1231.61 161068.0
-481.319 158721.0
-1174.84 154554.0
-2775.61 153423.0
-2544.07 153006.0
-1428.65 152630.0
1464.55 152730.0
1839.69 152688.0
1592.56 154351.0
1307.59 154077.0
1403.32 153093.0
1372.15 153064.0
2443.04 152728.0
2950.66 152948.0
1569.19 153476.0
-823.07 154665.0
-1083.56 155894.0
-1300.63 155061.0
-1752.59 154302.0
-3470.25 154260.0
-3779.72 153877.0
-4182.69 153273.0
-4296.24 152341.0
-4511.08 148440.0
-4595.69 147583.0
-4734.84 139991.0
-4760.44 135881.0
-4570.08 133394.0
-4138.16 133476.0
-3726.28 133784.0
-3460.23 136673.0
-2856.88 137700.0
-2642.03 137722.0
-2843.52 137722.0
-2807.9 141209.0
-502.469 144619.0
-1169.27 142420.0
-1183.74 141291.0
-308.773 141531.0
-815.277 142275.0
-835.315 143871.0
-377.792 144473.0
-1083.56 145314.0
-1565.57 145354.0
-2043.13 144586.0
-1765.95 145539.0
-1086.9 143740.0
-1145.9 142785.0
-849.786 141209.0
-176.303 140153.0
-234.189 139559.0
-388.924 140202.0
-400.055 140376.0
-427.885 140389.0
-2.64489 139065.0
11.8266 139799.0
-236.416 140189.0
-1074.65 141202.0
-1842.76 141260.0
-1993.04 142228.0
-2038.68 143419.0
-1852.77 145056.0
-1740.34 150802.0
-2162.24 151995.0
-2250.19 152599.0
-4772.69 152737.0
-6094.05 152824.0
-6224.29 152813.0
-6504.82 152414.0
-6538.21 153892.0
-7230.62 154494.0
-7324.13 154505.0
-7304.09 156208.0
-8203.55 156882.0
-9592.82 156858.0
-10352.0 156827.0
-10407.7 156076.0
-9657.38 156163.0
-9607.29 159394.0
-9582.8 160445.0
-9587.25 160177.0
-9403.58 159899.0
-8804.68 159908.0
-8454.02 161081.0
-4102.54 160672.0
-4376.39 160367.0
-5484.02 160224.0
-5496.26 159766.0
-5712.22 158579.0
-6118.54 158330.0
-6354.54 158274.0
-6001.65 157553.0
-4642.44 157156.0
-3505.87 157348.0
-2762.26 157314.0
-3425.72 157323.0
-3531.47 154360.0
-3573.77 154244.0
-4301.8 153233.0
-4307.37 152590.0
-3626.09 152352.0
-3550.4 154135.0
-3525.91 155976.0
-3305.49 157931.0
-3193.06 162092.0
-2823.48 163918.0
-2424.96 164864.0
-2426.07 166825.0
-2420.5 165327.0
-2142.21 163677.0
-2619.77 162885.0
-3191.95 161674.0
-4002.35 160683.0
-8098.91 161064.0
-8427.3 159383.0
-8432.87 156943.0
-8589.83 156856.0
-8478.51 156916.0
-8403.93 155250.0
-7320.79 155431.0
-7306.32 156758.0
-6985.72 158871.0
-6959.0 160507.0
-7069.21 163953.0
-7042.49 165296.0
-7651.41 166607.0
-7974.23 167803.0
-7364.2 166683.0
-7055.85 165884.0
-7082.56 164098.0
-7372.0 162860.0
-6985.72 159394.0
-6357.87 158265.0
-6686.27 156822.0
-7291.85 156557.0
-7318.56 155500.0
-7308.54 156985.0
-6987.94 159331.0
-6946.75 161807.0
-6758.62 163568.0
-6538.21 163252.0
-6936.74 161736.0
-6989.06 159042.0
-6218.73 157582.0
-5058.78 157221.0
-3159.67 162190.0
-2609.75 162936.0
-1985.25 163127.0
-1839.42 161542.0
-1187.08 160543.0
-2566.33 158065.0
-3500.3 156083.0
-4182.69 156105.0
-7349.73 156865.0
-9204.31 156905.0
-12126.5 156767.0
-12081.9 158154.0
-12405.9 158341.0
-12293.4 157875.0
-10817.3 155535.0
-9926.78 153095.0
-9940.14 153135.0
-9929.0 153109.0
-9936.8 153122.0
-8599.85 150375.0
-8135.65 148371.0
-6950.09 147122.0
-6038.39 145779.0
-4763.78 135765.0
-4344.11 131620.0
-2915.88 133690.0
380.294 136351.0
1007.02 137172.0
4613.77 133946.0
5016.75 133147.0
7811.98 128812.0
8531.11 128302.0
11731.5 126539.0
11721.5 126557.0
11729.3 126483.0
11736.0 126561.0
15854.8 124085.0
16098.6 124413.0
16215.5 124836.0
16225.5 124811.0
14657.0 124350.0
14434.4 124411.0
15823.6 120036.0
14087.1 118114.0
15556.5 119350.0
15594.3 121338.0
16095.3 124402.0
16253.3 124907.0
16083.0 124502.0
16098.6 124099.0
13855.5 124484.0
12206.9 125706.0
11974.2 127162.0
12510.8 128785.0
9708.87 130426.0
8898.46 130829.0
6246.83 134899.0
5108.03 137466.0
4558.11 137455.0
4627.13 134930.0
6614.19 132134.0
6933.67 132112.0
6237.93 131459.0
9270.27 127786.0
9484.0 128222.0
9630.94 127886.0
10210.9 127340.0
9559.7 130477.0
8791.59 131319.0
6183.38 134899.0
5039.01 135280.0
5260.54 134906.0
4417.85 134926.0
4444.57 139721.0
4367.76 141398.0
3802.26 140754.0
3442.69 139316.0
3437.13 139336.0
3438.24 139325.0
3528.41 139485.0
3481.66 139550.0
3498.35 139692.0
3231.19 139986.0
2094.61 140545.0
1511.3 141625.0
1274.19 144486.0
1255.27 149359.0
1202.95 152176.0
885.685 152470.0
1348.77 151797.0
1303.13 151659.0
2171.42 150136.0
2162.52 149462.0
1887.56 148237.0
1884.22 147512.0
1424.47 146973.0
383.634 146962.0
-1410.84 147008.0
-1817.15 146928.0
-1710.29 151178.0
5951.83 142731.0
-2930.35 152648.0
-2565.22 153478.0
-6037.27 154420.0
-6145.25 156528.0
-6785.34 156813.0
-8576.47 156896.0
-9630.67 156902.0
-11972.8 156800.0
-12221.1 157183.0
-12646.3 158648.0
-12670.8 158160.0
-12673.0 158234.0
-12677.5 157851.0
-11310.5 157722.0
-11243.7 159901.0
-7957.54 161081.0
-6589.42 160901.0
-2880.25 160897.0
-541.431 157791.0
-706.184 157443.0
-1122.52 156936.0
-1395.25 156894.0
-2816.8 158080.0
-4439.84 157023.0
-4675.84 157158.0
-5665.47 157512.0
-6800.93 158824.0
-7001.3 158993.0
-7217.26 161041.0
-6426.89 160888.0
-3854.3 160776.0
-3352.25 160948.0
-2649.82 161609.0
-1229.39 161384.0
-585.959 160765.0
-430.112 159367.0
-31.588 158595.0
149.863 159786.0
73.0524 158822.0
-1124.75 157058.0
-1131.42 156522.0
-1528.84 155028.0
-3706.24 155177.0
-3504.76 154433.0
-2599.73 154387.0
650.801 153634.0
-719.542 153347.0
-708.41 152701.0
1259.72 153596.0
1241.91 154794.0
1642.66 156511.0
2313.91 156003.0
2461.97 156003.0
1215.19 156050.0
1211.85 157163.0
337.993 157230.0
621.857 156241.0
617.405 156076.0
919.08 155535.0
1274.19 155342.0
1265.28 142861.0
1178.45 142611.0
-435.678 140447.0
-4048.0 139134.0
-8380.55 139350.0
-13513.5 139503.0
-14168.1 139550.0
-15828.9 140904.0
-15738.8 141685.0
-15351.4 142362.0
-15600.7 142193.0
-15875.7 139639.0
-16077.2 136397.0
-16080.5 135814.0
-15200.0 135945.0
-15196.6 135868.0
-12439.3 135313.0
-4604.59 134828.0
1053.78 137217.0
4110.61 141135.0
3817.84 140790.0
2932.85 142418.0
1984.41 142157.0
1587.0 142440.0
1438.94 141977.0
988.099 142449.0
758.78 142887.0
-387.81 143386.0
-617.128 142914.0
-393.376 141983.0
-289.849 142562.0
-618.242 144729.0
-805.258 145334.0
-1814.93 147672.0
-1788.21 148758.0
-2618.65 152630.0
-8428.42 152937.0
-9035.11 152906.0
-11313.8 156261.0
-11763.5 156787.0
-14322.8 156842.0
-14782.5 157234.0
-15501.7 157524.0
-15529.5 156960.0
-12884.5 155135.0
-11872.6 155030.0
-11303.8 160988.0
-10533.5 161571.0
-5069.91 160772.0
-4094.75 160727.0
1372.15 160903.0
461.557 160857.0
-122.87 158583.0
-475.753 158365.0
-1252.76 156001.0
-1536.63 155889.0
-2492.86 155963.0
-3024.97 156591.0
-2892.5 156582.0
-2453.9 156065.0
-2411.6 155680.0
-1662.42 154694.0
-1595.63 154306.0
-3485.83 154260.0
-4305.14 153325.0
-4295.12 154131.0
-6109.63 154774.0
-6194.23 155718.0
-7248.43 156831.0
-7933.05 156891.0
-10167.2 156871.0
-11276.0 159416.0
-11499.7 159552.0
-11583.2 160356.0
-11514.2 159757.0
-10158.3 159427.0
-10136.1 159040.0
-8798.0 156934.0
-8499.66 156925.0
-7635.82 154847.0
-7330.81 155288.0
-7305.2 156804.0
-6947.87 161589.0
-7117.07 162377.0
-6934.51 161963.0
-6111.86 158281.0
-6126.33 157880.0
-5356.0 160850.0
-4377.5 160741.0
617.405 160872.0
643.008 160585.0
73.0524 159539.0
73.0524 158664.0
-108.398 155923.0
-1029.01 155898.0
-1590.06 154409.0
-1468.72 154411.0
-1544.42 152283.0
-1686.91 150980.0
-953.313 148513.0
-705.071 148518.0
552.839 145354.0
1226.32 145323.0
2093.5 144855.0
2069.01 144241.0
2834.89 139234.0
3410.41 138185.0
5188.18 134091.0
5313.97 133118.0
11737.1 126486.0
11614.7 126214.0
12184.6 125704.0
16211.0 124765.0
16221.1 124849.0
-15149.9 179552.0
16221.1 124849.0
16394.7 125288.0
16401.4 125052.0
16083.0 124640.0
14664.8 124364.0
13846.6 124486.0
11649.2 126085.0
12643.2 129763.0
10311.1 130261.0
8439.83 131473.0
6847.96 132074.0
5876.14 132105.0
4404.49 134770.0
3814.5 137399.0
3575.16 137248.0
3783.33 137524.0
4426.76 138190.0
4031.57 137994.0
3665.33 138644.0
2847.13 139488.0
1811.86 141075.0
1145.06 142634.0
1081.61 143168.0
2879.42 142536.0
4192.99 141578.0
4557.0 141253.0
4698.38 141037.0
2920.6 139612.0
704.234 136722.0
-2835.73 134692.0
-4079.16 134725.0
-4729.27 135001.0
-4425.37 135997.0
-3896.6 136691.0
-2960.4 136803.0
-2370.41 137709.0
-2292.49 137727.0
-2300.28 137713.0
-2294.71 137735.0
-2289.15 137713.0
-2793.42 138330.0
-2815.69 140810.0
-3034.99 141763.0
-3528.13 141921.0
-3744.09 144234.0
-3720.72 145528.0
-4662.48 145417.0
-5362.68 145428.0
-5623.17 145383.0
-5594.22 144731.0
-5661.01 143807.0
-3146.31 143524.0
-643.845 143488.0
2738.04 137575.0
5675.76 132281.0
9869.17 127058.0
13219.9 124544.0
15685.6 114200.0
15593.2 114461.0
15520.9 117680.0
16026.2 119835.0
16097.5 121213.0
15936.1 122171.0
15821.4 121619.0
15306.0 121249.0
13883.3 124444.0
12949.4 125127.0
11623.6 126401.0
12469.6 128489.0
10629.5 130246.0
8904.03 131210.0
5999.7 134895.0
5301.73 137466.0
4760.72 137468.0
4324.34 138236.0
3852.35 137633.0
3164.39 136662.0
2895.0 136380.0
2760.3 133786.0
2581.08 133287.0
3188.88 132016.0
2976.26 132648.0
2466.42 133345.0
2470.87 133327.0
2024.48 136912.0
2154.73 140416.0
1255.27 142059.0
1047.1 142355.0
901.269 142647.0
557.292 142709.0
399.218 142910.0
1196.27 144050.0
1255.27 145063.0
1264.17 154264.0
1169.55 160763.0
1111.66 160890.0
3107.62 160926.0
3173.3 160899.0
3021.91 160921.0
2453.06 160832.0
1831.9 159812.0
1545.81 159819.0
649.687 159060.0
660.819 157911.0
897.93 155491.0
1181.79 155996.0
2188.12 156003.0
1316.49 155941.0
1264.17 155415.0
4437.89 152258.0
4446.8 143504.0
4643.83 134140.0
5823.82 131994.0
11767.2 125762.0
15593.2 114882.0
15479.7 115200.0
15896.0 118226.0
16021.8 119873.0
15823.6 121327.0
15788.0 120140.0
14325.3 122814.0
13176.5 124540.0
6135.51 131392.0
758.78 141091.0
-6439.14 143606.0
-9062.94 143849.0
-10513.4 147739.0
-10478.9 148776.0
-10655.9 151403.0
-11721.2 152065.0
-11880.4 152857.0
-12805.5 153790.0
-13021.5 153908.0
-13483.4 154273.0
-12611.8 151390.0
-12323.5 151312.0
-10810.7 151428.0
-10494.5 152557.0
-7534.52 152937.0
-4859.51 152781.0
-2607.52 153162.0
-3579.34 152819.0
-2856.88 153380.0
-4059.13 153216.0
-3980.09 152610.0
-440.13 149368.0
-3273.21 154095.0
-2442.77 155090.0
-3865.43 154235.0
-4310.71 152236.0
-4689.2 141505.0
-4615.72 132325.0
-10955.4 125577.0
-9332.33 130845.0
-11045.5 139399.0
-12651.9 138045.0
-11007.7 138183.0
-10008.0 140024.0
-6635.06 138279.0
-3591.59 140033.0
-4420.92 136001.0
-3947.81 134830.0
-140.681 135676.0
3803.37 135436.0
4361.08 134418.0
6190.06 130457.0
11583.5 126185.0
11738.2 126503.0
11753.8 126490.0
11678.1 126445.0
13389.1 124834.0
13989.1 124306.0
16272.3 124807.0
16097.5 124506.0
16016.2 121311.0
15814.7 121338.0
16257.8 124789.0
16093.0 124237.0
16759.8 124123.0
21453.1 123780.0
20915.4 120857.0
20009.3 113227.0
19977.0 110335.0
21563.3 106081.0
23027.1 106105.0
22959.2 103480.0
21806.0 106061.0
20257.5 106036.0
19977.0 106439.0
19972.5 108906.0
20178.5 116772.0
20633.8 119383.0
19501.6 124633.0
16262.2 124785.0
17184.0 124179.0
17971.0 124346.0
21531.0 124226.0
21233.8 122563.0
20273.1 113688.0
19961.4 111878.0
20972.2 106090.0
21896.1 106085.0
23070.5 104313.0
23031.6 103480.0
22940.3 103462.0
22624.2 106043.0
21067.9 106023.0
19972.5 107842.0
19963.6 110772.0
20699.4 119720.0
21268.3 122863.0
19623.0 124595.0
17042.6 124112.0
16244.4 124780.0
16087.5 124620.0
16097.5 124106.0
14900.8 124286.0
14068.1 124197.0
13614.0 122632.0
12307.1 120033.0
12644.4 120149.0
14063.7 118479.0
16116.4 121354.0
16162.1 121977.0
15874.9 122142.0
16242.2 124785.0
16276.7 124793.0
16100.8 124081.0
15908.2 124041.0
12814.7 125201.0
10179.7 127116.0
6050.91 131778.0
4427.87 136580.0
4417.85 136747.0
3292.41 138528.0
1642.66 141324.0
776.592 142852.0
18.5058 144399.0
11.8266 151935.0
1358.79 152701.0
1343.21 152980.0
1289.77 146291.0
823.346 143640.0
707.573 143664.0
112.014 142364.0
261.182 142090.0
939.118 142346.0
1200.72 142816.0
1259.72 148698.0
1229.66 155246.0
614.065 156304.0
323.521 156183.0
787.723 155985.0
1196.27 156012.0
1430.04 155173.0
1279.76 155132.0
1324.28 153022.0
1309.81 153071.0
1342.09 152933.0
1332.08 152029.0
834.478 151011.0
812.214 151069.0
1237.45 151463.0
1736.17 151501.0
2538.78 152216.0
2385.16 152632.0
1334.3 151735.0
1315.38 150611.0
1543.58 149326.0
1863.07 149299.0
1886.45 147122.0
1279.76 145345.0
99.769 145316.0
-1180.41 145327.0
-1261.67 145007.0
-362.207 144154.0
-612.676 145267.0
-1154.8 146828.0
-1224.93 146260.0
-628.26 145782.0
-476.866 145359.0
363.596 143816.0
631.876 143139.0
1050.44 142471.0
3755.5 137546.0
2252.69 135538.0
-2506.22 134652.0
-2655.39 137261.0
-3607.17 138984.0
-2033.11 139089.0
-1534.4 139149.0
-1288.39 139414.0
-751.825 140071.0
1575.87 141500.0
2210.39 142135.0
2135.8 142182.0
980.306 155132.0
4838.64 152706.0
5731.42 152724.0
11284.0 152479.0
14234.0 152098.0
8118.11 152503.0
7897.7 149437.0
8780.46 149560.0
8782.69 149647.0
4605.98 146265.0
3201.13 146979.0
2128.01 144553.0
1339.87 143453.0
974.74 143613.0
-5964.92 143602.0
-10532.4 146935.0
-10516.8 147939.0
-12319.0 149302.0
-12847.8 149357.0
-13466.7 145980.0
-11228.1 145699.0
-10460.0 145664.0
-10500.1 145278.0
-10608.1 140022.0
-9344.58 139474.0
-9086.32 139468.0
-9233.26 139372.0
-15849.0 139993.0
-17410.8 132579.0
-17842.7 131942.0
-19274.3 126071.0
-19999.0 130698.0
-20535.5 131424.0
-19992.3 131005.0
-19657.2 131201.0
-17334.0 132969.0
-13963.2 135600.0
-13959.9 135520.0
-9856.65 135146.0
-3263.19 134810.0
-3195.29 135177.0
-3307.72 135520.0
-4784.93 137134.0
-4720.36 143054.0
-4993.1 143057.0
-6181.99 139450.0
-5803.5 139285.0
-5239.11 139263.0
-3060.59 139147.0
-2830.16 139436.0
-2830.16 138862.0
-692.826 137444.0
1669.37 131985.0
2106.86 135382.0
2141.37 135418.0
4062.74 134483.0
6865.77 129812.0
7195.27 129640.0
11733.8 126508.0
14110.4 124270.0
16213.3 124847.0
16105.3 124108.0
16113.1 121394.0
16127.5 121567.0
15782.5 121351.0
15695.6 121336.0
13026.2 125081.0
12815.8 125225.0
11701.5 130186.0
11500.0 130208.0
7600.48 131905.0
7462.44 131918.0
5203.77 136589.0
4898.75 136609.0
3027.47 137263.0
4417.85 138501.0
4402.27 138475.0
5213.79 138481.0
4732.89 138481.0
538.368 142660.0
-161.832 143557.0
-1782.64 145307.0
-2024.21 145307.0
-1901.76 145321.0
-1880.6 145566.0
-1228.27 145383.0
-1238.29 145802.0
-1785.98 148215.0
-1755.93 149397.0
-2329.22 152672.0
-1999.72 152659.0
-765.183 153652.0
-707.297 152719.0
-1545.53 150709.0
-1429.76 150457.0
-2526.26 152641.0
-6340.06 152846.0
-10131.6 152650.0
-9536.05 150660.0
-11764.7 149195.0
-11814.8 148438.0
-12568.4 148774.0
-12559.5 149097.0
-11769.1 149255.0
-11536.5 149424.0
-10457.8 150410.0
-10148.3 150426.0
-8556.43 149264.0
-8632.13 145410.0
-7361.98 144203.0
-7005.75 144562.0
-5664.35 145419.0
-5360.45 145419.0
-3710.7 146666.0
-3655.04 148863.0
-4615.72 146846.0
-4632.42 146216.0
-2724.41 146320.0
-2447.22 146396.0
-2078.75 146663.0
-2099.9 146672.0
-2046.47 146706.0
-2708.82 147046.0
-2722.18 147476.0
-3633.89 150274.0
-3643.91 149615.0
-2628.67 151230.0
-2613.09 151898.0
-3257.63 153817.0
-3452.44 153654.0
-4345.22 151065.0
-4621.29 146679.0
-4762.67 140835.0
-4728.16 140565.0
-4753.76 135128.0
-4528.9 130963.0
-4413.12 130794.0
-5084.38 131123.0
-4839.48 134883.0
-4428.71 134843.0
476.029 136489.0
837.817 132129.0
817.78 132606.0
1028.17 132922.0
2480.89 135832.0
4414.51 138962.0
4425.64 139323.0
4430.1 138564.0
6076.51 139109.0
6419.38 139131.0
5774.84 140147.0
5539.95 140131.0
4432.32 138241.0
4363.31 134863.0
3333.6 133516.0
1294.23 132877.0
757.667 132906.0
1029.29 132886.0
836.704 132673.0
1949.9 128990.0
-306.547 126708.0
-207.473 126704.0
-3239.82 124974.0
-3551.51 124972.0
-3789.73 130192.0
-2869.12 132561.0
-2896.95 133120.0
-4742.63 133447.0
-4751.53 134180.0
-9965.74 135091.0
-10522.3 135095.0
-12143.1 139383.0
-12282.3 139401.0
-12408.1 138804.0
-12966.9 137604.0
-12949.1 138421.0
-12463.7 140699.0
-11746.9 140913.0
-12175.4 140296.0
-10585.8 141229.0
-10049.2 140004.0
-8713.4 137809.0
-8489.64 138361.0
-7833.97 138426.0
-7877.39 138515.0
-7780.54 138408.0
-7782.76 138455.0
-7850.67 138448.0
-7921.91 138726.0
-7938.61 138677.0
-7939.72 138699.0
-8103.36 138524.0
-8411.72 139327.0
-8153.46 140485.0
-7915.23 140848.0
-7835.08 143889.0
-8108.93 148351.0
-8185.74 151788.0
-8073.31 151777.0
-6376.8 149366.0
-6045.07 145595.0
-5889.22 145445.0
65.26 145343.0
2385.16 144277.0
2945.1 142536.0
2919.49 142455.0
376.955 143800.0
61.9204 143889.0
-620.468 145292.0
1263.06 147396.0
1822.99 149344.0
1886.45 149328.0
2326.16 150856.0
2182.56 150802.0
322.408 149731.0
294.578 149564.0
-2005.28 149057.0
-2472.82 149063.0
-5644.32 148903.0
-5668.81 148213.0
-6036.16 145966.0
-3574.89 147006.0
-6562.7 147064.0
-2344.81 147035.0
-1035.69 150194.0
-1645.72 151036.0
-1705.83 150702.0
-87.2477 142683.0
255.616 142050.0
-914.352 135318.0
-642.732 134496.0
-937.729 126238.0
-2448.33 123017.0
-2975.99 123727.0
-140.681 128057.0
-1270.57 129950.0
552.839 130431.0
558.405 130477.0
16253.3 124780.0
16096.4 124201.0
15881.5 122356.0
16150.9 121073.0
15828.1 121336.0
15734.6 121329.0
14211.7 123780.0
12358.3 125557.0
8623.5 128227.0
6465.02 131025.0
5050.15 133588.0
4432.32 134903.0
3112.07 133225.0
2574.4 131050.0
1983.29 133053.0
2890.55 135139.0
3016.34 135006.0
2795.93 132882.0
3592.97 129113.0
5645.71 132499.0
9222.4 127512.0
13497.1 124284.0
15427.3 120817.0
15765.8 114835.0
15382.8 114280.0
15411.8 115376.0
15976.2 119214.0
15916.0 121316.0
15853.7 121338.0
15892.7 122511.0
16085.2 124778.0
21065.7 124471.0
20095.0 115605.0
20043.8 114668.0
20824.1 106065.0
21358.5 106076.0
22953.7 103465.0
23034.9 103609.0
22175.5 106045.0
20021.5 106029.0
19973.6 106544.0
19955.8 111139.0
20115.0 116111.0
20926.5 120982.0
20749.5 124491.0
16502.7 124865.0
16258.9 124787.0
16098.6 124121.0
15781.3 121363.0
15818.1 119915.0
16016.2 119748.0
16097.5 121213.0
15755.7 120871.0
16055.2 120140.0
15775.8 117019.0
15977.3 119272.0
1271.96 144366.0
1253.04 154496.0
1226.32 155818.0
1270.85 152581.0
-975.577 152592.0
-1828.28 144533.0
-2168.92 143444.0
-5893.67 143589.0
-6342.29 143660.0
-4709.23 143700.0
-4681.4 143397.0
-4737.06 139405.0
-1249.42 139401.0
1284.21 143606.0
2682.38 144771.0
2495.36 146908.0
2794.81 147022.0
3680.92 146977.0
3441.58 147020.0
3551.79 147006.0
4720.64 144430.0
5210.45 144359.0
-8445.12 154712.0
5067.96 140565.0
6478.38 141763.0
6603.05 142186.0
5934.02 139920.0
5906.19 139167.0
3956.99 138635.0
3450.49 138604.0
3380.35 138544.0
4817.49 140803.0
4491.32 141267.0
4020.44 141645.0
2589.99 142680.0
1998.88 142213.0
1102.76 142302.0
615.178 143148.0
140.957 142634.0
778.818 142130.0
1227.44 142892.0
1266.4 153783.0
-5604.24 164060.0
-7079.22 165153.0
-7048.06 164877.0
-5163.42 164132.0
-4081.39 164143.0
-3157.44 162994.0
-2030.89 163655.0
-1277.25 164646.0
-1259.44 165541.0
-380.018 168115.0
-230.85 173039.0
-667.222 173066.0
278.993 172777.0
502.746 172607.0
-347.735 168649.0
-349.962 167700.0
-171.851 163635.0
370.275 163110.0
1243.02 160966.0
1839.69 157655.0
1870.86 157771.0
1825.22 157515.0
1819.66 157590.0
1937.65 157860.0
1959.92 161369.0
1250.81 158445.0
1267.51 155130.0
1303.13 154082.0
1247.47 151517.0
959.156 151526.0
862.308 150401.0
1175.12 150205.0
3014.11 149402.0
3137.68 149072.0
3637.5 147004.0
3703.18 146962.0
1913.16 146973.0
1319.83 144577.0
1319.83 143580.0
255.616 142783.0
579.556 143230.0
1250.81 146430.0
1303.13 147004.0
5149.22 146817.0
5773.72 146534.0
5780.4 146692.0
5803.78 146487.0
7504.74 147149.0
7473.57 143183.0
7429.04 142170.0
7472.46 143063.0
9747.83 145247.0
10298.9 145581.0
10318.9 145310.0
10160.8 145216.0
6280.23 146147.0
5804.89 146416.0
3231.19 146984.0
2539.89 146966.0
621.857 146993.0
-1237.18 145953.0
-1240.52 145430.0
36.3169 143943.0
924.646 143653.0
3872.39 140881.0
3269.03 139944.0
3256.79 137540.0
3371.45 137350.0
4040.48 137878.0
3864.59 138283.0
3458.28 138691.0
3468.3 138664.0
3459.39 138675.0
3517.28 138581.0
3264.58 138488.0
3548.45 138688.0
4100.59 138675.0
4402.27 135024.0
4895.41 134917.0
5559.99 134906.0
5229.37 134224.0
6609.73 130765.0
7247.59 129607.0
10590.5 126835.0
11375.3 126274.0
12301.5 126853.0
12071.1 127011.0
11740.4 126503.0
13858.9 124491.0
14541.2 124435.0
16217.7 124838.0
16218.8 3433360.0
16221.1 124838.0
16218.8 124860.0
16217.7 124809.0
16079.7 124773.0
16094.2 124475.0
14940.9 124277.0
13639.6 122184.0
12419.5 118032.0
11894.1 117736.0
9176.76 120171.0
9026.48 120245.0
9125.55 120227.0
9019.8 120254.0
9013.12 120238.0
9022.03 120238.0
9017.57 120245.0
9017.57 120220.0
9025.37 120265.0
9014.23 120254.0
8990.86 120283.0
9023.14 120254.0
9006.44 120287.0
9026.48 120209.0
9018.69 120263.0
9016.46 120245.0
9017.57 120258.0
9030.93 120247.0
9017.57 120252.0
9009.78 120227.0
9015.35 120254.0
66019.8 120254.0
9000.88 120254.0
9012.01 120261.0
9271.38 119651.0
10091.8 120056.0
12035.4 117843.0
12693.3 118210.0
