-10499.0 148899.0
-10437.7 150297.0
-10766.1 151394.0
-10920.9 153449.0
-12431.5 153792.0
-12688.6 153679.0
-14231.5 152773.0
-14424.1 152815.0
-16780.7 152824.0
-16977.8 152813.0
-17258.3 153249.0
-18512.8 154422.0
-19452.4 154424.0
-20262.8 152819.0
-20353.0 152815.0
-20633.5 152744.0
-18803.4 152857.0
-17243.8 154088.0
-18527.3 154436.0
-19714.0 155311.0
-19642.7 155671.0
-18559.6 165091.0
-17189.3 167427.0
-15852.3 166656.0
-15887.9 168638.0
-15736.5 168346.0
-15742.1 168086.0
-17317.3 166805.0
-17489.8 166901.0
-18590.8 163965.0
-18588.5 163370.0
-19515.8 155353.0
-19256.5 155208.0
-17299.5 156473.0
-16728.4 155219.0
-16333.2 155206.0
-16298.7 158519.0
-17335.1 161228.0
-17359.6 161887.0
-15737.7 162687.0
-15417.1 159948.0
-15554.0 157452.0
-12710.9 155137.0
-12065.2 155092.0
-11379.5 154678.0
-11365.0 154629.0
-13270.8 155144.0
-16796.3 155119.0
-16744.0 155219.0
-16476.8 154805.0
-16483.5 153501.0
-14402.9 152846.0
-13774.0 152870.0
-12951.3 153810.0
-12972.5 153761.0
-12851.1 151884.0
-11564.3 150388.0
-13840.8 147126.0
-16234.1 144522.0
-16294.3 143698.0
-17325.1 143854.0
-17085.7 148859.0
-16284.2 149188.0
-15580.7 152405.0
-11537.6 153358.0
-11057.8 153331.0
-12156.5 153812.0
-13690.5 152781.0
-16477.9 152000.0
-17409.7 152793.0
-17882.8 152236.0
-17851.6 152819.0
-19228.6 152835.0
-13056.0 135391.0
-12723.1 134993.0
-12483.8 133821.0
-12215.5 133960.0
-11900.5 133768.0
-9247.73 133641.0
-8991.69 135705.0
-8554.21 136602.0
-8047.7 136765.0
-7886.29 137197.0
-8894.85 137430.0
-8953.85 138844.0
-10411.0 139365.0
-10668.2 137575.0
-9419.16 137818.0
-9558.31 138263.0
-9716.38 139383.0
-11112.3 139412.0
-14509.8 139661.0
-15686.4 142239.0
-15606.3 145942.0
-15617.4 148876.0
-18117.7 149083.0
-18694.3 149057.0
-19632.7 151967.0
-20617.9 152788.0
-21912.5 152775.0
-20737.0 152833.0
-20283.9 152835.0
-19781.9 155124.0
-19295.4 159461.0
-16475.7 158786.0
-15687.6 158234.0
-16471.3 154335.0
-15759.9 152545.0
-15830.1 152610.0
-18171.1 152804.0
-20217.2 149050.0
-20634.6 148144.0
-20645.7 147968.0
-20642.4 150784.0
-19912.1 152846.0
-19840.9 152862.0
-19640.5 155834.0
-19639.4 156074.0
-19163.0 158169.0
-19504.7 155382.0
-19395.6 155262.0
-19078.4 154418.0
-19635.0 155872.0
-19554.8 153765.0
-19447.9 148286.0
-18667.6 141787.0
-18531.8 141772.0
-16398.9 141104.0
-15920.2 138751.0
-15606.3 145641.0
-15616.3 148952.0
-15598.5 151646.0
-15324.7 153084.0
-15247.8 152933.0
-12414.8 153935.0
-12801.0 153779.0
-13385.5 153921.0
-13483.4 154086.0
-14976.2 155112.0
-16803.0 155117.0
-16726.2 155222.0
-15578.5 155820.0
-15643.0 161792.0
-15669.8 162667.0
-15659.7 162671.0
-16983.3 162366.0
-16990.0 162402.0
-16708.4 162433.0
-15747.7 162179.0
-15843.4 162749.0
-15469.4 162631.0
-15305.7 161854.0
-15557.3 153574.0
-15546.2 153118.0
-12000.7 153812.0
-11382.8 154643.0
-11956.1 154954.0
-16599.3 155130.0
-17141.4 155086.0
-16728.4 155210.0
-15547.3 154226.0
-15537.3 153115.0
-13470.1 153926.0
-13014.8 153801.0
-12813.3 153801.0
-12772.1 153765.0
-10863.0 153955.0
-10837.4 154607.0
-10256.3 155342.0
-11989.5 156744.0
-12050.8 158973.0
-12738.7 161518.0
-8200.21 165430.0
-7854.01 165523.0
-7658.09 167832.0
-7098.15 167286.0
-5432.81 160874.0
-5140.04 157243.0
-3784.17 157114.0
-7238.41 156827.0
-10699.3 156827.0
-11999.5 155119.0
-14219.3 155110.0
-14843.8 152957.0
-16011.5 152779.0
-18042.0 152372.0
-17257.2 152848.0
-15370.3 152848.0
-14347.3 154723.0
-14349.5 154925.0
-14337.3 152917.0
-14271.6 152864.0
-12166.5 153799.0
-14300.5 152668.0
-16099.4 158345.0
-16402.2 157956.0
-17253.8 155509.0
-17268.3 158837.0
-17357.4 161947.0
-17940.7 162963.0
-18546.2 163001.0
-19268.7 159029.0
-18868.0 154409.0
-18549.6 154055.0
-15518.4 153086.0
-15579.6 144272.0
-12797.7 141580.0
-13797.4 141808.0
-15588.5 148304.0
-15821.1 149090.0
-16474.6 152080.0
-17428.6 152804.0
-19648.3 154398.0
-20369.7 153516.0
-19665.0 152837.0
-19322.1 152853.0
-21170.0 155885.0
-23173.8 156822.0
-22935.6 157544.0
-19667.2 152884.0
-15830.1 162698.0
-17336.2 161809.0
-17276.1 160108.0
-17244.9 155544.0
-16740.6 155217.0
-10919.7 153423.0
-12020.7 154293.0
-12014.0 154750.0
-13985.5 155135.0
-15018.5 155137.0
-16471.3 154195.0
-16467.9 153244.0
-13697.2 152877.0
-13497.9 153547.0
-12979.2 153777.0
-12946.9 153806.0
-12941.3 153881.0
-13490.1 153167.0
-13083.8 152895.0
-11710.1 151354.0
-11568.7 150397.0
-12786.6 152501.0
-14851.6 152265.0
-15578.5 155938.0
-13758.4 158254.0
-13057.1 159579.0
-12144.3 161420.0
-13751.7 158980.0
-13742.8 159432.0
-13885.3 159741.0
-13766.2 157127.0
-13766.2 156784.0
-11143.5 156976.0
-10429.9 152612.0
-10415.5 151096.0
-10505.6 143045.0
-10476.7 143731.0
-10503.4 144717.0
-13001.4 145960.0
-13423.3 145882.0
-13858.6 145909.0
-13875.3 146857.0
-15070.9 146735.0
-15072.0 147051.0
-15611.9 148807.0
-16115.0 149108.0
-18369.2 148313.0
-18603.0 152813.0
-19323.3 152815.0
-19638.3 152712.0
-19553.7 154447.0
-19152.9 154422.0
-18826.8 154422.0
-19346.6 154438.0
-19513.6 153118.0
-19370.0 152960.0
-19410.1 152770.0
-19509.2 152764.0
-19570.4 145296.0
-19437.9 143041.0
-16701.7 135598.0
-15487.2 135545.0
-14978.5 136952.0
-15463.8 137573.0
-15649.7 137615.0
-15844.5 140472.0
-15616.3 145196.0
-15597.4 151354.0
-14440.8 152859.0
-14042.3 152862.0
-10999.9 153398.0
-10932.0 153443.0
-11508.6 153360.0
-11573.2 153565.0
-12776.6 153289.0
-15059.7 152810.0
-15263.4 152726.0
-15539.5 148195.0
-16890.9 149132.0
-16479.0 151528.0
-16333.2 151601.0
-15305.7 152505.0
-15468.3 152412.0
-15443.8 154970.0
-15521.7 154703.0
-17246.0 154859.0
-17246.0 154794.0
-17720.3 152775.0
-17849.4 152770.0
-19656.1 154233.0
-19159.6 160002.0
-18942.5 160859.0
-18244.6 168259.0
-18118.8 168609.0
-18534.0 164864.0
-18535.1 164566.0
-18732.1 162008.0
-18885.8 162181.0
-18406.0 162404.0
-19285.4 158989.0
-19557.0 154600.0
-19562.6 153411.0
-18525.1 152844.0
-18308.0 152837.0
-16474.6 152882.0
-16480.2 153247.0
-17254.9 154787.0
-17247.1 154467.0
-18524.0 152810.0
-19512.5 147015.0
-19562.6 145971.0
-20802.7 138330.0
-20865.0 138179.0
-24565.3 138196.0
-27053.3 136242.0
-27049.9 135774.0
-26989.8 138726.0
-27016.5 139285.0
-26269.6 143869.0
-26494.5 144709.0
-17109.1 162014.0
-16966.6 162357.0
-16695.0 162671.0
-17111.3 163900.0
-16053.8 155193.0
-14444.1 155197.0
-13474.5 154750.0
-12943.5 153910.0
-13020.3 153834.0
-12182.1 153944.0
-11381.7 154683.0
-10915.3 153425.0
-10992.1 153440.0
-11003.2 153425.0
-12267.8 153797.0
-12773.2 153329.0
-13992.2 152815.0
-14374.0 152817.0
-16482.4 152274.0
-16467.9 151704.0
-14375.1 152695.0
-14273.8 152848.0
-12951.3 153817.0
-12865.6 153861.0
-12811.1 153788.0
-10996.6 153396.0
-11448.5 153073.0
-11581.0 153029.0
-7749.37 152915.0
-4908.49 152777.0
-3509.21 155970.0
-2479.5 156048.0
-5589.77 156350.0
-5782.35 156435.0
-8235.83 156878.0
-8347.15 156874.0
-9330.11 157517.0
-10771.7 157726.0
-10790.6 156922.0
-12696.4 156749.0
-14884.9 157232.0
-14888.3 157116.0
-12038.5 156796.0
-8565.34 156936.0
-6734.13 158223.0
-6700.74 158207.0
-6739.7 158212.0
-8130.08 156887.0
-8290.38 156880.0
-9659.61 154943.0
-9662.95 154870.0
-11813.6 154999.0
-15887.9 156713.0
-15987.0 156742.0
-16994.5 158859.0
-17168.1 158906.0
-16713.9 162457.0
-16755.1 162468.0
-17003.4 162375.0
-16472.4 161954.0
-16047.1 161874.0
-15116.5 155193.0
-14714.6 155190.0
-13056.0 153935.0
-12951.3 153932.0
-13028.1 153841.0
-12284.5 153812.0
-12031.8 153823.0
-11003.2 153445.0
-12109.8 155014.0
-12309.0 155026.0
-17265.0 154896.0
-17286.1 156430.0
-17272.8 156753.0
-17317.3 160427.0
-17388.5 163929.0
-17362.9 163907.0
-17263.8 159835.0
-17244.9 156911.0
-17112.5 155206.0
-26647.0 148827.0
-30571.0 149217.0
-35345.5 146832.0
-38865.4 141371.0
-36179.3 141741.0
-34960.3 144259.0
-34177.7 145490.0
-32312.0 148171.0
-31245.6 149032.0
-28152.0 148990.0
-24947.1 149021.0
-24230.2 150735.0
-23872.9 154665.0
-22307.7 155175.0
-16726.2 155213.0
-12014.0 155072.0
-11996.2 154925.0
-10918.6 153432.0
-11927.2 153810.0
-12008.5 154928.0
-16191.8 155104.0
-17113.6 155110.0
-13116.1 155177.0
-12041.8 155088.0
-11948.3 153817.0
-12010.7 154963.0
-16229.7 155101.0
-16475.7 154291.0
-14178.1 152859.0
-13501.2 153532.0
-12990.3 153821.0
-13024.8 153808.0
-12882.3 153289.0
-12661.9 153719.0
-10977.6 153403.0
-11582.1 153656.0
-11996.2 153808.0
-12777.7 152842.0
-14955.1 152810.0
-15579.6 154554.0
-16243.0 155101.0
-16375.5 155108.0
-16441.2 152826.0
-15343.6 152799.0
-16475.7 151728.0
-16529.1 152056.0
-16471.3 151842.0
-16485.7 151829.0
-16449.0 151820.0
-16528.0 152051.0
-16570.3 152824.0
-20093.6 152815.0
-26533.4 152830.0
-26828.4 152686.0
-26938.6 152550.0
-27097.8 152552.0
-28374.6 152821.0
-29000.3 152819.0
-29063.7 151254.0
-28730.9 151112.0
-27133.4 151434.0
-27072.2 149290.0
-24749.0 149010.0
-24131.1 151508.0
-23869.5 153541.0
-23684.8 155201.0
-16991.1 155159.0
-12875.6 155148.0
-12017.4 154511.0
-10945.4 153400.0
-10922.0 153427.0
-11166.9 153859.0
-11156.9 154017.0
-11926.1 154652.0
-13359.9 155130.0
-16296.5 155106.0
-16699.5 155215.0
-15541.7 155170.0
-15351.4 152601.0
-15972.5 151597.0
-14508.7 152031.0
-12960.2 153794.0
-12981.4 153803.0
-12958.0 153799.0
-12860.0 153518.0
-11577.6 153676.0
-10995.4 153389.0
-12015.1 154736.0
-13588.1 155130.0
-15574.0 155954.0
-15479.4 159067.0
-16848.6 161907.0
-17094.6 162019.0
-9361.27 161322.0
-8372.76 161144.0
-5364.9 160975.0
-5697.75 158846.0
-5143.38 157245.0
-4745.97 156277.0
-5496.26 157432.0
-5637.64 157497.0
-6334.5 157526.0
-7284.05 157330.0
-7289.62 156951.0
-7944.18 156887.0
-9169.8 156902.0
-9607.29 156882.0
-9634.01 157014.0
-9676.31 156887.0
-11522.0 157152.0
-11520.9 157423.0
-11960.6 156132.0
-12002.9 154707.0
-11494.2 152922.0
-11360.6 153066.0
-10928.7 153443.0
-10858.5 153656.0
-11143.5 153826.0
-11582.1 154638.0
-11124.6 153627.0
-11129.0 153331.0
-12029.6 154977.0
-13491.2 155101.0
-15605.2 156194.0
-15328.0 161925.0
-14971.8 163833.0
-15851.2 163858.0
-14887.2 163867.0
-14456.4 166037.0
-14974.0 166037.0
