-4835.02 152866.0
-4768.23 151118.0
-4772.69 151633.0
-5743.39 152799.0
-8243.63 152891.0
-10996.6 152902.0
-15204.4 152817.0
-15567.3 150192.0
-15572.9 145904.0
-15611.9 146374.0
-16349.9 146160.0
-16643.8 146196.0
-16650.5 146211.0
-16256.4 146171.0
-15591.8 149518.0
-15594.1 151786.0
-15724.3 152599.0
-15570.7 155206.0
-15100.9 157535.0
-14966.2 157797.0
-15040.8 157630.0
-15399.2 157314.0
-15451.6 157720.0
-15284.6 156998.0
-15533.9 156820.0
-15569.6 150962.0
-15572.9 144517.0
-15745.4 141298.0
-13201.8 139519.0
-12472.7 137729.0
-12463.7 138147.0
-12693.1 139381.0
-12884.5 140280.0
-13930.9 141823.0
-14791.4 141912.0
-14172.5 140990.0
-14079.0 139590.0
-10955.4 139430.0
-9956.83 139439.0
-7687.03 138383.0
-609.336 127893.0
4687.25 130678.0
10463.6 126608.0
11798.3 125722.0
15274.8 121120.0
15263.7 114672.0
15557.6 114632.0
15470.8 120606.0
12097.8 125506.0
6722.17 130335.0
3978.14 137139.0
1180.68 142177.0
-3009.38 138996.0
-3601.6 139062.0
-6045.07 139229.0
-7476.64 140523.0
-8360.51 138655.0
-8385.0 138644.0
-8505.23 139087.0
-8868.13 139263.0
-8911.54 139612.0
-8794.66 142489.0
-10110.5 143651.0
-9925.66 144034.0
-10050.3 144486.0
-11536.5 145771.0
-11668.9 145194.0
-11959.5 145895.0
-12265.6 145980.0
-10940.9 145601.0
-10431.1 144842.0
-8017.65 143411.0
-7851.78 140501.0
-7809.48 136201.0
-5248.02 134890.0
-5048.76 132105.0
-4968.61 132519.0
-5289.21 132650.0
-5492.92 134777.0
-6951.21 137041.0
-10986.5 139412.0
-12684.2 139423.0
-12919.0 141678.0
-14006.6 141830.0
-14808.1 142711.0
-14559.9 143749.0
-13948.8 144533.0
-13859.7 146957.0
-13831.9 149268.0
-12866.7 149522.0
-9921.21 152928.0
-8846.98 152928.0
-8270.34 152953.0
-7150.47 153558.0
-6514.84 154291.0
-6652.87 154440.0
-7309.66 154500.0
-8462.93 157635.0
-9108.58 158220.0
-9231.03 157947.0
-9364.61 157524.0
-8420.62 156139.0
-8437.32 155671.0
-8437.32 156802.0
-6986.83 159343.0
-7124.87 160977.0
-2587.48 162337.0
-2852.42 162155.0
-3276.55 157971.0
-3785.28 155193.0
-4239.46 155613.0
-13761.7 152893.0
-4426.48 157020.0
-6094.05 157553.0
-7367.54 156853.0
-8264.78 156878.0
-9580.57 156851.0
-13644.8 156693.0
-14343.9 156756.0
-14354.0 156346.0
-13752.8 158343.0
-13752.8 159603.0
-13579.2 160621.0
-14292.7 161593.0
-16650.5 161930.0
-21195.6 161825.0
-26644.7 167988.0
-26586.9 172944.0
-29864.1 180337.0
-34321.3 188357.0
-35169.6 190470.0
-36999.7 192825.0
-41846.5 195421.0
-43547.5 196013.0
-48805.1 198182.0
-50213.3 198995.0
-51028.2 199513.0
-51932.1 202419.0
-52198.1 212947.0
-50801.1 214417.0
-50343.5 214221.0
-50328.0 214444.0
-52356.2 215310.0
-54082.8 217629.0
-54067.2 217917.0
-54017.1 215189.0
-51855.3 214472.0
-51384.4 214406.0
-50306.8 214343.0
-50305.7 214219.0
-50341.3 214219.0
-50352.5 214183.0
-50477.1 214428.0
-52347.3 210919.0
-51957.7 202842.0
-51692.7 200807.0
-51607.0 200571.0
-48784.0 198351.0
-48795.1 198347.0
-48558.0 198035.0
-48358.7 197895.0
-41669.5 195399.0
-36863.9 192663.0
-36670.2 192398.0
-34352.5 189517.0
-32336.5 186202.0
-32255.2 185981.0
-28798.8 178659.0
-26984.3 173451.0
-26898.5 173168.0
-26000.2 166750.0
-24045.4 166625.0
-23984.2 166772.0
-24033.2 166636.0
-21650.9 162306.0
-18981.5 160859.0
-18961.5 160894.0
-18254.6 165207.0
-17361.8 165309.0
-15638.6 161809.0
-13247.4 161609.0
-13049.3 159977.0
-13933.2 159806.0
-14726.9 159790.0
-15378.1 158523.0
-14965.1 159545.0
-14799.2 157878.0
-14822.6 157724.0
-14375.1 157357.0
-14725.8 158022.0
-15074.2 159536.0
-15385.9 159554.0
-15481.6 157613.0
-16413.4 157118.0
-16407.8 156865.0
-15735.4 155881.0
-15731.0 155827.0
-16405.6 156778.0
-16827.5 156477.0
-17151.4 155204.0
-16479.0 155070.0
-16021.5 152886.0
-15790.0 153115.0
-15594.1 154046.0
-15586.3 157219.0
-15935.8 158548.0
-15568.4 157993.0
-14565.5 156762.0
-14844.9 157265.0
-15306.8 157639.0
-15536.2 155972.0
-15531.7 153908.0
-15597.4 154086.0
-16079.4 155112.0
-16469.0 153211.0
-17265.0 156629.0
-16852.0 157056.0
-16801.9 156865.0
-15998.1 156751.0
-16106.1 156731.0
-16039.3 155213.0
-16279.8 155097.0
-17247.1 153603.0
-18036.4 152643.0
-18252.4 151630.0
-17280.5 151613.0
-17487.6 150620.0
-16800.8 149190.0
-15889.0 149188.0
-15592.9 151198.0
-15567.3 156867.0
-15900.2 158690.0
-15506.1 160598.0
-15552.9 160429.0
-19274.3 159162.0
-20564.5 150542.0
-21943.7 150660.0
-23386.4 152833.0
-24543.0 155295.0
-24055.4 158094.0
-23857.3 156829.0
-23809.4 156827.0
-21848.0 155974.0
-20951.9 156829.0
-20682.5 156101.0
-20694.7 156825.0
-19569.3 156669.0
-19541.4 144568.0
-16416.7 141137.0
-15919.1 138742.0
-15926.9 139574.0
-15721.0 142687.0
-17603.4 149644.0
-17191.5 149164.0
-16309.8 146478.0
-16323.2 146514.0
-17702.4 146893.0
-17208.2 147247.0
-15609.6 149357.0
-15605.2 152116.0
-16856.4 149132.0
-19503.6 147071.0
-19557.0 140884.0
-20285.1 144018.0
-20345.2 144018.0
-24390.5 142266.0
-26807.3 144633.0
-27811.4 144254.0
-27815.8 144216.0
-28069.6 147605.0
-27871.5 147768.0
-25042.9 149030.0
-20823.8 149054.0
-18945.9 144132.0
-4735.95 141378.0
-4050.22 141364.0
-3213.1 141307.0
-4717.03 141999.0
-4924.08 143045.0
-7360.86 143072.0
-7701.5 138150.0
-8923.79 130780.0
-8410.61 128759.0
-8912.66 131905.0
-10884.1 129959.0
-11460.8 127870.0
-11881.5 129725.0
-9495.97 131965.0
-9459.24 131965.0
-3430.17 154226.0
-9649.59 156887.0
-16472.4 152396.0
-17263.8 152027.0
-17270.5 154442.0
-25549.4 159986.0
-25383.5 159950.0
-24439.5 161489.0
-23668.1 164688.0
-24185.7 166100.0
-23643.6 165033.0
-23607.9 161994.0
-23386.4 159795.0
-23300.7 159801.0
-21930.4 159545.0
-21932.6 158196.0
-21183.4 155177.0
-12181.0 155086.0
-12019.6 154400.0
-11693.4 151577.0
-11721.2 152033.0
-11912.7 151902.0
-12080.8 152721.0
-12758.7 152813.0
-12648.5 153868.0
-12001.8 154943.0
-11959.5 155934.0
-12029.6 156212.0
-11124.6 156853.0
-9634.01 157452.0
-9642.91 158508.0
-9369.07 158241.0
-9294.48 158223.0
-9629.55 158815.0
-10005.8 158924.0
-10128.3 158926.0
-10190.6 157659.0
-10181.7 157143.0
-10564.6 156840.0
-12533.9 156749.0
-12873.4 155491.0
-12867.8 156159.0
-13297.5 156617.0
-12515.0 155117.0
-10894.1 153342.0
-11377.3 153340.0
-12571.7 155066.0
-13328.7 156097.0
-13582.5 156724.0
-13779.5 156733.0
-14021.1 157960.0
-14123.5 157949.0
-14348.4 156413.0
-13492.3 154075.0
-13288.6 152875.0
-13076.0 152508.0
-15580.7 152770.0
-15550.6 157737.0
-15350.3 160676.0
-14684.6 160442.0
-14738.0 159033.0
-15415.9 157969.0
-15172.2 157005.0
-14516.5 156686.0
-14437.4 156502.0
-14561.0 157032.0
-15186.6 157539.0
-15507.2 157268.0
-15592.9 153739.0
-16200.7 155126.0
-17955.1 155259.0
-18954.8 156019.0
-17655.7 155242.0
-17164.8 156453.0
-16237.5 156762.0
-15930.2 158194.0
-16800.8 158323.0
-16049.3 158396.0
-13861.9 156718.0
-12216.6 156793.0
-11314.9 158232.0
-11526.4 157470.0
-11997.3 155175.0
-13491.2 154378.0
-13501.2 154157.0
-11565.4 152937.0
-12000.7 154013.0
-12019.6 154289.0
-13775.1 154567.0
-15208.9 155115.0
-15315.8 155115.0
-15556.2 154371.0
-15545.1 149339.0
-16171.8 148262.0
-15610.8 148890.0
-15764.4 149747.0
-15959.2 149978.0
-15975.9 149863.0
-15594.1 150900.0
-15594.1 151054.0
-15551.8 149849.0
-13584.7 149304.0
-11960.6 149348.0
-10701.6 149250.0
-10368.7 150121.0
-10443.3 151103.0
-10444.4 152231.0
-8977.22 152915.0
-7277.37 152922.0
-3819.79 152717.0
-2605.29 152668.0
-1527.72 154485.0
-1916.23 155035.0
-2911.42 155112.0
-3357.81 157679.0
-3316.63 157824.0
-4997.55 160732.0
-6828.76 161340.0
-9537.16 161061.0
-9807.67 159398.0
-10006.9 158946.0
-10179.5 156905.0
-13653.8 156720.0
-18669.8 161081.0
-18217.9 161101.0
-18191.1 161313.0
-18195.6 168636.0
-18201.2 167734.0
-19434.6 158323.0
-19552.6 153029.0
-17276.1 152875.0
-17257.2 153033.0
-15712.1 152534.0
-16323.2 157076.0
-15588.5 156971.0
-14376.2 156506.0
-14354.0 156560.0
-14952.9 157334.0
-15496.1 155322.0
-15409.3 155250.0
-15599.6 153467.0
-15293.5 162266.0
-11626.6 169248.0
-11987.3 175235.0
-13590.3 177223.0
-12555.0 180117.0
-12718.7 180119.0
-12904.6 176381.0
-11594.3 170851.0
-11527.6 170397.0
-13630.4 169646.0
-15808.9 168010.0
-15644.1 168204.0
-14387.3 166073.0
-11501.9 164935.0
-11921.6 156787.0
-14389.6 155992.0
-14408.5 156101.0
-14755.8 157192.0
-15517.2 154741.0
-15598.5 154142.0
-16452.3 155108.0
-16473.5 154892.0
-15721.0 152568.0
-15539.5 149297.0
-18219.0 149074.0
-18719.9 148206.0
-18632.0 148235.0
-17280.5 152899.0
-16081.6 152888.0
-15600.7 153997.0
-15598.5 154046.0
-23799.4 155128.0
-24010.9 155128.0
-24383.8 159890.0
-25154.2 159973.0
-25492.6 159926.0
-25562.7 159966.0
-24331.5 157831.0
-24262.5 156874.0
-21411.6 156829.0
-19496.9 157849.0
-19179.7 156014.0
-19779.7 155030.0
-19599.3 157319.0
-18289.1 167645.0
-17472.0 167489.0
-17324.0 166817.0
-17720.3 167110.0
-17822.7 168644.0
-18183.3 167912.0
-18573.0 164568.0
-18974.8 155177.0
-16664.9 155166.0
-12490.5 155097.0
-8410.61 154576.0
-6951.21 154491.0
-5725.58 154500.0
-4832.8 153872.0
-4807.19 153514.0
-4842.82 152663.0
-4634.65 151626.0
-4842.82 151800.0
-6501.48 152844.0
-7475.52 152911.0
-8625.45 152294.0
-8539.74 152272.0
-8496.32 152815.0
-8455.13 156068.0
-8467.38 160834.0
-8736.77 163535.0
-8643.26 165516.0
-7963.1 167369.0
-7781.65 165467.0
-7078.11 164114.0
-6981.26 159492.0
-6994.62 158236.0
-6323.37 156735.0
-4358.58 156123.0
-5333.74 156246.0
-6371.23 156689.0
-6655.1 156767.0
-8343.81 156887.0
-8471.83 157252.0
-9247.73 158067.0
-9419.16 157506.0
-9630.67 157245.0
-9650.71 156900.0
-12118.7 156756.0
-12901.2 159280.0
-13741.7 159058.0
-13737.2 159398.0
-15099.8 159559.0
-14915.0 159563.0
-15119.8 158434.0
-15485.0 157544.0
-15526.1 157261.0
-15551.8 149838.0
-15604.1 152461.0
-15578.5 157969.0
-15043.0 157461.0
-14374.0 157904.0
-14351.7 157971.0
-14382.9 157092.0
-15537.3 156048.0
-15635.2 142576.0
-16272.0 141531.0
-16266.4 142576.0
-13063.8 145995.0
-10783.9 147080.0
-10785.1 147242.0
-11250.4 147160.0
-13004.8 148211.0
-14567.7 149177.0
-14846.0 149175.0
-18540.7 149696.0
-18568.5 153049.0
-17080.2 154271.0
-16136.2 152895.0
-16096.1 152897.0
-15576.2 154538.0
-15522.8 158316.0
-15503.9 158699.0
-15687.6 158216.0
-15413.7 160331.0
-15392.6 160997.0
-14193.7 162802.0
-15099.8 163132.0
-14736.9 159207.0
-14746.9 158908.0
-15378.1 158488.0
-15503.9 157332.0
-15372.5 157299.0
-15427.1 159930.0
-15397.0 160623.0
-12059.7 161631.0
-7290.73 161326.0
-6952.32 162114.0
-8141.21 164020.0
-8451.79 164036.0
-11365.0 162696.0
-12320.1 156744.0
-12343.5 156720.0
-15490.5 157579.0
-15546.2 149302.0
-16545.8 147405.0
-16498.0 146145.0
-18399.3 148892.0
-18561.8 152955.0
-18558.5 153358.0
-17427.5 155117.0
-13755.1 155166.0
-9812.12 161462.0
-4633.54 163755.0
-5937.09 164063.0
-6456.95 163094.0
-6446.93 162651.0
-6769.76 162591.0
-7348.62 162733.0
-11188.0 165414.0
-12911.3 165812.0
-17191.5 161959.0
-18503.9 162168.0
-20356.3 162148.0
-22326.7 163880.0
-23582.3 164156.0
-24462.9 165176.0
-26423.2 172496.0
-27821.4 177332.0
-32123.9 182766.0
-38009.3 196185.0
-39735.9 202138.0
-41507.0 212092.0
-43580.9 221390.0
-44403.5 220974.0
-45234.0 222510.0
-45055.9 222628.0
-45052.5 222646.0
-45333.1 221650.0
-50315.7 220793.0
-51551.4 217509.0
-50598.5 214426.0
-50343.5 214216.0
-22125.2 105858.0
-50322.4 214214.0
-51270.8 214392.0
-51819.6 201150.0
-51086.0 200310.0
-51074.9 200315.0
-51122.8 200152.0
-46745.7 197445.0
-43133.4 195853.0
-40379.3 195034.0
-34618.6 189835.0
-33055.6 187907.0
-29481.2 179627.0
-30705.7 176544.0
-32834.1 176156.0
-32413.3 174524.0
-27188.0 174070.0
-26808.4 170363.0
-26856.2 167277.0
-24894.8 166839.0
-26909.7 160071.0
-25217.6 155159.0
-21855.8 152877.0
-21757.8 152870.0
-20642.4 154382.0
-20661.3 158241.0
-21175.6 162604.0
-21128.9 162943.0
-21966.0 163597.0
-21851.3 163606.0
-21864.7 163564.0
-21366.0 163902.0
-20766.0 162591.0
-20460.9 161293.0
-14775.9 157987.0
-15061.9 158399.0
-14902.8 159527.0
-14715.7 159835.0
-15006.3 159541.0
-15433.8 159207.0
-15005.2 163524.0
-16484.6 163515.0
-17455.3 164192.0
-17403.0 163953.0
-16729.5 163143.0
-17387.4 164969.0
-17303.9 164786.0
-15108.7 161809.0
2527.65 149083.0
-14463.0 155246.0
-14165.8 155213.0
-15540.6 153928.0
-15738.8 155110.0
-16147.3 152873.0
-15538.4 152036.0
-15576.2 147374.0
-14012.2 143246.0
-14042.3 143059.0
-14024.4 144139.0
-14759.2 144223.0
-15139.9 145390.0
-15444.9 145339.0
-15548.4 145274.0
-14440.8 138929.0
-14313.9 139581.0
-14342.8 139635.0
-13875.3 145797.0
-13843.0 149233.0
-13699.4 149324.0
-12753.2 152543.0
-14370.7 152020.0
-14565.5 152016.0
-15616.3 152485.0
-13501.2 153316.0
-13492.3 153688.0
-12980.3 153930.0
-15540.6 153371.0
-15517.2 153182.0
-15569.6 154796.0
-18835.7 161202.0
-18785.6 161386.0
-17680.2 163009.0
-17779.3 162658.0
-17775.9 162030.0
-16245.3 158601.0
-16077.2 158425.0
-15532.8 154656.0
-16482.4 153432.0
-15716.5 152543.0
-15394.8 160796.0
-15397.0 161168.0
-17346.2 162551.0
-17360.7 162072.0
-17394.1 161996.0
-18990.4 160536.0
20277.5 160536.0
-15558.4 155976.0
-15499.4 145359.0
-10187.3 144617.0
-9991.34 144497.0
-2953.72 143531.0
-1964.09 141282.0
-1818.27 141280.0
-1716.97 142366.0
-1647.95 141004.0
-1959.64 143647.0
-1544.42 146601.0
-2717.73 146461.0
-3754.11 143687.0
-3764.13 143569.0
-7905.22 143631.0
-10468.9 149426.0
-10467.8 149749.0
-9349.03 151575.0
-9795.42 152870.0
-16936.6 152817.0
-20288.4 152819.0
-20378.6 149584.0
-20656.9 152031.0
-21209.0 149923.0
-21307.0 149927.0
-21245.7 149920.0
-19480.2 147503.0
-18490.6 141721.0
-18872.4 141658.0
-18800.1 141814.0
-18557.4 141785.0
-17809.3 139679.0
-17627.9 139579.0
-17594.5 139477.0
-17070.1 140409.0
-14935.0 140018.0
-14627.8 139786.0
-7826.18 139920.0
-7646.95 142607.0
-8752.36 143108.0
-10509.0 147532.0
-10493.4 147950.0
-12656.3 152801.0
-13312.0 152467.0
-13396.6 152496.0
-15588.5 154295.0
-15580.7 154447.0
-11310.5 155967.0
-7997.61 161099.0
-7724.88 161061.0
-7410.96 163497.0
-11445.2 164011.0
-12604.0 159587.0
-12669.7 157931.0
-12775.4 157915.0
-14017.8 159817.0
-15555.1 157156.0
-15557.3 156664.0
-15959.2 158249.0
-23348.6 163684.0
-24356.0 165614.0
-19722.9 160578.0
-19496.9 160380.0
-17084.6 158879.0
-17197.1 158922.0
-22360.1 162849.0
-26497.8 169428.0
-26455.5 170025.0
-31673.0 181883.0
-34841.2 190078.0
-37294.7 193259.0
-44222.1 196169.0
-44527.1 196074.0
-48419.9 198251.0
-48336.5 200471.0
-48343.1 200700.0
-46693.4 205427.0
-46639.9 205749.0
-46449.6 208835.0
-46467.4 209227.0
-52322.8 210376.0
-50304.6 214265.0
-50342.4 214221.0
-50359.1 214150.0
-50322.4 214214.0
-50462.7 213642.0
-50446.0 213600.0
-50417.0 213840.0
-50472.7 213658.0
-50484.9 214341.0
-50343.5 214219.0
-50305.7 214208.0
-50689.7 214419.0
-52187.0 213154.0
-52311.7 210322.0
-53020.8 208715.0
-53820.1 207744.0
-53860.1 207720.0
-53057.5 208677.0
-52160.3 213377.0
-52110.2 213731.0
-50725.4 214415.0
-50709.8 214459.0
-50710.9 214555.0
-50921.3 215145.0
