3.3005e+07 1.11494e+07 3.30001e+07 1.11411e+07
3.30001e+07 1.11411e+07 3.29968e+07 1.1139e+07
3.29968e+07 1.1139e+07 3.29983e+07 1.11423e+07
3.29983e+07 1.11423e+07 3.29994e+07 1.11464e+07
3.29994e+07 1.11464e+07 3.30012e+07 1.1147e+07
3.30012e+07 1.1147e+07 3.30026e+07 1.11485e+07
3.30026e+07 1.11485e+07 3.30038e+07 1.1151e+07
3.30038e+07 1.1151e+07 3.30034e+07 1.11544e+07
3.30034e+07 1.11544e+07 3.30031e+07 1.11539e+07
3.30031e+07 1.11539e+07 3.30031e+07 1.11528e+07
3.30031e+07 1.11528e+07 3.30035e+07 1.11511e+07
3.30035e+07 1.11511e+07 3.30027e+07 1.1151e+07
3.30027e+07 1.1151e+07 3.30031e+07 1.1151e+07
3.30031e+07 1.1151e+07 3.30059e+07 1.1151e+07
3.30059e+07 1.1151e+07 3.30089e+07 1.11507e+07
3.30089e+07 1.11507e+07 3.30095e+07 1.11503e+07
3.30095e+07 1.11503e+07 3.3008e+07 1.11507e+07
3.3008e+07 1.11507e+07 3.30029e+07 1.1151e+07
3.30029e+07 1.1151e+07 3.29983e+07 1.11487e+07
3.29983e+07 1.11487e+07 3.29972e+07 1.11438e+07
3.29972e+07 1.11438e+07 3.29975e+07 1.11511e+07
3.29975e+07 1.11511e+07 3.29964e+07 1.11518e+07
3.29964e+07 1.11518e+07 3.29961e+07 1.11519e+07
3.29961e+07 1.11519e+07 3.29966e+07 1.11574e+07
3.29966e+07 1.11574e+07 3.29975e+07 1.11573e+07
3.29975e+07 1.11573e+07 3.30011e+07 1.1158e+07
3.30011e+07 1.1158e+07 3.3002e+07 1.11591e+07
3.3002e+07 1.11591e+07 3.29993e+07 1.11636e+07
3.29993e+07 1.11636e+07 3.29996e+07 1.11667e+07
3.29996e+07 1.11667e+07 3.30003e+07 1.11746e+07
3.30003e+07 1.11746e+07 3.30011e+07 1.11773e+07
3.30011e+07 1.11773e+07 3.3e+07 1.11749e+07
3.3e+07 1.11749e+07 3.29996e+07 1.11663e+07
3.29996e+07 1.11663e+07 3.29994e+07 1.11637e+07
3.29994e+07 1.11637e+07 3.2998e+07 1.11632e+07
3.2998e+07 1.11632e+07 3.29965e+07 1.11622e+07
3.29965e+07 1.11622e+07 3.2996e+07 1.11605e+07
3.2996e+07 1.11605e+07 3.29972e+07 1.11581e+07
3.29972e+07 1.11581e+07 3.30023e+07 1.11534e+07
3.30023e+07 1.11534e+07 3.30013e+07 1.11535e+07
3.30013e+07 1.11535e+07 3.30014e+07 1.11518e+07
3.30014e+07 1.11518e+07 3.30013e+07 1.11453e+07
3.30013e+07 1.11453e+07 3.30016e+07 1.11378e+07
3.30016e+07 1.11378e+07 3.30025e+07 1.11334e+07
3.30025e+07 1.11334e+07 3.30025e+07 1.1132e+07
3.30025e+07 1.1132e+07 3.30042e+07 1.11346e+07
3.30042e+07 1.11346e+07 3.30034e+07 1.11404e+07
3.30034e+07 1.11404e+07 3.30062e+07 1.1151e+07
3.30062e+07 1.1151e+07 3.30101e+07 1.11508e+07
3.30101e+07 1.11508e+07 3.30147e+07 1.11513e+07
3.30147e+07 1.11513e+07 3.30142e+07 1.11512e+07
3.30142e+07 1.11512e+07 3.30114e+07 1.11521e+07
3.30114e+07 1.11521e+07 3.30114e+07 1.11521e+07
3.30114e+07 1.11521e+07 3.30114e+07 1.11521e+07
3.30114e+07 1.11521e+07 3.30114e+07 1.11521e+07
3.30114e+07 1.11521e+07 3.30114e+07 1.1152e+07
3.30114e+07 1.1152e+07 3.30114e+07 1.11521e+07
3.30114e+07 1.11521e+07 3.30114e+07 1.11521e+07
3.30114e+07 1.11521e+07 3.30114e+07 1.11521e+07
3.30114e+07 1.11521e+07 3.30114e+07 1.11521e+07
3.30114e+07 1.11521e+07 3.30114e+07 1.11521e+07
3.30114e+07 1.11521e+07 3.30114e+07 1.11521e+07
3.30114e+07 1.11521e+07 3.30114e+07 1.11521e+07
3.30114e+07 1.11521e+07 3.30114e+07 1.11521e+07
3.30114e+07 1.11521e+07 3.30114e+07 1.11521e+07
3.30114e+07 1.11521e+07 3.30114e+07 1.11521e+07
3.30114e+07 1.11521e+07 3.30114e+07 1.11521e+07
3.30114e+07 1.11521e+07 3.30114e+07 1.11521e+07
3.30114e+07 1.11521e+07 3.30114e+07 1.11521e+07
3.30114e+07 1.11521e+07 3.30114e+07 1.11521e+07
3.30114e+07 1.11521e+07 3.30114e+07 1.11521e+07
3.30114e+07 1.11521e+07 3.30114e+07 1.11521e+07
3.30114e+07 1.11521e+07 3.30114e+07 1.11521e+07
3.30114e+07 1.11521e+07 3.30114e+07 1.11521e+07
3.30114e+07 1.11521e+07 3.30114e+07 1.11521e+07
3.30114e+07 1.11521e+07 3.30114e+07 1.11521e+07
3.30114e+07 1.11521e+07 3.30114e+07 1.11521e+07
3.30114e+07 1.11521e+07 3.30114e+07 1.11521e+07
3.30114e+07 1.11521e+07 3.30114e+07 1.11521e+07
3.30114e+07 1.11521e+07 3.30116e+07 1.1151e+07
3.30116e+07 1.1151e+07 3.30089e+07 1.11507e+07
3.30089e+07 1.11507e+07 3.30051e+07 1.11527e+07
3.30051e+07 1.11527e+07 3.30008e+07 1.11527e+07
3.30008e+07 1.11527e+07 3.29997e+07 1.11543e+07
3.29997e+07 1.11543e+07 3.29975e+07 1.11553e+07
3.29975e+07 1.11553e+07 3.29967e+07 1.11582e+07
3.29967e+07 1.11582e+07 3.29932e+07 1.11641e+07
3.29932e+07 1.11641e+07 3.29929e+07 1.11623e+07
3.29929e+07 1.11623e+07 3.29967e+07 1.11597e+07
3.29967e+07 1.11597e+07 3.29975e+07 1.11589e+07
3.29975e+07 1.11589e+07 3.29983e+07 1.11575e+07
3.29983e+07 1.11575e+07 3.30006e+07 1.11555e+07
3.30006e+07 1.11555e+07 3.30015e+07 1.11544e+07
3.30015e+07 1.11544e+07 3.30027e+07 1.11544e+07
3.30027e+07 1.11544e+07 3.3003e+07 1.11544e+07
3.3003e+07 1.11544e+07 3.30031e+07 1.11528e+07
3.30031e+07 1.11528e+07 3.30052e+07 1.1151e+07
3.30052e+07 1.1151e+07 3.30079e+07 1.11505e+07
3.30079e+07 1.11505e+07 3.30078e+07 1.11493e+07
3.30078e+07 1.11493e+07 3.30058e+07 1.11504e+07
3.30058e+07 1.11504e+07 3.30036e+07 1.11494e+07
3.30036e+07 1.11494e+07 3.30013e+07 1.11502e+07
3.30013e+07 1.11502e+07 3.29978e+07 1.1149e+07
3.29978e+07 1.1149e+07 3.29964e+07 1.11507e+07
3.29964e+07 1.11507e+07 3.29964e+07 1.11531e+07
3.29964e+07 1.11531e+07 3.29957e+07 1.11549e+07
3.29957e+07 1.11549e+07 3.29916e+07 1.11569e+07
3.29916e+07 1.11569e+07 3.29906e+07 1.11619e+07
3.29906e+07 1.11619e+07 3.29915e+07 1.11612e+07
3.29915e+07 1.11612e+07 3.29933e+07 1.11577e+07
3.29933e+07 1.11577e+07 3.29927e+07 1.11574e+07
3.29927e+07 1.11574e+07 3.29924e+07 1.11569e+07
3.29924e+07 1.11569e+07 3.29887e+07 1.1156e+07
3.29887e+07 1.1156e+07 3.29844e+07 1.11498e+07
3.29844e+07 1.11498e+07 3.29856e+07 1.11492e+07
3.29856e+07 1.11492e+07 3.29881e+07 1.11494e+07
3.29881e+07 1.11494e+07 3.29892e+07 1.11479e+07
3.29892e+07 1.11479e+07 3.29911e+07 1.11473e+07
3.29911e+07 1.11473e+07 3.29919e+07 1.11496e+07
3.29919e+07 1.11496e+07 3.29913e+07 1.11514e+07
3.29913e+07 1.11514e+07 3.29921e+07 1.11518e+07
3.29921e+07 1.11518e+07 3.29927e+07 1.1156e+07
3.29927e+07 1.1156e+07 3.2993e+07 1.11587e+07
3.2993e+07 1.11587e+07 3.29958e+07 1.11608e+07
3.29958e+07 1.11608e+07 3.29963e+07 1.11605e+07
3.29963e+07 1.11605e+07 3.29963e+07 1.11605e+07
3.29963e+07 1.11605e+07 3.29929e+07 1.11631e+07
3.29929e+07 1.11631e+07 3.29929e+07 1.11661e+07
3.29929e+07 1.11661e+07 3.2996e+07 1.11652e+07
3.2996e+07 1.11652e+07 3.2996e+07 1.11644e+07
3.2996e+07 1.11644e+07 3.2997e+07 1.11622e+07
3.2997e+07 1.11622e+07 3.2999e+07 1.11621e+07
3.2999e+07 1.11621e+07 3.29975e+07 1.11561e+07
3.29975e+07 1.11561e+07 3.29965e+07 1.11552e+07
3.29965e+07 1.11552e+07 3.29986e+07 1.11546e+07
3.29986e+07 1.11546e+07 3.30013e+07 1.11545e+07
3.30013e+07 1.11545e+07 3.30035e+07 1.11511e+07
3.30035e+07 1.11511e+07 3.30062e+07 1.11509e+07
3.30062e+07 1.11509e+07 3.30076e+07 1.11504e+07
3.30076e+07 1.11504e+07 3.30112e+07 1.11509e+07
3.30112e+07 1.11509e+07 3.30114e+07 1.11521e+07
3.30114e+07 1.11521e+07 3.30114e+07 1.11521e+07
3.30114e+07 1.11521e+07 3.30114e+07 1.11521e+07
3.30114e+07 1.11521e+07 3.30114e+07 1.11521e+07
3.30114e+07 1.11521e+07 3.30114e+07 1.11521e+07
3.30114e+07 1.11521e+07 3.30114e+07 1.1152e+07
3.30114e+07 1.1152e+07 3.30114e+07 1.11521e+07
3.30114e+07 1.11521e+07 3.30114e+07 1.11521e+07
3.30114e+07 1.11521e+07 3.30114e+07 1.11521e+07
3.30114e+07 1.11521e+07 3.30114e+07 1.11521e+07
3.30114e+07 1.11521e+07 3.30089e+07 1.11507e+07
3.30089e+07 1.11507e+07 3.30044e+07 1.11437e+07
3.30044e+07 1.11437e+07 3.29985e+07 1.11391e+07
3.29985e+07 1.11391e+07 3.29858e+07 1.114e+07
3.29858e+07 1.114e+07 3.29902e+07 1.11428e+07
3.29902e+07 1.11428e+07 3.2994e+07 1.11466e+07
3.2994e+07 1.11466e+07 3.29951e+07 1.11491e+07
3.29951e+07 1.11491e+07 3.29952e+07 1.11516e+07
3.29952e+07 1.11516e+07 3.29899e+07 1.11523e+07
3.29899e+07 1.11523e+07 3.29899e+07 1.1151e+07
3.29899e+07 1.1151e+07 3.29907e+07 1.11518e+07
3.29907e+07 1.11518e+07 3.29925e+07 1.11526e+07
3.29925e+07 1.11526e+07 3.29956e+07 1.11544e+07
3.29956e+07 1.11544e+07 3.29975e+07 1.11552e+07
3.29975e+07 1.11552e+07 3.29993e+07 1.11556e+07
3.29993e+07 1.11556e+07 3.30043e+07 1.11422e+07
3.30043e+07 1.11422e+07 3.30122e+07 1.11254e+07
3.30122e+07 1.11254e+07 3.30154e+07 1.11143e+07
3.30154e+07 1.11143e+07 3.30153e+07 1.11187e+07
3.30153e+07 1.11187e+07 3.30031e+07 1.11369e+07
3.30031e+07 1.11369e+07 3.30044e+07 1.11509e+07
3.30044e+07 1.11509e+07 3.30057e+07 1.11632e+07
3.30057e+07 1.11632e+07 3.30053e+07 1.11594e+07
3.30053e+07 1.11594e+07 3.30056e+07 1.11632e+07
3.30056e+07 1.11632e+07 3.30027e+07 1.1158e+07
3.30027e+07 1.1158e+07 3.30007e+07 1.11586e+07
3.30007e+07 1.11586e+07 3.3002e+07 1.11599e+07
3.3002e+07 1.11599e+07 3.30024e+07 1.11598e+07
3.30024e+07 1.11598e+07 3.30013e+07 1.11578e+07
3.30013e+07 1.11578e+07 3.29999e+07 1.11453e+07
3.29999e+07 1.11453e+07 3.29981e+07 1.11452e+07
3.29981e+07 1.11452e+07 3.29991e+07 1.11464e+07
3.29991e+07 1.11464e+07 3.29998e+07 1.1147e+07
3.29998e+07 1.1147e+07 3.30026e+07 1.11486e+07
3.30026e+07 1.11486e+07 3.30031e+07 1.11482e+07
3.30031e+07 1.11482e+07 3.30004e+07 1.11493e+07
3.30004e+07 1.11493e+07 3.30012e+07 1.11494e+07
3.30012e+07 1.11494e+07 3.30038e+07 1.11511e+07
3.30038e+07 1.11511e+07 3.30079e+07 1.11509e+07
3.30079e+07 1.11509e+07 3.29982e+07 1.11559e+07
3.29982e+07 1.11559e+07 3.29965e+07 1.11573e+07
3.29965e+07 1.11573e+07 3.29969e+07 1.11618e+07
3.29969e+07 1.11618e+07 3.29972e+07 1.11622e+07
3.29972e+07 1.11622e+07 3.29987e+07 1.11629e+07
3.29987e+07 1.11629e+07 3.29992e+07 1.11637e+07
3.29992e+07 1.11637e+07 3.30027e+07 1.11598e+07
3.30027e+07 1.11598e+07 3.30013e+07 1.11555e+07
3.30013e+07 1.11555e+07 3.30041e+07 1.11511e+07
3.30041e+07 1.11511e+07 3.30061e+07 1.1151e+07
3.30061e+07 1.1151e+07 3.3007e+07 1.11493e+07
3.3007e+07 1.11493e+07 3.30083e+07 1.11517e+07
3.30083e+07 1.11517e+07 3.30098e+07 1.11508e+07
3.30098e+07 1.11508e+07 3.30132e+07 1.11491e+07
3.30132e+07 1.11491e+07 3.30114e+07 1.11521e+07
3.30114e+07 1.11521e+07 3.30114e+07 1.11521e+07
3.30114e+07 1.11521e+07 3.30114e+07 1.11521e+07
3.30114e+07 1.11521e+07 3.30114e+07 1.11521e+07
3.30114e+07 1.11521e+07 3.30114e+07 1.11521e+07
3.30114e+07 1.11521e+07 3.30113e+07 1.11522e+07
3.30113e+07 1.11522e+07 3.30114e+07 1.11521e+07
3.30114e+07 1.11521e+07 3.30114e+07 1.11521e+07
3.30114e+07 1.11521e+07 3.30114e+07 1.11521e+07
3.30114e+07 1.11521e+07 3.30114e+07 1.11521e+07
3.30114e+07 1.11521e+07 3.30114e+07 1.11521e+07
3.30114e+07 1.11521e+07 3.30114e+07 1.11521e+07
3.30114e+07 1.11521e+07 3.30114e+07 1.11521e+07
3.30114e+07 1.11521e+07 3.30114e+07 1.11521e+07
3.30114e+07 1.11521e+07 3.30114e+07 1.11521e+07
3.30114e+07 1.11521e+07 3.30114e+07 1.11521e+07
3.30114e+07 1.11521e+07 3.30114e+07 1.11521e+07
3.30114e+07 1.11521e+07 3.30114e+07 1.11521e+07
3.30114e+07 1.11521e+07 3.30114e+07 1.11521e+07
3.30114e+07 1.11521e+07 3.30114e+07 1.11521e+07
3.30114e+07 1.11521e+07 3.30116e+07 1.11516e+07
3.30116e+07 1.11516e+07 3.30086e+07 1.11506e+07
3.30086e+07 1.11506e+07 3.30059e+07 1.11509e+07
3.30059e+07 1.11509e+07 3.30044e+07 1.11559e+07
3.30044e+07 1.11559e+07 3.29998e+07 1.11704e+07
3.29998e+07 1.11704e+07 3.29979e+07 1.1176e+07
3.29979e+07 1.1176e+07 3.29979e+07 1.11762e+07
3.29979e+07 1.11762e+07 3.29967e+07 1.11761e+07
3.29967e+07 1.11761e+07 3.29967e+07 1.1175e+07
3.29967e+07 1.1175e+07 3.29945e+07 1.11688e+07
3.29945e+07 1.11688e+07 3.30007e+07 1.11624e+07
3.30007e+07 1.11624e+07 3.30012e+07 1.11616e+07
3.30012e+07 1.11616e+07 3.30019e+07 1.11609e+07
3.30019e+07 1.11609e+07 3.29989e+07 1.11526e+07
3.29989e+07 1.11526e+07 3.29927e+07 1.11529e+07
3.29927e+07 1.11529e+07 3.29918e+07 1.11522e+07
3.29918e+07 1.11522e+07 3.29926e+07 1.11534e+07
3.29926e+07 1.11534e+07 3.29957e+07 1.11544e+07
3.29957e+07 1.11544e+07 3.29941e+07 1.11606e+07
3.29941e+07 1.11606e+07 3.29919e+07 1.11592e+07
3.29919e+07 1.11592e+07 3.29924e+07 1.11592e+07
3.29924e+07 1.11592e+07 3.29946e+07 1.11622e+07
3.29946e+07 1.11622e+07 3.29963e+07 1.11605e+07
3.29963e+07 1.11605e+07 3.29972e+07 1.11588e+07
3.29972e+07 1.11588e+07 3.29977e+07 1.11566e+07
3.29977e+07 1.11566e+07 3.29968e+07 1.11617e+07
3.29968e+07 1.11617e+07 3.29959e+07 1.11647e+07
3.29959e+07 1.11647e+07 3.29972e+07 1.11622e+07
3.29972e+07 1.11622e+07 3.30007e+07 1.11598e+07
3.30007e+07 1.11598e+07 3.30025e+07 1.1158e+07
3.30025e+07 1.1158e+07 3.30026e+07 1.1156e+07
3.30026e+07 1.1156e+07 3.30026e+07 1.11551e+07
3.30026e+07 1.11551e+07 3.30015e+07 1.11552e+07
3.30015e+07 1.11552e+07 3.3002e+07 1.1158e+07
3.3002e+07 1.1158e+07 3.30024e+07 1.11598e+07
3.30024e+07 1.11598e+07 3.3004e+07 1.11614e+07
3.3004e+07 1.11614e+07 3.30036e+07 1.11612e+07
3.30036e+07 1.11612e+07 3.30022e+07 1.11598e+07
3.30022e+07 1.11598e+07 3.30029e+07 1.1158e+07
3.30029e+07 1.1158e+07 3.30043e+07 1.11543e+07
3.30043e+07 1.11543e+07 3.30057e+07 1.1151e+07
3.30057e+07 1.1151e+07 3.30084e+07 1.11507e+07
3.30084e+07 1.11507e+07 3.30092e+07 1.11507e+07
3.30092e+07 1.11507e+07 3.30108e+07 1.11445e+07
3.30108e+07 1.11445e+07 3.30108e+07 1.11451e+07
3.30108e+07 1.11451e+07 3.30045e+07 1.11468e+07
3.30045e+07 1.11468e+07 3.3006e+07 1.1151e+07
3.3006e+07 1.1151e+07 3.30075e+07 1.11508e+07
3.30075e+07 1.11508e+07 3.30087e+07 1.11507e+07
3.30087e+07 1.11507e+07 3.30115e+07 1.11508e+07
3.30115e+07 1.11508e+07 3.30115e+07 1.11497e+07
3.30115e+07 1.11497e+07 3.30106e+07 1.11509e+07
3.30106e+07 1.11509e+07 3.3011e+07 1.11509e+07
3.3011e+07 1.11509e+07 3.30114e+07 1.11521e+07
3.30114e+07 1.11521e+07 3.30114e+07 1.11521e+07
3.30114e+07 1.11521e+07 3.30114e+07 1.11521e+07
3.30114e+07 1.11521e+07 3.30114e+07 1.11521e+07
3.30114e+07 1.11521e+07 3.30114e+07 1.11521e+07
3.30114e+07 1.11521e+07 3.30114e+07 1.11521e+07
3.30114e+07 1.11521e+07 3.30114e+07 1.1152e+07
3.30114e+07 1.1152e+07 3.30114e+07 1.1152e+07
3.30114e+07 1.1152e+07 3.30114e+07 1.11521e+07
3.30114e+07 1.11521e+07 3.30114e+07 1.11521e+07
3.30114e+07 1.11521e+07 3.30114e+07 1.11521e+07
3.30114e+07 1.11521e+07 3.30114e+07 1.11521e+07
3.30114e+07 1.11521e+07 3.30114e+07 1.11521e+07
3.30114e+07 1.11521e+07 3.30114e+07 1.11521e+07
3.30114e+07 1.11521e+07 3.30114e+07 1.11521e+07
3.30114e+07 1.11521e+07 3.30114e+07 1.11521e+07
3.30114e+07 1.11521e+07 3.30114e+07 1.11521e+07
3.30114e+07 1.11521e+07 3.30114e+07 1.11521e+07
3.30114e+07 1.11521e+07 3.30114e+07 1.11521e+07
3.30114e+07 1.11521e+07 3.30113e+07 1.11518e+07
3.30113e+07 1.11518e+07 3.30114e+07 1.11521e+07
3.30114e+07 1.11521e+07 3.30114e+07 1.11521e+07
3.30114e+07 1.11521e+07 3.30114e+07 1.11521e+07
3.30114e+07 1.11521e+07 3.30114e+07 1.11521e+07
3.30114e+07 1.11521e+07 3.30114e+07 1.11521e+07
3.30114e+07 1.11521e+07 3.30114e+07 1.11521e+07
3.30114e+07 1.11521e+07 3.30114e+07 1.11521e+07
3.30114e+07 1.11521e+07 3.30114e+07 1.11521e+07
3.30114e+07 1.11521e+07 3.30114e+07 1.11521e+07
3.30114e+07 1.11521e+07 3.30114e+07 1.1152e+07
3.30114e+07 1.1152e+07 3.30114e+07 1.11521e+07
3.30114e+07 1.11521e+07 3.30114e+07 1.11521e+07
3.30114e+07 1.11521e+07 3.30114e+07 1.11521e+07
3.30114e+07 1.11521e+07 3.30083e+07 1.11491e+07
3.30083e+07 1.11491e+07 3.30073e+07 1.11494e+07
3.30073e+07 1.11494e+07 3.30071e+07 1.1149e+07
3.30071e+07 1.1149e+07 3.30044e+07 1.11472e+07
3.30044e+07 1.11472e+07 3.30105e+07 1.11266e+07
3.30105e+07 1.11266e+07 3.30159e+07 1.11145e+07
3.30159e+07 1.11145e+07 3.30153e+07 1.11212e+07
3.30153e+07 1.11212e+07 3.30117e+07 1.11266e+07
3.30117e+07 1.11266e+07 3.30134e+07 1.11356e+07
3.30134e+07 1.11356e+07 3.30134e+07 1.11356e+07
3.30134e+07 1.11356e+07 3.30108e+07 1.114e+07
3.30108e+07 1.114e+07 3.30103e+07 1.11458e+07
3.30103e+07 1.11458e+07 3.30089e+07 1.11507e+07
3.30089e+07 1.11507e+07 3.30105e+07 1.11509e+07
3.30105e+07 1.11509e+07 3.30114e+07 1.11521e+07
3.30114e+07 1.11521e+07 3.30114e+07 1.11521e+07
3.30114e+07 1.11521e+07 3.30114e+07 1.11522e+07
3.30114e+07 1.11522e+07 3.30113e+07 1.11521e+07
3.30113e+07 1.11521e+07 3.30114e+07 1.11521e+07
3.30114e+07 1.11521e+07 3.30114e+07 1.11522e+07
3.30114e+07 1.11522e+07 3.30114e+07 1.11521e+07
3.30114e+07 1.11521e+07 3.30114e+07 1.11522e+07
3.30114e+07 1.11522e+07 3.30114e+07 1.11522e+07
3.30114e+07 1.11522e+07 3.30114e+07 1.11521e+07
3.30114e+07 1.11521e+07 3.30114e+07 1.11521e+07
3.30114e+07 1.11521e+07 3.30114e+07 1.11521e+07
3.30114e+07 1.11521e+07 3.30114e+07 1.11522e+07
3.30114e+07 1.11522e+07 3.30114e+07 1.11521e+07
3.30114e+07 1.11521e+07 3.30113e+07 1.11522e+07
3.30113e+07 1.11522e+07 3.30114e+07 1.11522e+07
3.30114e+07 1.11522e+07 3.30114e+07 1.11522e+07
3.30114e+07 1.11522e+07 3.30114e+07 1.11521e+07
3.30114e+07 1.11521e+07 3.30113e+07 1.11522e+07
3.30113e+07 1.11522e+07 3.30114e+07 1.11522e+07
3.30114e+07 1.11522e+07 3.30114e+07 1.11522e+07
3.30114e+07 1.11522e+07 3.30114e+07 1.11521e+07
3.30114e+07 1.11521e+07 3.30114e+07 1.11521e+07
3.30114e+07 1.11521e+07 3.30114e+07 1.1152e+07
3.30114e+07 1.1152e+07 3.30114e+07 1.11521e+07
3.30114e+07 1.11521e+07 3.30114e+07 1.11521e+07
3.30114e+07 1.11521e+07 3.30114e+07 1.11522e+07
3.30114e+07 1.11522e+07 3.30114e+07 1.11522e+07
3.30114e+07 1.11522e+07 3.30114e+07 1.1152e+07
3.30114e+07 1.1152e+07 3.30114e+07 1.11523e+07
3.30114e+07 1.11523e+07 3.30114e+07 1.1152e+07
3.30114e+07 1.1152e+07 3.30114e+07 1.11522e+07
3.30114e+07 1.11522e+07 3.30114e+07 1.11521e+07
3.30114e+07 1.11521e+07 3.30114e+07 1.11522e+07
3.30114e+07 1.11522e+07 3.30114e+07 1.11521e+07
3.30114e+07 1.11521e+07 3.30114e+07 1.11522e+07
3.30114e+07 1.11522e+07 3.30114e+07 1.11521e+07
3.30114e+07 1.11521e+07 3.30114e+07 1.11524e+07
3.30114e+07 1.11524e+07 3.30114e+07 1.11522e+07
3.30114e+07 1.11522e+07 3.30114e+07 1.11521e+07
3.30114e+07 1.11521e+07 3.30114e+07 1.11521e+07
3.30114e+07 1.11521e+07 3.30114e+07 1.11521e+07
3.30114e+07 1.11521e+07 3.30114e+07 1.11521e+07
3.30114e+07 1.11521e+07 3.30114e+07 1.1152e+07
3.30114e+07 1.1152e+07 3.30114e+07 1.1152e+07
3.30114e+07 1.1152e+07 3.30114e+07 1.11521e+07
3.30114e+07 1.11521e+07 3.30114e+07 1.11522e+07
3.30114e+07 1.11522e+07 3.30114e+07 1.11521e+07
3.30114e+07 1.11521e+07 3.30114e+07 1.1152e+07
3.30114e+07 1.1152e+07 3.30114e+07 1.11521e+07
3.30114e+07 1.11521e+07 3.30114e+07 1.11521e+07
3.30114e+07 1.11521e+07 3.30114e+07 1.1152e+07
3.30114e+07 1.1152e+07 3.30114e+07 1.11521e+07
3.30114e+07 1.11521e+07 3.30114e+07 1.11521e+07
3.30114e+07 1.11521e+07 3.30114e+07 1.11521e+07
3.30114e+07 1.11521e+07 3.30114e+07 1.11521e+07
3.30114e+07 1.11521e+07 3.30114e+07 1.11521e+07
3.30114e+07 1.11521e+07 3.30114e+07 1.11521e+07
3.30114e+07 1.11521e+07 3.30113e+07 1.11521e+07
3.30113e+07 1.11521e+07 3.30114e+07 1.1152e+07
3.30114e+07 1.1152e+07 3.30114e+07 1.11522e+07
3.30114e+07 1.11522e+07 3.30113e+07 1.11521e+07
3.30113e+07 1.11521e+07 3.30114e+07 1.11521e+07
3.30114e+07 1.11521e+07 3.30114e+07 1.11521e+07
3.30114e+07 1.11521e+07 3.30114e+07 1.11521e+07
3.30114e+07 1.11521e+07 3.30114e+07 1.11521e+07
3.30114e+07 1.11521e+07 3.30114e+07 1.11522e+07
3.30114e+07 1.11522e+07 3.30114e+07 1.11521e+07
3.30114e+07 1.11521e+07 3.30114e+07 1.11522e+07
3.30114e+07 1.11522e+07 3.30114e+07 1.11522e+07
3.30114e+07 1.11522e+07 3.30114e+07 1.11522e+07
3.30114e+07 1.11522e+07 3.30113e+07 1.11521e+07
3.30113e+07 1.11521e+07 3.30114e+07 1.11521e+07
3.30114e+07 1.11521e+07 3.30114e+07 1.1152e+07
3.30114e+07 1.1152e+07 3.30114e+07 1.1152e+07
3.30114e+07 1.1152e+07 3.30114e+07 1.11522e+07
3.30114e+07 1.11522e+07 3.30114e+07 1.1152e+07
3.30114e+07 1.1152e+07 3.30114e+07 1.11521e+07
3.30114e+07 1.11521e+07 3.30114e+07 1.11521e+07
3.30114e+07 1.11521e+07 3.30113e+07 1.1152e+07
3.30113e+07 1.1152e+07 3.30114e+07 1.11521e+07
3.30114e+07 1.11521e+07 3.30113e+07 1.11521e+07
3.30113e+07 1.11521e+07 3.30113e+07 1.1152e+07
3.30113e+07 1.1152e+07 3.30113e+07 1.11509e+07
3.30113e+07 1.11509e+07 3.30069e+07 1.11509e+07
3.30069e+07 1.11509e+07 3.30004e+07 1.11498e+07
3.30004e+07 1.11498e+07 3.29971e+07 1.11435e+07
3.29971e+07 1.11435e+07 3.29865e+07 1.11459e+07
3.29865e+07 1.11459e+07 3.29844e+07 1.11475e+07
3.29844e+07 1.11475e+07 3.29852e+07 1.11492e+07
3.29852e+07 1.11492e+07 3.29855e+07 1.11474e+07
3.29855e+07 1.11474e+07 3.29882e+07 1.1148e+07
3.29882e+07 1.1148e+07 3.29891e+07 1.11473e+07
3.29891e+07 1.11473e+07 3.29922e+07 1.11435e+07
3.29922e+07 1.11435e+07 3.29946e+07 1.11436e+07
3.29946e+07 1.11436e+07 3.29973e+07 1.11471e+07
3.29973e+07 1.11471e+07 3.29965e+07 1.11543e+07
3.29965e+07 1.11543e+07 3.29964e+07 1.11547e+07
3.29964e+07 1.11547e+07 3.29979e+07 1.11557e+07
3.29979e+07 1.11557e+07 3.29935e+07 1.11582e+07
3.29935e+07 1.11582e+07 3.29947e+07 1.11623e+07
3.29947e+07 1.11623e+07 3.29959e+07 1.11622e+07
3.29959e+07 1.11622e+07 3.29982e+07 1.11622e+07
3.29982e+07 1.11622e+07 3.30006e+07 1.11605e+07
3.30006e+07 1.11605e+07 3.30025e+07 1.1156e+07
3.30025e+07 1.1156e+07 3.30022e+07 1.11551e+07
3.30022e+07 1.11551e+07 3.30031e+07 1.11517e+07
3.30031e+07 1.11517e+07 3.30075e+07 1.11508e+07
3.30075e+07 1.11508e+07 3.3009e+07 1.11506e+07
3.3009e+07 1.11506e+07 3.30114e+07 1.11521e+07
3.30114e+07 1.11521e+07 3.30114e+07 1.11521e+07
3.30114e+07 1.11521e+07 3.30114e+07 1.11521e+07
3.30114e+07 1.11521e+07 3.30114e+07 1.11521e+07
3.30114e+07 1.11521e+07 3.30114e+07 1.11521e+07
3.30114e+07 1.11521e+07 3.30114e+07 1.11521e+07
3.30114e+07 1.11521e+07 3.30114e+07 1.11521e+07
3.30114e+07 1.11521e+07 3.30114e+07 1.1152e+07
3.30114e+07 1.1152e+07 3.30114e+07 1.11521e+07
3.30114e+07 1.11521e+07 3.30114e+07 1.11521e+07
3.30114e+07 1.11521e+07 3.30114e+07 1.11521e+07
3.30114e+07 1.11521e+07 3.30114e+07 1.11521e+07
3.30114e+07 1.11521e+07 3.30114e+07 1.11521e+07
3.30114e+07 1.11521e+07 3.30114e+07 1.11521e+07
3.30114e+07 1.11521e+07 3.30114e+07 1.11521e+07
3.30114e+07 1.11521e+07 3.30114e+07 1.11521e+07
3.30114e+07 1.11521e+07 3.30114e+07 1.11521e+07
3.30114e+07 1.11521e+07 3.30114e+07 1.11521e+07
3.30114e+07 1.11521e+07 3.30114e+07 1.11521e+07
3.30114e+07 1.11521e+07 3.30114e+07 1.11521e+07
3.30114e+07 1.11521e+07 3.30114e+07 1.11521e+07
3.30114e+07 1.11521e+07 3.30114e+07 1.11521e+07
3.30114e+07 1.11521e+07 3.30114e+07 1.11521e+07
3.30114e+07 1.11521e+07 3.30114e+07 1.11521e+07
3.30114e+07 1.11521e+07 3.30114e+07 1.11521e+07
3.30114e+07 1.11521e+07 3.30114e+07 1.11521e+07
3.30114e+07 1.11521e+07 3.30114e+07 1.11521e+07
3.30114e+07 1.11521e+07 3.30114e+07 1.11521e+07
3.30114e+07 1.11521e+07 3.30114e+07 1.11521e+07
3.30114e+07 1.11521e+07 3.30114e+07 1.11521e+07
3.30114e+07 1.11521e+07 3.30114e+07 1.11521e+07
3.30114e+07 1.11521e+07 3.30114e+07 1.11521e+07
3.30114e+07 1.11521e+07 3.30114e+07 1.1152e+07
3.30114e+07 1.1152e+07 3.30114e+07 1.11521e+07
3.30114e+07 1.11521e+07 3.30114e+07 1.11521e+07
3.30114e+07 1.11521e+07 3.30114e+07 1.11521e+07
3.30114e+07 1.11521e+07 3.30114e+07 1.11521e+07
3.30114e+07 1.11521e+07 3.30114e+07 1.1152e+07
3.30114e+07 1.1152e+07 3.30083e+07 1.11525e+07
3.30083e+07 1.11525e+07 3.30031e+07 1.11536e+07
3.30031e+07 1.11536e+07 3.3003e+07 1.11609e+07
3.3003e+07 1.11609e+07 3.30006e+07 1.11609e+07
3.30006e+07 1.11609e+07 3.29984e+07 1.11581e+07
3.29984e+07 1.11581e+07 3.29992e+07 1.11559e+07
3.29992e+07 1.11559e+07 3.29984e+07 1.11535e+07
3.29984e+07 1.11535e+07 3.29971e+07 1.11507e+07
3.29971e+07 1.11507e+07 3.29974e+07 1.11507e+07
3.29974e+07 1.11507e+07 3.29993e+07 1.11578e+07
3.29993e+07 1.11578e+07 3.29979e+07 1.1158e+07
3.29979e+07 1.1158e+07 3.29964e+07 1.11542e+07
3.29964e+07 1.11542e+07 3.29958e+07 1.11547e+07
3.29958e+07 1.11547e+07 3.29964e+07 1.1155e+07
3.29964e+07 1.1155e+07 3.29994e+07 1.11545e+07
3.29994e+07 1.11545e+07 3.30025e+07 1.11557e+07
3.30025e+07 1.11557e+07 3.29982e+07 1.11459e+07
3.29982e+07 1.11459e+07 3.2998e+07 1.11425e+07
3.2998e+07 1.11425e+07 3.29989e+07 1.11432e+07
3.29989e+07 1.11432e+07 3.30009e+07 1.1147e+07
3.30009e+07 1.1147e+07 3.3e+07 1.11496e+07
3.3e+07 1.11496e+07 3.30026e+07 1.11488e+07
3.30026e+07 1.11488e+07 3.30031e+07 1.11476e+07
3.30031e+07 1.11476e+07 3.30012e+07 1.11374e+07
3.30012e+07 1.11374e+07 3.30006e+07 1.11365e+07
3.30006e+07 1.11365e+07 3.29982e+07 1.11405e+07
3.29982e+07 1.11405e+07 3.29984e+07 1.11391e+07
3.29984e+07 1.11391e+07 3.30009e+07 1.11472e+07
3.30009e+07 1.11472e+07 3.30019e+07 1.11482e+07
3.30019e+07 1.11482e+07 3.30039e+07 1.11492e+07
3.30039e+07 1.11492e+07 3.30001e+07 1.11495e+07
3.30001e+07 1.11495e+07 3.29989e+07 1.11499e+07
3.29989e+07 1.11499e+07 3.30008e+07 1.11525e+07
3.30008e+07 1.11525e+07 3.30013e+07 1.1148e+07
3.30013e+07 1.1148e+07 3.30014e+07 1.11429e+07
3.30014e+07 1.11429e+07 3.30024e+07 1.1147e+07
3.30024e+07 1.1147e+07 3.3004e+07 1.11494e+07
3.3004e+07 1.11494e+07 3.30001e+07 1.1153e+07
3.30001e+07 1.1153e+07 3.30031e+07 1.11527e+07
