-731.788 149297.0
-640.506 149333.0
-1408.61 148500.0
-726.222 147407.0
-723.995 147618.0
262.295 148489.0
1831.9 149331.0
3479.43 148558.0
3139.9 147549.0
3142.13 147276.0
2493.14 146879.0
3441.58 148021.0
3438.24 148151.0
4697.26 149386.0
6850.18 148772.0
5880.59 149335.0
4395.59 150152.0
4404.49 150457.0
1233.0 155878.0
1096.08 159271.0
1507.96 159810.0
4012.65 159803.0
4194.1 159839.0
4914.34 159690.0
4450.13 153249.0
4572.59 152977.0
1248.59 154681.0
-2245.73 155921.0
-2328.11 155914.0
-4508.86 156125.0
-7225.05 156825.0
-9538.27 156862.0
-9661.84 154957.0
-9688.55 152980.0
-9549.4 150573.0
-9536.05 150548.0
-9446.99 149199.0
-10504.5 146819.0
-10506.8 146701.0
-2739.99 143495.0
-1063.52 143497.0
2582.19 131722.0
1618.17 137344.0
1671.6 135587.0
1604.81 134641.0
-846.447 134981.0
-2068.73 138537.0
-8932.69 139354.0
-10627.0 139387.0
-10476.7 143620.0
-13077.1 146454.0
-10574.7 142527.0
-14758.0 139826.0
-15145.4 140129.0
-17177.0 133521.0
-17189.3 132922.0
-16211.9 132795.0
-13138.3 133873.0
-13030.4 134100.0
-12486.0 133826.0
-10781.7 135663.0
-10812.9 137566.0
-11323.8 137789.0
-12145.4 136576.0
-12172.1 135349.0
-11670.0 135275.0
-10769.5 136313.0
-10769.5 136297.0
-10767.2 137464.0
-8978.34 139497.0
-8881.49 140282.0
-8765.72 143163.0
-9659.61 144265.0
-9965.74 142872.0
-9344.58 141618.0
-8890.39 139788.0
-7732.67 139379.0
-7304.09 139376.0
-5476.22 139258.0
-4964.15 141387.0
-4734.84 141643.0
-4669.16 143250.0
-3475.81 141340.0
-1743.68 141280.0
-850.899 139962.0
-533.639 140372.0
-1289.5 139321.0
-3692.89 139120.0
-4160.43 139138.0
-5374.92 137967.0
-4344.11 139216.0
-3726.28 139178.0
-739.58 140113.0
556.179 141173.0
872.326 140710.0
3660.88 135676.0
3648.63 133917.0
2854.93 132860.0
2589.99 131250.0
2435.25 132178.0
3980.37 134409.0
4139.55 134536.0
3182.21 132205.0
2407.42 129654.0
1971.05 129685.0
2575.51 131052.0
1637.09 131949.0
930.212 132036.0
3066.43 136604.0
4305.42 138207.0
4540.3 140432.0
4439.0 138428.0
3689.82 135774.0
-433.451 134153.0
848.949 132906.0
189.938 133036.0
2576.63 132517.0
2565.5 132528.0
2661.23 133080.0
1240.79 132417.0
1690.52 134812.0
976.967 140501.0
-1961.87 143197.0
-2741.1 145891.0
-1446.46 154525.0
-583.733 157568.0
-1200.44 160413.0
1267.51 157459.0
1129.47 157232.0
-613.789 155549.0
-1348.5 153810.0
-2514.01 145372.0
-2738.88 144985.0
-1952.96 145408.0
-2492.86 152621.0
-6964.57 152879.0
-11966.2 152868.0
-14263.8 152842.0
-14431.9 155115.0
-14215.9 154436.0
-13502.4 154404.0
-13293.1 157971.0
-12477.1 157158.0
-11991.8 155213.0
-11146.8 153329.0
-10113.8 152926.0
-7339.71 152928.0
-2560.77 152675.0
-329.924 147084.0
-886.522 146995.0
-1828.28 145419.0
-4692.54 141928.0
-2787.86 142404.0
-1991.92 143582.0
-764.07 147020.0
1189.59 147002.0
-307.66 147171.0
-285.396 147158.0
8.48706 147823.0
17.3926 150713.0
19.619 147238.0
-285.396 147256.0
9235.76 145715.0
9897.0 146706.0
9069.89 145773.0
5301.73 146683.0
3020.79 146979.0
100.882 146991.0
-354.414 147100.0
-317.679 147089.0
-1840.53 144628.0
-10248.5 144619.0
-10472.2 149406.0
-11350.6 156279.0
-9562.76 162199.0
-9493.74 165200.0
-8012.08 166630.0
-6121.88 164116.0
-4118.13 164123.0
-2257.98 160999.0
-1437.55 154491.0
-1701.38 150531.0
-857.579 147097.0
-863.145 147097.0
-857.579 147086.0
-858.692 147097.0
-859.805 147084.0
-859.805 147086.0
-731.788 147017.0
-376.678 147271.0
-716.203 146254.0
-937.729 145299.0
-723.995 146926.0
-384.471 147267.0
-287.623 147302.0
727.611 147006.0
1382.17 140026.0
1769.56 136738.0
1812.98 136529.0
2244.9 135547.0
2774.78 137226.0
1206.28 140069.0
-516.941 143435.0
-1724.76 150691.0
-2432.75 152639.0
-2550.75 152634.0
-2874.69 152724.0
-2636.46 150867.0
-1785.98 147249.0
1014.82 142409.0
2156.95 140400.0
2094.61 140416.0
2857.15 139174.0
4201.89 134665.0
3635.28 133902.0
2834.89 132869.0
1406.66 133846.0
1747.3 132902.0
1755.09 132913.0
1740.62 132900.0
591.801 136333.0
100.882 137433.0
-373.339 140498.0
-1971.89 141053.0
-1925.13 141086.0
-4869.53 143030.0
-4861.74 143010.0
-2824.59 143488.0
-1860.57 146917.0
-1488.76 147033.0
-1463.16 147975.0
-715.09 146545.0
12.9398 147407.0
7.37387 151158.0
-5.98447 151408.0
1204.06 159425.0
-3233.14 159872.0
-3269.87 158205.0
-1364.08 155932.0
-1259.44 156907.0
-1775.96 158002.0
-1179.29 159964.0
-1306.2 161511.0
-1758.15 162101.0
-1027.9 163693.0
833.364 162241.0
1227.44 158884.0
2681.27 152766.0
2676.82 152960.0
2626.72 152617.0
10139.7 139450.0
5479.84 139425.0
2742.49 142226.0
3817.84 144415.0
-1856.11 145840.0
-1721.42 151584.0
-4484.37 152719.0
-6028.37 152817.0
-8223.59 152853.0
-8682.23 152886.0
-8728.98 152808.0
-8527.49 152521.0
-9621.76 152891.0
-14280.5 152766.0
-14372.9 152619.0
-14257.1 154832.0
-14310.5 154896.0
-15546.2 150459.0
-14937.3 149239.0
-12922.4 149411.0
-12781.0 153138.0
-12032.9 154821.0
-11286.0 158701.0
-6944.53 160957.0
-6769.76 160932.0
-6955.66 161206.0
-7398.71 163346.0
-7389.81 163223.0
-6237.65 163495.0
-6233.2 163613.0
-6244.33 163626.0
-4977.51 164125.0
-3201.97 164054.0
-619.355 160429.0
-2477.28 154380.0
-3388.98 154242.0
-2815.69 153454.0
-1905.09 153411.0
-3474.7 157179.0
-3075.06 157415.0
-1091.35 157996.0
1770.67 157991.0
1961.03 159289.0
2455.29 160022.0
2045.63 159797.0
1961.03 158788.0
1273.08 157366.0
1283.1 153349.0
995.891 152630.0
480.482 152623.0
-1523.27 151178.0
-1275.03 149103.0
-1279.48 149155.0
-1169.27 149190.0
-524.733 149290.0
823.346 151134.0
407.011 151301.0
1027.06 151138.0
1206.28 152327.0
1383.28 152387.0
1406.66 152432.0
1296.45 150816.0
1292.0 145993.0
-75.0026 140852.0
-1031.24 139659.0
-1062.41 135774.0
-6584.97 134908.0
-8086.67 134253.0
-9415.82 130524.0
-10876.3 125546.0
-10279.7 125401.0
-10546.8 124431.0
-10929.8 125570.0
-11194.7 125662.0
-10083.7 128919.0
-9500.42 132984.0
-9462.58 134418.0
-10082.6 136832.0
-9713.04 136326.0
-10727.2 135260.0
-16048.2 135567.0
-15840.1 135790.0
-15772.2 137617.0
-17113.6 138337.0
-17062.4 139276.0
-16825.2 140886.0
-18204.5 142302.0
-18004.1 142478.0
-17426.4 144343.0
-15607.4 147064.0
-14997.4 147293.0
-13853.0 148191.0
-12862.3 149845.0
-12873.4 150232.0
-12855.6 152056.0
-12788.8 153046.0
-12382.5 153810.0
-11882.7 153826.0
-11530.9 153151.0
-9972.42 153329.0
-9669.63 154226.0
-9686.33 154333.0
-10403.2 154734.0
-11404.0 156793.0
-11886.0 156747.0
-11980.6 157083.0
-12620.7 157900.0
-12693.1 160957.0
-12684.2 161418.0
-12732.0 161536.0
-11405.1 165612.0
-10109.3 165240.0
-9583.91 165512.0
-8376.1 165510.0
-7063.64 165821.0
-4969.72 164129.0
-3679.53 164120.0
-2918.1 163962.0
-1829.4 162457.0
-1705.83 162110.0
-1312.88 162103.0
-1010.09 162119.0
-637.166 155402.0
-1557.78 153607.0
-1791.55 147004.0
1363.25 140064.0
2200.37 138651.0
3826.75 135396.0
4166.27 134567.0
3710.97 134013.0
2115.77 135349.0
1076.04 135487.0
473.803 136128.0
455.991 136157.0
442.633 136161.0
460.444 136146.0
439.293 136168.0
453.765 136146.0
444.859 136166.0
459.331 136170.0
440.407 136175.0
449.312 136124.0
450.425 136170.0
434.841 136157.0
425.935 136188.0
458.218 136166.0
458.218 136124.0
433.728 136168.0
463.784 136132.0
422.596 136186.0
463.784 136153.0
525.009 136032.0
442.633 136168.0
469.35 136121.0
448.199 136137.0
467.123 136141.0
457.105 136112.0
447.086 136177.0
589.575 136250.0
-2085.43 138684.0
-736.24 140002.0
502.746 136629.0
2448.61 135825.0
2813.74 136273.0
5070.18 138526.0
4058.29 137882.0
1157.3 142237.0
579.556 143586.0
11.8266 145256.0
-356.641 147093.0
-1799.34 146336.0
-1986.36 142504.0
-1847.21 146877.0
-371.112 147093.0
542.821 147011.0
1259.72 154698.0
1316.49 158007.0
2143.59 159084.0
1309.81 157949.0
-81.6817 157922.0
-2095.45 157953.0
-2098.79 155963.0
-280.944 155950.0
2981.83 157991.0
5254.97 159153.0
5555.54 161687.0
5581.14 161587.0
5306.18 159196.0
3117.64 157949.0
4467.95 152263.0
4434.55 145238.0
3367.0 140207.0
1897.58 135681.0
1402.21 132944.0
1227.44 132535.0
1632.64 129351.0
1610.37 129656.0
1900.92 130052.0
1631.53 135008.0
611.839 136266.0
275.654 137079.0
-260.906 140320.0
-437.904 141814.0
-523.62 143453.0
-373.339 147022.0
-302.094 147109.0
-311.0 147071.0
-353.301 147093.0
-357.754 147082.0
-353.301 147089.0
854.515 147011.0
1281.98 151958.0
4581.49 154404.0
4579.27 154433.0
4435.66 152027.0
1303.13 149400.0
1297.57 144228.0
-1400.82 139187.0
-6897.77 139096.0
-6147.48 140449.0
-4717.03 141400.0
-1856.11 145078.0
-303.208 147115.0
-263.132 147298.0
-337.717 147086.0
-358.867 147093.0
-328.811 147082.0
-364.433 147166.0
-327.698 147086.0
-299.868 147309.0
-447.923 147004.0
-612.676 157007.0
-1312.88 162907.0
-640.506 160563.0
-879.842 154754.0
-1716.97 149709.0
-357.754 147035.0
-2498.43 143446.0
-4711.46 141413.0
-4766.01 136219.0
-4694.76 132523.0
-4189.37 132597.0
-2899.18 136159.0
-2812.35 140619.0
-1857.23 143889.0
-385.584 147138.0
-390.037 147258.0
-632.713 145506.0
0.694696 143894.0
-630.487 142758.0
-390.037 147258.0
1253.04 147209.0
3033.04 156092.0
3053.08 156088.0
3069.77 154471.0
2161.41 150274.0
1323.17 149268.0
-428.999 149337.0
-2546.3 146385.0
-768.523 147026.0
-393.376 147258.0
-762.957 146997.0
-3161.89 147017.0
-6154.16 145470.0
-6104.07 143092.0
-5864.73 139289.0
-4714.8 142108.0
-4626.86 147026.0
-1762.61 146759.0
-985.596 143600.0
704.234 141082.0
7012.71 129549.0
11063.6 118925.0
12104.5 112844.0
12527.5 107929.0
21545.5 106081.0
25517.3 106452.0
37800.3 99568.5
39068.3 99212.2
38973.6 99305.8
42716.2 98635.6
42736.2 97522.4
42126.2 96823.3
41873.5 96939.1
41557.4 98032.3
41608.6 98602.2
41476.1 98849.3
38108.7 99470.5
33965.4 98729.1
33278.5 92288.2
33099.3 92219.2
31991.7 91330.8
32031.8 91344.2
32356.8 91130.4
6264.64 130653.0
32351.3 91126.0
31995.0 91324.1
38090.9 93060.7
41058.7 93652.9
41881.3 96950.2
35917.9 100544.0
30319.7 102394.0
27562.3 102679.0
25925.9 102668.0
22754.4 100399.0
22625.3 100893.0
22353.6 101171.0
26051.7 102699.0
26519.2 102721.0
37982.9 99508.4
42653.9 97729.5
42749.6 97591.4
42714.0 98415.2
15319.4 118758.0
2134.69 140429.0
2124.67 140420.0
2125.78 140432.0
2126.9 140420.0
2139.14 140449.0
2120.22 140418.0
2143.59 140436.0
2115.77 140429.0
2131.35 140409.0
2126.9 140445.0
2117.99 140423.0
2131.35 140407.0
10.7134 144147.0
-369.999 147102.0
5407.48 154874.0
5397.46 154342.0
3305.77 154389.0
56.3544 146991.0
-381.131 147084.0
3053.08 151025.0
5556.65 151000.0
6649.81 150778.0
27.4114 146993.0
1289.77 144078.0
-7366.43 139303.0
-14851.6 136088.0
-14935.0 134046.0
-14985.1 128126.0
-15693.1 127171.0
-14613.3 130546.0
-13268.6 133873.0
-14557.7 139699.0
-16256.4 146434.0
-15451.6 145347.0
-14793.7 142099.0
-13050.4 139483.0
-10483.4 144130.0
-11092.3 144691.0
-5413.89 161458.0
-1729.21 161050.0
-594.865 155858.0
-1527.72 154304.0
698.668 142010.0
1150.63 142262.0
2113.54 140405.0
2768.1 139359.0
3201.13 138539.0
3604.11 135772.0
4057.18 134420.0
4054.95 134438.0
4066.08 134423.0
4064.97 134425.0
4073.87 134418.0
4059.4 134427.0
4061.63 134414.0
4056.06 134434.0
4062.74 134427.0
4056.06 134438.0
4063.86 134425.0
3650.86 133917.0
1994.43 132793.0
1384.4 133109.0
1416.68 133951.0
2564.38 134311.0
3041.94 134915.0
2725.8 135387.0
1404.43 132971.0
1394.41 133127.0
2566.61 132499.0
3029.7 133113.0
256.73 133009.0
-927.71 134616.0
-2932.57 132532.0
-6030.6 134879.0
-10869.7 132374.0
-12965.8 135246.0
-14903.9 135478.0
-14907.2 135656.0
-15227.8 136956.0
-14828.2 137172.0
-15249.0 137589.0
-16582.6 136927.0
-16034.9 136204.0
-15202.2 136166.0
-15457.1 136148.0
-16501.3 135456.0
-18473.9 134309.0
-18852.4 134342.0
-19472.4 141082.0
-20257.2 148037.0
-20514.4 148015.0
-20600.1 148024.0
-19456.8 140993.0
-19509.2 140093.0
-13613.7 135396.0
-5407.21 134897.0
-3879.9 134821.0
-3679.53 135382.0
-3819.79 135974.0
-2861.33 137673.0
-2842.41 138704.0
-4076.94 139131.0
-11416.2 139430.0
-12476.0 139450.0
-14844.9 125049.0
-13975.5 124315.0
-12456.0 123858.0
-12240.0 123166.0
-14692.4 116640.0
-13541.3 114706.0
-12338.0 114423.0
-8391.68 114089.0
-11967.3 114336.0
-14895.0 115712.0
-14859.3 116643.0
-13570.3 119878.0
-12255.6 123380.0
-11925.0 124152.0
-9433.63 125230.0
-9156.45 124241.0
-11196.9 125662.0
-11202.5 125653.0
-10205.1 128605.0
-7928.59 137419.0
-8731.21 137399.0
-10579.1 142562.0
-10462.2 143733.0
-10561.3 145508.0
-10546.8 146879.0
-11061.1 147273.0
-11822.5 147333.0
-11833.7 147754.0
-12124.2 148211.0
-11223.6 147427.0
-9103.01 143932.0
-7874.05 142164.0
-6777.55 140481.0
-6839.89 139347.0
-5231.32 139232.0
-3597.15 138960.0
-2717.73 135948.0
-2901.4 135128.0
-2890.27 133033.0
-4256.16 132512.0
-4466.56 132521.0
-4975.29 132270.0
-4745.97 131974.0
-4770.46 133323.0
-5207.94 133619.0
-4737.06 132931.0
-4639.1 127490.0
-4171.56 122445.0
-4119.24 120448.0
-3700.68 118934.0
-3033.87 115748.0
-2247.96 114995.0
-2744.44 115734.0
-3702.9 118488.0
-3754.11 119339.0
-4072.49 120151.0
-3611.62 126074.0
-5400.53 138294.0
-5367.13 138481.0
-4754.87 138116.0
-5019.81 137379.0
-4764.89 136112.0
-4729.27 132601.0
-3810.88 132506.0
-3758.56 132519.0
-2918.1 134630.0
8.48706 135883.0
766.573 135338.0
1414.45 133490.0
1952.13 131047.0
1926.52 129705.0
-1544.42 123918.0
-2646.48 123001.0
-4232.79 121877.0
-4143.73 117057.0
-4042.43 114628.0
-4098.09 118653.0
-4080.28 119294.0
-4165.99 122351.0
-3941.13 126283.0
-3563.76 125054.0
-990.049 125063.0
-217.492 125965.0
1844.15 127683.0
1965.48 132530.0
2587.76 134347.0
3980.37 134371.0
4123.97 134547.0
4131.76 134523.0
3541.77 133795.0
2215.95 133899.0
638.555 136181.0
-115.078 135596.0
-342.169 133681.0
834.478 132915.0
2133.58 133781.0
1984.41 131600.0
2428.57 131087.0
3132.11 130364.0
2270.5 129656.0
2233.76 129380.0
3144.36 131486.0
2417.44 132174.0
384.747 132915.0
-2775.61 134694.0
-5232.43 134799.0
-6256.57 137386.0
-6936.74 138479.0
-6493.68 138268.0
-5390.51 139519.0
-4762.67 136035.0
-4801.63 134781.0
-5323.72 134472.0
-4766.01 134104.0
-1037.92 150381.0
-749.599 149504.0
14.053 152472.0
1169.55 152703.0
1354.34 152777.0
710.913 152588.0
31.8642 151590.0
-47.1727 147763.0
-3144.08 152641.0
-4564.52 152726.0
-6239.88 154447.0
-9675.2 154901.0
-10145.0 154783.0
-10762.8 156804.0
-11085.6 156787.0
-11676.7 158301.0
-11520.9 157412.0
-9778.72 154705.0
-10746.1 155364.0
-10708.2 154986.0
-10807.3 151379.0
-11723.5 149295.0
-12781.0 149362.0
-13850.8 145935.0
-14112.4 141939.0
-14506.5 141834.0
-14051.2 143119.0
-16198.5 169263.0
-16991.1 169259.0
-18168.9 168164.0
-18580.8 163740.0
-17974.1 162181.0
-15815.6 161832.0
-12765.4 161662.0
-11288.2 161852.0
-9563.88 161239.0
-8428.42 157012.0
-8436.21 154647.0
-8157.91 147349.0
-8613.21 146516.0
-10207.3 145450.0
-367.773 147104.0
552.839 145345.0
2012.24 144673.0
756.554 145314.0
-353.301 147104.0
-1872.81 146953.0
-3460.23 147013.0
-5968.26 147073.0
-11782.5 147276.0
-16167.3 147282.0
-21028.7 149034.0
-22399.0 148398.0
-25075.1 148934.0
-20435.3 150551.0
-20432.0 149161.0
-18045.3 149117.0
-14938.4 148228.0
-12988.1 147300.0
-9019.52 145470.0
-8682.23 143905.0
-4778.25 143613.0
-377.792 147017.0
-1772.62 146812.0
-5840.24 143602.0
-11360.6 142059.0
-11434.0 141997.0
-9597.27 145477.0
-7632.48 143658.0
-1799.34 146536.0
-3462.45 143515.0
-16948.8 139948.0
-18014.1 142613.0
-18097.6 141745.0
-14399.6 139666.0
-1850.55 146421.0
-1529.95 147004.0
-1777.08 146732.0
-9930.12 144415.0
-10797.3 133766.0
-11259.3 129540.0
-10890.8 131179.0
-10812.9 138272.0
-8736.77 143413.0
-8724.53 143613.0
-3891.03 143564.0
-388.924 147189.0
-390.037 147169.0
-1782.64 148240.0
-3493.62 154260.0
-6792.02 155816.0
-7278.49 156368.0
-6734.13 156117.0
-7254.0 156867.0
-6914.47 156853.0
-607.11 155965.0
-939.955 147020.0
-509.149 147020.0
49.6753 149393.0
-4011.26 149095.0
-4433.16 149083.0
-4444.29 149106.0
-854.239 147013.0
-525.846 147017.0
1956.58 156003.0
3675.35 155985.0
3289.07 155979.0
4612.66 152376.0
3717.65 140685.0
3354.75 140191.0
6909.18 130043.0
14278.5 122988.0
15588.8 120145.0
15522.0 118437.0
15360.6 115685.0
15867.1 114521.0
15225.9 114287.0
15488.6 108928.0
15463.0 108318.0
21790.4 106074.0
28888.1 104377.0
29435.8 104591.0
37337.3 99804.5
38432.6 99481.6
38259.0 99608.5
38850.1 99357.0
42315.5 98108.0
42742.9 97587.0
42800.8 97540.2
42700.6 98551.0
42803.0 97564.7
42745.2 97491.2
42712.9 98462.0
36969.9 99982.6
35822.2 100586.0
29275.5 104500.0
23933.3 106194.0
12264.8 110745.0
10893.3 119132.0
9081.03 123725.0
8823.88 124529.0
5773.72 131651.0
3182.21 132239.0
3175.53 131827.0
2103.52 129649.0
2172.54 132579.0
1881.99 132853.0
1386.62 133065.0
1427.81 134131.0
1705.0 134832.0
1816.32 136188.0
1994.43 135507.0
4405.61 138372.0
4849.77 140282.0
4868.7 140768.0
3315.79 142206.0
1241.91 145267.0
20.7322 145325.0
-1851.66 146672.0
-2727.75 147676.0
-2673.2 148360.0
-1797.12 148774.0
-1794.89 148923.0
-1136.99 149159.0
-1814.93 145508.0
-1905.09 143500.0
-1604.53 139628.0
-428.999 140545.0
1051.55 142447.0
1594.79 144003.0
2064.56 143980.0
577.33 143987.0
18.5058 143876.0
1073.81 143624.0
1244.13 144686.0
1236.34 144706.0
1864.18 147073.0
1230.78 149742.0
1179.57 150268.0
1199.61 160057.0
-3412.36 164056.0
-3974.52 164040.0
-3464.68 166592.0
-3728.51 164116.0
-3152.99 163208.0
-3368.95 157575.0
-3400.12 155255.0
-3445.76 155101.0
-3596.04 155161.0
-3579.34 154718.0
-3551.51 155208.0
-1283.93 155947.0
-895.427 155486.0
-1263.89 155878.0
-11311.6 155734.0
-12939.1 156753.0
-14836.0 157228.0
-13730.6 158269.0
-13753.9 157308.0
-14893.9 157210.0
-14985.1 157361.0
-15518.4 156842.0
-15519.5 156825.0
-15515.0 156838.0
-15519.5 156778.0
-15522.8 156793.0
-15588.5 154064.0
-15791.1 155106.0
-16156.2 152888.0
-14746.9 154389.0
-14399.6 154387.0
-11946.1 152893.0
-10412.1 152614.0
-10375.4 151842.0
-9929.0 151630.0
-8505.23 152171.0
-7384.24 154066.0
-4398.65 154193.0
-4253.94 155119.0
-3755.22 154683.0
-3687.32 154709.0
-4524.44 151056.0
-4849.5 151593.0
-6956.77 152884.0
-10496.7 152592.0
-10486.7 153249.0
-11921.6 156206.0
-13775.1 157005.0
-10185.0 157708.0
-9716.38 156907.0
-8411.72 154763.0
-4943.0 154355.0
-4112.56 152138.0
75.2788 152650.0
531.689 152657.0
275.654 151541.0
1292.0 144642.0
877.892 136907.0
2691.29 135563.0
5950.72 131364.0
9545.23 121886.0
12100.0 112873.0
12180.2 111898.0
24359.6 106346.0
24762.6 106437.0
32883.4 103999.0
40283.9 99060.8
40584.4 98991.8
42575.9 96903.5
42808.6 97658.2
42797.5 97667.1
42814.2 97649.3
42589.3 97021.5
41880.2 96948.0
41882.4 96936.9
42809.7 97602.6
38443.8 99405.9
36049.3 101236.0
37233.7 99857.9
42253.1 98764.7
42579.3 98682.4
42790.8 97578.1
42672.8 97845.2
41432.7 98722.4
40198.2 99051.9
38339.1 99399.3
37165.8 99882.4
37522.0 103307.0
37532.1 103213.0
37514.2 103224.0
37523.2 103304.0
37181.4 100666.0
33260.7 101989.0
33898.6 101643.0
33487.8 100838.0
33819.6 100546.0
33783.9 100584.0
33794.0 100646.0
34161.3 101510.0
37547.6 99695.4
41369.2 97584.8
41879.1 96945.8
41403.8 98346.2
40443.1 98459.7
