-513.601 123894.0
-1531.06 123943.0
-3784.17 124134.0
-3613.85 126040.0
-4344.11 130161.0
-7060.3 132699.0
-7240.64 134970.0
-10524.6 143146.0
-10466.7 144232.0
-10526.8 146585.0
-10473.4 149041.0
-10473.4 149769.0
-12774.3 151982.0
-10500.1 152548.0
-10445.5 152817.0
-7551.22 152924.0
-3788.62 152724.0
-3593.81 151877.0
-3668.4 147890.0
-4639.1 145506.0
-5311.47 141636.0
-5698.86 140443.0
-4968.61 141405.0
-3938.9 143578.0
-3177.48 143529.0
-1803.79 147253.0
-1732.55 150388.0
-2574.13 152087.0
-3375.63 151205.0
-3588.25 150588.0
-3059.48 149108.0
-2804.56 149115.0
-2731.09 149095.0
-1234.95 149544.0
-659.43 149520.0
-462.394 149578.0
21.8454 151314.0
8.48706 151461.0
617.405 151546.0
3082.02 151539.0
3104.28 152138.0
3095.38 151481.0
1246.36 153859.0
1237.45 155275.0
-1155.91 155909.0
-1580.04 155012.0
-1888.4 155048.0
-3138.51 155999.0
-3669.51 156045.0
-4211.63 156882.0
-5504.05 157448.0
-5724.47 158724.0
-6101.84 158499.0
-6109.63 157575.0
-5147.83 157245.0
-4251.71 154678.0
-4277.31 154643.0
-3754.11 152726.0
-269.812 152643.0
1014.82 152966.0
1181.79 153193.0
-613.789 152668.0
958.042 152585.0
695.328 152590.0
18.5058 150573.0
8.48706 149820.0
20.7322 149651.0
-868.711 149192.0
-1282.82 149097.0
-1209.35 149110.0
-1816.04 149021.0
-1962.98 149043.0
-3633.89 149066.0
-3728.51 144933.0
-3740.75 144234.0
-2772.27 143092.0
-2790.08 141912.0
-3269.87 141774.0
-2378.2 141805.0
-2403.81 141767.0
-2776.73 141754.0
-4080.28 141331.0
-3485.83 141821.0
-3118.48 141819.0
-1771.51 141267.0
-1607.87 139884.0
-1619.0 139416.0
-1636.82 140968.0
-3245.38 141298.0
-3490.28 141309.0
-4614.61 140697.0
-4748.19 139334.0
-4733.72 138027.0
-4488.82 136130.0
-3690.66 133777.0
-3683.98 133670.0
-3697.34 135473.0
-3650.58 137802.0
-3649.47 137791.0
-3622.75 138866.0
-4049.11 139109.0
-4741.52 137482.0
-3688.43 135981.0
-3858.75 136705.0
-4731.5 134118.0
-5565.28 131323.0
-5514.07 133481.0
-6360.1 134988.0
-6126.33 142616.0
-6234.31 143578.0
-8917.11 143742.0
-10524.6 143034.0
-10594.7 141275.0
-8506.34 139390.0
-8228.04 136562.0
-8736.77 139367.0
-10923.1 139407.0
-12067.5 139405.0
-11205.8 139492.0
-9538.27 150695.0
-9695.23 152341.0
-9662.95 155878.0
-10305.3 156851.0
-11282.6 155729.0
-13973.2 155115.0
-15147.7 152875.0
-14848.2 154182.0
-14143.6 153378.0
-10073.7 152937.0
-8515.25 152964.0
-8470.72 152659.0
-9994.68 149215.0
-14074.5 149239.0
-16424.5 146899.0
-16234.1 146200.0
-15145.4 144368.0
-13387.7 142956.0
-12753.2 142150.0
-14284.9 139835.0
-14296.1 139632.0
-12703.1 139508.0
-10087.1 139488.0
-5356.0 139245.0
-3589.36 139664.0
-3227.57 142246.0
-2788.97 141371.0
-3298.82 136464.0
-2911.42 134814.0
-3301.04 133585.0
-4728.16 133185.0
-3611.62 127283.0
-3581.57 124920.0
2331.72 113212.0
5000.05 108069.0
11743.8 85595.6
11803.9 85477.6
11941.9 79433.0
12595.4 76618.8
13308.9 76040.0
13304.5 75968.7
11405.4 73691.1
11325.2 72840.7
11860.7 83001.9
9019.8 91691.5
8133.7 98136.9
8120.34 107719.0
8231.66 110041.0
3657.54 111239.0
3216.71 123371.0
2624.5 124275.0
-150.7 132697.0
-4846.16 139178.0
-9744.21 139434.0
-15786.6 141095.0
-15590.7 148698.0
-15515.0 158439.0
-15434.9 159953.0
-15133.2 161912.0
-15036.3 161573.0
-15137.6 161491.0
-15532.8 154258.0
-15542.8 149762.0
-14582.2 148244.0
-14390.7 148237.0
-13811.8 147066.0
-13810.7 147093.0
-13823.0 147080.0
-13829.6 147091.0
-11996.2 145969.0
-11202.5 145659.0
-7144.9 143640.0
-3972.3 143575.0
-3511.44 143544.0
-1791.55 148084.0
-4634.65 134665.0
-4622.4 133423.0
-4140.39 132922.0
-4740.4 132641.0
-4732.61 132947.0
-5181.23 134901.0
-9025.09 135082.0
-9642.91 134661.0
-9520.46 134630.0
-9728.63 135026.0
-9806.55 135042.0
-9707.48 135188.0
-9707.48 135224.0
-9819.91 135019.0
-9800.99 135064.0
-9819.91 135113.0
-9829.93 135053.0
-9852.19 135046.0
-9841.06 135042.0
-9854.42 135062.0
-9846.63 135037.0
-10817.3 137724.0
-6513.72 139301.0
-3555.96 141177.0
-3511.44 142460.0
-2800.1 141509.0
-2850.2 137778.0
-2916.99 134915.0
-3539.27 134716.0
-3666.17 134463.0
-3722.94 130397.0
-3562.64 125094.0
-4224.99 120737.0
-4050.22 119406.0
-4781.59 119401.0
-4141.5 122400.0
-3967.85 123077.0
-2726.63 123446.0
-3759.68 123865.0
-3649.47 124862.0
-4381.95 130164.0
-5084.38 130740.0
-5071.02 131114.0
-4626.86 127414.0
-2723.29 123694.0
-2718.84 123709.0
-3034.99 123901.0
-3646.13 124818.0
-3698.45 132866.0
-4760.44 134069.0
-5389.4 138270.0
-5824.65 139209.0
-6116.31 142642.0
-6102.95 143333.0
-4645.78 143629.0
-3739.64 144806.0
-3688.43 147810.0
-3663.94 148220.0
-3663.94 151421.0
-3591.59 152545.0
-3568.21 154424.0
-3545.94 154861.0
-3515.89 155110.0
-3519.23 155825.0
-3481.38 155834.0
-3581.57 152372.0
-2768.93 151029.0
-2684.33 151045.0
-2675.43 149235.0
-2043.13 147026.0
-1817.15 148582.0
-1817.15 148963.0
-238.642 149388.0
1254.15 151673.0
1231.89 154364.0
1869.75 154358.0
1946.56 154369.0
1529.11 154324.0
1320.94 153391.0
1323.17 149604.0
1293.11 144960.0
980.306 142297.0
303.484 141420.0
-1742.57 138960.0
-3479.15 139051.0
-2912.54 137722.0
-2843.52 136564.0
-2866.9 136584.0
-2928.12 134879.0
-2915.88 134850.0
-2924.78 134855.0
-3680.64 133394.0
-3626.09 132083.0
-3665.06 131611.0
-4865.08 131027.0
6973.75 95142.4
9030.93 85395.3
9036.5 80949.2
9097.72 77921.3
11944.2 75668.2
13285.6 76460.8
13304.5 76037.8
13283.3 76516.4
12070.0 76683.4
11367.5 85446.5
9019.8 90386.8
6629.77 94984.3
5399.69 101267.0
5310.63 104210.0
3077.57 112056.0
-288.736 114076.0
-885.408 114588.0
-858.692 114601.0
-1516.59 116876.0
-2171.15 116723.0
-4171.56 117213.0
-4243.92 121628.0
-3962.28 123139.0
-3456.89 122380.0
-3137.4 123752.0
-3759.68 124195.0
-4193.82 130170.0
-4750.42 132488.0
-5084.38 131931.0
-4776.02 133735.0
-6966.79 134919.0
-8101.14 134160.0
-16669.4 111555.0
-17385.2 110088.0
-14960.6 115765.0
-14260.4 115369.0
-12569.5 112584.0
-14030.0 113403.0
-14410.7 113782.0
-15321.3 115547.0
-12755.4 121904.0
-12129.8 123560.0
-10500.1 127298.0
-5509.62 134356.0
-5241.34 134474.0
-5209.06 134380.0
-5211.28 133681.0
-7720.43 134986.0
-10747.2 136613.0
-10816.2 138032.0
-10550.2 146044.0
-10818.4 146127.0
-6276.61 138270.0
-6284.4 139403.0
-5276.96 139261.0
-39.3803 140975.0
1285.32 143268.0
1269.74 148478.0
1422.24 152666.0
2925.06 152712.0
3057.53 153654.0
1463.43 154340.0
1304.25 154028.0
1392.19 152752.0
2289.42 152728.0
2522.08 153182.0
1155.08 151615.0
941.344 150873.0
379.181 149774.0
128.712 149444.0
-475.753 148507.0
-1014.54 148066.0
-1798.23 146619.0
-1824.94 144704.0
-1020.11 143644.0
815.553 142166.0
1000.34 142402.0
1263.06 148037.0
1270.85 152474.0
384.747 162949.0
-440.13 166109.0
412.577 171661.0
587.348 173890.0
-418.98 175528.0
-3364.49 176112.0
-3721.83 175586.0
-5317.04 173799.0
-5449.51 168733.0
-5449.51 164454.0
-4788.27 164114.0
-2342.58 163795.0
1258.6 156954.0
2122.44 156027.0
7069.48 156043.0
6734.41 155591.0
5297.28 155981.0
1401.09 155950.0
983.646 155958.0
910.175 155346.0
2569.95 154380.0
2872.74 154382.0
2935.08 154407.0
3109.85 152728.0
5159.24 152715.0
10018.3 152483.0
12906.0 152788.0
12662.2 153378.0
12962.7 153416.0
13197.6 152280.0
11621.3 152343.0
9429.46 152305.0
7742.97 150746.0
6984.88 150864.0
4880.94 150989.0
3120.98 149486.0
2546.57 148956.0
2528.76 147705.0
2548.8 146975.0
2529.87 146975.0
1259.72 149079.0
1244.13 156050.0
396.992 157944.0
-1129.2 154645.0
-1170.39 154625.0
-1593.4 152777.0
-3215.33 152675.0
-4675.84 152735.0
-4356.35 150847.0
-4348.56 150604.0
-3117.36 149413.0
-3244.27 151063.0
-3426.83 151072.0
-3677.3 147801.0
-3685.09 147182.0
-3686.21 147198.0
-4531.12 147048.0
-7225.05 147129.0
-9324.54 147293.0
-10501.2 145695.0
-10473.4 145345.0
-15487.2 145100.0
-16629.3 136778.0
-16688.3 135540.0
-17994.1 133343.0
-17475.4 133588.0
-17223.8 133661.0
-15281.2 135816.0
-15491.6 136887.0
-15483.8 136983.0
-16921.0 140247.0
-16860.9 140616.0
-19506.9 140080.0
-19518.1 140512.0
-20350.7 144025.0
-23025.7 143865.0
-20660.2 144076.0
-20243.9 144624.0
-19515.8 151205.0
-19459.1 150660.0
-18017.5 149233.0
-17978.5 148295.0
-17977.4 147881.0
-19501.4 144611.0
-19520.3 150686.0
-19571.5 151252.0
-23269.5 155117.0
-24580.9 154741.0
-24323.7 153634.0
-23033.5 153222.0
-22997.9 152835.0
-19671.7 152826.0
-19411.2 148482.0
-19423.4 148253.0
-18380.4 145227.0
-17096.9 149348.0
-17153.6 149248.0
-15196.6 148244.0
-13410.0 148235.0
-12982.5 148269.0
-11398.4 148240.0
-10574.7 149204.0
-12605.1 149355.0
-13692.7 149279.0
-17743.6 149722.0
-17712.5 149647.0
-17977.4 147416.0
-19524.7 145550.0
-18241.2 145183.0
-16700.6 144303.0
-9222.13 144016.0
-6541.55 142569.0
-6148.59 140503.0
-6094.05 139381.0
-4722.59 140688.0
-4708.12 140766.0
-3576.0 139227.0
-3649.47 137727.0
-5291.43 137375.0
-4766.01 137212.0
-4728.16 133463.0
-3663.94 131486.0
-3641.68 137642.0
-3606.06 138971.0
-2705.48 139120.0
-1118.07 139630.0
-1676.89 141226.0
-1036.8 141480.0
-1501.01 139053.0
-2866.9 140672.0
-6110.75 139227.0
-9572.78 139416.0
-10782.8 134311.0
-10845.2 132085.0
-12186.6 132076.0
-10825.1 132495.0
-9492.63 133065.0
-9002.83 135075.0
-8111.16 136253.0
-7556.79 137399.0
-6102.95 137424.0
-5018.7 137735.0
-4761.55 137304.0
-4753.76 136059.0
-1467.61 134688.0
1092.74 135542.0
-36.0407 135689.0
-3577.11 134696.0
-4397.54 134741.0
-4191.6 131753.0
-3660.6 128523.0
-3551.51 125686.0
-4033.52 120269.0
-3351.14 118894.0
-3262.08 118862.0
-1586.72 115692.0
1023.72 113962.0
4757.38 109743.0
5410.82 101951.0
5259.43 100143.0
9026.48 90179.8
9029.82 87303.3
11757.1 85624.6
13307.8 76028.8
11914.1 80419.3
10782.0 85419.8
8133.7 97771.8
8331.85 101833.0
8112.55 106624.0
3644.18 111241.0
-59.4178 113982.0
-1662.42 116941.0
-3691.77 118542.0
-4297.35 121089.0
-2725.52 123162.0
-2713.27 123680.0
-3801.98 124099.0
-3765.24 129006.0
-3667.28 131646.0
-3938.9 132503.0
-3934.45 132483.0
-3965.62 132521.0
-3704.02 135841.0
-3608.28 138960.0
-3623.87 139029.0
349.125 141518.0
1299.79 143306.0
1081.61 142395.0
1179.57 142676.0
1248.59 148473.0
1271.96 153229.0
-1365.2 156900.0
-2025.32 151926.0
29.6378 149671.0
49.6753 148507.0
-502.469 149310.0
-457.942 149424.0
38.5433 145953.0
1326.51 144539.0
1338.75 143468.0
813.327 141794.0
-715.09 140042.0
-354.414 138452.0
-81.6817 138132.0
-248.661 138272.0
-221.944 138225.0
-89.4741 137406.0
-2861.33 137698.0
-2859.1 137357.0
-2932.57 134705.0
-3082.86 134712.0
-3484.72 134696.0
-3514.77 134683.0
-3659.49 132517.0
-3670.62 132506.0
-3734.07 133263.0
-3315.51 134685.0
-4192.71 134777.0
-7532.3 135068.0
-1369.65 134705.0
-1018.99 134892.0
3472.75 136117.0
3949.2 137168.0
3301.32 135783.0
3415.98 135589.0
4012.65 134434.0
4174.06 134654.0
4422.3 138109.0
5021.2 138495.0
5218.24 138486.0
5069.07 138548.0
5086.88 138557.0
-1300.63 145305.0
-3267.65 145376.0
-5827.99 145425.0
-6268.82 144361.0
-10600.3 150524.0
-12876.7 151339.0
-14369.5 154193.0
-14351.7 153015.0
-13841.9 152053.0
-12344.6 150927.0
-11817.0 147587.0
-11072.3 147302.0
-9411.37 144181.0
-7810.59 143117.0
-7111.51 142580.0
-6164.18 143065.0
-6150.82 140518.0
-5063.23 139258.0
-4395.31 139163.0
-7064.75 139303.0
-11281.5 135280.0
-11249.3 135269.0
-11234.8 135271.0
-10728.3 136587.0
-10456.7 143626.0
-10456.7 143940.0
-10537.9 145835.0
-10445.5 149776.0
-10440.0 152398.0
-11291.6 158301.0
-11110.1 159421.0
-10748.3 158278.0
-10811.8 155840.0
-10448.9 154275.0
-10413.2 152229.0
-10457.8 148968.0
-10496.7 147280.0
-10565.8 142504.0
-10268.5 137833.0
-10693.8 137025.0
-9873.34 136346.0
-8997.26 135099.0
-9809.89 135035.0
-9828.82 135059.0
-9861.1 135062.0
-9856.65 135050.0
-10412.1 135097.0
-10220.7 135195.0
-8975.0 136233.0
-8950.51 136193.0
-8949.39 136224.0
-8966.09 136228.0
-8993.92 135139.0
-9844.4 135048.0
-9834.38 135059.0
-9856.65 135050.0
-10745.0 135068.0
-14842.6 135413.0
-14927.2 135502.0
-15027.4 136101.0
-14873.8 136186.0
-14517.6 135496.0
-10338.7 135157.0
-3058.36 134754.0
-431.225 135367.0
2949.55 139704.0
4386.68 146859.0
4391.14 148142.0
4965.54 151049.0
6320.3 150949.0
5907.31 150905.0
4618.23 151014.0
2518.74 150965.0
455.991 149778.0
113.127 149393.0
59.694 149406.0
-1004.52 150557.0
-1307.31 150742.0
-1029.01 151232.0
6.26067 152521.0
570.65 152650.0
4317.66 153057.0
4858.68 158748.0
5419.73 160008.0
5168.15 159895.0
3044.17 156711.0
3063.09 154540.0
2656.78 154360.0
2645.65 154373.0
1325.4 152775.0
21.8454 151586.0
24.0718 147104.0
1293.11 144566.0
1222.98 142656.0
334.653 136239.0
-2417.16 134752.0
-2144.43 135231.0
-3530.36 134705.0
-3539.27 134674.0
-3521.45 134692.0
-3531.47 134683.0
-3430.17 133047.0
-3801.98 133594.0
-4045.77 134578.0
-10464.5 135099.0
-12492.7 139443.0
-14030.0 139525.0
-15590.7 148400.0
-15826.7 155288.0
-15014.1 155197.0
-11292.7 157535.0
-11237.0 159975.0
-9736.42 164693.0
-5914.82 164730.0
-5915.94 164980.0
-4100.32 164125.0
-2945.93 163969.0
-2407.15 164154.0
-2417.16 165423.0
-2411.6 164512.0
-3095.1 162177.0
-3350.02 157624.0
-3474.7 156177.0
-3876.56 155449.0
-3355.59 156079.0
-2165.58 155952.0
104.222 157962.0
1141.72 157991.0
1267.51 157408.0
1312.04 153476.0
1298.68 150174.0
1357.68 141897.0
2001.11 140737.0
4369.98 136651.0
4931.03 133343.0
5664.63 131887.0
8089.17 126768.0
9337.06 122754.0
11872.9 115630.0
12494.1 108151.0
11906.3 108287.0
11373.1 100998.0
11697.0 94465.6
12275.9 92996.2
11756.0 85642.4
11864.0 82952.9
11925.2 80221.1
11314.1 72624.7
11429.9 71901.1
11458.8 72163.8
11615.8 71952.3
11215.0 73724.5
12003.2 76937.2
12430.6 83222.3
12466.3 83209.0
11943.0 79582.2
11662.5 71881.1
11802.8 71870.0
11801.7 71854.4
11427.6 71903.3
11385.3 72177.2
11542.3 74185.4
11830.6 84673.9
9019.8 85562.2
9016.46 90558.3
8252.81 99252.3
6426.06 102400.0
5411.94 103710.0
4996.71 107434.0
3773.31 111204.0
14.053 113942.0
-1672.44 115792.0
-1944.06 116794.0
-3734.07 119172.0
-3952.26 119325.0
-4307.37 122091.0
-2709.93 123711.0
-2732.2 123665.0
-2729.97 123642.0
-2750.01 123600.0
-2770.05 123391.0
-2800.1 123282.0
-2785.63 123346.0
-2796.76 123480.0
-2783.41 123551.0
-3096.21 122979.0
-5035.4 121327.0
-4390.86 121652.0
-3698.45 123128.0
-3682.87 124796.0
-3621.64 126454.0
-3901.05 132523.0
-3578.23 126301.0
-4229.45 121841.0
-3789.73 119586.0
-3914.41 119323.0
-3144.08 123028.0
-2718.84 123231.0
-2863.56 122861.0
-2836.84 122910.0
-2944.82 122988.0
-4010.15 119608.0
-5673.26 119441.0
-7097.04 119541.0
-10697.1 118548.0
-12400.3 119152.0
-13385.5 119826.0
-15515.0 122603.0
-15224.5 123491.0
-14430.8 124019.0
-12598.4 125352.0
-11618.8 125706.0
-11753.5 126265.0
-11631.1 125657.0
-10816.2 127401.0
-9556.08 130250.0
-8427.3 136233.0
-9804.33 135062.0
-10996.6 133735.0
-11891.6 133821.0
-11074.5 133748.0
-10789.5 135139.0
-10465.6 144027.0
-10484.5 148366.0
-10389.9 150228.0
-9287.8 154638.0
-7797.24 154542.0
-7502.24 154551.0
-4334.09 154320.0
-3576.0 154313.0
-3337.78 154369.0
-3474.7 155126.0
-3580.45 152532.0
-2640.92 149593.0
-530.299 149313.0
-1926.25 143673.0
-2829.05 143486.0
-4672.5 143584.0
-10885.2 145539.0
-12225.5 145926.0
-13749.5 145811.0
-14316.1 139719.0
-14566.6 138423.0
-13892.0 138234.0
-13941.0 136551.0
-13670.5 136150.0
-14853.8 135578.0
-13369.9 135429.0
-13029.3 134022.0
-11358.3 133728.0
-11359.5 133775.0
-11906.0 133305.0
-12277.8 133806.0
-11908.3 133764.0
-9480.39 133708.0
-9454.78 134037.0
-8372.76 135117.0
-6686.27 134995.0
-4633.54 134881.0
-5049.87 134806.0
-6281.06 134801.0
-6240.99 137898.0
-7641.39 137938.0
-7703.73 136816.0
-6824.3 136177.0
-4759.33 134879.0
-1549.99 134703.0
139.844 131755.0
3605.22 119361.0
3578.5 111691.0
4623.79 111132.0
6814.56 102474.0
8149.28 98194.8
9023.14 92016.6
11744.9 85626.8
11840.6 84469.1
11992.0 77709.8
13313.4 76035.5
13312.3 76042.2
13008.4 76569.9
12037.7 76701.2
13058.5 76561.0
13311.2 76042.2
15300.4 78885.3
17097.1 78500.1
20000.4 78673.8
21483.1 77433.7
21741.4 76981.7
23145.1 77066.3
21548.8 76957.3
21045.6 79056.7
20646.0 78923.2
17101.6 78509.0
13508.2 78845.2
13266.6 78135.0
13306.7 76035.5
13270.0 76391.7
12530.8 76630.0
11830.6 84676.1
8607.92 85364.1
7128.48 85433.1
6967.07 92014.3
5600.07 96313.5
5426.41 98257.1
4994.49 107470.0
3119.87 111996.0
1939.88 113604.0
-1543.31 115605.0
-1863.91 117805.0
-2178.94 117527.0
-3754.11 117569.0
-4124.81 118281.0
-4076.94 119268.0
-3131.84 123255.0
-4139.28 126294.0
-4417.58 126265.0
-4332.97 130170.0
-4890.68 131063.0
-5076.59 131094.0
-4779.36 136101.0
-4722.59 141246.0
-4131.48 141362.0
-2886.93 141730.0
-2801.22 141970.0
-2783.41 143103.0
-3541.49 141705.0
-5748.96 143602.0
-7398.71 143602.0
-6101.84 143544.0
-2452.79 143477.0
-1876.15 144862.0
1258.6 146214.0
1871.98 147342.0
2272.73 147765.0
3106.51 149310.0
4392.25 151414.0
4916.56 152770.0
11943.0 152472.0
14077.0 155440.0
14121.6 156174.0
14150.5 152775.0
11323.0 152374.0
10433.6 150588.0
7206.41 136126.0
8765.99 127828.0
11262.9 126067.0
15351.7 116119.0
15270.4 114307.0
15191.4 114919.0
13255.5 118317.0
11498.9 118099.0
10610.6 119423.0
7896.59 121532.0
-3561.53 123865.0
-2406.03 123030.0
-2428.3 123066.0
-2418.28 123046.0
-2626.45 123008.0
-3729.62 123858.0
-3784.17 130052.0
-3682.87 132401.0
-3691.77 132673.0
-3586.02 139810.0
-3510.32 142573.0
-3530.36 143041.0
-3798.64 143366.0
-2723.29 146067.0
-2633.12 146405.0
-1308.42 145374.0
571.764 142698.0
118.693 143433.0
-917.691 143493.0
-2787.86 143482.0
-3230.91 143508.0
-3617.19 143508.0
-6567.16 143061.0
-7268.47 142832.0
-6323.37 143068.0
-4748.19 143517.0
-6078.46 143462.0
-5499.6 140398.0
-6177.54 139450.0
-9125.28 139394.0
-11542.0 141821.0
-11323.8 143359.0
-11343.9 143186.0
-13580.3 141756.0
-14483.1 141832.0
-15814.5 140643.0
-17472.0 141378.0
-16394.4 141151.0
-15977.0 138283.0
-15925.8 135585.0
-14925.0 135473.0
-15046.4 132314.0
-14673.4 133982.0
-12450.4 133821.0
-12054.1 135968.0
-11796.9 135928.0
-10806.2 135244.0
-8964.98 135747.0
-8110.04 135128.0
-4612.39 134948.0
-4172.67 132477.0
-3721.83 133120.0
-3657.26 137593.0
-4428.71 139156.0
-3524.79 141799.0
-3505.87 142480.0
-3541.49 143057.0
-3968.96 143522.0
-4672.5 142634.0
-4703.67 140953.0
-4671.38 140701.0
-6228.74 143578.0
-6278.84 144183.0
-6004.99 144426.0
-6271.05 144056.0
-7321.9 143573.0
-6879.96 143083.0
-4909.61 143063.0
-4766.01 143077.0
-6108.52 142418.0
-3935.56 139185.0
-3591.59 139795.0
-4030.18 141282.0
-5174.55 143578.0
-7314.11 143606.0
-8467.38 143170.0
-8138.99 143580.0
-8704.49 143513.0
-8878.15 140525.0
-8928.24 137023.0
-8992.81 135151.0
-12227.8 135215.0
-13683.8 135362.0
-13536.9 136150.0
-12993.6 136335.0
-11360.6 137444.0
-10526.8 144753.0
-10600.3 145243.0
-11249.3 143932.0
-10586.9 141349.0
-10601.4 140329.0
-9461.46 137466.0
-8039.91 134403.0
-7700.39 134293.0
-7701.5 132773.0
-6924.49 135309.0
