3.29865e+07 1.11552e+07 3.2988e+07 1.11538e+07
3.2988e+07 1.11538e+07 3.29916e+07 1.11575e+07
3.29916e+07 1.11575e+07 3.29946e+07 1.11563e+07
3.29946e+07 1.11563e+07 3.29994e+07 1.11537e+07
3.29994e+07 1.11537e+07 3.30009e+07 1.11494e+07
3.30009e+07 1.11494e+07 3.30011e+07 1.11494e+07
3.30011e+07 1.11494e+07 3.30011e+07 1.11526e+07
3.30011e+07 1.11526e+07 3.30007e+07 1.11527e+07
3.30007e+07 1.11527e+07 3.29983e+07 1.11526e+07
3.29983e+07 1.11526e+07 3.29904e+07 1.11515e+07
3.29904e+07 1.11515e+07 3.29923e+07 1.11437e+07
3.29923e+07 1.11437e+07 3.29988e+07 1.11413e+07
3.29988e+07 1.11413e+07 3.30021e+07 1.11439e+07
3.30021e+07 1.11439e+07 3.29982e+07 1.11454e+07
3.29982e+07 1.11454e+07 3.29974e+07 1.11521e+07
3.29974e+07 1.11521e+07 3.29964e+07 1.11522e+07
3.29964e+07 1.11522e+07 3.30009e+07 1.11526e+07
3.30009e+07 1.11526e+07 3.30154e+07 1.11501e+07
3.30154e+07 1.11501e+07 3.30228e+07 1.11496e+07
3.30228e+07 1.11496e+07 3.30232e+07 1.11542e+07
3.30232e+07 1.11542e+07 3.30283e+07 1.11662e+07
3.30283e+07 1.11662e+07 3.30284e+07 1.11667e+07
3.30284e+07 1.11667e+07 3.3028e+07 1.11762e+07
3.3028e+07 1.11762e+07 3.30292e+07 1.11937e+07
3.30292e+07 1.11937e+07 3.30291e+07 1.11936e+07
3.30291e+07 1.11936e+07 3.30068e+07 1.11625e+07
3.30068e+07 1.11625e+07 3.3006e+07 1.11316e+07
3.3006e+07 1.11316e+07 3.30155e+07 1.1116e+07
3.30155e+07 1.1116e+07 3.3016e+07 1.11196e+07
3.3016e+07 1.11196e+07 3.30086e+07 1.11282e+07
3.30086e+07 1.11282e+07 3.30062e+07 1.11374e+07
3.30062e+07 1.11374e+07 3.3e+07 1.11455e+07
3.3e+07 1.11455e+07 3.30019e+07 1.11477e+07
3.30019e+07 1.11477e+07 3.30011e+07 1.11497e+07
3.30011e+07 1.11497e+07 3.30011e+07 1.11496e+07
3.30011e+07 1.11496e+07 3.30009e+07 1.11494e+07
3.30009e+07 1.11494e+07 3.30012e+07 1.11502e+07
3.30012e+07 1.11502e+07 3.30033e+07 1.11386e+07
3.30033e+07 1.11386e+07 3.3007e+07 1.11528e+07
3.3007e+07 1.11528e+07 3.30077e+07 1.11534e+07
3.30077e+07 1.11534e+07 3.30208e+07 1.11535e+07
3.30208e+07 1.11535e+07 3.30293e+07 1.11933e+07
3.30293e+07 1.11933e+07 3.30292e+07 1.11937e+07
3.30292e+07 1.11937e+07 3.30292e+07 1.11937e+07
3.30292e+07 1.11937e+07 3.30292e+07 1.11938e+07
3.30292e+07 1.11938e+07 3.30152e+07 1.1176e+07
3.30152e+07 1.1176e+07 3.30043e+07 1.11581e+07
3.30043e+07 1.11581e+07 3.29953e+07 1.11561e+07
3.29953e+07 1.11561e+07 3.29939e+07 1.11528e+07
3.29939e+07 1.11528e+07 3.29908e+07 1.11519e+07
3.29908e+07 1.11519e+07 3.29835e+07 1.11516e+07
3.29835e+07 1.11516e+07 3.29834e+07 1.11492e+07
3.29834e+07 1.11492e+07 3.29993e+07 1.11402e+07
3.29993e+07 1.11402e+07 3.30158e+07 1.112e+07
3.30158e+07 1.112e+07 3.30041e+07 1.11351e+07
3.30041e+07 1.11351e+07 3.29892e+07 1.11461e+07
3.29892e+07 1.11461e+07 3.29912e+07 1.11428e+07
3.29912e+07 1.11428e+07 3.29926e+07 1.11394e+07
3.29926e+07 1.11394e+07 3.29971e+07 1.11337e+07
3.29971e+07 1.11337e+07 3.29985e+07 1.11346e+07
3.29985e+07 1.11346e+07 3.29998e+07 1.11401e+07
3.29998e+07 1.11401e+07 3.30009e+07 1.11495e+07
3.30009e+07 1.11495e+07 3.30004e+07 1.11511e+07
3.30004e+07 1.11511e+07 3.30011e+07 1.11509e+07
3.30011e+07 1.11509e+07 3.30016e+07 1.11575e+07
3.30016e+07 1.11575e+07 3.30008e+07 1.115e+07
3.30008e+07 1.115e+07 3.30009e+07 1.1147e+07
3.30009e+07 1.1147e+07 3.30032e+07 1.11352e+07
3.30032e+07 1.11352e+07 3.29963e+07 1.11326e+07
3.29963e+07 1.11326e+07 3.29957e+07 1.11272e+07
3.29957e+07 1.11272e+07 3.30155e+07 1.1115e+07
3.30155e+07 1.1115e+07 3.29991e+07 1.1135e+07
3.29991e+07 1.1135e+07 3.29971e+07 1.11351e+07
3.29971e+07 1.11351e+07 3.30049e+07 1.11375e+07
3.30049e+07 1.11375e+07 3.29971e+07 1.11379e+07
3.29971e+07 1.11379e+07 3.30037e+07 1.1158e+07
3.30037e+07 1.1158e+07 3.3016e+07 1.1176e+07
3.3016e+07 1.1176e+07 3.30292e+07 1.11937e+07
3.30292e+07 1.11937e+07 3.30239e+07 1.1187e+07
3.30239e+07 1.1187e+07 3.30223e+07 1.11771e+07
3.30223e+07 1.11771e+07 3.30244e+07 1.11545e+07
3.30244e+07 1.11545e+07 3.30138e+07 1.11522e+07
3.30138e+07 1.11522e+07 3.30013e+07 1.11448e+07
3.30013e+07 1.11448e+07 3.29891e+07 1.11416e+07
3.29891e+07 1.11416e+07 3.29906e+07 1.11393e+07
3.29906e+07 1.11393e+07 3.29887e+07 1.11376e+07
3.29887e+07 1.11376e+07 3.29931e+07 1.11393e+07
3.29931e+07 1.11393e+07 3.29983e+07 1.11517e+07
3.29983e+07 1.11517e+07 3.30012e+07 1.11527e+07
3.30012e+07 1.11527e+07 3.30063e+07 1.1151e+07
3.30063e+07 1.1151e+07 3.3008e+07 1.11509e+07
3.3008e+07 1.11509e+07 3.30053e+07 1.11593e+07
3.30053e+07 1.11593e+07 3.30044e+07 1.11592e+07
3.30044e+07 1.11592e+07 3.30012e+07 1.11585e+07
3.30012e+07 1.11585e+07 3.30049e+07 1.11511e+07
3.30049e+07 1.11511e+07 3.30148e+07 1.1151e+07
3.30148e+07 1.1151e+07 3.30147e+07 1.11513e+07
3.30147e+07 1.11513e+07 3.30203e+07 1.11556e+07
3.30203e+07 1.11556e+07 3.3028e+07 1.1173e+07
3.3028e+07 1.1173e+07 3.30292e+07 1.11937e+07
3.30292e+07 1.11937e+07 3.2991e+07 1.11241e+07
3.2991e+07 1.11241e+07 3.30292e+07 1.11937e+07
3.30292e+07 1.11937e+07 3.30224e+07 1.11818e+07
3.30224e+07 1.11818e+07 3.30075e+07 1.11636e+07
3.30075e+07 1.11636e+07 3.29979e+07 1.11615e+07
3.29979e+07 1.11615e+07 3.30009e+07 1.11621e+07
3.30009e+07 1.11621e+07 3.30035e+07 1.11613e+07
3.30035e+07 1.11613e+07 3.30046e+07 1.11598e+07
3.30046e+07 1.11598e+07 3.30071e+07 1.11625e+07
3.30071e+07 1.11625e+07 3.29987e+07 1.11395e+07
3.29987e+07 1.11395e+07 3.29938e+07 1.11374e+07
3.29938e+07 1.11374e+07 3.29947e+07 1.11349e+07
3.29947e+07 1.11349e+07 3.30025e+07 1.11359e+07
3.30025e+07 1.11359e+07 3.30014e+07 1.11329e+07
3.30014e+07 1.11329e+07 3.30008e+07 1.1142e+07
3.30008e+07 1.1142e+07 3.30015e+07 1.11447e+07
3.30015e+07 1.11447e+07 3.30046e+07 1.11511e+07
3.30046e+07 1.11511e+07 3.3014e+07 1.11512e+07
3.3014e+07 1.11512e+07 3.30282e+07 1.11675e+07
3.30282e+07 1.11675e+07 3.30292e+07 1.11937e+07
3.30292e+07 1.11937e+07 3.30278e+07 1.11802e+07
3.30278e+07 1.11802e+07 3.30277e+07 1.11649e+07
3.30277e+07 1.11649e+07 3.30282e+07 1.11935e+07
3.30282e+07 1.11935e+07 3.30292e+07 1.11937e+07
3.30292e+07 1.11937e+07 3.30292e+07 1.11938e+07
3.30292e+07 1.11938e+07 3.30292e+07 1.11938e+07
3.30292e+07 1.11938e+07 3.3028e+07 1.11718e+07
3.3028e+07 1.11718e+07 3.30284e+07 1.11667e+07
3.30284e+07 1.11667e+07 3.30257e+07 1.11602e+07
3.30257e+07 1.11602e+07 3.30225e+07 1.11528e+07
3.30225e+07 1.11528e+07 3.30231e+07 1.11526e+07
3.30231e+07 1.11526e+07 3.29988e+07 1.11457e+07
3.29988e+07 1.11457e+07 3.29993e+07 1.11454e+07
