3.29842e+07 1.11492e+07 3.29984e+07 1.11373e+07
3.29984e+07 1.11373e+07 3.30045e+07 1.11307e+07
3.30045e+07 1.11307e+07 3.3005e+07 1.11292e+07
3.3005e+07 1.11292e+07 3.30061e+07 1.1127e+07
3.30061e+07 1.1127e+07 3.30107e+07 1.11194e+07
3.30107e+07 1.11194e+07 3.30177e+07 1.1106e+07
3.30177e+07 1.1106e+07 3.30196e+07 1.11036e+07
3.30196e+07 1.11036e+07 3.30196e+07 1.11034e+07
3.30196e+07 1.11034e+07 3.30222e+07 1.11033e+07
3.30222e+07 1.11033e+07 3.30398e+07 1.10992e+07
3.30398e+07 1.10992e+07 3.30503e+07 1.11057e+07
3.30503e+07 1.11057e+07 3.30504e+07 1.11053e+07
3.30504e+07 1.11053e+07 3.30504e+07 1.11053e+07
3.30504e+07 1.11053e+07 3.30411e+07 1.11097e+07
3.30411e+07 1.11097e+07 3.3017e+07 1.11241e+07
3.3017e+07 1.11241e+07 3.30117e+07 1.11265e+07
3.30117e+07 1.11265e+07 3.30086e+07 1.11266e+07
3.30086e+07 1.11266e+07 3.3005e+07 1.11292e+07
3.3005e+07 1.11292e+07 3.30025e+07 1.11358e+07
3.30025e+07 1.11358e+07 3.30001e+07 1.11408e+07
3.30001e+07 1.11408e+07 3.29991e+07 1.1135e+07
3.29991e+07 1.1135e+07 3.29924e+07 1.11374e+07
3.29924e+07 1.11374e+07 3.29883e+07 1.11374e+07
3.29883e+07 1.11374e+07 3.29918e+07 1.11322e+07
3.29918e+07 1.11322e+07 3.29892e+07 1.11337e+07
3.29892e+07 1.11337e+07 3.29886e+07 1.11306e+07
3.29886e+07 1.11306e+07 3.29874e+07 1.11341e+07
3.29874e+07 1.11341e+07 3.29871e+07 1.11388e+07
3.29871e+07 1.11388e+07 3.29863e+07 1.11442e+07
3.29863e+07 1.11442e+07 3.29855e+07 1.11387e+07
3.29855e+07 1.11387e+07 3.29849e+07 1.11278e+07
3.29849e+07 1.11278e+07 3.2987e+07 1.11232e+07
3.2987e+07 1.11232e+07 3.29889e+07 1.11179e+07
3.29889e+07 1.11179e+07 3.29846e+07 1.11241e+07
3.29846e+07 1.11241e+07 3.2984e+07 1.11226e+07
3.2984e+07 1.11226e+07 3.29859e+07 1.11239e+07
3.29859e+07 1.11239e+07 3.29888e+07 1.11235e+07
3.29888e+07 1.11235e+07 3.29889e+07 1.11263e+07
3.29889e+07 1.11263e+07 3.29874e+07 1.11342e+07
3.29874e+07 1.11342e+07 3.29877e+07 1.11324e+07
3.29877e+07 1.11324e+07 3.29892e+07 1.11331e+07
3.29892e+07 1.11331e+07 3.29964e+07 1.11252e+07
3.29964e+07 1.11252e+07 3.29956e+07 1.11249e+07
3.29956e+07 1.11249e+07 3.29816e+07 1.11293e+07
3.29816e+07 1.11293e+07 3.29839e+07 1.11328e+07
3.29839e+07 1.11328e+07 3.29874e+07 1.11341e+07
3.29874e+07 1.11341e+07 3.29868e+07 1.11335e+07
3.29868e+07 1.11335e+07 3.29866e+07 1.11336e+07
3.29866e+07 1.11336e+07 3.29873e+07 1.11354e+07
3.29873e+07 1.11354e+07 3.30026e+07 1.11375e+07
3.30026e+07 1.11375e+07 3.30113e+07 1.11307e+07
3.30113e+07 1.11307e+07 3.30118e+07 1.11265e+07
3.30118e+07 1.11265e+07 3.30078e+07 1.11283e+07
3.30078e+07 1.11283e+07 3.29971e+07 1.11351e+07
3.29971e+07 1.11351e+07 3.29953e+07 1.11294e+07
3.29953e+07 1.11294e+07 3.29957e+07 1.11153e+07
3.29957e+07 1.11153e+07 3.29962e+07 1.1124e+07
3.29962e+07 1.1124e+07 3.2995e+07 1.11311e+07
3.2995e+07 1.11311e+07 3.29953e+07 1.11323e+07
3.29953e+07 1.11323e+07 3.2998e+07 1.11303e+07
3.2998e+07 1.11303e+07 3.3002e+07 1.11333e+07
3.3002e+07 1.11333e+07 3.30019e+07 1.11311e+07
3.30019e+07 1.11311e+07 3.30055e+07 1.11306e+07
3.30055e+07 1.11306e+07 3.30062e+07 1.11305e+07
3.30062e+07 1.11305e+07 3.3005e+07 1.11292e+07
3.3005e+07 1.11292e+07 3.30032e+07 1.11312e+07
3.30032e+07 1.11312e+07 3.30051e+07 1.11315e+07
3.30051e+07 1.11315e+07 3.30142e+07 1.11233e+07
3.30142e+07 1.11233e+07 3.30155e+07 1.11205e+07
3.30155e+07 1.11205e+07 3.30154e+07 1.1117e+07
3.30154e+07 1.1117e+07 3.30158e+07 1.11141e+07
3.30158e+07 1.11141e+07 3.30132e+07 1.11164e+07
3.30132e+07 1.11164e+07 3.30135e+07 1.11161e+07
3.30135e+07 1.11161e+07 3.30154e+07 1.11181e+07
3.30154e+07 1.11181e+07 3.30155e+07 1.11184e+07
3.30155e+07 1.11184e+07 3.30154e+07 1.11179e+07
3.30154e+07 1.11179e+07 3.30154e+07 1.11173e+07
3.30154e+07 1.11173e+07 3.30153e+07 1.11165e+07
3.30153e+07 1.11165e+07 3.30152e+07 1.11156e+07
3.30152e+07 1.11156e+07 3.30152e+07 1.11152e+07
3.30152e+07 1.11152e+07 3.30158e+07 1.11149e+07
3.30158e+07 1.11149e+07 3.30025e+07 1.11379e+07
3.30025e+07 1.11379e+07 3.29905e+07 1.11351e+07
3.29905e+07 1.11351e+07 3.29842e+07 1.11413e+07
3.29842e+07 1.11413e+07 3.29827e+07 1.11439e+07
3.29827e+07 1.11439e+07 3.29804e+07 1.11458e+07
3.29804e+07 1.11458e+07 3.29804e+07 1.11518e+07
3.29804e+07 1.11518e+07 3.29883e+07 1.1155e+07
3.29883e+07 1.1155e+07 3.29918e+07 1.11569e+07
3.29918e+07 1.11569e+07 3.29965e+07 1.11561e+07
3.29965e+07 1.11561e+07 3.30011e+07 1.11552e+07
3.30011e+07 1.11552e+07 3.30012e+07 1.11552e+07
3.30012e+07 1.11552e+07 3.3001e+07 1.11526e+07
3.3001e+07 1.11526e+07 3.2999e+07 1.11515e+07
3.2999e+07 1.11515e+07 3.29973e+07 1.11609e+07
3.29973e+07 1.11609e+07 3.29958e+07 1.11648e+07
3.29958e+07 1.11648e+07 3.29979e+07 1.11581e+07
3.29979e+07 1.11581e+07 3.29974e+07 1.11519e+07
3.29974e+07 1.11519e+07 3.29973e+07 1.11446e+07
3.29973e+07 1.11446e+07 3.30017e+07 1.11395e+07
3.30017e+07 1.11395e+07 3.3002e+07 1.11334e+07
3.3002e+07 1.11334e+07 3.30032e+07 1.11305e+07
3.30032e+07 1.11305e+07 3.30017e+07 1.11315e+07
3.30017e+07 1.11315e+07 3.3002e+07 1.11336e+07
3.3002e+07 1.11336e+07 3.30036e+07 1.11346e+07
3.30036e+07 1.11346e+07 3.3002e+07 1.11337e+07
3.3002e+07 1.11337e+07 3.30029e+07 1.11348e+07
3.30029e+07 1.11348e+07 3.30041e+07 1.11346e+07
3.30041e+07 1.11346e+07 3.30059e+07 1.11374e+07
3.30059e+07 1.11374e+07 3.30026e+07 1.11376e+07
3.30026e+07 1.11376e+07 3.29991e+07 1.11258e+07
3.29991e+07 1.11258e+07 3.29969e+07 1.1123e+07
3.29969e+07 1.1123e+07 3.29953e+07 1.11303e+07
3.29953e+07 1.11303e+07 3.2992e+07 1.1135e+07
3.2992e+07 1.1135e+07 3.29805e+07 1.11432e+07
3.29805e+07 1.11432e+07 3.29924e+07 1.11569e+07
3.29924e+07 1.11569e+07 3.29966e+07 1.11561e+07
3.29966e+07 1.11561e+07 3.30045e+07 1.11522e+07
3.30045e+07 1.11522e+07 3.29995e+07 1.11352e+07
3.29995e+07 1.11352e+07 3.30048e+07 1.113e+07
3.30048e+07 1.113e+07 3.3005e+07 1.11292e+07
3.3005e+07 1.11292e+07 3.30023e+07 1.11328e+07
3.30023e+07 1.11328e+07 3.30018e+07 1.11348e+07
3.30018e+07 1.11348e+07 3.30036e+07 1.11357e+07
3.30036e+07 1.11357e+07 3.30021e+07 1.11337e+07
3.30021e+07 1.11337e+07 3.30021e+07 1.11337e+07
3.30021e+07 1.11337e+07 3.30027e+07 1.11318e+07
3.30027e+07 1.11318e+07 3.30035e+07 1.11347e+07
3.30035e+07 1.11347e+07 3.30023e+07 1.11356e+07
3.30023e+07 1.11356e+07 3.30016e+07 1.1144e+07
3.30016e+07 1.1144e+07 3.30009e+07 1.1147e+07
3.30009e+07 1.1147e+07 3.29996e+07 1.11464e+07
3.29996e+07 1.11464e+07 3.29974e+07 1.11518e+07
3.29974e+07 1.11518e+07 3.29956e+07 1.11527e+07
3.29956e+07 1.11527e+07 3.30007e+07 1.11624e+07
3.30007e+07 1.11624e+07 3.29959e+07 1.11626e+07
3.29959e+07 1.11626e+07 3.29985e+07 1.11527e+07
3.29985e+07 1.11527e+07 3.29862e+07 1.11293e+07
3.29862e+07 1.11293e+07 3.29853e+07 1.11294e+07
3.29853e+07 1.11294e+07 3.29867e+07 1.11335e+07
3.29867e+07 1.11335e+07 3.30113e+07 1.11302e+07
3.30113e+07 1.11302e+07 3.30118e+07 1.11265e+07
3.30118e+07 1.11265e+07 3.30073e+07 1.11268e+07
3.30073e+07 1.11268e+07 3.30039e+07 1.11353e+07
3.30039e+07 1.11353e+07 3.29993e+07 1.11475e+07
3.29993e+07 1.11475e+07 3.30036e+07 1.11378e+07
3.30036e+07 1.11378e+07 3.30063e+07 1.11307e+07
3.30063e+07 1.11307e+07 3.30013e+07 1.11524e+07
3.30013e+07 1.11524e+07 3.30013e+07 1.11526e+07
3.30013e+07 1.11526e+07 3.29974e+07 1.11517e+07
3.29974e+07 1.11517e+07 3.29965e+07 1.11418e+07
3.29965e+07 1.11418e+07 3.29967e+07 1.11318e+07
3.29967e+07 1.11318e+07 3.29966e+07 1.11392e+07
3.29966e+07 1.11392e+07 3.30012e+07 1.11597e+07
3.30012e+07 1.11597e+07 3.29968e+07 1.11641e+07
3.29968e+07 1.11641e+07 3.30013e+07 1.11456e+07
3.30013e+07 1.11456e+07 3.30034e+07 1.11309e+07
3.30034e+07 1.11309e+07 3.3005e+07 1.11292e+07
3.3005e+07 1.11292e+07 3.30053e+07 1.11327e+07
3.30053e+07 1.11327e+07 3.30095e+07 1.11197e+07
3.30095e+07 1.11197e+07 3.30038e+07 1.1131e+07
3.30038e+07 1.1131e+07 3.30032e+07 1.11314e+07
3.30032e+07 1.11314e+07 3.30006e+07 1.11364e+07
3.30006e+07 1.11364e+07 3.29923e+07 1.11393e+07
3.29923e+07 1.11393e+07 3.29915e+07 1.11437e+07
3.29915e+07 1.11437e+07 3.29975e+07 1.11535e+07
3.29975e+07 1.11535e+07 3.29972e+07 1.11609e+07
3.29972e+07 1.11609e+07 3.29871e+07 1.11551e+07
3.29871e+07 1.11551e+07 3.29845e+07 1.11523e+07
3.29845e+07 1.11523e+07 3.29883e+07 1.11493e+07
3.29883e+07 1.11493e+07 3.29914e+07 1.11477e+07
3.29914e+07 1.11477e+07 3.29953e+07 1.11471e+07
3.29953e+07 1.11471e+07 3.30013e+07 1.11438e+07
3.30013e+07 1.11438e+07 3.30019e+07 1.11422e+07
3.30019e+07 1.11422e+07 3.29995e+07 1.11344e+07
3.29995e+07 1.11344e+07 3.30014e+07 1.11341e+07
3.30014e+07 1.11341e+07 3.30043e+07 1.11366e+07
3.30043e+07 1.11366e+07 3.30043e+07 1.11366e+07
3.30043e+07 1.11366e+07 3.29997e+07 1.11335e+07
3.29997e+07 1.11335e+07 3.30036e+07 1.11346e+07
3.30036e+07 1.11346e+07 3.3002e+07 1.11337e+07
3.3002e+07 1.11337e+07 3.30021e+07 1.11338e+07
3.30021e+07 1.11338e+07 3.3002e+07 1.11337e+07
3.3002e+07 1.11337e+07 3.30002e+07 1.11373e+07
3.30002e+07 1.11373e+07 3.30016e+07 1.11352e+07
3.30016e+07 1.11352e+07 3.30021e+07 1.11337e+07
3.30021e+07 1.11337e+07 3.30031e+07 1.11399e+07
3.30031e+07 1.11399e+07 3.30036e+07 1.11405e+07
3.30036e+07 1.11405e+07 3.3002e+07 1.11335e+07
3.3002e+07 1.11335e+07 3.30022e+07 1.11339e+07
3.30022e+07 1.11339e+07 3.30025e+07 1.11468e+07
3.30025e+07 1.11468e+07 3.30042e+07 1.11494e+07
3.30042e+07 1.11494e+07 3.30058e+07 1.1151e+07
3.30058e+07 1.1151e+07 3.30038e+07 1.11408e+07
3.30038e+07 1.11408e+07 3.30014e+07 1.1132e+07
3.30014e+07 1.1132e+07 3.30024e+07 1.11343e+07
3.30024e+07 1.11343e+07 3.30019e+07 1.11333e+07
3.30019e+07 1.11333e+07 3.3002e+07 1.11322e+07
3.3002e+07 1.11322e+07 3.30019e+07 1.11319e+07
3.30019e+07 1.11319e+07 3.30021e+07 1.11338e+07
3.30021e+07 1.11338e+07 3.3004e+07 1.1141e+07
3.3004e+07 1.1141e+07 3.30039e+07 1.1136e+07
3.30039e+07 1.1136e+07 3.30026e+07 1.11336e+07
3.30026e+07 1.11336e+07 3.3005e+07 1.11272e+07
3.3005e+07 1.11272e+07 3.30073e+07 1.11268e+07
3.30073e+07 1.11268e+07 3.30033e+07 1.11334e+07
3.30033e+07 1.11334e+07 3.3002e+07 1.11368e+07
3.3002e+07 1.11368e+07 3.30035e+07 1.1151e+07
3.30035e+07 1.1151e+07 3.30012e+07 1.11531e+07
3.30012e+07 1.11531e+07 3.3002e+07 1.11535e+07
3.3002e+07 1.11535e+07 3.30082e+07 1.1156e+07
3.30082e+07 1.1156e+07 3.30032e+07 1.1156e+07
3.30032e+07 1.1156e+07 3.30025e+07 1.11559e+07
3.30025e+07 1.11559e+07 3.30087e+07 1.11583e+07
3.30087e+07 1.11583e+07 3.30068e+07 1.1156e+07
3.30068e+07 1.1156e+07 3.30056e+07 1.11593e+07
3.30056e+07 1.11593e+07 3.30027e+07 1.11559e+07
3.30027e+07 1.11559e+07 3.29961e+07 1.11561e+07
3.29961e+07 1.11561e+07 3.29889e+07 1.11565e+07
3.29889e+07 1.11565e+07 3.29866e+07 1.11481e+07
3.29866e+07 1.11481e+07 3.29845e+07 1.11486e+07
3.29845e+07 1.11486e+07 3.29827e+07 1.11548e+07
3.29827e+07 1.11548e+07 3.29864e+07 1.1156e+07
3.29864e+07 1.1156e+07 3.29804e+07 1.11548e+07
3.29804e+07 1.11548e+07 3.29802e+07 1.11482e+07
3.29802e+07 1.11482e+07 3.29875e+07 1.11473e+07
3.29875e+07 1.11473e+07 3.29895e+07 1.11487e+07
3.29895e+07 1.11487e+07 3.29994e+07 1.11402e+07
3.29994e+07 1.11402e+07 3.30004e+07 1.11394e+07
3.30004e+07 1.11394e+07 3.29961e+07 1.11435e+07
3.29961e+07 1.11435e+07 3.29893e+07 1.11455e+07
3.29893e+07 1.11455e+07 3.29842e+07 1.11416e+07
3.29842e+07 1.11416e+07 3.2988e+07 1.11461e+07
3.2988e+07 1.11461e+07 3.29887e+07 1.1159e+07
3.29887e+07 1.1159e+07 3.29893e+07 1.11602e+07
3.29893e+07 1.11602e+07 3.29899e+07 1.11529e+07
3.29899e+07 1.11529e+07 3.29935e+07 1.11393e+07
3.29935e+07 1.11393e+07 3.30016e+07 1.11527e+07
3.30016e+07 1.11527e+07 3.30031e+07 1.11543e+07
3.30031e+07 1.11543e+07 3.3e+07 1.11476e+07
3.3e+07 1.11476e+07 3.30027e+07 1.11395e+07
3.30027e+07 1.11395e+07 3.30044e+07 1.11369e+07
3.30044e+07 1.11369e+07 3.30013e+07 1.11476e+07
3.30013e+07 1.11476e+07 3.30006e+07 1.11606e+07
3.30006e+07 1.11606e+07 3.30013e+07 1.11528e+07
3.30013e+07 1.11528e+07 3.30013e+07 1.11445e+07
3.30013e+07 1.11445e+07 3.29941e+07 1.11436e+07
3.29941e+07 1.11436e+07 3.29912e+07 1.11432e+07
3.29912e+07 1.11432e+07 3.29463e+07 1.11856e+07
3.29463e+07 1.11856e+07 3.30013e+07 1.11453e+07
3.30013e+07 1.11453e+07 3.30013e+07 1.11445e+07
3.30013e+07 1.11445e+07 3.30013e+07 1.11443e+07
3.30013e+07 1.11443e+07 3.30063e+07 1.11479e+07
3.30063e+07 1.11479e+07 3.30055e+07 1.11466e+07
3.30055e+07 1.11466e+07 3.29985e+07 1.11469e+07
3.29985e+07 1.11469e+07 3.29993e+07 1.11482e+07
3.29993e+07 1.11482e+07 3.29867e+07 1.11395e+07
3.29867e+07 1.11395e+07 3.29888e+07 1.11375e+07
3.29888e+07 1.11375e+07 3.2991e+07 1.11346e+07
3.2991e+07 1.11346e+07 3.29909e+07 1.11338e+07
3.29909e+07 1.11338e+07 3.29924e+07 1.11374e+07
3.29924e+07 1.11374e+07 3.29971e+07 1.11373e+07
3.29971e+07 1.11373e+07 3.30069e+07 1.11301e+07
3.30069e+07 1.11301e+07 3.30122e+07 1.11257e+07
3.30122e+07 1.11257e+07 3.30118e+07 1.11265e+07
3.30118e+07 1.11265e+07 3.30081e+07 1.11267e+07
3.30081e+07 1.11267e+07 3.3005e+07 1.11292e+07
3.3005e+07 1.11292e+07 3.30032e+07 1.11315e+07
3.30032e+07 1.11315e+07 3.30061e+07 1.11409e+07
3.30061e+07 1.11409e+07 3.30028e+07 1.11393e+07
3.30028e+07 1.11393e+07 3.30012e+07 1.11494e+07
3.30012e+07 1.11494e+07 3.29972e+07 1.11535e+07
3.29972e+07 1.11535e+07 3.29968e+07 1.11622e+07
3.29968e+07 1.11622e+07 3.29968e+07 1.11627e+07
3.29968e+07 1.11627e+07 3.29973e+07 1.11534e+07
3.29973e+07 1.11534e+07 3.29974e+07 1.11535e+07
3.29974e+07 1.11535e+07 3.29949e+07 1.11607e+07
3.29949e+07 1.11607e+07 3.29862e+07 1.11585e+07
3.29862e+07 1.11585e+07 3.29853e+07 1.11552e+07
3.29853e+07 1.11552e+07 3.29938e+07 1.11545e+07
3.29938e+07 1.11545e+07 3.29968e+07 1.11544e+07
3.29968e+07 1.11544e+07 3.29993e+07 1.11606e+07
3.29993e+07 1.11606e+07 3.29956e+07 1.11627e+07
3.29956e+07 1.11627e+07 3.29923e+07 1.1161e+07
3.29923e+07 1.1161e+07 3.2987e+07 1.11658e+07
3.2987e+07 1.11658e+07 3.29904e+07 1.11584e+07
3.29904e+07 1.11584e+07 3.29948e+07 1.11608e+07
3.29948e+07 1.11608e+07 3.2996e+07 1.11639e+07
3.2996e+07 1.11639e+07 3.29988e+07 1.11599e+07
3.29988e+07 1.11599e+07 3.30007e+07 1.11586e+07
3.30007e+07 1.11586e+07 3.30021e+07 1.11591e+07
3.30021e+07 1.11591e+07 3.30013e+07 1.11579e+07
3.30013e+07 1.11579e+07 3.29953e+07 1.11526e+07
3.29953e+07 1.11526e+07 3.29942e+07 1.11493e+07
3.29942e+07 1.11493e+07 3.29974e+07 1.11513e+07
3.29974e+07 1.11513e+07 3.30001e+07 1.11526e+07
3.30001e+07 1.11526e+07 3.30031e+07 1.11511e+07
3.30031e+07 1.11511e+07 3.30021e+07 1.11494e+07
3.30021e+07 1.11494e+07 3.3e+07 1.11496e+07
3.3e+07 1.11496e+07 3.30029e+07 1.11519e+07
3.30029e+07 1.11519e+07 3.30045e+07 1.11452e+07
3.30045e+07 1.11452e+07 3.30029e+07 1.11347e+07
3.30029e+07 1.11347e+07 3.3002e+07 1.11309e+07
3.3002e+07 1.11309e+07 3.29987e+07 1.11251e+07
3.29987e+07 1.11251e+07 3.29993e+07 1.11251e+07
3.29993e+07 1.11251e+07 3.3002e+07 1.11328e+07
3.3002e+07 1.11328e+07 3.30036e+07 1.11386e+07
3.30036e+07 1.11386e+07 3.30028e+07 1.11346e+07
3.30028e+07 1.11346e+07 3.3002e+07 1.11336e+07
3.3002e+07 1.11336e+07 3.30019e+07 1.11314e+07
3.30019e+07 1.11314e+07 3.30051e+07 1.11385e+07
3.30051e+07 1.11385e+07 3.30049e+07 1.11403e+07
3.30049e+07 1.11403e+07 3.3004e+07 1.11343e+07
3.3004e+07 1.11343e+07 3.30014e+07 1.11339e+07
3.30014e+07 1.11339e+07 3.30046e+07 1.11341e+07
3.30046e+07 1.11341e+07 3.30001e+07 1.11424e+07
3.30001e+07 1.11424e+07 3.29995e+07 1.11352e+07
3.29995e+07 1.11352e+07 3.30008e+07 1.11329e+07
3.30008e+07 1.11329e+07 3.30019e+07 1.11295e+07
3.30019e+07 1.11295e+07 3.3005e+07 1.11292e+07
3.3005e+07 1.11292e+07 3.30012e+07 1.1132e+07
3.30012e+07 1.1132e+07 3.3003e+07 1.11349e+07
3.3003e+07 1.11349e+07 3.29995e+07 1.11446e+07
3.29995e+07 1.11446e+07 3.30009e+07 1.11423e+07
3.30009e+07 1.11423e+07 3.29949e+07 1.11471e+07
3.29949e+07 1.11471e+07 3.29908e+07 1.11472e+07
3.29908e+07 1.11472e+07 3.29892e+07 1.11556e+07
3.29892e+07 1.11556e+07 3.29909e+07 1.11519e+07
3.29909e+07 1.11519e+07 3.29903e+07 1.11484e+07
3.29903e+07 1.11484e+07 3.29901e+07 1.11455e+07
3.29901e+07 1.11455e+07 3.29904e+07 1.11455e+07
3.29904e+07 1.11455e+07 3.29917e+07 1.11366e+07
3.29917e+07 1.11366e+07 3.29907e+07 1.11343e+07
3.29907e+07 1.11343e+07 3.29865e+07 1.11339e+07
3.29865e+07 1.11339e+07 3.2991e+07 1.11319e+07
3.2991e+07 1.11319e+07 3.30012e+07 1.11428e+07
3.30012e+07 1.11428e+07 3.30012e+07 1.11614e+07
3.30012e+07 1.11614e+07 3.29982e+07 1.1149e+07
3.29982e+07 1.1149e+07 3.30018e+07 1.1147e+07
3.30018e+07 1.1147e+07 3.30047e+07 1.11444e+07
3.30047e+07 1.11444e+07 3.2999e+07 1.1147e+07
3.2999e+07 1.1147e+07 3.29995e+07 1.11585e+07
3.29995e+07 1.11585e+07 3.29885e+07 1.11615e+07
3.29885e+07 1.11615e+07 3.29912e+07 1.11633e+07
3.29912e+07 1.11633e+07 3.29993e+07 1.11637e+07
3.29993e+07 1.11637e+07 3.30001e+07 1.11635e+07
3.30001e+07 1.11635e+07 3.30012e+07 1.11426e+07
3.30012e+07 1.11426e+07 3.29937e+07 1.11429e+07
3.29937e+07 1.11429e+07 3.29896e+07 1.11546e+07
3.29896e+07 1.11546e+07 3.29933e+07 1.11436e+07
3.29933e+07 1.11436e+07 3.29979e+07 1.1147e+07
3.29979e+07 1.1147e+07 3.2994e+07 1.11404e+07
3.2994e+07 1.11404e+07 3.29892e+07 1.11364e+07
3.29892e+07 1.11364e+07 3.29886e+07 1.11304e+07
3.29886e+07 1.11304e+07 3.29884e+07 1.11262e+07
3.29884e+07 1.11262e+07 3.29878e+07 1.11338e+07
3.29878e+07 1.11338e+07 3.29867e+07 1.11335e+07
3.29867e+07 1.11335e+07 3.29896e+07 1.11352e+07
3.29896e+07 1.11352e+07 3.30036e+07 1.11358e+07
3.30036e+07 1.11358e+07 3.30074e+07 1.11294e+07
3.30074e+07 1.11294e+07 3.30117e+07 1.11265e+07
3.30117e+07 1.11265e+07 3.30113e+07 1.11307e+07
3.30113e+07 1.11307e+07 3.30081e+07 1.11267e+07
3.30081e+07 1.11267e+07 3.30026e+07 1.11318e+07
3.30026e+07 1.11318e+07 3.29926e+07 1.11349e+07
3.29926e+07 1.11349e+07 3.29874e+07 1.1134e+07
3.29874e+07 1.1134e+07 3.29848e+07 1.11266e+07
3.29848e+07 1.11266e+07 3.29852e+07 1.11332e+07
3.29852e+07 1.11332e+07 3.29874e+07 1.11341e+07
3.29874e+07 1.11341e+07 3.2987e+07 1.11339e+07
3.2987e+07 1.11339e+07 3.29868e+07 1.11429e+07
3.29868e+07 1.11429e+07 3.29863e+07 1.11354e+07
3.29863e+07 1.11354e+07 3.29863e+07 1.11348e+07
3.29863e+07 1.11348e+07 3.29834e+07 1.11371e+07
3.29834e+07 1.11371e+07 3.2987e+07 1.11353e+07
3.2987e+07 1.11353e+07 3.29865e+07 1.11395e+07
3.29865e+07 1.11395e+07 3.22308e+07 1.56879e+07
3.22308e+07 1.56879e+07 3.29943e+07 1.11471e+07
3.29943e+07 1.11471e+07 3.30007e+07 1.11453e+07
3.30007e+07 1.11453e+07 3.30044e+07 1.11375e+07
3.30044e+07 1.11375e+07 3.3005e+07 1.11292e+07
3.3005e+07 1.11292e+07 3.30044e+07 1.11362e+07
3.30044e+07 1.11362e+07 3.30029e+07 1.11391e+07
3.30029e+07 1.11391e+07 3.30012e+07 1.11549e+07
3.30012e+07 1.11549e+07 3.30011e+07 1.11619e+07
3.30011e+07 1.11619e+07 3.30006e+07 1.11559e+07
3.30006e+07 1.11559e+07 3.29929e+07 1.11545e+07
3.29929e+07 1.11545e+07 3.29856e+07 1.11544e+07
3.29856e+07 1.11544e+07 3.29877e+07 1.11551e+07
3.29877e+07 1.11551e+07 3.29893e+07 1.11597e+07
3.29893e+07 1.11597e+07 3.29889e+07 1.11492e+07
3.29889e+07 1.11492e+07 3.29904e+07 1.11455e+07
3.29904e+07 1.11455e+07 3.29924e+07 1.11514e+07
3.29924e+07 1.11514e+07 3.29919e+07 1.11523e+07
3.29919e+07 1.11523e+07 3.29892e+07 1.11473e+07
3.29892e+07 1.11473e+07 3.3001e+07 1.11277e+07
3.3001e+07 1.11277e+07 3.29952e+07 1.11391e+07
3.29952e+07 1.11391e+07 3.29956e+07 1.11436e+07
3.29956e+07 1.11436e+07 3.29987e+07 1.11625e+07
3.29987e+07 1.11625e+07 3.29933e+07 1.11609e+07
3.29933e+07 1.11609e+07 3.29916e+07 1.11567e+07
3.29916e+07 1.11567e+07 3.2993e+07 1.1159e+07
3.2993e+07 1.1159e+07 3.29938e+07 1.11646e+07
3.29938e+07 1.11646e+07 3.30035e+07 1.11671e+07
3.30035e+07 1.11671e+07 3.30012e+07 1.11576e+07
3.30012e+07 1.11576e+07 3.2994e+07 1.11566e+07
3.2994e+07 1.11566e+07 3.29903e+07 1.11556e+07
3.29903e+07 1.11556e+07 3.29926e+07 1.11569e+07
3.29926e+07 1.11569e+07 3.29983e+07 1.11506e+07
3.29983e+07 1.11506e+07 3.30009e+07 1.11493e+07
3.30009e+07 1.11493e+07 3.30031e+07 1.11509e+07
3.30031e+07 1.11509e+07 3.30013e+07 1.11567e+07
3.30013e+07 1.11567e+07 3.30026e+07 1.1156e+07
3.30026e+07 1.1156e+07 3.30028e+07 1.11609e+07
3.30028e+07 1.11609e+07 3.30012e+07 1.11517e+07
3.30012e+07 1.11517e+07 3.30035e+07 1.1147e+07
3.30035e+07 1.1147e+07 3.30034e+07 1.11361e+07
3.30034e+07 1.11361e+07 3.3002e+07 1.11335e+07
3.3002e+07 1.11335e+07 3.3003e+07 1.11305e+07
3.3003e+07 1.11305e+07 3.30008e+07 1.11368e+07
3.30008e+07 1.11368e+07 3.30022e+07 1.11339e+07
3.30022e+07 1.11339e+07 3.3002e+07 1.11336e+07
3.3002e+07 1.11336e+07 3.30021e+07 1.11337e+07
3.30021e+07 1.11337e+07 3.3005e+07 1.11292e+07
3.3005e+07 1.11292e+07 3.30116e+07 1.11262e+07
3.30116e+07 1.11262e+07 3.30081e+07 1.11267e+07
3.30081e+07 1.11267e+07 3.30025e+07 1.11342e+07
3.30025e+07 1.11342e+07 3.3e+07 1.11485e+07
3.3e+07 1.11485e+07 3.29908e+07 1.11475e+07
3.29908e+07 1.11475e+07 3.29891e+07 1.1129e+07
3.29891e+07 1.1129e+07 3.29887e+07 1.11308e+07
3.29887e+07 1.11308e+07 3.2989e+07 1.11321e+07
3.2989e+07 1.11321e+07 3.29877e+07 1.11333e+07
3.29877e+07 1.11333e+07 3.29922e+07 1.1139e+07
3.29922e+07 1.1139e+07 3.2994e+07 1.1147e+07
3.2994e+07 1.1147e+07 3.29957e+07 1.11551e+07
3.29957e+07 1.11551e+07 3.2996e+07 1.1164e+07
3.2996e+07 1.1164e+07 3.29945e+07 1.1164e+07
3.29945e+07 1.1164e+07 3.29924e+07 1.11515e+07
3.29924e+07 1.11515e+07 3.29922e+07 1.11471e+07
3.29922e+07 1.11471e+07 3.29904e+07 1.11429e+07
3.29904e+07 1.11429e+07 3.30006e+07 1.11472e+07
3.30006e+07 1.11472e+07 3.29996e+07 1.11506e+07
3.29996e+07 1.11506e+07 3.29963e+07 1.11526e+07
3.29963e+07 1.11526e+07 3.29866e+07 1.11568e+07
3.29866e+07 1.11568e+07 3.29857e+07 1.11397e+07
3.29857e+07 1.11397e+07 3.29936e+07 1.11349e+07
3.29936e+07 1.11349e+07 3.3003e+07 1.11326e+07
3.3003e+07 1.11326e+07 3.30009e+07 1.11293e+07
3.30009e+07 1.11293e+07 3.30022e+07 1.11354e+07
3.30022e+07 1.11354e+07 3.30017e+07 1.11348e+07
3.30017e+07 1.11348e+07 3.2996e+07 1.11303e+07
3.2996e+07 1.11303e+07 3.29953e+07 1.11316e+07
3.29953e+07 1.11316e+07 3.30018e+07 1.11297e+07
3.30018e+07 1.11297e+07 3.3005e+07 1.11292e+07
3.3005e+07 1.11292e+07 3.30117e+07 1.11265e+07
3.30117e+07 1.11265e+07 3.30134e+07 1.11249e+07
3.30134e+07 1.11249e+07 3.30218e+07 1.11191e+07
3.30218e+07 1.11191e+07 3.30363e+07 1.11172e+07
3.30363e+07 1.11172e+07 3.30467e+07 1.11085e+07
3.30467e+07 1.11085e+07 3.30504e+07 1.11053e+07
3.30504e+07 1.11053e+07 3.30506e+07 1.1109e+07
3.30506e+07 1.1109e+07 3.30509e+07 1.11084e+07
3.30509e+07 1.11084e+07 3.30504e+07 1.11053e+07
