-3992.34 131682.0
-3719.6 131620.0
-2065.4 130286.0
632.989 130509.0
1406.66 130066.0
1610.37 129696.0
2549.91 129095.0
3102.06 129064.0
3693.16 130063.0
3354.75 129705.0
3136.56 130996.0
1948.79 130662.0
1937.65 130148.0
3529.52 129208.0
2567.72 130629.0
2499.82 131072.0
1011.48 132060.0
105.335 133122.0
-683.92 134799.0
-1438.67 134607.0
-2852.42 134683.0
-2475.05 134750.0
-2318.09 135948.0
-2870.23 137217.0
-2824.59 139069.0
-3036.1 139056.0
-1411.95 139198.0
1246.36 143154.0
807.761 143684.0
1804.07 143235.0
2015.58 142787.0
1928.75 141389.0
2224.86 137878.0
-39.3803 135741.0
-590.412 134378.0
1361.02 126132.0
3057.53 123745.0
3585.18 118784.0
3469.41 112116.0
3817.84 105540.0
3676.46 100860.0
3887.97 97524.6
4731.77 91366.4
5473.16 90847.7
7215.31 91148.3
10548.2 92615.5
12252.5 92949.4
16826.6 93421.4
18232.6 92154.6
18519.8 87973.4
20711.7 85088.0
21387.4 85811.6
21342.9 90210.9
20825.2 95371.7
18012.2 98281.6
13778.7 104792.0
12730.1 106978.0
12493.0 108109.0
12142.3 112272.0
11102.6 118822.0
10293.3 119748.0
8630.18 119330.0
7912.17 121153.0
7885.45 121808.0
6880.24 122961.0
6704.35 124651.0
6784.5 125965.0
7885.45 127280.0
6102.12 131457.0
783.271 141062.0
-3629.43 143488.0
-3541.49 140772.0
-2798.99 140574.0
-1428.65 139216.0
-505.809 140429.0
-482.432 138699.0
1388.85 134498.0
1511.3 132018.0
2431.91 131836.0
2566.61 130342.0
3700.95 130068.0
3796.69 130253.0
2544.35 130506.0
1977.73 133056.0
1995.54 133523.0
2559.93 130506.0
3843.44 130195.0
3757.73 130059.0
4922.13 131150.0
6834.6 135224.0
7941.11 138034.0
8724.8 141331.0
9138.91 140020.0
10481.4 139808.0
10820.9 142360.0
10819.8 144969.0
10657.3 145172.0
10129.7 145227.0
10431.3 151368.0
10027.2 152318.0
6644.24 152712.0
1799.62 152634.0
1324.28 152154.0
1216.3 146979.0
585.122 146596.0
586.235 146133.0
1306.47 144829.0
1266.4 142814.0
1032.63 142342.0
1913.16 139060.0
5168.15 133240.0
7249.82 136293.0
8590.11 140394.0
8721.46 141369.0
10173.1 139808.0
10626.1 139902.0
10809.8 140356.0
10085.1 139804.0
9708.87 139855.0
8938.54 140977.0
6773.37 135021.0
5897.29 133080.0
4224.16 134610.0
3998.18 134376.0
2770.32 134645.0
2254.91 133864.0
2189.24 132615.0
2563.27 131038.0
2615.59 129694.0
3072.0 129057.0
2525.42 129251.0
3977.03 130558.0
4196.33 130963.0
3635.28 129899.0
3220.05 129671.0
3045.28 133169.0
3204.47 135200.0
2288.31 138114.0
1910.94 138430.0
4080.55 141422.0
4404.49 147614.0
4394.47 148827.0
3097.6 149538.0
3114.3 149936.0
1932.09 149299.0
1873.09 147863.0
2315.03 147008.0
2474.21 147004.0
2833.78 142542.0
2641.19 142662.0
2525.42 143691.0
2733.59 146129.0
1732.83 146977.0
-671.675 147017.0
-713.976 148088.0
-1619.0 149017.0
-2659.84 149092.0
-2479.5 149640.0
-2178.94 149627.0
-2670.97 149186.0
-2712.16 146340.0
-2905.86 145392.0
-4812.76 145423.0
-5886.99 144428.0
-5633.18 144677.0
-5619.83 145381.0
-3229.8 145412.0
-2723.29 146414.0
-2727.75 150266.0
-3488.06 150274.0
-3629.43 150014.0
-3080.63 149123.0
-1142.56 149146.0
1.80789 149408.0
35.2037 144686.0
1220.76 143571.0
1119.46 142435.0
490.5 141661.0
-221.944 138183.0
736.517 135963.0
781.044 134797.0
1945.45 132784.0
1992.2 131913.0
1608.15 129366.0
1467.89 129117.0
1985.52 129692.0
2224.86 129671.0
1895.35 127797.0
2294.99 126924.0
6116.59 126757.0
6163.34 124687.0
8832.78 124455.0
10106.3 120094.0
11089.2 118865.0
11729.3 117308.0
12224.7 111379.0
14814.0 105960.0
18802.6 106103.0
20972.2 106054.0
25861.3 106441.0
26704.0 106087.0
27448.7 106784.0
29172.0 110242.0
29310.0 110064.0
31282.6 109291.0
34142.4 109592.0
34822.5 108868.0
34821.4 108686.0
35068.6 108897.0
34276.0 109656.0
32041.8 109300.0
30268.5 109284.0
27700.3 110976.0
25888.0 110863.0
24453.1 107978.0
23415.6 108360.0
24275.0 108011.0
25471.7 105444.0
25515.1 105555.0
24990.8 106092.0
24950.7 106408.0
22387.0 106067.0
15046.6 105918.0
13665.2 106005.0
12533.0 107813.0
11797.2 116427.0
10255.4 119802.0
7294.35 128995.0
3984.82 135030.0
3651.97 135620.0
3059.75 134935.0
2485.35 135821.0
4276.48 138161.0
4425.64 138040.0
4394.47 137597.0
4404.49 138541.0
4682.79 140018.0
3777.77 141901.0
1417.79 143451.0
1245.25 155725.0
1208.51 160035.0
-737.354 163660.0
-3530.36 161262.0
-3775.26 161473.0
-3465.79 162068.0
-4029.07 162241.0
-4093.64 161090.0
-664.996 160540.0
-473.526 158730.0
-682.807 155170.0
-2262.43 154342.0
-3155.21 154396.0
-2568.56 152866.0
-2623.11 151192.0
-1731.44 151385.0
-1903.98 151800.0
-2580.8 151744.0
-2797.88 141881.0
-3557.08 140594.0
-3594.92 139448.0
-4562.29 139140.0
-6224.29 138034.0
-6227.63 137646.0
-6932.28 136130.0
-6167.52 141267.0
-6312.23 142983.0
-8310.42 143154.0
-8736.77 142155.0
-7928.59 142168.0
-7925.25 142391.0
-8951.62 143756.0
-9849.97 144196.0
-10209.5 143059.0
-9880.02 142576.0
-9347.92 142845.0
-8982.79 142818.0
-7384.24 140656.0
-7386.47 140538.0
-6770.87 140494.0
-6173.08 141796.0
-6967.91 141885.0
-6993.51 142596.0
-7570.14 143083.0
-6964.57 142576.0
-6396.84 142567.0
-6209.82 143059.0
-4814.99 143054.0
-4650.23 145428.0
-1312.88 145379.0
12.9398 146530.0
7.37387 148489.0
415.916 148516.0
512.764 149017.0
1227.44 149638.0
1178.45 158577.0
818.893 158583.0
1034.85 158606.0
948.024 162074.0
-879.842 163884.0
-889.861 164005.0
284.559 163199.0
1166.21 161769.0
1955.46 161300.0
1942.11 158013.0
1264.17 157942.0
1356.57 153147.0
1237.45 152966.0
836.704 153550.0
-699.505 153708.0
-798.579 153193.0
-697.279 152828.0
-1651.29 151719.0
-1813.81 145154.0
588.462 141554.0
32.9773 140866.0
96.4295 140728.0
-593.751 142108.0
-1674.66 142366.0
-1834.96 141258.0
-2760.03 141316.0
-2724.41 146908.0
-2678.77 148832.0
-2886.93 151038.0
-4170.45 151031.0
-4839.48 151690.0
-4856.17 152639.0
-5285.87 152768.0
-6053.97 153710.0
-6154.16 156484.0
-6947.87 156822.0
-9619.54 156900.0
-9590.59 160741.0
-10655.9 161282.0
-11111.2 159757.0
-10730.5 159314.0
-10786.2 155375.0
-9725.29 155360.0
-9658.5 156651.0
-11170.2 156816.0
-11299.3 160560.0
-11137.9 161825.0
-10707.1 160692.0
-10788.4 156985.0
-9885.59 156900.0
-7396.49 156865.0
-7339.71 154658.0
-6143.03 154487.0
-4394.2 154320.0
-4294.01 153501.0
-4299.58 152592.0
-4029.07 151123.0
-2156.68 151045.0
-2646.48 150226.0
-2733.31 149032.0
-5256.92 149237.0
-7031.36 149511.0
-7633.6 149473.0
-7864.03 148324.0
-8052.16 148360.0
-8156.8 147356.0
-8892.62 147227.0
-10216.2 147280.0
-10414.4 145465.0
-11371.7 145690.0
-13914.2 145840.0
-15109.8 145421.0
-15574.0 144225.0
-15974.8 138165.0
-16039.3 136598.0
-15997.0 137453.0
-15125.4 137604.0
-14712.4 137880.0
-14569.9 138570.0
-14970.7 139975.0
-15748.8 140648.0
-15587.4 149233.0
-15585.1 152365.0
-15984.8 152806.0
-16470.1 152692.0
-16422.3 151601.0
-14201.4 152040.0
-13084.9 152073.0
-12351.3 151383.0
-12336.8 150684.0
-11967.3 150419.0
-11680.1 151336.0
-10491.2 151428.0
-12916.8 152049.0
-17552.2 151633.0
-17258.3 151577.0
-17170.3 150424.0
-16689.4 150773.0
-16990.0 150506.0
-16927.7 149422.0
-16630.4 149201.0
-15613.0 149453.0
-15582.9 154652.0
-16215.2 155077.0
-16479.0 153496.0
-15847.9 152630.0
-15579.6 150428.0
-15635.2 143019.0
-15446.0 140372.0
-11123.5 139441.0
-8995.03 139412.0
-7710.41 138671.0
-7786.1 135093.0
-4622.4 134883.0
-4732.61 132757.0
-4502.18 130818.0
-4418.69 130733.0
-4729.27 131299.0
-4811.65 135084.0
-4589.01 134861.0
-3956.71 134817.0
-3686.21 135974.0
-3591.59 139069.0
-1338.48 139314.0
-602.657 140289.0
-482.432 141779.0
-706.184 141491.0
-546.997 140861.0
-158.492 140879.0
-1049.05 142277.0
-1177.07 141282.0
-2758.92 141273.0
-2792.31 141843.0
-3649.47 143106.0
-3534.81 143573.0
-2934.8 143506.0
-1881.72 143776.0
-1768.17 147117.0
6.26067 147095.0
-146.247 149366.0
-1008.97 149161.0
-3812.0 149086.0
-7669.22 149469.0
-8122.29 149219.0
-8154.57 147271.0
-10517.9 147278.0
-11211.4 146890.0
-11759.1 146194.0
-11957.2 146207.0
-11837.0 147135.0
-10505.6 146318.0
-10631.4 145463.0
-13819.6 145857.0
-14997.4 145523.0
-17328.4 143865.0
-18034.2 143704.0
-16597.0 144401.0
-16050.5 145261.0
-16459.0 147002.0
-14563.2 147284.0
-14510.9 147946.0
-13742.8 148242.0
-11671.2 147293.0
-11287.1 147298.0
-10295.2 146069.0
-10191.7 145528.0
-8743.45 143733.0
-9690.78 144286.0
-10049.2 143780.0
-9893.38 141687.0
-8820.26 141309.0
-8138.99 139432.0
-7664.77 139456.0
-7510.03 138354.0
-5362.68 139717.0
-4868.42 140712.0
-3727.4 140712.0
-3573.77 139488.0
-2270.22 139107.0
-1608.99 139521.0
-1580.04 140761.0
-2018.64 141264.0
-2497.31 143419.0
-6286.63 143604.0
-9172.03 143949.0
-10546.8 144882.0
-11016.6 149233.0
-12733.1 149351.0
-13741.7 149255.0
-12922.4 148246.0
-12197.7 148231.0
-10477.8 147184.0
-10376.5 144731.0
-7808.37 139966.0
-7668.11 137295.0
-4966.38 134852.0
-2321.43 134723.0
-2528.48 135273.0
-2339.24 134761.0
4017.1 135046.0
7297.69 129033.0
10189.8 119944.0
11756.0 117097.0
12548.6 107851.0
15205.8 105940.0
18691.2 106058.0
19979.2 106729.0
19967.0 110046.0
21187.0 110665.0
28513.0 111046.0
29478.1 109830.0
32791.0 109349.0
34404.0 109665.0
34595.5 109160.0
35164.3 108868.0
35326.8 109120.0
35201.0 109520.0
31863.7 109282.0
28920.4 110709.0
27992.0 110997.0
23514.7 110756.0
20131.7 110602.0
19977.0 108020.0
19983.7 106192.0
18613.3 106005.0
15960.6 105903.0
12814.7 106724.0
12421.7 108893.0
11766.1 116734.0
10599.4 119441.0
10067.3 120029.0
9052.08 119524.0
7909.94 121258.0
6911.41 123660.0
6128.83 126893.0
4937.71 127356.0
4495.78 130640.0
4157.36 130903.0
2520.97 130451.0
2579.97 130642.0
2572.17 131259.0
1418.91 132886.0
1404.43 133129.0
1403.32 132762.0
2546.57 131829.0
2569.95 131132.0
2842.68 130306.0
3560.69 129843.0
3769.97 130079.0
2868.28 129665.0
2549.91 130034.0
2579.97 131548.0
2407.42 132212.0
2846.02 134719.0
1728.37 139151.0
-553.676 143172.0
-50.5123 143802.0
58.5808 149384.0
21.8454 151060.0
58.5808 148525.0
487.161 148518.0
573.99 145797.0
841.157 145325.0
1325.4 144978.0
1295.34 143504.0
1774.01 141160.0
2669.02 139465.0
2038.95 136647.0
2435.25 135923.0
2184.78 135438.0
3545.11 132788.0
3657.54 133062.0
3178.87 131738.0
3498.35 130310.0
3692.05 130057.0
3753.27 130155.0
3142.13 130324.0
3151.04 131477.0
2643.42 131838.0
2164.75 133991.0
1865.3 134102.0
1863.07 133639.0
2072.35 133608.0
1978.84 131998.0
3079.79 130295.0
3019.68 129665.0
2545.46 130486.0
3808.93 130293.0
3650.86 129910.0
3117.64 129936.0
3166.62 132933.0
4105.04 134532.0
4273.14 134770.0
4420.08 138256.0
4544.76 138466.0
5102.47 138477.0
5915.1 139347.0
5694.69 138479.0
4526.95 138472.0
4410.06 136680.0
2530.99 134224.0
1967.71 131802.0
1986.63 129692.0
2546.57 129876.0
1414.45 131379.0
670.838 132895.0
-1678.0 134612.0
-16058.3 135545.0
-4896.25 134924.0
-4204.96 135173.0
-3394.55 135937.0
-2920.33 135948.0
-3637.23 138944.0
-3584.91 140574.0
-4282.88 140726.0
-4737.06 139897.0
-4469.9 139234.0
-3734.07 139189.0
-3616.08 138154.0
-2857.99 137370.0
-2510.67 137228.0
3792.24 130177.0
3156.6 129671.0
3132.11 133263.0
4144.01 134581.0
3070.89 136950.0
392.539 141761.0
-2075.41 143444.0
-2738.88 143435.0
-2790.08 141888.0
-2237.94 141278.0
-876.503 141262.0
167.674 139499.0
-210.812 138203.0
-21.5692 137388.0
-963.332 137479.0
-1797.12 137364.0
-2152.22 135910.0
-2899.18 135064.0
-2841.29 138711.0
-3059.48 139045.0
-1231.61 139459.0
-355.528 140487.0
236.692 139423.0
-300.981 139123.0
-487.998 138753.0
-333.264 138394.0
-598.204 137439.0
-2790.08 137261.0
-3551.51 137709.0
-12296.8 145955.0
-13894.2 145837.0
-15002.9 145501.0
-15596.3 143268.0
-14808.1 142776.0
-14214.8 141848.0
-14244.9 140053.0
-14080.1 139588.0
-13914.2 139586.0
-12933.5 138475.0
-12997.0 136506.0
-13452.3 136460.0
-13663.8 135859.0
-13438.9 135422.0
-5777.9 134930.0
-4782.7 135004.0
-4398.65 135816.0
-2934.8 135934.0
-2899.18 134966.0
-2154.45 134935.0
-2852.42 135937.0
-3657.26 136658.0
-3699.57 139082.0
-14456.4 139641.0
-15638.6 140498.0
-15594.1 154709.0
-15564.0 143134.0
-14809.3 141863.0
-14558.8 141836.0
-14044.5 143101.0
-13885.3 145788.0
1428.92 134387.0
1976.62 131985.0
3077.57 129674.0
3530.64 130293.0
2999.64 130290.0
2541.01 130515.0
3237.87 129349.0
3164.39 129663.0
2258.25 129640.0
1699.43 129206.0
3428.22 129758.0
3763.29 130086.0
3726.56 129972.0
2267.16 129631.0
1916.5 129248.0
2013.35 127641.0
2445.27 126877.0
3703.18 127409.0
5379.65 127156.0
5903.97 122854.0
7845.38 122810.0
7972.28 119695.0
8936.31 119472.0
10574.9 119490.0
11667.0 117687.0
12356.0 109879.0
14123.8 106003.0
15956.1 105927.0
18813.7 106190.0
18833.7 106038.0
24214.9 106294.0
25658.7 106452.0
26678.4 106045.0
28465.1 108124.0
30678.1 109298.0
34704.5 109144.0
34821.4 108741.0
34409.5 109520.0
31936.0 109289.0
29311.1 110053.0
28923.7 108815.0
28362.7 107986.0
25941.5 106421.0
24900.6 106430.0
22400.4 106058.0
13017.3 105954.0
12412.8 108955.0
11723.8 117291.0
10141.9 120000.0
7327.74 129469.0
5281.69 133167.0
5238.28 134521.0
5047.92 134903.0
4422.3 134926.0
4402.27 137613.0
4139.55 138005.0
3875.73 137655.0
2562.16 137629.0
640.782 141086.0
-668.335 142213.0
-1187.08 142003.0
-1181.52 141569.0
-2544.07 141280.0
-3505.87 140694.0
-3576.0 139194.0
-2866.9 139116.0
-998.954 139733.0
1269.74 144806.0
1254.15 147874.0
530.575 149279.0
63.0336 149395.0
571.764 147799.0
8.48706 147146.0
25.185 145341.0
-256.453 143544.0
-580.393 143034.0
1021.49 140447.0
3588.52 135810.0
3076.45 134946.0
2523.19 134525.0
2116.88 135255.0
2947.32 136927.0
2456.4 137780.0
2061.22 138971.0
2635.63 139379.0
1117.23 142302.0
307.936 143072.0
12.9398 145145.0
5.14748 148413.0
884.571 150824.0
808.874 151250.0
1198.49 152102.0
1268.62 153394.0
-892.088 155909.0
-2419.39 155923.0
-2016.41 158042.0
-758.504 157984.0
-510.262 158563.0
-661.656 160387.0
-2125.51 160963.0
-5224.64 160754.0
-5747.84 160774.0
-5510.73 168404.0
-6051.75 169600.0
-6935.62 169644.0
-6517.06 169424.0
-7038.04 169464.0
-7066.98 168099.0
-7846.22 166483.0
-7061.41 165812.0
-6936.74 162159.0
-3129.61 163755.0
-3161.89 162711.0
-2647.6 161556.0
-2209.0 161293.0
-2296.94 162119.0
-2639.8 162023.0
-1978.57 161489.0
-3145.19 162141.0
-3596.04 152093.0
-4171.56 151196.0
-4173.79 151334.0
-4049.11 151058.0
-1773.74 151074.0
-2034.23 151817.0
-3491.4 150753.0
-3639.45 149564.0
-1775.96 149453.0
-2501.77 151047.0
-2646.48 150185.0
-2684.33 149190.0
-4271.75 149088.0
-4576.76 148413.0
-4607.93 147300.0
-4476.58 147126.0
-2850.2 147053.0
-1811.59 147583.0
-1763.72 148905.0
-793.013 149502.0
-1026.78 151250.0
-1335.14 152579.0
-1465.38 152570.0
-716.203 152795.0
271.201 152652.0
6970.41 152732.0
10161.9 152427.0
13933.4 152276.0
14252.9 151234.0
15269.3 151341.0
13179.8 150929.0
12584.2 150546.0
12639.9 149221.0
7962.26 149097.0
5574.46 149333.0
3146.58 149377.0
3108.73 149849.0
3110.96 149615.0
3072.0 150971.0
2569.95 150931.0
2151.39 149480.0
1283.1 149219.0
1228.55 147975.0
666.385 148202.0
395.879 145316.0
34.0905 144366.0
37.4301 144201.0
555.066 143760.0
543.934 143480.0
196.617 143272.0
-374.452 143375.0
-633.826 142669.0
-1152.58 142812.0
-620.468 144784.0
-1076.88 145347.0
-1544.42 145459.0
1159.53 145321.0
1538.02 146519.0
1314.26 145730.0
1248.59 146848.0
686.423 146991.0
578.443 145673.0
-44.9463 145319.0
-2205.66 145336.0
-2743.33 144880.0
-2773.39 143655.0
-3332.21 143506.0
-4208.3 143569.0
-6106.29 143061.0
-6226.52 135636.0
-7012.43 133109.0
-7065.87 131364.0
-7056.96 132684.0
-7471.07 132759.0
-7054.73 132984.0
-7011.32 134826.0
-7422.09 136186.0
-7318.56 136184.0
-7181.64 137402.0
-10547.9 137466.0
-10680.4 136665.0
-10043.7 136333.0
-9464.8 136311.0
-9413.59 137203.0
-9067.39 137448.0
-8952.73 139323.0
-9085.2 139361.0
-9416.93 138744.0
-9221.01 137455.0
-7725.99 137459.0
-7854.01 141026.0
-6903.34 140494.0
-6284.4 140469.0
-6358.99 141819.0
-6911.13 141872.0
-7380.9 143101.0
-8579.81 143175.0
-8779.07 142064.0
-9395.78 141614.0
-12340.2 141634.0
-12824.4 140948.0
-12982.5 136480.0
-9422.5 137851.0
-13405.5 136471.0
-13571.4 136486.0
-13925.4 136990.0
-14669.0 137522.0
-14548.8 138345.0
-13909.8 137776.0
-13919.8 137615.0
-14376.2 137491.0
-12861.2 137455.0
-11352.8 137613.0
-11319.4 138205.0
-11346.1 137617.0
-12727.6 137450.0
-12814.4 137183.0
-12880.1 137446.0
-13345.4 137457.0
-13945.4 136531.0
-14644.5 136495.0
-14300.5 136473.0
-14703.5 136489.0
-14310.5 135471.0
-7889.63 135044.0
-9049.58 131528.0
-8749.02 130611.0
-9276.67 130892.0
-10301.9 128169.0
-10874.1 127356.0
-9108.58 131537.0
-9739.76 131947.0
-12221.1 132087.0
-12268.9 132884.0
-11936.1 132902.0
-12263.4 133038.0
-12437.0 133824.0
-13002.5 133855.0
-13011.4 136362.0
-14797.0 136509.0
-14785.9 137488.0
-14372.9 139497.0
-5848.03 139245.0
-95.0401 144780.0
-93.9269 144584.0
6.26067 144862.0
-475.753 145332.0
-1253.88 145178.0
-859.805 144092.0
-1165.93 142596.0
-1173.73 141353.0
-383.358 140608.0
-136.228 140919.0
-697.279 142219.0
-1537.74 142342.0
-1721.42 141560.0
-2292.49 141264.0
-2772.27 141307.0
-2941.48 142480.0
-3499.19 142215.0
-3539.27 141206.0
-2851.31 140663.0
-2492.86 139134.0
-2086.55 140623.0
-2480.62 140661.0
-2104.36 139559.0
-2156.68 139089.0
-1020.11 139724.0
1182.91 142636.0
1237.45 149264.0
4481.3 149395.0
9217.95 149219.0
10359.0 149250.0
11547.9 149591.0
11396.5 150896.0
7955.59 150686.0
7889.91 149275.0
7571.53 149310.0
7316.61 147518.0
6669.85 147779.0
6650.92 147621.0
7434.61 147520.0
7091.75 149306.0
5782.63 148616.0
5118.05 147986.0
-8672.21 148854.0
3887.97 149357.0
2065.67 149310.0
1871.98 148482.0
1874.2 147091.0
1382.17 146937.0
1256.38 145989.0
1248.59 146723.0
601.82 146839.0
581.782 143785.0
-392.263 143272.0
84.1843 142560.0
-27.1352 143362.0
-1334.03 144205.0
-3666.17 143535.0
-7924.14 143635.0
-10555.7 145523.0
-10503.4 154741.0
-11420.7 154943.0
-16721.7 155115.0
-17279.4 155346.0
-17260.5 156137.0
-17190.4 155204.0
-15981.4 155099.0
-16481.3 154494.0
-16482.4 153445.0
-16193.0 152875.0
-14941.7 152848.0
-14728.0 154387.0
-14603.3 154380.0
-14283.8 152866.0
-12783.2 152875.0
-12409.2 151359.0
-11808.1 151323.0
-11717.9 151791.0
-12539.4 152795.0
-13639.3 152815.0
-14378.4 152356.0
-14359.5 153817.0
-14360.6 153616.0
-12808.8 152899.0
-11857.1 153013.0
-11355.0 149335.0
-10778.4 150279.0
-10811.8 151365.0
-10989.9 151410.0
-11224.8 150751.0
-11631.1 151372.0
-12685.3 151357.0
-13541.3 152047.0
-15075.3 151993.0
-15670.9 151679.0
-18483.9 151619.0
-18634.2 154612.0
-18662.0 154398.0
-18554.0 155050.0
-18832.3 156012.0
-19063.9 156007.0
-18552.9 155135.0
-18545.1 152846.0
-17476.5 152835.0
-17253.8 153761.0
-17889.5 154422.0
-18468.3 154422.0
-18550.7 152056.0
-17857.2 151608.0
-17081.3 150094.0
-15931.4 149179.0
-16561.4 148035.0
-16510.2 147307.0
-15784.4 147291.0
-15545.1 146182.0
-15676.4 141741.0
-14910.6 140044.0
-14400.7 139675.0
-14857.1 136119.0
-14519.8 135489.0
-13374.3 135398.0
-11799.2 135905.0
-12116.4 136019.0
-11798.1 135950.0
-11807.0 135645.0
-11033.3 135264.0
-10746.1 137279.0
-10700.4 136947.0
-9415.82 136393.0
-9411.37 137355.0
-9001.71 137457.0
-7760.5 138646.0
-7788.33 139165.0
-7537.86 138354.0
-6631.72 138290.0
-6154.16 139305.0
-2191.19 139091.0
-1456.48 139196.0
-62.7574 141015.0
-593.751 142104.0
-900.993 142275.0
-132.889 142266.0
4250.87 134630.0
6987.11 129598.0
8773.78 124756.0
9718.89 121267.0
11808.4 116420.0
12455.1 108594.0
14932.0 105956.0
19277.9 106041.0
19980.3 106526.0
19972.5 110471.0
27371.9 110970.0
28492.9 111043.0
29977.9 109378.0
33209.5 109371.0
35154.3 108857.0
-39766.0 144666.0
35139.8 108866.0
-20635.7 148965.0
35144.3 108826.0
35329.0 109051.0
35206.6 109465.0
34335.0 109694.0
32922.3 109347.0
30337.5 109280.0
27930.8 111077.0
28440.6 116819.0
27161.5 118335.0
25832.4 118090.0
23409.0 118457.0
20729.5 119895.0
21161.4 122235.0
20877.6 124477.0
19726.5 124629.0
17317.6 124172.0
14097.1 124246.0
10763.1 126704.0
6741.09 130513.0
4403.38 134837.0
4267.57 136506.0
3077.57 134937.0
1550.26 132216.0
1497.94 132350.0
1899.81 129137.0
-88.3609 128184.0
-1249.42 124451.0
-1332.91 124805.0
-1140.33 124687.0
-1460.93 124580.0
-1214.91 125067.0
-3531.47 124969.0
-3739.64 128845.0
-4148.18 130161.0
-4732.61 130916.0
-5561.94 131495.0
-5498.49 134322.0
-6338.95 135847.0
-6276.61 136987.0
-7046.94 137399.0
-7642.5 137368.0
-8331.57 133392.0
-8911.54 131933.0
-10856.3 131404.0
-10885.2 130613.0
-10829.6 133456.0
-11229.2 133735.0
-11722.4 133752.0
-12064.1 133410.0
-11913.8 133612.0
-12297.9 133813.0
-9131.96 133646.0
-8822.49 141474.0
-8721.19 143638.0
-7193.88 144381.0
-6396.84 145408.0
-6255.46 143664.0
-4685.86 143807.0
-5121.12 145421.0
-6011.67 145530.0
-6296.65 147064.0
-9072.96 147256.0
-9534.93 150299.0
-9942.36 150787.0
-10299.7 150575.0
-10467.8 150907.0
-11099.0 151428.0
-11292.7 151405.0
-10594.7 151443.0
-10456.7 152109.0
-11254.8 155086.0
-11389.5 162802.0
-11709.0 165806.0
-10102.7 165314.0
-10116.0 166888.0
-9491.52 165548.0
-9302.28 164479.0
-8094.46 164089.0
-3125.16 164016.0
-3163.01 162330.0
-2652.05 161687.0
-1909.55 161536.0
-2664.29 161095.0
-2181.17 162517.0
-2209.0 161426.0
-1711.4 161017.0
-491.337 160783.0
1959.92 159977.0
1958.8 159185.0
-1090.24 157982.0
-1731.44 158713.0
-3337.78 157679.0
-4773.8 157161.0
-4089.18 157123.0
-3288.8 158022.0
-2811.24 159351.0
-2810.12 158790.0
96.4295 175406.0
128.712 179977.0
-375.565 182709.0
-364.433 183432.0
105.335 184505.0
-49.3991 184405.0
-103.946 181121.0
186.598 179721.0
45.2225 175357.0
-671.675 175635.0
-2407.15 175727.0
-2600.84 175960.0
-3504.76 176145.0
-4201.62 175624.0
-5281.42 175257.0
-5498.49 169479.0
-5970.48 169595.0
-7035.81 169477.0
-7044.72 162633.0
-7003.53 158652.0
-6580.51 157573.0
-5740.05 157559.0
-3827.58 157134.0
-3458.0 157179.0
-3465.79 156375.0
-1893.96 155843.0
-1122.52 157085.0
-1113.61 157553.0
-215.265 155963.0
499.406 156005.0
1070.48 157976.0
1269.74 157764.0
1334.3 152668.0
814.44 152548.0
9.60025 151662.0
15.1662 145321.0
-335.49 143163.0
3375.9 136181.0
3755.5 133583.0
4046.04 133376.0
2368.46 135665.0
2130.24 135260.0
2558.82 134467.0
2235.99 135046.0
1788.49 134919.0
2099.07 134024.0
2595.55 135986.0
2908.36 136429.0
2355.1 139098.0
1413.34 141781.0
291.239 141411.0
-1398.59 139203.0
-4439.84 139160.0
-5376.04 138639.0
-5160.08 137764.0
-4960.82 137747.0
-5429.47 139176.0
-6110.75 139214.0
-6922.26 138430.0
-7245.09 138330.0
-6566.04 138283.0
-6187.56 139964.0
-6298.88 143016.0
-4784.93 143081.0
-4719.25 143647.0
-3816.45 143584.0
-2792.31 141845.0
-2083.21 141291.0
-1101.37 142291.0
-443.47 141872.0
-1132.54 142306.0
-1757.04 141233.0
-2013.07 141246.0
-3508.1 142315.0
-3594.92 139305.0
-5232.43 139189.0
-6227.63 137533.0
-6219.84 136275.0
-7594.63 136179.0
-7036.92 135019.0
-6985.72 136075.0
-6253.23 137965.0
-6131.9 142981.0
-8041.03 143604.0
-8691.13 143606.0
-8524.15 151125.0
-9682.99 151593.0
-9685.21 153578.0
-9111.92 153265.0
-9471.48 153619.0
-9695.23 154591.0
-10349.8 154186.0
-11022.2 154240.0
-11549.8 154596.0
-11670.0 154948.0
-14333.9 155050.0
-14340.6 153269.0
-12791.0 152895.0
-11864.8 152997.0
-11680.1 151466.0
-10778.4 151107.0
-10772.8 150312.0
-10552.4 150395.0
-10798.4 149313.0
-10593.6 149259.0
-10445.5 143609.0
-10252.9 141674.0
-9986.89 141607.0
-9862.21 142738.0
-9965.74 143963.0
-10293.0 144635.0
-10471.1 148683.0
-10427.7 152859.0
-11286.0 158145.0
-11660.0 170132.0
-6816.51 169722.0
-5510.73 169922.0
-5347.09 174691.0
-4089.18 175629.0
-3803.09 175611.0
-3578.23 176386.0
-3204.19 176435.0
-2855.76 176795.0
-3049.46 176417.0
-3592.7 176265.0
-4315.16 175593.0
-4911.83 175633.0
-5297.0 174878.0
-5501.83 164272.0
-880.956 163671.0
764.346 162375.0
1278.64 156027.0
1322.06 152826.0
736.517 152561.0
37.4301 152568.0
-0.418499 152425.0
625.197 151526.0
2268.27 151463.0
4290.95 151027.0
6284.68 150934.0
5170.37 150962.0
4450.13 149288.0
4294.29 141988.0
3528.41 140418.0
2253.8 138753.0
766.573 135115.0
745.422 133888.0
459.331 133946.0
1703.88 131936.0
2101.29 133744.0
1453.41 135260.0
511.651 136426.0
-3578.23 134732.0
-4733.72 133456.0
-4759.33 131018.0
-5273.62 131099.0
-4914.06 131074.0
-4713.69 132577.0
-4751.53 133799.0
-4123.69 134839.0
-4183.8 135983.0
-3682.87 136291.0
-3922.2 136711.0
-3612.74 138929.0
4185.19 134716.0
7537.02 128407.0
9977.15 120456.0
11786.1 116689.0
12789.1 106822.0
13398.0 106047.0
18012.2 106005.0
18788.1 106145.0
18980.7 106041.0
19972.5 106980.0
20774.0 110649.0
27959.7 111005.0
31317.1 109293.0
33413.2 109382.0
35167.6 108899.0
35329.0 108928.0
35032.9 109084.0
35105.3 109879.0
34082.3 109561.0
30708.2 109289.0
29793.1 109489.0
29160.8 110266.0
28159.0 111012.0
24791.5 110818.0
23522.5 110179.0
23266.5 107283.0
22382.6 106154.0
22404.9 103451.0
21384.1 103260.0
20459.0 103431.0
18728.0 105994.0
14197.3 105972.0
12589.8 107548.0
11713.7 117375.0
9133.35 119577.0
7909.94 121169.0
7892.13 121581.0
7263.18 122850.0
6814.56 126388.0
6132.17 127015.0
4980.02 128768.0
5077.98 129625.0
4954.41 130030.0
3865.71 130239.0
3608.56 129876.0
2055.65 129696.0
2533.21 130453.0
2509.84 132018.0
2888.32 132940.0
4167.38 134625.0
4485.76 134374.0
293.465 141943.0
-1703.61 143475.0
-3072.84 143484.0
-3777.49 143297.0
-3491.4 142696.0
-3541.49 140786.0
-2825.71 139236.0
-2893.61 136157.0
-3189.72 135026.0
-2940.37 134788.0
-2909.2 135948.0
-3667.28 135986.0
-3611.62 139091.0
-4719.25 138415.0
-4767.12 136803.0
-4209.41 134839.0
-3717.38 135298.0
-3422.38 135965.0
-2895.84 136104.0
-2705.48 140031.0
-2481.73 139920.0
-2807.9 139871.0
-1607.87 139586.0
-1591.17 140336.0
-1128.08 141554.0
-1143.67 141707.0
-1124.75 141531.0
-838.654 141848.0
-1169.27 141957.0
-860.918 142251.0
-111.738 141229.0
552.839 141787.0
1275.3 145461.0
1269.74 149255.0
2307.23 152672.0
3097.6 152570.0
3132.11 149500.0
5971.87 149012.0
6283.57 148865.0
5452.01 149346.0
3882.41 149362.0
4359.97 152247.0
2683.49 153356.0
-175.19 153665.0
-688.373 155992.0
-542.544 158138.0
-660.543 160342.0
-1133.65 161052.0
-6609.46 160683.0
-6951.21 160583.0
-7783.88 159044.0
-8144.55 159225.0
-8465.15 161117.0
-4030.18 160710.0
-1265.01 161070.0
-504.696 159663.0
-646.072 155337.0
-1290.61 154580.0
-1799.34 147990.0
-1813.81 147235.0
-4609.05 143526.0
-4769.35 139383.0
-4744.86 133724.0
-4650.23 132510.0
-4731.5 133361.0
-6947.87 134932.0
-10718.3 135124.0
-10761.7 140966.0
-10512.3 143230.0
-10497.8 148333.0
-10739.4 149224.0
-10672.6 147309.0
-10495.6 146694.0
-10435.5 143932.0
-10696.0 137506.0
-10318.6 135186.0
-1338.48 134754.0
-407.848 133788.0
823.346 130540.0
2338.4 129689.0
3102.06 129574.0
3168.85 132452.0
3716.54 133138.0
3187.77 131849.0
3151.04 130491.0
3699.84 130052.0
3585.18 129832.0
3159.94 129651.0
2537.67 130019.0
3138.79 130800.0
2645.65 131853.0
2283.86 131114.0
3590.75 133897.0
4131.76 134607.0
4395.59 137433.0
3838.99 137611.0
3010.77 136524.0
3048.62 134961.0
1998.88 133378.0
3145.47 131798.0
3146.58 130379.0
3411.52 130099.0
3177.75 130302.0
2947.32 131793.0
2554.36 131079.0
2523.19 129734.0
2562.16 130934.0
2552.14 130647.0
2544.35 131050.0
818.893 132308.0
-240.869 133376.0
-346.622 133681.0
260.069 134614.0
576.216 136400.0
952.476 137132.0
2661.23 139407.0
3729.9 137450.0
2979.6 136489.0
