-4650.23 164621.0
-4782.7 164265.0
-4476.58 164209.0
-4099.2 164127.0
-3101.78 164094.0
-1410.84 163731.0
-569.261 163758.0
-313.226 169448.0
-420.093 166618.0
-1433.1 166496.0
-1855.0 166229.0
-1893.96 165757.0
-2431.64 165779.0
-2429.41 166376.0
-2420.5 163960.0
-1409.72 163624.0
-2023.09 163642.0
-2136.64 162134.0
-1838.3 162190.0
-1816.04 162555.0
-1861.68 162077.0
-16849.7 162110.0
-2481.73 162132.0
-2849.08 162168.0
-2999.37 162346.0
-3207.53 162246.0
-3647.25 160926.0
-4616.84 160721.0
-11262.6 161086.0
-11201.4 154781.0
-11251.5 154986.0
-14320.6 155099.0
-14335.0 152817.0
-8524.15 152939.0
-4871.76 152844.0
-4766.01 154347.0
-4277.31 154362.0
-4154.86 156105.0
234.466 155921.0
1136.15 156027.0
5138.09 155999.0
4455.7 155967.0
4557.0 154068.0
4529.17 153585.0
4807.47 152683.0
4453.47 152120.0
4433.44 151815.0
1742.84 147004.0
1456.75 146848.0
1250.81 147055.0
1163.98 148153.0
560.632 148269.0
512.764 148525.0
209.975 148447.0
270.088 147964.0
104.222 148509.0
-4.87128 147712.0
53.0149 148520.0
520.557 148507.0
599.594 147026.0
1865.3 147117.0
1915.39 149342.0
4384.46 149520.0
4406.72 153073.0
4998.94 152748.0
11581.3 152450.0
17500.1 152550.0
18368.4 153285.0
19178.8 153040.0
20620.4 153115.0
21559.9 155571.0
23676.1 157007.0
23307.7 159071.0
23997.8 159530.0
24232.7 157860.0
25136.6 159218.0
28406.1 156635.0
26472.5 153396.0
25465.0 152225.0
26194.2 151559.0
27941.9 150524.0
28785.7 150388.0
31832.5 151256.0
31996.1 152514.0
31395.0 157724.0
32183.2 159461.0
32743.1 164058.0
35895.7 167498.0
36861.9 170559.0
36448.9 173522.0
37578.8 179360.0
39316.5 183174.0
40066.8 184285.0
42437.9 184975.0
44069.9 187170.0
45081.7 189301.0
46691.4 189857.0
46055.8 189795.0
46094.8 190586.0
47643.2 193397.0
47642.1 192848.0
47782.4 192491.0
47708.9 192389.0
47736.7 192868.0
47620.9 192901.0
47614.3 193426.0
47055.4 192033.0
43941.8 186892.0
42480.2 184975.0
39933.2 184151.0
38714.3 181771.0
37317.2 178209.0
36471.2 173166.0
36869.7 170432.0
35836.7 167389.0
32793.2 164080.0
25780.1 160307.0
23446.8 156718.0
21535.5 155493.0
20637.1 153100.0
17958.8 152784.0
17386.6 152387.0
17197.3 152354.0
17194.0 152216.0
16745.4 152053.0
16657.4 151635.0
16145.4 151768.0
15665.6 151653.0
15609.9 145245.0
16067.4 144911.0
16064.1 144517.0
16061.9 144936.0
15498.6 145356.0
15650.0 149916.0
14865.2 150034.0
14770.6 148943.0
7868.76 149204.0
7529.23 149342.0
7584.89 150769.0
5513.24 150911.0
4367.76 151080.0
4505.79 152038.0
4809.7 152131.0
4907.66 152427.0
4971.11 152216.0
4826.39 152416.0
4793.0 152053.0
4467.95 152020.0
4306.53 150996.0
3139.9 151014.0
2213.73 150851.0
1299.79 150199.0
1280.87 145334.0
-1765.95 145267.0
-1875.04 143593.0
-2217.9 143426.0
-8882.6 143727.0
-10404.3 144628.0
-10544.6 143030.0
-10594.7 144951.0
-10615.8 145653.0
-10633.7 145445.0
-10471.1 145648.0
-10415.5 144855.0
-8776.85 143720.0
-7941.95 143682.0
-8069.97 143566.0
-8713.4 143593.0
-8718.96 143170.0
-7966.44 143210.0
-7882.95 144677.0
-8635.47 145274.0
-8587.6 143682.0
-7791.67 143820.0
-6263.25 145463.0
-3937.79 145537.0
-3747.43 145624.0
-3686.21 147026.0
-739.58 147073.0
-734.014 148536.0
-1416.4 148480.0
-1521.04 147774.0
-1758.15 147690.0
-1783.76 143520.0
-492.451 143386.0
7882.11 128514.0
14077.0 123426.0
15025.5 121567.0
15613.3 119911.0
15509.7 114955.0
15878.2 114788.0
15724.6 114171.0
15242.6 114423.0
15420.7 114813.0
15577.6 114278.0
15524.2 114957.0
15409.5 116137.0
15470.8 116531.0
15765.8 116614.0
15910.5 119777.0
14123.8 124150.0
13573.9 124724.0
11586.8 126194.0
12622.1 129596.0
14077.0 141629.0
14878.5 141772.0
15245.9 144599.0
15493.0 145223.0
15666.7 149934.0
14290.8 150212.0
14084.8 151497.0
5266.11 152703.0
2958.45 152655.0
-4114.79 152581.0
-4114.79 151920.0
-4021.28 152171.0
-3728.51 152142.0
-3558.19 154186.0
-3433.51 156099.0
-1131.42 155938.0
5029.0 156039.0
5126.96 155979.0
4431.21 155921.0
4525.83 153162.0
4811.92 152795.0
4770.73 152565.0
4514.7 152203.0
4492.44 151067.0
5811.57 151003.0
7594.91 150700.0
7464.67 147567.0
7440.18 147741.0
7383.4 147572.0
7177.46 147656.0
7459.1 147801.0
7568.19 149386.0
7882.11 149299.0
7878.78 150691.0
6340.34 150947.0
5870.57 150945.0
5850.53 151089.0
4479.08 150996.0
4392.25 151325.0
4266.46 153006.0
4462.38 153211.0
4831.96 152884.0
4951.07 153505.0
5241.62 153456.0
4505.79 153418.0
4811.92 152614.0
4461.27 152125.0
4634.93 151363.0
5007.85 152454.0
4573.7 151686.0
5655.72 151025.0
7917.74 150762.0
8046.87 151748.0
8836.12 151693.0
8876.2 152414.0
10188.7 152617.0
10522.6 152859.0
10895.5 152521.0
12212.4 152516.0
13990.2 152171.0
11652.5 152372.0
11591.3 150974.0
12533.0 150907.0
14163.9 151096.0
14324.2 150116.0
15674.5 149949.0
15637.7 151682.0
14987.6 151370.0
12560.9 150878.0
9167.85 150733.0
7765.23 150740.0
4672.77 151069.0
5920.67 151034.0
6677.64 150907.0
4280.93 151067.0
4238.63 153111.0
1312.04 153385.0
1358.79 153066.0
1572.53 153078.0
1720.58 152726.0
3657.54 152717.0
4113.95 152759.0
4378.89 153218.0
4813.04 152804.0
4642.72 152516.0
4436.78 152176.0
4570.36 151067.0
7600.48 150891.0
7584.89 151207.0
7433.5 151236.0
7486.93 151412.0
7439.06 151241.0
7594.91 151207.0
7464.67 146706.0
7253.16 146826.0
7333.31 146959.0
7067.26 146755.0
7459.1 146761.0
7579.33 149355.0
7882.11 149308.0
8073.58 152516.0
7250.93 152677.0
6827.92 152583.0
7139.61 152427.0
7125.14 151857.0
6761.13 151412.0
6760.01 150956.0
8735.94 150695.0
14045.9 151145.0
14904.1 151426.0
14900.8 151759.0
14867.4 151325.0
14162.8 151080.0
14321.9 150121.0
15121.2 150061.0
14294.1 150128.0
14104.9 152091.0
13570.5 152243.0
5889.5 152692.0
4403.38 152516.0
3871.27 153229.0
-734.014 153846.0
-825.296 154841.0
-903.22 155901.0
-5200.15 156201.0
-6077.35 156602.0
-8128.97 156891.0
-13096.0 156735.0
-14292.7 156789.0
-14250.4 156005.0
-13463.4 155898.0
-13460.1 155248.0
-9138.64 154654.0
-8472.94 154658.0
-8392.79 156914.0
-7387.58 156889.0
-2678.77 155979.0
3064.21 155938.0
3175.53 152703.0
4217.48 152882.0
4512.47 153184.0
5096.9 152759.0
7108.44 152781.0
8931.86 152499.0
9059.87 152537.0
11767.2 149920.0
12071.1 149838.0
11566.8 149923.0
11552.3 150889.0
8455.41 150673.0
8544.47 152343.0
768.799 152632.0
-1683.57 152559.0
-1635.7 152349.0
-1630.14 153362.0
-2570.79 153367.0
-2609.75 153222.0
-2623.11 153374.0
-2852.42 153378.0
-2863.56 152688.0
1342.09 152721.0
3073.11 152688.0
3089.81 152276.0
2976.26 152327.0
3073.11 151129.0
4548.1 151078.0
4633.81 150922.0
5859.44 151007.0
8978.61 150713.0
11180.5 150936.0
12574.2 150891.0
14079.3 151212.0
14157.2 153496.0
13857.7 153512.0
13878.9 153639.0
13934.6 153472.0
14188.4 153440.0
14177.2 152231.0
17522.4 152614.0
18159.1 153362.0
18919.4 153267.0
19047.5 153078.0
20286.4 153017.0
20775.1 153307.0
21615.6 155676.0
23314.3 156350.0
25066.5 159218.0
27237.2 161175.0
32676.3 164038.0
35804.4 167349.0
36869.7 170588.0
36455.6 173605.0
37509.8 179166.0
39121.7 182729.0
40164.8 184336.0
42675.0 185166.0
44075.4 187186.0
45129.6 189452.0
47047.7 192055.0
47645.4 193424.0
47626.5 192874.0
47723.4 192445.0
47686.6 192278.0
47678.8 192856.0
47623.2 193426.0
47108.9 192151.0
44511.8 188310.0
43946.3 186896.0
42476.9 184977.0
40012.3 184220.0
39344.3 183218.0
38469.4 181208.0
36565.8 174678.0
-20239.4 102465.0
36466.7 173182.0
36856.4 170383.0
35784.3 167309.0
32767.6 164069.0
25707.7 160224.0
23528.1 156807.0
21649.0 155687.0
20706.1 153178.0
19990.3 152993.0
18443.0 153126.0
17358.7 152427.0
8204.94 152510.0
6743.32 152717.0
1377.72 152559.0
1250.81 142852.0
1139.49 142547.0
-6656.21 139281.0
-10461.1 145670.0
-10372.1 144800.0
-8815.81 143782.0
-7955.31 143727.0
-7869.59 144435.0
-7797.24 147184.0
-4956.36 147133.0
-4871.76 149119.0
-1001.18 149199.0
-331.037 149170.0
-51.6255 149388.0
-19.3428 149288.0
234.466 149382.0
256.73 149066.0
1147.29 149164.0
1166.21 149843.0
2305.01 150722.0
281.22 149653.0
217.768 149326.0
-1017.88 149143.0
-1029.01 149449.0
-14385.1 156395.0
-14420.7 156958.0
-15687.6 157915.0
-15598.5 157782.0
-15533.9 159267.0
-15879.0 159173.0
-15977.0 158321.0
-15433.8 157924.0
-15513.9 158071.0
-15502.8 155288.0
-15063.1 155244.0
-13708.3 155219.0
-9563.88 157546.0
-9202.09 157470.0
-9127.5 156925.0
-8446.23 156885.0
-8468.49 151314.0
-8067.74 151314.0
-7975.35 151748.0
-7615.78 151815.0
-7721.54 152020.0
-7772.75 152265.0
-7611.33 152020.0
-7582.39 149497.0
-6578.29 149460.0
-5275.85 149275.0
-5042.08 149121.0
-1387.46 149110.0
-834.201 150310.0
-1049.05 149355.0
-244.208 149615.0
8.48706 149682.0
64.1468 152661.0
3031.92 152703.0
3139.9 151040.0
4372.21 151114.0
4395.59 152294.0
4272.02 153004.0
4467.95 153218.0
4806.36 152784.0
4759.6 152559.0
4456.81 152109.0
4464.61 150985.0
4223.04 153126.0
1116.12 153494.0
1145.06 153022.0
1256.38 153340.0
1155.08 153316.0
1286.43 154514.0
1306.47 154396.0
-8590.94 147238.0
1325.4 154376.0
3075.34 154396.0
3134.34 152699.0
4172.95 152828.0
4411.17 153200.0
4811.92 152817.0
4785.21 152577.0
4542.53 152361.0
4451.25 152214.0
4726.21 151581.0
4490.21 152483.0
4516.93 149393.0
7520.33 149355.0
7572.65 150773.0
4477.96 151089.0
4442.34 151247.0
3887.97 151052.0
2199.25 150836.0
837.817 150038.0
771.026 150702.0
822.233 149972.0
2073.46 150818.0
3084.24 151167.0
3064.21 151492.0
1334.3 151479.0
1300.91 151230.0
1589.22 151259.0
1244.13 151069.0
1219.64 142718.0
-1591.17 139033.0
-1986.36 138944.0
401.445 130524.0
905.722 130546.0
954.703 130417.0
1416.68 130295.0
1403.32 129449.0
1458.98 129700.0
1898.69 129783.0
2030.05 133574.0
2586.65 134420.0
2119.1 135389.0
3084.24 136658.0
1874.2 138635.0
1962.14 138435.0
3666.45 140692.0
4106.16 141623.0
2394.06 142832.0
2655.66 144332.0
2722.46 146287.0
2513.18 146966.0
3097.6 146973.0
-1588.95 147006.0
-1880.6 146950.0
-2702.14 146977.0
-2693.24 146414.0
-1850.55 146369.0
-1827.17 147115.0
-731.788 147071.0
-641.619 148587.0
-402.282 148629.0
-424.546 149344.0
221.107 149575.0
388.087 149843.0
315.729 150684.0
423.709 151170.0
677.517 151241.0
749.875 151437.0
811.101 151348.0
904.609 151481.0
2889.44 151535.0
2824.87 152080.0
2160.29 151857.0
2143.59 151537.0
2171.42 152628.0
1249.7 152639.0
1094.97 153093.0
1247.47 155153.0
1169.55 161527.0
-8.21086 163441.0
-619.355 163637.0
-1919.57 163691.0
-2006.4 163501.0
-2177.83 162195.0
-1676.89 162065.0
-1646.83 162166.0
-19492.5 147011.0
-1287.27 162146.0
-1218.25 166532.0
-544.771 166732.0
-331.037 167533.0
-225.284 167505.0
-346.622 167511.0
-481.319 163715.0
1211.85 161509.0
1297.57 157993.0
3025.25 157936.0
3120.98 152706.0
4180.74 152815.0
4472.4 153216.0
4820.83 152744.0
4511.36 152191.0
4506.91 151063.0
5082.43 151125.0
5057.94 151971.0
4516.93 151875.0
4607.1 149253.0
4214.14 141589.0
5099.13 140376.0
5232.71 140176.0
5396.35 140294.0
5750.35 140093.0
5945.16 140316.0
6768.92 142731.0
6965.96 144533.0
7473.57 144613.0
7545.93 149344.0
7879.89 149297.0
7957.81 150711.0
10839.9 150911.0
10820.9 151886.0
10851.0 150929.0
12504.1 150885.0
14101.5 151201.0
16748.7 152154.0
16880.1 152488.0
17240.7 152503.0
17737.2 152833.0
18153.6 153367.0
18927.2 153267.0
18972.9 153115.0
20275.3 153044.0
20706.1 153249.0
21688.0 155756.0
23528.1 156822.0
24231.6 157724.0
24288.4 157524.0
25790.1 157158.0
26346.7 156789.0
26450.2 157000.0
26709.6 156934.0
26652.8 157029.0
26450.2 156967.0
26313.3 156769.0
25197.9 157512.0
24242.7 157548.0
24305.1 158149.0
25067.6 159189.0
23580.4 156845.0
22929.2 156502.0
22785.6 157089.0
22896.9 157045.0
22802.3 156963.0
23012.7 156528.0
23708.4 156989.0
26013.8 160518.0
31698.9 163452.0
31838.1 162257.0
32400.2 161910.0
32366.8 161805.0
32386.9 161945.0
31821.4 162295.0
31667.8 163490.0
31515.2 163452.0
33060.4 164336.0
36068.2 167883.0
36871.9 170593.0
36460.1 173649.0
37539.9 179244.0
39973.3 184207.0
42663.9 185153.0
43896.2 186859.0
44470.6 188259.0
47061.0 192068.0
47643.2 193424.0
47690.0 192868.0
47721.1 192462.0
47715.6 192422.0
47815.8 192714.0
47625.4 192914.0
47625.4 193438.0
46805.0 191587.0
44511.8 188303.0
43946.3 186896.0
42967.8 185589.0
39942.1 184153.0
38732.1 181802.0
37101.3 177029.0
36471.2 173144.0
36886.4 170561.0
35808.8 167360.0
32728.6 164047.0
26910.0 160959.0
25684.3 160162.0
23478.0 156702.0
23485.8 156851.0
21683.5 155711.0
20564.7 153040.0
18271.6 153044.0
17897.5 152639.0
16795.5 152338.0
16670.8 151630.0
16153.2 151780.0
15665.6 151635.0
15657.8 149909.0
14530.1 150101.0
14313.0 150188.0
14112.7 152098.0
13561.6 152247.0
4434.55 152670.0
-1025.67 152516.0
-1012.31 151646.0
-58.3046 151552.0
655.253 151926.0
846.723 151281.0
850.062 150038.0
2067.9 150746.0
2430.8 151190.0
3043.06 150980.0
4342.15 151014.0
39750.7 259655.0
27719.2 211380.0
-4724.82 211380.0
5146.99 156012.0
4444.57 155999.0
4522.49 153189.0
4815.26 152773.0
4776.3 152554.0
4561.45 152425.0
4451.25 152049.0
5143.66 150640.0
4692.81 150940.0
4715.08 150700.0
4761.83 151107.0
6677.64 150902.0
5767.04 150902.0
5797.1 147489.0
-3834.26 140717.0
6292.47 147434.0
6240.15 147026.0
6267.98 147449.0
5774.84 147505.0
5819.36 149366.0
7529.23 149388.0
7601.59 150762.0
4528.06 150962.0
3850.12 150985.0
3844.56 150651.0
3821.18 151000.0
2199.25 150811.0
286.786 149620.0
217.768 149348.0
-107.285 149615.0
-477.979 149415.0
-450.149 148553.0
546.16 148476.0
607.386 147037.0
1790.71 147033.0
1804.07 146928.0
3126.55 147082.0
3128.77 148097.0
13655.1 116075.0
3175.53 148240.0
3854.58 148329.0
3805.59 149377.0
1249.7 149404.0
1230.78 149776.0
1344.32 149705.0
1288.66 150268.0
1194.04 150161.0
1277.53 150951.0
1319.83 150844.0
1099.42 159808.0
646.348 159768.0
644.121 159218.0
709.8 159274.0
665.272 158566.0
702.007 157953.0
4266.46 158169.0
4442.34 158859.0
4461.27 156001.0
5007.85 155999.0
4557.0 156221.0
4372.21 154340.0
4210.8 154019.0
3067.55 154358.0
3128.77 152715.0
8681.39 152414.0
10038.4 152503.0
10542.7 152870.0
10882.2 152543.0
14146.1 152225.0
14210.6 151163.0
14781.7 151290.0
14808.4 150922.0
14753.9 151312.0
14158.3 151114.0
14318.6 150123.0
15145.7 150079.0
14310.8 150132.0
14116.0 152154.0
14057.0 155030.0
13425.8 155026.0
14099.3 155041.0
14166.1 151212.0
16205.5 151857.0
16626.3 151849.0
16879.0 152494.0
17522.4 152610.0
18136.9 153362.0
18917.2 153271.0
18982.9 153104.0
20636.0 153138.0
21221.5 154632.0
21699.1 155756.0
23728.4 157036.0
25969.3 160496.0
33023.6 164303.0
36076.0 167872.0
33143.8 102327.0
32481.5 95320.5
38670.9 172565.0
37960.6 179694.0
38403.7 181063.0
39070.5 186625.0
47720.0 192429.0
47726.7 192879.0
47615.4 193446.0
47055.4 192095.0
46452.1 192162.0
47063.2 192102.0
47632.1 193402.0
47651.0 192856.0
47721.1 192462.0
47715.6 192418.0
47740.1 192848.0
47632.1 193052.0
47617.6 193426.0
46691.4 191405.0
46078.1 190474.0
46070.3 189753.0
46682.5 189840.0
45032.8 189294.0
43841.6 186769.0
42196.3 184837.0
40083.5 184343.0
40206.0 184603.0
39359.9 183230.0
38737.7 181742.0
39054.9 181359.0
39015.9 181270.0
39092.8 181468.0
38700.9 181724.0
36569.1 174736.0
36471.2 173175.0
36844.1 170370.0
35998.1 167700.0
35403.6 166821.0
32642.9 163994.0
25784.5 160307.0
23645.0 156918.0
21661.2 155682.0
20617.1 153033.0
18763.6 152973.0
18218.1 153011.0
17614.8 152298.0
16745.4 152058.0
16674.1 151619.0
15966.1 151782.0
15666.7 151613.0
15650.0 149909.0
14291.9 150154.0
14104.9 151234.0
14191.7 156010.0
15090.1 155961.0
15897.1 165964.0
14188.4 166313.0
14090.4 166013.0
14175.0 166340.0
12471.8 166696.0
12368.3 166576.0
10520.4 166587.0
8781.58 164777.0
9382.7 163437.0
9115.53 163156.0
8541.13 156010.0
3045.28 155945.0
3098.72 154429.0
4626.02 154358.0
2168.09 154485.0
1278.64 154353.0
1351.0 152532.0
1199.61 152643.0
20.7322 152572.0
37.4301 151579.0
716.479 151648.0
1188.47 151659.0
1316.49 151368.0
1336.53 150272.0
2394.06 150958.0
4375.55 151163.0
4314.32 153084.0
4428.98 154335.0
4481.3 154347.0
4344.38 156005.0
2780.34 156012.0
2490.91 155983.0
1292.0 155921.0
1249.7 145392.0
1225.21 148128.0
576.216 148184.0
542.821 146973.0
-1763.72 146933.0
-1905.09 146895.0
-3687.32 146973.0
-3834.26 144390.0
-4650.23 144377.0
-4600.14 143687.0
-2094.34 143493.0
-1849.44 143909.0
-1522.16 154431.0
-720.656 155030.0
-636.053 158227.0
-619.355 157976.0
644.121 157991.0
759.894 158599.0
1189.59 158661.0
1167.32 160385.0
640.782 160369.0
670.838 159817.0
1172.89 159917.0
1217.42 160725.0
1316.49 159841.0
1956.58 159819.0
2007.79 158192.0
4156.25 158053.0
4361.08 158336.0
4451.25 158833.0
4550.32 143230.0
4668.32 143099.0
5067.96 142818.0
5095.79 142518.0
5597.84 142469.0
5497.65 142030.0
4943.28 142213.0
4954.41 142507.0
4397.81 142447.0
4182.97 141779.0
4394.47 143644.0
4483.53 146937.0
4912.11 146944.0
7472.46 145590.0
8424.24 145267.0
10823.2 145140.0
10921.1 144421.0
11308.5 143549.0
11338.6 143248.0
12136.7 143141.0
11275.1 143419.0
11299.6 143664.0
10815.4 144550.0
10773.1 145189.0
5828.27 146403.0
4384.46 147066.0
4347.72 152321.0
3872.39 153222.0
1306.47 152788.0
1049.32 152548.0
594.028 152561.0
612.952 151475.0
743.196 151947.0
872.326 151704.0
978.08 152209.0
1191.81 152020.0
1322.06 150279.0
2104.63 150813.0
4728.43 151063.0
8452.07 150680.0
11110.4 150940.0
12559.8 150833.0
10498.1 150856.0
8012.36 150700.0
5069.07 150991.0
5040.13 150802.0
4696.15 155834.0
4372.21 153596.0
4358.85 142197.0
4262.0 141516.0
5049.03 140510.0
5440.88 142030.0
4941.05 142206.0
4929.92 142487.0
4400.04 142462.0
4182.97 141763.0
4366.65 142807.0
4347.72 146982.0
2552.14 147033.0
4381.12 147071.0
4623.79 152038.0
4846.43 152127.0
4956.64 152427.0
5015.64 152327.0
4633.81 152031.0
4455.7 151975.0
4553.66 151036.0
4711.74 150936.0
5394.12 151003.0
6872.45 150951.0
7921.08 150755.0
8071.36 152543.0
7288.78 152672.0
