-8187.97 143658.0
-9581.69 144283.0
-10514.5 146392.0
-10417.7 153501.0
-13494.6 155173.0
-14331.7 155001.0
-12615.1 151399.0
-11768.0 151390.0
-10513.4 150441.0
-10130.5 147797.0
-10406.6 146093.0
-10544.6 146369.0
-10383.2 151869.0
-11289.3 157900.0
-11621.1 165307.0
-10369.8 165069.0
-8180.17 164114.0
-3301.04 164080.0
-2172.26 162208.0
-647.185 160707.0
-38.2671 159817.0
-608.223 156486.0
-1129.2 156413.0
-545.884 157352.0
-1535.51 152962.0
-1738.12 148173.0
-2174.49 145363.0
-686.147 145354.0
1259.72 146681.0
-1865.02 147057.0
-1583.38 153302.0
-3529.25 154360.0
-3475.81 156001.0
-2540.73 154932.0
520.557 153612.0
4447.91 150070.0
4985.58 142487.0
4702.83 142484.0
4296.51 152997.0
4450.13 151938.0
4140.67 149368.0
3161.06 147618.0
4454.59 146303.0
1451.19 137707.0
-2583.03 134696.0
-8232.49 134883.0
-10218.4 133679.0
-10485.6 133717.0
-10805.1 134768.0
-11201.4 139439.0
-12814.4 139463.0
-14905.0 139966.0
-15314.6 140236.0
-15685.3 142475.0
-15963.6 145733.0
-16371.1 146730.0
-18191.1 147345.0
-15637.5 147313.0
-15601.8 143551.0
-14868.2 143057.0
-14123.5 141596.0
-14274.9 139989.0
-13840.8 139592.0
-9570.56 139439.0
-7643.61 137695.0
-7030.24 135785.0
-8034.35 141587.0
-7237.3 139710.0
-6592.76 140483.0
-7233.96 139650.0
-6706.3 140481.0
-7589.07 140634.0
-7465.5 141458.0
-7911.89 143032.0
-5341.53 143613.0
-1624.57 145425.0
-1764.83 146298.0
-1949.62 141320.0
-624.921 141051.0
-833.088 141273.0
-1138.1 139481.0
-2074.3 139657.0
-2804.56 139192.0
-1250.54 140795.0
-585.959 140930.0
2697.97 144893.0
1629.3 143306.0
1756.2 141249.0
4395.59 135714.0
6068.72 131168.0
8679.16 125070.0
10207.6 119911.0
12194.6 111811.0
12308.2 110574.0
14635.9 103759.0
19510.5 103505.0
20011.5 103057.0
14574.6 103759.0
12329.3 110148.0
11667.0 117669.0
8929.63 124226.0
5237.16 127182.0
4447.91 130834.0
1576.98 131154.0
2139.14 136484.0
560.632 141761.0
1217.42 152142.0
-3976.75 152695.0
-6035.05 154451.0
-10372.1 151508.0
-10082.6 149241.0
-8588.72 147394.0
-7870.71 146080.0
-7347.5 143094.0
-6116.31 143061.0
-4738.18 133908.0
-4120.35 132519.0
-2945.93 133650.0
-3201.97 136798.0
-1770.4 135899.0
-2923.67 134832.0
-6160.84 134850.0
-6913.36 134997.0
-3052.8 134759.0
-1617.89 135872.0
-1782.64 135892.0
-2844.63 138245.0
-2472.82 141287.0
7.37387 146922.0
-647.185 148493.0
-1568.91 146080.0
-1758.15 150428.0
1143.95 153512.0
1305.36 149693.0
2517.63 148810.0
3107.62 149277.0
3066.43 152879.0
2829.32 152726.0
3056.41 154320.0
1544.7 154327.0
1356.57 153169.0
636.329 141536.0
-954.427 134910.0
-7215.03 134950.0
-11239.2 133779.0
-12243.3 133801.0
-13201.8 133456.0
-12792.1 132820.0
-10912.0 132040.0
-10877.4 130500.0
-10599.1 145250.0
-11415.1 142707.0
-10592.5 140483.0
-10287.5 140073.0
-7477.75 139343.0
-3499.19 139169.0
-4358.58 141347.0
-5973.82 140425.0
-6972.36 140483.0
-7282.94 140823.0
-7219.49 140656.0
-6137.46 142277.0
-7225.05 140516.0
-6175.31 140973.0
-7230.62 140527.0
-6243.22 140447.0
-4847.27 137375.0
-4039.09 136021.0
-3628.32 131767.0
-3640.57 128503.0
-3790.85 130446.0
-3617.19 138978.0
-2059.83 139042.0
-384.471 138501.0
1869.75 134545.0
451.539 136716.0
-2214.56 139007.0
-11283.8 139445.0
-13799.6 139543.0
-14171.4 141057.0
-13848.6 148041.0
-12871.2 149765.0
-14380.7 152183.0
-14357.3 154957.0
-14877.2 153133.0
-14564.3 152837.0
-11908.3 152902.0
-11733.5 151590.0
-11829.2 147725.0
-10767.2 147859.0
-10391.0 150370.0
-7301.86 156284.0
-7315.22 156695.0
-6213.16 158167.0
-5806.84 157548.0
-3542.6 157301.0
-1665.76 155932.0
634.103 155206.0
1305.36 153852.0
4442.34 151448.0
4214.14 134908.0
10353.4 126713.0
15044.4 121510.0
15769.1 114837.0
15121.2 114367.0
15435.1 107804.0
18978.4 105640.0
19979.2 102717.0
20175.1 102746.0
20157.3 102768.0
20174.0 102788.0
19479.4 103496.0
14783.9 103736.0
12324.9 110053.0
9136.69 123502.0
6078.74 127031.0
4730.66 130106.0
2198.14 131101.0
1383.28 133354.0
1545.81 134625.0
2628.95 137528.0
344.672 139307.0
-1681.34 141262.0
-2112.15 143422.0
-8928.24 143778.0
-10564.6 145132.0
-10472.2 149221.0
-10030.3 150982.0
-9345.69 148669.0
-9092.99 145679.0
-9705.25 145486.0
-10264.1 142892.0
-9886.7 141888.0
-8324.89 139430.0
-6832.1 140565.0
-6218.73 137517.0
-7599.09 134944.0
-6220.95 140392.0
-7226.17 140127.0
-6200.91 138780.0
-4843.93 134879.0
-4172.67 132083.0
-3812.0 132043.0
-5262.49 134806.0
-14436.3 135382.0
-14860.5 136266.0
-13936.5 136996.0
-12600.7 137488.0
-12929.1 139013.0
-15676.4 142044.0
-15594.1 148269.0
-16562.5 147852.0
-18390.4 147536.0
-16297.6 146465.0
-15663.1 142426.0
-12920.2 139076.0
-12984.7 135509.0
-13104.9 135313.0
-13629.3 136159.0
-13294.2 136213.0
-13663.8 136108.0
-13907.6 136498.0
-12153.2 137506.0
-10781.7 140866.0
-7260.68 140271.0
-3965.62 139151.0
-1362.97 140561.0
-406.735 140619.0
-450.149 143315.0
-2.64489 146937.0
-765.183 149502.0
-1192.65 148970.0
-761.844 147006.0
1137.27 147173.0
626.31 141478.0
6131.06 131428.0
13534.9 124252.0
15405.1 115240.0
15253.7 116006.0
13347.9 117620.0
10020.6 119991.0
7849.83 122596.0
6795.64 126040.0
2437.48 126873.0
2341.74 128552.0
-771.863 134429.0
-4614.61 134792.0
-7710.41 138023.0
-10574.7 139405.0
-10596.9 140053.0
-7840.65 139911.0
-7235.07 140109.0
-6674.02 139367.0
-6114.08 142965.0
-4668.04 144488.0
-5549.7 145457.0
-1447.57 145423.0
437.067 146298.0
39.6565 145376.0
1178.45 142493.0
-878.729 139846.0
-196.341 140251.0
-540.318 142028.0
-3565.98 140120.0
-3648.36 137640.0
-5349.32 139033.0
-4768.23 138644.0
-4800.51 139038.0
-4773.8 138406.0
-3602.72 139479.0
-2798.99 142424.0
-2788.97 143310.0
-1683.57 145454.0
-28.2484 145350.0
1604.81 143346.0
4108.38 141674.0
4534.74 139844.0
5660.18 138481.0
6951.48 139942.0
9134.46 139942.0
8612.37 137183.0
4620.45 137453.0
4443.46 136896.0
3442.69 135460.0
2475.33 134627.0
1756.2 134754.0
584.009 136342.0
-2023.09 141536.0
-2697.69 143402.0
-7672.56 143638.0
-9086.32 143894.0
-10179.5 144575.0
-10555.7 145846.0
-11220.3 147120.0
-12530.5 147336.0
-13119.4 146029.0
-12393.6 146031.0
-11003.2 144860.0
-6217.61 138688.0
-7828.41 140302.0
-8843.64 140917.0
-11612.2 141447.0
-7909.67 141042.0
-6186.44 140478.0
-2566.33 143480.0
-1652.4 151824.0
-539.205 159694.0
-1295.06 161959.0
-515.828 157553.0
-1523.27 152712.0
-711.75 145270.0
-8199.1 147207.0
-10173.9 146027.0
-7896.31 143738.0
-6314.46 141888.0
-6308.89 142970.0
-6187.56 137744.0
-2292.49 134759.0
919.08 130482.0
2143.59 127637.0
5558.88 127131.0
8463.2 125673.0
10636.2 119435.0
12511.9 110556.0
12773.5 106864.0
16474.9 103723.0
19505.0 103514.0
20029.3 103075.0
20066.0 103275.0
19893.5 102547.0
14450.0 103750.0
12194.6 111640.0
11118.2 118773.0
8533.33 125392.0
4982.24 128752.0
3152.15 130952.0
1688.3 131145.0
1399.98 131704.0
1923.18 132846.0
1266.4 132869.0
-3312.17 134737.0
-10625.9 135091.0
-13512.4 139521.0
-15589.6 148282.0
-14272.7 155110.0
-12863.4 149573.0
-14031.1 143600.0
-12565.0 140663.0
-11574.3 141614.0
-10947.6 145238.0
-10568.0 145508.0
-8713.4 143649.0
-7955.31 141603.0
-6217.61 140409.0
-6261.03 145149.0
-6011.67 146568.0
-6917.81 147106.0
-5242.45 146962.0
-4096.98 147093.0
-2732.2 145920.0
-1798.23 143869.0
-1999.72 142727.0
-161.832 140884.0
1256.38 146746.0
4159.59 146999.0
5327.33 147512.0
5857.21 147467.0
4489.1 146975.0
2536.55 146995.0
2192.58 147353.0
1920.96 147414.0
1397.75 146999.0
-752.938 147017.0
-1556.66 145924.0
-626.034 145782.0
-721.769 147821.0
-1108.05 149170.0
-1633.48 149070.0
-2991.57 151054.0
-3550.4 151283.0
-3608.28 155150.0
-3990.11 155576.0
-3270.99 154407.0
679.744 153610.0
2690.17 154380.0
1607.03 154355.0
1358.79 153449.0
1276.42 147327.0
-1578.93 146247.0
-1563.34 147062.0
-4101.43 143557.0
-15710.9 140481.0
-17420.8 141507.0
-18591.9 140291.0
-16777.4 141302.0
-14515.4 149210.0
-12303.4 151283.0
-11430.7 152394.0
-10831.8 151470.0
-12437.0 149393.0
-14774.7 149181.0
-18048.6 149653.0
-15513.9 149079.0
-13929.8 147282.0
-13973.2 144065.0
-10283.0 140058.0
-8977.22 139470.0
-7193.88 140628.0
-7778.31 139739.0
-9408.03 138797.0
-9443.65 138256.0
-10631.4 137450.0
-11321.6 133755.0
-10812.9 133516.0
-9124.16 133617.0
-9034.0 135752.0
-8189.08 136589.0
-7487.77 136157.0
-6271.05 138880.0
-6258.8 145312.0
-6078.46 145561.0
-5253.59 145419.0
-904.333 145368.0
-1890.62 143553.0
-1237.18 141242.0
-207.473 141396.0
1268.62 143014.0
2399.63 146788.0
3137.68 147986.0
1293.11 146058.0
2567.72 135930.0
2287.2 135500.0
1584.77 135473.0
-196.341 138105.0
-2830.16 138190.0
-2870.23 139053.0
-439.017 140447.0
-136.228 137920.0
-947.747 137471.0
226.673 137206.0
-1253.88 139332.0
-1793.78 138973.0
-2845.74 136613.0
-2816.8 138179.0
-5263.6 139216.0
-13126.1 139488.0
-12834.4 141674.0
-5210.17 139263.0
-4312.94 139278.0
-904.333 135278.0
-924.37 127478.0
-249.774 125074.0
1873.09 128440.0
1955.46 132434.0
2883.87 135204.0
2559.93 135269.0
2682.38 135433.0
591.801 141106.0
17.3926 144003.0
-1841.64 146202.0
-1337.37 154589.0
-3537.04 156050.0
-6964.57 156822.0
-9317.86 156825.0
-10747.2 158065.0
-10880.8 152036.0
-8953.85 151321.0
-7786.1 143319.0
-7183.87 140550.0
-5133.36 139234.0
-4296.24 139080.0
-2932.57 139138.0
-1663.53 141142.0
-355.528 141669.0
596.254 141845.0
1229.66 149255.0
3100.94 151054.0
2799.27 150967.0
1130.59 146993.0
-1368.54 147015.0
-2672.09 151047.0
-3645.02 155157.0
-3596.04 152309.0
-1823.83 145323.0
-1765.95 141908.0
-570.374 141195.0
-160.719 141284.0
572.877 143582.0
-719.542 147215.0
-1789.32 145361.0
-858.692 154814.0
-3569.32 160950.0
-7870.71 165556.0
-8711.17 163497.0
-6622.82 160914.0
-1072.43 161093.0
-1592.29 153131.0
-1784.87 143551.0
2293.88 138205.0
4776.3 133657.0
8026.83 126969.0
10257.7 119853.0
12520.8 110562.0
17987.7 106005.0
20250.8 110629.0
20361.0 109353.0
20450.1 110611.0
19969.2 109465.0
21184.8 110656.0
19988.1 106417.0
19934.7 102788.0
20181.8 102819.0
20178.5 102688.0
19385.9 103491.0
14478.9 103759.0
12360.5 109763.0
11687.0 117573.0
9162.29 123444.0
5673.54 127107.0
4711.74 130384.0
1954.35 131586.0
1402.21 134932.0
1570.3 134621.0
1454.53 134714.0
1593.68 134623.0
1949.9 132893.0
4976.68 131286.0
11350.8 126007.0
15383.9 116680.0
15674.5 116482.0
15902.7 119784.0
13410.2 124811.0
12047.7 125766.0
8606.8 126860.0
5529.93 127113.0
4584.83 130558.0
2594.44 131061.0
1929.86 133020.0
1574.75 132844.0
464.897 132895.0
-5210.17 134801.0
-6726.34 135821.0
-5410.55 137435.0
-4296.24 139857.0
-4337.43 140703.0
-3683.98 139926.0
-3458.0 146706.0
-3759.68 143580.0
-4741.52 140717.0
-3923.32 140679.0
-4684.74 142959.0
-5893.67 145410.0
-4481.03 145385.0
-2800.1 140741.0
-3860.98 140705.0
-4695.87 143431.0
-4617.95 146957.0
-5281.42 149253.0
-5245.79 151855.0
-4873.99 149395.0
-4867.31 147763.0
-4622.4 146073.0
-2734.43 144063.0
-2013.07 141356.0
-529.186 140298.0
-2173.37 139087.0
1251.93 146861.0
649.687 147634.0
660.819 147231.0
39.6565 145944.0
-81.6817 143424.0
1274.19 145559.0
1320.94 149595.0
1307.59 148801.0
-933.276 139728.0
1403.32 133441.0
1000.34 132100.0
826.685 135531.0
-634.94 138953.0
-2052.04 139078.0
-557.016 142106.0
-1258.33 140892.0
-453.489 143640.0
-1971.89 142411.0
-1764.83 148658.0
-590.412 157397.0
-3157.44 158060.0
-1541.08 155956.0
-616.015 155518.0
-1538.85 151617.0
34.0905 150593.0
1201.83 150143.0
1866.41 148255.0
1234.11 146964.0
596.254 144662.0
-632.713 142656.0
-2750.01 141349.0
-3616.08 140000.0
-4684.74 140414.0
-2820.14 139372.0
-3963.39 140681.0
-5889.22 140374.0
-7576.82 140596.0
-7858.46 146467.0
-7373.11 153610.0
-6190.9 156001.0
-7223.94 156851.0
-6944.53 160770.0
-7064.75 163673.0
-10081.5 164550.0
-9765.36 161954.0
-7317.45 161010.0
-3659.49 160469.0
-2144.43 158045.0
-2139.98 157150.0
-1253.88 152657.0
3005.21 152884.0
3114.3 147565.0
9087.7 145270.0
5800.44 146454.0
3596.31 147015.0
-1103.59 147022.0
-1230.5 145900.0
2356.22 133675.0
3190.0 131867.0
3363.66 129636.0
1883.11 127877.0
1120.57 123280.0
60.8072 120806.0
1285.32 120205.0
5212.67 119245.0
9973.81 119984.0
11930.8 114919.0
13301.1 105891.0
20184.0 102783.0
19916.9 102924.0
22322.5 103235.0
30917.5 102378.0
36199.6 100421.0
41765.5 98847.1
47272.5 98083.5
47382.7 99074.2
45066.2 98119.1
40197.0 99047.5
34239.2 101448.0
23947.7 103318.0
22479.4 103264.0
19949.1 102766.0
20051.6 103044.0
17249.6 103696.0
13276.7 105642.0
12051.0 113365.0
10039.5 120294.0
6889.14 124644.0
4017.1 127376.0
1945.45 128712.0
1410.0 132826.0
2193.69 137845.0
2090.16 144904.0
717.592 143691.0
155.429 142638.0
-994.502 145323.0
-4167.11 143553.0
-10532.4 145877.0
-10411.0 149969.0
-8835.85 149184.0
-7661.43 149464.0
-1051.27 149081.0
-60.531 149449.0
1302.02 145034.0
4110.61 141641.0
5755.91 140107.0
5454.24 141614.0
5774.84 148936.0
4233.06 152619.0
-575.94 157535.0
-3186.38 162065.0
-1548.87 163421.0
-1861.68 161700.0
-542.544 159957.0
-190.775 159817.0
2258.25 159806.0
1964.37 158570.0
1830.79 160897.0
-1258.33 163584.0
-1222.71 166474.0
-470.187 165719.0
-2247.96 163744.0
-7055.85 164042.0
-6894.43 161017.0
-4059.13 162175.0
-3013.84 164000.0
-1325.12 163695.0
-1281.71 162103.0
-7.09767 159828.0
1247.47 156268.0
363.596 149112.0
-1281.71 149210.0
-2104.36 143573.0
-2013.07 142377.0
-1269.46 142300.0
24272.8 -151684.0
896.817 142164.0
773.252 142164.0
1277.53 150257.0
1208.51 151568.0
597.367 148217.0
-1632.36 149420.0
-3599.38 151098.0
-3503.64 154765.0
-3678.41 147135.0
-2760.03 145396.0
385.86 141828.0
-1728.1 138971.0
-2835.73 138570.0
-1614.55 134723.0
772.139 135351.0
1403.32 133341.0
2178.1 131967.0
4402.27 130141.0
9455.06 127349.0
15411.8 120839.0
15840.3 114300.0
15088.9 118019.0
13416.9 116195.0
15373.9 117596.0
15136.8 115024.0
15488.6 115175.0
15586.5 114908.0
15961.7 114681.0
15909.4 114178.0
14562.4 122320.0
7147.41 129580.0
1052.66 140583.0
-5279.19 143591.0
-10568.0 145209.0
-9115.26 145641.0
-9693.01 144724.0
-10544.6 147262.0
-10422.1 153527.0
-11999.5 158127.0
-12654.1 159289.0
-11250.4 157190.0
-10447.8 149337.0
-6960.11 143635.0
-4065.81 145365.0
-2738.88 143985.0
-1739.23 149524.0
-493.564 158521.0
-3187.5 162137.0
-4020.17 163909.0
-2958.18 165563.0
-1311.76 163695.0
1229.66 161409.0
1294.23 150905.0
0.694696 143847.0
-1167.05 141934.0
782.158 140979.0
6371.51 130653.0
9249.12 123197.0
11909.7 115244.0
12740.1 107038.0
17829.6 103696.0
20032.6 103142.0
20187.4 102774.0
16480.4 103703.0
12387.2 109371.0
11187.2 118709.0
9052.08 123903.0
5131.41 127202.0
1925.41 127668.0
1420.02 131709.0
1414.45 133329.0
2060.11 137105.0
-1885.06 145657.0
-2107.7 148015.0
-2687.67 148064.0
-2325.88 144602.0
-2784.52 143533.0
-6181.99 139944.0
-6917.81 137377.0
-4816.1 138161.0
-5377.15 138254.0
-4729.27 140772.0
-3527.02 141805.0
-1636.82 145465.0
2345.08 144488.0
1997.77 143094.0
5366.29 141264.0
4421.19 139599.0
4310.99 136622.0
3388.15 135237.0
4408.95 138655.0
1781.81 141093.0
455.991 146997.0
-1696.93 147008.0
-1582.27 153269.0
-1179.29 161032.0
-10466.7 161248.0
-9215.45 161313.0
-1192.65 160625.0
-1358.52 159543.0
-2316.98 156537.0
-1691.36 154335.0
-1757.04 148562.0
-1152.58 145319.0
-3108.46 143500.0
-8985.01 143809.0
-9681.87 142841.0
-8698.92 143740.0
-4802.74 143615.0
-1781.53 145439.0
1257.49 145203.0
1222.98 151617.0
964.721 153262.0
4126.2 141663.0
4811.92 140852.0
5866.12 138499.0
4846.43 138463.0
4122.86 136502.0
2350.65 134821.0
1758.43 134861.0
2231.54 138904.0
8228.32 128207.0
15398.4 120866.0
15186.9 114946.0
12786.9 118226.0
10357.9 119679.0
8389.73 125842.0
3540.65 127430.0
2153.61 127625.0
903.496 128763.0
-7171.62 127171.0
-7336.37 132773.0
-7141.56 134356.0
-7679.24 137246.0
-4843.93 139236.0
-4675.84 142858.0
-4910.72 147057.0
-4996.44 154351.0
-7343.05 154378.0
-7613.56 151581.0
-5682.17 149299.0
-3018.29 149106.0
-1780.42 146160.0
609.612 145327.0
2091.27 141979.0
-985.596 143742.0
-2685.44 141309.0
-3354.47 141814.0
-3589.36 141336.0
-5696.64 143611.0
-6264.37 144519.0
-6380.14 143611.0
-7920.8 143065.0
-7806.14 147086.0
-5471.77 147089.0
-5446.17 149284.0
-4610.16 146681.0
-4739.29 140819.0
-5422.79 137368.0
-6461.4 136137.0
