5575.57 95752.4
5423.07 103206.0
4059.4 111184.0
68.5996 113931.0
-544.771 114187.0
-2787.86 117858.0
-3721.83 118853.0
-4220.54 120675.0
-3822.02 124965.0
-1940.72 126107.0
-1952.96 126779.0
-3932.22 126290.0
-5103.3 124152.0
-3686.21 124967.0
-3468.02 123841.0
-3991.22 125913.0
-4040.2 122623.0
-2495.09 118065.0
-2194.53 117700.0
-3197.51 118464.0
-4283.99 120376.0
-4181.58 120298.0
-4949.68 121688.0
-3749.66 130705.0
-9408.03 137508.0
-8928.24 138486.0
-8722.3 143537.0
-8179.06 143709.0
-7715.97 136725.0
-7602.43 137413.0
-7951.97 139189.0
-12939.1 139436.0
-12737.6 142821.0
-11293.8 143382.0
-10855.2 146004.0
-11506.4 148015.0
-10912.0 148175.0
-10766.1 150250.0
-10875.2 152719.0
-10742.7 150802.0
-11753.5 149466.0
-13696.1 149270.0
-15627.4 143054.0
-18615.3 127619.0
-19211.9 127570.0
-18154.4 129304.0
-17871.6 132495.0
-17371.8 133652.0
-13528.0 135416.0
-5639.86 134928.0
306.823 136244.0
3604.11 135843.0
3387.03 133721.0
3648.63 135665.0
455.991 141449.0
-1302.86 139289.0
-1752.59 135943.0
-1733.66 136286.0
-3233.14 135932.0
-3187.5 134806.0
-6200.91 140434.0
-6753.06 140465.0
-7589.07 139521.0
-7229.51 140002.0
-8028.78 143571.0
-8565.34 143622.0
-8656.62 143466.0
-8669.98 144637.0
-9136.41 146739.0
-9507.1 149965.0
-8770.17 152984.0
-5190.13 152806.0
-2566.33 152982.0
-2608.63 152530.0
-2831.27 153398.0
-2889.16 152668.0
-2853.54 153009.0
-4312.94 154340.0
-8357.17 154574.0
-8435.1 156867.0
-6723.0 156856.0
-8412.83 155787.0
-8386.12 155230.0
-9138.64 154571.0
-11554.3 156776.0
-14810.4 157232.0
-14709.1 158401.0
-15058.6 155157.0
-14532.1 155175.0
-14364.0 155360.0
-10089.3 154656.0
-6745.27 154460.0
-5413.89 152795.0
-2614.2 153222.0
-2010.85 153042.0
-2318.09 152926.0
1313.15 152011.0
1298.68 142863.0
1605.92 142654.0
1323.17 141959.0
-4123.69 139140.0
-7980.91 135026.0
-11002.1 126432.0
-14400.7 117462.0
-13623.7 116375.0
-12287.9 116093.0
-13248.6 114699.0
-13956.5 118778.0
-9894.49 129420.0
-7790.56 139370.0
-6863.27 140516.0
-6109.63 143475.0
-7930.82 143653.0
-10436.6 151005.0
-14957.3 155170.0
-26471.1 155593.0
-31547.2 160476.0
-32000.3 161914.0
-31854.5 157673.0
-27865.9 156989.0
-26222.8 154271.0
-23312.9 153647.0
-21517.4 152895.0
-22818.7 153598.0
-20858.4 152846.0
-19321.0 152862.0
-14151.4 155299.0
-14061.2 155090.0
-11078.9 161500.0
1260.83 157684.0
1628.19 157000.0
1235.23 157568.0
2760.3 160914.0
1228.55 159717.0
1322.06 149593.0
569.537 148206.0
-725.108 147687.0
-1563.34 147594.0
-713.976 147652.0
-4791.61 147080.0
-9121.94 147304.0
-5241.34 145450.0
-708.41 146902.0
-708.41 147681.0
-10173.9 146078.0
-9133.07 145450.0
-6836.55 144789.0
-4243.92 145430.0
-2514.01 145368.0
78.6183 143923.0
1404.43 141801.0
114.241 143119.0
4410.06 135716.0
5666.86 131889.0
24590.1 104805.0
24584.5 104865.0
24397.5 105878.0
18997.4 105985.0
13281.1 105838.0
12070.0 113089.0
9785.68 119900.0
7046.11 122839.0
8811.63 124442.0
8030.17 124551.0
6950.37 124268.0
8375.26 119265.0
11722.6 117362.0
13679.6 106036.0
15829.2 104776.0
11423.2 108514.0
11955.3 111388.0
14994.3 117950.0
12521.9 117019.0
12600.9 115240.0
12311.5 116213.0
12429.5 119274.0
14218.4 122549.0
462.671 141658.0
-1711.4 152269.0
-2355.94 153300.0
-3273.21 150989.0
-4076.94 152292.0
-4151.52 152194.0
-2335.9 153124.0
-2475.05 152750.0
-2294.71 152672.0
-3932.22 152597.0
-3552.62 150811.0
-1580.04 147581.0
-6175.31 140503.0
-7255.11 140205.0
-7847.33 140374.0
-7494.45 138495.0
-6119.65 143161.0
-6027.26 146690.0
-5899.24 147095.0
-4407.56 147968.0
-4605.71 147498.0
-4684.74 143306.0
-2825.71 139049.0
-2844.63 138132.0
-1190.42 140993.0
-1548.87 140398.0
-1971.89 143337.0
-1832.74 148928.0
-1135.88 149420.0
-1023.44 151811.0
-2191.19 152630.0
-4846.16 152614.0
-4862.85 153162.0
-4587.89 151341.0
-4781.59 150435.0
-4828.34 153694.0
-4229.45 155958.0
-3299.93 158002.0
-3131.84 163900.0
-2419.39 165352.0
-2961.52 165145.0
1091.63 161919.0
4862.02 160952.0
7106.22 162270.0
8478.79 164508.0
7108.44 163012.0
6146.64 163559.0
5561.1 163021.0
4450.13 156773.0
3055.3 156023.0
3055.3 154445.0
1330.96 154340.0
390.313 152632.0
-2361.5 152697.0
-2040.9 152668.0
1260.83 153850.0
-258.68 158588.0
-239.755 159795.0
643.008 159692.0
874.553 159806.0
209.975 160859.0
1181.79 159803.0
2384.04 161658.0
2610.02 163664.0
1266.4 155046.0
35.2037 152414.0
-332.151 152565.0
-1027.9 151648.0
-632.713 153480.0
-987.822 153131.0
-1484.31 154491.0
-502.469 158639.0
-3243.16 160914.0
-6975.7 159619.0
-8267.0 158966.0
-8280.36 159258.0
-6937.85 161611.0
-7098.15 166721.0
-6048.41 167574.0
-5928.18 166785.0
-7046.94 164383.0
-15249.0 162655.0
-14627.8 155204.0
-14425.2 155311.0
-14725.8 155108.0
-13838.5 156003.0
-12695.3 155055.0
-12901.2 155063.0
-15629.7 163390.0
-15891.3 163375.0
-15668.6 161896.0
-15500.5 153171.0
-15405.9 155104.0
-14369.5 153509.0
-11648.9 152897.0
-9155.33 154402.0
-9549.4 154578.0
-8234.72 152993.0
-8428.42 152131.0
-7587.95 150448.0
-6352.31 149375.0
-3689.55 148166.0
-2108.81 147055.0
-1560.0 153734.0
-2144.43 152652.0
-1818.27 145937.0
-7344.17 143615.0
-11878.2 146162.0
-12840.0 152073.0
-8529.72 152913.0
-1336.25 152637.0
5770.38 152717.0
11628.0 152479.0
14152.7 152701.0
14040.3 154131.0
14100.4 151648.0
15572.1 149428.0
14193.9 151165.0
11012.4 150911.0
8494.37 151617.0
5890.61 150918.0
5800.44 147492.0
6020.85 147496.0
4425.64 142943.0
-2078.75 134659.0
-11255.9 135200.0
-16096.1 135741.0
-16040.4 136119.0
-14936.2 135462.0
-5475.11 134906.0
2648.99 139318.0
4421.19 141373.0
5282.8 140198.0
6086.53 138517.0
5318.43 132944.0
14727.2 122053.0
15867.1 114329.0
15397.3 115590.0
15217.0 118695.0
7373.38 129193.0
1472.34 139828.0
-5456.19 143595.0
-10455.5 149437.0
-17036.8 161941.0
-18399.3 166207.0
-16402.2 163838.0
-10100.4 166011.0
-9797.65 166696.0
-7861.8 165527.0
-4709.23 164129.0
-2242.39 163822.0
-1745.91 162860.0
-1819.38 163056.0
-14359.5 169929.0
-16795.2 169039.0
-17987.4 167611.0
-17616.7 166981.0
-16168.5 167698.0
-14647.8 166037.0
-11478.6 164630.0
-10749.4 158481.0
-10817.3 156188.0
-11125.7 157323.0
-14199.2 155190.0
-4091.41 161262.0
-4220.54 162391.0
-3239.82 158842.0
-2597.5 153409.0
-2965.97 152637.0
-7420.98 152897.0
-22647.3 152806.0
-20621.2 151085.0
-21959.3 154674.0
-15739.9 149190.0
-14507.6 146679.0
-14516.5 145922.0
-13854.1 145833.0
-12825.5 141186.0
-3987.88 139194.0
-1335.14 140648.0
-1306.2 141226.0
-3563.76 141814.0
-2829.05 141638.0
-2772.27 143397.0
2387.38 139866.0
4408.95 135707.0
7086.18 129391.0
11107.0 118829.0
12631.0 107414.0
19044.1 106003.0
19009.6 105878.0
21578.9 106072.0
24573.4 104934.0
24562.2 104858.0
24592.3 105085.0
24672.4 104740.0
22158.8 103213.0
21300.6 104402.0
18502.0 105985.0
15347.2 105885.0
12385.0 109385.0
11828.4 116084.0
9657.66 119826.0
7687.31 122836.0
6886.92 122921.0
9201.25 123081.0
7168.56 129206.0
4174.06 131709.0
3192.22 131780.0
2258.25 133853.0
2328.39 134875.0
2051.2 136642.0
664.159 141068.0
-2374.86 138971.0
-2132.19 136923.0
-2141.09 137299.0
-2918.1 134688.0
-12962.5 135269.0
-14868.2 135803.0
-14858.2 137034.0
-16437.9 137925.0
-16574.8 137491.0
-14930.6 135536.0
-13022.6 136081.0
-12995.9 135743.0
-10761.7 135360.0
-9964.63 136324.0
-11107.9 135155.0
-13945.4 136375.0
-13644.8 136135.0
-12926.8 135999.0
-12883.4 135654.0
-8547.53 135077.0
-10284.1 128296.0
-11859.3 116235.0
-11127.9 115737.0
-12935.7 113116.0
-14439.7 113686.0
-11494.2 113633.0
-14356.2 113993.0
-14402.9 113797.0
-14919.5 116498.0
-11332.7 125704.0
-10924.2 129834.0
-11373.9 129845.0
-10944.2 130555.0
-7108.17 130569.0
-6679.59 134977.0
491.614 136469.0
4421.19 146418.0
2544.35 152603.0
2176.99 152082.0
2573.29 151902.0
596.254 151550.0
-16.0032 152296.0
-693.939 152688.0
-456.828 149983.0
-5.98447 149627.0
-1.53169 151454.0
-347.735 153135.0
-79.4553 152623.0
1507.96 154331.0
2145.82 151795.0
2549.91 152289.0
2280.52 152588.0
-5515.19 152795.0
-10456.7 148745.0
-11445.2 146948.0
-11519.8 147080.0
-10206.2 145681.0
-10151.6 146953.0
-10179.5 145566.0
-10667.1 145454.0
-11795.8 144270.0
-11888.2 143722.0
-6971.25 139330.0
-4762.67 138786.0
-4474.35 136137.0
-3311.06 135498.0
-2649.82 135663.0
-2893.61 135856.0
-2896.95 135073.0
-2469.48 134757.0
-2156.68 135478.0
-2840.18 138642.0
-2809.01 141015.0
-3554.85 143054.0
-3801.98 143422.0
-7143.79 143611.0
-7673.67 139285.0
-8440.66 138671.0
-8653.28 139443.0
-8336.02 140939.0
-8863.68 140316.0
-8608.75 136295.0
-8920.45 138662.0
-11329.4 137653.0
-8809.13 139423.0
-5500.71 139263.0
-5343.75 139630.0
-4341.88 139214.0
-3660.6 136317.0
-1829.4 135204.0
-1322.89 135912.0
-1490.99 135914.0
-4169.33 139138.0
-8873.7 139198.0
-8874.81 140507.0
-9898.95 142048.0
-8920.45 142785.0
-8740.11 143252.0
-6842.11 143647.0
-1799.34 146383.0
-3009.38 152479.0
-339.943 152855.0
16.2794 153280.0
19.619 148687.0
1038.19 147033.0
1260.83 154547.0
1207.4 157913.0
1022.61 158864.0
646.348 158995.0
718.705 158608.0
-1798.23 163666.0
-2190.07 162638.0
-1850.55 165287.0
-2962.63 165672.0
2389.61 160857.0
1157.3 161286.0
-4302.92 164056.0
-7033.58 162602.0
-6727.46 162293.0
-5607.58 164917.0
-5594.22 167291.0
-5622.05 162203.0
-3274.32 158425.0
-3513.66 154427.0
-2606.41 153031.0
-3357.81 154180.0
-4052.45 153990.0
-3494.74 156457.0
-3534.81 160460.0
-4105.88 160298.0
-4082.5 161743.0
-4728.16 164016.0
-5549.7 162415.0
-7050.28 165285.0
-8361.63 165628.0
-7820.61 165545.0
-10953.1 165336.0
-14299.4 166060.0
-15221.1 165897.0
-13785.1 165788.0
-13966.6 165465.0
-15555.1 156059.0
-14485.3 155333.0
-13600.3 155208.0
-10438.8 150628.0
-9495.97 143117.0
-8669.98 143985.0
-6292.2 145779.0
-7848.44 142974.0
-8897.07 134997.0
-12374.7 133801.0
-7749.37 138283.0
-6126.33 142780.0
-6056.2 145628.0
-6292.2 146156.0
-6165.29 145989.0
-3393.44 145410.0
-1197.1 147594.0
-715.09 147685.0
-727.335 148197.0
-734.014 147892.0
-711.75 148297.0
1247.47 150624.0
1951.01 158323.0
1607.03 159122.0
1406.66 157014.0
1349.89 152924.0
-450.149 148783.0
-717.316 147797.0
9.60025 151207.0
24567.8 104892.0
24501.0 104731.0
20088.3 106036.0
12224.7 111275.0
10484.8 119515.0
7836.47 122776.0
6957.05 124275.0
6978.2 124557.0
4978.9 128799.0
3656.43 130998.0
1877.54 132973.0
2003.33 133552.0
2905.02 131784.0
1659.36 131072.0
1875.31 131103.0
1829.67 135974.0
2595.55 139269.0
1503.51 140766.0
452.652 143762.0
351.351 142990.0
-601.544 145127.0
-2069.85 145719.0
-2283.58 146378.0
-2619.77 146376.0
-1750.36 146775.0
-1632.36 146109.0
-2713.27 146325.0
-2423.84 143524.0
-2000.83 143600.0
-1535.51 147434.0
833.364 147037.0
1703.88 148028.0
1398.87 146957.0
2080.14 144760.0
-623.808 140202.0
-1352.95 135954.0
-3490.28 137691.0
-4245.03 139116.0
-5378.26 138924.0
-5087.72 139123.0
-5574.19 139169.0
-8830.28 141725.0
-8773.51 142121.0
-9640.69 142787.0
-9949.04 143889.0
-13273.0 145920.0
-14730.2 145650.0
-15605.2 144016.0
-16996.7 133951.0
-19303.2 126007.0
-21230.2 122405.0
-22902.2 121886.0
-21127.7 123059.0
3814.5 129208.0
9666.57 127194.0
15601.0 120107.0
15862.6 114345.0
15419.6 116351.0
15533.1 116514.0
16009.6 114670.0
15844.8 121917.0
15970.6 123199.0
15802.5 121412.0
13339.0 124865.0
12678.9 129994.0
13601.7 138388.0
15478.6 145862.0
15677.8 149622.0
14092.6 151132.0
8556.71 150646.0
7614.95 152732.0
6155.55 152697.0
2946.21 152951.0
2797.04 152205.0
3061.98 152227.0
2594.44 151488.0
2437.48 152367.0
3874.61 151094.0
5641.25 151014.0
5978.55 151316.0
5985.23 151744.0
5637.91 150940.0
2502.04 150862.0
1877.54 148447.0
1868.64 147244.0
2440.82 146576.0
1310.93 143898.0
594.028 143397.0
-109.512 143709.0
-966.672 143562.0
-1740.34 145354.0
-263.132 146737.0
-44.9463 150573.0
-1144.78 151575.0
-1720.3 152659.0
-2197.87 153031.0
-2387.11 152715.0
1234.11 156486.0
1959.92 161366.0
2224.86 161678.0
1373.26 161072.0
-1807.13 146038.0
-6150.82 143557.0
-6321.14 142110.0
-6760.85 142286.0
-7734.9 143068.0
-4173.79 139176.0
-308.773 138357.0
267.861 139381.0
-1049.05 141885.0
-1159.25 141578.0
-3014.95 141580.0
-2094.34 141298.0
-1173.73 141861.0
-613.789 145132.0
-1773.74 149742.0
-1784.87 151633.0
-2599.73 152503.0
-2330.34 153376.0
-1623.46 152632.0
1922.07 154344.0
4162.93 154327.0
3084.24 153365.0
3164.39 151018.0
2240.44 151475.0
-897.654 155907.0
-2531.82 155012.0
-534.752 155484.0
-455.715 155807.0
-1163.71 149037.0
-737.354 148220.0
-2455.01 149083.0
-5813.52 149328.0
-8870.36 149197.0
-12925.7 149362.0
-17956.3 149083.0
-18589.7 148248.0
-18282.4 149117.0
-16944.4 149391.0
-20625.7 148110.0
-18430.5 148291.0
-17892.8 149139.0
-17299.5 149168.0
-17409.7 143482.0
-17670.2 144475.0
-18009.7 145074.0
-18171.1 142845.0
-16410.0 141144.0
-15900.2 135567.0
-15204.4 135647.0
-15434.9 136121.0
-15131.0 135959.0
-14785.9 137540.0
-8220.25 137402.0
-8958.3 137161.0
-8426.19 152274.0
-8323.78 151987.0
-8519.7 150397.0
-7905.22 152848.0
-11972.8 156771.0
-11976.2 157684.0
-18401.5 155148.0
-25667.4 154298.0
-19437.9 155170.0
-13776.2 157016.0
-14059.0 155104.0
-14170.3 155097.0
-13669.3 154476.0
-10758.3 148286.0
-8605.42 146999.0
-6135.24 143644.0
-6029.48 143052.0
-5383.83 143063.0
-7256.22 139534.0
-5984.95 143054.0
-7862.91 142613.0
-6217.61 139650.0
-4974.17 140710.0
-3953.37 139105.0
-4760.44 140579.0
-3692.89 147115.0
-3547.06 145583.0
-2961.52 145423.0
-1543.31 146434.0
-2503.99 146975.0
-3608.28 145412.0
-1595.63 145385.0
1073.81 142404.0
550.613 152617.0
-8693.36 144098.0
-8675.55 145114.0
-5508.51 143057.0
-2782.29 142055.0
-2791.2 141547.0
-4000.13 139131.0
-6020.58 138341.0
-5873.63 137767.0
-6558.25 138991.0
-4653.57 139203.0
649.687 141934.0
3714.31 137595.0
5994.14 131248.0
9252.46 123075.0
11993.1 114058.0
15204.7 105927.0
18793.7 106179.0
19005.2 105878.0
22929.2 106085.0
24587.8 104898.0
24405.3 105664.0
19804.4 106034.0
12101.1 112564.0
10225.4 119853.0
3211.15 131755.0
3035.26 132550.0
2471.99 132383.0
1906.48 129077.0
-331.037 127492.0
1107.21 124678.0
2697.97 122725.0
1103.87 124529.0
1855.28 127352.0
-771.863 125025.0
-2402.69 123059.0
-2669.86 123003.0
-3606.06 125513.0
-3610.51 138835.0
-282.057 140688.0
1276.42 150820.0
1733.94 152719.0
1897.58 152715.0
13243.3 124515.0
15858.2 114826.0
15872.6 114327.0
15198.0 115389.0
13395.8 116062.0
15458.5 118459.0
15210.3 115516.0
15328.3 115017.0
15363.9 115327.0
15976.2 114681.0
13507.1 124215.0
5098.01 131446.0
-3754.11 127285.0
-9465.91 127118.0
-11656.7 124736.0
-12884.5 119370.0
-12589.5 119236.0
-13743.9 120370.0
-11670.0 128946.0
-12371.4 133833.0
-9012.84 133726.0
-8231.38 132029.0
-7961.99 132884.0
-7034.7 134178.0
-1760.38 134690.0
3440.47 137085.0
4410.06 138927.0
4398.93 134970.0
8039.08 126966.0
11110.4 118818.0
12525.3 107871.0
21334.0 104126.0
20978.9 103071.0
20884.2 103164.0
20977.7 103057.0
22883.5 103251.0
25566.3 102694.0
25249.1 102897.0
21493.1 101548.0
21283.9 103097.0
20991.1 103024.0
22596.3 103249.0
24647.9 104723.0
24586.7 104876.0
24593.4 105041.0
24564.5 104887.0
21762.5 106041.0
15477.4 105894.0
12516.3 107975.0
9441.7 119907.0
9468.42 119762.0
3301.32 119181.0
1151.74 123300.0
1324.28 124126.0
1116.12 126624.0
1977.73 132690.0
-557.016 135195.0
-3825.36 143482.0
-10547.9 145499.0
-10781.7 149128.0
-11214.7 148896.0
-11761.3 148220.0
-13883.1 149259.0
-15578.5 152211.0
-15788.9 163368.0
-15630.8 163849.0
-15448.2 159396.0
-15871.2 150867.0
-16422.3 151092.0
-16392.2 151619.0
-12955.8 152877.0
-7661.43 152933.0
-3961.17 152737.0
-711.75 155088.0
-587.072 156733.0
-563.695 155535.0
-4454.31 150956.0
-4592.35 135611.0
-4747.08 135126.0
-9184.28 131201.0
-13601.4 119648.0
-12451.5 114436.0
-10978.7 113577.0
-10855.2 114267.0
-12605.1 112557.0
-13788.5 114138.0
-16564.8 115817.0
-15978.1 115316.0
-15324.7 119486.0
-13326.5 124261.0
-12081.9 123783.0
-8521.93 133040.0
-7939.72 139147.0
-8496.32 138726.0
-3717.38 138835.0
-3685.09 138386.0
-5360.45 138626.0
-5380.49 137827.0
-4674.72 142395.0
-4620.18 146999.0
-3485.83 151038.0
-3623.87 151011.0
-2633.12 150535.0
-2626.45 150800.0
-3590.47 151673.0
-3593.81 151350.0
-1918.45 149017.0
104.222 142291.0
6982.65 129890.0
15075.6 121494.0
15879.3 114341.0
15371.7 118653.0
11540.1 117996.0
8847.25 123026.0
6813.45 126327.0
4766.28 130460.0
3846.78 130306.0
3155.49 130629.0
4169.61 134652.0
5837.18 138521.0
5921.78 139757.0
4852.0 140254.0
4324.34 140127.0
4975.56 135725.0
5453.12 135709.0
3903.56 137272.0
1060.46 142377.0
-581.506 144715.0
-1120.29 146559.0
-1065.75 146356.0
1790.71 146979.0
3738.8 147040.0
3284.62 146975.0
2844.91 142280.0
1257.49 145216.0
511.651 152621.0
-3592.7 152668.0
-6053.97 153440.0
-8297.06 154534.0
-14399.6 155308.0
-14287.2 152325.0
-16484.6 152672.0
-17168.1 143504.0
-18024.2 141587.0
-18921.4 140795.0
-18010.8 141990.0
-17237.1 145457.0
-17496.5 145399.0
-18031.9 146258.0
-17223.8 147182.0
-15603.0 145492.0
-12296.8 139474.0
-12441.5 137502.0
-10438.8 141616.0
-10899.7 145330.0
-10633.7 142861.0
-9947.93 141605.0
-11223.6 159848.0
-7030.24 162235.0
-7413.18 163880.0
-7384.24 163214.0
-10648.1 161507.0
-10404.3 153403.0
-8550.87 143689.0
-24679.9 152855.0
-24297.0 150620.0
-21005.3 147997.0
-20639.1 148407.0
-20655.8 148810.0
-21182.3 150205.0
-20971.9 150562.0
-18823.4 150553.0
-18343.6 151174.0
-18565.2 150337.0
-15565.1 147732.0
-10914.2 145592.0
-2243.51 143442.0
-1556.66 154097.0
579.556 158082.0
1948.79 159750.0
1966.6 158399.0
-1475.4 158058.0
-4479.91 156691.0
-3479.15 156170.0
-3365.61 154209.0
-2771.16 153447.0
-1586.72 154213.0
-1779.3 147209.0
-2793.42 141779.0
-2885.82 136230.0
-3332.21 133536.0
-2240.17 133679.0
-2850.2 138439.0
-2722.18 146959.0
-3297.7 150749.0
-3169.68 147040.0
-2723.29 146748.0
-2752.24 143551.0
-7869.59 141042.0
-7424.32 134345.0
-9222.13 133592.0
-10857.4 130582.0
-11593.2 126548.0
-11884.9 130520.0
-9497.08 133036.0
-9864.44 136286.0
-9548.29 136286.0
-12228.9 133757.0
-12909.0 134656.0
-10889.7 134527.0
-10153.9 136273.0
-9911.19 136271.0
-7888.52 137377.0
969.174 145307.0
3424.88 148233.0
1332.08 147057.0
1309.81 143807.0
1205.17 149039.0
580.669 145784.0
2325.05 138519.0
3960.33 134300.0
3787.78 132570.0
3410.41 131833.0
1974.39 133067.0
2433.03 135843.0
-1779.3 134643.0
-1750.36 135965.0
479.369 136520.0
2097.95 136560.0
1281.98 143157.0
2360.67 147957.0
594.028 143867.0
1890.9 140930.0
1191.81 142242.0
3528.41 138675.0
2258.25 142119.0
2918.38 139071.0
690.876 142930.0
-1770.4 145327.0
-3727.4 145058.0
-1683.57 151822.0
3029.7 155974.0
4620.45 158521.0
3094.26 157900.0
2919.49 158045.0
-472.413 157964.0
-1700.27 149740.0
-542.544 146999.0
349.125 142903.0
3617.46 137820.0
6565.21 130317.0
24555.5 104927.0
22358.1 106067.0
18058.9 105989.0
12987.2 106250.0
12059.9 113210.0
10526.0 119510.0
8427.58 125706.0
5581.14 127113.0
2055.65 127643.0
1907.6 129952.0
1396.64 132759.0
1899.81 136756.0
4376.66 142807.0
5111.37 147471.0
5411.94 148197.0
4844.21 149333.0
3098.72 151065.0
3093.15 152416.0
1817.43 154318.0
34.0905 152608.0
-1799.34 146490.0
-6006.11 143582.0
-7851.78 144274.0
-8299.29 144891.0
-8682.23 143956.0
-10559.1 145207.0
-10407.7 154122.0
-14340.6 154460.0
-11345.0 152886.0
-7163.83 152913.0
-5661.01 153585.0
-2844.63 152715.0
-2826.82 153026.0
-2088.77 153391.0
-2851.31 153233.0
-2125.51 152670.0
4637.15 152897.0
5782.63 147507.0
6166.68 146383.0
5936.25 146118.0
4415.63 149707.0
168.787 152619.0
-2589.71 153256.0
-1989.7 153258.0
-2156.68 152686.0
-4236.13 154258.0
-9715.27 154667.0
-15411.5 155333.0
-13452.3 155126.0
-14652.3 157127.0
-14018.9 157949.0
-13491.2 154086.0
-10844.1 152594.0
-8792.43 143724.0
-2831.27 143655.0
-2488.41 140636.0
-2735.54 140632.0
974.74 142335.0
1264.17 152971.0
3053.08 153716.0
1725.03 154358.0
-83.9081 152561.0
-2555.2 152361.0
-3569.32 152494.0
-3557.08 150898.0
-3532.59 154418.0
-3176.36 157361.0
-2583.03 158058.0
-1007.86 154698.0
-1819.38 144018.0
-6297.76 142634.0
-6966.79 141939.0
-7001.3 142500.0
-7856.23 141469.0
-7378.67 140614.0
-11464.1 139450.0
-16177.4 135536.0
-18846.8 141391.0
-18429.4 141627.0
-15909.1 140743.0
-8547.53 142097.0
-8381.66 141892.0
-7957.54 143121.0
-8723.41 142979.0
