-3697.34 146719.0
-3666.17 148705.0
-4887.34 149103.0
-7537.86 149473.0
-8195.76 151775.0
-8117.84 149348.0
-7825.07 147325.0
-7898.54 145561.0
-6603.89 143671.0
-6120.76 141865.0
-5620.94 138308.0
-5536.34 138693.0
-6200.91 139379.0
-6004.99 140474.0
-5645.43 140982.0
-5329.28 140095.0
-4662.48 139207.0
-1438.67 139220.0
-847.56 139403.0
625.197 138655.0
573.99 139543.0
-125.096 139089.0
-3173.02 139058.0
-3466.91 139129.0
-1572.25 139087.0
238.918 141376.0
1280.87 145143.0
1493.49 149319.0
3073.11 149415.0
3134.34 148507.0
3596.31 147013.0
5008.96 146886.0
7488.04 145490.0
7643.89 143384.0
7333.31 141643.0
7488.04 139750.0
7876.55 139715.0
7306.59 141487.0
7469.12 143337.0
7486.93 149195.0
6236.81 150900.0
3402.62 148749.0
1313.15 143827.0
1177.34 142785.0
137.618 143878.0
-125.096 142337.0
184.372 139067.0
271.201 139185.0
-216.378 141992.0
-322.132 141999.0
-83.9081 140975.0
1281.98 144631.0
1260.83 153968.0
772.139 154741.0
643.008 154738.0
1333.19 154355.0
1332.08 153414.0
2388.5 152699.0
3467.18 151076.0
4561.45 151419.0
3910.24 151003.0
3535.09 149413.0
7049.44 149324.0
7488.04 145563.0
5744.78 145490.0
5770.38 146412.0
7489.16 144615.0
7480.25 143976.0
8989.74 141206.0
8963.03 140498.0
10217.6 139456.0
10179.7 139802.0
8622.39 140394.0
5922.89 131437.0
8072.47 126808.0
5275.01 127165.0
4701.72 128888.0
4984.47 129004.0
4514.7 130609.0
4151.8 129894.0
3025.25 129070.0
2527.65 129342.0
2381.82 129075.0
2528.76 129451.0
1954.35 129665.0
1694.98 131143.0
885.685 132058.0
-598.204 134681.0
-2215.68 133659.0
-2865.78 132579.0
-2508.45 131889.0
-2890.27 132902.0
-2918.1 134570.0
596.254 136357.0
2234.88 129099.0
2171.42 129694.0
2555.48 130664.0
2677.93 132746.0
2106.86 133659.0
3489.45 135605.0
2500.93 137729.0
2729.14 139416.0
4394.47 143631.0
4386.68 146835.0
5473.16 147494.0
5918.44 148990.0
5781.52 147781.0
6155.55 146238.0
7895.47 145299.0
10124.1 145241.0
11285.2 144452.0
10819.8 144773.0
7298.8 145581.0
5764.82 147756.0
5760.37 148939.0
4455.7 149219.0
4436.78 142760.0
4206.35 141594.0
1650.45 137891.0
2459.74 135901.0
3370.34 134429.0
3897.99 134278.0
3634.16 135701.0
3792.24 137457.0
4825.28 140227.0
5647.93 140645.0
4431.21 139354.0
4418.97 137012.0
7436.84 131938.0
6056.47 131784.0
8045.75 128658.0
9274.72 123010.0
9913.7 120668.0
11848.4 115961.0
12482.9 109821.0
13150.9 110097.0
13563.9 107975.0
13391.3 106134.0
16737.6 105956.0
18538.7 106023.0
18726.9 106239.0
18912.8 106038.0
22266.8 106165.0
22599.7 106005.0
23491.3 106221.0
14710.5 105940.0
12396.1 109169.0
11731.5 117197.0
7326.63 128939.0
2793.7 131804.0
2557.7 130504.0
4710.62 130738.0
5365.18 132829.0
9993.85 126955.0
12162.3 125504.0
14255.2 123055.0
15518.6 120552.0
15474.1 117812.0
15389.5 115367.0
4737.34 130740.0
3414.86 128923.0
1902.03 129798.0
1928.75 130969.0
2486.46 134240.0
3156.6 135142.0
4146.23 134828.0
4637.15 137466.0
4945.51 137459.0
4450.13 137464.0
4408.95 138254.0
3443.81 139643.0
4062.74 138664.0
3294.64 138519.0
1313.15 141961.0
317.955 141422.0
-182.982 140741.0
-375.565 141732.0
-614.902 142148.0
-2450.56 139042.0
-12963.6 139448.0
-15463.8 140300.0
-15909.1 139171.0
-16915.4 140202.0
-15915.8 139973.0
-15606.3 145719.0
-15523.9 152427.0
-15569.6 147638.0
-14148.0 144196.0
-14031.1 143083.0
-13466.7 141792.0
-12773.2 141950.0
-12001.8 139479.0
-1782.64 139051.0
-1613.44 139468.0
-1689.14 140888.0
-505.809 140392.0
101.995 141195.0
1267.51 151588.0
850.062 151962.0
851.176 152485.0
15.1662 151590.0
16.2794 149170.0
176.579 148513.0
572.877 147881.0
579.556 143793.0
-391.15 140599.0
69.7128 141164.0
2134.69 138584.0
511.651 136469.0
-3938.9 134754.0
-8810.24 134990.0
-9006.17 134883.0
-8990.58 135618.0
-9423.61 136353.0
-9420.27 135741.0
-10162.8 136340.0
-9843.29 136311.0
-10024.7 136344.0
-9403.58 136967.0
-9411.37 137194.0
-10694.9 137477.0
-10470.0 143967.0
-12355.8 145969.0
-13632.6 145868.0
-13530.2 146289.0
-13523.5 146082.0
-11902.7 145891.0
-10978.7 145087.0
-11381.7 143382.0
-11991.8 143756.0
-12894.6 142885.0
-13682.7 142945.0
-14565.5 138432.0
-14194.8 138308.0
-13769.5 137544.0
-8867.02 137453.0
-7970.89 139216.0
-12184.3 139425.0
-14145.8 139550.0
-15606.3 144918.0
-15628.6 158056.0
-15444.9 157724.0
-15527.3 155389.0
-15374.8 152706.0
-15519.5 152412.0
-15692.0 145076.0
-16629.3 144301.0
-18344.8 143413.0
-19026.0 142832.0
-19677.3 138942.0
-19574.8 139659.0
-18102.1 140832.0
-18991.5 140788.0
-19486.9 143043.0
-19795.3 143210.0
-19589.3 143985.0
-16805.2 144225.0
-15588.5 145114.0
-11567.6 145882.0
-10910.8 145354.0
-11286.0 144591.0
-12285.6 143918.0
-11342.8 143355.0
-11168.0 144562.0
-12490.5 145946.0
-13867.5 145813.0
-15093.1 145352.0
-15364.7 144675.0
-15090.9 144357.0
-13965.4 143954.0
-12773.2 141852.0
-12821.1 141048.0
-12448.2 139494.0
-10637.0 139557.0
-10707.1 136645.0
-9438.08 135502.0
-9795.42 136313.0
-10711.6 135224.0
-12528.3 134509.0
-12605.1 130927.0
-13609.2 129251.0
-15109.8 127690.0
-15172.2 126677.0
-16180.7 123320.0
-15448.2 121271.0
-15571.8 121009.0
-14145.8 120989.0
-14033.4 120839.0
-12078.6 125397.0
-11690.1 125390.0
-10971.0 127307.0
-10768.4 141066.0
-10462.2 144292.0
-10496.7 148010.0
-10431.1 153129.0
-12015.1 155003.0
-13684.9 155106.0
-14339.5 154941.0
-14358.4 152886.0
-15276.8 152695.0
-15537.3 149028.0
-16509.1 149128.0
-16549.2 147369.0
-16013.7 145045.0
-15556.2 145045.0
-14744.7 142656.0
-14126.9 142542.0
-15664.2 143123.0
-15673.1 152848.0
-14356.2 153280.0
-14089.0 152857.0
-12368.0 151377.0
-12861.2 149449.0
-15459.4 148997.0
-15559.5 147656.0
-17360.7 143822.0
-16946.6 144168.0
-15610.8 146601.0
-15590.7 152169.0
-14477.5 152833.0
-6194.23 152855.0
-4025.73 152715.0
-3571.55 153209.0
-3727.4 155124.0
-4314.05 153084.0
-4301.8 152554.0
-3592.7 152053.0
-3679.53 147160.0
-2141.09 147280.0
-1826.06 146924.0
-2029.77 146376.0
-1449.8 148079.0
-1803.79 149030.0
-1743.68 150853.0
-3504.76 151036.0
-4376.39 149709.0
-4631.31 146158.0
-4689.2 142524.0
-5130.02 143584.0
-6666.23 143618.0
-10526.8 144771.0
-10913.1 145428.0
-12658.6 143217.0
-12471.5 143562.0
-11508.6 141970.0
-10926.4 141589.0
-9811.01 139450.0
-1887.28 139045.0
-797.466 140064.0
-345.509 141656.0
-1179.29 142253.0
-1614.55 139528.0
1271.96 145719.0
205.523 152634.0
-1496.55 152775.0
-1022.33 152842.0
-721.769 149961.0
979.193 149324.0
981.419 140737.0
1206.28 140334.0
1517.98 135220.0
2591.1 131746.0
1927.64 130061.0
4038.25 127363.0
4318.78 127314.0
8889.56 124417.0
11669.2 117687.0
12356.0 109903.0
16371.3 105943.0
18748.0 106201.0
19879.0 106045.0
22594.1 105987.0
22770.0 105039.0
18887.2 105987.0
15159.1 105916.0
13216.5 105704.0
11530.1 108463.0
11199.4 109583.0
6077.63 111005.0
3580.73 111288.0
2258.25 113301.0
-101.719 113995.0
-495.79 115547.0
-1900.64 118348.0
-3363.38 118493.0
-3964.51 119339.0
-4297.35 120986.0
-1822.72 123538.0
-1443.12 125265.0
-2300.28 127289.0
-3810.88 127098.0
-3682.87 128280.0
-4585.67 130936.0
-4855.06 132526.0
-4817.21 137729.0
-5020.93 137762.0
-5658.79 139178.0
-6180.88 139102.0
-5382.72 137764.0
-6969.02 135656.0
-7077.0 131724.0
-7599.09 131807.0
-7120.41 134826.0
-8597.62 131900.0
-8305.97 131893.0
-7014.66 134521.0
-6986.83 135776.0
-7512.26 136213.0
-7014.66 136175.0
-6247.67 138254.0
-6218.73 138991.0
-7771.63 139750.0
-7645.84 139216.0
-10708.2 150392.0
-11719.0 151350.0
-11732.4 151978.0
-12926.8 152795.0
-13499.0 152131.0
-15499.4 151788.0
-17001.1 146714.0
-17079.1 145007.0
-17855.0 139554.0
-17358.5 139383.0
-16538.0 137822.0
-16146.2 135596.0
-13510.2 135433.0
-12484.9 133835.0
-11227.0 133757.0
-10776.1 132630.0
-10527.9 132414.0
-10826.2 132116.0
-10957.6 127352.0
-10450.0 127191.0
-11994.0 123760.0
-14856.0 115812.0
-14579.9 115532.0
-15521.7 115024.0
-16249.7 114056.0
-16890.9 114120.0
-15882.4 114082.0
-14585.5 117197.0
-14427.4 118836.0
-16584.8 119915.0
-15793.3 119515.0
-14592.2 121343.0
-14204.8 122494.0
-14014.4 124301.0
-13000.3 124203.0
-12579.5 125310.0
-11773.6 125401.0
-11038.9 126474.0
-10885.2 130415.0
-7685.92 130059.0
-7760.5 128053.0
-4704.78 127327.0
-7913.01 140795.0
-7169.39 140521.0
-6267.71 140461.0
-5740.05 140786.0
-5834.67 140550.0
-4253.94 139212.0
-2333.68 139111.0
-1611.21 139434.0
-447.923 140449.0
-1050.16 139637.0
-1859.45 134641.0
-16578.1 135536.0
-19083.9 138675.0
-17034.5 135843.0
-13070.4 135420.0
-12520.5 134788.0
-12246.7 133683.0
-9861.1 133692.0
-8988.35 134950.0
-7792.78 135088.0
-581.506 140930.0
-66.097 139973.0
910.175 140601.0
806.648 140866.0
1206.28 142168.0
1853.05 141304.0
-5392.73 139158.0
-4507.74 136195.0
-3307.72 136081.0
-2832.39 138991.0
-2784.52 141206.0
-649.411 141082.0
-110.625 142233.0
-162.945 144248.0
-1715.85 145394.0
-2702.14 145412.0
-2711.05 146792.0
-1754.81 145666.0
-3517.0 141966.0
-3565.98 139730.0
1279.76 145922.0
1284.21 149351.0
1148.4 161260.0
-887.635 163597.0
-3186.38 163985.0
-5576.41 163464.0
-6798.7 160894.0
-10376.5 161262.0
-10665.9 161789.0
-8085.55 161135.0
-548.11 159881.0
-578.167 155974.0
412.577 155972.0
1573.64 154353.0
3037.49 155847.0
3013.0 158394.0
1930.97 159803.0
1795.16 159803.0
1949.9 157368.0
1410.0 156003.0
2306.12 156005.0
2514.29 154373.0
1993.31 154409.0
1342.09 152419.0
1333.19 151797.0
2739.15 150949.0
2546.57 149170.0
-418.98 149331.0
-1646.83 149019.0
-4070.26 149101.0
-3744.09 149103.0
-4600.14 147166.0
-536.978 147022.0
1873.09 147086.0
1314.26 148001.0
1277.53 145319.0
739.856 145299.0
248.937 144956.0
1058.23 142402.0
410.35 141569.0
-1610.1 137381.0
-1194.88 136157.0
-2899.18 133363.0
-2797.88 131709.0
-3670.62 132857.0
-3683.98 132468.0
-3623.87 138063.0
-1101.37 139630.0
-461.281 140447.0
1317.6 143669.0
160.995 141787.0
-3609.4 127739.0
-1948.51 125041.0
-1094.69 125147.0
-1000.07 127158.0
-545.884 127496.0
1814.09 127661.0
2329.5 126886.0
3280.17 127456.0
6832.37 126891.0
8835.01 124442.0
9245.78 123150.0
11657.0 117749.0
12322.6 110255.0
13834.4 106021.0
17937.6 105972.0
15420.7 105911.0
15261.5 106604.0
15333.8 111273.0
-1620.12 152430.0
-1624.57 155907.0
-5443.94 156297.0
-7290.73 157615.0
-7302.98 155567.0
-7807.25 147244.0
-10493.4 146403.0
-10500.1 145601.0
-11381.7 142867.0
-11505.3 141990.0
-12355.8 140064.0
-6717.44 139305.0
-1171.5 139497.0
-327.698 140605.0
1239.68 149177.0
1447.85 150372.0
3817.84 151085.0
6866.88 150911.0
5478.73 150954.0
1579.21 149297.0
-1063.52 149179.0
-1759.27 147741.0
840.044 140999.0
6377.08 130667.0
11759.4 117130.0
13076.3 106185.0
23361.1 106012.0
23148.5 105785.0
19722.1 105998.0
14198.4 105974.0
12216.9 111330.0
11534.5 118034.0
-546.997 134405.0
-1878.38 133675.0
-3319.97 133568.0
-4114.79 134171.0
-4006.81 134472.0
-4771.57 135418.0
-4727.04 141066.0
-5576.41 143045.0
-6059.54 143045.0
-6320.03 141990.0
-7554.56 142607.0
-8100.02 141589.0
-8793.55 141950.0
-7967.55 141603.0
-6937.85 140503.0
-6641.74 140474.0
-6101.84 143415.0
-2760.03 144395.0
-2718.84 146314.0
-2080.98 146162.0
-1494.33 145392.0
644.121 145332.0
1482.36 141665.0
-52.7387 141115.0
-805.258 142248.0
-1185.97 141783.0
-1998.6 142518.0
-2011.96 142008.0
-2625.33 143437.0
-1886.17 144916.0
-2677.65 145372.0
-2795.65 142035.0
-4023.5 140901.0
-4630.2 141327.0
-4709.23 142898.0
-7760.5 143640.0
-10058.1 144528.0
-10473.4 149172.0
-12867.8 155101.0
-14338.4 155075.0
-15426.0 152516.0
-15461.6 149279.0
-12231.1 149386.0
-11817.0 148273.0
-11788.0 147318.0
-10490.1 148148.0
-10415.5 151428.0
-9747.55 154658.0
-8865.9 154594.0
-8435.1 155878.0
-8421.74 158430.0
-8488.53 149513.0
-8526.38 151170.0
-9992.46 151385.0
-10806.2 149204.0
-10890.8 148231.0
-11827.0 147641.0
-10904.2 145414.0
-11402.9 142703.0
-12037.4 143791.0
-12238.9 143736.0
-12833.3 140786.0
-12844.5 139523.0
-9362.39 139445.0
-7830.63 136028.0
-7527.84 135037.0
-3525.91 134768.0
-639.392 135182.0
2201.48 138557.0
8193.81 128251.0
11317.4 126025.0
15042.2 121523.0
15595.4 120147.0
15878.2 114467.0
15434.0 114234.0
14660.4 112695.0
15378.4 111749.0
15372.8 106181.0
17853.0 105998.0
22508.4 106161.0
22395.9 105148.0
22584.1 105366.0
21632.3 106034.0
21252.7 105878.0
22614.1 105183.0
20081.6 106018.0
13759.8 106005.0
11136.0 106156.0
9915.92 105488.0
10207.6 105720.0
10292.2 106263.0
15378.4 105929.0
20895.4 106081.0
22599.7 105386.0
23336.6 106248.0
22814.5 104954.0
22352.5 105515.0
13388.0 106132.0
13158.7 112989.0
13649.6 116222.0
13539.4 115886.0
13207.6 116770.0
14398.8 117901.0
15335.0 116923.0
15183.6 114937.0
15456.3 115287.0
15917.2 114708.0
15535.3 114715.0
14786.1 121895.0
11452.1 125922.0
6319.19 131041.0
3567.37 129004.0
-1529.95 127387.0
-4050.22 126991.0
-4718.14 129912.0
-4414.24 130716.0
-4238.35 130270.0
-3564.87 125054.0
-4236.13 121910.0
-3691.77 118604.0
-2798.99 117872.0
-1476.51 115525.0
-1878.38 114554.0
-11627.7 114316.0
-13530.2 114882.0
-13440.0 113978.0
-10786.2 113577.0
-8784.64 112691.0
-7413.18 112495.0
-4929.65 112524.0
-4048.0 114434.0
-4172.67 116912.0
-4386.41 124277.0
-4748.19 129562.0
-7083.68 130048.0
-7048.06 133140.0
-7810.59 136344.0
-7918.57 141369.0
-7628.03 141598.0
-7857.35 140953.0
-6326.71 139281.0
-3397.89 139118.0
26.2982 141075.0
1292.0 144869.0
1222.98 150192.0
2437.48 150969.0
5893.95 150989.0
7924.42 150711.0
13146.4 150958.0
15404.0 151628.0
15695.6 151437.0
15634.4 149061.0
12663.3 149057.0
12751.2 146340.0
12594.3 145697.0
12595.4 150490.0
11218.4 151379.0
10137.4 150842.0
7885.45 150713.0
5313.97 151034.0
6334.77 150956.0
4931.03 150982.0
4433.44 147850.0
3785.56 140792.0
2684.61 137439.0
7941.11 127222.0
10011.7 120367.0
11664.8 117687.0
12226.9 111353.0
13146.4 106139.0
20664.9 106085.0
22615.2 105070.0
22586.3 105375.0
22055.3 105874.0
21863.8 105733.0
22230.1 105077.0
22384.8 107180.0
23427.9 107227.0
24948.5 107766.0
26466.9 107826.0
27355.2 108343.0
26432.4 107497.0
24971.9 107764.0
23840.9 106174.0
22416.0 102345.0
22505.0 102029.0
22413.8 103509.0
22763.3 105041.0
22599.7 105350.0
22767.8 105021.0
23958.9 104064.0
24399.7 107920.0
24965.2 110785.0
23550.3 110761.0
24214.9 113185.0
24515.5 113483.0
23562.6 113826.0
23311.0 107601.0
23976.7 104357.0
23476.9 104832.0
22796.7 104959.0
21857.2 105693.0
21868.3 105827.0
22776.7 105028.0
23019.3 105068.0
22456.1 105045.0
22417.1 102022.0
21564.4 101606.0
21013.4 94964.3
21387.4 86742.2
19991.4 85079.1
17265.2 84751.8
12810.2 85488.8
12284.8 84043.8
12299.3 83640.9
