3.30887e+07 1.1086e+07 3.3084e+07 1.10876e+07
3.3084e+07 1.10876e+07 3.30749e+07 1.11019e+07
3.30749e+07 1.11019e+07 3.30592e+07 1.11152e+07
3.30592e+07 1.11152e+07 3.30276e+07 1.11185e+07
3.30276e+07 1.11185e+07 3.30126e+07 1.11295e+07
3.30126e+07 1.11295e+07 3.30015e+07 1.11433e+07
3.30015e+07 1.11433e+07 3.29976e+07 1.1146e+07
3.29976e+07 1.1146e+07 3.29964e+07 1.11526e+07
3.29964e+07 1.11526e+07 3.29921e+07 1.11568e+07
3.29921e+07 1.11568e+07 3.29916e+07 1.11594e+07
3.29916e+07 1.11594e+07 3.29927e+07 1.11569e+07
3.29927e+07 1.11569e+07 3.29945e+07 1.11544e+07
3.29945e+07 1.11544e+07 3.29923e+07 1.11495e+07
3.29923e+07 1.11495e+07 3.29922e+07 1.11394e+07
3.29922e+07 1.11394e+07 3.29906e+07 1.11374e+07
3.29906e+07 1.11374e+07 3.29911e+07 1.11394e+07
3.29911e+07 1.11394e+07 3.29937e+07 1.11434e+07
3.29937e+07 1.11434e+07 3.29989e+07 1.11412e+07
3.29989e+07 1.11412e+07 3.29884e+07 1.11443e+07
3.29884e+07 1.11443e+07 3.29908e+07 1.11473e+07
3.29908e+07 1.11473e+07 3.29935e+07 1.11542e+07
3.29935e+07 1.11542e+07 3.29972e+07 1.1156e+07
3.29972e+07 1.1156e+07 3.29988e+07 1.11546e+07
3.29988e+07 1.11546e+07 3.29915e+07 1.11529e+07
3.29915e+07 1.11529e+07 3.29906e+07 1.11529e+07
3.29906e+07 1.11529e+07 3.30012e+07 1.11602e+07
3.30012e+07 1.11602e+07 3.29954e+07 1.11471e+07
3.29954e+07 1.11471e+07 3.3e+07 1.11496e+07
3.3e+07 1.11496e+07 3.29966e+07 1.11575e+07
3.29966e+07 1.11575e+07 3.29973e+07 1.11485e+07
3.29973e+07 1.11485e+07 3.29964e+07 1.11521e+07
3.29964e+07 1.11521e+07 3.30025e+07 1.1156e+07
3.30025e+07 1.1156e+07 3.29944e+07 1.1164e+07
3.29944e+07 1.1164e+07 3.29961e+07 1.1166e+07
3.29961e+07 1.1166e+07 3.29944e+07 1.11632e+07
3.29944e+07 1.11632e+07 3.30012e+07 1.11535e+07
3.30012e+07 1.11535e+07 3.30001e+07 1.11526e+07
3.30001e+07 1.11526e+07 3.30013e+07 1.11575e+07
3.30013e+07 1.11575e+07 3.30013e+07 1.11552e+07
3.30013e+07 1.11552e+07 3.30035e+07 1.1151e+07
3.30035e+07 1.1151e+07 3.29994e+07 1.11493e+07
3.29994e+07 1.11493e+07 3.29846e+07 1.11603e+07
3.29846e+07 1.11603e+07 3.29964e+07 1.11498e+07
3.29964e+07 1.11498e+07 3.29913e+07 1.11374e+07
3.29913e+07 1.11374e+07 3.29914e+07 1.1149e+07
3.29914e+07 1.1149e+07 3.29921e+07 1.11546e+07
3.29921e+07 1.11546e+07 3.30011e+07 1.1156e+07
3.30011e+07 1.1156e+07 3.30032e+07 1.11521e+07
3.30032e+07 1.11521e+07 3.30027e+07 1.11444e+07
3.30027e+07 1.11444e+07 3.30072e+07 1.11296e+07
3.30072e+07 1.11296e+07 3.30071e+07 1.11299e+07
3.30071e+07 1.11299e+07 3.30072e+07 1.1136e+07
3.30072e+07 1.1136e+07 3.29998e+07 1.11355e+07
3.29998e+07 1.11355e+07 3.29975e+07 1.1139e+07
3.29975e+07 1.1139e+07 3.30074e+07 1.11493e+07
3.30074e+07 1.11493e+07 3.30024e+07 1.11433e+07
3.30024e+07 1.11433e+07 3.29995e+07 1.11485e+07
3.29995e+07 1.11485e+07 3.2987e+07 1.11354e+07
3.2987e+07 1.11354e+07 3.29906e+07 1.11373e+07
3.29906e+07 1.11373e+07 3.29907e+07 1.11375e+07
3.29907e+07 1.11375e+07 3.29914e+07 1.1149e+07
3.29914e+07 1.1149e+07 3.29939e+07 1.11545e+07
3.29939e+07 1.11545e+07 3.29979e+07 1.11574e+07
3.29979e+07 1.11574e+07 3.29985e+07 1.11544e+07
3.29985e+07 1.11544e+07 3.30017e+07 1.11544e+07
3.30017e+07 1.11544e+07 3.30013e+07 1.11529e+07
3.30013e+07 1.11529e+07 3.30019e+07 1.11494e+07
3.30019e+07 1.11494e+07 3.30007e+07 1.11482e+07
3.30007e+07 1.11482e+07 3.29999e+07 1.11435e+07
3.29999e+07 1.11435e+07 3.30032e+07 1.11364e+07
3.30032e+07 1.11364e+07 3.30048e+07 1.11334e+07
3.30048e+07 1.11334e+07 3.30026e+07 1.11343e+07
3.30026e+07 1.11343e+07 3.29991e+07 1.11398e+07
3.29991e+07 1.11398e+07 3.29874e+07 1.11394e+07
3.29874e+07 1.11394e+07 3.29843e+07 1.11538e+07
3.29843e+07 1.11538e+07 3.29892e+07 1.11498e+07
3.29892e+07 1.11498e+07 3.29915e+07 1.11539e+07
3.29915e+07 1.11539e+07 3.29932e+07 1.11571e+07
3.29932e+07 1.11571e+07 3.29964e+07 1.11517e+07
3.29964e+07 1.11517e+07 3.29964e+07 1.11412e+07
3.29964e+07 1.11412e+07 3.29988e+07 1.11411e+07
3.29988e+07 1.11411e+07 3.29964e+07 1.11392e+07
3.29964e+07 1.11392e+07 3.29827e+07 1.11457e+07
3.29827e+07 1.11457e+07 3.29895e+07 1.11454e+07
3.29895e+07 1.11454e+07 3.2995e+07 1.11392e+07
3.2995e+07 1.11392e+07 3.29993e+07 1.11401e+07
3.29993e+07 1.11401e+07 3.299e+07 1.11394e+07
3.299e+07 1.11394e+07 3.29893e+07 1.11359e+07
3.29893e+07 1.11359e+07 3.2991e+07 1.11349e+07
3.2991e+07 1.11349e+07 3.29976e+07 1.11525e+07
3.29976e+07 1.11525e+07 3.29901e+07 1.11429e+07
3.29901e+07 1.11429e+07 3.29984e+07 1.11403e+07
3.29984e+07 1.11403e+07 3.29984e+07 1.11413e+07
3.29984e+07 1.11413e+07 3.29984e+07 1.11413e+07
3.29984e+07 1.11413e+07 3.29995e+07 1.11424e+07
3.29995e+07 1.11424e+07 3.29989e+07 1.11491e+07
3.29989e+07 1.11491e+07 3.29965e+07 1.1147e+07
3.29965e+07 1.1147e+07 3.29816e+07 1.1149e+07
3.29816e+07 1.1149e+07 3.29857e+07 1.11473e+07
3.29857e+07 1.11473e+07 3.29899e+07 1.11517e+07
3.29899e+07 1.11517e+07 3.29913e+07 1.11433e+07
3.29913e+07 1.11433e+07 3.29968e+07 1.11347e+07
3.29968e+07 1.11347e+07 3.30036e+07 1.11291e+07
3.30036e+07 1.11291e+07 3.3007e+07 1.11306e+07
3.3007e+07 1.11306e+07 3.30072e+07 1.11306e+07
3.30072e+07 1.11306e+07 3.30059e+07 1.11385e+07
3.30059e+07 1.11385e+07 3.30013e+07 1.11519e+07
3.30013e+07 1.11519e+07 3.29998e+07 1.11425e+07
3.29998e+07 1.11425e+07 3.29973e+07 1.11466e+07
3.29973e+07 1.11466e+07 3.29966e+07 1.11542e+07
3.29966e+07 1.11542e+07 3.29983e+07 1.11505e+07
3.29983e+07 1.11505e+07 3.30143e+07 1.1123e+07
3.30143e+07 1.1123e+07 3.30141e+07 1.11263e+07
3.30141e+07 1.11263e+07 3.30044e+07 1.11343e+07
3.30044e+07 1.11343e+07 3.29938e+07 1.11455e+07
3.29938e+07 1.11455e+07 3.29984e+07 1.11468e+07
3.29984e+07 1.11468e+07 3.30027e+07 1.11445e+07
3.30027e+07 1.11445e+07 3.30081e+07 1.11404e+07
3.30081e+07 1.11404e+07 3.30141e+07 1.1132e+07
3.30141e+07 1.1132e+07 3.30141e+07 1.11319e+07
3.30141e+07 1.11319e+07 3.30141e+07 1.1132e+07
3.30141e+07 1.1132e+07 3.30122e+07 1.11276e+07
3.30122e+07 1.11276e+07 3.30141e+07 1.11319e+07
3.30141e+07 1.11319e+07 3.30138e+07 1.11317e+07
3.30138e+07 1.11317e+07 3.30074e+07 1.11294e+07
3.30074e+07 1.11294e+07 3.3007e+07 1.11306e+07
3.3007e+07 1.11306e+07 3.30036e+07 1.11419e+07
3.30036e+07 1.11419e+07 3.30026e+07 1.11438e+07
3.30026e+07 1.11438e+07 3.29992e+07 1.11422e+07
3.29992e+07 1.11422e+07 3.29993e+07 1.11418e+07
3.29993e+07 1.11418e+07 3.29919e+07 1.11436e+07
3.29919e+07 1.11436e+07 3.29906e+07 1.11519e+07
3.29906e+07 1.11519e+07 3.29827e+07 1.11587e+07
3.29827e+07 1.11587e+07 3.29856e+07 1.1158e+07
3.29856e+07 1.1158e+07 3.29985e+07 1.11637e+07
3.29985e+07 1.11637e+07 3.29964e+07 1.11326e+07
3.29964e+07 1.11326e+07 3.2997e+07 1.11185e+07
3.2997e+07 1.11185e+07 3.29946e+07 1.11317e+07
3.29946e+07 1.11317e+07 3.29949e+07 1.11303e+07
3.29949e+07 1.11303e+07 3.29983e+07 1.11528e+07
3.29983e+07 1.11528e+07 3.29904e+07 1.11529e+07
3.29904e+07 1.11529e+07 3.29844e+07 1.11493e+07
3.29844e+07 1.11493e+07 3.29901e+07 1.11445e+07
3.29901e+07 1.11445e+07 3.29935e+07 1.11609e+07
3.29935e+07 1.11609e+07 3.29926e+07 1.11641e+07
3.29926e+07 1.11641e+07 3.29993e+07 1.11549e+07
3.29993e+07 1.11549e+07 3.29951e+07 1.11396e+07
3.29951e+07 1.11396e+07 3.30012e+07 1.11488e+07
3.30012e+07 1.11488e+07 3.30031e+07 1.11507e+07
3.30031e+07 1.11507e+07 3.30038e+07 1.11544e+07
3.30038e+07 1.11544e+07 3.29993e+07 1.11477e+07
3.29993e+07 1.11477e+07 3.29993e+07 1.11422e+07
3.29993e+07 1.11422e+07 3.29984e+07 1.11413e+07
3.29984e+07 1.11413e+07 3.29983e+07 1.11424e+07
3.29983e+07 1.11424e+07 3.29974e+07 1.11516e+07
3.29974e+07 1.11516e+07 3.29964e+07 1.11435e+07
3.29964e+07 1.11435e+07 3.30024e+07 1.1147e+07
3.30024e+07 1.1147e+07 3.30025e+07 1.11478e+07
3.30025e+07 1.11478e+07 3.3e+07 1.11438e+07
3.3e+07 1.11438e+07 3.3003e+07 1.11495e+07
3.3003e+07 1.11495e+07 3.29959e+07 1.11641e+07
3.29959e+07 1.11641e+07 3.30007e+07 1.11625e+07
3.30007e+07 1.11625e+07 3.30044e+07 1.11448e+07
3.30044e+07 1.11448e+07 3.30084e+07 1.11306e+07
3.30084e+07 1.11306e+07 3.30231e+07 1.11186e+07
3.30231e+07 1.11186e+07 3.3052e+07 1.11146e+07
3.3052e+07 1.11146e+07 3.30749e+07 1.11089e+07
3.30749e+07 1.11089e+07 3.30823e+07 1.11043e+07
3.30823e+07 1.11043e+07 3.30819e+07 1.11044e+07
3.30819e+07 1.11044e+07 3.30819e+07 1.11026e+07
3.30819e+07 1.11026e+07 3.3082e+07 1.11044e+07
3.3082e+07 1.11044e+07 3.30819e+07 1.11023e+07
3.30819e+07 1.11023e+07 3.30791e+07 1.11042e+07
3.30791e+07 1.11042e+07 3.30809e+07 1.11038e+07
3.30809e+07 1.11038e+07 3.30812e+07 1.11035e+07
3.30812e+07 1.11035e+07 3.3082e+07 1.11045e+07
3.3082e+07 1.11045e+07 3.30821e+07 1.11047e+07
3.30821e+07 1.11047e+07 3.30819e+07 1.11052e+07
3.30819e+07 1.11052e+07 3.30729e+07 1.11126e+07
3.30729e+07 1.11126e+07 3.30207e+07 1.11196e+07
3.30207e+07 1.11196e+07 3.30089e+07 1.1131e+07
3.30089e+07 1.1131e+07 3.30039e+07 1.11386e+07
3.30039e+07 1.11386e+07 3.30012e+07 1.11544e+07
3.30012e+07 1.11544e+07 3.30014e+07 1.11538e+07
3.30014e+07 1.11538e+07 3.30006e+07 1.11493e+07
3.30006e+07 1.11493e+07 3.30001e+07 1.11559e+07
3.30001e+07 1.11559e+07 3.29954e+07 1.11436e+07
3.29954e+07 1.11436e+07 3.29927e+07 1.11535e+07
3.29927e+07 1.11535e+07 3.29916e+07 1.11582e+07
3.29916e+07 1.11582e+07 3.29982e+07 1.1158e+07
3.29982e+07 1.1158e+07 3.30043e+07 1.11531e+07
3.30043e+07 1.11531e+07 3.30015e+07 1.11323e+07
3.30015e+07 1.11323e+07 3.30059e+07 1.11392e+07
3.30059e+07 1.11392e+07 3.30021e+07 1.11352e+07
3.30021e+07 1.11352e+07 3.29993e+07 1.11422e+07
3.29993e+07 1.11422e+07 3.30046e+07 1.11494e+07
3.30046e+07 1.11494e+07 3.30058e+07 1.11489e+07
3.30058e+07 1.11489e+07 3.30116e+07 1.11495e+07
3.30116e+07 1.11495e+07 3.30013e+07 1.11491e+07
3.30013e+07 1.11491e+07 3.29983e+07 1.11453e+07
3.29983e+07 1.11453e+07 3.29928e+07 1.11294e+07
3.29928e+07 1.11294e+07 3.30017e+07 1.11357e+07
3.30017e+07 1.11357e+07 3.30038e+07 1.11355e+07
3.30038e+07 1.11355e+07 3.30093e+07 1.11226e+07
3.30093e+07 1.11226e+07 3.30014e+07 1.11206e+07
3.30014e+07 1.11206e+07 3.3002e+07 1.11327e+07
3.3002e+07 1.11327e+07 3.3016e+07 1.11202e+07
3.3016e+07 1.11202e+07 3.29962e+07 1.11347e+07
3.29962e+07 1.11347e+07 3.29861e+07 1.11359e+07
3.29861e+07 1.11359e+07 3.2982e+07 1.11371e+07
3.2982e+07 1.11371e+07 3.29804e+07 1.11572e+07
3.29804e+07 1.11572e+07 3.29968e+07 1.11641e+07
3.29968e+07 1.11641e+07 3.3001e+07 1.11621e+07
3.3001e+07 1.11621e+07 3.30169e+07 1.11538e+07
3.30169e+07 1.11538e+07 3.30081e+07 1.11496e+07
3.30081e+07 1.11496e+07 3.30143e+07 1.11501e+07
3.30143e+07 1.11501e+07 3.29984e+07 1.11413e+07
3.29984e+07 1.11413e+07 3.29987e+07 1.11413e+07
3.29987e+07 1.11413e+07 3.29967e+07 1.11435e+07
3.29967e+07 1.11435e+07 3.29875e+07 1.11394e+07
3.29875e+07 1.11394e+07 3.29874e+07 1.11319e+07
3.29874e+07 1.11319e+07 3.2989e+07 1.11269e+07
3.2989e+07 1.11269e+07 3.29842e+07 1.11353e+07
3.29842e+07 1.11353e+07 3.29892e+07 1.11352e+07
3.29892e+07 1.11352e+07 3.29843e+07 1.11427e+07
3.29843e+07 1.11427e+07 3.29844e+07 1.11461e+07
3.29844e+07 1.11461e+07 3.29901e+07 1.11492e+07
3.29901e+07 1.11492e+07 3.29972e+07 1.11429e+07
3.29972e+07 1.11429e+07 3.30045e+07 1.11464e+07
3.30045e+07 1.11464e+07 3.30051e+07 1.11386e+07
3.30051e+07 1.11386e+07 3.30058e+07 1.11402e+07
3.30058e+07 1.11402e+07 3.30085e+07 1.11283e+07
3.30085e+07 1.11283e+07 3.30048e+07 1.11385e+07
3.30048e+07 1.11385e+07 3.3e+07 1.11463e+07
3.3e+07 1.11463e+07 3.29913e+07 1.11518e+07
