3.30075e+07 1.11495e+07 3.30276e+07 1.1165e+07
3.30276e+07 1.1165e+07 3.3011e+07 1.11509e+07
3.3011e+07 1.11509e+07 3.30238e+07 1.11571e+07
3.30238e+07 1.11571e+07 3.30072e+07 1.11522e+07
3.30072e+07 1.11522e+07 3.30276e+07 1.11649e+07
3.30276e+07 1.11649e+07 3.30062e+07 1.11509e+07
3.30062e+07 1.11509e+07 3.3002e+07 1.1133e+07
3.3002e+07 1.1133e+07 3.29986e+07 1.11492e+07
3.29986e+07 1.11492e+07 3.30276e+07 1.11649e+07
3.30276e+07 1.11649e+07 3.30033e+07 1.11345e+07
3.30033e+07 1.11345e+07 3.30025e+07 1.11617e+07
3.30025e+07 1.11617e+07 3.30067e+07 1.11527e+07
3.30067e+07 1.11527e+07 3.30275e+07 1.1165e+07
3.30275e+07 1.1165e+07 3.30106e+07 1.11509e+07
3.30106e+07 1.11509e+07 3.30276e+07 1.11649e+07
3.30276e+07 1.11649e+07 3.30087e+07 1.11507e+07
