2840.45 160422.0
7401.21 174079.0
-12834.4 149371.0
-4741.52 140140.0
-49.3991 163448.0
-5823.54 158784.0
2720.23 139381.0
3095.38 160870.0
3370.34 154378.0
165.448 152657.0
18202.5 153022.0
15067.8 121501.0
-15291.3 155121.0
-20701.4 148008.0
3011.89 160080.0
-3922.2 160756.0
3007.43 157933.0
-51499.0 202946.0
-3514.77 152675.0
14395.4 123346.0
1254.15 154064.0
-411.187 151000.0
2647.87 160908.0
-699.505 149313.0
-1947.4 161066.0
3049.74 154551.0
-10873.0 147307.0
-11542.0 135244.0
-2446.11 152639.0
-13935.4 144181.0
-9110.81 152891.0
-4528.9 152719.0
-11749.1 151408.0
-1747.02 160992.0
-6822.08 152864.0
-13456.7 155286.0
-22936.7 138214.0
-466.847 159129.0
-1685.8 152612.0
1302.02 116525.0
-190.775 142903.0
14916.4 122120.0
4214.14 149408.0
2883.87 160364.0
