3.29895e+07 1.11489e+07 3.29805e+07 1.11544e+07
3.29805e+07 1.11544e+07 3.29841e+07 1.11667e+07
3.29841e+07 1.11667e+07 3.29807e+07 1.11552e+07
3.29807e+07 1.11552e+07 3.29808e+07 1.11528e+07
3.29808e+07 1.11528e+07 3.29878e+07 1.1134e+07
3.29878e+07 1.1134e+07 3.29819e+07 1.11491e+07
3.29819e+07 1.11491e+07 3.29844e+07 1.11618e+07
3.29844e+07 1.11618e+07 3.29923e+07 1.11678e+07
3.29923e+07 1.11678e+07 3.29928e+07 1.11568e+07
3.29928e+07 1.11568e+07 3.29836e+07 1.1158e+07
3.29836e+07 1.1158e+07 3.29895e+07 1.1143e+07
3.29895e+07 1.1143e+07 3.29804e+07 1.11527e+07
3.29804e+07 1.11527e+07 3.2985e+07 1.1137e+07
3.2985e+07 1.1137e+07 3.29856e+07 1.11529e+07
3.29856e+07 1.11529e+07 3.29819e+07 1.11686e+07
3.29819e+07 1.11686e+07 3.29804e+07 1.11546e+07
3.29804e+07 1.11546e+07 3.29755e+07 1.11382e+07
3.29755e+07 1.11382e+07 3.29829e+07 1.11639e+07
3.29829e+07 1.11639e+07 3.2987e+07 1.11538e+07
3.2987e+07 1.11538e+07 3.29826e+07 1.11639e+07
3.29826e+07 1.11639e+07 3.29734e+07 1.11488e+07
3.29734e+07 1.11488e+07 3.29833e+07 1.11552e+07
3.29833e+07 1.11552e+07 3.29732e+07 1.11527e+07
3.29732e+07 1.11527e+07 3.2988e+07 1.11545e+07
