-4073.6 132486.0
-3263.19 158434.0
-3614.96 138840.0
-3742.98 121164.0
-19591.5 145018.0
-17252.7 151074.0
-4187.14 110558.0
-11495.3 133748.0
1599.24 105876.0
2450.84 137540.0
-12312.4 171200.0
-11553.2 135217.0
-11917.2 149317.0
-7920.8 112582.0
-4243.92 106332.0
-9759.8 129781.0
-10493.4 139434.0
-764.07 143949.0
-9738.65 112666.0
-518121.0 2198350.0
-10950.9 117197.0
-18164.4 129106.0
-8376.1 139338.0
-1852.77 109817.0
-13602.5 135373.0
-15850.1 147316.0
-10506.8 139423.0
-17910.6 127015.0
7265.4 152799.0
2292.76 128883.0
10330.0 109903.0
1386.62 102561.0
-1724.76 156186.0
964.721 88559.0
-5539.68 130081.0
