3.29819e+07 1.11507e+07 3.29934e+07 1.11545e+07
3.29934e+07 1.11545e+07 3.29827e+07 1.11555e+07
3.29827e+07 1.11555e+07 3.29873e+07 1.11473e+07
3.29873e+07 1.11473e+07 3.29965e+07 1.11542e+07
3.29965e+07 1.11542e+07 3.29895e+07 1.11457e+07
3.29895e+07 1.11457e+07 3.29864e+07 1.11354e+07
3.29864e+07 1.11354e+07 3.29834e+07 1.11482e+07
3.29834e+07 1.11482e+07 3.29801e+07 1.11622e+07
3.29801e+07 1.11622e+07 3.29732e+07 1.1176e+07
3.29732e+07 1.1176e+07 3.29769e+07 1.11635e+07
3.29769e+07 1.11635e+07 3.29835e+07 1.11553e+07
3.29835e+07 1.11553e+07 3.29825e+07 1.11693e+07
3.29825e+07 1.11693e+07 3.29807e+07 1.11593e+07
3.29807e+07 1.11593e+07 3.29817e+07 1.11434e+07
3.29817e+07 1.11434e+07 3.29827e+07 1.11584e+07
3.29827e+07 1.11584e+07 3.29828e+07 1.11437e+07
