3.29952e+07 1.11529e+07 3.29844e+07 1.11464e+07
3.29844e+07 1.11464e+07 3.29849e+07 1.11575e+07
3.29849e+07 1.11575e+07 3.29844e+07 1.11445e+07
3.29844e+07 1.11445e+07 3.29994e+07 1.11279e+07
3.29994e+07 1.11279e+07 3.30118e+07 1.11257e+07
3.30118e+07 1.11257e+07 3.30012e+07 1.11422e+07
3.30012e+07 1.11422e+07 3.29916e+07 1.11387e+07
3.29916e+07 1.11387e+07 3.29901e+07 1.11529e+07
3.29901e+07 1.11529e+07 3.29788e+07 1.11618e+07
3.29788e+07 1.11618e+07 3.29648e+07 1.11905e+07
3.29648e+07 1.11905e+07 3.29565e+07 1.1196e+07
3.29565e+07 1.1196e+07 3.29481e+07 1.12024e+07
3.29481e+07 1.12024e+07 3.29492e+07 1.12144e+07
3.29492e+07 1.12144e+07 3.2948e+07 1.12028e+07
3.2948e+07 1.12028e+07 3.29583e+07 1.11954e+07
3.29583e+07 1.11954e+07 3.29712e+07 1.11787e+07
3.29712e+07 1.11787e+07 3.2974e+07 1.11667e+07
3.2974e+07 1.11667e+07 3.29868e+07 1.11616e+07
3.29868e+07 1.11616e+07 3.2982e+07 1.11526e+07
3.2982e+07 1.11526e+07 3.29836e+07 1.11411e+07
3.29836e+07 1.11411e+07 3.29844e+07 1.11521e+07
3.29844e+07 1.11521e+07 3.29756e+07 1.11423e+07
3.29756e+07 1.11423e+07 3.29951e+07 1.1143e+07
3.29951e+07 1.1143e+07 3.29911e+07 1.11319e+07
3.29911e+07 1.11319e+07 3.29904e+07 1.11569e+07
3.29904e+07 1.11569e+07 3.29745e+07 1.116e+07
3.29745e+07 1.116e+07 3.29883e+07 1.11516e+07
3.29883e+07 1.11516e+07 3.29971e+07 1.11551e+07
3.29971e+07 1.11551e+07 3.29818e+07 1.11611e+07
3.29818e+07 1.11611e+07 3.29884e+07 1.11692e+07
3.29884e+07 1.11692e+07 3.29881e+07 1.11568e+07
3.29881e+07 1.11568e+07 3.29844e+07 1.1154e+07
3.29844e+07 1.1154e+07 3.29748e+07 1.116e+07
3.29748e+07 1.116e+07 3.29817e+07 1.11676e+07
3.29817e+07 1.11676e+07 3.2981e+07 1.11552e+07
3.2981e+07 1.11552e+07 3.29943e+07 1.11545e+07
3.29943e+07 1.11545e+07 3.29863e+07 1.11594e+07
3.29863e+07 1.11594e+07 3.29844e+07 1.11426e+07
3.29844e+07 1.11426e+07 3.29814e+07 1.1153e+07
3.29814e+07 1.1153e+07 3.29858e+07 1.11628e+07
3.29858e+07 1.11628e+07 3.29845e+07 1.11493e+07
3.29845e+07 1.11493e+07 3.29935e+07 1.11631e+07
3.29935e+07 1.11631e+07 3.29828e+07 1.1162e+07
3.29828e+07 1.1162e+07 3.29679e+07 1.11828e+07
3.29679e+07 1.11828e+07 3.29585e+07 1.12121e+07
3.29585e+07 1.12121e+07 3.29548e+07 1.12225e+07
3.29548e+07 1.12225e+07 3.29779e+07 1.11059e+07
3.29779e+07 1.11059e+07 3.29497e+07 1.12142e+07
3.29497e+07 1.12142e+07 3.29482e+07 1.12011e+07
3.29482e+07 1.12011e+07 3.29569e+07 1.11959e+07
3.29569e+07 1.11959e+07 3.29693e+07 1.11765e+07
3.29693e+07 1.11765e+07 3.29731e+07 1.11601e+07
3.29731e+07 1.11601e+07 3.2985e+07 1.11595e+07
3.2985e+07 1.11595e+07 3.29845e+07 1.1152e+07
3.29845e+07 1.1152e+07 3.29856e+07 1.11389e+07
3.29856e+07 1.11389e+07 3.29872e+07 1.11525e+07
3.29872e+07 1.11525e+07 3.29823e+07 1.1163e+07
3.29823e+07 1.1163e+07 3.2981e+07 1.11605e+07
3.2981e+07 1.11605e+07 3.2997e+07 1.11435e+07
3.2997e+07 1.11435e+07 3.299e+07 1.11529e+07
3.299e+07 1.11529e+07 3.29796e+07 1.11496e+07
3.29796e+07 1.11496e+07 3.29822e+07 1.11397e+07
3.29822e+07 1.11397e+07 3.29895e+07 1.1148e+07
3.29895e+07 1.1148e+07 3.29874e+07 1.11596e+07
3.29874e+07 1.11596e+07 3.29776e+07 1.11628e+07
3.29776e+07 1.11628e+07 3.29683e+07 1.11819e+07
3.29683e+07 1.11819e+07 3.29555e+07 1.11961e+07
3.29555e+07 1.11961e+07 3.29536e+07 1.12088e+07
