-8885.94 156927.0
2564.38 166305.0
-5421.68 169822.0
4377.78 156328.0
4422.3 165454.0
3412.64 149408.0
-3346.68 154184.0
15632.2 114336.0
-8602.08 156889.0
1205.17 160215.0
1192.93 152788.0
-3235.36 159719.0
-15594.1 157085.0
-322.132 140536.0
-3643.91 160928.0
-6384.59 154467.0
1972.16 160979.0
-10575.8 145016.0
1204.06 154986.0
15023.3 121380.0
-1565.57 153458.0
7553.72 149333.0
1187.36 151590.0
3070.89 153394.0
-13506.8 155199.0
-3281.0 158713.0
3501.69 171229.0
-2446.11 143446.0
-649.411 156237.0
-10812.9 149257.0
-4271.75 164056.0
-5754.52 157535.0
-10107.1 166587.0
-1794.89 144119.0
-756.278 140093.0
10807.6 182105.0
1517.98 137833.0
15430.7 114272.0
-6947.87 160763.0
-10147.2 139477.0
4441.23 152327.0
15127.9 121289.0
591.801 155996.0
-2156.68 156967.0
-15173.3 126986.0
-1843.87 135917.0
-1536.63 154108.0
-5622.05 149308.0
-654.977 155248.0
14890.8 121721.0
1292.0 151025.0
-850.899 145314.0
1972.16 149308.0
-11985.1 139401.0
-1370.76 161061.0
-464.621 157960.0
-21940.4 150724.0
-19402.3 149477.0
