3.30136e+07 1.11161e+07 3.29896e+07 1.11352e+07
3.29896e+07 1.11352e+07 3.29995e+07 1.11432e+07
3.29995e+07 1.11432e+07 3.30009e+07 1.11621e+07
3.30009e+07 1.11621e+07 3.30093e+07 1.11695e+07
3.30093e+07 1.11695e+07 3.30224e+07 1.11802e+07
3.30224e+07 1.11802e+07 3.30285e+07 1.11939e+07
3.30285e+07 1.11939e+07 3.30279e+07 1.11756e+07
3.30279e+07 1.11756e+07 3.30343e+07 1.1183e+07
3.30343e+07 1.1183e+07 3.30378e+07 1.11945e+07
3.30378e+07 1.11945e+07 3.30242e+07 1.11869e+07
3.30242e+07 1.11869e+07 3.30126e+07 1.11748e+07
3.30126e+07 1.11748e+07 3.30047e+07 1.11609e+07
3.30047e+07 1.11609e+07 3.29814e+07 1.11646e+07
3.29814e+07 1.11646e+07 3.29904e+07 1.116e+07
3.29904e+07 1.116e+07 3.29871e+07 1.11485e+07
3.29871e+07 1.11485e+07 3.29993e+07 1.11401e+07
3.29993e+07 1.11401e+07 3.30012e+07 1.1156e+07
3.30012e+07 1.1156e+07 3.29924e+07 1.11496e+07
3.29924e+07 1.11496e+07 3.29992e+07 1.11399e+07
3.29992e+07 1.11399e+07 3.30002e+07 1.11526e+07
3.30002e+07 1.11526e+07 3.30154e+07 1.11143e+07
3.30154e+07 1.11143e+07 3.30076e+07 1.11708e+07
3.30076e+07 1.11708e+07 3.30119e+07 1.11842e+07
3.30119e+07 1.11842e+07 3.30263e+07 1.11861e+07
3.30263e+07 1.11861e+07 3.30192e+07 1.1176e+07
3.30192e+07 1.1176e+07 3.30097e+07 1.11657e+07
3.30097e+07 1.11657e+07 3.30014e+07 1.1158e+07
3.30014e+07 1.1158e+07 3.3016e+07 1.11198e+07
3.3016e+07 1.11198e+07 3.30088e+07 1.11417e+07
3.30088e+07 1.11417e+07 3.3003e+07 1.11523e+07
3.3003e+07 1.11523e+07 3.30293e+07 1.11937e+07
3.30293e+07 1.11937e+07 3.30224e+07 1.11804e+07
3.30224e+07 1.11804e+07 3.30075e+07 1.11635e+07
3.30075e+07 1.11635e+07 3.29962e+07 1.11696e+07
3.29962e+07 1.11696e+07 3.29967e+07 1.11584e+07
3.29967e+07 1.11584e+07 3.30006e+07 1.11483e+07
3.30006e+07 1.11483e+07 3.30012e+07 1.11585e+07
3.30012e+07 1.11585e+07 3.29981e+07 1.11452e+07
3.29981e+07 1.11452e+07 3.29979e+07 1.11562e+07
3.29979e+07 1.11562e+07 3.30031e+07 1.11481e+07
3.30031e+07 1.11481e+07 3.30138e+07 1.11627e+07
3.30138e+07 1.11627e+07 3.30212e+07 1.11782e+07
3.30212e+07 1.11782e+07 3.30282e+07 1.11928e+07
3.30282e+07 1.11928e+07 3.30356e+07 1.11988e+07
3.30356e+07 1.11988e+07 3.30272e+07 1.11877e+07
3.30272e+07 1.11877e+07 3.30239e+07 1.116e+07
3.30239e+07 1.116e+07 3.30174e+07 1.11524e+07
3.30174e+07 1.11524e+07 3.30063e+07 1.1151e+07
3.30063e+07 1.1151e+07 3.29989e+07 1.11559e+07
