3.30006e+07 1.1145e+07 3.30059e+07 1.11352e+07
3.30059e+07 1.11352e+07 3.30012e+07 1.11576e+07
3.30012e+07 1.11576e+07 3.29982e+07 1.1148e+07
3.29982e+07 1.1148e+07 3.29929e+07 1.11351e+07
3.29929e+07 1.11351e+07 3.30005e+07 1.11365e+07
3.30005e+07 1.11365e+07 3.29985e+07 1.11537e+07
3.29985e+07 1.11537e+07 3.30059e+07 1.11425e+07
3.30059e+07 1.11425e+07 3.30002e+07 1.1147e+07
3.30002e+07 1.1147e+07 3.29963e+07 1.11334e+07
3.29963e+07 1.11334e+07 3.30068e+07 1.11348e+07
3.30068e+07 1.11348e+07 3.29939e+07 1.11431e+07
3.29939e+07 1.11431e+07 3.3e+07 1.11491e+07
3.3e+07 1.11491e+07 3.29982e+07 1.11347e+07
3.29982e+07 1.11347e+07 3.29974e+07 1.11491e+07
3.29974e+07 1.11491e+07 3.29953e+07 1.11393e+07
3.29953e+07 1.11393e+07 3.30118e+07 1.11495e+07
3.30118e+07 1.11495e+07 3.30034e+07 1.11398e+07
3.30034e+07 1.11398e+07 3.29974e+07 1.11511e+07
3.29974e+07 1.11511e+07 3.29861e+07 1.11472e+07
3.29861e+07 1.11472e+07 3.30151e+07 1.11215e+07
3.30151e+07 1.11215e+07 3.30053e+07 1.11375e+07
3.30053e+07 1.11375e+07 3.29959e+07 1.11641e+07
3.29959e+07 1.11641e+07 3.29983e+07 1.11454e+07
3.29983e+07 1.11454e+07 3.29876e+07 1.11388e+07
3.29876e+07 1.11388e+07 3.30041e+07 1.11416e+07
3.30041e+07 1.11416e+07 3.30153e+07 1.11059e+07
3.30153e+07 1.11059e+07 3.30404e+07 1.1099e+07
3.30404e+07 1.1099e+07 3.30719e+07 1.1101e+07
3.30719e+07 1.1101e+07 3.30771e+07 1.10915e+07
3.30771e+07 1.10915e+07 3.29787e+07 1.10951e+07
3.29787e+07 1.10951e+07 3.308e+07 1.11016e+07
