3.3e+07 1.11505e+07 3.30051e+07 1.11385e+07
3.30051e+07 1.11385e+07 3.3001e+07 1.11482e+07
3.3001e+07 1.11482e+07 3.3004e+07 1.11659e+07
3.3004e+07 1.11659e+07 3.30013e+07 1.11556e+07
3.30013e+07 1.11556e+07 3.29993e+07 1.11431e+07
3.29993e+07 1.11431e+07 3.29894e+07 1.11454e+07
3.29894e+07 1.11454e+07 3.29884e+07 1.1157e+07
3.29884e+07 1.1157e+07 3.30007e+07 1.11581e+07
3.30007e+07 1.11581e+07 3.29982e+07 1.1144e+07
3.29982e+07 1.1144e+07 3.30081e+07 1.11268e+07
3.30081e+07 1.11268e+07 3.30154e+07 1.11061e+07
3.30154e+07 1.11061e+07 3.30081e+07 1.11265e+07
3.30081e+07 1.11265e+07 3.2997e+07 1.11435e+07
3.2997e+07 1.11435e+07 3.29863e+07 1.11551e+07
3.29863e+07 1.11551e+07 3.29888e+07 1.11442e+07
3.29888e+07 1.11442e+07 3.29892e+07 1.11549e+07
3.29892e+07 1.11549e+07 3.29884e+07 1.11662e+07
3.29884e+07 1.11662e+07 3.29849e+07 1.11791e+07
3.29849e+07 1.11791e+07 3.29827e+07 1.11694e+07
3.29827e+07 1.11694e+07 3.29804e+07 1.11573e+07
3.29804e+07 1.11573e+07 3.29872e+07 1.1146e+07
3.29872e+07 1.1146e+07 3.29957e+07 1.11392e+07
3.29957e+07 1.11392e+07 3.2994e+07 1.11481e+07
3.2994e+07 1.11481e+07 3.30026e+07 1.11394e+07
3.30026e+07 1.11394e+07 3.30155e+07 1.11184e+07
3.30155e+07 1.11184e+07 3.30094e+07 1.11273e+07
3.30094e+07 1.11273e+07 3.29964e+07 1.1127e+07
3.29964e+07 1.1127e+07 3.30044e+07 1.11467e+07
3.30044e+07 1.11467e+07 3.29966e+07 1.11391e+07
3.29966e+07 1.11391e+07 3.29891e+07 1.11523e+07
3.29891e+07 1.11523e+07 3.29844e+07 1.11429e+07
3.29844e+07 1.11429e+07 3.29991e+07 1.11353e+07
3.29991e+07 1.11353e+07 3.30073e+07 1.11291e+07
3.30073e+07 1.11291e+07 3.30124e+07 1.11095e+07
3.30124e+07 1.11095e+07 3.30213e+07 1.11048e+07
3.30213e+07 1.11048e+07 3.30071e+07 1.11297e+07
3.30071e+07 1.11297e+07 3.29895e+07 1.11469e+07
3.29895e+07 1.11469e+07 3.29892e+07 1.11353e+07
3.29892e+07 1.11353e+07 3.29895e+07 1.11473e+07
3.29895e+07 1.11473e+07 3.29965e+07 1.11546e+07
3.29965e+07 1.11546e+07 3.29972e+07 1.11414e+07
3.29972e+07 1.11414e+07 3.29989e+07 1.11547e+07
3.29989e+07 1.11547e+07 3.29993e+07 1.11435e+07
3.29993e+07 1.11435e+07 3.30012e+07 1.11596e+07
3.30012e+07 1.11596e+07 3.30013e+07 1.11458e+07
3.30013e+07 1.11458e+07 3.30081e+07 1.11267e+07
3.30081e+07 1.11267e+07 3.30207e+07 1.11061e+07
3.30207e+07 1.11061e+07 3.30081e+07 1.11266e+07
3.30081e+07 1.11266e+07 3.30029e+07 1.11369e+07
3.30029e+07 1.11369e+07 3.30156e+07 1.11189e+07
3.30156e+07 1.11189e+07 3.30016e+07 1.11379e+07
3.30016e+07 1.11379e+07 3.29973e+07 1.11488e+07
3.29973e+07 1.11488e+07 3.29968e+07 1.11619e+07
3.29968e+07 1.11619e+07 3.29881e+07 1.11568e+07
3.29881e+07 1.11568e+07 3.29845e+07 1.11458e+07
3.29845e+07 1.11458e+07 3.2994e+07 1.11393e+07
3.2994e+07 1.11393e+07 3.30044e+07 1.11376e+07
3.30044e+07 1.11376e+07 3.30156e+07 1.11191e+07
3.30156e+07 1.11191e+07 3.30033e+07 1.11366e+07
3.30033e+07 1.11366e+07 3.29902e+07 1.11394e+07
3.29902e+07 1.11394e+07 3.30004e+07 1.11303e+07
3.30004e+07 1.11303e+07 3.30096e+07 1.11217e+07
3.30096e+07 1.11217e+07 3.30153e+07 1.11059e+07
3.30153e+07 1.11059e+07 3.30135e+07 1.11162e+07
3.30135e+07 1.11162e+07 3.30054e+07 1.11466e+07
3.30054e+07 1.11466e+07 3.29954e+07 1.11471e+07
3.29954e+07 1.11471e+07 3.30152e+07 1.11148e+07
3.30152e+07 1.11148e+07 3.30224e+07 1.11033e+07
3.30224e+07 1.11033e+07 3.30355e+07 1.11008e+07
3.30355e+07 1.11008e+07 3.30398e+07 1.10886e+07
3.30398e+07 1.10886e+07 3.30379e+07 1.10995e+07
3.30379e+07 1.10995e+07 3.30279e+07 1.11025e+07
3.30279e+07 1.11025e+07 3.30172e+07 1.11059e+07
3.30172e+07 1.11059e+07 3.30154e+07 1.11155e+07
3.30154e+07 1.11155e+07 3.29944e+07 1.11436e+07
3.29944e+07 1.11436e+07 3.29974e+07 1.11544e+07
3.29974e+07 1.11544e+07 3.30036e+07 1.1147e+07
3.30036e+07 1.1147e+07 3.30013e+07 1.11588e+07
3.30013e+07 1.11588e+07 3.29938e+07 1.11494e+07
3.29938e+07 1.11494e+07 3.30042e+07 1.11416e+07
3.30042e+07 1.11416e+07 3.30123e+07 1.1111e+07
3.30123e+07 1.1111e+07 3.30212e+07 1.11051e+07
3.30212e+07 1.11051e+07 3.30122e+07 1.11117e+07
3.30122e+07 1.11117e+07 3.29971e+07 1.11372e+07
3.29971e+07 1.11372e+07 3.29965e+07 1.11231e+07
3.29965e+07 1.11231e+07 3.30124e+07 1.11048e+07
3.30124e+07 1.11048e+07 3.3029e+07 1.11092e+07
3.3029e+07 1.11092e+07 3.30407e+07 1.11098e+07
3.30407e+07 1.11098e+07 3.30235e+07 1.11103e+07
3.30235e+07 1.11103e+07 3.30356e+07 1.111e+07
3.30356e+07 1.111e+07 3.30472e+07 1.11103e+07
3.30472e+07 1.11103e+07 3.30327e+07 1.11094e+07
3.30327e+07 1.11094e+07 3.30213e+07 1.11061e+07
3.30213e+07 1.11061e+07 3.3011e+07 1.11048e+07
3.3011e+07 1.11048e+07 3.30011e+07 1.11059e+07
3.30011e+07 1.11059e+07 3.2996e+07 1.11146e+07
3.2996e+07 1.11146e+07 3.29941e+07 1.11349e+07
3.29941e+07 1.11349e+07 3.30056e+07 1.11385e+07
3.30056e+07 1.11385e+07 3.29954e+07 1.11365e+07
3.29954e+07 1.11365e+07 3.29964e+07 1.11507e+07
3.29964e+07 1.11507e+07 3.30036e+07 1.11358e+07
3.30036e+07 1.11358e+07 3.29986e+07 1.11256e+07
3.29986e+07 1.11256e+07 3.30087e+07 1.1125e+07
3.30087e+07 1.1125e+07 3.30152e+07 1.11151e+07
3.30152e+07 1.11151e+07 3.30213e+07 1.11051e+07
3.30213e+07 1.11051e+07 3.30097e+07 1.11212e+07
3.30097e+07 1.11212e+07 3.29967e+07 1.11435e+07
3.29967e+07 1.11435e+07 3.29916e+07 1.11319e+07
3.29916e+07 1.11319e+07 3.29842e+07 1.11406e+07
3.29842e+07 1.11406e+07 3.29881e+07 1.1155e+07
3.29881e+07 1.1155e+07 3.29975e+07 1.11552e+07
3.29975e+07 1.11552e+07 3.30002e+07 1.11427e+07
3.30002e+07 1.11427e+07 3.29921e+07 1.11335e+07
