-3992.34 131682.0
-590.412 134378.0
12252.5 92949.4
20825.2 95371.7
504.972 136618.0
6644.24 152712.0
7415.69 136707.0
1220.76 143571.0
14814.0 105960.0
26253.2 110883.0
11797.2 116427.0
-3155.21 154396.0
-4665.82 144644.0
1274.19 155335.0
-2678.77 148832.0
-5740.05 154498.0
-15591.8 145025.0
-15579.6 150428.0
-1338.48 139314.0
-14997.4 145523.0
-9172.03 143949.0
22428.2 110714.0
27527.8 110961.0
11895.2 115213.0
1295.34 143504.0
5102.47 138477.0
-6395.72 134973.0
3070.89 136950.0
-12952.4 137575.0
-10887.5 139428.0
-15565.1 150132.0
25658.7 106452.0
8109.21 126679.0
1021.49 140447.0
-2647.6 161556.0
271.201 152652.0
5574.46 149333.0
-6284.4 140469.0
-14797.0 136509.0
5118.05 147986.0
-8672.21 148854.0
-3666.17 143535.0
-11544.2 150143.0
-6631.72 138290.0
19972.5 109859.0
35154.3 108857.0
-39766.0 144666.0
35142.0 108824.0
-20635.7 148965.0
28173.4 112744.0
1997.77 133174.0
-8928.24 138795.0
-3163.01 162330.0
-4201.62 175624.0
21.8454 147002.0
-3919.98 139131.0
-10593.6 149259.0
-5445.05 169168.0
2253.8 138753.0
-3612.74 138929.0
12216.9 111491.0
26122.9 110874.0
9062.1 119528.0
-4767.12 136803.0
-660.543 160342.0
-10765.0 139214.0
-10435.5 143932.0
4131.76 134607.0
2979.6 136489.0
