-12399.2 155121.0
-4347.44 123611.0
4459.04 147073.0
-15525.0 140414.0
4444.57 158844.0
9715.55 121258.0
15665.6 105894.0
-1723.64 141665.0
-8402.81 154558.0
-15722.1 140828.0
-10905.3 152931.0
-8900.41 152886.0
-16667.2 149219.0
15430.7 105905.0
-3637.23 149384.0
-4984.19 143640.0
13296.7 134403.0
-4698.1 140906.0
-9221.01 123398.0
-8328.23 143640.0
1330.96 144404.0
17501.2 105958.0
-9199.86 164345.0
-10346.5 155342.0
-19622.7 151633.0
-20640.2 156166.0
-4165.99 151058.0
-4605.71 141351.0
11358.6 118417.0
20063.8 106025.0
-4054.67 162464.0
-9420.27 148874.0
-2070.96 161547.0
-1886.17 134636.0
-8908.2 139436.0
-7624.69 137406.0
-10627.0 139857.0
-12123.1 130716.0
7303.25 129324.0
23404.5 106081.0
1230.78 147296.0
1263.06 155947.0
1151.74 142680.0
-15551.8 148353.0
-2733.31 143462.0
-7664.77 137386.0
-21190.1 152864.0
7083.95 149339.0
19277.9 106043.0
236.692 142104.0
-9154.22 147507.0
-3888.81 143591.0
-2693.24 163847.0
-12081.9 139428.0
-4371.93 139241.0
