940.231 149428.0
-4456.54 139272.0
4343.27 142121.0
5495.42 152715.0
14274.1 122629.0
5082.43 152793.0
26807.5 160808.0
-14142.4 152844.0
27978.6 164971.0
-4290.67 152296.0
-11220.3 149293.0
-14369.5 153033.0
-10768.4 140728.0
-2429.41 166002.0
26665.1 160841.0
-15401.5 159955.0
-3236.48 156019.0
14529.0 123099.0
25084.3 159216.0
-2314.75 139036.0
-7128.21 165810.0
14077.0 151145.0
22594.1 157448.0
2548.8 160901.0
1126.13 149366.0
27985.3 164989.0
-1220.48 155974.0
1231.89 160600.0
27695.9 163201.0
-7107.05 156789.0
-10901.9 139441.0
-7921.91 139020.0
