-3542.6 153213.0
2791.47 139307.0
-6986.83 166723.0
15969.5 114748.0
-889.861 139846.0
-4050.22 132488.0
-10537.9 146436.0
-688.373 169693.0
1162.87 152755.0
16723.1 151628.0
1266.4 147979.0
91.9767 160712.0
16746.5 151840.0
5165.92 143633.0
-26570.2 152808.0
-5662.13 162119.0
-9186.5 143976.0
-1718.08 152565.0
-7928.59 141854.0
18318.3 153055.0
2882.76 139648.0
-4517.76 164054.0
4390.02 156181.0
-66.097 163575.0
-3332.21 143537.0
-5993.86 147371.0
-5349.32 127276.0
17983.2 122391.0
15736.8 151138.0
-12067.5 159095.0
-337.717 145294.0
-10949.8 152953.0
-3255.4 158819.0
2480.89 174827.0
-6987.94 164018.0
-14785.9 159543.0
-9499.31 149319.0
-11255.9 158080.0
-1807.13 147369.0
10814.3 142447.0
17239.6 152207.0
-8415.06 155722.0
-10867.4 149290.0
-4985.31 140668.0
-9095.22 146450.0
8572.3 149184.0
23583.7 155765.0
18135.8 86871.4
18672.3 153013.0
2962.91 136934.0
-14202.6 139548.0
-4733.72 135177.0
-64.9838 146979.0
-4729.27 136008.0
