3.30029e+07 1.11527e+07 3.30351e+07 1.11515e+07
3.30351e+07 1.11515e+07 3.30224e+07 1.11528e+07
3.30224e+07 1.11528e+07 3.30062e+07 1.11601e+07
3.30062e+07 1.11601e+07 3.30241e+07 1.11589e+07
3.30241e+07 1.11589e+07 3.30349e+07 1.1153e+07
3.30349e+07 1.1153e+07 3.30184e+07 1.11534e+07
3.30184e+07 1.11534e+07 3.3e+07 1.11453e+07
3.3e+07 1.11453e+07 3.30111e+07 1.11523e+07
3.30111e+07 1.11523e+07 3.30351e+07 1.11515e+07
3.30351e+07 1.11515e+07 3.3009e+07 1.11524e+07
3.3009e+07 1.11524e+07 3.30237e+07 1.11534e+07
3.30237e+07 1.11534e+07 3.3035e+07 1.11515e+07
3.3035e+07 1.11515e+07 3.3034e+07 1.11403e+07
3.3034e+07 1.11403e+07 3.30349e+07 1.11512e+07
3.30349e+07 1.11512e+07 3.30109e+07 1.11523e+07
3.30109e+07 1.11523e+07 3.29979e+07 1.11534e+07
3.29979e+07 1.11534e+07 3.30059e+07 1.11699e+07
3.30059e+07 1.11699e+07 3.29982e+07 1.11483e+07
