38.5433 161573.0
-7044.72 139301.0
11744.9 117204.0
15362.8 106123.0
6734.41 152741.0
-9907.85 144401.0
42647.2 177265.0
-10183.9 137428.0
1286.43 148264.0
-17171.4 149164.0
18366.2 101628.0
-1907.32 137344.0
15164.6 109117.0
5191.52 131201.0
4422.3 153552.0
16532.8 121739.0
-15223.4 136366.0
-21925.9 152249.0
-4892.91 166589.0
-10405.5 150413.0
-19573.7 152363.0
11761.6 116997.0
18364.0 101626.0
-3539.27 141503.0
15867.1 122175.0
-4784.93 138829.0
-7334.15 164107.0
3034.15 156292.0
-7229.51 139281.0
-332.151 163619.0
1265.28 148718.0
-6131.9 156555.0
257.843 146973.0
15435.1 108191.0
3471.64 128968.0
-1175.95 142308.0
2605.57 136021.0
-3647.25 136070.0
-8423.96 156671.0
-15614.1 145007.0
-3150.76 163312.0
3240.09 136437.0
18369.5 101623.0
18369.5 136333.0
15353.9 105787.0
-9028.43 161224.0
-10049.2 162121.0
-2519.58 152666.0
-2964.86 143348.0
2225.97 153405.0
-11028.8 152935.0
-1049.05 127686.0
20231.9 103035.0
