4992.26 138519.0
-10338.7 150395.0
-6970.13 158717.0
-2674.31 149161.0
-16574.8 112047.0
-8946.05 137462.0
3190.0 138590.0
989.212 113942.0
29114.1 94227.4
3018.57 139804.0
-7518.94 153113.0
-3209.76 135948.0
-4878.44 149713.0
-2772.27 143350.0
450.425 162771.0
-3891.03 123391.0
-1387.46 143945.0
-8658.85 139385.0
-10454.4 148645.0
-2048.7 163758.0
-2030.89 139027.0
-15090.9 135509.0
-15025.2 132784.0
-10408.8 151926.0
27426.5 102806.0
27370.8 90930.1
3551.79 117386.0
-4172.67 139138.0
9624.26 143744.0
25821.3 208034.0
37274.9 222590.0
21710.2 152946.0
-7850.67 140663.0
30788.3 87897.7
-2969.31 152381.0
3713.2 140710.0
-1836.08 145597.0
-1258.33 154436.0
349.125 136197.0
1295.34 146939.0
-495.79 143382.0
-1267.23 155965.0
-4733.72 134770.0
-14664.5 129620.0
-15594.1 144205.0
-572.601 142039.0
30795.0 87953.4
-10492.3 148110.0
-11701.2 188940.0
10408.0 104894.0
37262.7 87902.2
41499.5 125330.0
30867.4 86842.4
-1005250.0 2374620.0
29567.2 93034.0
35186.6 85114.7
27731.5 117159.0
34327.2 83879.1
-2947.05 164065.0
34328.3 83883.5
