-14134.7 141919.0
-7153.81 139209.0
-3749.66 134730.0
22.9586 147471.0
2419.67 132305.0
-7035.81 165198.0
20768.5 106036.0
3528.41 122313.0
-19279.8 154874.0
-10441.1 144824.0
-8920.45 139379.0
993.665 143869.0
-13310.9 139481.0
-14815.9 149170.0
-14408.5 142518.0
11823.9 116144.0
15529.8 105885.0
4303.19 151060.0
-1057.95 144871.0
-13148.4 135353.0
23063.9 105025.0
2274.95 124834.0
-13909.8 137609.0
-15775.5 161881.0
-10515.7 146565.0
-11063.3 127111.0
-2922.56 135028.0
-13871.9 133345.0
-8960.52 139372.0
29032.8 104440.0
41648.7 98856.0
12068.8 113094.0
-1269.46 145290.0
-19576.0 146398.0
-17780.4 172396.0
-8968.32 139485.0
-1254.99 145042.0
24363.0 106341.0
46783.8 99080.9
-32746.2 152984.0
41117.7 98880.5
54636.3 39090.8
76603.0 1876.71
67679.6 3729.06
73682.0 12986.4
38629.7 75454.4
46788.3 99076.4
