3.30009e+07 1.11481e+07 3.30019e+07 1.11346e+07
3.30019e+07 1.11346e+07 3.29995e+07 1.11485e+07
3.29995e+07 1.11485e+07 3.29891e+07 1.11351e+07
3.29891e+07 1.11351e+07 3.29853e+07 1.11552e+07
3.29853e+07 1.11552e+07 3.29896e+07 1.11438e+07
3.29896e+07 1.11438e+07 3.30137e+07 1.11246e+07
3.30137e+07 1.11246e+07 3.30421e+07 1.11075e+07
3.30421e+07 1.11075e+07 3.30117e+07 1.11173e+07
3.30117e+07 1.11173e+07 3.30026e+07 1.11316e+07
3.30026e+07 1.11316e+07 3.29906e+07 1.11428e+07
3.29906e+07 1.11428e+07 3.29878e+07 1.11352e+07
3.29878e+07 1.11352e+07 3.3e+07 1.11385e+07
3.3e+07 1.11385e+07 3.29958e+07 1.11522e+07
3.29958e+07 1.11522e+07 3.29942e+07 1.11421e+07
3.29942e+07 1.11421e+07 3.30249e+07 1.11064e+07
3.30249e+07 1.11064e+07 3.3039e+07 1.11082e+07
3.3039e+07 1.11082e+07 3.30043e+07 1.11387e+07
3.30043e+07 1.11387e+07 3.30042e+07 1.11417e+07
3.30042e+07 1.11417e+07 3.30159e+07 1.11146e+07
3.30159e+07 1.11146e+07 3.30026e+07 1.11376e+07
3.30026e+07 1.11376e+07 3.29977e+07 1.11526e+07
3.29977e+07 1.11526e+07 3.30087e+07 1.11492e+07
3.30087e+07 1.11492e+07 3.3003e+07 1.1159e+07
3.3003e+07 1.1159e+07 3.29958e+07 1.11514e+07
3.29958e+07 1.11514e+07 3.30021e+07 1.11365e+07
3.30021e+07 1.11365e+07 3.30391e+07 1.11077e+07
3.30391e+07 1.11077e+07 3.30225e+07 1.11061e+07
3.30225e+07 1.11061e+07 3.30013e+07 1.11294e+07
3.30013e+07 1.11294e+07 3.30012e+07 1.11521e+07
3.30012e+07 1.11521e+07 3.30154e+07 1.11143e+07
3.30154e+07 1.11143e+07 3.29899e+07 1.11649e+07
3.29899e+07 1.11649e+07 3.30026e+07 1.11332e+07
3.30026e+07 1.11332e+07 3.30011e+07 1.1151e+07
3.30011e+07 1.1151e+07 3.29997e+07 1.11395e+07
3.29997e+07 1.11395e+07 3.29895e+07 1.1149e+07
3.29895e+07 1.1149e+07 3.30058e+07 1.1146e+07
3.30058e+07 1.1146e+07 3.30073e+07 1.11301e+07
3.30073e+07 1.11301e+07 3.30124e+07 1.11099e+07
3.30124e+07 1.11099e+07 3.30383e+07 1.11104e+07
3.30383e+07 1.11104e+07 3.30201e+07 1.1106e+07
3.30201e+07 1.1106e+07 3.30134e+07 1.11159e+07
3.30134e+07 1.11159e+07 3.29904e+07 1.11443e+07
3.29904e+07 1.11443e+07 3.30014e+07 1.11425e+07
3.30014e+07 1.11425e+07 3.2999e+07 1.11529e+07
3.2999e+07 1.11529e+07 3.29852e+07 1.11528e+07
3.29852e+07 1.11528e+07 3.29829e+07 1.11552e+07
3.29829e+07 1.11552e+07 3.29907e+07 1.11666e+07
3.29907e+07 1.11666e+07 3.29958e+07 1.11571e+07
3.29958e+07 1.11571e+07 3.30033e+07 1.11385e+07
3.30033e+07 1.11385e+07 3.29885e+07 1.11467e+07
3.29885e+07 1.11467e+07 3.29914e+07 1.11326e+07
3.29914e+07 1.11326e+07 3.29894e+07 1.11455e+07
3.29894e+07 1.11455e+07 3.30242e+07 1.11201e+07
3.30242e+07 1.11201e+07 3.30391e+07 1.11077e+07
3.30391e+07 1.11077e+07 3.30209e+07 1.11107e+07
3.30209e+07 1.11107e+07 3.30317e+07 1.11093e+07
