3.29842e+07 1.11526e+07 3.29797e+07 1.11661e+07
3.29797e+07 1.11661e+07 3.29845e+07 1.11532e+07
3.29845e+07 1.11532e+07 3.2985e+07 1.114e+07
3.2985e+07 1.114e+07 3.29747e+07 1.11339e+07
3.29747e+07 1.11339e+07 3.29805e+07 1.11478e+07
3.29805e+07 1.11478e+07 3.29815e+07 1.11646e+07
3.29815e+07 1.11646e+07 3.29755e+07 1.11561e+07
3.29755e+07 1.11561e+07 3.2984e+07 1.1137e+07
3.2984e+07 1.1137e+07 3.29859e+07 1.11549e+07
3.29859e+07 1.11549e+07 3.29758e+07 1.11658e+07
3.29758e+07 1.11658e+07 3.2986e+07 1.1158e+07
3.2986e+07 1.1158e+07 3.29974e+07 1.11531e+07
3.29974e+07 1.11531e+07 3.2984e+07 1.11491e+07
3.2984e+07 1.11491e+07 3.29754e+07 1.11562e+07
3.29754e+07 1.11562e+07 3.29864e+07 1.11552e+07
3.29864e+07 1.11552e+07 3.29935e+07 1.11632e+07
3.29935e+07 1.11632e+07 3.29895e+07 1.11487e+07
3.29895e+07 1.11487e+07 3.30024e+07 1.11515e+07
3.30024e+07 1.11515e+07 3.29992e+07 1.114e+07
3.29992e+07 1.114e+07 3.29905e+07 1.11503e+07
3.29905e+07 1.11503e+07 3.29819e+07 1.11441e+07
3.29819e+07 1.11441e+07 3.29754e+07 1.11548e+07
3.29754e+07 1.11548e+07 3.29851e+07 1.11399e+07
3.29851e+07 1.11399e+07 3.29827e+07 1.1154e+07
3.29827e+07 1.1154e+07 3.29977e+07 1.11527e+07
3.29977e+07 1.11527e+07 3.29885e+07 1.11646e+07
3.29885e+07 1.11646e+07 3.29874e+07 1.11889e+07
3.29874e+07 1.11889e+07 3.29884e+07 1.11716e+07
3.29884e+07 1.11716e+07 3.29925e+07 1.11611e+07
3.29925e+07 1.11611e+07 3.29895e+07 1.11463e+07
3.29895e+07 1.11463e+07 3.29826e+07 1.1162e+07
