-6031.71 141801.0
-12739.8 166229.0
-5665.47 143103.0
5780.4 146510.0
22.9586 145586.0
1261.94 155638.0
22982.6 106265.0
18864.9 97444.5
5021.2 133481.0
15872.6 114454.0
-10618.1 147284.0
-2805.67 141460.0
-13834.1 148280.0
-12122.0 139428.0
-10458.9 149500.0
-18844.6 134282.0
971.401 159810.0
11596.8 126183.0
20276.4 96099.8
-2735.54 145461.0
-15578.5 150384.0
-22714.0 163163.0
-771.863 143940.0
1758.43 154367.0
-5570.85 152784.0
-5387.17 138319.0
-1630.14 151800.0
3552.9 129139.0
18674.5 97615.9
-10794.0 149157.0
-4727.04 140543.0
1753.98 134785.0
-3686.21 124751.0
-903.22 143497.0
19375.9 96948.0
-12776.6 151782.0
-15997.0 151617.0
1017.04 152857.0
-7378.67 143620.0
-25735.3 153846.0
-4881.78 149776.0
-10484.5 148391.0
2497.59 139071.0
-7601.31 139376.0
22452.7 94267.4
-3267.65 152650.0
-10146.1 158554.0
-8494.1 138383.0
-4704.78 143070.0
-2656.5 151336.0
-2172.26 134699.0
22699.9 94276.3
22774.4 101283.0
