-14499.8 155219.0
2585.53 129694.0
-2772.27 143580.0
-4331.86 134799.0
-769204.0 4687930.0
-7569.03 139379.0
16650.8 100107.0
-3771.92 129565.0
420.369 143825.0
4441.23 137568.0
-3248.72 149095.0
3128.77 149460.0
7120.69 129549.0
16471.5 100248.0
-7522.28 152904.0
7473.57 134556.0
7764.12 105337.0
11328.6 111486.0
1383.28 143488.0
-3560.42 154117.0
-1741.46 150929.0
-10706.0 135117.0
-10494.5 145690.0
-14958.4 123881.0
-6544.89 152848.0
-16952.2 135801.0
-11803.6 146352.0
3147.7 131718.0
13325.6 105566.0
-4811.65 137713.0
44.1093 143949.0
-8978.34 135567.0
12271.4 110930.0
16895.7 103698.0
-1843.87 145270.0
10498.1 118631.0
-43069.9 196031.0
29959.0 84776.3
4442.34 101381.0
14593.6 105967.0
-6976.81 141919.0
-10827.4 130506.0
4373.32 159338.0
-1221.59 161362.0
66.3732 158116.0
