3.2998e+07 1.11494e+07 3.29879e+07 1.11587e+07
3.29879e+07 1.11587e+07 3.29855e+07 1.11465e+07
3.29855e+07 1.11465e+07 3.29984e+07 1.11454e+07
3.29984e+07 1.11454e+07 3.29857e+07 1.11458e+07
3.29857e+07 1.11458e+07 3.2985e+07 1.11352e+07
3.2985e+07 1.11352e+07 3.29891e+07 1.11453e+07
3.29891e+07 1.11453e+07 3.2985e+07 1.11316e+07
3.2985e+07 1.11316e+07 3.29869e+07 1.11233e+07
3.29869e+07 1.11233e+07 3.29973e+07 1.11237e+07
3.29973e+07 1.11237e+07 3.30044e+07 1.11516e+07
3.30044e+07 1.11516e+07 3.30319e+07 1.10913e+07
3.30319e+07 1.10913e+07 3.30241e+07 1.11047e+07
3.30241e+07 1.11047e+07 3.30026e+07 1.11312e+07
3.30026e+07 1.11312e+07 3.29978e+07 1.11637e+07
3.29978e+07 1.11637e+07 3.2999e+07 1.11525e+07
3.2999e+07 1.11525e+07 3.29956e+07 1.11392e+07
3.29956e+07 1.11392e+07 3.30159e+07 1.11144e+07
3.30159e+07 1.11144e+07 3.30073e+07 1.11296e+07
3.30073e+07 1.11296e+07 3.29992e+07 1.11399e+07
3.29992e+07 1.11399e+07 3.29871e+07 1.11494e+07
3.29871e+07 1.11494e+07 3.29894e+07 1.1139e+07
3.29894e+07 1.1139e+07 3.29989e+07 1.11397e+07
3.29989e+07 1.11397e+07 3.30038e+07 1.11609e+07
3.30038e+07 1.11609e+07 3.29995e+07 1.11501e+07
3.29995e+07 1.11501e+07 3.30033e+07 1.11384e+07
3.30033e+07 1.11384e+07 3.30123e+07 1.11107e+07
3.30123e+07 1.11107e+07 3.30285e+07 1.10999e+07
3.30285e+07 1.10999e+07 3.30309e+07 1.1087e+07
3.30309e+07 1.1087e+07 3.30125e+07 1.11082e+07
3.30125e+07 1.11082e+07 3.30032e+07 1.11303e+07
3.30032e+07 1.11303e+07 3.29967e+07 1.11391e+07
3.29967e+07 1.11391e+07 3.29976e+07 1.11532e+07
3.29976e+07 1.11532e+07 3.30074e+07 1.11291e+07
3.30074e+07 1.11291e+07 3.3015e+07 1.1118e+07
3.3015e+07 1.1118e+07 3.30029e+07 1.1127e+07
3.30029e+07 1.1127e+07 3.30018e+07 1.11413e+07
3.30018e+07 1.11413e+07 3.29896e+07 1.11313e+07
3.29896e+07 1.11313e+07 3.29982e+07 1.11475e+07
3.29982e+07 1.11475e+07 3.3001e+07 1.11595e+07
3.3001e+07 1.11595e+07 3.29989e+07 1.11496e+07
3.29989e+07 1.11496e+07 3.30142e+07 1.11617e+07
3.30142e+07 1.11617e+07 3.30007e+07 1.1156e+07
3.30007e+07 1.1156e+07 3.29927e+07 1.11471e+07
3.29927e+07 1.11471e+07 3.29851e+07 1.11365e+07
3.29851e+07 1.11365e+07 3.29872e+07 1.11483e+07
3.29872e+07 1.11483e+07 3.29946e+07 1.11695e+07
3.29946e+07 1.11695e+07 3.2996e+07 1.11524e+07
3.2996e+07 1.11524e+07 3.30065e+07 1.11492e+07
3.30065e+07 1.11492e+07 3.30319e+07 1.10913e+07
3.30319e+07 1.10913e+07 3.30213e+07 1.1106e+07
3.30213e+07 1.1106e+07 3.30043e+07 1.11309e+07
3.30043e+07 1.11309e+07 3.30156e+07 1.11205e+07
3.30156e+07 1.11205e+07 3.30026e+07 1.1136e+07
3.30026e+07 1.1136e+07 3.30004e+07 1.11514e+07
3.30004e+07 1.11514e+07 3.29988e+07 1.11415e+07
3.29988e+07 1.11415e+07 3.30001e+07 1.11526e+07
3.30001e+07 1.11526e+07 3.29884e+07 1.11514e+07
3.29884e+07 1.11514e+07 3.29876e+07 1.11388e+07
3.29876e+07 1.11388e+07 3.29955e+07 1.11325e+07
3.29955e+07 1.11325e+07 3.29987e+07 1.1161e+07
3.29987e+07 1.1161e+07 3.30013e+07 1.11471e+07
3.30013e+07 1.11471e+07 3.30014e+07 1.11303e+07
3.30014e+07 1.11303e+07 3.30188e+07 1.11061e+07
3.30188e+07 1.11061e+07 3.30304e+07 1.10925e+07
3.30304e+07 1.10925e+07 3.30232e+07 1.11049e+07
3.30232e+07 1.11049e+07 3.30118e+07 1.11159e+07
3.30118e+07 1.11159e+07 3.30032e+07 1.11231e+07
3.30032e+07 1.11231e+07 3.29958e+07 1.11309e+07
3.29958e+07 1.11309e+07 3.29983e+07 1.11471e+07
3.29983e+07 1.11471e+07 3.30159e+07 1.11143e+07
3.30159e+07 1.11143e+07 3.30067e+07 1.11248e+07
3.30067e+07 1.11248e+07 3.30009e+07 1.11436e+07
3.30009e+07 1.11436e+07 3.29885e+07 1.11493e+07
3.29885e+07 1.11493e+07 3.29727e+07 1.1149e+07
3.29727e+07 1.1149e+07 3.30024e+07 1.11324e+07
3.30024e+07 1.11324e+07 3.29917e+07 1.11366e+07
3.29917e+07 1.11366e+07 3.29812e+07 1.11382e+07
3.29812e+07 1.11382e+07 3.29809e+07 1.11544e+07
3.29809e+07 1.11544e+07 3.29907e+07 1.11599e+07
3.29907e+07 1.11599e+07 3.30018e+07 1.11507e+07
3.30018e+07 1.11507e+07 3.30045e+07 1.11375e+07
3.30045e+07 1.11375e+07 3.30224e+07 1.11061e+07
3.30224e+07 1.11061e+07 3.30319e+07 1.10913e+07
3.30319e+07 1.10913e+07 3.30225e+07 1.11033e+07
3.30225e+07 1.11033e+07 3.30064e+07 1.11307e+07
3.30064e+07 1.11307e+07 3.30012e+07 1.11526e+07
3.30012e+07 1.11526e+07 3.29964e+07 1.11385e+07
3.29964e+07 1.11385e+07 3.29914e+07 1.11372e+07
3.29914e+07 1.11372e+07 3.29844e+07 1.11481e+07
3.29844e+07 1.11481e+07 3.29797e+07 1.11552e+07
3.29797e+07 1.11552e+07 3.29842e+07 1.11639e+07
3.29842e+07 1.11639e+07 3.29973e+07 1.11621e+07
3.29973e+07 1.11621e+07 3.29973e+07 1.11488e+07
3.29973e+07 1.11488e+07 3.29872e+07 1.11407e+07
3.29872e+07 1.11407e+07 3.29844e+07 1.11546e+07
3.29844e+07 1.11546e+07 3.2986e+07 1.11442e+07
3.2986e+07 1.11442e+07 3.2991e+07 1.11351e+07
3.2991e+07 1.11351e+07 3.30024e+07 1.11523e+07
3.30024e+07 1.11523e+07 3.29985e+07 1.1139e+07
3.29985e+07 1.1139e+07 3.29871e+07 1.11405e+07
3.29871e+07 1.11405e+07 3.29968e+07 1.1135e+07
3.29968e+07 1.1135e+07 3.30043e+07 1.11346e+07
3.30043e+07 1.11346e+07 3.30212e+07 1.11061e+07
3.30212e+07 1.11061e+07 3.30309e+07 1.1087e+07
3.30309e+07 1.1087e+07 3.30178e+07 1.11037e+07
3.30178e+07 1.11037e+07 3.30081e+07 1.11267e+07
3.30081e+07 1.11267e+07 3.29953e+07 1.11404e+07
3.29953e+07 1.11404e+07 3.30047e+07 1.11112e+07
3.30047e+07 1.11112e+07 3.29963e+07 1.11185e+07
3.29963e+07 1.11185e+07 3.29964e+07 1.1139e+07
3.29964e+07 1.1139e+07 3.30036e+07 1.11275e+07
