1297.57 146719.0
-4400.88 152574.0
-26126.0 148836.0
-3873.22 134861.0
864.534 147028.0
-12962500.0 9037510.0
28005.3 109687.0
-3863.2 152167.0
-3178.59 162560.0
-10776.1 135229.0
-3511.44 164049.0
-10846.3 161654.0
-10765.0 152911.0
15864.8 114485.0
-1079.1 149250.0
30424.3 91756.1
38574.0 75868.5
3862.37 135999.0
-6794.25 157597.0
1854.16 148522.0
-23385.3 138187.0
-9389.1 144121.0
4405.61 151296.0
12183.5 111989.0
26869.9 105571.0
-6883.3 159801.0
-6041.73 134973.0
3715.43 152663.0
10169.7 150853.0
-14817.0 137642.0
-10447.8 143704.0
-15557.3 152821.0
-17921.7 111591.0
-2896.95 145410.0
1180.68 142204.0
-5767.88 156807.0
14974.3 124304.0
23351.1 107955.0
37586.6 77491.6
23711.7 110805.0
26829.8 109298.0
3862.37 135999.0
-3727.4 132388.0
-14518.7 152795.0
-16032.7 137141.0
-12320.1 151256.0
-2077.64 148489.0
-12928.0 126178.0
