-1751.47 145307.0
-11851.5 124232.0
5387.44 103914.0
-13870.8 115073.0
-24682.2 87586.0
-9347.92 135095.0
15188.0 121274.0
-858.692 114592.0
-12069.7 135244.0
3253.45 111785.0
-9020.64 139416.0
-4335.2 123482.0
-3966.73 164083.0
-3186.38 139078.0
-6194.23 139830.0
7245.37 147514.0
-397.829 143246.0
254.503 128422.0
11752.7 117629.0
2589.99 112684.0
-3430.17 145410.0
3410.41 137032.0
-1170.39 139434.0
9292.53 116629.0
5001.17 106377.0
-4043.54 164127.0
4957.75 108519.0
-10786.2 140367.0
-10502.3 145319.0
4661.64 110963.0
1750.64 134892.0
1509.07 146991.0
-10802.9 156840.0
-23158.2 148616.0
-11277.1 156304.0
-3818.68 143584.0
9909.24 115563.0
14659.2 103754.0
-9708.59 135084.0
-6558.25 139269.0
-18567.4 162128.0
-18758.9 127334.0
-196444.0 130713.0
-8359.4 143172.0
12300.4 125403.0
5174.82 103540.0
4619.34 93688.6
