2320.59 138724.0
-3960.05 125913.0
641.895 141436.0
14983.2 121579.0
3974.8 154351.0
-2868.01 155148.0
-2743.33 169608.0
10956.8 162831.0
13986.9 104478.0
24548.9 94176.1
-9747.55 139419.0
-10448.9 154712.0
-1743.68 149920.0
-10387.6 151508.0
-7767.18 143825.0
-4240.58 155934.0
-355.528 169001.0
2832.66 112459.0
24071.3 94198.4
1851.94 131145.0
-7584.62 139350.0
-12284.5 123300.0
-4770.46 143593.0
4437.89 134445.0
2425.23 139779.0
1581.43 113739.0
13251.1 116344.0
30589.1 88699.2
7263.18 129046.0
-10741.6 146145.0
-2578.58 156014.0
3175.53 150976.0
-10431.1 149618.0
-2204.54 161424.0
3626.37 141888.0
-4398.65 167373.0
18587.7 97740.6
24266.1 94216.2
-1919.57 149192.0
-7825.07 149504.0
21224.9 94320.9
30693.7 87759.7
85086.6 87746.3
20924.3 95140.2
5273.9 132708.0
30298.5 86880.3
60404.9 114056.0
30308.5 86873.6
30306.3 172196.0
23974.5 94209.5
-7675.9 143702.0
1241.91 157127.0
-13866.4 139512.0
3786.67 134256.0
-670.562 155914.0
