21949.6 101615.0
-3259.85 158345.0
605.16 153160.0
-13011.4 135431.0
-25739.7 110625.0
-11936.1 132900.0
-25739.7 110625.0
-6151.93 140790.0
1906.48 130248.0
4462.38 145539.0
13442.5 110226.0
-1747.02 139022.0
-15569.6 152554.0
5179.28 138466.0
-6652.87 149575.0
275.654 141814.0
-14553.2 138708.0
4392.25 134977.0
20361.0 103333.0
-4503.29 141894.0
1450.07 141705.0
-10409.9 154605.0
19973.6 105916.0
48216.5 87140.8
14379.8 122710.0
4413.4 147463.0
11728.2 108367.0
40357.3 95912.7
42075.0 87136.3
41062.0 93599.5
9616.47 121556.0
-10445.5 150564.0
-10530.1 143344.0
8239.45 138840.0
13607.3 115872.0
