3.29841e+07 1.11238e+07 3.30051e+07 1.11316e+07
3.30051e+07 1.11316e+07 3.30156e+07 1.112e+07
3.30156e+07 1.112e+07 3.30046e+07 1.11342e+07
3.30046e+07 1.11342e+07 3.30119e+07 1.11257e+07
3.30119e+07 1.11257e+07 3.3016e+07 1.11147e+07
3.3016e+07 1.11147e+07 3.30105e+07 1.11266e+07
3.30105e+07 1.11266e+07 3.30028e+07 1.11374e+07
3.30028e+07 1.11374e+07 3.29949e+07 1.11436e+07
3.29949e+07 1.11436e+07 3.29867e+07 1.11493e+07
3.29867e+07 1.11493e+07 3.29905e+07 1.11663e+07
3.29905e+07 1.11663e+07 3.29891e+07 1.1154e+07
3.29891e+07 1.1154e+07 3.29835e+07 1.11381e+07
3.29835e+07 1.11381e+07 3.29785e+07 1.11551e+07
3.29785e+07 1.11551e+07 3.29845e+07 1.1147e+07
3.29845e+07 1.1147e+07 3.29914e+07 1.1137e+07
3.29914e+07 1.1137e+07 3.30017e+07 1.11289e+07
3.30017e+07 1.11289e+07 3.30123e+07 1.11109e+07
3.30123e+07 1.11109e+07 3.30176e+07 1.11018e+07
3.30176e+07 1.11018e+07 3.30122e+07 1.11109e+07
3.30122e+07 1.11109e+07 3.30019e+07 1.11161e+07
3.30019e+07 1.11161e+07 3.29956e+07 1.11239e+07
3.29956e+07 1.11239e+07 3.2991e+07 1.11374e+07
3.2991e+07 1.11374e+07 3.29894e+07 1.1145e+07
3.29894e+07 1.1145e+07 3.29871e+07 1.11567e+07
3.29871e+07 1.11567e+07 3.29882e+07 1.11717e+07
3.29882e+07 1.11717e+07 3.29916e+07 1.11606e+07
3.29916e+07 1.11606e+07 3.29989e+07 1.11526e+07
3.29989e+07 1.11526e+07 3.30121e+07 1.11524e+07
3.30121e+07 1.11524e+07 3.3022e+07 1.11559e+07
3.3022e+07 1.11559e+07 3.30119e+07 1.11509e+07
3.30119e+07 1.11509e+07 3.3008e+07 1.11381e+07
3.3008e+07 1.11381e+07 3.30133e+07 1.11245e+07
3.30133e+07 1.11245e+07 3.30083e+07 1.11281e+07
3.30083e+07 1.11281e+07 3.29986e+07 1.11392e+07
3.29986e+07 1.11392e+07 3.29902e+07 1.11473e+07
3.29902e+07 1.11473e+07 3.2987e+07 1.11341e+07
3.2987e+07 1.11341e+07 3.29827e+07 1.11515e+07
3.29827e+07 1.11515e+07 3.29919e+07 1.11437e+07
3.29919e+07 1.11437e+07 3.29964e+07 1.11328e+07
3.29964e+07 1.11328e+07 3.29959e+07 1.11192e+07
3.29959e+07 1.11192e+07 3.30125e+07 1.11079e+07
3.30125e+07 1.11079e+07 3.30226e+07 1.1106e+07
3.30226e+07 1.1106e+07 3.30034e+07 1.11116e+07
3.30034e+07 1.11116e+07 3.29958e+07 1.11215e+07
3.29958e+07 1.11215e+07 3.29951e+07 1.11311e+07
3.29951e+07 1.11311e+07 3.29964e+07 1.11413e+07
3.29964e+07 1.11413e+07 3.29877e+07 1.11321e+07
3.29877e+07 1.11321e+07 3.29835e+07 1.11219e+07
3.29835e+07 1.11219e+07 3.29851e+07 1.11353e+07
3.29851e+07 1.11353e+07 3.29941e+07 1.11301e+07
3.29941e+07 1.11301e+07 3.30013e+07 1.11419e+07
3.30013e+07 1.11419e+07 3.29915e+07 1.11393e+07
3.29915e+07 1.11393e+07 3.29801e+07 1.11316e+07
3.29801e+07 1.11316e+07 3.29868e+07 1.11196e+07
3.29868e+07 1.11196e+07 3.29974e+07 1.11157e+07
3.29974e+07 1.11157e+07 3.30124e+07 1.11081e+07
3.30124e+07 1.11081e+07 3.30229e+07 1.11065e+07
3.30229e+07 1.11065e+07 3.30113e+07 1.11093e+07
3.30113e+07 1.11093e+07 3.29983e+07 1.11159e+07
3.29983e+07 1.11159e+07 3.29963e+07 1.11263e+07
3.29963e+07 1.11263e+07 3.29946e+07 1.11378e+07
3.29946e+07 1.11378e+07 3.29921e+07 1.11476e+07
3.29921e+07 1.11476e+07 3.29846e+07 1.11427e+07
3.29846e+07 1.11427e+07 3.2994e+07 1.11349e+07
3.2994e+07 1.11349e+07 3.29837e+07 1.11382e+07
3.29837e+07 1.11382e+07 3.29966e+07 1.11348e+07
3.29966e+07 1.11348e+07 3.29856e+07 1.11396e+07
3.29856e+07 1.11396e+07 3.29833e+07 1.1126e+07
3.29833e+07 1.1126e+07 3.29943e+07 1.11392e+07
3.29943e+07 1.11392e+07 3.30028e+07 1.11329e+07
3.30028e+07 1.11329e+07 3.30113e+07 1.11185e+07
3.30113e+07 1.11185e+07 3.30152e+07 1.11059e+07
3.30152e+07 1.11059e+07 3.29989e+07 1.11149e+07
3.29989e+07 1.11149e+07 3.29963e+07 1.11286e+07
3.29963e+07 1.11286e+07 3.29923e+07 1.11374e+07
3.29923e+07 1.11374e+07 3.30023e+07 1.11388e+07
3.30023e+07 1.11388e+07 3.30139e+07 1.11523e+07
3.30139e+07 1.11523e+07 3.30032e+07 1.11526e+07
3.30032e+07 1.11526e+07 3.30046e+07 1.1141e+07
3.30046e+07 1.1141e+07 3.29911e+07 1.11375e+07
3.29911e+07 1.11375e+07 3.29891e+07 1.11273e+07
3.29891e+07 1.11273e+07 3.29861e+07 1.11393e+07
3.29861e+07 1.11393e+07 3.29919e+07 1.11343e+07
3.29919e+07 1.11343e+07 3.30101e+07 1.11201e+07
3.30101e+07 1.11201e+07 3.30223e+07 1.11061e+07
3.30223e+07 1.11061e+07 3.30249e+07 1.10943e+07
3.30249e+07 1.10943e+07 3.30197e+07 1.11048e+07
3.30197e+07 1.11048e+07 3.30036e+07 1.11066e+07
3.30036e+07 1.11066e+07 3.29985e+07 1.11164e+07
3.29985e+07 1.11164e+07 3.29951e+07 1.11272e+07
3.29951e+07 1.11272e+07 3.29938e+07 1.11406e+07
3.29938e+07 1.11406e+07 3.3002e+07 1.11253e+07
3.3002e+07 1.11253e+07 3.30036e+07 1.11118e+07
3.30036e+07 1.11118e+07 3.30209e+07 1.10892e+07
3.30209e+07 1.10892e+07 3.30159e+07 1.11012e+07
3.30159e+07 1.11012e+07 3.30021e+07 1.11135e+07
3.30021e+07 1.11135e+07 3.29957e+07 1.11233e+07
3.29957e+07 1.11233e+07 3.29963e+07 1.11358e+07
3.29963e+07 1.11358e+07 3.29895e+07 1.11444e+07
3.29895e+07 1.11444e+07 3.29896e+07 1.11352e+07
3.29896e+07 1.11352e+07 3.29972e+07 1.11453e+07
3.29972e+07 1.11453e+07 3.3003e+07 1.11607e+07
3.3003e+07 1.11607e+07 3.29999e+07 1.11409e+07
3.29999e+07 1.11409e+07 3.30064e+07 1.11509e+07
3.30064e+07 1.11509e+07 3.29999e+07 1.11423e+07
3.29999e+07 1.11423e+07 3.30069e+07 1.11298e+07
3.30069e+07 1.11298e+07 3.30101e+07 1.11201e+07
3.30101e+07 1.11201e+07 3.30138e+07 1.1106e+07
3.30138e+07 1.1106e+07 3.3e+07 1.1114e+07
3.3e+07 1.1114e+07 3.30011e+07 1.11245e+07
3.30011e+07 1.11245e+07 3.29906e+07 1.11308e+07
3.29906e+07 1.11308e+07 3.29819e+07 1.11373e+07
3.29819e+07 1.11373e+07 3.29781e+07 1.11497e+07
3.29781e+07 1.11497e+07 3.29844e+07 1.11578e+07
3.29844e+07 1.11578e+07 3.29896e+07 1.11473e+07
3.29896e+07 1.11473e+07 3.29861e+07 1.11375e+07
3.29861e+07 1.11375e+07 3.29963e+07 1.11362e+07
3.29963e+07 1.11362e+07 3.29892e+07 1.11353e+07
3.29892e+07 1.11353e+07 3.29859e+07 1.11242e+07
