3.29946e+07 1.11404e+07 3.29994e+07 1.11601e+07
3.29994e+07 1.11601e+07 3.30068e+07 1.11788e+07
3.30068e+07 1.11788e+07 3.30057e+07 1.11905e+07
3.30057e+07 1.11905e+07 3.30084e+07 1.11766e+07
3.30084e+07 1.11766e+07 3.30043e+07 1.11669e+07
3.30043e+07 1.11669e+07 3.29985e+07 1.11525e+07
3.29985e+07 1.11525e+07 3.29964e+07 1.11393e+07
3.29964e+07 1.11393e+07 3.30027e+07 1.11244e+07
3.30027e+07 1.11244e+07 3.30091e+07 1.11103e+07
3.30091e+07 1.11103e+07 3.3009e+07 1.1093e+07
3.3009e+07 1.1093e+07 3.30004e+07 1.1086e+07
3.30004e+07 1.1086e+07 3.29953e+07 1.10956e+07
3.29953e+07 1.10956e+07 3.2996e+07 1.11143e+07
3.2996e+07 1.11143e+07 3.2995e+07 1.1143e+07
3.2995e+07 1.1143e+07 3.30012e+07 1.11542e+07
3.30012e+07 1.11542e+07 3.29943e+07 1.11436e+07
3.29943e+07 1.11436e+07 3.29802e+07 1.1144e+07
3.29802e+07 1.1144e+07 3.2987e+07 1.11354e+07
3.2987e+07 1.11354e+07 3.29982e+07 1.11381e+07
3.29982e+07 1.11381e+07 3.30156e+07 1.11203e+07
3.30156e+07 1.11203e+07 3.29992e+07 1.11145e+07
3.29992e+07 1.11145e+07 3.29895e+07 1.11466e+07
3.29895e+07 1.11466e+07 3.29835e+07 1.11571e+07
3.29835e+07 1.11571e+07 3.29835e+07 1.11471e+07
3.29835e+07 1.11471e+07 3.29944e+07 1.11477e+07
3.29944e+07 1.11477e+07 3.29961e+07 1.11325e+07
3.29961e+07 1.11325e+07 3.29968e+07 1.11151e+07
3.29968e+07 1.11151e+07 3.29952e+07 1.10933e+07
3.29952e+07 1.10933e+07 3.30012e+07 1.10837e+07
3.30012e+07 1.10837e+07 3.29952e+07 1.10936e+07
3.29952e+07 1.10936e+07 3.29956e+07 1.11154e+07
3.29956e+07 1.11154e+07 3.30013e+07 1.11376e+07
3.30013e+07 1.11376e+07 3.30156e+07 1.11202e+07
3.30156e+07 1.11202e+07 3.30044e+07 1.11348e+07
3.30044e+07 1.11348e+07 3.29976e+07 1.11454e+07
3.29976e+07 1.11454e+07 3.30026e+07 1.1156e+07
3.30026e+07 1.1156e+07 3.29993e+07 1.11464e+07
3.29993e+07 1.11464e+07 3.29895e+07 1.1145e+07
3.29895e+07 1.1145e+07 3.29996e+07 1.11402e+07
3.29996e+07 1.11402e+07 3.29901e+07 1.11514e+07
3.29901e+07 1.11514e+07 3.29836e+07 1.11445e+07
3.29836e+07 1.11445e+07 3.29916e+07 1.11374e+07
3.29916e+07 1.11374e+07 3.29805e+07 1.11402e+07
3.29805e+07 1.11402e+07 3.29804e+07 1.11515e+07
3.29804e+07 1.11515e+07 3.29854e+07 1.11643e+07
3.29854e+07 1.11643e+07 3.2985e+07 1.11528e+07
3.2985e+07 1.11528e+07 3.29936e+07 1.11393e+07
3.29936e+07 1.11393e+07 3.30009e+07 1.10893e+07
3.30009e+07 1.10893e+07 3.29921e+07 1.10815e+07
3.29921e+07 1.10815e+07 3.29814e+07 1.10856e+07
3.29814e+07 1.10856e+07 3.29927e+07 1.10813e+07
3.29927e+07 1.10813e+07 3.30017e+07 1.10858e+07
3.30017e+07 1.10858e+07 3.29982e+07 1.11059e+07
3.29982e+07 1.11059e+07 3.2996e+07 1.11193e+07
3.2996e+07 1.11193e+07 3.29952e+07 1.11333e+07
3.29952e+07 1.11333e+07 3.29851e+07 1.11365e+07
3.29851e+07 1.11365e+07 3.29939e+07 1.11455e+07
3.29939e+07 1.11455e+07 3.30037e+07 1.11377e+07
3.30037e+07 1.11377e+07 3.29973e+07 1.1149e+07
3.29973e+07 1.1149e+07 3.29842e+07 1.11619e+07
3.29842e+07 1.11619e+07 3.29873e+07 1.11724e+07
3.29873e+07 1.11724e+07 3.29896e+07 1.11525e+07
3.29896e+07 1.11525e+07 3.30006e+07 1.11288e+07
3.30006e+07 1.11288e+07 3.30047e+07 1.11099e+07
3.30047e+07 1.11099e+07 3.3008e+07 1.10854e+07
3.3008e+07 1.10854e+07 3.30105e+07 1.10714e+07
3.30105e+07 1.10714e+07 3.3005e+07 1.10823e+07
3.3005e+07 1.10823e+07 3.29958e+07 1.10867e+07
3.29958e+07 1.10867e+07 3.29846e+07 1.10872e+07
3.29846e+07 1.10872e+07 3.29759e+07 1.10901e+07
3.29759e+07 1.10901e+07 3.29833e+07 1.11119e+07
3.29833e+07 1.11119e+07 3.29888e+07 1.11243e+07
3.29888e+07 1.11243e+07 3.29901e+07 1.11428e+07
3.29901e+07 1.11428e+07 3.29862e+07 1.11546e+07
3.29862e+07 1.11546e+07 3.29894e+07 1.11394e+07
3.29894e+07 1.11394e+07 3.29964e+07 1.11258e+07
3.29964e+07 1.11258e+07 3.29895e+07 1.11448e+07
3.29895e+07 1.11448e+07 3.29967e+07 1.11357e+07
3.29967e+07 1.11357e+07 3.30006e+07 1.11458e+07
3.30006e+07 1.11458e+07 3.29895e+07 1.11495e+07
3.29895e+07 1.11495e+07 3.29988e+07 1.11395e+07
3.29988e+07 1.11395e+07 3.29968e+07 1.11263e+07
3.29968e+07 1.11263e+07 3.29985e+07 1.11147e+07
3.29985e+07 1.11147e+07 3.3007e+07 1.10915e+07
3.3007e+07 1.10915e+07 3.3002e+07 1.11012e+07
3.3002e+07 1.11012e+07 3.29968e+07 1.11177e+07
3.29968e+07 1.11177e+07 3.29898e+07 1.11259e+07
3.29898e+07 1.11259e+07 3.29846e+07 1.11404e+07
3.29846e+07 1.11404e+07 3.29918e+07 1.11513e+07
3.29918e+07 1.11513e+07 3.30024e+07 1.1158e+07
3.30024e+07 1.1158e+07 3.29918e+07 1.11593e+07
3.29918e+07 1.11593e+07 3.29892e+07 1.11478e+07
3.29892e+07 1.11478e+07 3.29745e+07 1.11489e+07
3.29745e+07 1.11489e+07 3.29814e+07 1.11629e+07
3.29814e+07 1.11629e+07 3.29903e+07 1.11699e+07
3.29903e+07 1.11699e+07 3.29844e+07 1.11615e+07
3.29844e+07 1.11615e+07 3.2975e+07 1.11551e+07
3.2975e+07 1.11551e+07 3.29719e+07 1.11651e+07
3.29719e+07 1.11651e+07 3.29721e+07 1.11528e+07
3.29721e+07 1.11528e+07 3.29814e+07 1.11635e+07
3.29814e+07 1.11635e+07 3.29952e+07 1.11696e+07
3.29952e+07 1.11696e+07 3.30034e+07 1.11768e+07
3.30034e+07 1.11768e+07 3.29945e+07 1.11687e+07
3.29945e+07 1.11687e+07 3.29908e+07 1.11575e+07
3.29908e+07 1.11575e+07 3.29963e+07 1.11483e+07
3.29963e+07 1.11483e+07 3.29953e+07 1.11327e+07
3.29953e+07 1.11327e+07 3.29964e+07 1.11185e+07
3.29964e+07 1.11185e+07 3.3002e+07 1.11005e+07
3.3002e+07 1.11005e+07 3.30047e+07 1.10849e+07
3.30047e+07 1.10849e+07 3.30092e+07 1.10753e+07
