3.30069e+07 1.11296e+07 3.29974e+07 1.11511e+07
3.29974e+07 1.11511e+07 3.2996e+07 1.11268e+07
3.2996e+07 1.11268e+07 3.29898e+07 1.11455e+07
3.29898e+07 1.11455e+07 3.29971e+07 1.11326e+07
3.29971e+07 1.11326e+07 3.29953e+07 1.11422e+07
3.29953e+07 1.11422e+07 3.29953e+07 1.11334e+07
3.29953e+07 1.11334e+07 3.29866e+07 1.11395e+07
3.29866e+07 1.11395e+07 3.29814e+07 1.11276e+07
3.29814e+07 1.11276e+07 3.29935e+07 1.1135e+07
3.29935e+07 1.1135e+07 3.29853e+07 1.11552e+07
3.29853e+07 1.11552e+07 3.29887e+07 1.11436e+07
3.29887e+07 1.11436e+07 3.2993e+07 1.1134e+07
3.2993e+07 1.1134e+07 3.30069e+07 1.11296e+07
3.30069e+07 1.11296e+07 3.29964e+07 1.11454e+07
3.29964e+07 1.11454e+07 3.29844e+07 1.1158e+07
3.29844e+07 1.1158e+07 3.29945e+07 1.11563e+07
3.29945e+07 1.11563e+07 3.29957e+07 1.11674e+07
3.29957e+07 1.11674e+07 3.30012e+07 1.11611e+07
3.30012e+07 1.11611e+07 3.30008e+07 1.11501e+07
3.30008e+07 1.11501e+07 3.30008e+07 1.11419e+07
3.30008e+07 1.11419e+07 3.29955e+07 1.11325e+07
3.29955e+07 1.11325e+07 3.30033e+07 1.11375e+07
3.30033e+07 1.11375e+07 3.29956e+07 1.115e+07
3.29956e+07 1.115e+07 3.30049e+07 1.1161e+07
3.30049e+07 1.1161e+07 3.30033e+07 1.11386e+07
3.30033e+07 1.11386e+07 3.30094e+07 1.11504e+07
3.30094e+07 1.11504e+07 3.29966e+07 1.11454e+07
3.29966e+07 1.11454e+07 3.30003e+07 1.11598e+07
3.30003e+07 1.11598e+07 3.30006e+07 1.11464e+07
3.30006e+07 1.11464e+07 3.3015e+07 1.11216e+07
3.3015e+07 1.11216e+07 3.30069e+07 1.11295e+07
3.30069e+07 1.11295e+07 3.29959e+07 1.11347e+07
3.29959e+07 1.11347e+07 3.29883e+07 1.11254e+07
3.29883e+07 1.11254e+07 3.30052e+07 1.11319e+07
3.30052e+07 1.11319e+07 3.29845e+07 1.11524e+07
3.29845e+07 1.11524e+07 3.29997e+07 1.11337e+07
3.29997e+07 1.11337e+07 3.29884e+07 1.11271e+07
3.29884e+07 1.11271e+07 3.29972e+07 1.11396e+07
3.29972e+07 1.11396e+07 3.29968e+07 1.11338e+07
3.29968e+07 1.11338e+07 3.29921e+07 1.11611e+07
3.29921e+07 1.11611e+07 3.29964e+07 1.11248e+07
3.29964e+07 1.11248e+07 3.29958e+07 1.11348e+07
3.29958e+07 1.11348e+07 3.3016e+07 1.1215e+07
3.3016e+07 1.1215e+07 3.30016e+07 1.11356e+07
3.30016e+07 1.11356e+07 3.29898e+07 1.11352e+07
3.29898e+07 1.11352e+07 3.29794e+07 1.11521e+07
3.29794e+07 1.11521e+07 3.29906e+07 1.11382e+07
3.29906e+07 1.11382e+07 3.29892e+07 1.1138e+07
3.29892e+07 1.1138e+07 3.29885e+07 1.11583e+07
3.29885e+07 1.11583e+07 3.30015e+07 1.11346e+07
3.30015e+07 1.11346e+07 3.29956e+07 1.11334e+07
3.29956e+07 1.11334e+07 3.29914e+07 1.11488e+07
3.29914e+07 1.11488e+07 3.29909e+07 1.11363e+07
3.29909e+07 1.11363e+07 3.29884e+07 1.11395e+07
3.29884e+07 1.11395e+07 3.29927e+07 1.11644e+07
3.29927e+07 1.11644e+07 3.29883e+07 1.11538e+07
3.29883e+07 1.11538e+07 3.2986e+07 1.11439e+07
3.2986e+07 1.11439e+07 3.29982e+07 1.11476e+07
3.29982e+07 1.11476e+07 3.29944e+07 1.11493e+07
3.29944e+07 1.11493e+07 3.29922e+07 1.11359e+07
3.29922e+07 1.11359e+07 3.2996e+07 1.11193e+07
3.2996e+07 1.11193e+07 3.29953e+07 1.11334e+07
3.29953e+07 1.11334e+07 3.30033e+07 1.11385e+07
3.30033e+07 1.11385e+07 3.2999e+07 1.1152e+07
3.2999e+07 1.1152e+07 3.29895e+07 1.11486e+07
3.29895e+07 1.11486e+07 3.29804e+07 1.1144e+07
3.29804e+07 1.1144e+07 3.30069e+07 1.11296e+07
3.30069e+07 1.11296e+07 3.29975e+07 1.11313e+07
3.29975e+07 1.11313e+07 3.29962e+07 1.11433e+07
3.29962e+07 1.11433e+07 3.29918e+07 1.1135e+07
