-9049.58 131005.0
-5685.5 143629.0
-6212.05 138969.0
-729.561 127810.0
9264.7 131043.0
-17254.9 133252.0
-15568.4 150889.0
-4554.5 139174.0
-10748.3 127467.0
-3710.7 144568.0
-8398.36 133329.0
2587.76 146966.0
-10435.5 150433.0
-8750.13 143756.0
-4122.58 134792.0
-9056.26 131237.0
253386.0 1262160.0
-8399.47 133349.0
-7866.25 142435.0
-12217.7 123433.0
-8252.53 133581.0
1907.6 130295.0
1877.54 160859.0
-5098.85 130108.0
3145.47 127258.0
-9062.94 131034.0
430625.0 2168850.0
-13659.3 135342.0
-3518.11 141932.0
-15569.6 147057.0
-14927.2 135324.0
15012.1 121601.0
-7378.67 135518.0
-17962.9 131286.0
-4263.95 147097.0
