-4176.01 110765.0
-19521.4 140160.0
-13058.2 133917.0
-13188.4 145944.0
-15486.1 124319.0
-4629.08 127145.0
-15539.5 149310.0
-12464.9 139448.0
-15574.0 148217.0
14250.7 123075.0
-4135.94 111849.0
-17975.2 149092.0
-7896.31 135758.0
1289.77 144179.0
-13432.2 120004.0
-3393.44 105954.0
-26992.1 150326.0
-4045.77 114454.0
-5050.98 137760.0
-4088.07 112775.0
-9036.22 131920.0
1317.6 146160.0
-16736.2 135491.0
-15971.4 140790.0
-21980.5 122144.0
-11219.2 139425.0
-13093.8 147280.0
-4072.49 112559.0
-31751.0 80080.9
-52223.7 31525.5
-28233.3 14645.1
-49292.7 29414.9
-25880.0 6204.81
-47094.1 25605.6
-28818.8 8155.13
-52210.4 27531.4
-13436.7 125577.0
-42959.7 24427.8
-23404.2 2529.04
