3.29962e+07 1.11325e+07 3.30038e+07 1.11507e+07
3.30038e+07 1.11507e+07 3.30045e+07 1.11398e+07
3.30045e+07 1.11398e+07 3.30012e+07 1.11528e+07
3.30012e+07 1.11528e+07 3.3003e+07 1.1139e+07
3.3003e+07 1.1139e+07 3.30095e+07 1.11229e+07
3.30095e+07 1.11229e+07 3.30143e+07 1.11039e+07
3.30143e+07 1.11039e+07 3.30193e+07 1.1097e+07
3.30193e+07 1.1097e+07 3.30098e+07 1.11063e+07
3.30098e+07 1.11063e+07 3.2997e+07 1.1123e+07
3.2997e+07 1.1123e+07 3.30014e+07 1.1133e+07
3.30014e+07 1.1133e+07 3.29989e+07 1.11454e+07
3.29989e+07 1.11454e+07 3.29987e+07 1.11633e+07
3.29987e+07 1.11633e+07 3.29981e+07 1.11762e+07
3.29981e+07 1.11762e+07 3.30003e+07 1.11631e+07
3.30003e+07 1.11631e+07 3.30013e+07 1.11478e+07
3.30013e+07 1.11478e+07 3.2995e+07 1.11336e+07
3.2995e+07 1.11336e+07 3.29982e+07 1.11482e+07
3.29982e+07 1.11482e+07 3.29951e+07 1.11607e+07
3.29951e+07 1.11607e+07 3.30031e+07 1.11546e+07
3.30031e+07 1.11546e+07 3.30083e+07 1.11281e+07
3.30083e+07 1.11281e+07 3.30154e+07 1.11143e+07
3.30154e+07 1.11143e+07 3.30074e+07 1.11246e+07
3.30074e+07 1.11246e+07 3.30075e+07 1.11369e+07
3.30075e+07 1.11369e+07 3.30171e+07 1.11441e+07
3.30171e+07 1.11441e+07 3.3005e+07 1.11336e+07
3.3005e+07 1.11336e+07 3.29984e+07 1.11238e+07
3.29984e+07 1.11238e+07 3.30054e+07 1.11416e+07
3.30054e+07 1.11416e+07 3.2994e+07 1.11456e+07
3.2994e+07 1.11456e+07 3.30017e+07 1.11357e+07
3.30017e+07 1.11357e+07 3.30117e+07 1.11172e+07
3.30117e+07 1.11172e+07 3.30127e+07 1.11072e+07
3.30127e+07 1.11072e+07 3.30202e+07 1.10965e+07
3.30202e+07 1.10965e+07 3.30113e+07 1.11185e+07
3.30113e+07 1.11185e+07 3.30028e+07 1.11328e+07
3.30028e+07 1.11328e+07 3.29982e+07 1.11453e+07
3.29982e+07 1.11453e+07 3.30014e+07 1.11353e+07
3.30014e+07 1.11353e+07 3.29983e+07 1.1149e+07
3.29983e+07 1.1149e+07 3.30019e+07 1.11351e+07
3.30019e+07 1.11351e+07 3.29893e+07 1.11368e+07
3.29893e+07 1.11368e+07 3.30016e+07 1.11325e+07
3.30016e+07 1.11325e+07 3.29969e+07 1.11229e+07
3.29969e+07 1.11229e+07 3.30015e+07 1.1135e+07
3.30015e+07 1.1135e+07 3.30096e+07 1.11216e+07
3.30096e+07 1.11216e+07 3.30167e+07 1.10999e+07
3.30167e+07 1.10999e+07 3.30081e+07 1.11067e+07
3.30081e+07 1.11067e+07 3.30001e+07 1.1114e+07
3.30001e+07 1.1114e+07 3.29963e+07 1.11239e+07
3.29963e+07 1.11239e+07 3.29877e+07 1.11329e+07
3.29877e+07 1.11329e+07 3.29988e+07 1.11349e+07
3.29988e+07 1.11349e+07 3.30013e+07 1.11438e+07
3.30013e+07 1.11438e+07 3.29967e+07 1.11551e+07
3.29967e+07 1.11551e+07 3.30077e+07 1.11528e+07
3.30077e+07 1.11528e+07 3.30006e+07 1.11561e+07
3.30006e+07 1.11561e+07 3.29947e+07 1.11441e+07
3.29947e+07 1.11441e+07 3.29892e+07 1.11572e+07
3.29892e+07 1.11572e+07 3.29939e+07 1.11436e+07
3.29939e+07 1.11436e+07 3.30013e+07 1.11467e+07
3.30013e+07 1.11467e+07 3.30044e+07 1.1135e+07
3.30044e+07 1.1135e+07 3.30165e+07 1.10999e+07
3.30165e+07 1.10999e+07 3.30223e+07 1.10808e+07
3.30223e+07 1.10808e+07 3.30213e+07 1.10684e+07
3.30213e+07 1.10684e+07 3.30368e+07 1.10548e+07
3.30368e+07 1.10548e+07 3.30428e+07 1.10374e+07
3.30428e+07 1.10374e+07 3.30414e+07 1.10223e+07
3.30414e+07 1.10223e+07 3.30412e+07 1.10119e+07
3.30412e+07 1.10119e+07 3.30428e+07 1.10006e+07
3.30428e+07 1.10006e+07 3.30519e+07 1.10057e+07
3.30519e+07 1.10057e+07 3.30443e+07 1.09988e+07
3.30443e+07 1.09988e+07 3.30414e+07 1.10115e+07
3.30414e+07 1.10115e+07 3.30423e+07 1.10256e+07
3.30423e+07 1.10256e+07 3.30426e+07 1.10363e+07
3.30426e+07 1.10363e+07 3.30413e+07 1.10506e+07
3.30413e+07 1.10506e+07 3.303e+07 1.10591e+07
3.303e+07 1.10591e+07 3.30216e+07 1.10659e+07
3.30216e+07 1.10659e+07 3.30214e+07 1.10844e+07
3.30214e+07 1.10844e+07 3.30174e+07 1.10939e+07
