3.30847e+07 1.09724e+07 3.31042e+07 1.09475e+07
3.31042e+07 1.09475e+07 3.31215e+07 1.09373e+07
3.31215e+07 1.09373e+07 3.31451e+07 1.09336e+07
3.31451e+07 1.09336e+07 3.31496e+07 1.09194e+07
3.31496e+07 1.09194e+07 3.31526e+07 1.09e+07
3.31526e+07 1.09e+07 3.315e+07 1.08802e+07
3.315e+07 1.08802e+07 3.30797e+07 1.09853e+07
3.30797e+07 1.09853e+07 3.30794e+07 1.1002e+07
3.30794e+07 1.1002e+07 3.30625e+07 1.10334e+07
3.30625e+07 1.10334e+07 3.30559e+07 1.10414e+07
3.30559e+07 1.10414e+07 3.30455e+07 1.10492e+07
3.30455e+07 1.10492e+07 3.3041e+07 1.10615e+07
3.3041e+07 1.10615e+07 3.30367e+07 1.10776e+07
3.30367e+07 1.10776e+07 3.30249e+07 1.10942e+07
3.30249e+07 1.10942e+07 3.30231e+07 1.11047e+07
3.30231e+07 1.11047e+07 3.30153e+07 1.11111e+07
3.30153e+07 1.11111e+07 3.30127e+07 1.1125e+07
3.30127e+07 1.1125e+07 3.29986e+07 1.11435e+07
3.29986e+07 1.11435e+07 3.29916e+07 1.1135e+07
3.29916e+07 1.1135e+07 3.29898e+07 1.11433e+07
3.29898e+07 1.11433e+07 3.30012e+07 1.11457e+07
3.30012e+07 1.11457e+07 3.29921e+07 1.11423e+07
3.29921e+07 1.11423e+07 3.29856e+07 1.11543e+07
3.29856e+07 1.11543e+07 3.29926e+07 1.11641e+07
3.29926e+07 1.11641e+07 3.29966e+07 1.11543e+07
3.29966e+07 1.11543e+07 3.30013e+07 1.11432e+07
3.30013e+07 1.11432e+07 3.30049e+07 1.11335e+07
3.30049e+07 1.11335e+07 3.30109e+07 1.11192e+07
3.30109e+07 1.11192e+07 3.30193e+07 1.1106e+07
3.30193e+07 1.1106e+07 3.30154e+07 1.11173e+07
3.30154e+07 1.11173e+07 3.3004e+07 1.11353e+07
3.3004e+07 1.11353e+07 3.29989e+07 1.11445e+07
3.29989e+07 1.11445e+07 3.29987e+07 1.11546e+07
3.29987e+07 1.11546e+07 3.29944e+07 1.11644e+07
3.29944e+07 1.11644e+07 3.29915e+07 1.11535e+07
3.29915e+07 1.11535e+07 3.29894e+07 1.11419e+07
3.29894e+07 1.11419e+07 3.29906e+07 1.11305e+07
3.29906e+07 1.11305e+07 3.29847e+07 1.11403e+07
3.29847e+07 1.11403e+07 3.29896e+07 1.11502e+07
3.29896e+07 1.11502e+07 3.29926e+07 1.11405e+07
3.29926e+07 1.11405e+07 3.30015e+07 1.11477e+07
3.30015e+07 1.11477e+07 3.30019e+07 1.11604e+07
3.30019e+07 1.11604e+07 3.3008e+07 1.11509e+07
3.3008e+07 1.11509e+07 3.30035e+07 1.11403e+07
3.30035e+07 1.11403e+07 3.29966e+07 1.11319e+07
3.29966e+07 1.11319e+07 3.29851e+07 1.11163e+07
3.29851e+07 1.11163e+07 3.29897e+07 1.11254e+07
3.29897e+07 1.11254e+07 3.30019e+07 1.11277e+07
3.30019e+07 1.11277e+07 3.30102e+07 1.11199e+07
3.30102e+07 1.11199e+07 3.30134e+07 1.11058e+07
3.30134e+07 1.11058e+07 3.3024e+07 1.11088e+07
3.3024e+07 1.11088e+07 3.30234e+07 1.10935e+07
3.30234e+07 1.10935e+07 3.30209e+07 1.1079e+07
3.30209e+07 1.1079e+07 3.30234e+07 1.10932e+07
3.30234e+07 1.10932e+07 3.30244e+07 1.11081e+07
3.30244e+07 1.11081e+07 3.30153e+07 1.1107e+07
3.30153e+07 1.1107e+07 3.30098e+07 1.1127e+07
3.30098e+07 1.1127e+07 3.3001e+07 1.11406e+07
3.3001e+07 1.11406e+07 3.29913e+07 1.11439e+07
3.29913e+07 1.11439e+07 3.29829e+07 1.11504e+07
3.29829e+07 1.11504e+07 3.29824e+07 1.11395e+07
3.29824e+07 1.11395e+07 3.29828e+07 1.11551e+07
3.29828e+07 1.11551e+07 3.29831e+07 1.11693e+07
3.29831e+07 1.11693e+07 3.29845e+07 1.11586e+07
3.29845e+07 1.11586e+07 3.29867e+07 1.1146e+07
3.29867e+07 1.1146e+07 3.29951e+07 1.11528e+07
3.29951e+07 1.11528e+07 3.30093e+07 1.11274e+07
3.30093e+07 1.11274e+07 3.30132e+07 1.11168e+07
