-17981.9 144001.0
517.217 133913.0
-14971.8 145537.0
-1148.12 145425.0
15598.8 119771.0
9353.76 122692.0
5339.58 106323.0
-13333.2 122413.0
-412.301 140552.0
4450.13 142992.0
27498.8 93450.3
-10494.5 127855.0
-3742.98 139203.0
1293.11 144613.0
-17882.8 132468.0
2138.03 151739.0
-15515.0 158541.0
13646.2 116102.0
1261.94 142847.0
-17042.3 139269.0
-3649.47 147033.0
-11459.6 135237.0
4398.93 155424.0
-3954.49 123141.0
10627.3 108879.0
27580.1 94354.3
-1620.12 123832.0
4442.34 143326.0
3073.11 136636.0
-7818.39 143834.0
-15393.7 136190.0
-2871.35 136618.0
-25615.0 142282.0
-18019.7 130322.0
4453.47 137771.0
-13032.6 135260.0
-14784.8 137393.0
15065.6 121541.0
-15033.0 132586.0
-10692.7 154899.0
12350.5 109975.0
24666.9 94191.7
-13094.9 133534.0
-7831.74 140754.0
-1217.14 134757.0
841.157 151528.0
-3630.55 143569.0
-1561.12 153436.0
-5655.45 134899.0
4365.53 147011.0
23446.8 104847.0
29959.0 94169.5
-3807.55 123856.0
-2003.06 135928.0
2283.86 127022.0
-4291.78 152708.0
-16149.5 155284.0
380.294 157987.0
2411.87 137410.0
2280.52 138212.0
30367.5 88042.4
26007.2 94222.9
-5549.7 117219.0
-10767.2 145514.0
-19558.1 152385.0
-8894.85 131976.0
-4093.64 125619.0
-3663.94 151072.0
1227.44 150056.0
-3691.77 131446.0
4513.59 111143.0
27054.7 94376.5
-10787.3 135750.0
-6500.36 157550.0
13097.4 124667.0
81791.6 94354.3
1916.5 130491.0
-4098.09 139167.0
1230.78 147554.0
-9396.9 130696.0
1646.0 131978.0
