-3621.64 149063.0
-2820.14 140641.0
-7801.69 139650.0
-2786.75 149108.0
-8547.53 149001.0
-3496.96 143508.0
-15542.8 151285.0
8565.62 125381.0
36457.8 102748.0
17952.1 100372.0
21080.2 89456.2
1293.11 145412.0
15346.1 117246.0
-10762.8 139405.0
-11214.7 147327.0
-10179.5 139459.0
775.478 152581.0
-1731.44 143522.0
10149.7 119984.0
-7950.86 130028.0
16136.5 105936.0
37340.6 102795.0
11792.8 116427.0
-1277.25 145365.0
-11866.0 144194.0
1470.11 137762.0
-639.392 144110.0
4402.27 138481.0
-551.45 142996.0
-4823.89 152917.0
-2783.41 143413.0
-3653.92 148732.0
32191.0 109311.0
12912.6 106432.0
-6082.92 134899.0
-13503.5 139550.0
-8727.87 143246.0
-11169.1 149317.0
-5407.21 138150.0
-6723.0 139325.0
-4124.81 112054.0
-2139.98 139065.0
-367.773 140481.0
27992.0 104262.0
30838.4 104943.0
10011.7 120307.0
-16917.6 134035.0
14953.1 121665.0
-376.678 141674.0
-15527.3 152367.0
-10954.3 128093.0
-7609.11 137413.0
-4321.84 106341.0
-11353.9 139390.0
-2978.21 123912.0
4579.27 134015.0
19537.3 106038.0
30282.9 104885.0
15352.8 111571.0
-7105.94 139289.0
-1802.68 146541.0
-9651.82 129988.0
-6780.89 143635.0
-16544.7 146149.0
-15575.1 124021.0
-15213.3 125998.0
-19724.0 127603.0
-2927.01 135950.0
-14139.1 141396.0
32710.8 104175.0
10272.1 119782.0
-5331.51 139750.0
-15576.2 153325.0
3846.78 140919.0
18556.5 151519.0
-1524.38 139031.0
