-4812.76 152735.0
-6183.1 143649.0
1275.3 150054.0
-11092.3 130533.0
15851.5 114334.0
19835.6 103467.0
-2952.61 122990.0
3812.27 152697.0
5.14748 147846.0
-9277.78 144045.0
-270.925 152824.0
15058.9 121414.0
1955.46 158149.0
449.312 171530.0
-7282.94 157866.0
21593.3 154329.0
-1726.98 144548.0
16769.9 103692.0
-3718.49 133087.0
-8939.37 156954.0
1236.34 155190.0
-11671.2 173663.0
6343.68 152732.0
-3868.77 119806.0
14455.5 103759.0
-3717.38 131482.0
-3056.14 143486.0
-11041.1 160465.0
-10466.7 149464.0
29.6378 145457.0
1404.43 139713.0
-610.449 155845.0
-14185.9 147581.0
4505.79 111148.0
9360.44 122625.0
21390.7 101441.0
-2997.14 149059.0
37011.1 85261.7
45161.9 84184.1
21645.7 101984.0
4726.21 127251.0
4411.17 150969.0
-10761.7 150584.0
-13861.9 139477.0
