3.29963e+07 1.11467e+07 3.30075e+07 1.11397e+07
3.30075e+07 1.11397e+07 3.30013e+07 1.11483e+07
3.30013e+07 1.11483e+07 3.30102e+07 1.11395e+07
3.30102e+07 1.11395e+07 3.30081e+07 1.11268e+07
3.30081e+07 1.11268e+07 3.29994e+07 1.11347e+07
3.29994e+07 1.11347e+07 3.30055e+07 1.11475e+07
3.30055e+07 1.11475e+07 3.30025e+07 1.11359e+07
3.30025e+07 1.11359e+07 3.30099e+07 1.11207e+07
3.30099e+07 1.11207e+07 3.30136e+07 1.1108e+07
3.30136e+07 1.1108e+07 3.30073e+07 1.11289e+07
3.30073e+07 1.11289e+07 3.30156e+07 1.11191e+07
3.30156e+07 1.11191e+07 3.30047e+07 1.11307e+07
3.30047e+07 1.11307e+07 3.30013e+07 1.1142e+07
3.30013e+07 1.1142e+07 3.29884e+07 1.11394e+07
3.29884e+07 1.11394e+07 3.29844e+07 1.11524e+07
3.29844e+07 1.11524e+07 3.29864e+07 1.11418e+07
3.29864e+07 1.11418e+07 3.29983e+07 1.11409e+07
3.29983e+07 1.11409e+07 3.30009e+07 1.1152e+07
3.30009e+07 1.1152e+07 3.29996e+07 1.11406e+07
3.29996e+07 1.11406e+07 3.29906e+07 1.11364e+07
3.29906e+07 1.11364e+07 3.29876e+07 1.1146e+07
3.29876e+07 1.1146e+07 3.29893e+07 1.11352e+07
3.29893e+07 1.11352e+07 3.29846e+07 1.11213e+07
3.29846e+07 1.11213e+07 3.29892e+07 1.11333e+07
3.29892e+07 1.11333e+07 3.29895e+07 1.1144e+07
3.29895e+07 1.1144e+07 3.29938e+07 1.11529e+07
3.29938e+07 1.11529e+07 3.29873e+07 1.11432e+07
3.29873e+07 1.11432e+07 3.29997e+07 1.11415e+07
3.29997e+07 1.11415e+07 3.29986e+07 1.11527e+07
3.29986e+07 1.11527e+07 3.30014e+07 1.11353e+07
3.30014e+07 1.11353e+07 3.30117e+07 1.11177e+07
3.30117e+07 1.11177e+07 3.30187e+07 1.11062e+07
3.30187e+07 1.11062e+07 3.30081e+07 1.11105e+07
3.30081e+07 1.11105e+07 3.29981e+07 1.11183e+07
3.29981e+07 1.11183e+07 3.29951e+07 1.11325e+07
3.29951e+07 1.11325e+07 3.29883e+07 1.1152e+07
3.29883e+07 1.1152e+07 3.29826e+07 1.11394e+07
3.29826e+07 1.11394e+07 3.29891e+07 1.11307e+07
3.29891e+07 1.11307e+07 3.29866e+07 1.112e+07
3.29866e+07 1.112e+07 3.29953e+07 1.11273e+07
3.29953e+07 1.11273e+07 3.29943e+07 1.11408e+07
3.29943e+07 1.11408e+07 3.29809e+07 1.11386e+07
3.29809e+07 1.11386e+07 3.29901e+07 1.11337e+07
3.29901e+07 1.11337e+07 3.29994e+07 1.11409e+07
3.29994e+07 1.11409e+07 3.30012e+07 1.11566e+07
3.30012e+07 1.11566e+07 3.29919e+07 1.11611e+07
3.29919e+07 1.11611e+07 3.3003e+07 1.11558e+07
3.3003e+07 1.11558e+07 3.29954e+07 1.11472e+07
3.29954e+07 1.11472e+07 3.29988e+07 1.11362e+07
3.29988e+07 1.11362e+07 3.30068e+07 1.11269e+07
3.30068e+07 1.11269e+07 3.30138e+07 1.1106e+07
3.30138e+07 1.1106e+07 3.29946e+07 1.11563e+07
3.29946e+07 1.11563e+07 3.29895e+07 1.11456e+07
3.29895e+07 1.11456e+07 3.30012e+07 1.11492e+07
3.30012e+07 1.11492e+07 3.30038e+07 1.11353e+07
3.30038e+07 1.11353e+07 3.30119e+07 1.11154e+07
3.30119e+07 1.11154e+07 3.30187e+07 1.11061e+07
3.30187e+07 1.11061e+07 3.29981e+07 1.11337e+07
3.29981e+07 1.11337e+07 3.29924e+07 1.11426e+07
3.29924e+07 1.11426e+07 3.29846e+07 1.11525e+07
3.29846e+07 1.11525e+07 3.29878e+07 1.11437e+07
3.29878e+07 1.11437e+07 3.30022e+07 1.11386e+07
3.30022e+07 1.11386e+07 3.30156e+07 1.11201e+07
3.30156e+07 1.11201e+07 3.30154e+07 1.11062e+07
3.30154e+07 1.11062e+07 3.30135e+07 1.11159e+07
3.30135e+07 1.11159e+07 3.30036e+07 1.1129e+07
3.30036e+07 1.1129e+07 3.29958e+07 1.11219e+07
3.29958e+07 1.11219e+07 3.29884e+07 1.11143e+07
3.29884e+07 1.11143e+07 3.29954e+07 1.11271e+07
3.29954e+07 1.11271e+07 3.29921e+07 1.1141e+07
3.29921e+07 1.1141e+07 3.30024e+07 1.1151e+07
3.30024e+07 1.1151e+07 3.30154e+07 1.11516e+07
3.30154e+07 1.11516e+07 3.30049e+07 1.1151e+07
3.30049e+07 1.1151e+07 3.3004e+07 1.1135e+07
3.3004e+07 1.1135e+07 3.30117e+07 1.11177e+07
3.30117e+07 1.11177e+07 3.30226e+07 1.11051e+07
3.30226e+07 1.11051e+07 3.3021e+07 1.1095e+07
3.3021e+07 1.1095e+07 3.30173e+07 1.10848e+07
