3.29993e+07 1.11493e+07 3.3004e+07 1.11598e+07
3.3004e+07 1.11598e+07 3.29928e+07 1.11568e+07
3.29928e+07 1.11568e+07 3.29895e+07 1.11467e+07
3.29895e+07 1.11467e+07 3.30017e+07 1.11356e+07
3.30017e+07 1.11356e+07 3.29911e+07 1.11394e+07
3.29911e+07 1.11394e+07 3.30009e+07 1.11407e+07
3.30009e+07 1.11407e+07 3.29988e+07 1.11604e+07
3.29988e+07 1.11604e+07 3.29973e+07 1.1145e+07
3.29973e+07 1.1145e+07 3.29858e+07 1.11544e+07
3.29858e+07 1.11544e+07 3.29991e+07 1.1147e+07
3.29991e+07 1.1147e+07 3.29886e+07 1.11563e+07
3.29886e+07 1.11563e+07 3.29939e+07 1.11641e+07
3.29939e+07 1.11641e+07 3.29991e+07 1.11471e+07
3.29991e+07 1.11471e+07 3.30022e+07 1.11355e+07
3.30022e+07 1.11355e+07 3.29974e+07 1.11526e+07
3.29974e+07 1.11526e+07 3.30029e+07 1.11392e+07
3.30029e+07 1.11392e+07 3.30012e+07 1.11594e+07
3.30012e+07 1.11594e+07 3.30027e+07 1.11422e+07
3.30027e+07 1.11422e+07 3.29942e+07 1.11528e+07
3.29942e+07 1.11528e+07 3.29938e+07 1.11635e+07
3.29938e+07 1.11635e+07 3.30013e+07 1.11533e+07
3.30013e+07 1.11533e+07 3.29934e+07 1.11349e+07
3.29934e+07 1.11349e+07 3.29897e+07 1.11254e+07
3.29897e+07 1.11254e+07 3.2984e+07 1.11356e+07
3.2984e+07 1.11356e+07 3.29844e+07 1.11471e+07
3.29844e+07 1.11471e+07 3.29886e+07 1.11568e+07
3.29886e+07 1.11568e+07 3.2995e+07 1.11641e+07
3.2995e+07 1.11641e+07 3.30014e+07 1.11401e+07
3.30014e+07 1.11401e+07 3.30021e+07 1.11591e+07
3.30021e+07 1.11591e+07 3.30019e+07 1.11357e+07
3.30019e+07 1.11357e+07 3.29997e+07 1.11471e+07
3.29997e+07 1.11471e+07 3.29953e+07 1.11414e+07
3.29953e+07 1.11414e+07 3.30031e+07 1.11545e+07
3.30031e+07 1.11545e+07 3.29939e+07 1.11431e+07
3.29939e+07 1.11431e+07 3.30111e+07 1.11189e+07
3.30111e+07 1.11189e+07 3.30215e+07 1.11061e+07
3.30215e+07 1.11061e+07 3.30378e+07 1.10996e+07
3.30378e+07 1.10996e+07 3.3032e+07 1.10913e+07
3.3032e+07 1.10913e+07 3.30411e+07 1.10937e+07
3.30411e+07 1.10937e+07 3.30303e+07 1.11024e+07
3.30303e+07 1.11024e+07 3.30427e+07 1.10977e+07
3.30427e+07 1.10977e+07 3.30021e+07 1.11404e+07
3.30021e+07 1.11404e+07 3.29996e+07 1.11471e+07
3.29996e+07 1.11471e+07 3.2985e+07 1.11281e+07
3.2985e+07 1.11281e+07 3.29854e+07 1.11397e+07
3.29854e+07 1.11397e+07 3.29994e+07 1.11559e+07
3.29994e+07 1.11559e+07 3.30028e+07 1.11394e+07
3.30028e+07 1.11394e+07 3.29891e+07 1.11324e+07
3.29891e+07 1.11324e+07 3.29805e+07 1.11411e+07
3.29805e+07 1.11411e+07 3.29946e+07 1.11349e+07
3.29946e+07 1.11349e+07 3.29878e+07 1.11232e+07
3.29878e+07 1.11232e+07 3.29894e+07 1.11426e+07
3.29894e+07 1.11426e+07 3.29973e+07 1.11359e+07
3.29973e+07 1.11359e+07 3.29959e+07 1.11204e+07
3.29959e+07 1.11204e+07 3.29952e+07 1.11361e+07
3.29952e+07 1.11361e+07 3.29958e+07 1.11219e+07
3.29958e+07 1.11219e+07 3.3002e+07 1.11325e+07
3.3002e+07 1.11325e+07 3.29931e+07 1.11385e+07
3.29931e+07 1.11385e+07 3.29993e+07 1.11495e+07
3.29993e+07 1.11495e+07 3.29892e+07 1.11568e+07
3.29892e+07 1.11568e+07 3.29861e+07 1.11459e+07
3.29861e+07 1.11459e+07 3.29838e+07 1.11693e+07
3.29838e+07 1.11693e+07 3.29916e+07 1.11546e+07
3.29916e+07 1.11546e+07 3.29996e+07 1.11471e+07
3.29996e+07 1.11471e+07 3.2987e+07 1.11473e+07
3.2987e+07 1.11473e+07 3.29924e+07 1.11437e+07
3.29924e+07 1.11437e+07 3.29892e+07 1.11338e+07
3.29892e+07 1.11338e+07 3.29996e+07 1.11472e+07
3.29996e+07 1.11472e+07 3.29927e+07 1.11564e+07
3.29927e+07 1.11564e+07 3.29991e+07 1.1147e+07
3.29991e+07 1.1147e+07 3.30143e+07 1.1123e+07
3.30143e+07 1.1123e+07 3.30155e+07 1.11089e+07
3.30155e+07 1.11089e+07 3.30289e+07 1.11044e+07
3.30289e+07 1.11044e+07 3.30384e+07 1.10995e+07
3.30384e+07 1.10995e+07 3.30293e+07 1.11045e+07
3.30293e+07 1.11045e+07 3.30109e+07 1.11191e+07
3.30109e+07 1.11191e+07 3.30032e+07 1.11318e+07
3.30032e+07 1.11318e+07 3.3e+07 1.11453e+07
3.3e+07 1.11453e+07 3.2996e+07 1.1164e+07
3.2996e+07 1.1164e+07 3.29887e+07 1.11557e+07
3.29887e+07 1.11557e+07 3.30003e+07 1.11515e+07
3.30003e+07 1.11515e+07 3.30095e+07 1.11219e+07
3.30095e+07 1.11219e+07 3.30122e+07 1.11119e+07
3.30122e+07 1.11119e+07 3.30248e+07 1.11064e+07
3.30248e+07 1.11064e+07 3.30406e+07 1.1099e+07
