-513.601 123894.0
-7551.22 152924.0
-1803.79 147253.0
695.328 152590.0
-6360.1 134988.0
-14074.5 149239.0
2331.72 113212.0
11354.2 73566.5
-9744.21 139434.0
-15538.4 153534.0
-5181.23 134901.0
-3649.47 124862.0
1314.26 149395.0
6973.75 95142.4
12070.0 76683.4
-8101.14 134160.0
-15321.3 115547.0
-5276.96 139261.0
-1798.23 146619.0
-5449.51 168733.0
4880.94 150989.0
-19518.1 140512.0
-19423.4 148253.0
-1676.89 141226.0
-4753.76 136059.0
10782.0 85419.8
349.125 141518.0
-457.942 149424.0
-1018.99 134892.0
-11072.3 147302.0
-10456.7 143940.0
-10413.2 152229.0
-10338.7 135157.0
59.694 149406.0
1325.4 152775.0
-10464.5 135099.0
-5915.94 164980.0
11872.9 115630.0
12003.2 76937.2
-3578.23 126301.0
-11631.1 125657.0
-2640.92 149593.0
-10880.8 133746.0
11840.6 84469.1
13270.0 76391.7
-1876.15 144862.0
10433.6 150588.0
10610.6 119423.0
-3586.02 139810.0
-10806.2 135244.0
-8928.24 137023.0
-6924.49 135309.0
