88681.1 86029.8
59150.3 115153.0
6006.38 134897.0
-5492.92 154409.0
-1081.33 141244.0
-7313.0 156130.0
-5581.98 163216.0
-557.016 149277.0
-15397.0 160251.0
-8775.73 142513.0
4422.3 154716.0
7243.14 136023.0
1258.6 147091.0
-8907.09 139385.0
1322.06 152928.0
-877.616 139802.0
-10809.5 149762.0
-3589.36 139227.0
-10525.7 145445.0
-9967.97 139412.0
-4787.16 145414.0
-9727.52 147342.0
6975.97 132058.0
-236.416 142540.0
-1712.51 150537.0
14067.0 126274.0
929.099 147008.0
7004.92 130607.0
-11585.4 165864.0
-3004.93 118450.0
-9586.14 152868.0
-3662.83 163994.0
-1788.21 145457.0
-719.542 147663.0
693.102 162513.0
23125.1 118593.0
81891.8 102260.0
8898.46 131010.0
-1340.71 153799.0
-10435.5 150477.0
4257.55 153089.0
2140.26 135175.0
6206.76 150929.0
-7174.96 129389.0
5618.99 132018.0
1572.53 126327.0
13698.6 118381.0
-17995.2 137103.0
-8597.62 164125.0
14283.0 150139.0
-12584.0 131905.0
-9914.53 149239.0
6634.22 134728.0
-8669.98 151806.0
