6617.53 150929.0
-14649.0 129879.0
-16680.5 140218.0
-11163.5 125635.0
-1132.54 149048.0
3238.98 140078.0
2573.29 155947.0
-4039.09 140449.0
-4139.28 117395.0
-14087.9 144001.0
13365.7 117760.0
-2823.48 124010.0
11851.8 117709.0
-4744.86 131005.0
-2873.57 106056.0
-14851.6 153296.0
-8712.28 145479.0
-6318.91 139318.0
-4062.47 162070.0
-16003.7 137811.0
1320.94 155854.0
-15415.9 143090.0
6977.09 119230.0
-117.304 152641.0
-10809.5 134082.0
-14348.4 149217.0
-12553.9 134334.0
-4675.84 142832.0
-14886.1 136978.0
-13511.3 146051.0
-13249.7 122669.0
-10762.8 134759.0
-13830.8 147360.0
11673.7 116079.0
698.668 147650.0
4974.45 119252.0
-6304.44 142814.0
-8628.79 132624.0
-14853.8 152968.0
-17282.8 143511.0
-4337.43 150217.0
6076.51 119185.0
52994.3 98145.8
69566.5 95485.3
62226.1 116919.0
68993.2 99884.6
70221.0 106824.0
