3.29921e+07 1.11362e+07 3.29908e+07 1.11572e+07
3.29908e+07 1.11572e+07 3.29844e+07 1.1144e+07
3.29844e+07 1.1144e+07 3.29787e+07 1.11221e+07
3.29787e+07 1.11221e+07 3.29827e+07 1.11436e+07
3.29827e+07 1.11436e+07 3.2991e+07 1.11348e+07
3.2991e+07 1.11348e+07 3.29887e+07 1.11529e+07
3.29887e+07 1.11529e+07 3.29957e+07 1.11391e+07
3.29957e+07 1.11391e+07 3.29855e+07 1.1157e+07
3.29855e+07 1.1157e+07 3.29974e+07 1.11524e+07
3.29974e+07 1.11524e+07 3.29888e+07 1.11257e+07
3.29888e+07 1.11257e+07 3.29893e+07 1.11367e+07
3.29893e+07 1.11367e+07 3.29974e+07 1.11517e+07
3.29974e+07 1.11517e+07 3.29903e+07 1.11363e+07
3.29903e+07 1.11363e+07 3.29857e+07 1.11551e+07
3.29857e+07 1.11551e+07 3.29837e+07 1.11419e+07
3.29837e+07 1.11419e+07 3.30027e+07 1.11458e+07
3.30027e+07 1.11458e+07 3.29945e+07 1.11528e+07
3.29945e+07 1.11528e+07 3.29866e+07 1.11395e+07
3.29866e+07 1.11395e+07 3.30026e+07 1.11375e+07
3.30026e+07 1.11375e+07 3.30011e+07 1.11487e+07
3.30011e+07 1.11487e+07 3.29906e+07 1.11529e+07
3.29906e+07 1.11529e+07 3.3001e+07 1.11502e+07
3.3001e+07 1.11502e+07 3.29933e+07 1.11633e+07
3.29933e+07 1.11633e+07 3.29924e+07 1.11504e+07
3.29924e+07 1.11504e+07 3.29851e+07 1.11473e+07
3.29851e+07 1.11473e+07 3.30031e+07 1.11367e+07
3.30031e+07 1.11367e+07 3.29901e+07 1.11426e+07
3.29901e+07 1.11426e+07 3.30143e+07 1.1123e+07
3.30143e+07 1.1123e+07 3.30065e+07 1.11307e+07
3.30065e+07 1.11307e+07 3.30044e+07 1.11473e+07
3.30044e+07 1.11473e+07 3.29972e+07 1.11379e+07
3.29972e+07 1.11379e+07 3.2985e+07 1.11324e+07
3.2985e+07 1.11324e+07 3.30026e+07 1.11375e+07
3.30026e+07 1.11375e+07 3.3001e+07 1.11496e+07
3.3001e+07 1.11496e+07 3.29894e+07 1.11452e+07
3.29894e+07 1.11452e+07 3.29925e+07 1.11344e+07
3.29925e+07 1.11344e+07 3.29872e+07 1.11522e+07
3.29872e+07 1.11522e+07 3.29922e+07 1.11374e+07
3.29922e+07 1.11374e+07 3.29835e+07 1.11543e+07
3.29835e+07 1.11543e+07 3.29921e+07 1.11393e+07
3.29921e+07 1.11393e+07 3.30022e+07 1.1138e+07
3.30022e+07 1.1138e+07 3.29913e+07 1.11525e+07
3.29913e+07 1.11525e+07 3.29979e+07 1.11534e+07
3.29979e+07 1.11534e+07 3.29848e+07 1.1163e+07
3.29848e+07 1.1163e+07 3.29923e+07 1.11439e+07
3.29923e+07 1.11439e+07 3.29981e+07 1.11182e+07
3.29981e+07 1.11182e+07 3.29951e+07 1.11392e+07
3.29951e+07 1.11392e+07 3.30758e+07 1.11015e+07
3.30758e+07 1.11015e+07 3.30637e+07 1.10999e+07
3.30637e+07 1.10999e+07 3.3062e+07 1.10894e+07
3.3062e+07 1.10894e+07 3.30705e+07 1.11007e+07
3.30705e+07 1.11007e+07 3.30771e+07 1.10914e+07
3.30771e+07 1.10914e+07 3.30758e+07 1.11016e+07
