-22475.8 152837.0
-8644.38 128331.0
-8703.38 139343.0
1245.25 155473.0
-1783.76 147959.0
647.461 155972.0
-7807.25 140383.0
15863.7 114392.0
-161.832 141442.0
8882.88 119448.0
-483.545 141937.0
-8133.42 140859.0
-10050.3 151470.0
-8411.72 129551.0
-18215.6 155139.0
-12214.4 135046.0
-9678.54 156896.0
-9464.8 134423.0
-4783.82 145414.0
-10796.2 166583.0
358.03 137108.0
3049.74 152971.0
-12835.6 140741.0
-14256.0 141852.0
1977.73 160961.0
-4290.67 121156.0
-13867.5 145506.0
-14198.1 140897.0
-459.055 141850.0
-5354.89 131390.0
-12144.3 158472.0
-10254.1 143831.0
1599.24 143473.0
-8358.29 149186.0
-8291.49 139394.0
-10829.6 151682.0
-11634.4 146127.0
-8295.95 156925.0
2418.55 138967.0
-23004.6 121924.0
-9595.05 145506.0
-12334.6 133788.0
-5310.36 173767.0
-3787.51 143045.0
-2163.36 147972.0
-11211.4 147405.0
-4641.33 142634.0
-12584.0 124613.0
-9504.88 132370.0
41782.2 98842.7
68344.2 102928.0
65959.7 88521.1
69332.7 103086.0
12011.0 113875.0
1841.92 120394.0
1497.94 146968.0
-7154.92 140360.0
5115.83 154295.0
-2790.08 142442.0
-15188.8 161442.0
-2016.41 148148.0
-619304.0 1571730.0
11736.0 117660.0
-13750.6 146167.0
45.2225 139761.0
-7820.61 161059.0
653.027 143141.0
-10079.3 149302.0
-9670.74 139365.0
-16286.5 141730.0
