3.30735e+07 1.10996e+07 3.30677e+07 1.10872e+07
3.30677e+07 1.10872e+07 3.30518e+07 1.1098e+07
3.30518e+07 1.1098e+07 3.30081e+07 1.11267e+07
3.30081e+07 1.11267e+07 3.30026e+07 1.11396e+07
3.30026e+07 1.11396e+07 3.29971e+07 1.11638e+07
3.29971e+07 1.11638e+07 3.30043e+07 1.1142e+07
3.30043e+07 1.1142e+07 3.30156e+07 1.11198e+07
3.30156e+07 1.11198e+07 3.30044e+07 1.11348e+07
3.30044e+07 1.11348e+07 3.30007e+07 1.11536e+07
3.30007e+07 1.11536e+07 3.29904e+07 1.11533e+07
3.29904e+07 1.11533e+07 3.29827e+07 1.11397e+07
3.29827e+07 1.11397e+07 3.30007e+07 1.1142e+07
3.30007e+07 1.1142e+07 3.3e+07 1.11525e+07
3.3e+07 1.11525e+07 3.30056e+07 1.11324e+07
3.30056e+07 1.11324e+07 3.30159e+07 1.11144e+07
3.30159e+07 1.11144e+07 3.30135e+07 1.11248e+07
3.30135e+07 1.11248e+07 3.30057e+07 1.11381e+07
3.30057e+07 1.11381e+07 3.29963e+07 1.11333e+07
3.29963e+07 1.11333e+07 3.29919e+07 1.11436e+07
3.29919e+07 1.11436e+07 3.29883e+07 1.1155e+07
3.29883e+07 1.1155e+07 3.299e+07 1.11439e+07
3.299e+07 1.11439e+07 3.29916e+07 1.11553e+07
3.29916e+07 1.11553e+07 3.29953e+07 1.11408e+07
3.29953e+07 1.11408e+07 3.29946e+07 1.11217e+07
3.29946e+07 1.11217e+07 3.29946e+07 1.11377e+07
3.29946e+07 1.11377e+07 3.30019e+07 1.11479e+07
3.30019e+07 1.11479e+07 3.30044e+07 1.11354e+07
3.30044e+07 1.11354e+07 3.29984e+07 1.11525e+07
3.29984e+07 1.11525e+07 3.29926e+07 1.11569e+07
3.29926e+07 1.11569e+07 3.29937e+07 1.11442e+07
3.29937e+07 1.11442e+07 3.30019e+07 1.11494e+07
3.30019e+07 1.11494e+07 3.30022e+07 1.11597e+07
3.30022e+07 1.11597e+07 3.29967e+07 1.11491e+07
3.29967e+07 1.11491e+07 3.29872e+07 1.11416e+07
3.29872e+07 1.11416e+07 3.29956e+07 1.11511e+07
3.29956e+07 1.11511e+07 3.29851e+07 1.11423e+07
3.29851e+07 1.11423e+07 3.30069e+07 1.11296e+07
3.30069e+07 1.11296e+07 3.24818e+07 1.31983e+07
3.24818e+07 1.31983e+07 3.30069e+07 1.11296e+07
3.30069e+07 1.11296e+07 3.30028e+07 1.11519e+07
3.30028e+07 1.11519e+07 3.3021e+07 1.11541e+07
3.3021e+07 1.11541e+07 3.29947e+07 1.11417e+07
3.29947e+07 1.11417e+07 3.30033e+07 1.11457e+07
3.30033e+07 1.11457e+07 3.29934e+07 1.11361e+07
3.29934e+07 1.11361e+07 3.29784e+07 1.11489e+07
3.29784e+07 1.11489e+07 3.29937e+07 1.11529e+07
3.29937e+07 1.11529e+07 3.30044e+07 1.11532e+07
3.30044e+07 1.11532e+07 3.30047e+07 1.11341e+07
3.30047e+07 1.11341e+07 3.30262e+07 1.11064e+07
3.30262e+07 1.11064e+07 3.30749e+07 1.11e+07
3.30749e+07 1.11e+07 3.30336e+07 1.11029e+07
3.30336e+07 1.11029e+07 3.30112e+07 1.11187e+07
3.30112e+07 1.11187e+07 3.30044e+07 1.1138e+07
3.30044e+07 1.1138e+07 3.29992e+07 1.1155e+07
3.29992e+07 1.1155e+07 3.30044e+07 1.1153e+07
3.30044e+07 1.1153e+07 3.30049e+07 1.11404e+07
3.30049e+07 1.11404e+07 3.30069e+07 1.11296e+07
3.30069e+07 1.11296e+07 3.29997e+07 1.11416e+07
3.29997e+07 1.11416e+07 3.29884e+07 1.11415e+07
3.29884e+07 1.11415e+07 3.30151e+07 1.11215e+07
3.30151e+07 1.11215e+07 3.3006e+07 1.11316e+07
3.3006e+07 1.11316e+07 3.29981e+07 1.11533e+07
3.29981e+07 1.11533e+07 3.29907e+07 1.11441e+07
3.29907e+07 1.11441e+07 3.29853e+07 1.11552e+07
3.29853e+07 1.11552e+07 3.29964e+07 1.11543e+07
3.29964e+07 1.11543e+07 3.30063e+07 1.11308e+07
3.30063e+07 1.11308e+07 3.30119e+07 1.11148e+07
3.30119e+07 1.11148e+07 3.30653e+07 1.10887e+07
3.30653e+07 1.10887e+07 3.30591e+07 1.10997e+07
3.30591e+07 1.10997e+07 3.3027e+07 1.11053e+07
3.3027e+07 1.11053e+07 3.30084e+07 1.1126e+07
3.30084e+07 1.1126e+07 3.29971e+07 1.11381e+07
3.29971e+07 1.11381e+07 3.29824e+07 1.1132e+07
3.29824e+07 1.1132e+07 3.30674e+07 1.10885e+07
3.30674e+07 1.10885e+07 3.30665e+07 1.10776e+07
3.30665e+07 1.10776e+07 3.30745e+07 1.1098e+07
3.30745e+07 1.1098e+07 3.30677e+07 1.10872e+07
