3.29962e+07 1.11325e+07 3.29971e+07 1.11332e+07
3.29971e+07 1.11345e+07 3.29952e+07 1.11346e+07
3.29958e+07 1.11351e+07 3.29964e+07 1.11348e+07
3.29983e+07 1.11347e+07 3.30006e+07 1.11363e+07
3.30006e+07 1.11364e+07 3.30007e+07 1.11368e+07
3.30026e+07 1.11392e+07 3.30044e+07 1.11496e+07
3.30031e+07 1.11518e+07 3.30038e+07 1.11507e+07
3.30038e+07 1.11482e+07 3.30028e+07 1.1147e+07
3.30024e+07 1.11434e+07 3.30032e+07 1.11423e+07
3.30049e+07 1.11407e+07 3.30045e+07 1.11398e+07
3.3004e+07 1.11378e+07 3.30025e+07 1.1135e+07
3.30022e+07 1.11355e+07 3.30014e+07 1.11353e+07
3.30022e+07 1.11339e+07 3.30026e+07 1.11319e+07
3.30027e+07 1.11329e+07 3.30026e+07 1.11331e+07
3.30027e+07 1.11331e+07 3.30017e+07 1.11348e+07
3.30017e+07 1.11356e+07 3.30025e+07 1.11396e+07
3.30014e+07 1.11419e+07 3.30011e+07 1.11437e+07
3.30012e+07 1.11451e+07 3.30013e+07 1.11501e+07
3.30012e+07 1.11524e+07 3.30012e+07 1.11528e+07
3.30014e+07 1.11529e+07 3.30013e+07 1.11517e+07
3.30013e+07 1.11505e+07 3.30013e+07 1.11496e+07
3.30013e+07 1.11471e+07 3.30013e+07 1.11471e+07
3.30013e+07 1.11439e+07 3.30013e+07 1.11436e+07
3.30012e+07 1.11421e+07 3.30016e+07 1.11415e+07
3.3003e+07 1.1139e+07 3.30032e+07 1.11385e+07
3.30029e+07 1.11364e+07 3.30028e+07 1.11357e+07
3.30041e+07 1.11345e+07 3.30041e+07 1.11345e+07
3.30062e+07 1.11309e+07 3.30066e+07 1.11303e+07
3.30094e+07 1.1123e+07 3.30095e+07 1.11229e+07
3.30095e+07 1.11229e+07 3.30102e+07 1.112e+07
3.30109e+07 1.11191e+07 3.30122e+07 1.11121e+07
3.30122e+07 1.11112e+07 3.30143e+07 1.11039e+07
3.30144e+07 1.11038e+07 3.30184e+07 1.10979e+07
3.30174e+07 1.10941e+07 3.30174e+07 1.10939e+07
3.3019e+07 1.10973e+07 3.30193e+07 1.10971e+07
3.30201e+07 1.10957e+07 3.30201e+07 1.10958e+07
3.30202e+07 1.10965e+07 3.30201e+07 1.10962e+07
3.30193e+07 1.1097e+07 3.30179e+07 1.10944e+07
3.30185e+07 1.1095e+07 3.30164e+07 1.11004e+07
3.30154e+07 1.11021e+07 3.30098e+07 1.11063e+07
3.30083e+07 1.11065e+07 3.29961e+07 1.11193e+07
3.29957e+07 1.11209e+07 3.2997e+07 1.1123e+07
3.29979e+07 1.11233e+07 3.2999e+07 1.11278e+07
3.30007e+07 1.11287e+07 3.30032e+07 1.11297e+07
3.30025e+07 1.11296e+07 3.30019e+07 1.11302e+07
3.30014e+07 1.11316e+07 3.29998e+07 1.11332e+07
3.29997e+07 1.11336e+07 3.30014e+07 1.1133e+07
3.30032e+07 1.11368e+07 3.30041e+07 1.11379e+07
3.30043e+07 1.11382e+07 3.30037e+07 1.11387e+07
3.30032e+07 1.11385e+07 3.30012e+07 1.11421e+07
3.30001e+07 1.11411e+07 3.29997e+07 1.11404e+07
3.29998e+07 1.11382e+07 3.29998e+07 1.11382e+07
3.30011e+07 1.11374e+07 3.30014e+07 1.11397e+07
3.29994e+07 1.1143e+07 3.29994e+07 1.11447e+07
3.29989e+07 1.11454e+07 3.29981e+07 1.11463e+07
3.29982e+07 1.11495e+07 3.29983e+07 1.11507e+07
3.29974e+07 1.1151e+07 3.29974e+07 1.11521e+07
3.29974e+07 1.11525e+07 3.29975e+07 1.11532e+07
3.29975e+07 1.11533e+07 3.29975e+07 1.11535e+07
3.29975e+07 1.11534e+07 3.29983e+07 1.11534e+07
3.29993e+07 1.11553e+07 3.29992e+07 1.1161e+07
3.29988e+07 1.11616e+07 3.29987e+07 1.11629e+07
3.29987e+07 1.11633e+07 3.29987e+07 1.11656e+07
3.29993e+07 1.11666e+07 3.29997e+07 1.117e+07
3.29998e+07 1.11711e+07 3.30006e+07 1.11738e+07
3.29993e+07 1.11748e+07 3.29981e+07 1.11762e+07
3.29981e+07 1.11761e+07 3.29992e+07 1.11756e+07
3.30001e+07 1.11753e+07 3.30006e+07 1.11737e+07
3.30004e+07 1.11716e+07 3.29995e+07 1.11659e+07
3.29987e+07 1.11642e+07 3.30003e+07 1.11631e+07
3.30012e+07 1.11564e+07 3.30013e+07 1.11529e+07
3.3e+07 1.11524e+07 3.3e+07 1.11517e+07
3.30012e+07 1.11512e+07 3.30013e+07 1.11478e+07
3.30025e+07 1.11472e+07 3.30025e+07 1.11478e+07
3.30018e+07 1.1148e+07 3.30013e+07 1.11459e+07
3.29996e+07 1.11406e+07 3.2998e+07 1.11385e+07
3.29946e+07 1.11345e+07 3.2995e+07 1.11336e+07
3.29952e+07 1.1134e+07 3.29963e+07 1.1135e+07
3.29963e+07 1.1136e+07 3.29971e+07 1.11377e+07
3.29972e+07 1.11384e+07 3.29972e+07 1.11383e+07
3.29972e+07 1.11391e+07 3.29965e+07 1.11407e+07
3.2996e+07 1.11407e+07 3.2995e+07 1.11401e+07
3.29953e+07 1.11404e+07 3.29953e+07 1.11428e+07
3.2996e+07 1.11436e+07 3.29982e+07 1.11447e+07
3.29982e+07 1.11482e+07 3.29983e+07 1.11514e+07
3.29984e+07 1.11528e+07 3.29997e+07 1.11559e+07
3.3001e+07 1.11559e+07 3.30013e+07 1.11557e+07
3.30013e+07 1.11537e+07 3.30013e+07 1.11536e+07
3.30013e+07 1.11535e+07 3.30011e+07 1.11532e+07
3.30011e+07 1.11532e+07 3.30011e+07 1.11532e+07
3.30011e+07 1.11532e+07 3.30012e+07 1.11547e+07
3.29994e+07 1.11577e+07 3.29994e+07 1.11599e+07
3.29969e+07 1.11609e+07 3.29951e+07 1.11607e+07
3.29921e+07 1.1161e+07 3.29919e+07 1.11611e+07
3.29931e+07 1.11609e+07 3.29985e+07 1.11615e+07
3.29987e+07 1.11614e+07 3.29982e+07 1.11588e+07
3.29988e+07 1.11587e+07 3.29995e+07 1.1158e+07
3.29994e+07 1.11559e+07 3.29985e+07 1.11533e+07
3.2999e+07 1.11532e+07 3.29993e+07 1.1153e+07
3.29997e+07 1.11528e+07 3.30009e+07 1.11534e+07
3.29992e+07 1.11549e+07 3.29988e+07 1.11558e+07
3.29984e+07 1.1155e+07 3.29975e+07 1.11551e+07
3.29974e+07 1.11544e+07 3.29986e+07 1.11546e+07
3.29984e+07 1.11534e+07 3.29991e+07 1.11531e+07
3.2999e+07 1.11531e+07 3.2999e+07 1.1153e+07
3.29983e+07 1.11526e+07 3.2998e+07 1.11534e+07
3.29991e+07 1.11548e+07 3.29995e+07 1.11596e+07
3.29988e+07 1.1161e+07 3.29986e+07 1.11615e+07
3.29988e+07 1.11611e+07 3.29989e+07 1.11587e+07
3.29992e+07 1.1158e+07 3.29993e+07 1.11553e+07
3.29987e+07 1.11538e+07 3.2999e+07 1.11531e+07
3.29993e+07 1.11529e+07 3.29997e+07 1.11528e+07
3.29997e+07 1.11528e+07 3.29997e+07 1.11528e+07
3.29997e+07 1.11528e+07 3.29999e+07 1.11527e+07
3.30009e+07 1.11532e+07 3.29993e+07 1.11538e+07
3.29984e+07 1.11559e+07 3.29978e+07 1.11559e+07
3.29966e+07 1.1156e+07 3.29964e+07 1.11561e+07
3.29975e+07 1.11546e+07 3.29979e+07 1.11544e+07
3.29985e+07 1.11526e+07 3.29984e+07 1.11533e+07
3.29977e+07 1.11527e+07 3.29984e+07 1.11528e+07
3.2999e+07 1.11519e+07 3.29988e+07 1.11526e+07
3.29989e+07 1.11547e+07 3.29994e+07 1.11573e+07
3.2999e+07 1.1161e+07 3.29988e+07 1.11612e+07
3.29987e+07 1.1162e+07 3.29987e+07 1.11629e+07
3.29994e+07 1.11647e+07 3.29999e+07 1.1165e+07
3.30004e+07 1.11652e+07 3.30004e+07 1.11651e+07
3.30002e+07 1.11641e+07 3.30002e+07 1.11633e+07
3.30015e+07 1.11616e+07 3.30021e+07 1.11609e+07
3.3003e+07 1.11609e+07 3.3003e+07 1.11595e+07
3.3003e+07 1.11571e+07 3.3003e+07 1.11566e+07
3.30031e+07 1.11556e+07 3.30031e+07 1.11546e+07
3.30031e+07 1.11537e+07 3.30031e+07 1.11522e+07
3.30031e+07 1.11521e+07 3.30031e+07 1.11512e+07
3.30031e+07 1.11496e+07 3.30031e+07 1.11484e+07
3.30031e+07 1.11486e+07 3.30031e+07 1.11514e+07
3.30033e+07 1.11526e+07 3.30032e+07 1.11526e+07
3.30031e+07 1.11503e+07 3.30031e+07 1.11503e+07
3.30019e+07 1.11486e+07 3.30019e+07 1.11484e+07
3.30022e+07 1.11478e+07 3.30023e+07 1.11477e+07
3.30038e+07 1.1149e+07 3.30043e+07 1.11522e+07
3.30042e+07 1.11525e+07 3.30031e+07 1.11515e+07
3.30029e+07 1.11515e+07 3.30031e+07 1.11525e+07
3.30031e+07 1.11525e+07 3.30028e+07 1.11529e+07
3.30027e+07 1.1153e+07 3.30031e+07 1.11543e+07
3.3004e+07 1.11545e+07 3.3004e+07 1.11545e+07
3.30031e+07 1.11537e+07 3.30031e+07 1.11536e+07
3.30031e+07 1.11519e+07 3.30031e+07 1.11516e+07
3.30031e+07 1.11514e+07 3.30031e+07 1.11517e+07
3.30031e+07 1.11522e+07 3.30044e+07 1.11506e+07
3.30044e+07 1.11501e+07 3.30027e+07 1.11394e+07
3.30025e+07 1.1139e+07 3.30083e+07 1.11281e+07
3.30087e+07 1.11279e+07 3.30151e+07 1.11215e+07
3.30159e+07 1.11147e+07 3.30159e+07 1.11145e+07
3.30154e+07 1.11143e+07 3.30153e+07 1.11143e+07
3.30149e+07 1.1118e+07 3.30147e+07 1.1118e+07
3.30117e+07 1.11177e+07 3.30093e+07 1.1123e+07
3.30092e+07 1.11233e+07 3.30074e+07 1.11246e+07
3.30067e+07 1.11269e+07 3.30066e+07 1.11269e+07
3.30025e+07 1.11269e+07 3.3002e+07 1.11291e+07
3.30022e+07 1.11291e+07 3.30075e+07 1.11369e+07
3.30077e+07 1.11373e+07 3.30107e+07 1.11452e+07
3.30108e+07 1.11452e+07 3.30119e+07 1.11434e+07
3.30119e+07 1.11432e+07 3.30146e+07 1.11417e+07
3.3017e+07 1.11439e+07 3.3017e+07 1.1144e+07
3.30171e+07 1.11441e+07 3.3017e+07 1.1144e+07
3.30152e+07 1.11442e+07 3.30125e+07 1.11453e+07
3.30124e+07 1.11453e+07 3.30108e+07 1.11446e+07
3.30108e+07 1.11442e+07 3.30093e+07 1.11371e+07
3.30055e+07 1.11377e+07 3.30055e+07 1.11375e+07
3.3005e+07 1.11336e+07 3.30052e+07 1.11332e+07
3.30007e+07 1.11287e+07 3.30004e+07 1.11285e+07
3.29985e+07 1.11241e+07 3.29984e+07 1.11238e+07
3.2997e+07 1.11223e+07 3.29984e+07 1.11238e+07
3.29984e+07 1.11239e+07 3.30012e+07 1.11277e+07
3.30015e+07 1.11277e+07 3.30026e+07 1.11313e+07
3.30019e+07 1.11293e+07 3.30019e+07 1.11295e+07
3.3002e+07 1.11329e+07 3.3002e+07 1.11331e+07
3.30035e+07 1.11371e+07 3.30036e+07 1.11373e+07
3.30054e+07 1.11416e+07 3.30055e+07 1.1142e+07
3.30054e+07 1.11412e+07 3.30053e+07 1.1141e+07
3.30047e+07 1.11375e+07 3.30048e+07 1.11375e+07
3.30052e+07 1.11374e+07 3.30043e+07 1.11346e+07
3.30044e+07 1.11343e+07 3.3e+07 1.11425e+07
3.29998e+07 1.11428e+07 3.29969e+07 1.11422e+07
3.29969e+07 1.11422e+07 3.2994e+07 1.11436e+07
3.29939e+07 1.11436e+07 3.2994e+07 1.11458e+07
3.29927e+07 1.11495e+07 3.29925e+07 1.11495e+07
3.29895e+07 1.11493e+07 3.29892e+07 1.11492e+07
3.29893e+07 1.11473e+07 3.29894e+07 1.11473e+07
3.29922e+07 1.11472e+07 3.29922e+07 1.11472e+07
3.29954e+07 1.11472e+07 3.29954e+07 1.11476e+07
3.29971e+07 1.11511e+07 3.29973e+07 1.11511e+07
3.29985e+07 1.11466e+07 3.29993e+07 1.11453e+07
3.29994e+07 1.11453e+07 3.30017e+07 1.11412e+07
3.30019e+07 1.1141e+07 3.30034e+07 1.11397e+07
3.30023e+07 1.11401e+07 3.30021e+07 1.11405e+07
3.29996e+07 1.11418e+07 3.29999e+07 1.11379e+07
3.30001e+07 1.11375e+07 3.30017e+07 1.11357e+07
3.30019e+07 1.11357e+07 3.30022e+07 1.11354e+07
3.30021e+07 1.11354e+07 3.30022e+07 1.11354e+07
3.30006e+07 1.11411e+07 3.30005e+07 1.11413e+07
3.30008e+07 1.11421e+07 3.3001e+07 1.11424e+07
3.30027e+07 1.11395e+07 3.30028e+07 1.11394e+07
3.30044e+07 1.11394e+07 3.30044e+07 1.11397e+07
3.30044e+07 1.11378e+07 3.30044e+07 1.11375e+07
3.30056e+07 1.11321e+07 3.30057e+07 1.11318e+07
3.30089e+07 1.11244e+07 3.3009e+07 1.11241e+07
3.30117e+07 1.11172e+07 3.30118e+07 1.11168e+07
3.30126e+07 1.11077e+07 3.30127e+07 1.11072e+07
3.30155e+07 1.1102e+07 3.30156e+07 1.11017e+07
3.30201e+07 1.10962e+07 3.30202e+07 1.10963e+07
3.30202e+07 1.10965e+07 3.30202e+07 1.10965e+07
3.30202e+07 1.10965e+07 3.30184e+07 1.10944e+07
3.30175e+07 1.10942e+07 3.30184e+07 1.10946e+07
3.30188e+07 1.1097e+07 3.30201e+07 1.10957e+07
3.30201e+07 1.10958e+07 3.30189e+07 1.10975e+07
3.30145e+07 1.11036e+07 3.30144e+07 1.11038e+07
3.30123e+07 1.11105e+07 3.30122e+07 1.11111e+07
3.30113e+07 1.11185e+07 3.3011e+07 1.11189e+07
3.30088e+07 1.11245e+07 3.30087e+07 1.11249e+07
3.30061e+07 1.11311e+07 3.30059e+07 1.11314e+07
3.30028e+07 1.11328e+07 3.30015e+07 1.11352e+07
3.30015e+07 1.11353e+07 3.30014e+07 1.11353e+07
3.30014e+07 1.11353e+07 3.30022e+07 1.11371e+07
3.30023e+07 1.11373e+07 3.30003e+07 1.11415e+07
3.30001e+07 1.11418e+07 3.29997e+07 1.11444e+07
3.29996e+07 1.11445e+07 3.29982e+07 1.11453e+07
3.29981e+07 1.11453e+07 3.29981e+07 1.11457e+07
3.29981e+07 1.11455e+07 3.30002e+07 1.11453e+07
3.30004e+07 1.11453e+07 3.30016e+07 1.1144e+07
3.30016e+07 1.1144e+07 3.30013e+07 1.11447e+07
3.30013e+07 1.11445e+07 3.30011e+07 1.11424e+07
3.3001e+07 1.11424e+07 3.30001e+07 1.11426e+07
3.30001e+07 1.11425e+07 3.29994e+07 1.11402e+07
3.29998e+07 1.11382e+07 3.29996e+07 1.11392e+07
3.29997e+07 1.11393e+07 3.29996e+07 1.11405e+07
3.2999e+07 1.11423e+07 3.29983e+07 1.11424e+07
3.29988e+07 1.11413e+07 3.29988e+07 1.11412e+07
3.29987e+07 1.11394e+07 3.29987e+07 1.11394e+07
3.29998e+07 1.11408e+07 3.3e+07 1.1141e+07
3.30014e+07 1.11418e+07 3.30015e+07 1.11417e+07
3.30012e+07 1.11453e+07 3.30011e+07 1.11453e+07
3.29995e+07 1.11453e+07 3.29994e+07 1.11453e+07
3.29982e+07 1.11475e+07 3.29982e+07 1.11478e+07
3.29974e+07 1.11517e+07 3.29974e+07 1.11518e+07
3.29974e+07 1.11532e+07 3.29974e+07 1.11533e+07
3.29972e+07 1.11527e+07 3.29984e+07 1.11527e+07
3.29983e+07 1.11483e+07 3.29983e+07 1.11482e+07
3.29986e+07 1.11443e+07 3.29987e+07 1.11442e+07
3.30004e+07 1.11414e+07 3.30005e+07 1.11413e+07
3.29996e+07 1.11397e+07 3.29997e+07 1.11396e+07
3.29998e+07 1.11382e+07 3.29998e+07 1.114e+07
3.29999e+07 1.11409e+07 3.3e+07 1.11411e+07
3.3e+07 1.11441e+07 3.29997e+07 1.11444e+07
3.2998e+07 1.1151e+07 3.29974e+07 1.11525e+07
3.29985e+07 1.11523e+07 3.29982e+07 1.1148e+07
3.3e+07 1.1146e+07 3.29994e+07 1.11431e+07
3.29991e+07 1.11396e+07 3.29991e+07 1.11396e+07
3.29991e+07 1.11396e+07 3.3e+07 1.11377e+07
3.29995e+07 1.11374e+07 3.29978e+07 1.11364e+07
3.29978e+07 1.1136e+07 3.30001e+07 1.1136e+07
3.30004e+07 1.11364e+07 3.30014e+07 1.11353e+07
3.30032e+07 1.11315e+07 3.30042e+07 1.11346e+07
3.29983e+07 1.11485e+07 3.29983e+07 1.1149e+07
3.29983e+07 1.11513e+07 3.29973e+07 1.11581e+07
3.30002e+07 1.1156e+07 3.30016e+07 1.1156e+07
3.30014e+07 1.11529e+07 3.30013e+07 1.1149e+07
3.30013e+07 1.11442e+07 3.3003e+07 1.11371e+07
3.30047e+07 1.11358e+07 3.30044e+07 1.1135e+07
3.30019e+07 1.11351e+07 3.30017e+07 1.11372e+07
3.3003e+07 1.1135e+07 3.3005e+07 1.11385e+07
3.30035e+07 1.11371e+07 3.30031e+07 1.11367e+07
3.30031e+07 1.11349e+07 3.30026e+07 1.11336e+07
3.30022e+07 1.11338e+07 3.3002e+07 1.11344e+07
3.30014e+07 1.11338e+07 3.30014e+07 1.1133e+07
3.30027e+07 1.11331e+07 3.30026e+07 1.11331e+07
3.30026e+07 1.11331e+07 3.30026e+07 1.11331e+07
3.30025e+07 1.11321e+07 3.30026e+07 1.11315e+07
3.30023e+07 1.11296e+07 3.30023e+07 1.11296e+07
3.30023e+07 1.11296e+07 3.30032e+07 1.11313e+07
3.30028e+07 1.11329e+07 3.30024e+07 1.11341e+07
3.30023e+07 1.11356e+07 3.30023e+07 1.11356e+07
3.30023e+07 1.11356e+07 3.30023e+07 1.11356e+07
3.3002e+07 1.11367e+07 3.30025e+07 1.11375e+07
3.30006e+07 1.11411e+07 3.3e+07 1.11421e+07
3.29995e+07 1.11446e+07 3.29989e+07 1.11453e+07
3.29988e+07 1.11453e+07 3.29995e+07 1.11434e+07
3.29999e+07 1.11438e+07 3.30007e+07 1.1143e+07
3.3001e+07 1.11422e+07 3.30007e+07 1.11419e+07
3.29999e+07 1.11408e+07 3.29993e+07 1.114e+07
3.29988e+07 1.11393e+07 3.29972e+07 1.11384e+07
3.29971e+07 1.11373e+07 3.29967e+07 1.11355e+07
3.29967e+07 1.11354e+07 3.29968e+07 1.11349e+07
3.29969e+07 1.11348e+07 3.29942e+07 1.11349e+07
3.29926e+07 1.11349e+07 3.29893e+07 1.11368e+07
3.29892e+07 1.1139e+07 3.29881e+07 1.11406e+07
3.29883e+07 1.11411e+07 3.29893e+07 1.11416e+07
3.29896e+07 1.11416e+07 3.29916e+07 1.11416e+07
3.2992e+07 1.11416e+07 3.2993e+07 1.11393e+07
3.29934e+07 1.11393e+07 3.29944e+07 1.11392e+07
3.29945e+07 1.11393e+07 3.29947e+07 1.11393e+07
3.2999e+07 1.11398e+07 3.29993e+07 1.11402e+07
3.29982e+07 1.11359e+07 3.29985e+07 1.11347e+07
3.29985e+07 1.11347e+07 3.30011e+07 1.11346e+07
3.30016e+07 1.11325e+07 3.30015e+07 1.11324e+07
3.30019e+07 1.11297e+07 3.30019e+07 1.11287e+07
3.30006e+07 1.11276e+07 3.29986e+07 1.11245e+07
3.29982e+07 1.11235e+07 3.29969e+07 1.11229e+07
3.29969e+07 1.1123e+07 3.29965e+07 1.11239e+07
3.29965e+07 1.11239e+07 3.29977e+07 1.11232e+07
3.29985e+07 1.1124e+07 3.29995e+07 1.11259e+07
3.29998e+07 1.11274e+07 3.30002e+07 1.11276e+07
3.30019e+07 1.11297e+07 3.30019e+07 1.11306e+07
3.30022e+07 1.1134e+07 3.30016e+07 1.11347e+07
3.30015e+07 1.1135e+07 3.30016e+07 1.11347e+07
3.30024e+07 1.11358e+07 3.3002e+07 1.11352e+07
3.29994e+07 1.11352e+07 3.29925e+07 1.11349e+07
3.29917e+07 1.11336e+07 3.29912e+07 1.11319e+07
3.29929e+07 1.11319e+07 3.2993e+07 1.11337e+07
3.29938e+07 1.11352e+07 3.29947e+07 1.11349e+07
3.29952e+07 1.11386e+07 3.29955e+07 1.11392e+07
3.29993e+07 1.11402e+07 3.29996e+07 1.11404e+07
3.29996e+07 1.11391e+07 3.29997e+07 1.11384e+07
3.30005e+07 1.11366e+07 3.30007e+07 1.1136e+07
3.30023e+07 1.11356e+07 3.30029e+07 1.11353e+07
3.30034e+07 1.11346e+07 3.30025e+07 1.11335e+07
3.30025e+07 1.11319e+07 3.30031e+07 1.11318e+07
3.30041e+07 1.11345e+07 3.30044e+07 1.11344e+07
3.3007e+07 1.11295e+07 3.30091e+07 1.11236e+07
3.30096e+07 1.11216e+07 3.30118e+07 1.11165e+07
3.30121e+07 1.11148e+07 3.3012e+07 1.11142e+07
3.30128e+07 1.11069e+07 3.30136e+07 1.11051e+07
3.30167e+07 1.10999e+07 3.30181e+07 1.10982e+07
3.30175e+07 1.10945e+07 3.30174e+07 1.10939e+07
3.30177e+07 1.10937e+07 3.30184e+07 1.10942e+07
3.30196e+07 1.10967e+07 3.30203e+07 1.10961e+07
3.30202e+07 1.10965e+07 3.30185e+07 1.10949e+07
3.30182e+07 1.10944e+07 3.30188e+07 1.10973e+07
3.30186e+07 1.10978e+07 3.30147e+07 1.11033e+07
3.30144e+07 1.11037e+07 3.30081e+07 1.11067e+07
3.30081e+07 1.11081e+07 3.30039e+07 1.11112e+07
3.30032e+07 1.11119e+07 3.30001e+07 1.1114e+07
3.29976e+07 1.11174e+07 3.29972e+07 1.11179e+07
3.2996e+07 1.11193e+07 3.29958e+07 1.11215e+07
3.2996e+07 1.1123e+07 3.29973e+07 1.11232e+07
3.29973e+07 1.11238e+07 3.29969e+07 1.11236e+07
3.29984e+07 1.11238e+07 3.2998e+07 1.11233e+07
3.2996e+07 1.11225e+07 3.2996e+07 1.11224e+07
3.2995e+07 1.11221e+07 3.29946e+07 1.11217e+07
3.29945e+07 1.11213e+07 3.29952e+07 1.11217e+07
3.29958e+07 1.11223e+07 3.29969e+07 1.11233e+07
3.29963e+07 1.11239e+07 3.29956e+07 1.1125e+07
3.29956e+07 1.1125e+07 3.2993e+07 1.11271e+07
3.2992e+07 1.11271e+07 3.29902e+07 1.11303e+07
3.29891e+07 1.11308e+07 3.29877e+07 1.11327e+07
3.29876e+07 1.11338e+07 3.29877e+07 1.11329e+07
3.29877e+07 1.11321e+07 3.29877e+07 1.1132e+07
3.29882e+07 1.11294e+07 3.29885e+07 1.11288e+07
3.29887e+07 1.11308e+07 3.29887e+07 1.11316e+07
3.29877e+07 1.11322e+07 3.2987e+07 1.11338e+07
3.2987e+07 1.11338e+07 3.29869e+07 1.11337e+07
3.29869e+07 1.11337e+07 3.29869e+07 1.11338e+07
3.29869e+07 1.11338e+07 3.29874e+07 1.11325e+07
3.29876e+07 1.11321e+07 3.29891e+07 1.1132e+07
3.29891e+07 1.11307e+07 3.29891e+07 1.11292e+07
3.29891e+07 1.11304e+07 3.29891e+07 1.11319e+07
3.29881e+07 1.11321e+07 3.2987e+07 1.11338e+07
3.29869e+07 1.11332e+07 3.29874e+07 1.11337e+07
3.29892e+07 1.11337e+07 3.29892e+07 1.11351e+07
3.29883e+07 1.11395e+07 3.2987e+07 1.11395e+07
3.29862e+07 1.11395e+07 3.2986e+07 1.11396e+07
3.29864e+07 1.11396e+07 3.29866e+07 1.11396e+07
3.29867e+07 1.11395e+07 3.29871e+07 1.11406e+07
3.29878e+07 1.11416e+07 3.29883e+07 1.11415e+07
3.29927e+07 1.11405e+07 3.29953e+07 1.11392e+07
3.29955e+07 1.11392e+07 3.29961e+07 1.11377e+07
3.29966e+07 1.11348e+07 3.29963e+07 1.11354e+07
3.29966e+07 1.11354e+07 3.29968e+07 1.11352e+07
3.29968e+07 1.11349e+07 3.29979e+07 1.11359e+07
3.29982e+07 1.11363e+07 3.29967e+07 1.11353e+07
3.29953e+07 1.11301e+07 3.29953e+07 1.11304e+07
3.29952e+07 1.1136e+07 3.29953e+07 1.11406e+07
3.29953e+07 1.11379e+07 3.29955e+07 1.11361e+07
3.29966e+07 1.11355e+07 3.29968e+07 1.11351e+07
3.29968e+07 1.1135e+07 3.29988e+07 1.11349e+07
3.29978e+07 1.11359e+07 3.29968e+07 1.11352e+07
3.30017e+07 1.11391e+07 3.30004e+07 1.1141e+07
3.30011e+07 1.11425e+07 3.30013e+07 1.11465e+07
3.30013e+07 1.11459e+07 3.30013e+07 1.11438e+07
3.30013e+07 1.11486e+07 3.30012e+07 1.11525e+07
3.30012e+07 1.1153e+07 3.30029e+07 1.11544e+07
3.30031e+07 1.11547e+07 3.30023e+07 1.11526e+07
3.30022e+07 1.11526e+07 3.29987e+07 1.11546e+07
3.30006e+07 1.11527e+07 3.29972e+07 1.1156e+07
3.29967e+07 1.11551e+07 3.29969e+07 1.11551e+07
3.29985e+07 1.11538e+07 3.29987e+07 1.11538e+07
3.29984e+07 1.11538e+07 3.29989e+07 1.1161e+07
3.29987e+07 1.11629e+07 3.2998e+07 1.11647e+07
3.29979e+07 1.11667e+07 3.29976e+07 1.11652e+07
3.29979e+07 1.11638e+07 3.2998e+07 1.11633e+07
3.2998e+07 1.11632e+07 3.2998e+07 1.11533e+07
3.29993e+07 1.11556e+07 3.29995e+07 1.11593e+07
3.29988e+07 1.11615e+07 3.29987e+07 1.11618e+07
3.2998e+07 1.11621e+07 3.29978e+07 1.11617e+07
3.29993e+07 1.11608e+07 3.30006e+07 1.11609e+07
3.30019e+07 1.11609e+07 3.3004e+07 1.11609e+07
3.3003e+07 1.116e+07 3.3003e+07 1.11581e+07
3.30027e+07 1.1156e+07 3.30025e+07 1.1156e+07
3.30025e+07 1.11558e+07 3.3002e+07 1.11551e+07
3.30013e+07 1.11537e+07 3.30012e+07 1.11531e+07
3.30012e+07 1.11551e+07 3.30017e+07 1.11561e+07
3.30017e+07 1.11565e+07 3.3003e+07 1.1156e+07
3.30031e+07 1.11552e+07 3.30031e+07 1.11534e+07
3.30033e+07 1.11527e+07 3.30077e+07 1.11528e+07
3.30085e+07 1.1152e+07 3.30093e+07 1.11507e+07
3.30096e+07 1.11501e+07 3.30094e+07 1.11503e+07
3.301e+07 1.11508e+07 3.30121e+07 1.11509e+07
3.30135e+07 1.1151e+07 3.30148e+07 1.11509e+07
3.30154e+07 1.11507e+07 3.30147e+07 1.11513e+07
3.30142e+07 1.11512e+07 3.30121e+07 1.11523e+07
3.30104e+07 1.1152e+07 3.30073e+07 1.11527e+07
3.30053e+07 1.11526e+07 3.30036e+07 1.11521e+07
3.30029e+07 1.11517e+07 3.30029e+07 1.11516e+07
3.3003e+07 1.11515e+07 3.30032e+07 1.11494e+07
3.30038e+07 1.1149e+07 3.30032e+07 1.11494e+07
3.30025e+07 1.11509e+07 3.30015e+07 1.11503e+07
3.30013e+07 1.1156e+07 3.30012e+07 1.11602e+07
3.30014e+07 1.11609e+07 3.30022e+07 1.11609e+07
3.30006e+07 1.11561e+07 3.29975e+07 1.11531e+07
3.29974e+07 1.115e+07 3.29973e+07 1.11464e+07
3.29947e+07 1.11441e+07 3.29954e+07 1.11464e+07
3.29952e+07 1.11504e+07 3.29951e+07 1.11504e+07
3.2994e+07 1.11528e+07 3.29937e+07 1.11528e+07
3.29895e+07 1.11528e+07 3.29892e+07 1.11569e+07
3.29892e+07 1.11572e+07 3.29909e+07 1.11569e+07
3.29916e+07 1.11544e+07 3.29915e+07 1.1154e+07
3.29915e+07 1.11504e+07 3.29915e+07 1.11496e+07
3.29914e+07 1.11472e+07 3.29936e+07 1.11436e+07
3.29939e+07 1.11436e+07 3.29955e+07 1.11455e+07
3.29955e+07 1.11455e+07 3.30046e+07 1.11418e+07
3.30044e+07 1.11394e+07 3.30032e+07 1.11386e+07
3.30002e+07 1.11439e+07 3.3e+07 1.11439e+07
3.29974e+07 1.11464e+07 3.29989e+07 1.11454e+07
3.30013e+07 1.11467e+07 3.30012e+07 1.11591e+07
3.30013e+07 1.11563e+07 3.30013e+07 1.1156e+07
3.30013e+07 1.11457e+07 3.30048e+07 1.11408e+07
3.30044e+07 1.1135e+07 3.30076e+07 1.11282e+07
3.30078e+07 1.11276e+07 3.30107e+07 1.11194e+07
3.30122e+07 1.11111e+07 3.30165e+07 1.10999e+07
3.30186e+07 1.10977e+07 3.30188e+07 1.10976e+07
3.30202e+07 1.10965e+07 3.30201e+07 1.10962e+07
3.30188e+07 1.10973e+07 3.30174e+07 1.10939e+07
3.30174e+07 1.10939e+07 3.30175e+07 1.10936e+07
3.30197e+07 1.10967e+07 3.30201e+07 1.10957e+07
3.30202e+07 1.10965e+07 3.30202e+07 1.10965e+07
3.30214e+07 1.10905e+07 3.30214e+07 1.10873e+07
3.30223e+07 1.10808e+07 3.30214e+07 1.10771e+07
3.3021e+07 1.10712e+07 3.30213e+07 1.10684e+07
3.3023e+07 1.10614e+07 3.30298e+07 1.10591e+07
3.30368e+07 1.10548e+07 3.30384e+07 1.10533e+07
3.304e+07 1.10518e+07 3.3042e+07 1.10503e+07
3.30436e+07 1.1048e+07 3.30444e+07 1.10458e+07
3.30442e+07 1.10409e+07 3.30428e+07 1.10374e+07
3.30433e+07 1.10289e+07 3.30427e+07 1.10259e+07
3.30414e+07 1.10223e+07 3.30412e+07 1.10197e+07
3.3041e+07 1.10149e+07 3.30412e+07 1.10119e+07
3.30398e+07 1.10077e+07 3.30395e+07 1.10067e+07
3.30417e+07 1.10067e+07 3.30428e+07 1.10006e+07
3.3044e+07 1.09991e+07 3.30462e+07 1.09964e+07
3.30469e+07 1.0998e+07 3.30484e+07 1.10023e+07
3.30519e+07 1.10057e+07 3.30527e+07 1.10027e+07
3.30525e+07 1.10028e+07 3.30525e+07 1.10028e+07
3.30527e+07 1.10035e+07 3.30528e+07 1.10033e+07
3.30526e+07 1.1004e+07 3.30526e+07 1.10039e+07
3.30525e+07 1.10028e+07 3.30526e+07 1.1004e+07
3.30526e+07 1.1004e+07 3.30527e+07 1.1004e+07
3.30526e+07 1.10033e+07 3.30525e+07 1.10028e+07
3.30525e+07 1.10028e+07 3.30527e+07 1.1004e+07
3.30519e+07 1.10048e+07 3.30519e+07 1.1005e+07
3.30493e+07 1.10042e+07 3.30466e+07 1.09977e+07
3.30464e+07 1.09976e+07 3.30443e+07 1.09988e+07
3.30441e+07 1.09989e+07 3.30429e+07 1.10034e+07
3.30428e+07 1.10035e+07 3.30398e+07 1.1007e+07
3.30396e+07 1.10069e+07 3.30414e+07 1.10115e+07
3.30413e+07 1.10118e+07 3.30412e+07 1.10194e+07
3.30412e+07 1.10196e+07 3.30423e+07 1.10256e+07
3.30425e+07 1.10258e+07 3.30426e+07 1.10363e+07
3.30444e+07 1.1046e+07 3.30443e+07 1.10463e+07
3.30413e+07 1.10506e+07 3.3041e+07 1.10508e+07
3.30363e+07 1.10553e+07 3.30361e+07 1.10555e+07
3.303e+07 1.10591e+07 3.30297e+07 1.10591e+07
3.30238e+07 1.10602e+07 3.30235e+07 1.10604e+07
3.30216e+07 1.10659e+07 3.30216e+07 1.10662e+07
3.30209e+07 1.10749e+07 3.3021e+07 1.10752e+07
3.30214e+07 1.10844e+07 3.30214e+07 1.10848e+07
3.30183e+07 1.10901e+07 3.30183e+07 1.10904e+07
3.30174e+07 1.10941e+07 3.30174e+07 1.1094e+07
3.30174e+07 1.10939e+07 3.30195e+07 1.10942e+07
3.30206e+07 1.10941e+07 3.3023e+07 1.10931e+07
3.30227e+07 1.1093e+07 3.30197e+07 1.10942e+07
3.30195e+07 1.10942e+07 3.30175e+07 1.1094e+07
3.30175e+07 1.10944e+07 3.30177e+07 1.10945e+07
3.30201e+07 1.10957e+07 3.30202e+07 1.10965e+07
3.30198e+07 1.10965e+07 3.30177e+07 1.10944e+07
3.30175e+07 1.10936e+07 3.30202e+07 1.10965e+07
3.30202e+07 1.10965e+07 3.30202e+07 1.10965e+07
