-6184.22 143103 -5866.96 143079
-4692.54 141799 -3609.4 140071
-2037.57 139105 -42.7199 141026
-425.659 141763 -2005.28 141255
-3795.3 143531 -8104.48 143611
-8645.49 145401 -8590.94 147774
-9472.59 149221 -10546.8 147632
-13021.5 148533 -13040.4 148467
-13041.5 148467 -13060.4 148594
-13059.3 148587 -13062.6 148522
-12894.6 148787 -12771 152701
-6055.09 152844 -2607.52 152908
-2585.26 152997 -1899.53 151519
-1587.83 152082 -1659.08 151528
-1030.12 149600 -1122.52 149119
-1731.44 148188 -1787.1 144105
-3382.3 143522 -6357.87 143649
-8517.47 143689 -10434.4 144143
-10673.7 137152 -10691.5 136393
-14458.6 135445 -17902.8 131793
-19682.8 131096 -23887.4 132521
-26109.3 133666 -24497.4 132737
-21539.6 130909 -20950.7 130949
-19404.5 129607 -17948.5 131695
-16782.9 134512 -12659.7 135338
-9274.45 135133 -1868.36 134708
1022.61 137210 3755.5 138715
5865.01 138699 5877.25 138731
5877.25 138728 5976.32 139238
5959.63 139227 5824.93 139539
5826.04 139532 5828.27 139532
5828.27 139534 5827.16 139534
5827.16 139537 5827.16 139539
5817.14 139501 5816.02 139499
5826.04 139550 5827.16 139548
5816.02 139461 5822.7 139483
5826.04 139488 5832.72 139499
5893.95 139040 5503.22 137956
5949.61 140441 7491.38 145454
7499.18 149246 7907.72 149279
5794.87 149279 6066.49 148050
5325.11 146703 4570.36 141002
1563.62 143382 443.746 145321
-2396.01 145368 -2836.84 146198
-3692.89 145844 -3667.28 143589
-2940.37 143546 -7552.33 143591
-10104.9 128647 -11921.6 123431
-11234.8 123340 -11060 126973
-12302.3 131370 -12509.4 133726
-9790.97 133654 -9392.44 133614
-10084.9 133652 -12295.7 133779
-13039.3 133835 -11221.4 135233
-17466.4 136063 -18020.8 141246
-18107.6 140875 -15639.7 140527
-13437.8 139984 -13442.2 139557
-15592.9 144775 -15577.4 149315
-15606.3 152441 -15556.2 155021
-12036.3 184182 -11785.8 188194
-11631.1 191883 -11421.8 191948
-11737.9 187669 -11365 186244
-12009.6 182136 -11652.2 174362
-10192.8 166583 -9473.71 166075
-3921.09 164107 -3229.8 159592
-3267.65 154119 -2758.92 153434
-1066.86 153184 -1055.73 153118
-1025.67 153218 -990.049 153055
-983.37 152933 -1043.48 149226
-579.28 148153 1224.1 147908
793.289 147625 1058.23 159779
1109.44 148117 738.743 147391
375.841 145766 586.235 146594
-3174.14 146991 -5714.45 147719
-4384.18 148928 -4119.24 148928
-4119.24 148939 -4115.9 148941
-4119.24 148972 -4134.82 148883
-1115.84 149032 641.895 148204
594.028 147122 442.633 146523
-522.507 146810 -285.396 147033
826.685 147249 -2679.88 146982
-2242.39 145410 -2243.51 145412
602.933 147104 493.84 146536
452.652 146530 -776.315 139980
-2903.63 134187 -2761.14 133499
-2869.12 136649 -1232.73 140788
428.162 142999 1302.02 142001
4198.55 138677 4383.34 138619
4369.98 138610 4380 138581
5335.12 138497 5336.24 138497
5335.12 138497 5336.24 138497
5335.12 138497 5336.24 138497
5336.24 138499 5335.12 138499
5475.39 138492 5945.16 139236
5926.23 139695 5920.67 139686
5921.78 139684 5052.37 140532
2611.14 144446 4913.22 134946
6836.82 130342 7299.91 129689
5676.88 132731 5493.2 136651
3542.88 138713 795.516 145325
1061.57 147097 3074.23 154358
2646.76 152735 2630.06 151461
1316.49 143798 2104.63 143005
73.0524 143903 -3270.99 143515
-3496.96 141790 -2788.97 143375
-2718.84 146971 -2617.54 151459
-2511.79 153463 -2508.45 153460
-632.713 156669 -3919.98 160721
-6165.29 162246 -6199.8 162244
-8220.25 161097 -11119 157132
-11300.5 155364 -10415.5 152002
-10460 143762 -9674.08 139483
-9428.07 138804 -8728.98 143431
-7049.17 143081 -7902.99 143642
-9969.08 144455 -10511.2 147812
-10433.3 153663 -11360.6 162155
-12246.7 165387 -12440.4 165320
-12442.6 165888 -9485.95 165336
-9411.37 165476 -8475.17 162019
-8438.44 161275 -8426.19 155678
-8464.04 153004 -8307.08 153220
-8136.76 156226 -7412.07 160572
-8477.4 152036 -8467.38 152067
-9549.4 150604 -11279.3 146267
-10316.4 145526 -10322 147293
-10483.4 148732 -10428.8 152781
-13325.4 155146 -14092.4 155121
-14340.6 155026 -13877.5 152873
-12786.6 151849 -12271.2 150444
-11163.5 150462 -11155.7 150462
-9969.08 151114 -9876.68 151935
-10384.3 151345 -10468.9 148723
-10374.3 143836 -10222.9 143157
-10622.5 141592 -11876 140688
-12159.8 140639 -12161 140636
-12159.8 140643 -12106.4 140398
-10960.9 141592 -10730.5 141598
-10581.3 141629 -10614.7 142665
-9954.61 139908 -9413.59 137994
-7698.16 137232 -7333.03 135055
-3737.41 134799 -3651.7 134868
-3668.4 134855 -3623.87 134826
-3614.96 134823 -3602.72 134821
-2871.35 137361 -2853.54 137655
-2836.84 140659 -2780.07 143333
-1790.44 148211 -1614.55 152826
-734.014 160792 -2739.99 160923
-2625.33 160943 149.863 160389
651.914 160104 653.027 160080
-490.224 158439 -539.205 154950
195.504 154774 496.066 154799
1284.21 153610 1260.83 153394
611.839 153236 837.817 153064
1072.7 152610 90.8635 152634
-1725.87 150210 -1837.19 144682
-4581.22 143589 -6699.63 143631
-8567.57 143660 -9536.05 144225
-10109.3 144486 -11336.1 144401
-11652.2 141574 -12246.7 141560
-10592.5 142827 -10554.6 108011
-10153.9 139454 -4586.78 139185
759.894 142099 1903.14 140877
3995.95 138668 5556.65 138862
5927.34 139229 5926.23 139227
5821.59 139541 5824.93 139537
5824.93 139539 5824.93 139543
5826.04 139543 5495.42 137535
4422.3 137141 4441.23 136709
5500.99 138368 5912.87 139630
5498.76 138194 4760.72 137319
4415.63 137450 3384.81 138194
4402.27 149331 1020.38 152639
114.241 152628 -294.302 152614
-347.735 152953 -616.015 152628
-1427.53 152614 -2605.29 151247
-1944.06 149097 -1820.49 144297
1047.1 142475 1235.23 143050
589.575 144604 427.048 146516
-293.189 146870 -937.729 148560
-1174.84 149157 -1383.01 149088
-4052.45 143566 -10279.7 144606
-11346.1 143359 -10925.3 145430
-10799.5 149152 -10718.3 149275
-10446.6 152577 -9681.87 155424
-9287.8 158220 -8771.28 159839
-9635.12 158323 -10299.7 157891
-11279.3 154868 -18421.6 142333
-18743.3 142498 -16730.6 144272
-15561.8 151639 -15578.5 156275
-13408.9 156727 -8221.36 154563
-5853.6 152855 -2600.84 153222
-3313.29 153757 -3558.19 153173
-4384.18 149662 -4648.01 145572
-4722.59 140427 -4505.52 136177
-3596.04 138947 -3780.83 143181
-3289.91 143580 -1993.04 142369
-341.056 141794 348.012 142901
280.107 142852 282.333 142849
287.899 142849 588.462 146153
844.496 147558 842.27 147563
523.896 146527 -706.184 148560
-4093.64 149070 -4112.56 148943
-1694.7 148965 1146.17 134634
797.742 133111 1720.58 134868
5300.62 138495 5299.5 138499
5301.73 138497 5303.96 138492
5305.07 138492 5305.07 138495
5305.07 138492 5306.18 138492
5302.84 138439 5311.75 138490
5308.41 138492 5308.41 138488
5308.41 138490 5306.18 138492
5306.18 138490 5307.29 138490
5307.29 138492 5306.18 138490
5306.18 138492 5306.18 138486
5306.18 138488 5305.07 138488
5293.94 138499 5298.39 138495
5298.39 138492 5300.62 138495
5299.5 138492 5910.65 139194
5931.8 139238 5976.32 139323
5908.42 139672 5917.33 139701
5922.89 139815 4401.15 141364
2746.95 142573 1323.17 143887
1236.34 147583 1593.68 149355
1864.18 149077 -983.37 149184
-1072.43 149417 -108.398 147024
-1286.16 148505 -4753.76 143593
-11222.5 145630 -17710.2 143883
-22058.4 143965 -26212.8 143569
-27956.1 143862 -27883.7 146069
-26596.9 147011 -22812 147919
-21145.6 147986 -18450.5 149106
-14089 149264 -12268.9 149393
-11813.6 147736 -10952 145610
-10155 145011 -10523.4 147596
-10639.2 154847 -13550.2 155126
-14340.6 155052 -13257.5 152897
-12789.9 152027 -11714.6 150502
-11795.8 148654 -11042.2 145646
-10148.3 144962 -10166.1 144985
-10826.2 138390 -10350.9 139481
-4881.78 139245 -4732.61 137230
-2910.31 137722 -2055.38 139134
-1610.1 140033 -1128.08 143493
26.2982 144250 8.48706 146953
2.92109 149201 336.88 148493
1382.17 148077 1878.65 148438
1510.19 149324 1133.93 149765
1235.23 152209 696.442 152585
-938.842 152574 -3208.65 152621
-3797.53 152412 -3594.92 151532
-1917.34 151310 -1737 151833
-1539.97 150864 -1381.89 150488
-1389.69 150475 -1828.28 145929
401.445 141525 215.541 141244
693.102 142273 218.881 142718
214.428 142720 224.447 142723
3655.31 142050 649.687 143081
584.009 144965 615.178 145771
160.995 146977 -637.166 145325
-1051.27 145283 -2591.94 145368
-3670.62 145385 -4988.64 145428
-4758.21 145437 -3717.38 145980
-4219.43 146289 -3178.59 145430
-1201.56 146381 -1254.99 145893
-1226.05 145276 -1216.03 144713
-1250.54 144680 54.1281 145321
1270.85 148988 1656.02 149395
1600.36 149457 1859.73 148081
1308.7 145710 2101.29 144519
1822.99 143878 1431.15 142763
1412.23 142041 -101.719 152539
-2173.37 152741 -4742.63 152726
-7875.16 152877 -14817 152793
-14848.2 153106 -15064.2 155099
-15537.3 153411 -15392.6 153015
-15433.8 152597 -15509.4 149426
-15545.1 147503 -14784.8 145735
-13851.9 148215 -12880.1 150751
-14231.5 152029 -14357.3 153523
-14348.4 153861 -13563.6 152049
-12385.8 151401 -12306.8 150448
-11710.1 151325 -11560.9 152574
-11518.6 152870 -11725.7 150677
-11775.8 149415 -11817 147133
-10896.4 145388 -11152.4 144388
-11540.9 141779 -10545.7 142974
-10559.1 145679 -10569.1 146138
-10433.3 145563 -9668.52 144608
-8765.72 143776 -8690.02 144965
-8619.89 146352 -7855.12 147193
-7908.56 145114 -5147.83 143611
-1496.55 143504 1374.38 141863
2408.54 139824 4411.17 138628
5939.59 139287 5940.7 139285
5822.7 139512 5823.82 139503
5823.82 139505 5898.4 138695
4526.95 137361 4434.55 136702
3863.48 137341 1818.54 141028
458.218 141525 591.801 141857
1277.53 147095 1313.15 149900
1259.72 153739 114.241 155916
-3215.33 156032 -6549.34 156784
-7141.56 156849 -6711.87 157602
-6963.45 157582 -7289.62 157000
-7345.28 154703 -7713.75 153587
-8433.98 152519 -9591.71 152899
-10417.7 154367 -17262.7 158759
-18294.7 161322 -16622.6 157604
-15628.6 157664 -14215.9 155994
-12031.8 155050 -10172.8 152924
-8455.13 154458 -6325.59 157548
-4277.31 156101 -3778.6 155146
3797.8 153265 8164.87 152481
7971.17 151118 6890.26 150827
4489.1 149502 2689.06 147607
1238.57 147451 571.764 147814
320.182 148491 1153.96 146948
-1059.07 138924 -2091 140189
-2271.34 140674 -3738.53 143132
-9032.88 143836 -14785.9 145670
-16041.6 149820 -15487.2 153151
-14846 152321 -11339.4 152899
-6626.15 152868 -4842.82 152381
-4014.6 151072 -3985.66 152630
-4043.54 151210 -4210.52 148758
-4113.67 148874 -4639.1 145486
-4825.01 143063 -5164.53 142923
-4223.88 143595 -2609.75 153380
-3395.66 154193 -3635 155422
-3620.53 155453 -1912.89 154360
4462.38 152908 5123.62 145394
5168.15 145169 4392.25 146977
4036.03 146971 3841.22 148928
3142.13 148159 3145.47 148173
2749.17 146100 1729.49 147385
598.48 147229 747.648 147264
1638.2 151561 2898.34 151860
842.27 147585 844.496 147578
838.93 147576 1546.92 147042
762.12 147291 858.968 147574
857.855 147569 853.402 147565
854.515 147563 854.515 147565
1326.51 143802 3359.2 141703
2290.54 142086 661.932 143077
278.993 142856 307.936 142825
303.484 142827 299.031 142827
297.918 142825 409.237 142985
3005.21 138913 5311.75 138470
5311.75 138486 5311.75 138488
5311.75 138486 5312.86 138484
5311.75 138481 5312.86 138479
5312.86 138481 5311.75 138481
5311.75 138484 5310.63 138484
5310.63 138486 5310.63 138488
5901.74 139194 5937.36 139234
5903.97 139606 3900.22 140926
2357.33 142876 2615.59 143987
2725.8 137609 10215.4 126802
15051.1 121474 15867.1 114732
15301.6 116680 15981.7 120047
15333.8 121233 11854 126904
5784.86 134897 3331.37 136936
3282.39 136860 699.781 133904
608.499 133679 1762.88 134917
2267.16 135540 16110.9 121420
15803.6 121420 15749.1 119791
14680.4 118007 13598.4 123019
12634.3 125346 12379.4 128057
8909.59 131134 6621.98 134739
4432.32 134921 3649.75 135160
2972.93 134981 2738.04 135320
-762.957 135055 -4698.1 134006
-3773.04 133321 -3160.78 134078
-3621.64 127605 -3951.15 126216
-3662.83 128129 -3709.58 133398
-3603.83 138929 -1606.76 139158
-1345.16 141246 -477.979 142467
-533.639 143186 -712.863 145343
-1222.71 144744 -1193.76 144688
-1848.32 143949 -1708.06 151724
-2871.35 152842 -2578.58 152479
-2586.37 151895 -2624.22 150584
-2969.31 147031 -5664.35 147086
-6008.33 146986 -6039.5 145626
-5025.38 144844 -4646.89 145316
-4037.98 145477 -3736.3 144546
-3514.77 141932 -2018.64 141358
-1612.32 139848 212.202 141344
-676.128 143117 -1796 143976
-7646.95 143622 -10552.4 144902
-10535.7 146775 -10421 151470
-11302.7 156139 -12017.4 158087
-12303.4 159084 -12142 159087
-11978.4 156428 -11969.5 156292
-11996.2 155179 -11906 152995
-11292.7 149342 -10956.5 149315
-11564.3 149491 -10839.6 149139
-12834.4 148215 -13790.7 146145
-14320.6 139737 -15340.2 140209
-12900.1 140625 -12201 140650
-12199.9 140645 -9419.16 138535
-8991.69 137448 -7736.01 136584
-7112.62 135042 -3184.16 134801
-2930.35 134750 -2895.84 134995
2060.11 138419 3225.62 136829
4492.44 139810 5507.67 142484
5369.63 141097 5088 140592
4846.43 140256 3695.39 141939
1521.32 143364 -1908.43 139022
-5352.66 139074 -4898.48 137769
-4745.97 138299 -4599.03 136538
-4375.27 136275 -2857.99 137344
-2492.86 138495 -2894.73 136017
373.615 136393 376.955 136406
1621.51 139327 1278.64 148262
1258.6 155662 -175.19 163566
-2407.15 163793 -6023.92 164058
-10520.1 165104 -13399.9 166008
-14282.7 166093 -15672 165363
-14598.9 166062 -12823.3 165933
-8195.76 164076 -3436.85 164060
1230.78 158318 3872.39 152692
4455.7 143718 5289.48 140712
5942.93 140046 5952.95 139249
5829.38 139517 5832.72 139512
5830.5 139512 5924 139946
4450.13 141358 799.969 143687
580.669 145771 256.73 146652
110.901 146971 -50.5123 148505
-1507.68 149046 -1619 147498
-2413.83 143435 -3545.94 141253
-3596.04 139292 -3668.4 135727
-3630.55 131684 -3559.3 125185
-2934.8 123195 -3007.16 123248
-2868.01 123925 -3611.62 124925
-4442.07 130929 -4751.53 131644
-4789.38 136771 -4724.82 141551
-4699.21 147075 -5249.13 147060
-5274.74 145445 -3737.41 145321
-1907.32 145381 -1132.54 142988
-510.262 144680 -1325.12 146995
-1416.4 148424 -1267.23 149054
-2634.24 149649 -2369.3 149426
-2673.2 148505 -2736.65 147158
-3287.68 150259 -3619.42 150014
-3650.58 148567 -3646.13 149188
-6035.05 149326 -8492.98 149161
-13500.1 147512 -13490.1 147654
-11751.3 149945 -11753.5 150003
-11715.7 150381 -12817.7 153786
-14153.6 154781 -12963.6 153890
-12401.4 152931 -12105.3 156689
-13359.9 157915 -12408.1 157114
-10183.9 156940 -9580.57 161059
-8904.86 165479 -7954.2 167769
-7894.08 167821 -7044.72 164648
-7048.06 164510 -6001.65 164797
-4535.57 163911 -5530.77 159677
-4272.86 156117 -4311.82 152245
-4590.12 147750 -4688.08 142591
-4750.42 137428 -4257.28 137119
-3656.15 137105 -2796.76 141756
-3511.44 143593 -2816.8 140198
-2914.76 134810 -2916.99 133588
-1480.97 135914 -2853.54 138350
-1188.2 141385 -661.656 143682
-1187.08 140924 -3491.4 141302
-3724.06 143595 -1662.42 151817
-1257.22 161070 -3294.36 164022
-4960.82 164047 -5705.54 158810
-4783.82 156266 -4772.69 156250
-6277.72 160670 -12700.9 161591
-17771.5 162052 -18640.9 161471
-18516.2 160088 -20882.8 162711
-13300.9 157978 -6327.82 156731
-3707.36 155155 -2601.95 153601
-2530.71 153340 -1023.44 151225
-1015.65 149725 -158.492 152648
1896.47 154836 2036.73 154436
1276.42 149535 592.914 147269
1315.38 144902 4993.37 140543
5962.97 139238 5831.61 139601
5832.72 139570 5826.04 139592
5828.27 139577 5824.93 139574
5824.93 139572 5829.38 139570
5830.5 139570 5832.72 139568
5830.5 139568 5829.38 139568
5830.5 139568 5829.38 139566
5830.5 139566 5833.84 139566
5826.04 139521 5828.27 139525
5828.27 139532 5828.27 139537
5831.61 139537 5831.61 139539
5831.61 139537 5836.06 139599
5836.06 139586 5837.18 139583
5836.06 139581 5833.84 139581
5833.84 139579 5831.61 139574
5830.5 139574 5830.5 139572
5829.38 139574 5793.76 139579
5826.04 139577 5821.59 139577
5818.25 139572 6192.28 138535
6842.39 134120 10055.1 130293
12304.8 125597 15307.1 121207
15457.4 118644 14651.5 112677
15389.5 106731 19912.4 106045
25280.2 106448 29651.8 104667
34744.6 101318 41241.2 98885
47869.2 98116.9 55740.6 98462
62819.4 100688 67081.8 99593
69344.9 99851.2 69347.2 99853.4
69346.1 99851.2 69346.1 99855.7
69344.9 99853.4 69343.8 99864.6
69343.8 99862.3 69342.7 99866.8
69342.7 99864.6 69343.8 99866.8
69598.8 99860.1 73528.3 99842.3
74933.2 101822 74942.1 101822
81644.6 104046 81643.5 104046
81643.5 104048 81644.6 104048
81644.6 104050 81645.7 104050
81199.4 103861 77076.1 102527
75177 101928 74392.2 99319.1
74395.5 99321.3 73496 98798.1
72638.9 98087.9 72637.8 98081.2
72638.9 98081.2 72637.8 98079
72638.9 98079 72638.9 98081.2
72638.9 98079 72640 98074.6
72640 98076.8 72640 98074.6
72164.7 98831.5 69332.7 99853.4
69159 99835.6 69026.6 99840.1
69031 99842.3 69029.9 99842.3
69031 99844.5 69033.3 99849
69033.3 99851.2 69327.1 99840.1
69326 99837.9 69326 99831.2
69326 99833.4 69322.7 99833.4
69324.9 99835.6 69324.9 99840.1
69323.8 99840.1 69322.7 99835.6
69323.8 99835.6 69324.9 99831.2
69326 99833.4 69326 99829
69327.1 99829 69326 99829
69327.1 99831.2 69328.2 99829
69329.4 99829 69329.4 99824.5
69328.2 99824.5 69329.4 99826.7
69329.4 99824.5 69328.2 99826.7
69327.1 99826.7 69326 99826.7
69326 99829 69326 99831.2
69326 99829 69324.9 99829
69326 99829 69326 99826.7
69328.2 99831.2 67932.3 99628.6
67221 96324.6 67219.9 96324.6
67221 96324.6 67218.7 96331.3
67386.8 97186.2 69318.2 99895.7
73114.2 99245.6 70893.4 100288
70902.3 100305 70903.4 100301
71140.5 100566 74379.9 101009
76959.2 102405 81601.2 104044
81619 104059 81621.3 104052
81620.1 104052 81614.6 104064
81614.6 104061 81615.7 104061
81615.7 104059 81616.8 104059
81616.8 104057 81617.9 104057
81617.9 104059 81619 104059
81619 104057 81620.1 104057
81620.1 104055 81621.3 104055
81621.3 104057 81222.7 103645
83922.2 101401 84399.8 100840
81624.6 102741 81635.7 104032
81634.6 104035 81632.4 104037
81630.2 104035 81627.9 104035
81629.1 104037 80881 103870
74957.7 101666 72566.5 99853.4
69334.9 99829 69331.6 99844.5
69329.4 99844.5 69328.2 99846.8
69327.1 99844.5 69330.5 99842.3
69329.4 99840.1 69331.6 99840.1
69331.6 99837.9 69329.4 99831.2
69330.5 99831.2 69331.6 99829
69331.6 99831.2 69331.6 99833.4
69331.6 99831.2 69330.5 99831.2
69330.5 99829 69330.5 99824.5
74562.5 102111 69331.6 99824.5
69331.6 99826.7 69330.5 99824.5
69331.6 99824.5 69330.5 99824.5
69330.5 99822.3 69329.4 99822.3
69329.4 99820 69329.4 99822.3
69330.5 99820 69329.4 99822.3
69330.5 99822.3 69329.4 99820
69329.4 99822.3 69328.2 99822.3
69328.2 99824.5 69327.1 99824.5
69327.1 99826.7 69326 99829
71686 99893.5 73744.3 102541
76060.8 101899 80837.6 104003
81649.1 104012 81648 104015
81649.1 104017 81649.1 104019
81088 103551 80985.6 103710
80985.6 103707 77974.4 103258
74951 100800 73125.4 99579.6
73135.4 99577.4 72681.2 98815.9
69160.2 99866.8 67400.2 97428.9
67272.2 96353.6 67272.2 96349.1
68680.4 99822.3 69155.7 99862.3
69156.8 99860.1 69157.9 99860.1
69157.9 99857.9 69160.2 99857.9
69160.2 99855.7 69161.3 99849
69160.2 99851.2 69160.2 99855.7
69160.2 99853.4 69161.3 99853.4
69161.3 99855.7 69162.4 99851.2
69163.5 99853.4 69163.5 99851.2
69163.5 99853.4 69159 99849
69446.2 99904.7 71136.1 101842
70964.6 102389 71122.7 101868
