-10499.000000 148899.000000
-17189.300000 167427.000000
-8554.210000 136602.000000
-16475.700000 158786.000000
-20634.600000 148144.000000
-15920.200000 138751.000000
-15669.800000 162667.000000
-3784.170000 157114.000000
-17940.700000 162963.000000
-12797.700000 141580.000000
-21170.000000 155885.000000
-12144.300000 161420.000000
-10505.600000 143045.000000
-19553.700000 154447.000000
-16701.700000 135598.000000
-10999.900000 153398.000000
-18247.900000 168155.000000
-24488.500000 138196.000000
-17111.300000 163900.000000
-16467.900000 151704.000000
-4918.510000 152777.000000
-16713.900000 162457.000000
-11003.200000 153445.000000
-17388.500000 163929.000000
-26647.000000 148827.000000
-10916.400000 153434.000000
-25462.500000 152830.000000
-10945.400000 153400.000000
-17094.600000 162019.000000
-5364.900000 160975.000000
-11494.200000 152922.000000
-14974.000000 166037.000000
