-4073.600000 132486.000000
-7041.380000 164022.000000
3336.940000 136947.000000
-2489.520000 117999.000000
-18447.200000 127979.000000
-19834.200000 154983.000000
-3613.850000 106176.000000
-5455.070000 130086.000000
-15079.800000 136137.000000
-9031.770000 114690.000000
1599.240000 105876.000000
8513.300000 145227.000000
756.554000 135244.000000
-12312.400000 171200.000000
-3574.890000 139543.000000
-18832.300000 138207.000000
-19638.300000 153578.000000
-1238.290000 111595.000000
-16887.600000 120871.000000
-15958.100000 139307.000000
280.107000 152608.000000
-3572.660000 125958.000000
-518121.000000 2198350.000000
-5035.400000 109166.000000
-14882.700000 136146.000000
-18618.600000 124653.000000
-11212.500000 141574.000000
-4062.470000 112577.000000
1539.130000 102921.000000
-4774.910000 135420.000000
-19498.000000 140616.000000
-21943.700000 151007.000000
-2849.080000 143613.000000
-23056.900000 121659.000000
7265.400000 152799.000000
-3613.850000 127906.000000
15062.200000 121534.000000
5072.410000 111086.000000
-1724.760000 156186.000000
1627.070000 93479.300000
-5539.680000 130081.000000
