-13482.300000 155150.000000
1171.780000 155918.000000
-9645.140000 151475.000000
-1239.400000 141275.000000
-2593.050000 152122.000000
23115.100000 146084.000000
26808.700000 160823.000000
27950.800000 176212.000000
29175.300000 193747.000000
6831.260000 162531.000000
15785.800000 116814.000000
4324.340000 141442.000000
14809.500000 152289.000000
28000.900000 174531.000000
-834910.000000 2699250.000000
29197.600000 193671.000000
-53879.100000 193671.000000
29196.500000 193671.000000
-17256.100000 151641.000000
-14066.700000 139568.000000
15822.500000 120022.000000
-10763.900000 146102.000000
-2932.570000 133650.000000
418.143000 151063.000000
-4347.440000 127185.000000
15464.100000 114959.000000
-2921.440000 135091.000000
1217.420000 153200.000000
16011.800000 176020.000000
29197.600000 193676.000000
23891.000000 160218.000000
-10838.500000 137960.000000
1241.910000 158537.000000
8426.470000 150657.000000
24138.100000 157733.000000
29169.700000 193754.000000
-8989.470000 124079.000000
29189.800000 193667.000000
-2116.600000 161524.000000
-6229.860000 137415.000000
3184.430000 130907.000000
3109.850000 151254.000000
23114.000000 156580.000000
29204.200000 193667.000000
27837.200000 180155.000000
26062.800000 155193.000000
1690.520000 146997.000000
