-5025.380000 134806.000000
2614.480000 149335.000000
1936.540000 129983.000000
3836.760000 150620.000000
-5697.750000 156364.000000
5285.030000 165438.000000
-8804.680000 165438.000000
12375.000000 109768.000000
27417.600000 104711.000000
13202.100000 105707.000000
1269.740000 151292.000000
-16827.500000 121287.000000
-13800.700000 139543.000000
14781.700000 150885.000000
-308.773000 141727.000000
4627.130000 153033.000000
-9617.310000 152877.000000
-15680.900000 140454.000000
532.802000 130497.000000
-3207.530000 151036.000000
7974.510000 151332.000000
1413.340000 133013.000000
28126.700000 103910.000000
13804.300000 105998.000000
3862.370000 137335.000000
-10510.100000 149239.000000
-10819.600000 135253.000000
-16146.200000 152801.000000
-10693.800000 139419.000000
-10746.100000 165243.000000
-1297.290000 161509.000000
-14358.400000 164875.000000
-15020.800000 132236.000000
-17154.800000 146565.000000
-13113.900000 123248.000000
-16702.800000 135676.000000
-4695.870000 130584.000000
-3473.590000 164127.000000
-5404.980000 139648.000000
-2358.170000 153184.000000
13003.900000 106277.000000
24550.000000 106379.000000
-1689.140000 151626.000000
-12666.400000 142974.000000
-13525.700000 154407.000000
-15191.100000 136342.000000
-8614.320000 150357.000000
-15738.800000 138281.000000
-15586.300000 152314.000000
-15694.200000 138248.000000
-6144.140000 142883.000000
-14831.500000 136624.000000
-15029.700000 123925.000000
1230.780000 150577.000000
12515.200000 108058.000000
33483.400000 110881.000000
15747.900000 105885.000000
8904.030000 124286.000000
2565.500000 133187.000000
-37045.300000 108376.000000
-14943.900000 135318.000000
3974.800000 134329.000000
-1726.980000 152606.000000
-17191.500000 152795.000000
-726.222000 149319.000000
-18097.600000 142818.000000
-9440.310000 137464.000000
-15592.900000 147561.000000
-4704.780000 143112.000000
-12586.200000 124388.000000
-13683.800000 135948.000000
-164.058000 133078.000000
8847.250000 124500.000000
622.971000 175186.000000
-9452.560000 166545.000000
-10162.800000 147316.000000
-545.884000 157786.000000
-8720.070000 143379.000000
25920.300000 106437.000000
14399.900000 105963.000000
549.500000 148427.000000
-10437.700000 127815.000000
2303.890000 145054.000000
3021.910000 156266.000000
-5671.030000 173164.000000
-5226.870000 160845.000000
-1100880.000000 155195.000000
-2886.930000 155210.000000
9491.790000 122126.000000
1246.360000 146182.000000
-11402.900000 142774.000000
-11072.300000 154885.000000
-4737.060000 133434.000000
-20502.100000 155128.000000
-21935.900000 129952.000000
-6369.010000 147080.000000
-12953.600000 137626.000000
-17108.000000 152795.000000
-15673.100000 141879.000000
-16732.900000 156751.000000
-15582.900000 143738.000000
-5664.350000 140429.000000
-14214.800000 155072.000000
28121.100000 103912.000000
12943.800000 106337.000000
1009.250000 140423.000000
-32354.300000 147901.000000
-27098.900000 171946.000000
-15656.400000 142395.000000
-14296.100000 154908.000000
4369.980000 156624.000000
