-9641.800000 156535.000000
-15509.400000 145160.000000
-10446.600000 158254.000000
-2417.160000 141364.000000
5486.520000 151018.000000
24345.200000 149293.000000
33997.700000 131967.000000
34095.600000 118862.000000
23148.500000 146917.000000
5231.600000 150982.000000
10713.000000 141429.000000
238.918000 152639.000000
-13794.000000 147149.000000
-3549.280000 140766.000000
-4106.990000 160723.000000
28.524600 140995.000000
1270.850000 151940.000000
-1378.550000 139169.000000
-3189.720000 155188.000000
16901.200000 154079.000000
32291.100000 117907.000000
21946.200000 148369.000000
22.958600 148505.000000
-2053.150000 161362.000000
5784.860000 148582.000000
-7953.080000 167838.000000
1493.490000 149384.000000
-7359.750000 139254.000000
-10930.900000 128291.000000
15439.600000 118228.000000
-15511.700000 124045.000000
-13027.000000 182346.000000
-13244.100000 156722.000000
29601.700000 123182.000000
23156.300000 146964.000000
3812.270000 141941.000000
1011.480000 153131.000000
9363.780000 145897.000000
2145.820000 156007.000000
-2727.750000 145470.000000
-5655.450000 162128.000000
-3249.830000 149119.000000
23105.100000 152637.000000
34323.800000 127185.000000
15414.000000 153082.000000
-10406.600000 161558.000000
-12289.000000 143952.000000
501.632000 142723.000000
-9602.840000 160206.000000
34487.500000 127205.000000
33544.600000 157949.000000
37812.600000 145085.000000
17205.100000 152296.000000
-96681.400000 294427.000000
17592.500000 143261.000000
4917.680000 152690.000000
-10409.900000 154035.000000
-10027.000000 135131.000000
2024.480000 132987.000000
-1560.000000 147068.000000
