-1064.630000 143767.000000
3054.190000 153995.000000
-10546.800000 149108.000000
-10800.600000 133815.000000
15621.000000 119686.000000
905.722000 152732.000000
1125.020000 142418.000000
-12876.700000 152031.000000
-2049.810000 142093.000000
-12845.600000 152116.000000
-14873.800000 135551.000000
-455.715000 144778.000000
-2912.540000 134861.000000
-3386.760000 155166.000000
7102.880000 152465.000000
11689.200000 117473.000000
1147.290000 153512.000000
-1888.400000 143560.000000
-10450.000000 151078.000000
-16016.000000 137811.000000
-2689.900000 148202.000000
-2908.080000 133392.000000
-16632.700000 132833.000000
826.685000 152606.000000
2909.470000 137030.000000
8853.930000 124486.000000
-17613.400000 141572.000000
-6071.780000 143175.000000
-22817.600000 150802.000000
-3164.120000 139029.000000
7067.260000 149270.000000
-2292.490000 145292.000000
-747.372000 160841.000000
-3652.810000 149244.000000
324431.000000 145581.000000
1260.830000 146870.000000
11858.400000 115768.000000
9.600250 146365.000000
-13221.800000 155137.000000
-15910.200000 139136.000000
2296.100000 132399.000000
41.882900 149255.000000
-14985.100000 145541.000000
-1466.500000 140503.000000
-1743.680000 150557.000000
-11244.800000 145742.000000
-3676.190000 136106.000000
-3715.150000 118094.000000
-709.524000 146984.000000
-14112.400000 146614.000000
5151.450000 148224.000000
4141.780000 134821.000000
10734.100000 119321.000000
-10891.900000 129422.000000
-1900.640000 145419.000000
3776.650000 104246.000000
42012.700000 56251.800000
40671.300000 15938.600000
43908.400000 40359.900000
23040.500000 60889.400000
8168.210000 126450.000000
23118.400000 61112.000000
41859.000000 50351.900000
40763.700000 17445.900000
44347.000000 42214.400000
23068.300000 60844.900000
9353.760000 122616.000000
37596.600000 77513.800000
41478.300000 11078.400000
