-2902.520000 139058.000000
-15586.300000 147589.000000
-13710.500000 135471.000000
5447.560000 138499.000000
8848.370000 152476.000000
-13688.300000 155126.000000
-12789.900000 141712.000000
1584.770000 141500.000000
1222.980000 155694.000000
-2962.630000 165467.000000
-3531.470000 139080.000000
23403.400000 145853.000000
5978.550000 139247.000000
782.158000 162301.000000
-11056.700000 165396.000000
-14153.600000 155193.000000
965.835000 156045.000000
-8446.230000 160977.000000
-10383.200000 139441.000000
3978.140000 135382.000000
5002.280000 152470.000000
2421.890000 132332.000000
1278.640000 152677.000000
-11785.800000 148910.000000
-9611.740000 160258.000000
-17793.700000 144490.000000
4401.150000 136580.000000
-10641.400000 150410.000000
-7938.610000 138239.000000
-11941.700000 149299.000000
-7724.880000 137482.000000
1205.170000 152069.000000
1501.280000 140398.000000
-15586.300000 153396.000000
-13666.000000 137515.000000
3036.380000 131121.000000
6542.940000 152655.000000
6783.390000 173226.000000
-9876.680000 142039.000000
2841.570000 139214.000000
-1611.210000 153316.000000
18001.100000 106012.000000
49463.300000 97978.800000
73123.100000 99328.000000
65414.300000 134080.000000
74223.000000 99833.400000
