-3691.770000 146755.000000
2592.210000 132528.000000
1367.700000 146559.000000
-11680.100000 136591.000000
-138929.000000 151363.000000
-86381.000000 55465.900000
-13808.500000 137542.000000
648.574000 175007.000000
1650.450000 123711.000000
7116.240000 149319.000000
-2247.960000 166652.000000
6087.640000 133390.000000
383778.000000 -142442.000000
5886.160000 139125.000000
-12491.600000 145868.000000
1267.510000 145303.000000
345.785000 130573.000000
1189.590000 142654.000000
-7087.020000 130179.000000
-1765.950000 142369.000000
-13519.100000 142346.000000
-307.660000 141529.000000
-9169.800000 131214.000000
-17448.600000 143849.000000
-1546.650000 139089.000000
1227.440000 154647.000000
1917.620000 128710.000000
7492.500000 149221.000000
2145.820000 138539.000000
-7727.100000 169693.000000
3744.370000 135901.000000
-17118.000000 135729.000000
-19424.600000 158681.000000
-2737.760000 149115.000000
-850.899000 135162.000000
-14128.000000 123217.000000
-15598.500000 157570.000000
-15610.800000 146378.000000
-12684.200000 161400.000000
13915.600000 152287.000000
8847.250000 124464.000000
-10721.600000 135122.000000
-11306.000000 156811.000000
-1856.110000 143615.000000
10473.600000 152877.000000
70588.400000 134906.000000
85057.700000 90890.000000
74398.800000 99811.100000
79369.300000 89607.600000
18362.800000 105996.000000
4333.250000 152481.000000
-9569.440000 161044.000000
-3368.950000 178331.000000
1948.790000 161642.000000
-7101.490000 166498.000000
894.590000 157969.000000
4422.300000 142498.000000
-18591.900000 139690.000000
1033.740000 142442.000000
6655.370000 126933.000000
4375.550000 152303.000000
-8278.140000 156891.000000
-15759.900000 140737.000000
-3645.020000 139178.000000
-12480.400000 93247.700000
-7125.980000 102594.000000
1939.880000 131922.000000
12904.900000 106452.000000
79410.500000 89242.500000
72984.000000 99851.200000
81662.400000 89273.600000
74941.000000 101463.000000
109625.000000 367653.000000
83278.800000 19823.600000
79379.300000 89042.100000
