-3542.600000 153213.000000
1050.440000 142364.000000
1794.050000 169018.000000
-6975.700000 159583.000000
15490.800000 117947.000000
-169.624000 141416.000000
-935.502000 126512.000000
-15928.000000 139011.000000
-5354.890000 174326.000000
1273.080000 153659.000000
23594.900000 155760.000000
-4791.610000 145443.000000
4037.140000 152421.000000
-5577.520000 149293.000000
-3948.920000 167010.000000
-2386.000000 154335.000000
24701.400000 154442.000000
4459.040000 149110.000000
2335.060000 135625.000000
7882.110000 151924.000000
-28058.500000 149671.000000
-10180.600000 151463.000000
-5501.830000 168404.000000
-13467.900000 145882.000000
-2074.300000 143493.000000
2998.530000 157911.000000
-8638.810000 152893.000000
-10649.200000 139111.000000
1756.200000 152655.000000
23569.300000 155751.000000
8961.910000 140467.000000
963.608000 169606.000000
-9186.500000 157252.000000
1309.810000 147160.000000
5640.140000 160988.000000
-6106.290000 143622.000000
-2469.480000 154344.000000
-9433.630000 130509.000000
15399.500000 116761.000000
22914.700000 144194.000000
23223.100000 156012.000000
-12067.500000 159095.000000
6216.780000 149313.000000
-7916.350000 141534.000000
-11273.700000 160520.000000
-1234.950000 166169.000000
-3479.150000 156143.000000
-5423.900000 171548.000000
3195.560000 177739.000000
1156.190000 159305.000000
-15301.300000 169920.000000
-13683.800000 149235.000000
-9629.550000 166561.000000
-11212.500000 148291.000000
971.401000 152752.000000
3712.090000 137464.000000
21111.300000 149157.000000
221.107000 163194.000000
-15156.600000 147834.000000
-4660.250000 133376.000000
-1682.460000 152752.000000
-9060.710000 143909.000000
321.295000 148375.000000
11785.000000 149166.000000
21514.300000 156168.000000
18135.800000 86871.400000
25619.800000 156188.000000
4813.040000 133572.000000
-16334.300000 141431.000000
-2898.060000 142447.000000
-10566.900000 135077.000000
-1838.300000 148923.000000
-4729.270000 136008.000000
