-16737.300000 149155.000000
-7763.840000 139461.000000
-19695.100000 142518.000000
-11288.200000 130598.000000
-19004.900000 149101.000000
-13749.500000 158819.000000
-13413.300000 142943.000000
-2044.240000 146365.000000
-4734.840000 132991.000000
-6951.210000 153875.000000
-18083.200000 124671.000000
-9428.070000 137491.000000
-16146.200000 122162.000000
-4738.180000 115162.000000
-4640.210000 127258.000000
-4663.590000 143713.000000
48628.400000 98170.300000
19533.900000 106014.000000
-4848.380000 166549.000000
2079.030000 137914.000000
-4848.380000 149146.000000
-1092.460000 138969.000000
4377.780000 150929.000000
285.673000 137005.000000
-15427.100000 136965.000000
-13580.300000 155126.000000
-12924.600000 138773.000000
3490.560000 139546.000000
3533.980000 115616.000000
42436.800000 96932.400000
15338.300000 105896.000000
5305.070000 149373.000000
-4698.100000 131735.000000
-15991.500000 135594.000000
-11076.700000 156217.000000
-15657.500000 145065.000000
-1853.890000 147082.000000
-7333.030000 137428.000000
1812.980000 151495.000000
-12296.800000 157844.000000
-10791.700000 133859.000000
-2247.960000 151820.000000
-7861.800000 140868.000000
1239.680000 147543.000000
11919.700000 142760.000000
-2824.590000 139178.000000
12595.400000 107572.000000
35371.300000 100855.000000
46719.300000 98063.400000
32739.800000 104124.000000
19990.300000 105141.000000
10453.600000 200840.000000
19188.800000 101229.000000
-3176.360000 106134.000000
-12854.500000 140153.000000
-2912.540000 133951.000000
-11411.800000 145686.000000
-16207.400000 133421.000000
-10460.000000 141616.000000
15102.300000 105936.000000
49148.200000 95977.300000
18219.200000 105978.000000
-11712.300000 150399.000000
-574.827000 142041.000000
-9326.770000 131266.000000
-5878.090000 149344.000000
-3291.020000 118493.000000
-13932.100000 120650.000000
-6955.660000 137114.000000
-19509.200000 143261.000000
-3568.210000 152946.000000
282.333000 142827.000000
-8425.080000 131871.000000
-15745.400000 141661.000000
-12311.200000 119107.000000
6344.790000 152768.000000
13424.700000 106038.000000
38247.800000 99595.200000
1251.930000 113855.000000
-16585.900000 132813.000000
-15585.100000 151931.000000
-3694.000000 106279.000000
-12369.100000 145920.000000
-4251.710000 154300.000000
-4654.690000 143729.000000
-15841.200000 139989.000000
5548.860000 161896.000000
-7776.080000 169698.000000
-27024.300000 123489.000000
-12630.700000 119214.000000
-15577.400000 153948.000000
4118.400000 160647.000000
941.344000 142248.000000
-8980.560000 135627.000000
-9681.870000 154785.000000
-26473.300000 154678.000000
-18023.000000 143689.000000
-3650.580000 136729.000000
2106.860000 152666.000000
-14305.000000 152076.000000
4306.530000 138666.000000
-3735.190000 119379.000000
49013.600000 97831.900000
16568.400000 105920.000000
3137.680000 130767.000000
4369.980000 142607.000000
15556.500000 118813.000000
5240.500000 132132.000000
-10290.800000 125366.000000
894.590000 155765.000000
7308.820000 144533.000000
-4663.590000 143172.000000
2412.990000 149382.000000
