2891.660000 152730.000000
15735.700000 148818.000000
35061.900000 151510.000000
18429.600000 153427.000000
5590.050000 152681.000000
31096.700000 156292.000000
7535.910000 152717.000000
23755.200000 161030.000000
34851.500000 152964.000000
2247.120000 156170.000000
-10.437300 145341.000000
35055.200000 151517.000000
15085.600000 152205.000000
32424.700000 153792.000000
33013.600000 131956.000000
34877.100000 151192.000000
15968.400000 151771.000000
-1561.120000 152599.000000
5876.140000 175112.000000
-1774.850000 147195.000000
8735.940000 149513.000000
