38.543300 161573.000000
2030.050000 143299.000000
-13487.900000 140458.000000
-7334.150000 131564.000000
-14051.200000 139657.000000
-1224.930000 145405.000000
12662.200000 107292.000000
4336.590000 152650.000000
-1853.890000 137315.000000
-9907.850000 144401.000000
42647.200000 177265.000000
-14037.800000 142890.000000
-10905.300000 129449.000000
-10521.200000 146405.000000
1433.380000 144368.000000
4306.530000 154645.000000
-18030.800000 141300.000000
-22875.500000 150842.000000
3614.130000 135763.000000
9301.440000 122890.000000
13067.400000 108418.000000
-1907.320000 137344.000000
18369.500000 101632.000000
1413.340000 133361.000000
4417.850000 147097.000000
13596.100000 124188.000000
-15308.000000 136600.000000
-11725.700000 151225.000000
-21925.900000 152249.000000
-7781.650000 169791.000000
1955.460000 161079.000000
-4570.080000 143065.000000
-23850.600000 153547.000000
1483.470000 141347.000000
13391.300000 106052.000000
26279.900000 102719.000000
-9414.710000 138608.000000
-11153.500000 166797.000000
1270.850000 156181.000000
-7229.510000 139281.000000
2379.590000 168043.000000
1295.340000 146180.000000
-10443.300000 153155.000000
2342.860000 158016.000000
22403.700000 106081.000000
-3647.250000 136070.000000
4397.810000 142896.000000
2357.330000 153367.000000
-13820.700000 144156.000000
-11267.100000 160563.000000
-877.616000 166089.000000
-4298.460000 152296.000000
7191.930000 129226.000000
11934.100000 114917.000000
19931.300000 102561.000000
18369.500000 136333.000000
18370.600000 101626.000000
-2122.170000 160970.000000
-18608.600000 163216.000000
-9665.180000 147327.000000
-592.638000 155956.000000
-3590.470000 134679.000000
-6255.460000 149346.000000
4205.230000 154652.000000
-1522.160000 145430.000000
1189.590000 157085.000000
-11028.800000 152935.000000
-13777.300000 139443.000000
20231.900000 103035.000000
