883.458000 148130.000000
1879.770000 134592.000000
-484.658000 148502.000000
-15682.000000 142373.000000
-11702.300000 132072.000000
-11928.300000 153527.000000
-9913.420000 142678.000000
24184.900000 122589.000000
34099.000000 109574.000000
-9406.920000 142798.000000
-14089.000000 129700.000000
1554.710000 137473.000000
-2542.960000 153075.000000
-8484.080000 140140.000000
18791.400000 106143.000000
39046.000000 107831.000000
664.159000 144757.000000
14616.900000 122284.000000
1395.530000 130328.000000
3174.410000 150985.000000
15867.100000 114414.000000
-7859.570000 149491.000000
-2644.260000 162573.000000
-2568.560000 143482.000000
12756.800000 149671.000000
3004.090000 159046.000000
-4184.920000 151414.000000
-185.209000 141514.000000
2364.010000 161667.000000
-3247.610000 147035.000000
39096.100000 107670.000000
12992.800000 106257.000000
1403.320000 129070.000000
1195.150000 143028.000000
14248.500000 123101.000000
-10123.800000 164862.000000
1956.580000 131466.000000
4421.190000 145361.000000
-8285.930000 139784.000000
4386.680000 146654.000000
1089.400000 124818.000000
18809.200000 106165.000000
38297.900000 110422.000000
20100.500000 106021.000000
-9632.890000 144272.000000
-3302.150000 134745.000000
1571.410000 158232.000000
-9369.070000 149184.000000
-20561.100000 152817.000000
-10109.300000 165254.000000
4433.440000 151023.000000
3983.710000 137782.000000
-15148.800000 146327.000000
-2746.670000 147819.000000
-8645.490000 132601.000000
-21006.400000 130883.000000
-10645.900000 145535.000000
39089.400000 107652.000000
22382.600000 103736.000000
35041.800000 109810.000000
