-3734.070000 149092.000000
-14139.100000 142037.000000
-22719.600000 156825.000000
-11111.200000 156934.000000
-20640.200000 153222.000000
-10408.800000 153783.000000
-20766.000000 152160.000000
-12830.000000 160507.000000
-10762.800000 147436.000000
-15572.900000 157283.000000
-12858.900000 140641.000000
-19638.300000 156141.000000
-10766.100000 146000.000000
-21013.100000 137809.000000
-19613.800000 148155.000000
-22668.400000 135571.000000
-4947.460000 139263.000000
-5437.260000 171305.000000
-19423.400000 143005.000000
-24074.400000 156671.000000
-14357.300000 153095.000000
-21443.900000 162037.000000
-14524.300000 143544.000000
-14273.800000 157038.000000
-36806.000000 157308.000000
-16052.700000 144729.000000
-3653.920000 143546.000000
-22025.000000 156793.000000
-19558.100000 145715.000000
-24350.400000 159193.000000
-15787.700000 152574.000000
-19206.400000 162495.000000
-30703.400000 149244.000000
-18473.900000 166948.000000
-10729.400000 158802.000000
-16276.400000 169978.000000
-19573.700000 155727.000000
60.807200 142409.000000
15534.200000 118473.000000
-17839.400000 152804.000000
-18983.700000 138392.000000
1854.160000 135195.000000
3915.800000 165496.000000
-12725.300000 169934.000000
-20137.000000 153175.000000
