20627.100000 170408.000000
36186.200000 196158.000000
18161.400000 161199.000000
-14886.100000 157314.000000
-12227.800000 146185.000000
90.863500 166487.000000
4206.350000 156061.000000
-17879.400000 152826.000000
13972.400000 163314.000000
-5246.910000 165180.000000
390.313000 141765.000000
13373.500000 124408.000000
4373.320000 149353.000000
1245.250000 135476.000000
-11883.800000 145172.000000
-1833.850000 147113.000000
1210.740000 156922.000000
-15670.900000 154959.000000
578.443000 141781.000000
14113.800000 163958.000000
5142.540000 125746.000000
13734.200000 165628.000000
-7277.370000 157539.000000
-6178.650000 145474.000000
-5396.070000 172692.000000
1231.890000 153630.000000
-7309.660000 162598.000000
6321.420000 150954.000000
10917.800000 162578.000000
-14237.100000 140120.000000
-5461.750000 149313.000000
-16875.300000 155137.000000
-4045.770000 162918.000000
-6563.820000 152853.000000
4434.550000 143606.000000
12775.700000 161611.000000
20961.000000 150261.000000
13988.000000 166064.000000
3026.360000 158704.000000
-6825.420000 176020.000000
-472.413000 158788.000000
-13013.700000 152430.000000
562.858000 155947.000000
-1711.400000 142351.000000
-14144.700000 149275.000000
238.918000 152548.000000
-5132.250000 162900.000000
7106.220000 162090.000000
1339.870000 147035.000000
-896.540000 163619.000000
22910.200000 148912.000000
14048.100000 165839.000000
-8616.550000 152893.000000
-7849.560000 141115.000000
16280.100000 168279.000000
