-7740.460000 158249.000000
-3738.530000 144143.000000
-1375.210000 154549.000000
-1652.400000 139951.000000
20.732200 151377.000000
-17919.500000 141683.000000
-7158.260000 140507.000000
-10697.100000 118544.000000
-14032.200000 133917.000000
-760.731000 149981.000000
10219.800000 150827.000000
1376.600000 135375.000000
27345.200000 102763.000000
12632.100000 107388.000000
1501.280000 146930.000000
-13339.800000 139432.000000
414.803000 141794.000000
5411.940000 132759.000000
15532.000000 118368.000000
644.121000 141941.000000
-8806.900000 128296.000000
-6976.810000 143085.000000
3576.280000 111705.000000
30739.300000 98128.000000
1627.070000 113726.000000
-3725.170000 133717.000000
-1022.330000 151216.000000
12648.800000 107350.000000
24191.500000 105669.000000
8.487060 148553.000000
24108.000000 105673.000000
-631.600000 160485.000000
-12529.400000 158356.000000
-13140.600000 186284.000000
-9300.050000 159336.000000
-7052.510000 169818.000000
3690.940000 169758.000000
4449.020000 152597.000000
-4809.420000 173894.000000
-24936.000000 154850.000000
8872.860000 110358.000000
25453.900000 102345.000000
2483.120000 126886.000000
16005.100000 114626.000000
19637.500000 126352.000000
5524.370000 140140.000000
-3171.910000 149740.000000
-8918.220000 131940.000000
2205.930000 127612.000000
277.880000 138196.000000
-13503.500000 120000.000000
-17674.600000 145045.000000
-4953.020000 139212.000000
11744.900000 117333.000000
30498.900000 98136.900000
-845.333000 155912.000000
28063.200000 82852.700000
26775.300000 98268.300000
27427.600000 87859.900000
31304.800000 97740.600000
