-6031.710000 141801.000000
-12739.800000 166229.000000
-8742.340000 142970.000000
5686.890000 147496.000000
559.519000 136529.000000
-532.526000 159641.000000
22982.600000 106265.000000
22559.600000 94240.700000
173.240000 149172.000000
-14303.900000 148191.000000
-3675.070000 133545.000000
-8521.930000 151918.000000
-8222.480000 138167.000000
-15589.600000 146216.000000
-10711.600000 136282.000000
-21487.300000 130473.000000
-12870.100000 150337.000000
971.401000 159810.000000
14433.300000 145514.000000
21242.700000 88739.300000
722.045000 148188.000000
-9404.690000 137386.000000
-29576.900000 166981.000000
-668.335000 144067.000000
1758.430000 154367.000000
1251.930000 144052.000000
-13800.700000 155137.000000
-14281.600000 139848.000000
-3250.950000 159541.000000
-4663.590000 132508.000000
21364.000000 89173.500000
-10770.600000 147699.000000
-495.790000 149293.000000
1869.750000 127739.000000
-470.187000 141892.000000
-4023.500000 119352.000000
-4678.060000 142720.000000
20378.800000 88877.300000
2846.020000 137101.000000
-22680.700000 144789.000000
-956.653000 157993.000000
-709.524000 147111.000000
-4606.820000 136551.000000
-20222.700000 152788.000000
-5785.690000 158748.000000
-10541.300000 142669.000000
4195.210000 140231.000000
-10776.100000 135253.000000
5229.370000 131876.000000
22739.900000 100878.000000
1167.320000 152552.000000
-10760.600000 152906.000000
-2105.470000 162139.000000
-9403.580000 131174.000000
-8487.420000 151372.000000
-4729.270000 139096.000000
0.694696 150395.000000
-10753.900000 149246.000000
1111.660000 157969.000000
-7771.630000 135077.000000
3184.430000 136533.000000
22774.400000 101283.000000
