1297.570000 146719.000000
1053.780000 160356.000000
-14707.900000 152806.000000
-27918.200000 152835.000000
-4797.180000 131081.000000
-6483.670000 152701.000000
4774.070000 155636.000000
-12962500.000000 9037510.000000
30611.300000 102754.000000
-3072.840000 140986.000000
-1265.010000 165425.000000
-11703.400000 151060.000000
-12349.100000 131557.000000
-1810.470000 146962.000000
-3511.440000 164049.000000
-12777.700000 170855.000000
-17287.200000 152185.000000
-7014.660000 156836.000000
-7898.540000 144969.000000
8945.220000 127699.000000
7565.970000 150824.000000
-1895.080000 146937.000000
6990.450000 154714.000000
876.779000 140930.000000
25986.000000 110881.000000
30424.300000 91756.100000
19030.800000 124522.000000
-235.303000 133336.000000
-1377.440000 163653.000000
-9188.730000 151889.000000
-12587.300000 161674.000000
-50.512300 141068.000000
932.439000 153552.000000
-19434.600000 141244.000000
-13132.800000 152895.000000
-5815.750000 140441.000000
4020.440000 159781.000000
4268.680000 134712.000000
12183.500000 111989.000000
30588.000000 102770.000000
-914.352000 163671.000000
-11874.900000 153140.000000
-12895.700000 139568.000000
-3749.660000 134952.000000
-3621.640000 151791.000000
17981.000000 152136.000000
-10930.900000 135249.000000
-18306.900000 146610.000000
-9237.710000 135153.000000
-7796.120000 149431.000000
-17153.600000 156482.000000
-8501.890000 133020.000000
-17921.700000 111591.000000
-8951.620000 137145.000000
5902.850000 137466.000000
3122.090000 150945.000000
-7843.990000 165536.000000
21289.400000 124384.000000
32149.800000 73025.400000
20275.300000 113869.000000
27971.900000 104576.000000
12044.400000 138619.000000
-2253.520000 123226.000000
-3641.680000 137181.000000
-10073.700000 154542.000000
-20017.900000 130725.000000
-15572.900000 151394.000000
-6165.290000 141151.000000
-2607.520000 151849.000000
-12928.000000 126178.000000
