2659.000000 146434.000000
-3606.060000 134708.000000
-9586.140000 160921.000000
1593.680000 139661.000000
-13094.900000 129525.000000
-1104.710000 157873.000000
-10377.600000 152372.000000
-4099.200000 161066.000000
-9380.200000 137326.000000
-775.202000 147022.000000
12353.800000 109930.000000
32471.500000 103287.000000
22448.300000 94207.300000
-4799.400000 136150.000000
1869.750000 147710.000000
-6768.640000 141848.000000
32494.900000 103411.000000
14218.400000 105972.000000
16012.900000 137609.000000
-2384.880000 134752.000000
1270.850000 152062.000000
7111.780000 162566.000000
8450.960000 139657.000000
2711.320000 128841.000000
1224.100000 148965.000000
-4712.570000 131466.000000
-2794.540000 142264.000000
-9503.760000 132190.000000
-8144.550000 154494.000000
-6225.400000 137646.000000
13381.300000 138321.000000
23098.400000 152724.000000
11216.100000 150891.000000
1309.810000 147456.000000
12922.700000 106455.000000
24021.200000 106261.000000
12458.500000 108378.000000
4628.250000 133888.000000
15612.100000 119428.000000
10636.200000 181802.000000
-1832.740000 168544.000000
-2753.350000 141282.000000
6901.390000 148066.000000
-3696.230000 146452.000000
7632.760000 152748.000000
4427.870000 142642.000000
1943.220000 156019.000000
-943.295000 134961.000000
-11552.000000 141543.000000
-4214.970000 133503.000000
4408.950000 147465.000000
15210.300000 109616.000000
27183.800000 105094.000000
12421.700000 108806.000000
6034.210000 151018.000000
-3342.230000 147013.000000
-9539.390000 162724.000000
1334.300000 143814.000000
-1278.370000 161981.000000
-2177.830000 134354.000000
1208.510000 156021.000000
-5559.710000 172924.000000
-12936.900000 165808.000000
-11892.700000 180391.000000
12968.300000 106357.000000
24063.500000 106259.000000
-4007.920000 164506.000000
1320.940000 143660.000000
-641.619000 155963.000000
-11864.800000 135224.000000
-19273.200000 126009.000000
-14321.700000 156849.000000
-15281.200000 140269.000000
-85.021300 144114.000000
9776.770000 127120.000000
1064.910000 161756.000000
691.989000 141919.000000
-13326.500000 139554.000000
1928.750000 139648.000000
-3494.740000 152661.000000
1184.020000 142780.000000
-3263.190000 164083.000000
-10365.400000 152637.000000
13843.300000 106014.000000
34657.800000 95977.300000
