-3551.510000 153238.000000
-3600.490000 138475.000000
10.713400 150352.000000
-13492.300000 154166.000000
-12886.800000 139657.000000
-1140.330000 134826.000000
3109.850000 153331.000000
-12940.200000 141683.000000
-9631.780000 158352.000000
-7781.650000 139913.000000
-10448.900000 152572.000000
-23301.800000 144132.000000
-13741.700000 139583.000000
-16475.700000 151922.000000
-2618.650000 153287.000000
14088.200000 104320.000000
23023.800000 93543.900000
33674.800000 100619.000000
11805.000000 106061.000000
3669.790000 147008.000000
-2558.540000 131836.000000
-14070.100000 129269.000000
-12507.200000 151348.000000
-8966.090000 137386.000000
-19119.500000 144098.000000
-7733.780000 135062.000000
5770.380000 147409.000000
-9189.840000 152857.000000
-12943.500000 119337.000000
-8448.450000 156448.000000
12510.800000 108104.000000
27097.000000 105223.000000
12916.000000 106426.000000
-659.430000 145359.000000
-23142.600000 93347.900000
-10433.300000 154660.000000
-2467.260000 145383.000000
3006.320000 156958.000000
-6963.450000 136306.000000
9605.340000 137453.000000
-2743.330000 144648.000000
15064.400000 121512.000000
-737.354000 160830.000000
12734.500000 107018.000000
27938.500000 102550.000000
11770.500000 106070.000000
-10681.500000 137551.000000
742.083000 136803.000000
-11158.000000 139419.000000
2567.720000 133321.000000
1184.020000 160184.000000
-18538.500000 155077.000000
-1050.160000 161046.000000
-878.729000 141249.000000
-10890.800000 145468.000000
-2773.390000 131729.000000
-9974.640000 161544.000000
-4054.670000 114597.000000
-5441.720000 134507.000000
-4938.550000 147843.000000
-4139.280000 115779.000000
15132.400000 105940.000000
28900.300000 102496.000000
13008.400000 106163.000000
6355.920000 130669.000000
-2697.690000 145354.000000
-4713.690000 134563.000000
-18565.200000 137936.000000
-4203.840000 147053.000000
-16776.300000 134917.000000
-10442.200000 152430.000000
-11643.300000 169399.000000
-5809.070000 178619.000000
4364.420000 134866.000000
-8580.920000 147995.000000
12449.600000 108637.000000
31145.700000 94478.900000
11272.900000 108808.000000
1241.910000 149809.000000
-4729.270000 140717.000000
-19385.600000 144078.000000
-19323.300000 155204.000000
-8426.190000 156502.000000
-8805.790000 141665.000000
-15576.200000 152986.000000
-19621.600000 127612.000000
-11549.800000 150237.000000
-8.210860 151506.000000
-4717.030000 132303.000000
-7927.480000 143564.000000
-2209.000000 133681.000000
-11030.000000 156900.000000
-8889.280000 139893.000000
1273.080000 144183.000000
-8946.050000 137157.000000
4377.780000 158390.000000
-2905.860000 135142.000000
32924.500000 101301.000000
12558.600000 107695.000000
-3395.660000 132497.000000
-6533.760000 154431.000000
15596.600000 119239.000000
5327.330000 131686.000000
-20189.300000 103520.000000
-14022.200000 142805.000000
