2320.590000 138724.000000
4770.730000 126973.000000
-3708.470000 135701.000000
-1528.840000 146603.000000
5793.760000 132045.000000
3892.420000 159605.000000
-4320.730000 153469.000000
-2712.160000 163902.000000
-2283.580000 150731.000000
-11651.100000 169715.000000
5261.650000 175680.000000
5526.590000 132227.000000
30320.800000 93488.200000
-14797.000000 139882.000000
-19447.900000 158220.000000
-9965.740000 144495.000000
3039.720000 142415.000000
-9626.210000 158804.000000
-16476.800000 147095.000000
-8472.940000 158935.000000
-14266.000000 139501.000000
618.518000 156072.000000
-10110.500000 157054.000000
3295.750000 176417.000000
-4365.260000 119951.000000
17354.300000 98876.100000
30435.400000 91370.900000
6008.610000 131232.000000
-12641.900000 133821.000000
-6168.630000 141567.000000
-15252.300000 115714.000000
-12841.100000 141062.000000
517.217000 143849.000000
1938.770000 129743.000000
3993.720000 141267.000000
-4089.180000 120396.000000
7086.180000 110899.000000
16095.300000 121191.000000
29364.500000 94256.300000
4778.530000 133630.000000
-13624.800000 135351.000000
-10873.000000 160480.000000
8859.500000 152554.000000
1861.960000 143166.000000
2307.230000 156043.000000
-10779.500000 157628.000000
-10482.300000 144023.000000
-3126.270000 163947.000000
5390.780000 142502.000000
-4398.650000 167373.000000
-4683.630000 142442.000000
14153.900000 104213.000000
30383.100000 87102.900000
-70.549800 149422.000000
-8661.070000 142133.000000
-14329.500000 155046.000000
21224.900000 94320.900000
29834.300000 83371.500000
85086.600000 87746.300000
30688.100000 87746.300000
13727.500000 124045.000000
12347.100000 109932.000000
18652.300000 97667.100000
29547.100000 90175.300000
60404.900000 114056.000000
30301.900000 86873.600000
30306.300000 172196.000000
30308.500000 86869.100000
-8054.380000 134823.000000
1214.080000 158512.000000
-956.653000 139728.000000
-13866.400000 139512.000000
1444.510000 144740.000000
2292.760000 133730.000000
-670.562000 155914.000000
