-1257.220000 166500.000000
-13909.800000 165572.000000
1418.910000 159797.000000
-3211.990000 139305.000000
16926.800000 105956.000000
-1337.370000 157996.000000
-7829.520000 135932.000000
696.442000 141302.000000
14875.200000 112375.000000
35973.600000 117208.000000
22511.700000 94127.200000
3655.310000 111224.000000
-4437.610000 124653.000000
5903.970000 149346.000000
15279.300000 121127.000000
6911.410000 133888.000000
-2793.420000 141307.000000
16055.200000 105909.000000
-8146.780000 148151.000000
5167.030000 152744.000000
-14194.800000 152850.000000
-9127.500000 161907.000000
1185.130000 147042.000000
-3157.440000 163562.000000
-10433.300000 150421.000000
-2008.620000 136771.000000
-2247.960000 155638.000000
4303.190000 147008.000000
-12753.200000 139452.000000
1407.770000 133200.000000
4400.040000 156771.000000
-1334.030000 175713.000000
-10109.300000 165314.000000
-12341.300000 178000.000000
-11281.500000 156669.000000
-3032.760000 163951.000000
-8163.480000 143609.000000
24129.200000 107715.000000
12006.500000 93873.400000
-4100.320000 115305.000000
-8014.310000 140781.000000
1922.070000 130348.000000
23478.000000 109191.000000
15248.100000 102316.000000
24964.100000 110729.000000
20326.500000 101292.000000
32241.000000 117930.000000
23971.100000 107779.000000
-11218.100000 144045.000000
-10152.800000 168408.000000
-21935.900000 167146.000000
-4065.810000 164123.000000
-8420.620000 128416.000000
-12983.600000 119216.000000
-17093.500000 133826.000000
-6389.040000 134975.000000
-19158.500000 140866.000000
-15577.400000 152240.000000
-7233.960000 168598.000000
-10401.000000 153191.000000
12300.400000 110498.000000
35816.600000 118059.000000
24849.400000 109151.000000
4401.150000 155440.000000
-384.471000 141727.000000
-727.335000 152568.000000
-2810.120000 140031.000000
-14327.200000 139561.000000
-17681.300000 152194.000000
2254.910000 146997.000000
-1401.930000 134647.000000
-7809.480000 143123.000000
