-12847.800000 152813.000000
-11484.100000 165648.000000
-299.868000 169595.000000
5612.310000 154338.000000
-4260.620000 143578.000000
-8456.250000 158200.000000
-15299.100000 147325.000000
-2764.480000 143161.000000
-9075.180000 131508.000000
-2594.160000 153285.000000
-1197.100000 139258.000000
-1745.910000 158810.000000
-10275.200000 164962.000000
-10339.800000 145494.000000
25939.200000 105785.000000
4873.150000 111081.000000
-4769.350000 133423.000000
1194.040000 143052.000000
3151.040000 130932.000000
1253.040000 145722.000000
-3732.960000 134748.000000
-15614.100000 149954.000000
-17962.900000 131539.000000
582.896000 136420.000000
6773.370000 125731.000000
13372.400000 116333.000000
25644.300000 105867.000000
-824.183000 161028.000000
-11139.000000 161400.000000
182.145000 139463.000000
11537.800000 150664.000000
-11446.300000 142400.000000
793.289000 159799.000000
474.916000 133946.000000
24970.800000 106346.000000
6229.020000 110992.000000
4404.490000 151394.000000
-4686.970000 141923.000000
4728.430000 111132.000000
21113.500000 106112.000000
17.392600 164490.000000
-6407.970000 152641.000000
-1808.250000 137319.000000
10450.300000 137887.000000
588.462000 152601.000000
-36891.700000 152768.000000
333.540000 140719.000000
18732.400000 106174.000000
1246.360000 132495.000000
1263.060000 143154.000000
14738.300000 122031.000000
15464.100000 108418.000000
28177.900000 94381.000000
-29336.400000 151463.000000
25953.700000 105842.000000
2036.730000 114703.000000
-13456.700000 146002.000000
-1816.040000 147997.000000
-8084.440000 134955.000000
-18065.300000 130304.000000
-9625.100000 156838.000000
6913.640000 150951.000000
-16406.700000 140534.000000
-3968.960000 115732.000000
5955.170000 111326.000000
15563.200000 115138.000000
-2786.750000 141828.000000
-1561.120000 161531.000000
-3238.700000 126218.000000
4122.860000 134587.000000
-14274.900000 145837.000000
-2066.510000 150261.000000
23327.700000 103282.000000
47289.200000 115371.000000
54872.300000 99234.500000
