-11040.000000 154934.000000
-3489.170000 142538.000000
-18259.000000 128416.000000
-6959.000000 136092.000000
-13611.500000 161571.000000
4432.320000 151321.000000
15445.200000 117386.000000
7115.120000 133454.000000
15887.100000 114657.000000
4388.910000 136413.000000
-11729.000000 150366.000000
-19518.100000 139505.000000
-4712.570000 133111.000000
76.391900 158169.000000
-7478.860000 165663.000000
-15675.300000 141990.000000
-20114.700000 127236.000000
-10770.600000 154979.000000
15077.800000 152314.000000
-7641.390000 156865.000000
6119.930000 142411.000000
-2840.180000 149081.000000
-2884.710000 136449.000000
-12602.900000 133971.000000
-15981.400000 156722.000000
-9875.570000 142847.000000
3020.790000 152726.000000
-11298.200000 145675.000000
15615.500000 114817.000000
4394.470000 151955.000000
-4602.370000 147411.000000
-560.356000 161275.000000
19.619000 150266.000000
7101.770000 161253.000000
-2285.810000 168126.000000
-87.247700 148507.000000
636.329000 160191.000000
-16471.300000 152608.000000
-18417.100000 142344.000000
-1201.560000 141124.000000
-11793.600000 148244.000000
4669.430000 141509.000000
4505.790000 152138.000000
19.619000 140984.000000
22648.600000 149464.000000
5136.980000 154311.000000
1771.790000 141413.000000
-10789.500000 151205.000000
-13755.100000 137533.000000
568.424000 148269.000000
663.046000 136161.000000
-12040.700000 151359.000000
-6927.830000 138290.000000
-4577.880000 148413.000000
-19622.700000 149072.000000
-38412.300000 146677.000000
-13038.200000 148522.000000
-7911.890000 162963.000000
1181.790000 157982.000000
-10467.800000 148389.000000
-8485.190000 162085.000000
4544.760000 152321.000000
-1131.420000 134690.000000
1327.620000 150956.000000
4713.960000 141042.000000
-2154.450000 155914.000000
-12338.000000 157049.000000
-2820.140000 143508.000000
73974.700000 98136.900000
23632.700000 213809.000000
75778.100000 99575.100000
