-4176.010000 110765.000000
-17781.500000 118428.000000
-19454.600000 142691.000000
-7933.050000 139129.000000
-15117.600000 127694.000000
-3264.310000 143553.000000
-13188.400000 145944.000000
-22697.300000 121877.000000
-4852.840000 119435.000000
-20640.200000 156540.000000
-15667.500000 141859.000000
-15040.800000 155199.000000
-14955.100000 139946.000000
5200.430000 133138.000000
14547.900000 122411.000000
3551.790000 107098.000000
-20397.500000 149037.000000
-16067.200000 136308.000000
-4875.100000 150386.000000
-2328.110000 139047.000000
-12499.400000 137544.000000
-12055.200000 123629.000000
-9345.690000 110019.000000
-26992.100000 150326.000000
-3393.440000 105954.000000
-4102.540000 118813.000000
-3704.020000 143112.000000
-3395.660000 105856.000000
-13002.500000 135286.000000
-10914.200000 124811.000000
-162.945000 140812.000000
605.160000 155629.000000
-435.678000 140387.000000
-16618.200000 132287.000000
-20841.700000 149041.000000
-9513.780000 132205.000000
-24211.300000 121768.000000
-12097.500000 123723.000000
-15732.100000 155177.000000
-6333.380000 136068.000000
-4242.800000 106372.000000
-39809.400000 70981.600000
-55182.600000 47871.700000
-52307.200000 27653.800000
-31061.900000 12619.000000
-27776.900000 23906.800000
-31974.700000 14515.900000
-49833.700000 27820.800000
-23448.800000 2671.530000
-48683.800000 26180.000000
-29271.900000 9045.680000
-40686.600000 21927.600000
-50883.400000 28789.300000
-13436.700000 125577.000000
-52210.400000 27531.400000
-23404.200000 2529.040000
