84717.100000 -27562.800000
104176.000000 -52485.100000
138008.000000 -63735.000000
152732.000000 -92379.700000
151183.000000 -105239.000000
149951.000000 -119824.000000
79618.600000 -23938.300000
79402.700000 2039.230000
24191.500000 108853.000000
-1836.080000 148959.000000
-3217.550000 134725.000000
-17287.200000 132780.000000
-11735.700000 150401.000000
1316.490000 143840.000000
-1248.310000 156025.000000
-8057.720000 141587.000000
-14361.700000 153924.000000
-3098.440000 167313.000000
12629.900000 107421.000000
23093.900000 105825.000000
-5259.150000 165229.000000
-9419.160000 130491.000000
-11547.600000 151784.000000
-7875.160000 141863.000000
1946.560000 160429.000000
-10900.800000 126701.000000
-14850.400000 116327.000000
1887.560000 127666.000000
13396.900000 105831.000000
23951.100000 108781.000000
23393.400000 89930.400000
16709.800000 78137.200000
23370.000000 93192.100000
-11375.000000 193965.000000
24198.200000 108839.000000
-1892.850000 145156.000000
-17122.500000 150404.000000
-16899.800000 169288.000000
-14163.600000 141235.000000
-16170.700000 155201.000000
2326.160000 153425.000000
13174.200000 116680.000000
