-14766.900000 139957.000000
2203.710000 138748.000000
-10707.100000 127216.000000
-10779.500000 140338.000000
-8688.900000 128349.000000
-16841.900000 137916.000000
-17651.200000 119236.000000
-11322.700000 155466.000000
-4241.690000 164118.000000
7977.850000 125419.000000
-4428.710000 149326.000000
15048.900000 121550.000000
1019.270000 119441.000000
-3808.660000 129903.000000
-162.945000 140812.000000
14298.600000 122934.000000
-3524.790000 154355.000000
8236.110000 150940.000000
-4376.390000 134042.000000
-14028.900000 141816.000000
-3804.210000 143123.000000
-14450.800000 145771.000000
-7639.160000 137867.000000
-15873.500000 158848.000000
-3495.850000 177784.000000
-649.411000 141086.000000
-8039.910000 132857.000000
-15353.600000 152853.000000
-10478.900000 118453.000000
-14868.200000 136542.000000
-5229.090000 131103.000000
-5345.980000 148079.000000
-13875.300000 139020.000000
-17295.000000 157065.000000
-3486.940000 155673.000000
-17032.300000 139307.000000
6982.650000 129602.000000
757.667000 151742.000000
-3112.910000 141331.000000
-14278.300000 140340.000000
-9485.950000 154654.000000
-19253.100000 104841.000000
-18417.100000 139530.000000
-6208.710000 139577.000000
-15580.700000 147776.000000
-14742.500000 159231.000000
4906.540000 151018.000000
-5584.200000 147066.000000
625.197000 155511.000000
-8898.190000 139750.000000
-7682.580000 161061.000000
1176.230000 152683.000000
-3794.190000 143217.000000
-10453.300000 154629.000000
-14584.400000 140026.000000
-15585.100000 153414.000000
6207.870000 131319.000000
11733.800000 117613.000000
-9818.800000 136319.000000
-593.751000 140302.000000
-9695.230000 128928.000000
-14518.700000 155210.000000
-19426.800000 143865.000000
-10838.500000 149415.000000
-10797.300000 133706.000000
-2170.040000 151639.000000
-2875.800000 136402.000000
-12638.500000 143154.000000
-18561.800000 127505.000000
-14760.300000 137664.000000
-8841.410000 123716.000000
-14023.300000 136458.000000
1309.810000 134572.000000
-726.222000 147975.000000
-8844.750000 140648.000000
11929.700000 115093.000000
68396.500000 103157.000000
51648.500000 98003.300000
18878.300000 106003.000000
1247.470000 150553.000000
-2974.880000 135974.000000
-12049.600000 130457.000000
-13833.000000 147610.000000
-3486.940000 142758.000000
-571.487000 161431.000000
-4066.920000 143557.000000
-10457.800000 126953.000000
-12333.500000 149497.000000
-11553.200000 159823.000000
-10465.600000 143390.000000
-415.640000 135280.000000
5418.610000 148008.000000
-5146.720000 133436.000000
6683.200000 129881.000000
-174.077000 152630.000000
-9487.070000 140541.000000
-2515.130000 149464.000000
4145.120000 140372.000000
-11255.900000 139407.000000
-15598.500000 149175.000000
-14531.000000 115498.000000
-19360.000000 138804.000000
-2708.820000 123518.000000
-1851.660000 136313.000000
