-4812.760000 152735.000000
-16022.600000 144021.000000
1167.320000 142239.000000
3024.130000 155941.000000
-5213.510000 139258.000000
-10030.300000 128797.000000
6768.920000 130297.000000
22648.600000 106043.000000
-4045.770000 114614.000000
3761.070000 140808.000000
4394.470000 152263.000000
4977.790000 140543.000000
-2065.400000 152610.000000
-10681.500000 147325.000000
959.156000 142389.000000
15812.500000 114247.000000
-679.467000 175577.000000
-1850.550000 162090.000000
-5654.340000 148289.000000
-6994.620000 162252.000000
21593.300000 154329.000000
-4832.800000 152768.000000
18968.400000 105687.000000
-3219.780000 116438.000000
-13877.500000 137513.000000
-9668.520000 155843.000000
-501.356000 150577.000000
-11151.300000 178919.000000
-7331.920000 155055.000000
1962.140000 159358.000000
-4199.390000 122160.000000
18207.000000 106012.000000
-3187.500000 116436.000000
-1016.770000 151437.000000
-3538.150000 140892.000000
-2617.540000 153318.000000
-11043.300000 160460.000000
-9937.910000 140138.000000
-10718.300000 155313.000000
6509.550000 150949.000000
2792.590000 132906.000000
2474.210000 147006.000000
669.725000 158341.000000
-14364.000000 147251.000000
4505.790000 111148.000000
9360.440000 122625.000000
38637.500000 77643.000000
44593.100000 86386.000000
24961.900000 94182.800000
27396.400000 108124.000000
22825.600000 95968.400000
2292.760000 127187.000000
12611.000000 137813.000000
4077.210000 160839.000000
-13861.900000 139477.000000
