-7783.880000 133519.000000
1984.410000 131136.000000
1303.130000 149382.000000
-7084.790000 143092.000000
5129.180000 140338.000000
-8429.530000 151256.000000
-12476.000000 135226.000000
1800.730000 147006.000000
-10771.700000 140710.000000
-2134.410000 163809.000000
-17317.300000 161994.000000
-9231.030000 175569.000000
-14784.800000 157909.000000
-10622.500000 140372.000000
-13365.400000 130239.000000
-13853.000000 146639.000000
5903.970000 139601.000000
-2687.670000 149297.000000
-4754.870000 134903.000000
-14100.100000 142469.000000
826.685000 142184.000000
-12530.500000 139846.000000
579.556000 136535.000000
-10778.400000 146169.000000
-15002.900000 131177.000000
3293.530000 140213.000000
-555.903000 157924.000000
-4344.110000 138969.000000
1217.420000 153044.000000
-29340.900000 154852.000000
-2657.610000 150246.000000
-2008.620000 135928.000000
-14652.300000 156963.000000
-2832.390000 139147.000000
-3652.810000 152677.000000
-10761.700000 135260.000000
-15592.900000 147017.000000
-10521.200000 136386.000000
5841.630000 139590.000000
-9526.030000 152895.000000
1214.080000 156874.000000
-11038.900000 158236.000000
707.573000 146361.000000
-11454.100000 146915.000000
-9192.070000 156922.000000
-3715.150000 145871.000000
-1643.490000 158692.000000
8032.400000 126935.000000
-1632.360000 151697.000000
-2798.990000 131811.000000
-5576.410000 142662.000000
2510.950000 135850.000000
-20643.500000 153445.000000
-10691.500000 126713.000000
6123.270000 150922.000000
-6803.150000 143615.000000
3570.710000 137894.000000
14765.000000 105960.000000
60397.100000 100397.000000
76343.600000 98994.100000
76123.200000 63414.100000
73857.800000 106535.000000
