-513.601000 123894.000000
-12774.300000 151982.000000
-5698.860000 140443.000000
-3669.510000 156045.000000
-3690.660000 133777.000000
-9680.760000 154545.000000
-14284.900000 139835.000000
-3227.570000 142246.000000
2331.720000 113212.000000
11743.800000 85595.600000
-150.700000 132697.000000
-15786.600000 141095.000000
-15515.000000 158439.000000
-1791.550000 148084.000000
-3562.640000 125094.000000
1231.890000 154364.000000
9030.930000 85395.300000
5310.630000 104210.000000
-4243.920000 121628.000000
-6966.790000 134919.000000
-16669.400000 111555.000000
-10550.200000 146044.000000
-39.380300 140975.000000
-2613.090000 175967.000000
12906.000000 152788.000000
396.992000 157944.000000
-17994.100000 133343.000000
-24576.400000 154736.000000
-1118.070000 139630.000000
-12186.600000 132076.000000
1092.740000 135542.000000
9026.480000 90179.800000
1271.960000 153229.000000
-7532.300000 135068.000000
4012.650000 134434.000000
-14369.500000 154193.000000
-11281.500000 135280.000000
-10472.200000 148983.000000
-14842.600000 135413.000000
-431.225000 135367.000000
-1004.520000 150557.000000
334.653000 136239.000000
-10464.500000 135099.000000
-15826.700000 155288.000000
-5914.820000 164730.000000
9337.060000 122754.000000
11864.000000 82952.900000
11429.900000 71901.100000
12426.200000 83133.300000
-3621.640000 126454.000000
-10697.100000 118548.000000
-10389.900000 150228.000000
-1926.250000 143673.000000
-13749.500000 145811.000000
23145.100000 77066.300000
7128.480000 85433.100000
-7398.710000 143602.000000
4392.250000 151414.000000
14077.000000 155440.000000
11262.900000 126067.000000
15270.400000 114307.000000
-3561.530000 123865.000000
571.764000 142698.000000
-17472.000000 141378.000000
-4172.670000 132477.000000
-3541.490000 143057.000000
-12227.800000 135215.000000
-10600.300000 145243.000000
-6924.490000 135309.000000
