-24490.700000 155210.000000
-14271.600000 148251.000000
-11371.700000 178950.000000
2950.660000 152948.000000
-4570.080000 133394.000000
-3193.060000 162092.000000
-12126.500000 156767.000000
-4344.110000 131620.000000
14087.100000 118137.000000
-12221.100000 157183.000000
-2649.820000 161609.000000
1265.280000 142861.000000
-15828.900000 140904.000000
-4604.590000 134828.000000
4110.610000 141135.000000
-14322.800000 156842.000000
-1595.630000 154306.000000
-11276.000000 159416.000000
617.405000 160872.000000
552.839000 145354.000000
16147.600000 124780.000000
-15149.900000 179552.000000
16227.700000 124849.000000
2879.420000 142536.000000
-4729.270000 135001.000000
-5362.680000 145428.000000
15685.600000 114200.000000
3107.620000 160926.000000
11767.200000 125762.000000
-9062.940000 143849.000000
-12805.500000 153790.000000
-2442.770000 155090.000000
-10955.400000 125577.000000
-11045.500000 139399.000000
21453.100000 123780.000000
20009.300000 113227.000000
1343.210000 152980.000000
112.014000 142364.000000
1250.810000 154767.000000
2252.690000 135538.000000
980.306000 155132.000000
14234.000000 152093.000000
-12319.000000 149302.000000
-19274.300000 126071.000000
-4720.360000 143054.000000
16113.100000 121394.000000
-770.749000 153647.000000
-12568.400000 148774.000000
-3257.630000 153817.000000
-4528.900000 130963.000000
4414.510000 138962.000000
-306.547000 126708.000000
-12966.900000 137604.000000
-8185.740000 151788.000000
2326.160000 150856.000000
-914.352000 135318.000000
-2448.330000 123017.000000
16247.800000 124798.000000
5050.150000 133588.000000
15765.800000 114835.000000
20697.200000 124513.000000
20824.100000 106065.000000
1226.320000 155818.000000
-5893.670000 143589.000000
3680.920000 146977.000000
-8445.120000 154712.000000
5067.960000 140565.000000
502.746000 172607.000000
255.616000 142783.000000
10298.900000 145581.000000
-1237.180000 145953.000000
10590.500000 126835.000000
16218.800000 3433360.000000
16216.600000 124860.000000
66019.800000 120254.000000
12693.300000 118210.000000
