88681.100000 86029.800000
70950.200000 112252.000000
27590.100000 118450.000000
-8526.380000 162609.000000
-1081.330000 141244.000000
-11595.500000 144348.000000
-2821.250000 156027.000000
-14837.100000 153391.000000
1240.790000 160249.000000
-4770.460000 147051.000000
-5597.560000 164045.000000
1207.400000 153547.000000
-15397.000000 160251.000000
-8746.790000 137430.000000
-7900.760000 154554.000000
4422.300000 154716.000000
7190.820000 129623.000000
-3504.760000 135986.000000
1258.600000 147091.000000
-13034.800000 135371.000000
-8475.170000 152695.000000
1694.980000 154364.000000
3243.430000 136384.000000
-12634.100000 139445.000000
-15651.900000 153774.000000
-4912.950000 152815.000000
-3552.620000 141184.000000
-17334.000000 145701.000000
-744.033000 140095.000000
-14284.900000 139788.000000
-1763.720000 149241.000000
-9236.600000 139436.000000
1207.400000 152601.000000
-18394.900000 149010.000000
582.896000 129275.000000
5893.950000 138533.000000
1303.130000 151880.000000
-2396.010000 141320.000000
-3357.810000 154164.000000
14298.600000 122966.000000
-6046.180000 143582.000000
12210.200000 127643.000000
-8090.010000 143638.000000
-17269.400000 158664.000000
-1546.650000 163695.000000
1188.470000 142631.000000
-4233.900000 121821.000000
-1679.120000 152793.000000
-18562.900000 151236.000000
-9882.250000 144455.000000
-7424.320000 164118.000000
-2652.050000 139047.000000
5171.490000 154315.000000
-180.756000 141389.000000
-4084.730000 164123.000000
5993.020000 136248.000000
23125.100000 118593.000000
80927.700000 99780.000000
20676.100000 119608.000000
1239.680000 154364.000000
-4613.500000 143589.000000
-8441.780000 158180.000000
4257.550000 153089.000000
3231.190000 138490.000000
11561.200000 149453.000000
-1747.020000 145312.000000
-7174.960000 129389.000000
2218.180000 138094.000000
1430.040000 120610.000000
1982.180000 132719.000000
16045.200000 120198.000000
-14236.000000 135420.000000
-20555.600000 156807.000000
60.807200 164978.000000
10251.000000 152358.000000
-12584.000000 131905.000000
-19540.300000 147247.000000
1737.280000 147020.000000
6634.220000 134728.000000
-8669.980000 151806.000000
