-7899.650000 136224.000000
-10427.700000 154017.000000
-15490.500000 140458.000000
-20838.300000 122801.000000
-17280.500000 143640.000000
-9458.120000 133804.000000
-11299.300000 152888.000000
-3190.840000 137386.000000
-15591.800000 148643.000000
-2551.860000 152439.000000
-11204.700000 125693.000000
-13032.600000 139450.000000
-14360.600000 117328.000000
-4774.910000 133955.000000
-2621.990000 151742.000000
-10667.100000 137506.000000
-15575.100000 151054.000000
-16581.500000 140205.000000
2725.800000 145846.000000
-10141.600000 152109.000000
-13353.200000 139488.000000
2606.680000 137488.000000
-9439.200000 152877.000000
1037.080000 150174.000000
-6712.980000 163252.000000
-1342.930000 149088.000000
-16440.100000 149141.000000
2246.010000 137143.000000
-11034.400000 161513.000000
-18018.600000 144956.000000
3086.470000 136711.000000
-7710.410000 138027.000000
-11779.100000 148945.000000
3312.450000 136549.000000
14284.100000 122983.000000
4380.000000 150266.000000
-15057.500000 137597.000000
-15183.300000 126532.000000
2557.700000 137580.000000
1023.720000 149613.000000
-3601.600000 138154.000000
-10865.200000 153888.000000
-12294.500000 139465.000000
-17278.300000 150744.000000
-8952.730000 136767.000000
-10425.500000 150849.000000
-16688.300000 140245.000000
-4656.910000 134042.000000
-1780.420000 152641.000000
-7890.740000 141937.000000
-14355.100000 154473.000000
-3560.420000 127376.000000
-33.814300 152817.000000
-15195.500000 162969.000000
1212.960000 145319.000000
824.459000 128725.000000
-1915.110000 118208.000000
-9847.740000 139423.000000
-4591.230000 150760.000000
-3788.620000 130146.000000
75824.900000 101490.000000
62000.100000 89340.400000
70503.800000 100711.000000
77113.900000 91413.200000
75826.000000 101479.000000
