-22475.800000 152837.000000
-8644.380000 128331.000000
-10542.400000 144887.000000
-10170.600000 133710.000000
-7979.800000 143537.000000
-4738.180000 132276.000000
-5431.700000 160801.000000
822.233000 141968.000000
1908.710000 157996.000000
-161.832000 141338.000000
-15326.900000 140323.000000
-4701.440000 130644.000000
15037.700000 121574.000000
1722.810000 141222.000000
15097.800000 121407.000000
1235.230000 148277.000000
-234.189000 138270.000000
-6952.320000 149500.000000
-9432.520000 138290.000000
-13406.600000 153875.000000
-10740.500000 134926.000000
-10435.500000 150653.000000
-21924.800000 152777.000000
-11205.800000 128870.000000
-6519.290000 154122.000000
-15613.000000 145296.000000
-11827.000000 129529.000000
-6577.170000 150375.000000
-7211.700000 164071.000000
-9657.380000 137471.000000
1698.320000 138216.000000
-7865.140000 144481.000000
-1189.310000 160609.000000
2004.450000 146984.000000
-11576.500000 152541.000000
-6947.870000 135318.000000
-17949.600000 149112.000000
-8573.130000 139439.000000
-1252.760000 161711.000000
-3745.210000 130426.000000
-4554.500000 117348.000000
-5793.480000 140409.000000
-13574.700000 132664.000000
-8964.980000 143798.000000
2003.330000 142226.000000
-5354.890000 131390.000000
-1064.630000 152804.000000
-12144.300000 158472.000000
-15639.700000 142175.000000
-2327.000000 153358.000000
1405.550000 133879.000000
-780.768000 145929.000000
-2829.050000 135204.000000
-15617.400000 147073.000000
-10810.700000 133145.000000
-10176.100000 157254.000000
-14848.200000 137192.000000
-10640.300000 166534.000000
-11958.400000 153883.000000
-636.053000 157980.000000
4741.790000 141534.000000
-13111.600000 135324.000000
-10788.400000 150181.000000
-4743.740000 141545.000000
-15382.500000 140249.000000
-7543.430000 169758.000000
-3238.700000 179743.000000
-12690.800000 145971.000000
-2347.030000 152744.000000
-15733.200000 155809.000000
1205.170000 143215.000000
-15134.300000 120619.000000
-11050.000000 130520.000000
15658.900000 105918.000000
67588.300000 101764.000000
65959.700000 88521.100000
68714.900000 103560.000000
50495.200000 97974.400000
20116.100000 106049.000000
1841.920000 120394.000000
5865.010000 139601.000000
-3152.990000 135108.000000
-8063.290000 151067.000000
3066.430000 154286.000000
-1306.200000 135912.000000
-15482.700000 159323.000000
1939.880000 157884.000000
-2007.510000 148050.000000
-619304.000000 1571730.000000
-460.168000 158817.000000
15428.500000 117235.000000
-15577.400000 154531.000000
-10798.400000 140536.000000
320.182000 137119.000000
-13228.500000 158301.000000
-3809.770000 166318.000000
5273.900000 154342.000000
2003.330000 142137.000000
-3676.190000 152191.000000
-5525.200000 138833.000000
-16286.500000 141730.000000
