74092.700000 99911.300000
47348.200000 98092.400000
19637.500000 106049.000000
2729.140000 160906.000000
-8433.980000 157114.000000
3144.360000 147534.000000
-8118.950000 139218.000000
-17106.900000 147545.000000
-13007.000000 166627.000000
-144.021000 158590.000000
-7938.610000 138386.000000
-11780.200000 148934.000000
2028.940000 140815.000000
-2614.200000 153015.000000
-3683.980000 133231.000000
7493.610000 145256.000000
-5025.380000 139220.000000
3954.760000 149406.000000
-13562.500000 152821.000000
-11900.500000 140634.000000
-26841.800000 144662.000000
-16463.500000 155175.000000
5775.950000 149083.000000
14079.300000 123478.000000
-3732.960000 143540.000000
-4742.630000 132840.000000
1274.190000 143168.000000
-16042.700000 135554.000000
-3683.980000 132880.000000
-1987.470000 153336.000000
-1516.590000 135925.000000
596.254000 156493.000000
-4713.690000 130259.000000
-13206.200000 146476.000000
-5445.050000 170940.000000
-2794.540000 131628.000000
-13662.700000 135344.000000
587.348000 143526.000000
-9637.350000 139412.000000
15867.100000 114467.000000
4465.720000 153681.000000
-15620.800000 148667.000000
-2843.520000 140728.000000
-569.261000 157677.000000
-10850.700000 126610.000000
-7825.070000 139637.000000
54.128100 148496.000000
7341.100000 129273.000000
-7082.560000 143633.000000
-10811.800000 158528.000000
12253.600000 111028.000000
74091.600000 102211.000000
63698.800000 85491.000000
72903.800000 100203.000000
15928.300000 114726.000000
