3.30847e+07 1.09724e+07 3.30926e+07 1.09732e+07
3.30954e+07 1.09713e+07 3.30966e+07 1.09701e+07
3.3099e+07 1.09599e+07 3.31002e+07 1.09518e+07
3.31042e+07 1.09475e+07 3.31148e+07 1.09431e+07
3.31215e+07 1.09373e+07 3.31265e+07 1.0936e+07
3.3138e+07 1.09363e+07 3.31451e+07 1.09336e+07
3.3148e+07 1.09219e+07 3.31496e+07 1.09194e+07
3.31527e+07 1.09076e+07 3.31526e+07 1.09e+07
3.31512e+07 1.08948e+07 3.315e+07 1.08802e+07
3.31503e+07 1.08743e+07 3.31514e+07 1.08746e+07
3.31518e+07 1.08746e+07 3.30796e+07 1.09761e+07
3.30797e+07 1.09853e+07 3.30824e+07 1.09901e+07
3.30822e+07 1.0992e+07 3.30794e+07 1.1002e+07
3.30774e+07 1.10095e+07 3.30765e+07 1.10111e+07
3.30718e+07 1.10169e+07 3.30675e+07 1.10225e+07
3.30625e+07 1.10334e+07 3.30574e+07 1.10416e+07
3.30559e+07 1.10414e+07 3.30493e+07 1.10457e+07
3.30455e+07 1.10492e+07 3.30455e+07 1.10492e+07
3.30434e+07 1.10526e+07 3.30414e+07 1.10597e+07
3.3041e+07 1.10615e+07 3.30389e+07 1.10718e+07
3.30367e+07 1.10776e+07 3.30357e+07 1.10789e+07
3.30309e+07 1.10876e+07 3.30291e+07 1.10942e+07
3.30285e+07 1.10943e+07 3.30249e+07 1.10942e+07
3.30236e+07 1.11012e+07 3.30231e+07 1.11018e+07
3.30231e+07 1.11047e+07 3.30226e+07 1.1106e+07
3.30226e+07 1.1106e+07 3.30224e+07 1.11053e+07
3.30228e+07 1.11051e+07 3.3023e+07 1.11049e+07
3.30233e+07 1.11079e+07 3.30242e+07 1.11089e+07
3.30243e+07 1.11088e+07 3.30244e+07 1.11061e+07
3.30244e+07 1.11062e+07 3.30244e+07 1.11062e+07
3.30243e+07 1.11063e+07 3.30234e+07 1.11061e+07
3.30181e+07 1.1106e+07 3.30153e+07 1.11111e+07
3.30149e+07 1.11123e+07 3.30156e+07 1.112e+07
3.30127e+07 1.1125e+07 3.3011e+07 1.11262e+07
3.30044e+07 1.11346e+07 3.29986e+07 1.11435e+07
3.2998e+07 1.11435e+07 3.29981e+07 1.11452e+07
3.29982e+07 1.1149e+07 3.29983e+07 1.11492e+07
3.2999e+07 1.11495e+07 3.29989e+07 1.11481e+07
3.29989e+07 1.11483e+07 3.29982e+07 1.11461e+07
3.29982e+07 1.11446e+07 3.29992e+07 1.114e+07
3.29968e+07 1.11347e+07 3.29956e+07 1.11348e+07
3.29916e+07 1.1135e+07 3.29893e+07 1.11351e+07
3.29883e+07 1.11375e+07 3.29887e+07 1.11381e+07
3.29892e+07 1.11383e+07 3.29925e+07 1.11393e+07
3.29963e+07 1.11392e+07 3.29964e+07 1.11392e+07
3.29945e+07 1.11348e+07 3.29888e+07 1.11352e+07
3.29827e+07 1.11328e+07 3.29825e+07 1.1132e+07
3.29813e+07 1.11327e+07 3.29821e+07 1.11325e+07
3.29844e+07 1.11355e+07 3.29905e+07 1.11351e+07
3.2991e+07 1.11352e+07 3.2991e+07 1.11378e+07
3.29906e+07 1.11416e+07 3.29898e+07 1.11433e+07
3.29894e+07 1.11463e+07 3.29894e+07 1.11464e+07
3.29886e+07 1.11473e+07 3.29883e+07 1.11504e+07
3.29884e+07 1.11516e+07 3.29914e+07 1.11473e+07
3.29921e+07 1.11472e+07 3.29938e+07 1.11471e+07
3.29942e+07 1.11454e+07 3.2995e+07 1.11454e+07
3.29954e+07 1.11454e+07 3.29985e+07 1.11454e+07
3.29985e+07 1.11454e+07 3.30012e+07 1.11457e+07
3.3002e+07 1.1147e+07 3.30023e+07 1.1147e+07
3.30027e+07 1.11462e+07 3.30013e+07 1.11438e+07
3.30007e+07 1.11437e+07 3.30002e+07 1.1143e+07
3.30002e+07 1.1143e+07 3.30002e+07 1.1143e+07
3.30002e+07 1.1143e+07 3.3e+07 1.11434e+07
3.29988e+07 1.11454e+07 3.29986e+07 1.11454e+07
3.29982e+07 1.11474e+07 3.29983e+07 1.11496e+07
3.29983e+07 1.11497e+07 3.29983e+07 1.1152e+07
3.29971e+07 1.11534e+07 3.29971e+07 1.11529e+07
3.29984e+07 1.11522e+07 3.29987e+07 1.11491e+07
3.29989e+07 1.11492e+07 3.29989e+07 1.11484e+07
3.3e+07 1.1147e+07 3.3e+07 1.1147e+07
3.3e+07 1.11453e+07 3.3e+07 1.11453e+07
3.29995e+07 1.11453e+07 3.29981e+07 1.11454e+07
3.29964e+07 1.1147e+07 3.29963e+07 1.11467e+07
3.29962e+07 1.1146e+07 3.29963e+07 1.11461e+07
3.29963e+07 1.11465e+07 3.29971e+07 1.1147e+07
3.29974e+07 1.11507e+07 3.29973e+07 1.1151e+07
3.29974e+07 1.11533e+07 3.29978e+07 1.11535e+07
3.29984e+07 1.11534e+07 3.29988e+07 1.1156e+07
3.29988e+07 1.11553e+07 3.29983e+07 1.11543e+07
3.29974e+07 1.11534e+07 3.29974e+07 1.11533e+07
3.29983e+07 1.11502e+07 3.29982e+07 1.11464e+07
3.29982e+07 1.11454e+07 3.29944e+07 1.11436e+07
3.29921e+07 1.11423e+07 3.29919e+07 1.11416e+07
3.29904e+07 1.11395e+07 3.29911e+07 1.11407e+07
3.29911e+07 1.11437e+07 3.29907e+07 1.1144e+07
3.29894e+07 1.11452e+07 3.29894e+07 1.11492e+07
3.29871e+07 1.11509e+07 3.29869e+07 1.11521e+07
3.29856e+07 1.11539e+07 3.29856e+07 1.11543e+07
3.29859e+07 1.11551e+07 3.29865e+07 1.1153e+07
3.29866e+07 1.11552e+07 3.29887e+07 1.1157e+07
3.29887e+07 1.11576e+07 3.29887e+07 1.11587e+07
3.29926e+07 1.11641e+07 3.29934e+07 1.11641e+07
3.29967e+07 1.11641e+07 3.29976e+07 1.11655e+07
3.29978e+07 1.11666e+07 3.29969e+07 1.11673e+07
3.29966e+07 1.11673e+07 3.2996e+07 1.11661e+07
3.29968e+07 1.11633e+07 3.29968e+07 1.11624e+07
3.29971e+07 1.11581e+07 3.2998e+07 1.11569e+07
3.29977e+07 1.11566e+07 3.29966e+07 1.11543e+07
3.29978e+07 1.11527e+07 3.2998e+07 1.1153e+07
3.29997e+07 1.11559e+07 3.30026e+07 1.11559e+07
3.30013e+07 1.11539e+07 3.30013e+07 1.11525e+07
3.30013e+07 1.11432e+07 3.29989e+07 1.11412e+07
3.30005e+07 1.11412e+07 3.30005e+07 1.11412e+07
3.30023e+07 1.11381e+07 3.30042e+07 1.11347e+07
3.30049e+07 1.11335e+07 3.30084e+07 1.1126e+07
3.30097e+07 1.11214e+07 3.30109e+07 1.11192e+07
3.30126e+07 1.11074e+07 3.30193e+07 1.1106e+07
3.30203e+07 1.11061e+07 3.30231e+07 1.11058e+07
3.30226e+07 1.1106e+07 3.30226e+07 1.1106e+07
3.30226e+07 1.1106e+07 3.30225e+07 1.1106e+07
3.30239e+07 1.11081e+07 3.30242e+07 1.11089e+07
3.30244e+07 1.11062e+07 3.30244e+07 1.11062e+07
3.30244e+07 1.11063e+07 3.30147e+07 1.11128e+07
3.30154e+07 1.11173e+07 3.30122e+07 1.11255e+07
3.30087e+07 1.11278e+07 3.3004e+07 1.11353e+07
3.2998e+07 1.11435e+07 3.29981e+07 1.11453e+07
3.29982e+07 1.11451e+07 3.29988e+07 1.11425e+07
3.29994e+07 1.11431e+07 3.29989e+07 1.11445e+07
3.29993e+07 1.11444e+07 3.29982e+07 1.11468e+07
3.29982e+07 1.11501e+07 3.29961e+07 1.11522e+07
3.29966e+07 1.11511e+07 3.29974e+07 1.11526e+07
3.29987e+07 1.11546e+07 3.29994e+07 1.11579e+07
3.29968e+07 1.11609e+07 3.29944e+07 1.11644e+07
3.29947e+07 1.11651e+07 3.29947e+07 1.1165e+07
3.29947e+07 1.11652e+07 3.29947e+07 1.1165e+07
3.29944e+07 1.11623e+07 3.29946e+07 1.11606e+07
3.29916e+07 1.11603e+07 3.29916e+07 1.1157e+07
3.29916e+07 1.1157e+07 3.29915e+07 1.11535e+07
3.29915e+07 1.11521e+07 3.29918e+07 1.11528e+07
3.29918e+07 1.11528e+07 3.29922e+07 1.11518e+07
3.29917e+07 1.11521e+07 3.29908e+07 1.11529e+07
3.299e+07 1.11529e+07 3.29889e+07 1.11549e+07
3.29898e+07 1.11569e+07 3.29898e+07 1.11569e+07
3.29899e+07 1.11569e+07 3.29899e+07 1.11569e+07
3.29903e+07 1.11572e+07 3.29904e+07 1.11575e+07
3.29904e+07 1.1157e+07 3.29892e+07 1.11567e+07
3.29888e+07 1.11564e+07 3.2988e+07 1.11542e+07
3.29871e+07 1.1151e+07 3.29871e+07 1.11495e+07
3.29874e+07 1.11499e+07 3.29873e+07 1.11495e+07
3.29881e+07 1.11493e+07 3.29896e+07 1.11489e+07
3.29894e+07 1.11419e+07 3.29896e+07 1.11395e+07
3.29928e+07 1.11399e+07 3.29923e+07 1.11391e+07
3.29906e+07 1.11305e+07 3.29899e+07 1.11304e+07
3.29882e+07 1.11305e+07 3.29882e+07 1.11305e+07
3.29882e+07 1.11305e+07 3.29882e+07 1.11305e+07
3.29882e+07 1.11305e+07 3.29882e+07 1.11305e+07
3.29882e+07 1.11305e+07 3.29882e+07 1.11305e+07
3.29882e+07 1.11305e+07 3.29882e+07 1.11305e+07
3.2988e+07 1.11305e+07 3.29875e+07 1.1132e+07
3.29874e+07 1.11338e+07 3.29869e+07 1.11338e+07
3.2987e+07 1.11357e+07 3.29848e+07 1.11402e+07
3.29845e+07 1.11405e+07 3.29847e+07 1.11403e+07
3.29893e+07 1.11413e+07 3.29895e+07 1.1147e+07
3.29895e+07 1.11488e+07 3.29896e+07 1.11502e+07
3.29906e+07 1.11512e+07 3.29912e+07 1.11509e+07
3.2991e+07 1.11508e+07 3.299e+07 1.11514e+07
3.29885e+07 1.11518e+07 3.29885e+07 1.11524e+07
3.29892e+07 1.11517e+07 3.29897e+07 1.11503e+07
3.29896e+07 1.11498e+07 3.29921e+07 1.11419e+07
3.29926e+07 1.11405e+07 3.29952e+07 1.11417e+07
3.29953e+07 1.11435e+07 3.29998e+07 1.11429e+07
3.30012e+07 1.11429e+07 3.30014e+07 1.11427e+07
3.30015e+07 1.11477e+07 3.30014e+07 1.11535e+07
3.30013e+07 1.11581e+07 3.30019e+07 1.11604e+07
3.30012e+07 1.11592e+07 3.30012e+07 1.11547e+07
3.30003e+07 1.11526e+07 3.29992e+07 1.11526e+07
3.29965e+07 1.11527e+07 3.29962e+07 1.11525e+07
3.29963e+07 1.11522e+07 3.29967e+07 1.11527e+07
3.29993e+07 1.11526e+07 3.30004e+07 1.11526e+07
3.3008e+07 1.11527e+07 3.3008e+07 1.11509e+07
3.30076e+07 1.11504e+07 3.30069e+07 1.11509e+07
3.30059e+07 1.11509e+07 3.30054e+07 1.1151e+07
3.30031e+07 1.11512e+07 3.30031e+07 1.11525e+07
3.30029e+07 1.11533e+07 3.30014e+07 1.11527e+07
3.30032e+07 1.11527e+07 3.30036e+07 1.11526e+07
3.30031e+07 1.11526e+07 3.30026e+07 1.11525e+07
3.30031e+07 1.11523e+07 3.30044e+07 1.11464e+07
3.30035e+07 1.11403e+07 3.3001e+07 1.11371e+07
3.29963e+07 1.11335e+07 3.29966e+07 1.11319e+07
3.29964e+07 1.11319e+07 3.29952e+07 1.11334e+07
3.29952e+07 1.11333e+07 3.29953e+07 1.11336e+07
3.29922e+07 1.1135e+07 3.29906e+07 1.11306e+07
3.29891e+07 1.11267e+07 3.29851e+07 1.11163e+07
3.29873e+07 1.11145e+07 3.29889e+07 1.11138e+07
3.29897e+07 1.11128e+07 3.29897e+07 1.11127e+07
3.29872e+07 1.11145e+07 3.29872e+07 1.11166e+07
3.29868e+07 1.1121e+07 3.29876e+07 1.11229e+07
3.29879e+07 1.11236e+07 3.29882e+07 1.11234e+07
3.29897e+07 1.11254e+07 3.29913e+07 1.11246e+07
3.29922e+07 1.11254e+07 3.29951e+07 1.11248e+07
3.29965e+07 1.1125e+07 3.29991e+07 1.11251e+07
3.30019e+07 1.11277e+07 3.30028e+07 1.11268e+07
3.30061e+07 1.1127e+07 3.3008e+07 1.11267e+07
3.30092e+07 1.11234e+07 3.30093e+07 1.11227e+07
3.30102e+07 1.11199e+07 3.30118e+07 1.11171e+07
3.30126e+07 1.11074e+07 3.30134e+07 1.11058e+07
3.30138e+07 1.1106e+07 3.30204e+07 1.11061e+07
3.30226e+07 1.1106e+07 3.30232e+07 1.11069e+07
3.3024e+07 1.11088e+07 3.30242e+07 1.11089e+07
3.30239e+07 1.11082e+07 3.30239e+07 1.11079e+07
3.30239e+07 1.11088e+07 3.30238e+07 1.11079e+07
3.30237e+07 1.11079e+07 3.30238e+07 1.11079e+07
3.30235e+07 1.11098e+07 3.30244e+07 1.111e+07
3.30241e+07 1.11088e+07 3.30241e+07 1.1108e+07
3.30231e+07 1.11052e+07 3.30231e+07 1.1105e+07
3.30231e+07 1.11042e+07 3.3023e+07 1.11007e+07
3.30234e+07 1.10935e+07 3.30228e+07 1.10927e+07
3.30233e+07 1.1093e+07 3.30234e+07 1.10909e+07
3.30234e+07 1.10899e+07 3.30228e+07 1.10846e+07
3.30227e+07 1.10857e+07 3.30227e+07 1.10856e+07
3.30229e+07 1.10837e+07 3.30209e+07 1.1079e+07
3.30167e+07 1.10781e+07 3.30164e+07 1.10766e+07
3.30164e+07 1.10766e+07 3.30164e+07 1.10766e+07
3.30164e+07 1.10765e+07 3.30164e+07 1.10766e+07
3.3018e+07 1.10788e+07 3.30223e+07 1.10809e+07
3.30228e+07 1.10834e+07 3.30234e+07 1.10932e+07
3.30231e+07 1.11016e+07 3.30231e+07 1.11051e+07
3.30244e+07 1.11081e+07 3.30244e+07 1.11081e+07
3.29886e+07 1.1194e+07 3.30242e+07 1.11088e+07
3.30244e+07 1.11064e+07 3.30244e+07 1.11063e+07
3.30244e+07 1.11062e+07 3.30244e+07 1.11063e+07
3.30228e+07 1.11061e+07 3.30223e+07 1.1106e+07
3.30153e+07 1.1107e+07 3.30152e+07 1.11143e+07
3.30153e+07 1.11147e+07 3.30098e+07 1.1127e+07
3.30016e+07 1.11396e+07 3.3001e+07 1.11406e+07
3.29981e+07 1.11452e+07 3.29997e+07 1.11446e+07
3.29997e+07 1.11447e+07 3.29987e+07 1.11442e+07
3.29962e+07 1.11434e+07 3.29962e+07 1.11435e+07
3.29965e+07 1.11436e+07 3.29972e+07 1.11421e+07
3.29972e+07 1.11419e+07 3.29969e+07 1.11392e+07
3.29972e+07 1.11422e+07 3.29972e+07 1.11425e+07
3.29965e+07 1.11429e+07 3.29963e+07 1.11431e+07
3.29962e+07 1.11432e+07 3.29913e+07 1.11439e+07
3.29908e+07 1.11443e+07 3.29905e+07 1.11455e+07
3.29896e+07 1.11454e+07 3.2989e+07 1.11448e+07
3.29883e+07 1.11416e+07 3.29872e+07 1.11407e+07
3.29867e+07 1.11405e+07 3.29869e+07 1.11394e+07
3.29842e+07 1.11407e+07 3.29829e+07 1.11504e+07
3.29838e+07 1.11508e+07 3.29837e+07 1.1151e+07
3.29828e+07 1.11425e+07 3.29824e+07 1.11395e+07
3.29834e+07 1.11379e+07 3.2984e+07 1.11376e+07
3.29855e+07 1.11386e+07 3.29856e+07 1.11395e+07
3.29872e+07 1.11417e+07 3.29869e+07 1.11429e+07
3.29858e+07 1.11412e+07 3.29837e+07 1.1141e+07
3.2983e+07 1.11393e+07 3.2983e+07 1.11384e+07
3.29833e+07 1.11403e+07 3.29841e+07 1.11395e+07
3.29841e+07 1.11406e+07 3.29852e+07 1.11419e+07
3.29843e+07 1.11422e+07 3.29844e+07 1.11462e+07
3.29828e+07 1.11551e+07 3.29804e+07 1.11563e+07
3.29814e+07 1.11639e+07 3.29831e+07 1.11693e+07
3.29835e+07 1.11696e+07 3.29835e+07 1.11696e+07
3.29824e+07 1.11686e+07 3.29817e+07 1.11672e+07
3.29817e+07 1.11635e+07 3.29838e+07 1.11619e+07
3.29845e+07 1.11586e+07 3.29844e+07 1.11522e+07
3.29861e+07 1.11459e+07 3.29867e+07 1.1146e+07
3.29877e+07 1.11459e+07 3.29858e+07 1.11412e+07
3.29857e+07 1.11397e+07 3.29852e+07 1.11373e+07
3.29851e+07 1.11364e+07 3.29861e+07 1.11374e+07
3.29861e+07 1.11394e+07 3.29872e+07 1.11416e+07
3.29869e+07 1.11421e+07 3.29872e+07 1.11421e+07
3.2987e+07 1.11429e+07 3.29877e+07 1.11439e+07
3.2988e+07 1.11441e+07 3.29862e+07 1.11459e+07
3.29844e+07 1.11457e+07 3.29844e+07 1.11518e+07
3.29838e+07 1.11552e+07 3.29859e+07 1.11552e+07
3.29856e+07 1.11551e+07 3.29849e+07 1.11529e+07
3.29857e+07 1.11535e+07 3.29857e+07 1.11549e+07
3.29855e+07 1.11551e+07 3.29845e+07 1.11531e+07
3.29862e+07 1.11529e+07 3.29913e+07 1.1153e+07
3.29934e+07 1.11529e+07 3.29951e+07 1.11528e+07
3.29984e+07 1.11533e+07 3.30023e+07 1.11534e+07
3.30044e+07 1.11503e+07 3.30024e+07 1.11385e+07
3.30053e+07 1.1133e+07 3.30093e+07 1.11274e+07
3.30155e+07 1.11186e+07 3.30159e+07 1.11145e+07
3.30153e+07 1.11147e+07 3.30132e+07 1.11168e+07
3.30137e+07 1.11162e+07 3.30132e+07 1.11167e+07
3.30132e+07 1.11167e+07 3.30132e+07 1.11167e+07
