3.29965e+07 1.11532e+07 3.30013e+07 1.11501e+07
3.30013e+07 1.11501e+07 3.30011e+07 1.11424e+07
3.30011e+07 1.11424e+07 3.2999e+07 1.11412e+07
3.2999e+07 1.11412e+07 3.30034e+07 1.11362e+07
3.30034e+07 1.11362e+07 3.3003e+07 1.11318e+07
3.3003e+07 1.11318e+07 3.30039e+07 1.11372e+07
3.30039e+07 1.11372e+07 3.30044e+07 1.11588e+07
3.30044e+07 1.11588e+07 3.29947e+07 1.11695e+07
3.29947e+07 1.11695e+07 3.2994e+07 1.11674e+07
3.2994e+07 1.11674e+07 3.29929e+07 1.11641e+07
3.29929e+07 1.11641e+07 3.29933e+07 1.1157e+07
3.29933e+07 1.1157e+07 3.29964e+07 1.11543e+07
3.29964e+07 1.11543e+07 3.29982e+07 1.11475e+07
3.29982e+07 1.11475e+07 3.30042e+07 1.1135e+07
3.30042e+07 1.1135e+07 3.30155e+07 1.11179e+07
3.30155e+07 1.11179e+07 3.30134e+07 1.11177e+07
3.30134e+07 1.11177e+07 3.30134e+07 1.11163e+07
3.30134e+07 1.11163e+07 3.30134e+07 1.11163e+07
3.30134e+07 1.11163e+07 3.30132e+07 1.11165e+07
3.30132e+07 1.11165e+07 3.30155e+07 1.11187e+07
3.30155e+07 1.11187e+07 3.30151e+07 1.11151e+07
3.30151e+07 1.11151e+07 3.30151e+07 1.11151e+07
3.30151e+07 1.11151e+07 3.30152e+07 1.1115e+07
3.30152e+07 1.1115e+07 3.30152e+07 1.1115e+07
3.30152e+07 1.1115e+07 3.30152e+07 1.1115e+07
3.30152e+07 1.1115e+07 3.30152e+07 1.1115e+07
3.30152e+07 1.1115e+07 3.30155e+07 1.11152e+07
3.30155e+07 1.11152e+07 3.3016e+07 1.11147e+07
3.3016e+07 1.11147e+07 3.30081e+07 1.11283e+07
3.30081e+07 1.11283e+07 3.29991e+07 1.11398e+07
3.29991e+07 1.11398e+07 3.29991e+07 1.11265e+07
3.29991e+07 1.11265e+07 3.29969e+07 1.11229e+07
3.29969e+07 1.11229e+07 3.29949e+07 1.11311e+07
3.29949e+07 1.11311e+07 3.29959e+07 1.11325e+07
3.29959e+07 1.11325e+07 3.29892e+07 1.11396e+07
3.29892e+07 1.11396e+07 3.29844e+07 1.11426e+07
3.29844e+07 1.11426e+07 3.29841e+07 1.1139e+07
3.29841e+07 1.1139e+07 3.29843e+07 1.11422e+07
3.29843e+07 1.11422e+07 3.29892e+07 1.11456e+07
3.29892e+07 1.11456e+07 3.29895e+07 1.11464e+07
3.29895e+07 1.11464e+07 3.29896e+07 1.11529e+07
3.29896e+07 1.11529e+07 3.2994e+07 1.11697e+07
3.2994e+07 1.11697e+07 3.29965e+07 1.11776e+07
3.29965e+07 1.11776e+07 3.2997e+07 1.11712e+07
3.2997e+07 1.11712e+07 3.30003e+07 1.11631e+07
3.30003e+07 1.11631e+07 3.30012e+07 1.11528e+07
3.30012e+07 1.11528e+07 3.30236e+07 1.11558e+07
3.30236e+07 1.11558e+07 3.30237e+07 1.11557e+07
3.30237e+07 1.11557e+07 3.30236e+07 1.11558e+07
3.30236e+07 1.11558e+07 3.30236e+07 1.11558e+07
3.30236e+07 1.11558e+07 3.30236e+07 1.11558e+07
3.30236e+07 1.11558e+07 3.30236e+07 1.11558e+07
3.30236e+07 1.11558e+07 3.30236e+07 1.11558e+07
3.30236e+07 1.11558e+07 3.30236e+07 1.11558e+07
3.30236e+07 1.11558e+07 3.30236e+07 1.11558e+07
3.30236e+07 1.11558e+07 3.30236e+07 1.11558e+07
3.30236e+07 1.11558e+07 3.30236e+07 1.11558e+07
3.30236e+07 1.11558e+07 3.30236e+07 1.11558e+07
3.30236e+07 1.11558e+07 3.30236e+07 1.11558e+07
3.30236e+07 1.11558e+07 3.30236e+07 1.11557e+07
3.30236e+07 1.11557e+07 3.30236e+07 1.11558e+07
3.30236e+07 1.11558e+07 3.30236e+07 1.11558e+07
3.30236e+07 1.11558e+07 3.30236e+07 1.11558e+07
3.30236e+07 1.11558e+07 3.30236e+07 1.11558e+07
3.30236e+07 1.11558e+07 3.30236e+07 1.11558e+07
3.30236e+07 1.11558e+07 3.30236e+07 1.11557e+07
3.30236e+07 1.11557e+07 3.30236e+07 1.11558e+07
3.30236e+07 1.11558e+07 3.30236e+07 1.11558e+07
3.30236e+07 1.11558e+07 3.30236e+07 1.11558e+07
3.30236e+07 1.11558e+07 3.30236e+07 1.11558e+07
3.30236e+07 1.11558e+07 3.30236e+07 1.11558e+07
3.30236e+07 1.11558e+07 3.30236e+07 1.11557e+07
3.30236e+07 1.11557e+07 3.30236e+07 1.11557e+07
3.30236e+07 1.11557e+07 3.30236e+07 1.11558e+07
3.30236e+07 1.11558e+07 3.30236e+07 1.11558e+07
3.30236e+07 1.11558e+07 3.30236e+07 1.11558e+07
3.30236e+07 1.11558e+07 3.30236e+07 1.11558e+07
3.30236e+07 1.11558e+07 3.30208e+07 1.11531e+07
3.30208e+07 1.11531e+07 3.30141e+07 1.11511e+07
3.30141e+07 1.11511e+07 3.30104e+07 1.11508e+07
3.30104e+07 1.11508e+07 3.29954e+07 1.11479e+07
3.29954e+07 1.11479e+07 3.29952e+07 1.11454e+07
3.29952e+07 1.11454e+07 3.30013e+07 1.1148e+07
3.30013e+07 1.1148e+07 3.3003e+07 1.11528e+07
3.3003e+07 1.11528e+07 3.30031e+07 1.11525e+07
3.30031e+07 1.11525e+07 3.30004e+07 1.1153e+07
3.30004e+07 1.1153e+07 3.30003e+07 1.11551e+07
3.30003e+07 1.11551e+07 3.30011e+07 1.11561e+07
3.30011e+07 1.11561e+07 3.30013e+07 1.11508e+07
3.30013e+07 1.11508e+07 3.30006e+07 1.11526e+07
3.30006e+07 1.11526e+07 3.30008e+07 1.11526e+07
3.30008e+07 1.11526e+07 3.29972e+07 1.11523e+07
3.29972e+07 1.11523e+07 3.29944e+07 1.11493e+07
3.29944e+07 1.11493e+07 3.29959e+07 1.11511e+07
3.29959e+07 1.11511e+07 3.29971e+07 1.11527e+07
3.29971e+07 1.11527e+07 3.29989e+07 1.1149e+07
3.29989e+07 1.1149e+07 3.30011e+07 1.11493e+07
3.30011e+07 1.11493e+07 3.30008e+07 1.11466e+07
3.30008e+07 1.11466e+07 3.3e+07 1.11492e+07
3.3e+07 1.11492e+07 3.29987e+07 1.11526e+07
3.29987e+07 1.11526e+07 3.29964e+07 1.11552e+07
3.29964e+07 1.11552e+07 3.29971e+07 1.11527e+07
3.29971e+07 1.11527e+07 3.29985e+07 1.11559e+07
3.29985e+07 1.11559e+07 3.29966e+07 1.11574e+07
3.29966e+07 1.11574e+07 3.29968e+07 1.11637e+07
3.29968e+07 1.11637e+07 3.29961e+07 1.1167e+07
3.29961e+07 1.1167e+07 3.29981e+07 1.11662e+07
3.29981e+07 1.11662e+07 3.30008e+07 1.11623e+07
3.30008e+07 1.11623e+07 3.29996e+07 1.1158e+07
3.29996e+07 1.1158e+07 3.29977e+07 1.11527e+07
3.29977e+07 1.11527e+07 3.30036e+07 1.11533e+07
3.30036e+07 1.11533e+07 3.30051e+07 1.11526e+07
3.30051e+07 1.11526e+07 3.30247e+07 1.11544e+07
3.30247e+07 1.11544e+07 3.30247e+07 1.11544e+07
3.30247e+07 1.11544e+07 3.30236e+07 1.11558e+07
3.30236e+07 1.11558e+07 3.30236e+07 1.11558e+07
3.30236e+07 1.11558e+07 3.30236e+07 1.11558e+07
3.30236e+07 1.11558e+07 3.30236e+07 1.11558e+07
3.30236e+07 1.11558e+07 3.30236e+07 1.11558e+07
3.30236e+07 1.11558e+07 3.30236e+07 1.11558e+07
3.30236e+07 1.11558e+07 3.30236e+07 1.11558e+07
3.30236e+07 1.11558e+07 3.30236e+07 1.11558e+07
3.30236e+07 1.11558e+07 3.30236e+07 1.11558e+07
3.30236e+07 1.11558e+07 3.30236e+07 1.11558e+07
3.30236e+07 1.11558e+07 3.30236e+07 1.11558e+07
3.30236e+07 1.11558e+07 3.30236e+07 1.11558e+07
3.30236e+07 1.11558e+07 3.30236e+07 1.11558e+07
3.30236e+07 1.11558e+07 3.30236e+07 1.11558e+07
3.30236e+07 1.11558e+07 3.30236e+07 1.11559e+07
3.30236e+07 1.11559e+07 3.30236e+07 1.11558e+07
3.30236e+07 1.11558e+07 3.30236e+07 1.11558e+07
3.30236e+07 1.11558e+07 3.30236e+07 1.11558e+07
3.30236e+07 1.11558e+07 3.30236e+07 1.11558e+07
3.30236e+07 1.11558e+07 3.30236e+07 1.11558e+07
3.30236e+07 1.11558e+07 3.30236e+07 1.11558e+07
3.30236e+07 1.11558e+07 3.30236e+07 1.11558e+07
3.30236e+07 1.11558e+07 3.30236e+07 1.11558e+07
3.30236e+07 1.11558e+07 3.30236e+07 1.11558e+07
3.30236e+07 1.11558e+07 3.30236e+07 1.11558e+07
3.30236e+07 1.11558e+07 3.30236e+07 1.11558e+07
3.30236e+07 1.11558e+07 3.30236e+07 1.11558e+07
3.30236e+07 1.11558e+07 3.30236e+07 1.11558e+07
3.30236e+07 1.11558e+07 3.30236e+07 1.11558e+07
3.30236e+07 1.11558e+07 3.30236e+07 1.11558e+07
3.30236e+07 1.11558e+07 3.30236e+07 1.11558e+07
3.30236e+07 1.11558e+07 3.30236e+07 1.11558e+07
3.30236e+07 1.11558e+07 3.30236e+07 1.11558e+07
3.30236e+07 1.11558e+07 3.30203e+07 1.11529e+07
3.30203e+07 1.11529e+07 3.30145e+07 1.11513e+07
3.30145e+07 1.11513e+07 3.3006e+07 1.11493e+07
3.3006e+07 1.11493e+07 3.30028e+07 1.11394e+07
3.30028e+07 1.11394e+07 3.30034e+07 1.11355e+07
3.30034e+07 1.11355e+07 3.30044e+07 1.11383e+07
3.30044e+07 1.11383e+07 3.30066e+07 1.11421e+07
3.30066e+07 1.11421e+07 3.30058e+07 1.11474e+07
3.30058e+07 1.11474e+07 3.30074e+07 1.11493e+07
3.30074e+07 1.11493e+07 3.30044e+07 1.11504e+07
3.30044e+07 1.11504e+07 3.30079e+07 1.11519e+07
3.30079e+07 1.11519e+07 3.29998e+07 1.11536e+07
3.29998e+07 1.11536e+07 3.29966e+07 1.11525e+07
3.29966e+07 1.11525e+07 3.29939e+07 1.11493e+07
3.29939e+07 1.11493e+07 3.29915e+07 1.11492e+07
3.29915e+07 1.11492e+07 3.29875e+07 1.11494e+07
3.29875e+07 1.11494e+07 3.29846e+07 1.1149e+07
3.29846e+07 1.1149e+07 3.29844e+07 1.11521e+07
3.29844e+07 1.11521e+07 3.29807e+07 1.11528e+07
3.29807e+07 1.11528e+07 3.29775e+07 1.11528e+07
3.29775e+07 1.11528e+07 3.29734e+07 1.11528e+07
3.29734e+07 1.11528e+07 3.29715e+07 1.11486e+07
3.29715e+07 1.11486e+07 3.29716e+07 1.11508e+07
3.29716e+07 1.11508e+07 3.29726e+07 1.1153e+07
3.29726e+07 1.1153e+07 3.29786e+07 1.11536e+07
3.29786e+07 1.11536e+07 3.29806e+07 1.11585e+07
3.29806e+07 1.11585e+07 3.29859e+07 1.11552e+07
3.29859e+07 1.11552e+07 3.29872e+07 1.1152e+07
3.29872e+07 1.1152e+07 3.29885e+07 1.11514e+07
3.29885e+07 1.11514e+07 3.29899e+07 1.11519e+07
3.29899e+07 1.11519e+07 3.29897e+07 1.11514e+07
3.29897e+07 1.11514e+07 3.29887e+07 1.11574e+07
3.29887e+07 1.11574e+07 3.29906e+07 1.11607e+07
3.29906e+07 1.11607e+07 3.29943e+07 1.11621e+07
3.29943e+07 1.11621e+07 3.29945e+07 1.11684e+07
3.29945e+07 1.11684e+07 3.29945e+07 1.11665e+07
3.29945e+07 1.11665e+07 3.29987e+07 1.11647e+07
3.29987e+07 1.11647e+07 3.29988e+07 1.11618e+07
3.29988e+07 1.11618e+07 3.29965e+07 1.11555e+07
3.29965e+07 1.11555e+07 3.29974e+07 1.11523e+07
3.29974e+07 1.11523e+07 3.29984e+07 1.11541e+07
3.29984e+07 1.11541e+07 3.29951e+07 1.11561e+07
3.29951e+07 1.11561e+07 3.29897e+07 1.11542e+07
3.29897e+07 1.11542e+07 3.29894e+07 1.11447e+07
3.29894e+07 1.11447e+07 3.29908e+07 1.1144e+07
3.29908e+07 1.1144e+07 3.29993e+07 1.11465e+07
3.29993e+07 1.11465e+07 3.29989e+07 1.11486e+07
3.29989e+07 1.11486e+07 3.30022e+07 1.115e+07
3.30022e+07 1.115e+07 3.30009e+07 1.115e+07
3.30009e+07 1.115e+07 3.30004e+07 1.11534e+07
3.30004e+07 1.11534e+07 3.3003e+07 1.11579e+07
3.3003e+07 1.11579e+07 3.30001e+07 1.11586e+07
3.30001e+07 1.11586e+07 3.29983e+07 1.11526e+07
3.29983e+07 1.11526e+07 3.29914e+07 1.11529e+07
3.29914e+07 1.11529e+07 3.29885e+07 1.11458e+07
3.29885e+07 1.11458e+07 3.29894e+07 1.11391e+07
3.29894e+07 1.11391e+07 3.29921e+07 1.11419e+07
3.29921e+07 1.11419e+07 3.29984e+07 1.1147e+07
3.29984e+07 1.1147e+07 3.30018e+07 1.11527e+07
3.30018e+07 1.11527e+07 3.30236e+07 1.11558e+07
3.30236e+07 1.11558e+07 3.30236e+07 1.11558e+07
3.30236e+07 1.11558e+07 3.30236e+07 1.11558e+07
3.30236e+07 1.11558e+07 3.30236e+07 1.11558e+07
3.30236e+07 1.11558e+07 3.30236e+07 1.11558e+07
3.30236e+07 1.11558e+07 3.30236e+07 1.11558e+07
3.30236e+07 1.11558e+07 3.30236e+07 1.11558e+07
3.30236e+07 1.11558e+07 3.30236e+07 1.11558e+07
3.30236e+07 1.11558e+07 3.30236e+07 1.11558e+07
3.30236e+07 1.11558e+07 3.30235e+07 1.11558e+07
3.30235e+07 1.11558e+07 3.30236e+07 1.11558e+07
3.30236e+07 1.11558e+07 3.30236e+07 1.11558e+07
3.30236e+07 1.11558e+07 3.30236e+07 1.11558e+07
3.30236e+07 1.11558e+07 3.30236e+07 1.11558e+07
3.30236e+07 1.11558e+07 3.30236e+07 1.11558e+07
3.30236e+07 1.11558e+07 3.30236e+07 1.11558e+07
3.30236e+07 1.11558e+07 3.30236e+07 1.11558e+07
3.30236e+07 1.11558e+07 3.30236e+07 1.11558e+07
3.30236e+07 1.11558e+07 3.30236e+07 1.11558e+07
3.30236e+07 1.11558e+07 3.30236e+07 1.11558e+07
3.30236e+07 1.11558e+07 3.30236e+07 1.11558e+07
3.30236e+07 1.11558e+07 3.30236e+07 1.11558e+07
3.30236e+07 1.11558e+07 3.30236e+07 1.11558e+07
3.30236e+07 1.11558e+07 3.30235e+07 1.11558e+07
3.30235e+07 1.11558e+07 3.30236e+07 1.11558e+07
3.30236e+07 1.11558e+07 3.30236e+07 1.11558e+07
3.30236e+07 1.11558e+07 3.30236e+07 1.11558e+07
3.30236e+07 1.11558e+07 3.30236e+07 1.11558e+07
3.30236e+07 1.11558e+07 3.30236e+07 1.11558e+07
3.30236e+07 1.11558e+07 3.30236e+07 1.11558e+07
3.30236e+07 1.11558e+07 3.30236e+07 1.11557e+07
3.30236e+07 1.11557e+07 3.30236e+07 1.11558e+07
3.30236e+07 1.11558e+07 3.30217e+07 1.11529e+07
3.30217e+07 1.11529e+07 3.30111e+07 1.11524e+07
3.30111e+07 1.11524e+07 3.30074e+07 1.11421e+07
3.30074e+07 1.11421e+07 3.30055e+07 1.11384e+07
3.30055e+07 1.11384e+07 3.30058e+07 1.11349e+07
3.30058e+07 1.11349e+07 3.30029e+07 1.11396e+07
3.30029e+07 1.11396e+07 3.29995e+07 1.11637e+07
3.29995e+07 1.11637e+07 3.29995e+07 1.11637e+07
3.29995e+07 1.11637e+07 3.30029e+07 1.11641e+07
3.30029e+07 1.11641e+07 3.30021e+07 1.11591e+07
3.30021e+07 1.11591e+07 3.3002e+07 1.11592e+07
3.3002e+07 1.11592e+07 3.30009e+07 1.11635e+07
3.30009e+07 1.11635e+07 3.30006e+07 1.11702e+07
3.30006e+07 1.11702e+07 3.30004e+07 1.11652e+07
3.30004e+07 1.11652e+07 3.29988e+07 1.11636e+07
3.29988e+07 1.11636e+07 3.29945e+07 1.11597e+07
3.29945e+07 1.11597e+07 3.29927e+07 1.11574e+07
3.29927e+07 1.11574e+07 3.29926e+07 1.11569e+07
3.29926e+07 1.11569e+07 3.29979e+07 1.1156e+07
3.29979e+07 1.1156e+07 3.30013e+07 1.11555e+07
3.30013e+07 1.11555e+07 3.30019e+07 1.11473e+07
3.30019e+07 1.11473e+07 3.3002e+07 1.11474e+07
3.3002e+07 1.11474e+07 3.30009e+07 1.11522e+07
3.30009e+07 1.11522e+07 3.30012e+07 1.11542e+07
3.30012e+07 1.11542e+07 3.29994e+07 1.11543e+07
3.29994e+07 1.11543e+07 3.29981e+07 1.11557e+07
3.29981e+07 1.11557e+07 3.30022e+07 1.1156e+07
3.30022e+07 1.1156e+07 3.30056e+07 1.1161e+07
3.30056e+07 1.1161e+07 3.3003e+07 1.1158e+07
3.3003e+07 1.1158e+07 3.30063e+07 1.11602e+07
3.30063e+07 1.11602e+07 3.3005e+07 1.11589e+07
3.3005e+07 1.11589e+07 3.30031e+07 1.11545e+07
3.30031e+07 1.11545e+07 3.30012e+07 1.11535e+07
3.30012e+07 1.11535e+07 3.29996e+07 1.11664e+07
3.29996e+07 1.11664e+07 3.30013e+07 1.11544e+07
3.30013e+07 1.11544e+07 3.30018e+07 1.11537e+07
3.30018e+07 1.11537e+07 3.29993e+07 1.11527e+07
3.29993e+07 1.11527e+07 3.29973e+07 1.11471e+07
3.29973e+07 1.11471e+07 3.29939e+07 1.11436e+07
3.29939e+07 1.11436e+07 3.29931e+07 1.11394e+07
3.29931e+07 1.11394e+07 3.2996e+07 1.11412e+07
3.2996e+07 1.11412e+07 3.29982e+07 1.1149e+07
3.29982e+07 1.1149e+07 3.29993e+07 1.11495e+07
3.29993e+07 1.11495e+07 3.29975e+07 1.11543e+07
3.29975e+07 1.11543e+07 3.29927e+07 1.11562e+07
3.29927e+07 1.11562e+07 3.29929e+07 1.11495e+07
3.29929e+07 1.11495e+07 3.29939e+07 1.11436e+07
3.29939e+07 1.11436e+07 3.29935e+07 1.11349e+07
3.29935e+07 1.11349e+07 3.29906e+07 1.11305e+07
3.29906e+07 1.11305e+07 3.30042e+07 1.11297e+07
3.30042e+07 1.11297e+07 3.30154e+07 1.11168e+07
3.30154e+07 1.11168e+07 3.3018e+07 1.11224e+07
3.3018e+07 1.11224e+07 3.30229e+07 1.11348e+07
3.30229e+07 1.11348e+07 3.30231e+07 1.11469e+07
3.30231e+07 1.11469e+07 3.30232e+07 1.1156e+07
3.30232e+07 1.1156e+07 3.30236e+07 1.11558e+07
3.30236e+07 1.11558e+07 3.30236e+07 1.11558e+07
3.30236e+07 1.11558e+07 3.30236e+07 1.11558e+07
3.30236e+07 1.11558e+07 3.30236e+07 1.11558e+07
3.30236e+07 1.11558e+07 3.30236e+07 1.11558e+07
3.30236e+07 1.11558e+07 3.30236e+07 1.11558e+07
3.30236e+07 1.11558e+07 3.30236e+07 1.11558e+07
3.30236e+07 1.11558e+07 3.30236e+07 1.11558e+07
3.30236e+07 1.11558e+07 3.30236e+07 1.11558e+07
3.30236e+07 1.11558e+07 3.30236e+07 1.11558e+07
3.30236e+07 1.11558e+07 3.30236e+07 1.11558e+07
3.30236e+07 1.11558e+07 3.30236e+07 1.11558e+07
3.30236e+07 1.11558e+07 3.30235e+07 1.11558e+07
3.30235e+07 1.11558e+07 3.30236e+07 1.11558e+07
3.30236e+07 1.11558e+07 3.30236e+07 1.11558e+07
3.30236e+07 1.11558e+07 3.30236e+07 1.11558e+07
3.30236e+07 1.11558e+07 3.30236e+07 1.11558e+07
3.30236e+07 1.11558e+07 3.30236e+07 1.11558e+07
3.30236e+07 1.11558e+07 3.30236e+07 1.11558e+07
3.30236e+07 1.11558e+07 3.30236e+07 1.11558e+07
3.30236e+07 1.11558e+07 3.30236e+07 1.11558e+07
3.30236e+07 1.11558e+07 3.30236e+07 1.11558e+07
3.30236e+07 1.11558e+07 3.30236e+07 1.11558e+07
3.30236e+07 1.11558e+07 3.30236e+07 1.11557e+07
3.30236e+07 1.11557e+07 3.30236e+07 1.11557e+07
3.30236e+07 1.11557e+07 3.30236e+07 1.11558e+07
3.30236e+07 1.11558e+07 3.30236e+07 1.11558e+07
3.30236e+07 1.11558e+07 3.30236e+07 1.11558e+07
3.30236e+07 1.11558e+07 3.30236e+07 1.11558e+07
3.30236e+07 1.11558e+07 3.30236e+07 1.11558e+07
3.30236e+07 1.11558e+07 3.30236e+07 1.11558e+07
3.30236e+07 1.11558e+07 3.30236e+07 1.11558e+07
3.30236e+07 1.11558e+07 3.30236e+07 1.11558e+07
3.30236e+07 1.11558e+07 3.30236e+07 1.11558e+07
3.30236e+07 1.11558e+07 3.30236e+07 1.11558e+07
3.30236e+07 1.11558e+07 3.30236e+07 1.11557e+07
3.30236e+07 1.11557e+07 3.30236e+07 1.11558e+07
3.30236e+07 1.11558e+07 3.30236e+07 1.11558e+07
3.30236e+07 1.11558e+07 3.30236e+07 1.11557e+07
3.30236e+07 1.11557e+07 3.30236e+07 1.11558e+07
3.30236e+07 1.11558e+07 3.30236e+07 1.11558e+07
3.30236e+07 1.11558e+07 3.30236e+07 1.11558e+07
3.30236e+07 1.11558e+07 3.30236e+07 1.11558e+07
3.30236e+07 1.11558e+07 3.30236e+07 1.11558e+07
3.30236e+07 1.11558e+07 3.30236e+07 1.11558e+07
3.30236e+07 1.11558e+07 3.30213e+07 1.1153e+07
3.30213e+07 1.1153e+07 3.30157e+07 1.11511e+07
3.30157e+07 1.11511e+07 3.30122e+07 1.11509e+07
3.30122e+07 1.11509e+07 3.29879e+07 1.11591e+07
3.29879e+07 1.11591e+07 3.30062e+07 1.11493e+07
3.30062e+07 1.11493e+07 3.30016e+07 1.11493e+07
3.30016e+07 1.11493e+07 3.29974e+07 1.11434e+07
3.29974e+07 1.11434e+07 3.3e+07 1.11529e+07
3.3e+07 1.11529e+07 3.29983e+07 1.11494e+07
3.29983e+07 1.11494e+07 3.29921e+07 1.11415e+07
3.29921e+07 1.11415e+07 3.29897e+07 1.11429e+07
3.29897e+07 1.11429e+07 3.29887e+07 1.11456e+07
3.29887e+07 1.11456e+07 3.2988e+07 1.11485e+07
3.2988e+07 1.11485e+07 3.29871e+07 1.11495e+07
3.29871e+07 1.11495e+07 3.29887e+07 1.11605e+07
3.29887e+07 1.11605e+07 3.29975e+07 1.1163e+07
3.29975e+07 1.1163e+07 3.29987e+07 1.11648e+07
3.29987e+07 1.11648e+07 3.29988e+07 1.11646e+07
3.29988e+07 1.11646e+07 3.29987e+07 1.11643e+07
3.29987e+07 1.11643e+07 3.29979e+07 1.11631e+07
3.29979e+07 1.11631e+07 3.29965e+07 1.11561e+07
3.29965e+07 1.11561e+07 3.29955e+07 1.11571e+07
3.29955e+07 1.11571e+07 3.29939e+07 1.11567e+07
3.29939e+07 1.11567e+07 3.30009e+07 1.1156e+07
3.30009e+07 1.1156e+07 3.29946e+07 1.11608e+07
3.29946e+07 1.11608e+07 3.29946e+07 1.11715e+07
3.29946e+07 1.11715e+07 3.29948e+07 1.11688e+07
3.29948e+07 1.11688e+07 3.29976e+07 1.11672e+07
3.29976e+07 1.11672e+07 3.29982e+07 1.1167e+07
3.29982e+07 1.1167e+07 3.30007e+07 1.1175e+07
3.30007e+07 1.1175e+07 3.30032e+07 1.11777e+07
3.30032e+07 1.11777e+07 3.30033e+07 1.11779e+07
3.30033e+07 1.11779e+07 3.29977e+07 1.11658e+07
3.29977e+07 1.11658e+07 3.29981e+07 1.11653e+07
3.29981e+07 1.11653e+07 3.30012e+07 1.11593e+07
3.30012e+07 1.11593e+07 3.2998e+07 1.11637e+07
3.2998e+07 1.11637e+07 3.29923e+07 1.11655e+07
3.29923e+07 1.11655e+07 3.29847e+07 1.11699e+07
3.29847e+07 1.11699e+07 3.29832e+07 1.1162e+07
3.29832e+07 1.1162e+07 3.29857e+07 1.11561e+07
3.29857e+07 1.11561e+07 3.29863e+07 1.11492e+07
3.29863e+07 1.11492e+07 3.29881e+07 1.11494e+07
3.29881e+07 1.11494e+07 3.29914e+07 1.11492e+07
3.29914e+07 1.11492e+07 3.29919e+07 1.11493e+07
3.29919e+07 1.11493e+07 3.29902e+07 1.1146e+07
3.29902e+07 1.1146e+07 3.29905e+07 1.11493e+07
3.29905e+07 1.11493e+07 3.29896e+07 1.11538e+07
3.29896e+07 1.11538e+07 3.29916e+07 1.11545e+07
3.29916e+07 1.11545e+07 3.29937e+07 1.11585e+07
3.29937e+07 1.11585e+07 3.29915e+07 1.11611e+07
3.29915e+07 1.11611e+07 3.29907e+07 1.11666e+07
3.29907e+07 1.11666e+07 3.29916e+07 1.11618e+07
3.29916e+07 1.11618e+07 3.2988e+07 1.11551e+07
3.2988e+07 1.11551e+07 3.29915e+07 1.11521e+07
3.29915e+07 1.11521e+07 3.29888e+07 1.11483e+07
3.29888e+07 1.11483e+07 3.29949e+07 1.11437e+07
3.29949e+07 1.11437e+07 3.3001e+07 1.11528e+07
3.3001e+07 1.11528e+07 3.30044e+07 1.11428e+07
3.30044e+07 1.11428e+07 3.30073e+07 1.11374e+07
3.30073e+07 1.11374e+07 3.30108e+07 1.11424e+07
3.30108e+07 1.11424e+07 3.30142e+07 1.11491e+07
3.30142e+07 1.11491e+07 3.3023e+07 1.11511e+07
3.3023e+07 1.11511e+07 3.30212e+07 1.11528e+07
3.30212e+07 1.11528e+07 3.30212e+07 1.11528e+07
3.30212e+07 1.11528e+07 3.30212e+07 1.11528e+07
3.30212e+07 1.11528e+07 3.30212e+07 1.11528e+07
3.30212e+07 1.11528e+07 3.30212e+07 1.11528e+07
3.30212e+07 1.11528e+07 3.30212e+07 1.11528e+07
3.30212e+07 1.11528e+07 3.30212e+07 1.11528e+07
3.30212e+07 1.11528e+07 3.30212e+07 1.11528e+07
3.30212e+07 1.11528e+07 3.30212e+07 1.11528e+07
3.30212e+07 1.11528e+07 3.30212e+07 1.11528e+07
3.30212e+07 1.11528e+07 3.30212e+07 1.11528e+07
3.30212e+07 1.11528e+07 3.30212e+07 1.11528e+07
3.30212e+07 1.11528e+07 3.30212e+07 1.11529e+07
3.30212e+07 1.11529e+07 3.30236e+07 1.11558e+07
3.30236e+07 1.11558e+07 3.30236e+07 1.11558e+07
3.30236e+07 1.11558e+07 3.30236e+07 1.11558e+07
3.30236e+07 1.11558e+07 3.30236e+07 1.11558e+07
3.30236e+07 1.11558e+07 3.30236e+07 1.11558e+07
3.30236e+07 1.11558e+07 3.30236e+07 1.11558e+07
3.30236e+07 1.11558e+07 3.30236e+07 1.11558e+07
3.30236e+07 1.11558e+07 3.30236e+07 1.11558e+07
3.30236e+07 1.11558e+07 3.30236e+07 1.11558e+07
3.30236e+07 1.11558e+07 3.30236e+07 1.11558e+07
3.30236e+07 1.11558e+07 3.30236e+07 1.11558e+07
3.30236e+07 1.11558e+07 3.30236e+07 1.11558e+07
3.30236e+07 1.11558e+07 3.30236e+07 1.11558e+07
3.30236e+07 1.11558e+07 3.30236e+07 1.11558e+07
3.30236e+07 1.11558e+07 3.30236e+07 1.11558e+07
3.30236e+07 1.11558e+07 3.30236e+07 1.11558e+07
3.30236e+07 1.11558e+07 3.30236e+07 1.11558e+07
3.30236e+07 1.11558e+07 3.30236e+07 1.11558e+07
3.30236e+07 1.11558e+07 3.30236e+07 1.11558e+07
3.30236e+07 1.11558e+07 3.30236e+07 1.11558e+07
3.30236e+07 1.11558e+07 3.30236e+07 1.11558e+07
3.30236e+07 1.11558e+07 3.30236e+07 1.11558e+07
3.30236e+07 1.11558e+07 3.30236e+07 1.11558e+07
3.30236e+07 1.11558e+07 3.30236e+07 1.11558e+07
3.30236e+07 1.11558e+07 3.30236e+07 1.11558e+07
3.30236e+07 1.11558e+07 3.30236e+07 1.11558e+07
3.30236e+07 1.11558e+07 3.30236e+07 1.11558e+07
3.30236e+07 1.11558e+07 3.30236e+07 1.11558e+07
3.30236e+07 1.11558e+07 3.30236e+07 1.11558e+07
3.30236e+07 1.11558e+07 3.30236e+07 1.11558e+07
3.30236e+07 1.11558e+07 3.30236e+07 1.11558e+07
3.30236e+07 1.11558e+07 3.30236e+07 1.11558e+07
3.30236e+07 1.11558e+07 3.30236e+07 1.11558e+07
3.30236e+07 1.11558e+07 3.30236e+07 1.11558e+07
3.30236e+07 1.11558e+07 3.30236e+07 1.11558e+07
3.30236e+07 1.11558e+07 3.30236e+07 1.11558e+07
3.30236e+07 1.11558e+07 3.30235e+07 1.11561e+07
3.30235e+07 1.11561e+07 3.30172e+07 1.11522e+07
3.30172e+07 1.11522e+07 3.30116e+07 1.11491e+07
3.30116e+07 1.11491e+07 3.30079e+07 1.11507e+07
3.30079e+07 1.11507e+07 3.30061e+07 1.116e+07
3.30061e+07 1.116e+07 3.30028e+07 1.11591e+07
3.30028e+07 1.11591e+07 3.30022e+07 1.11609e+07
3.30022e+07 1.11609e+07 3.29931e+07 1.11641e+07
3.29931e+07 1.11641e+07 3.29916e+07 1.11557e+07
3.29916e+07 1.11557e+07 3.29915e+07 1.11522e+07
3.29915e+07 1.11522e+07 3.29889e+07 1.11456e+07
3.29889e+07 1.11456e+07 3.29871e+07 1.11416e+07
3.29871e+07 1.11416e+07 3.2988e+07 1.11459e+07
3.2988e+07 1.11459e+07 3.29857e+07 1.11482e+07
3.29857e+07 1.11482e+07 3.29869e+07 1.11473e+07
3.29869e+07 1.11473e+07 3.29891e+07 1.11493e+07
3.29891e+07 1.11493e+07 3.29951e+07 1.11491e+07
3.29951e+07 1.11491e+07 3.29953e+07 1.11437e+07
3.29953e+07 1.11437e+07 3.29952e+07 1.11361e+07
3.29952e+07 1.11361e+07 3.29899e+07 1.11351e+07
3.29899e+07 1.11351e+07 3.29913e+07 1.11395e+07
3.29913e+07 1.11395e+07 3.29948e+07 1.11436e+07
3.29948e+07 1.11436e+07 3.29898e+07 1.11423e+07
3.29898e+07 1.11423e+07 3.29889e+07 1.11389e+07
3.29889e+07 1.11389e+07 3.29901e+07 1.11415e+07
3.29901e+07 1.11415e+07 3.29883e+07 1.11458e+07
3.29883e+07 1.11458e+07 3.29939e+07 1.11436e+07
3.29939e+07 1.11436e+07 3.29983e+07 1.11528e+07
3.29983e+07 1.11528e+07 3.29978e+07 1.1152e+07
3.29978e+07 1.1152e+07 3.29909e+07 1.11464e+07
3.29909e+07 1.11464e+07 3.29898e+07 1.11461e+07
3.29898e+07 1.11461e+07 3.2994e+07 1.11459e+07
3.2994e+07 1.11459e+07 3.29983e+07 1.11491e+07
3.29983e+07 1.11491e+07 3.30003e+07 1.11484e+07
3.30003e+07 1.11484e+07 3.29955e+07 1.1147e+07
3.29955e+07 1.1147e+07 3.29912e+07 1.1145e+07
3.29912e+07 1.1145e+07 3.29966e+07 1.11418e+07
3.29966e+07 1.11418e+07 3.29982e+07 1.11473e+07
3.29982e+07 1.11473e+07 3.30026e+07 1.11523e+07
3.30026e+07 1.11523e+07 3.30029e+07 1.1153e+07
3.30029e+07 1.1153e+07 3.30025e+07 1.11544e+07
3.30025e+07 1.11544e+07 3.30031e+07 1.11518e+07
3.30031e+07 1.11518e+07 3.30061e+07 1.11494e+07
3.30061e+07 1.11494e+07 3.30147e+07 1.11475e+07
3.30147e+07 1.11475e+07 3.30041e+07 1.11494e+07
3.30041e+07 1.11494e+07 3.30079e+07 1.11492e+07
3.30079e+07 1.11492e+07 3.30153e+07 1.11515e+07
3.30153e+07 1.11515e+07 3.30202e+07 1.11531e+07
3.30202e+07 1.11531e+07 3.30236e+07 1.11558e+07
3.30236e+07 1.11558e+07 3.30236e+07 1.11558e+07
3.30236e+07 1.11558e+07 3.30236e+07 1.11557e+07
3.30236e+07 1.11557e+07 3.30236e+07 1.11558e+07
3.30236e+07 1.11558e+07 3.30236e+07 1.11558e+07
3.30236e+07 1.11558e+07 3.30236e+07 1.11558e+07
3.30236e+07 1.11558e+07 3.30236e+07 1.11558e+07
3.30236e+07 1.11558e+07 3.30236e+07 1.11558e+07
3.30236e+07 1.11558e+07 3.30236e+07 1.11558e+07
3.30236e+07 1.11558e+07 3.30236e+07 1.11558e+07
3.30236e+07 1.11558e+07 3.30236e+07 1.11557e+07
3.30236e+07 1.11557e+07 3.30236e+07 1.11558e+07
3.30236e+07 1.11558e+07 3.30236e+07 1.11558e+07
3.30236e+07 1.11558e+07 3.30236e+07 1.11558e+07
3.30236e+07 1.11558e+07 3.30236e+07 1.11558e+07
3.30236e+07 1.11558e+07 3.30236e+07 1.11558e+07
3.30236e+07 1.11558e+07 3.30236e+07 1.11557e+07
3.30236e+07 1.11557e+07 3.30236e+07 1.11557e+07
3.30236e+07 1.11557e+07 3.30236e+07 1.11557e+07
3.30236e+07 1.11557e+07 3.30236e+07 1.11557e+07
3.30236e+07 1.11557e+07 3.30236e+07 1.11558e+07
3.30236e+07 1.11558e+07 3.30236e+07 1.11558e+07
3.30236e+07 1.11558e+07 3.30236e+07 1.11558e+07
3.30236e+07 1.11558e+07 3.30236e+07 1.11558e+07
3.30236e+07 1.11558e+07 3.30236e+07 1.11558e+07
3.30236e+07 1.11558e+07 3.30236e+07 1.11558e+07
3.30236e+07 1.11558e+07 3.30181e+07 1.10869e+07
3.30181e+07 1.10869e+07 3.30235e+07 1.11558e+07
3.30235e+07 1.11558e+07 3.30236e+07 1.11558e+07
3.30236e+07 1.11558e+07 3.30236e+07 1.11558e+07
3.30236e+07 1.11558e+07 3.30236e+07 1.11558e+07
3.30236e+07 1.11558e+07 3.30236e+07 1.11558e+07
3.30236e+07 1.11558e+07 3.30236e+07 1.11558e+07
3.30236e+07 1.11558e+07 3.30236e+07 1.11558e+07
3.30236e+07 1.11558e+07 3.30236e+07 1.11558e+07
3.30236e+07 1.11558e+07 3.30236e+07 1.11558e+07
3.30236e+07 1.11558e+07 3.30236e+07 1.11558e+07
3.30236e+07 1.11558e+07 3.30236e+07 1.11558e+07
3.30236e+07 1.11558e+07 3.30236e+07 1.11558e+07
3.30236e+07 1.11558e+07 3.30236e+07 1.11558e+07
3.30236e+07 1.11558e+07 3.30236e+07 1.11558e+07
3.30236e+07 1.11558e+07 3.30236e+07 1.11558e+07
3.30236e+07 1.11558e+07 3.30236e+07 1.11558e+07
3.30236e+07 1.11558e+07 3.30236e+07 1.11558e+07
3.30236e+07 1.11558e+07 3.30236e+07 1.11558e+07
3.30236e+07 1.11558e+07 3.30236e+07 1.11558e+07
3.30236e+07 1.11558e+07 3.30236e+07 1.11558e+07
3.30236e+07 1.11558e+07 3.30236e+07 1.11558e+07
3.30236e+07 1.11558e+07 3.30236e+07 1.11558e+07
3.30236e+07 1.11558e+07 3.30236e+07 1.11558e+07
3.30236e+07 1.11558e+07 3.30236e+07 1.11558e+07
3.30236e+07 1.11558e+07 3.30236e+07 1.11558e+07
3.30236e+07 1.11558e+07 3.30236e+07 1.11558e+07
3.30236e+07 1.11558e+07 3.30265e+07 1.11563e+07
3.30265e+07 1.11563e+07 3.30258e+07 1.11562e+07
3.30258e+07 1.11562e+07 3.3023e+07 1.11527e+07
3.3023e+07 1.11527e+07 3.30187e+07 1.1153e+07
3.30187e+07 1.1153e+07 3.30148e+07 1.11481e+07
3.30148e+07 1.11481e+07 3.30096e+07 1.11492e+07
3.30096e+07 1.11492e+07 3.30108e+07 1.11425e+07
3.30108e+07 1.11425e+07 3.30108e+07 1.11378e+07
3.30108e+07 1.11378e+07 3.30108e+07 1.11405e+07
3.30108e+07 1.11405e+07 3.30048e+07 1.11336e+07
3.30048e+07 1.11336e+07 3.30003e+07 1.11423e+07
3.30003e+07 1.11423e+07 3.29999e+07 1.11409e+07
3.29999e+07 1.11409e+07 3.29922e+07 1.11398e+07
3.29922e+07 1.11398e+07 3.29847e+07 1.11418e+07
3.29847e+07 1.11418e+07 3.29872e+07 1.11415e+07
3.29872e+07 1.11415e+07 3.29965e+07 1.11417e+07
3.29965e+07 1.11417e+07 3.29963e+07 1.11431e+07
3.29963e+07 1.11431e+07 3.29953e+07 1.11435e+07
3.29953e+07 1.11435e+07 3.29953e+07 1.11352e+07
3.29953e+07 1.11352e+07 3.29882e+07 1.1136e+07
3.29882e+07 1.1136e+07 3.29938e+07 1.11396e+07
3.29938e+07 1.11396e+07 3.29995e+07 1.11433e+07
3.29995e+07 1.11433e+07 3.30043e+07 1.1147e+07
3.30043e+07 1.1147e+07 3.30075e+07 1.11492e+07
3.30075e+07 1.11492e+07 3.30032e+07 1.11481e+07
3.30032e+07 1.11481e+07 3.30016e+07 1.11466e+07
3.30016e+07 1.11466e+07 3.29982e+07 1.11489e+07
3.29982e+07 1.11489e+07 3.29972e+07 1.11426e+07
