-18095.4 150660 -18080.9 150660
-18048.6 150662 -18048.6 150662
-18551.8 151392 -18551.8 151392
-18581.9 150464 -18581.9 150464
-17249.4 150299 -17249.4 150299
-16475.7 151548 -16475.7 151548
-15030.8 152020 -15030.8 152020
-14602.2 152042 -14602.2 152042
-13668.2 152067 -13668.2 152067
-12820 152203 -12820 152203
-12762.1 151434 -12762.1 151434
-11894.9 151399 -11894.9 151399
-11563.2 151557 -11563.2 151557
-11567.6 152652 -11567.6 152652
-14319.4 152775 -14319.4 152775
-15788.9 152951 -15788.9 152951
-15692 155021 -15692 155021
-17172.6 155083 -17172.6 155083
-17260.5 154086 -17260.5 154086
-17292.8 152806 -17292.8 152806
-18550.7 152096 -18550.7 152096
-18434.9 149451 -18434.9 149451
-18158.9 148373 -18158.9 148373
-17396.3 147342 -17396.3 147342
-17413 149110 -17413 149110
-17562.2 149106 -17562.2 149106
-17999.7 149103 -17999.7 149103
-18545.1 149725 -18545.1 149725
-19517 152828 -19517 152828
-19630.5 153596 -19630.5 153596
-20169.3 155112 -20169.3 155112
-20656.9 156281 -20656.9 156281
-21477.3 156847 -21477.3 156847
-21934.8 155190 -21934.8 155190
-21935.9 154115 -21935.9 154115
-19283.2 155168 -19283.2 155168
-15633 155157 -15633 155157
-9779.84 154658 -9779.84 154658
-8588.72 154589 -8588.72 154589
-7449.92 154509 -7449.92 154509
-6622.82 154462 -6622.82 154462
-5225.76 154389 -5225.76 154389
-4564.52 154353 -4564.52 154353
-3898.83 155573 -3898.83 155573
-3993.45 155667 -3993.45 155667
-4240.58 155233 -4240.58 155233
-4694.76 154335 -4694.76 154335
-5478.45 154422 -5478.45 154422
-6649.53 154445 -6649.53 154445
-11929.4 156776 -11929.4 156776
-12988.1 156733 -12988.1 156733
-13108.3 156724 -13108.3 156724
-13300.9 156724 -13300.9 156724
-14343.9 156811 -14343.9 156811
-14685.7 157116 -14685.7 157116
-15898 158165 -15898 158165
-17192.6 158908 -17192.6 158908
-17265 156308 -17265 156308
-17260.5 155473 -17260.5 155473
-17249.4 154794 -17249.4 154794
-17258.3 154313 -17258.3 154313
-17253.8 153745 -17253.8 153745
-17266.1 154258 -17266.1 154258
-17521 155104 -17521 155104
-18550.7 155141 -18550.7 155141
-61291.8 172799 -61291.8 172799
-20581.2 156787 -20581.2 156787
-20640.2 155199 -20640.2 155199
-21401.6 155181 -21401.6 155181
-19583.7 152537 -19583.7 152537
-19443.5 150241 -19443.5 150241
-18591.9 150112 -18591.9 150112
-18137.7 150045 -18137.7 150045
-17472 149673 -17472 149673
-17405.2 150257 -17405.2 150257
-17829.3 150161 -17829.3 150161
-18026.4 150161 -18026.4 150161
-18089.8 150640 -18089.8 150640
-18125.5 150571 -18118.8 150573
-18038.6 151593 -18038.6 151593
-17887.2 151626 -17887.2 151626
-17260.5 152142 -17260.5 152142
-17260.5 152180 -17260.5 152180
-17260.5 152719 -17260.5 152719
-17400.8 152788 -17400.8 152788
-18530.7 152808 -18530.7 152808
-19707.3 155335 -19707.3 155335
-19656.1 155625 -19656.1 155625
-19150.7 158864 -19150.7 158864
-19032.7 158844 -19032.7 158844
-18811.2 158786 -18811.2 158786
-18901.4 158804 -18901.4 158804
-19501.4 155389 -19501.4 155389
-19496.9 155348 -19496.9 155348
-21384.9 155112 -21384.9 155112
-21682.1 155119 -21682.1 155119
-21963.8 155395 -21963.8 155395
-22879.9 159848 -22879.9 159848
-23073.6 159835 -23073.6 159835
-21922.6 159953 -21922.6 159953
-21921.5 159926 -21921.5 159926
-21919.2 155242 -21919.2 155242
-21653.2 155195 -21653.2 155195
-15542.8 155177 -15542.8 155177
-15338 155181 -15338 155181
-14444.1 155199 -14444.1 155199
-14197 155186 -14197 155186
-14572.1 155101 -14572.1 155101
-14766.9 155110 -14766.9 155110
-17244.9 153917 -17244.9 153917
-17241.6 153674 -17241.6 153674
-18300.2 152766 -18300.2 152766
-18402.6 152766 -18402.6 152766
-18566.3 151116 -18566.3 151116
-18560.7 151408 -18560.7 151408
-18540.7 151312 -18540.7 151312
-18037.5 150344 -18037.5 150344
-18060.9 150635 -18060.9 150635
-18112.1 150633 -18112.1 150633
-18410.4 151617 -18410.4 151617
-18562.9 151958 -18562.9 151958
-17268.3 153832 -17268.3 153832
-17275 155324 -17275 155324
-16959.9 156847 -16959.9 156847
-17262.7 155317 -17262.7 155317
-18421.6 155095 -18421.6 155095
-18560.7 152939 -18560.7 152939
-18551.8 151664 -18551.8 151664
-18098.7 150502 -18098.7 150502
-18117.7 150626 -18109.9 150626
-17918.4 151626 -17918.4 151626
-17253.8 152149 -17253.8 152149
-17366.3 152766 -17366.3 152766
-17386.3 152761 -17386.3 152761
-18270.2 152806 -18270.2 152806
-18699.9 152813 -18699.9 152813
-20497.7 152810 -20497.7 152810
-21876.9 152819 -21876.9 152819
-22745.2 152826 -22745.2 152826
-23810.5 152830 -23810.5 152830
-24579.8 154458 -24579.8 154458
-24551.9 155026 -24551.9 155026
-24505.2 155542 -24505.2 155542
-24533 155161 -24533 155161
-26293 155756 -26293 155756
-26251.8 156208 -26251.8 156208
-26261.8 156673 -26261.8 156673
-26215 156675 -26215 156675
-24077.7 155204 -24077.7 155204
-23348.6 153625 -23348.6 153625
-21748.9 152850 -21748.9 152850
-20659.1 153621 -20659.1 153621
-21133.3 153627 -21133.3 153627
-21928.1 153861 -21928.1 153861
-21918.1 152973 -21918.1 152973
-21780.1 152850 -21780.1 152850
-19725.1 152824 -19725.1 152824
-19542.6 151503 -19542.6 151503
-19456.8 147696 -19456.8 147696
-19462.4 147583 -19462.4 147583
-17645.7 147309 -17645.7 147309
-13492.3 147276 -13492.3 147276
-12712 147296 -12712 147296
-11220.3 146601 -11220.3 146601
-11446.3 146897 -11446.3 146897
-11574.3 146214 -11574.3 146214
-11302.7 146694 -11302.7 146694
-11211.4 147227 -11211.4 147227
-10519 147872 -10519 147872
-10448.9 151806 -10448.9 151806
-9762.02 152908 -9762.02 152908
-8215.8 152926 -8215.8 152926
-5934.86 152833 -5934.86 152833
-4934.1 152768 -4934.1 152768
-3166.34 152681 -3166.34 152681
-2996.03 153643 -2996.03 153643
-3454.66 154233 -3454.66 154233
-4759.33 154322 -4759.33 154322
-5619.83 154404 -5619.83 154404
-5669.92 153037 -5669.92 153037
-5668.81 152957 -5668.81 152957
-7635.82 152882 -7635.82 152882
-8308.19 152886 -8308.19 152886
-9500.42 152864 -9500.42 152864
-10206.2 152879 -10206.2 152879
-10423.3 150074 -10423.3 150074
-10526.8 145744 -10526.8 145744
-10465.6 143373 -10465.6 143373
-10897.5 130068 -10897.5 130068
-10858.5 132512 -10858.5 132512
-10811.8 134772 -10811.8 134772
-13647.1 135362 -13647.1 135362
-16089.4 135525 -16089.4 135525
-15997 138880 -15997 138880
-15689.8 142219 -15689.8 142219
-15651.9 145995 -15651.9 145995
-15619.7 146265 -15619.7 146265
-16573.7 148186 -16573.7 148186
-16548.1 147380 -16548.1 147380
-17154.8 144216 -17154.8 144216
-18827.9 143094 -18827.9 143094
-18326.9 141774 -18326.9 141774
-17504.3 141625 -17504.3 141625
-17174.8 145710 -17174.8 145710
-18090.9 150644 -18090.9 150644
-18090.9 150673 -18090.9 150673
-18092.1 150633 -18088.7 150626
-18030.8 150644 -18030.8 150644
-18555.2 152770 -18555.2 152770
-17271.6 155070 -17271.6 155070
-16532.5 155226 -16532.5 155226
-15577.4 156092 -15577.4 156092
-15552.9 157826 -15552.9 157826
-16064.9 161838 -16064.9 161838
-17219.3 161974 -17219.3 161974
-19934.4 162175 -19934.4 162175
-22184.2 162718 -22184.2 162718
-24781.3 166327 -24781.3 166327
-24937.1 166494 -24937.1 166494
-25729.7 166910 -25729.7 166910
-26225.1 167090 -26225.1 167090
-26466.6 169876 -26466.6 169876
-26860.7 173409 -26860.7 173409
-26771.6 175960 -26771.6 175960
-26365.3 178055 -26365.3 178055
-25564.9 177920 -25564.9 177920
-25559.4 178042 -25557.1 178053
-25911.1 177042 -25911.1 177042
-26848.5 175003 -26848.5 175003
-26979.8 173469 -26979.8 173469
-26807.3 170339 -26807.3 170339
-26801.7 168335 -26801.7 168335
-26760.5 166200 -26760.5 166200
-26654.8 166151 -26654.8 166151
-26680.4 166026 -26680.4 166026
-26721.5 166060 -26721.5 166060
-26665.9 166020 -26665.9 166020
-26726 165926 -26726 165926
-26179.4 166799 -26179.4 166799
-25123 166509 -25123 166509
-23878.4 165425 -23878.4 165425
-23147.1 163537 -23147.1 163537
-20723.7 161553 -20723.7 161553
-19164.1 159975 -19164.1 159975
-19581.5 156691 -19581.5 156691
-18717.7 155170 -18717.7 155170
-16837.5 155188 -16837.5 155188
-16493.5 155284 -16493.5 155284
-15582.9 155458 -15582.9 155458
-15532.8 158129 -15532.8 158129
-15709.8 161763 -15709.8 161763
-17365.1 163038 -17365.1 163038
-16966.6 162557 -16966.6 162557
-16779.6 162914 -16779.6 162914
-17350.7 162413 -17350.7 162413
-18324.7 162126 -18324.7 162126
-19587.1 156856 -19587.1 156856
-19583.7 152844 -19583.7 152844
-19445.7 150372 -19445.7 150372
-18625.3 150110 -18625.3 150110
-18088.7 150615 -18088.7 150615
-18093.2 150640 -18093.2 150640
-18036.4 150651 -18036.4 150651
-18030.8 151457 -18030.8 151457
-17259.4 152777 -17259.4 152777
-17423 152804 -17423 152804
-19509.2 152797 -19509.2 152797
-20109.2 152801 -20109.2 152801
-20617.9 150573 -20617.9 150573
-19806.4 150566 -19806.4 150566
-18606.4 150108 -18606.4 150108
-18432.7 150119 -18432.7 150119
-18086.5 150644 -18086.5 150644
-18031.9 151134 -18031.9 151134
-18568.5 151316 -18568.5 151316
-18692.1 151270 -18692.1 151270
-18552.9 150116 -18552.9 150116
-18390.4 149233 -18390.4 149233
-18013 148952 -18013 148952
-18350.3 149090 -18350.3 149090
-18599.7 151325 -18599.7 151325
-18705.4 151299 -18705.4 151299
-18551.8 150437 -18551.8 150437
-19050.5 150070 -19050.5 150070
-20528.8 150546 -20528.8 150546
-20828.3 150551 -20828.3 150551
-21941.5 151227 -21941.5 151227
-21942.6 152174 -21942.6 152174
-21329.2 152862 -21329.2 152862
-20711.4 152855 -20721.4 152846
-20644.6 153630 -20644.6 153630
-20648 155144 -20648 155144
-21334.8 156804 -21334.8 156804
-21449.5 156600 -21449.5 156600
-20641.3 155803 -20641.3 155803
-20639.1 155023 -20639.1 155023
-19718.4 154438 -19718.4 154438
-19548.1 153075 -19548.1 153075
-18952.6 152830 -18952.6 152830
-18065.3 152815 -18065.3 152815
-17679.1 152835 -17679.1 152835
-17358.5 152828 -17358.5 152828
-16442.3 152879 -16442.3 152879
-16101.7 152864 -16101.7 152864
-16228.6 155075 -16228.6 155075
-17242.7 154883 -17242.7 154883
-17248.3 152991 -17248.3 152991
-17404.1 152790 -17404.1 152790
-18427.1 152804 -18427.1 152804
-19508 152808 -19508 152808
-21151.1 152813 -21151.1 152813
-21671 152808 -21671 152808
-21746.7 152826 -21760 152824
-21902.5 152821 -21902.5 152821
-21962.6 153153 -21962.6 153153
-21922.6 156166 -21922.6 156166
-21340.4 155994 -21340.4 155994
-21922.6 155591 -21922.6 155591
-20082.5 155193 -20082.5 155193
-19469.1 150715 -19469.1 150715
-19530.3 150043 -19530.3 150043
-19742.9 149388 -19742.9 149388
-18649.8 150101 -18649.8 150101
-18096.5 150139 -18096.5 150139
-18101 150655 -18101 150655
-18098.7 150595 -18098.7 150595
-18103.2 150700 -18102.1 150700
-17250.5 151884 -17250.5 151884
-17269.4 152051 -17269.4 152051
-17257.2 152474 -17257.2 152474
-17243.8 152601 -17243.8 152601
-17258.3 152906 -17258.3 152906
-17257.2 154758 -17257.2 154758
-17273.9 155068 -17273.9 155068
-17269.4 157582 -17269.4 157582
-17270.5 158928 -17270.5 158928
-17250.5 159140 -17250.5 159140
-17253.8 157470 -17253.8 157470
-17260.5 155411 -17260.5 155411
-17252.7 154836 -17252.7 154836
-17267.2 152928 -17267.2 152928
-17265 153912 -17265 153912
-17267.2 154253 -17267.2 154253
-17267.2 158810 -17267.2 158810
-17268.3 158900 -17268.3 158900
-17391.9 163359 -17391.9 163359
-17394.1 163893 -17394.1 163893
-17907.3 164145 -17907.3 164145
-18549.6 163076 -18549.6 163076
-18548.5 163032 -18548.5 163032
-17075.7 162037 -17075.7 162037
-16391.1 161930 -16391.1 161930
-12763.2 161625 -12763.2 161625
-12139.8 161629 -12139.8 161629
-9675.2 161959 -9675.2 161959
-10027 161976 -10027 161976
-10158.3 162615 -10143.9 162615
-10938.7 161509 -10938.7 161509
-11820.3 161598 -11820.3 161598
-15414.8 159910 -15414.8 159910
-15479.4 158719 -15479.4 158719
-14852.7 157835 -14852.7 157835
-14946.2 158065 -14946.2 158065
-15120.9 158338 -15120.9 158338
-15439.3 158501 -15439.3 158501
-21935.9 157310 -21935.9 157310
-21920.3 152857 -21920.3 152857
-20642.4 153191 -20642.4 153191
-20637.9 153400 -20637.9 153400
-20650.2 156488 -20650.2 156488
-20652.4 157007 -20652.4 157007
-20661.3 162195 -20661.3 162195
-20735.9 162549 -20735.9 162549
-21174.5 164550 -21163.4 164550
-21559.7 163375 -21559.7 163375
-21305.9 163116 -21305.9 163116
-19633.8 162228 -19633.8 162228
-19147.4 162273 -19147.4 162273
-16140.6 161807 -16140.6 161807
-16331 161825 -16331 161825
-17285 160240 -17285 160240
-17256.1 159432 -17256.1 159432
-17253.8 155233 -17252.7 155230
-16356.6 152866 -16356.6 152866
-16117.3 152862 -16117.3 152862
-15657.5 152525 -15657.5 152525
-15710.9 152541 -15710.9 152541
-16588.1 152806 -16588.1 152806
-17015.6 152808 -17015.6 152808
-18114.3 150631 -18101 150624
-18033.1 151085 -18033.1 151085
-18468.3 151617 -18468.3 151617
-17655.7 150179 -17655.7 150179
-17252.7 151247 -17252.7 151247
-17236 152757 -17236 152757
-17251.6 151653 -17251.6 151653
-18031.9 151590 -18031.9 151590
-17249.4 152231 -17249.4 152231
-17233.8 152759 -17233.8 152759
-16500.2 152225 -16500.2 152225
-16856.4 152107 -16856.4 152107
-17262.7 154404 -17262.7 154404
-19083.9 155141 -19083.9 155141
-19603.8 156943 -19603.8 156943
-18585.2 164646 -18585.2 164646
-18181.1 168497 -18181.1 168497
-17525.4 169261 -17525.4 169261
-17556.6 169281 -17556.6 169281
-18224.5 167756 -18224.5 167756
-18540.7 164931 -18540.7 164931
-19259.8 159260 -19259.8 159260
-19545.9 157419 -19545.9 157419
-19580.4 156678 -19580.4 156678
-19537 154440 -19537 154440
-17404.1 154442 -17404.1 154442
-17249.4 154407 -17249.4 154407
-17240.5 152781 -17240.5 152781
-17183.7 150435 -17183.7 150435
-16987.8 148574 -16987.8 148574
-17168.1 143936 -17168.1 143936
-18324.7 143431 -18324.7 143431
-18030.8 143987 -18030.8 143987
-17278.3 147260 -17278.3 147260
-18408.2 147278 -18408.2 147278
-19473.5 143638 -19473.5 143638
-19036.1 142849 -19036.1 142849
-17753.7 145091 -17753.7 145091
-17142.5 146623 -17142.5 146623
-17636.8 150192 -17636.8 150192
-18087.6 150631 -18087.6 150631
-18088.7 150602 -18088.7 150602
-18113.2 150584 -18113.2 150584
-18056.4 150602 -18056.4 150602
-18034.2 151615 -18034.2 151615
-18540.7 152813 -18540.7 152813
-17251.6 154384 -17251.6 154384
-17262.7 154551 -17262.7 154551
-17278.3 156724 -17278.3 156724
-17272.8 158385 -17272.8 158385
-17359.6 161927 -17356.2 161930
-17946.2 162644 -17946.2 162644
-17967.4 163023 -17967.4 163023
-18562.9 161870 -18562.9 161870
-18560.7 161890 -18560.7 161890
-18578.5 161843 -18578.5 161843
-18589.7 156825 -18589.7 156825
-17475.4 156822 -17475.4 156822
-15721 156845 -15721 156845
-15566.2 157960 -15566.2 157960
-14526.5 157377 -14526.5 157377
-14529.8 157593 -14529.8 157593
-14985.1 157392 -14985.1 157392
-16203 158439 -16203 158439
-17249.4 155676 -17249.4 155676
-16530.2 155222 -16530.2 155222
-16185.2 155181 -16185.2 155181
-13755.1 155177 -13755.1 155177
-9609.52 154665 -9609.52 154665
-8456.25 155217 -8456.25 155217
-8534.17 154567 -8534.17 154567
-9988 154618 -9988 154618
-18105.4 103534 -18105.4 103534
-3628.32 103534 -3628.32 103534
-18116.6 150524 -18116.6 150524
-18107.6 150551 -18107.6 150551
-17859.4 151615 -17859.4 151615
-17258.3 152739 -17258.3 152739
-17265 155651 -17265 155651
-17262.7 156764 -17262.7 156764
-16968.8 156945 -16968.8 156945
-16953.3 156914 -16953.3 156914
-17251.6 155273 -17251.6 155273
-17509.9 154424 -17509.9 154424
-17269.4 155077 -17269.4 155077
-17271.6 158926 -17271.6 158926
-17271.6 158957 -17271.6 158957
-17411.9 161565 -17411.9 161562
-17416.4 161542 -17416.4 161542
-17387.4 161547 -17387.4 161547
-17674.6 162050 -17674.6 162050
-19021.6 160478 -19021.6 160478
-19540.3 156849 -19540.3 156849
-18079.8 156831 -18079.8 156831
-16966.6 156951 -16966.6 156951
-16996.7 156967 -16996.7 156967
-16954.4 156905 -16954.4 156905
-16953.3 156800 -16953.3 156800
-17248.3 154830 -17248.3 154830
-17993 154420 -17993 154420
-18552.9 152919 -18552.9 152919
-18249 151621 -18249 151621
-18103.2 150646 -18103.2 150646
-18060.9 150568 -18060.9 150568
-18072 150588 -18075.4 150591
-17291.7 151617 -17291.7 151617
-17246 150653 -17246 150653
-17169.2 143684 -17169.2 143684
-17246 141398 -17246 141398
