13598.4 116124 13293.4 116362
13218.8 116908 14972.1 118003
15240.3 115676 15146.8 115049
15337.2 115046 15609.9 114928
15967.2 114686 15662.2 114706
14126 123355 6748.88 130322
1729.49 138005 -3029.42 134765
-10352 135180 -16962.2 135574
-16666.1 140033 -10957.6 139448
-480.206 143241 15.1662 147146
-358.867 148516 -1030.12 147004
55.2412 148500 325.748 148507
1305.36 149865 932.439 162103
-563.695 162377 -1200.44 162117
-1757.04 162123 -1226.05 161422
555.066 157984 610.726 157960
892.364 156526 1214.08 157922
2990.74 158020 6440.53 160393
7698.44 163755 9319.25 169533
13255.5 175914 20010.4 176007
22441.6 180219 24732.5 182795
26544.8 186153 28469.5 193921
29259.9 193767 28505.2 194050
28535.2 194304 28170.1 194377
26671.7 184855 27940.8 175622
28379.4 166774 28354.9 166576
28243.6 166489 28553 166202
28654.3 166233 28319.3 166191
28301.4 166552 28044.3 164822
28238 166394 28215.7 166565
31457.4 173467 31643.3 174019
31151.2 175183 34272.6 183002
39602.6 183590 42390 185280
41145.5 187135 37820.4 194459
29267.7 193769 29273.3 193832
29276.6 193778 29203.1 193400
28184.6 193331 24164.8 186914
17594.7 176014 12552 174803
9632.06 166222 7489.16 163537
4732.89 160877 1529.11 169237
-14617.8 169971 -18550.7 164628
-17689.1 162074 -17359.6 162842
-14072.3 161625 -9838.84 161500
-9578.35 160046 -8853.66 159238
-6797.59 160930 -3161.89 161139
-3476.93 156226 -2195.64 155079
-1240.52 155155 -3596.04 156034
-6396.84 156715 -9105.24 156849
-10408.8 152285 -11687.9 151410
-12400.3 151383 -12905.7 148536
-13042.6 146303 -13511.3 146581
-13929.8 144114 -13834.1 145902
-10893 145581 -11230.3 141572
-9346.8 139456 -9327.88 139472
-9267.77 139463 -695.052 140136
26.2982 140650 -2711.05 139029
-5404.98 139218 -7717.09 138869
-7923.03 138809 -7919.69 139060
-7957.54 139002 -8865.9 139245
-7437.67 139374 36.3169 141111
680.857 143016 -282.057 143462
-1168.16 142507 -546.997 142015
-424.546 141872 -569.261 142104
-440.13 141888 1250.81 143003
1625.96 143370 1727.26 143279
1622.62 144005 1520.21 144426
1446.73 144479 1265.28 149159
1160.64 156014 -605.997 156998
-2389.33 160937 -3185.27 162177
-660.543 160710 -667.222 156061
-1565.57 153438 -2491.75 152690
-4809.42 152614 -7089.24 152891
-7616.9 149611 -7810.59 147496
-7833.97 148248 -7985.37 149515
-8076.65 151125 -8231.38 152093
-7616.9 149758 -7854.01 147349
-7881.84 145989 -6498.14 143631
-2934.8 143520 -2766.71 142703
-2780.07 142166 -1785.98 141240
-1229.39 140060 -793.013 139944
-807.485 140064 -14.89 140999
-8069.97 143495 586.235 143495
982.533 143593 1269.74 146131
187.711 152585 1260.83 152053
4180.74 152686 4434.55 143702
3967.01 135358 10231 126782
15617.7 119677 15402.9 114287
15740.2 116516 15806.9 116994
15785.8 116923 15593.2 119533
10550.4 126530 6019.74 133385
10016.1 144611 10960.1 163103
7591.57 170788 10227.6 181083
11874 184167 14918.6 186689
20924.3 186300 26576 186133
28159 194825 29332.3 194281
29261 193769 29233.2 193751
29027.3 194524 28941.5 194595
28947.1 194546 29254.3 193769
26547.1 186097 22418.2 182559
19152.1 175992 11921.9 174057
9659.89 165708 7107.33 162097
5025.66 159892 4880.94 159812
5303.96 159256 1364.36 157951
-1208.23 157971 -675.015 155941
1091.63 153251 1004.8 152652
1208.51 158888 244.484 160917
1050.44 160393 1253.04 156502
3637.5 152681 15552 114931
15750.2 116890 15742.4 116856
16024 119780 16095.3 121291
15074.5 121786 11803.9 126808
13344.6 134790 10851 138677
8829.44 141736 9271.38 152318
6487.28 152657 5534.39 146812
5487.63 146864 5493.2 146790
5541.07 146799 5505.44 146902
5484.29 146861 5444.22 146937
5765.93 148654 4221.93 149413
3351.41 151027 3046.4 152296
3082.02 152528 3231.19 152717
29255.5 193749 29259.9 193785
28171.2 193633 25506.2 186324
22427.1 180424 17906.4 175994
10589.4 171581 7485.82 163539
5174.82 159888 3277.94 160843
3969.23 164777 2115.77 167391
-3774.15 169577 -5251.36 165227
-4506.63 164127 -3151.87 164107
-1514.36 163722 -1357.4 165590
-1905.09 164768 -3962.28 163991
-3466.91 162228 -3263.19 158430
-3500.3 154509 -3554.85 153109
-454.602 153710 657.48 155660
910.175 155208 1376.6 155422
746.535 152608 378.068 150789
71.9392 148525 587.348 148462
586.235 148344 546.16 148838
1136.15 150526 1211.85 158517
650.801 159374 659.706 158209
1710.56 156019 2417.44 156007
747.648 155963 -3287.68 156048
-6911.13 156858 -7424.32 158267
-6214.27 158192 -5942.65 158167
-5842.47 159645 -5527.43 159663
-4528.9 157130 -3470.25 156201
-926.597 154750 -1698.04 149522
-524.733 149522 591.801 149431
890.137 149135 896.817 149484
-1010.09 149126 -1883.94 145165
-5049.87 143384 -5826.88 143092
-3468.02 143513 -1861.68 145388
-1566.68 145434 -1912.89 146984
-2318.09 145352 -3791.96 145517
-2115.49 145998 -2630.9 147024
-1657.97 147060 3095.38 147017
3148.81 147574 2308.35 147656
2313.91 147703 1944.33 147957
1240.79 145307 1047.1 151174
-415.64 153688 -2059.83 156194
-3522.57 155673 -3555.96 153017
-3628.32 151052 -4375.27 149233
-2043.13 149157 -2649.82 150232
-1302.86 149121 431.501 149780
168.787 149164 34.0905 149375
-1172.61 149137 -1730.32 147233
-2239.05 146403 -1563.34 147104
474.916 147015 2529.87 147026
3089.81 148142 4893.19 146946
5758.14 149037 3920.25 149404
7494.72 148522 7325.52 147616
7488.04 149170 8924.07 149435
8953.01 149522 8955.23 149500
8693.63 151635 13776.5 162738
18269.3 163452 19241.2 171191
21183.7 178164 21878.3 178242
22606.3 187640 22673.1 187658
26521.5 186155 28169 192832
29186.4 193395 29141.9 193449
29263.2 193783 29248.8 193687
29254.3 193743 29239.9 193778
29243.2 193751 29253.2 193771
29283.3 193720 29269.9 193736
29257.7 193803 29259.9 193767
29266.6 193800 29277.7 193776
29168.6 193776 28983.8 194520
29266.6 193792 28280.3 194862
28191.2 194386 28796.8 193936
29269.9 193763 29266.6 193776
29265.5 193767 29190.9 193420
29269.9 193787 28510.7 194070
29259.9 193758 29267.7 193771
29267.7 193783 29268.8 193771
28891.4 193938 28688.8 193985
29255.5 193785 29091.8 193491
29187.6 193417 28182.3 194393
28167.9 194341 28160.1 194246
28734.5 193861 28708.9 193562
29266.6 193796 29267.7 193767
29265.5 193807 31036.6 193979
31341.6 187985 32603.9 187896
34957.2 187880 37955.1 190516
37165.8 191783 37052.3 194373
35586.2 198772 34935 201085
31485.2 203176 31478.5 204300
31511.9 204302 28147.8 200631
29216.5 196826 29197.6 196859
29198.7 196813 29274.4 193774
29212 193805 29265.5 193780
29180.9 193406 29104.1 193524
29249.9 193769 29301.1 193751
29257.7 193769 29243.2 193760
29245.4 193765 29275.5 193778
29237.6 193794 29247.7 193780
29347.9 194353 27238.3 187727
22500.6 185712 21958.5 178325
23151.8 168820 23917.7 159977
23079.5 155981 21594.4 153164
20709.5 153073 20736.2 153035
17361 152390 16227.7 151766
14837.4 150669 14859.6 150488
14069.3 151129 11988.7 150838
11570.1 150172 11543.4 149491
11561.2 150246 11553.4 150844
8823.88 150671 6338.11 150982
2942.87 150976 289.012 149457
-1965.21 149003 -3848.73 149101
-1313.99 149012 9.60025 149662
661.932 152643 750.988 157940
-1093.58 157121 -1096.92 155921
-2793.42 156001 -3277.66 158659
-561.469 159968 -457.942 158949
74.1656 160391 -558.129 159953
-279.83 159826 644.121 160819
-552.563 159939 615.178 159781
2642.31 161175 1477.9 160977
-125.096 160868 -1662.42 158016
-4612.39 157141 -7150.47 156869
-6509.27 156778 -4259.5 156174
-3229.8 159478 479.369 163130
990.325 162397 289.012 162927
224.447 163134 -1236.06 161694
-6311.12 158773 -6419.1 158779
