-2902.52 139058 -11011 139441
-15771.1 141151 -15586.3 147589
-15603 150807 -15591.8 151982
-15541.7 149331 -14181.4 141879
-14756.9 137593 -13710.5 135471
-3589.36 139158 965.835 142413
2997.42 138933 5447.56 138499
4745.13 140136 2149.16 138210
620.744 139603 1278.64 143820
1264.17 148407 1913.16 152659
8848.37 152476 9368.23 150789
10372.3 150428 10184.2 149656
9237.99 150740 8542.24 150655
7690.65 150762 4349.95 151058
3026.36 152537 783.271 152670
-4207.18 152699 -8398.36 152922
-10450 153071 -13688.3 155126
-15238.9 155242 -12055.2 155088
-10446.6 154580 -10379.8 153634
-8078.87 152933 -7522.28 152926
-7179.41 154487 -8910.43 154585
-11721.2 154965 -14089 154565
-12932.4 152882 -12570.6 150417
-11821.4 147574 -12789.9 141712
-11607.7 141485 -10880.8 145437
-15614.1 145430 -16554.7 146461
-15854.5 144929 -11662.2 146227
-10116 144584 -6119.65 145552
-4253.94 145437 -2793.42 143615
-1365.2 141251 1584.77 141500
4406.72 144896 3236.75 149353
3082.02 151063 1362.13 151423
1222.98 155694 -2492.86 163771
-2962.63 165467 -4010.15 164083
-3491.4 160469 -3937.79 160476
-3277.66 157987 -3547.06 153612
-3641.68 149322 -1749.25 148213
-3531.47 139080 -1711.4 139069
1968.82 141872 5657.95 149382
10212 149255 15665.6 148852
23403.4 145853 21293.9 148502
14769.5 148952 7985.64 149170
6555.19 142023 5978.55 139247
5828.27 139548 2839.34 141957
2954 141790 1492.38 143399
-313.226 140554 345.785 141451
521.67 143845 -1084.67 145319
-1221.59 146381 -1188.2 145314
649.687 141941 1241.91 150555
782.158 162301 -11056.7 165396
-15419.3 159890 -14153.6 155193
-12124.2 155099 -10845.2 154725
-10866.3 153619 -8712.28 154547
-3520.34 156010 -1062.41 156061
965.835 156045 1074.93 155961
1188.47 155972 2895 152659
910.175 153207 -828.636 160981
-8446.23 160977 -8450.68 153055
-8078.87 150662 -8526.38 143733
-10383.2 139441 -11051.1 145563
-12797.7 146583 -10448.9 145537
-962.219 139779 3978.14 135382
5507.67 138377 5041.24 140476
4403.38 146361 5002.28 152470
5713.61 151045 4406.72 151368
5585.59 152102 7561.51 150813
10468.1 150907 11600.2 150913
9435.02 150762 8653.56 150657
7495.84 146870 6587.47 142135
4835.3 140269 4405.61 136698
2421.89 132332 626.31 132343
-413.414 133868 -2891.39 133000
-5014.25 131664 -4743.74 133274
-2745.56 138176 -238.642 140227
632.989 141890 1319.83 143633
2001.11 142317 1132.81 142268
621.857 143152 -474.64 141823
1271.96 143197 1278.64 152677
1489.04 152581 850.062 151679
31.8642 149649 15.1662 147084
-3887.7 147071 -6843.23 147100
-10474.5 149322 -10399.9 152116
-12530.5 155070 -14507.6 155215
-14428.5 155322 -11484.1 155037
-10399.9 152176 -8596.51 151245
-8685.57 150205 -11785.8 148910
-8450.68 156499 -8472.94 159478
-9611.74 160258 -8874.81 159318
-8476.28 152659 -8507.45 149511
-9897.83 147289 -15424.8 145212
-17793.7 144490 -15080.9 145548
-12848.9 142881 -12036.3 140238
-5760.09 139256 520.557 141879
4401.15 136580 5961.85 139241
5831.61 139552 4436.78 139347
1431.15 139668 659.706 139626
-2042.02 141273 -6102.95 143611
-8936.03 143778 -10519 146870
-10641.4 150410 -10533.5 147282
-10405.5 146071 -11051.1 144688
-12035.2 140158 -9233.26 139396
-7938.61 138239 -8863.68 140648
-9893.38 144165 -10519 147055
-11941.7 149299 -11724.6 146182
-10254.1 146087 -10494.5 145225
-9331.22 139481 -7724.88 137482
-5351.55 139768 -3539.27 141115
-1549.99 139114 1039.31 144744
2.92109 145314 -1572.25 145463
1267.51 147218 1205.17 152069
19.619 151163 26.2982 148999
889.024 147033 1299.79 143698
1501.28 140398 -24.9088 140933
67.4864 139047 -10988.8 139419
-15669.8 142642 -15584 155181
-15335.8 155222 -15541.7 151247
-15558.4 145136 -14356.2 139612
-13666 137515 -10810.7 137486
-8932.69 139234 -6255.46 139292
-4710.35 142213 -5445.05 141407
-2807.9 139111 4249.76 138646
5911.76 139980 4667.21 140015
3592.97 135741 3036.38 131121
2730.25 134554 3476.09 140392
4238.63 146977 2065.67 147872
3120.98 146999 6131.06 146258
7345.55 146933 7501.4 149244
6542.94 152655 3114.3 152049
3082.02 152358 3126.55 152628
4032.69 164109 6783.39 173226
4420.08 172910 4139.55 163152
7375.61 163426 3058.64 156635
3348.07 152648 499.406 151526
-1817.15 145920 -9222.13 142829
-9876.68 142039 -7390.92 139370
496.066 141739 2841.57 139214
4397.81 134966 -463.508 143297
-1611.21 153316 -4977.51 154643
-4610.16 147193 -3485.83 142542
-1237.18 141240 1904.26 140861
4672.77 136609 4712.85 137471
5505.44 137437 5408.6 140260
5833.84 139552 4472.4 138435
2174.76 140358 1824.11 141026
73.0524 143820 -1125.86 144450
-1043.48 141229 1278.64 143319
1094.97 147316 1303.13 143566
-132.889 142331 442.633 139403
-719.542 146421 -869.824 148520
-1015.65 149241 -639.392 145526
-1190.42 142384 -887.635 141240
-314.339 140394 70.826 141222
3613.01 135761 4428.98 134282
8106.98 126744 11191.6 118680
18001.1 106012 24340.7 106334
32914.5 103968 41141 98916.1
49463.3 97978.8 59174.8 99766.6
68470 99800 73123.1 99328
74924.3 96133.1 74595.9 97184
73120.9 99617.4 73564 99837.9
72883.8 99136.5 72961.7 99136.5
72984 99303.5 72951.7 99069.8
70974.7 112464 65414.3 134080
58315.4 151949 72948.4 99138.8
73541.7 99610.8 73115.3 99381.4
74922.1 100606 75000 101025
72985.1 99020.8 74849.7 101076
74039.3 99844.5 72972.8 99105.4
72903.8 100980 72631.1 98869.4
76588.5 97736.1 75984 98052.3
77431.2 93873.4 79608.6 89943.8
78670.2 92887.1 76346.9 98257.1
73463.8 98804.8 72946.1 99087.6
72957.3 99121 74809.6 99844.5
73624.1 98809.3 72951.7 99125.4
72933.9 99105.4 72929.4 99138.8
72872.7 98787 72935 99132.1
73059.7 99049.7 72981.8 99105.4
73614 98838.2 76998.2 95258.2
79488.4 89954.9 79672.1 89832.5
79397.1 89576.4 80537 87755.2
80109.5 89569.7 78957.4 90003.9
77130.6 96988.1 74223 99833.4
