-4650.23 164621 -4649.12 164561
-4688.08 164532 -4688.08 164532
-4704.78 164537 -4704.78 164537
-4713.69 164539 -4772.69 164528
-4769.35 164499 -4791.61 164192
-4754.87 164183 -4513.31 164192
-4476.58 164209 -4476.58 164209
-4471.01 164216 -4426.48 164198
-4405.33 164105 -4329.63 164116
-4290.67 164187 -4281.77 164149
-4123.69 164127 -4123.69 164098
-4099.2 164127 -3581.57 164147
-3344.46 164127 -3227.57 164091
-3130.72 164116 -3013.84 164005
-2559.65 163913 -2345.92 163909
-2045.36 163864 -2039.79 163809
-1410.84 163731 -569.261 163758
-569.261 164744 -374.452 169168
-324.358 169482 -324.358 169482
-314.339 169479 -372.226 167865
-344.396 167266 -344.396 167266
-344.396 167255 -388.924 166681
-411.187 166625 -411.187 166625
-420.093 166618 -1168.16 166569
-1433.1 166496 -1752.59 166358
-1777.08 166313 -1855 166229
-1858.34 166069 -1863.91 165772
-1893.96 165757 -2426.07 165761
-2431.64 165779 -2445.44 166406
-2428.3 166396 -2418.28 164521
-2434.98 164521 -2431.64 164181
-2440.54 164243 -2420.5 163960
-2106.58 163913 -2067.62 163847
-1669.1 163769 -1580.04 163726
-1387.46 163702 -1383.01 163637
-1409.72 163624 -2017.53 163671
-2023.09 163642 -2078.75 163101
-2184.51 162640 -2186.73 162199
-2136.64 162134 -2136.64 162134
-2119.94 162134 -2119.94 162134
-2114.38 162134 -1878.38 162117
-1861.68 162155 -1841.64 162161
-1838.3 162190 -1824.94 162644
-1808.25 162640 -1861.68 162077
-2138.87 162110 -16849.7 162110
-2481.73 162132 -2849.08 162168
-2986.01 162350 -2986.01 162350
-2999.37 162346 -3194.17 162277
-3207.53 162246 -3647.25 160926
-4616.84 160721 -11262.6 161086
-11283.8 154765 -11233.7 154741
-11201.4 154781 -11195.8 154952
-11218.1 154977 -13487.9 155148
-13522.4 155130 -13752.8 155159
-13752.8 155121 -14264.9 155110
-14311.7 155099 -14311.7 155099
-14320.6 155099 -14320.6 155099
-14329.5 155097 -14329.5 155097
-14337.3 155081 -14335 152817
-14148 152848 -13048.2 152922
-12797.7 152895 -8524.15 152939
-6581.63 152888 -4878.44 152810
-4871.76 152844 -4839.48 154264
-4799.4 154340 -4454.31 154364
-4287.33 154335 -4203.84 156072
-4154.86 156105 -3535.93 156101
-2724.41 156012 -2540.73 155972
-2550.75 156045 -2531.82 156039
182.145 155967 234.466 155921
989.212 156068 1061.57 156072
1094.97 156043 2813.74 156005
2837.12 156032 2837.12 156032
2847.13 156016 2847.13 156016
2861.61 156016 2861.61 156016
2878.3 156021 5029 156039
5154.79 155994 5154.79 155994
5138.09 155999 4455.7 155967
4605.98 155010 4523.61 154870
4557 154068 4477.96 154013
4503.57 153819 4529.17 153585
4750.7 153115 4800.79 153000
4807.47 152683 4728.43 152559
4681.68 152543 4575.93 152454
4561.45 152405 4484.64 152171
4456.81 152147 4433.44 151815
1742.84 147004 1456.75 146848
1397.75 146993 1330.96 146995
1250.81 147055 1219.64 148146
1163.98 148153 587.348 148195
560.632 148269 542.821 148473
512.764 148525 203.296 148513
203.296 148484 270.088 147964
221.107 148102 221.107 148102
223.334 148117 206.636 148458
193.277 148473 6.26067 148507
4.03428 148480 4.03428 147696
-8.21086 147694 -8.21086 147694
-4.87128 147712 17.3926 148520
36.3169 148529 36.3169 148529
53.0149 148520 206.636 148496
418.143 148520 520.557 148507
573.99 147790 585.122 147033
599.594 147026 1867.52 147044
1863.07 147071 1863.07 147071
1863.07 147077 1863.07 147077
1861.96 147095 1889.79 149331
1915.39 149342 4381.12 149453
4384.46 149520 4369.98 152570
4310.99 152866 4356.63 153022
4406.72 153073 4477.96 153089
4539.19 153060 4998.94 152748
11581.3 152450 17500.1 152550
17739.5 152781 18368.4 153285
18755.8 153193 19178.8 153040
20620.4 153115 20758.4 153249
20862 153474 21559.9 155571
21682.4 155743 23457.9 156784
23675 156967 23461.3 158543
23353.3 158681 23307.7 159071
23765.2 159360 23992.3 159550
23997.8 159530 24209.3 157849
24232.7 157860 25036.4 159156
25108.8 159227 26236.5 158292
28423.9 156684 26472.5 153396
25481.7 152325 25446.1 152258
25465 152225 25991.6 151637
26171.9 151564 26171.9 151564
26175.2 151568 27073.6 150934
27941.9 150524 28785.7 150388
31120.1 151040 31819.1 151218
31832.5 151256 31996.1 152514
31919.3 153029 31780.2 153730
31395 157724 32183.2 159461
32714.2 163958 32743.1 164058
35895.7 167498 36838.5 170377
36861.9 170559 36789.6 171307
36477.9 173008 36448.9 173522
36955.4 176582 37578.8 179360
39316.5 183174 40066.8 184285
40317.3 184369 42437.9 184975
42702.9 185200 43890.6 186834
44069.9 187170 45035 189305
45057.3 189305 46701.4 189829
46704.8 189780 46704.8 189780
46713.7 189780 46713.7 189780
46729.3 189780 46691.4 189857
46061.4 189768 46072.5 190543
46094.8 190586 47639.9 193453
47643.2 193397 47642.1 192848
47745.6 192852 47803.5 192496
47782.4 192491 47721.1 192451
47714.5 192425 47692.2 192358
47662.1 192344 47662.1 192344
47671 192335 47740.1 192496
47797.9 192507 47736.7 192868
47623.2 192885 47623.2 192885
47620.9 192901 47614.3 193426
47096.6 192122 43941.8 186892
42480.2 184975 39933.2 184151
39244.2 182982 37387.3 178608
37317.2 178209 36471.2 173166
36869.7 170432 35836.7 167389
32793.2 164080 27724.8 161420
25780.1 160307 23491.3 156651
23446.8 156718 23444.6 156744
22973.7 156473 21680.2 155698
21535.5 155493 20786.3 153285
20637.1 153100 19139.9 152955
17958.8 152784 17900.9 152632
17386.6 152387 17197.3 152354
17208.5 152225 17208.5 152225
17194 152216 16752.1 152102
16745.4 152053 16726.4 151898
16762.1 151715 16689.7 151630
16657.4 151635 16145.4 151768
15674.5 151690 15674.5 151690
15665.6 151682 15739 150800
15632.2 148988 15532 145290
15540.9 145285 15721.2 145163
15766.9 145091 16067.4 144911
16047.4 144746 16103.1 144673
16080.8 144473 16080.8 144473
16071.9 144466 16086.4 144729
16055.2 144751 16055.2 144751
16044.1 144757 16061.9 144936
15743.5 145118 15507.5 145319
15498.6 145356 15557.6 147233
15671.1 149898 15225.9 150067
14865.2 150034 14815.1 148992
14798.4 148959 12726.7 149070
8188.24 149159 7868.76 149204
7609.38 149326 7529.23 149342
7606.04 150691 7584.89 150769
6993.79 150856 6015.29 150929
5947.38 150945 5865.01 150925
5863.89 150985 5780.4 150922
5622.33 150918 5475.39 150896
5299.5 150913 4395.59 150989
4369.98 151023 4505.79 152038
4807.47 152027 4854.22 152398
4907.66 152427 4963.32 152405
4973.34 152209 5021.2 152198
5007.85 152225 5007.85 152225
4990.03 152227 4971.11 152216
4868.7 152503 4826.39 152343
4815.26 152225 4793 152053
4467.95 152020 4434.55 151181
4306.53 150996 3596.31 151063
3178.87 151029 2213.73 150851
1305.36 150210 1305.36 150210
1299.79 150199 1280.87 145334
679.744 145307 679.744 145307
665.272 145312 665.272 145312
648.574 145314 -1136.99 145341
-1743.68 145323 -1743.68 145323
-1754.81 145312 -1819.38 144858
-1813.81 143731 -1875.04 143593
-1966.32 143508 -2217.9 143426
-6669.57 143604 -8267 143633
-8882.6 143727 -9786.51 144332
-10162.8 144535 -10404.3 144628
-10426.6 144595 -10524.6 143021
-10544.6 143030 -10487.8 143609
-10500.1 144644 -10513.4 144680
-10541.3 144673 -10580.2 144666
-10527.9 144673 -10513.4 144706
-10594.7 144951 -10591.4 145659
-10615.8 145653 -10660.4 145586
-10647 145541 -10578 145526
-10633.7 145445 -10483.4 145514
-10433.3 145575 -10487.8 145657
-10507.9 145641 -10485.6 145051
-10415.5 144855 -10324.2 144735
-8776.85 143720 -8255.87 143664
-7953.08 143704 -7964.21 143566
-8034.35 143571 -8707.83 143622
-8713.4 143593 -8718.96 143170
-7950.86 143143 -7964.21 143488
-7906.33 143756 -7838.42 143860
-7880.73 144666 -7880.73 144666
-7882.95 144677 -8570.91 145252
-8635.47 145274 -8684.45 143738
-8615.43 143711 -8587.6 143682
-8513.02 143682 -8501.89 143700
-8164.59 143709 -7791.67 143820
-6881.08 144722 -6377.91 145414
-6263.25 145463 -6155.27 145474
-6112.97 145512 -6030.6 145546
-4860.63 145419 -3948.92 145474
-3937.79 145537 -3871 145597
-3839.83 145601 -3748.55 145592
-3747.43 145624 -3748.42 145910
-3720.72 145998 -3686.21 147026
-2806.78 147026 -2016.41 147026
-1816.04 147100 -1749.25 147093
-1672.44 147026 -764.07 147028
-747.372 147040 -719.542 148413
-703.958 148525 -1399.7 148509
-1416.4 148480 -1504.34 147785
-1521.04 147774 -1758.15 147763
-1755.93 147728 -1836.08 143831
-1863.91 143644 -1783.76 143520
-492.451 143386 5371.86 132788
7882.11 128514 14077 123426
15006.6 121596 15613.3 119911
15438.5 115095 15509.7 114955
15579.9 114890 15874.9 114817
15878.2 114788 15854.8 114323
15828.1 114260 15828.1 114260
15810.3 114254 15749.1 114160
15724.6 114171 15407.3 114283
15242.6 114423 15245.9 114612
15290.4 114728 15346.1 114788
15420.7 114813 15540.9 114706
15579.9 114588 15588.5 114281
15599.9 114528 15604.3 114946
15527.5 114968 15527.5 114968
15524.2 114957 15431.8 115202
15387.3 115890 15410.7 116404
15449.6 116525 15711.2 116525
15743.5 116516 15975 119232
15916 119748 15838.1 119889
15883.8 119886 15362.8 121136
15199.1 121452 14557.9 123077
14205.1 123883 14123.8 124150
13857.7 124508 13851.1 124562
13757.6 124620 13064 125065
12867 125241 12312.6 125648
12282.6 125682 12021 125815
11770.5 125998 11624.7 126078
11585.7 126138 12622.1 129596
12744.6 130451 13572.8 138132
14077 141629 14514.5 141739
14859.6 141734 14969.8 142164
15245.9 144599 15493 145223
15487.5 145686 15666.7 149934
15182.4 150083 15143.5 150045
14308.6 150121 14084.8 151497
5266.11 152703 4080.55 152670
4052.72 152670 3320.24 152643
3290.19 152661 3000.75 152666
2958.45 152655 2948.43 152559
1494.6 152672 1394.41 152715
276.767 152639 -3279.89 152661
-3881.02 152677 -3897.71 152666
-3903.28 152666 -3964.51 152632
-3982.32 152666 -4075.83 152632
-4103.65 152599 -4118.13 152610
-4114.79 152581 -4093.64 152470
-4114.79 151920 -4088.07 152136
-4065.81 152149 -3875.45 152205
-3850.96 152180 -3742.98 152176
-3728.51 152142 -3700.68 152265
-3647.25 152231 -3647.25 152231
-3637.23 152243 -3525.91 154707
-3522.57 154725 -3519.23 154970
-3558.19 155155 -3525.91 155259
-3491.4 155282 -3485.83 156090
-3463.57 156101 -2515.13 155983
-2489.52 155961 -1421.97 155979
-1327.35 155967 -1131.42 155938
492.727 155990 638.555 156050
1195.15 156023 1715.01 155994
4336.59 156043 5051.26 156023
5074.64 156005 5152.56 155987
5126.96 155979 4434.55 155956
4431.21 155921 4425.64 154418
4473.51 153374 4522.49 153322
4525.83 153162 4800.79 152844
4811.92 152795 4801.9 152583
4770.73 152565 4575.93 152461
4557 152403 4514.7 152203
4464.61 151123 4492.44 151067
4740.68 151114 5975.21 150989
7544.82 150800 7606.04 150651
7567.08 150221 7486.93 148246
7506.97 148195 7461.39 147547
7459.1 147750 7459.1 147750
7450.2 147756 7450.2 147756
7440.18 147741 7433.5 147627
7383.4 147572 7262.07 147634
7152.97 147607 7152.97 147607
7147.41 147596 7147.41 147596
7139.61 147612 7144.07 147634
7177.46 147656 7292.12 147696
7303.25 147674 7436.84 147690
7459.1 147756 7520.33 149371
7540.36 149382 7687.31 149359
7873.21 149277 7873.21 149277
7878.78 149286 7878.78 149286
7882.11 149299 7896.59 149927
7848.72 150372 7902.15 150689
7878.78 150691 7770.8 150729
7700.66 150684 7679.51 150744
7637.21 150767 7572.65 150722
7561.51 150746 7509.19 150791
7453.53 150733 7156.31 150844
7134.05 150885 6982.65 150891
6910.3 150925 5870.57 150945
5850.53 151089 5597.84 151103
5162.58 150980 4980.02 151018
4614.89 151023 4479.08 150996
4361.08 151141 4392.25 151325
4334.36 152280 4266.46 152499
4266.46 153006 4355.51 153200
4462.38 153211 4831.96 152884
4857.56 153196 4865.36 153518
4951.07 153505 5313.97 153494
5313.97 153474 5301.73 153452
5241.62 153456 5123.62 153501
5049.03 153489 4509.13 153456
4501.34 153438 4522.49 153193
4587.06 153084 4807.47 152833
4811.92 152614 4578.15 152459
4561.45 152414 4511.36 152198
4461.27 152125 4634.93 151363
5007.85 152454 4557 151735
4573.7 151686 4683.91 151548
5655.72 151025 6031.98 151011
6059.81 151000 7818.66 150780
7884.34 150751 7884.34 150751
7893.25 150751 7913.28 150744
7917.74 150762 8046.87 151748
8639.09 151657 8830.56 151648
8836.12 151693 8876.2 152414
10188.7 152617 10434.7 152855
10522.6 152859 10628.4 152817
10704.1 152695 10778.6 152581
10895.5 152521 12190.2 152454
12192.4 152476 12199.1 152510
12212.4 152516 12234.7 152592
12243.6 152561 12268.1 152470
14002.5 152191 13990.2 152171
13553.8 152227 11652.5 152372
11605.8 151348 11591.3 150974
12527.5 150891 12527.5 150891
12533 150907 13556.1 151018
14079.3 151136 14138.3 151156
14163.9 151096 14324.2 150116
14561.3 150076 15466.3 150050
15668.9 149934 15668.9 149934
15674.5 149949 15733.5 151025
15722.3 151129 15616.6 151704
14987.6 151370 12677.8 150891
12560.9 150878 11269.6 150911
10494.8 150856 10494.8 150856
10475.9 150858 8371.92 150655
7765.23 150740 7609.38 150800
6943.69 150878 4605.98 151040
4611.55 151078 4742.91 151074
4746.24 151134 4974.45 151085
5913.99 151025 5913.99 151025
5920.67 151034 6375.96 150951
6599.71 150947 6677.64 150907
6360.38 150911 4492.44 151011
4245.31 151067 4280.93 151067
4303.19 151134 4334.36 151163
4253.1 152336 4267.57 153084
4238.63 153111 3949.2 153104
1388.85 153474 1314.26 153463
1312.04 153385 1323.17 153055
1336.53 153051 1516.87 153118
1514.64 153160 1514.64 153160
1520.21 153171 1598.13 153029
1659.36 153040 1659.36 153040
1667.15 153037 1667.15 153037
1676.05 153022 1739.51 152706
2814.85 152726 2911.7 152766
3034.15 152737 3108.73 152706
3657.54 152717 3744.37 152639
4113.95 152759 4378.89 153218
4505.79 153173 4800.79 152855
4813.04 152804 4779.64 152572
4642.72 152516 4567.02 152443
4509.13 152194 4462.38 152149
4436.78 152176 4473.51 151100
4500.23 151063 5892.84 151003
6206.76 150958 7598.25 150829
7600.48 150856 7598.25 151201
7584.89 151207 7442.4 151212
7433.5 151236 7450.2 151370
7492.5 151374 7492.5 151374
7494.72 151385 7481.36 151503
7486.93 151412 7486.93 151412
7484.7 151401 7484.7 151401
7472.46 151401 7427.93 151392
7425.7 151345 7423.48 151325
7427.93 151252 7427.93 151252
7439.06 151241 7594.91 151207
7596.02 150824 7596.02 150824
7587.12 150811 7490.27 148776
7489.16 146714 7489.16 146714
7479.14 146703 7479.14 146703
7464.67 146706 7249.82 146717
7247.59 146766 7262.07 146848
7278.76 146881 7339.99 146917
7333.31 146944 7333.31 146944
7333.31 146959 7178.58 146922
7167.44 146928 7167.44 146928
7155.2 146926 7071.71 146877
7067.26 146755 7459.1 146761
7473.57 147104 7512.53 149299
7545.93 149344 7879.89 149293
7882.11 149308 7887.68 150038
7854.28 150361 7904.38 150617
8068.02 152191 8073.58 152516
7670.61 152695 6813.45 152659
6827.92 152583 7032.75 152581
7138.5 152481 7125.14 151857
6919.2 151746 6928.11 151686
6791.18 151508 6754.45 151170
6754.45 151141 6754.45 151141
6748.88 151123 6760.01 150956
7167.44 150880 7878.78 150758
7937.77 150729 8321.83 150669
8455.41 150680 10492.6 150867
10503.7 150862 11541.2 150925
14045.9 151145 14045.9 151145
14057 151147 14057 151147
14068.1 151134 14068.1 151134
14080.4 151145 14171.7 151223
14903 151401 14893 151786
14876.3 151786 14876.3 151786
14859.6 151791 14900.8 151759
14900.8 151646 14900.8 151336
14867.4 151325 14157.2 151118
14162.8 151080 14321.9 150121
15140.1 150087 15140.1 150087
15140.1 150072 15121.2 150061
14305.2 150110 14294.1 150128
14199.5 150934 14199.5 150934
14188.4 150922 14088.2 151459
14104.9 152091 13570.5 152243
5889.5 152692 4403.38 152516
4299.85 152632 3871.27 153229
-734.014 153846 -814.164 154013
-847.56 154235 -823.07 155898
-903.22 155901 -2344.81 155923
-3431.29 156034 -3845.39 156076
-3904.39 156054 -5200.15 156201
-6077.35 156602 -7120.41 156829
-7960.88 156889 -9213.22 156896
-9272.22 156878 -10138.3 156869
-13096 156735 -13814.1 156702
-14292.7 156789 -14348.4 156802
-14348.4 156355 -14250.4 156005
-14214.8 156001 -13532.4 155976
-13474.5 155923 -13460.1 155248
-9826.59 154669 -8485.19 154640
-8472.94 154658 -8435.1 156339
-8437.32 156444 -8420.62 156889
-8392.79 156914 -7387.58 156889
-5895.9 156524 -3652.81 156094
-2678.77 155979 -1282.82 155943
1077.15 155990 3006.32 156021
3034.15 156001 3064.21 155938
3097.6 152766 3125.43 152706
3175.53 152703 4138.44 152784
4217.48 152882 4477.96 153229
4512.47 153184 4893.19 152821
5096.9 152759 7108.44 152781
8813.86 152432 8813.86 152432
8822.76 152432 8822.76 152432
8839.46 152427 8839.46 152427
8850.59 152436 8850.59 152436
8853.93 152450 8869.52 152521
8911.82 152516 9059.87 152521
9059.87 152537 11767.2 149920
11970.9 149889 12084.6 149853
11969.8 149856 11566.8 149923
11557.9 150116 11552.3 150889
11383.1 150900 9366 150758
8633.52 150662 8452.07 150657
8463.2 150600 8544.47 152343
1907.6 152643 768.799 152632
694.215 152550 -1674.66 152583
-1683.57 152559 -1676.89 152321
-1657.97 152309 -1626.8 152528
-1613.44 153351 -1630.14 153362
-1836.08 153362 -2556.31 153389
-2570.79 153367 -2620.88 153189
-2628.67 153267 -2609.75 153222
-2609.75 153345 -2623.11 153374
-2846.86 153400 -2863.56 152688
827.799 152661 1116.12 152715
1303.13 152695 1342.09 152721
1358.79 152770 1581.43 152728
1622.62 152643 2340.63 152681
2357.33 152659 3073.11 152688
3097.6 152405 3089.81 152276
2976.26 152383 3073.11 151129
4342.15 151074 4342.15 151074
4353.29 151078 4375.55 151107
4466.83 151112 4548.1 151078
4633.81 150922 5859.44 151007
7495.84 150813 7637.21 150789
7659.48 150758 8544.47 150666
8797.16 150695 10522.6 150902
10520.4 150929 12574.2 150891
13568.3 151036 13667.4 151096
14052.6 151196 14079.3 151212
14158.3 152922 14158.3 152922
14155 152937 14177.2 153489
14157.2 153496 13876.7 153463
13862.2 153485 13851.1 153645
13876.7 153656 13876.7 153656
13878.9 153639 13887.8 153478
13934.6 153472 14186.1 153472
14188.4 153440 14158.3 152238
14177.2 152231 17522.4 152614
17725 152826 18056.7 153338
18159.1 153362 18655.6 153271
18772.5 153371 18908.3 153305
18919.4 153267 18972.9 153104
19047.5 153078 20286.4 153017
20647.1 153138 20775.1 153307
20971.1 153868 21615.6 155676
23090.6 156295 23280.9 156310
23314.3 156350 23483.5 156655
23475.7 156669 23446.8 156722
23478 156700 23508 156684
23572.6 156778 25066.5 159218
27237.2 161175 32676.3 164038
35804.4 167349 36062.6 167865
36869.7 170588 36849.7 171007
36455.6 173605 37509.8 179166
39121.7 182729 39938.8 184153
40164.8 184336 42675 185166
43563.4 186473 44075.4 187186
45129.6 189452 47047.7 192055
47625.4 193460 47625.4 193460
47637.6 193453 47626.5 192874
47806.9 192500 47790.2 192489
47734.5 192473 47686.6 192278
47773.5 192669 47731.2 192863
47690 192859 47690 192859
47678.8 192856 47623.2 192890
47620.9 192908 47623.2 193426
47108.9 192151 45856.5 190209
44511.8 188310 43946.3 186896
42511.4 184997 40708 184410
40012.3 184220 39344.3 183218
38469.4 181208 36565.8 174678
-20239.4 102465 36466.7 173182
36772.9 171528 36886.4 170655
36856.4 170383 36480.1 169226
35784.3 167309 33372.1 164739
32821 164091 27413.1 161248
25707.7 160224 23687.3 156947
23528.1 156807 21760.3 155778
21649 155687 21496.5 155426
21268.3 154725 21075.7 154128
20706.1 153178 20513.5 153033
19990.3 152993 18763.6 153060
18443 153126 18170.3 153000
17358.7 152427 8204.94 152510
6743.32 152717 2425.23 152639
1731.71 152614 1573.64 152594
1561.39 152565 1531.34 152543
1501.28 152550 1377.72 152559
1283.1 145074 1250.81 142852
1139.49 142547 -6656.21 139281
-10461.1 145670 -10455.5 144980
-10372.1 144800 -10090.4 144584
-8815.81 143782 -8112.27 143716
-7955.31 143727 -7839.54 143856
-7836.2 143900 -7921.91 145423
-7889.63 145993 -7797.24 147184
-7782.76 147193 -6075.12 147106
-5300.34 147095 -4960.82 147104
-4956.36 147133 -4891.8 149115
-4871.76 149119 -1844.98 149115
-1782.64 149164 -1552.21 149092
-1315.1 149148 -1101.37 149126
-1001.18 149199 -689.486 149210
-626.034 149155 -626.034 149155
-624.921 149141 -331.037 149170
-80.5685 149319 -51.6255 149388
-19.3428 149288 225.56 149449
234.466 149382 234.466 149077
256.73 149066 1146.73 149141
1147.29 149164 1160.64 149889
1166.21 149843 2305.01 150722
2202.59 150695 2202.59 150695
2191.46 150695 1323.17 150139
902.383 149905 891.251 149945
281.22 149653 275.654 149337
264.522 149331 217.768 149326
73.0524 149404 -294.302 149344
-958.879 149164 -958.879 149164
-967.785 149155 -1056.84 149143
-1071.31 149166 -995.615 149464
-1029.01 149449 -14401.8 156366
-14385.1 156395 -14409.6 156945
-14420.7 156958 -15647.5 157982
-15687.6 157915 -15637.5 157742
-15611.9 157748 -15533.9 159267
-15879 159173 -15879 158788
-15914.7 158688 -16027.1 158387
-15977 158321 -15467.1 157875
-15442.7 157887 -15453.8 158094
-15478.3 158116 -15513.9 158071
-15520.6 157949 -15502.8 155288
-15297.9 155222 -15222.2 155166
-15194.4 155181 -15063.1 155244
-14955.1 155242 -14955.1 155242
-14940.6 155242 -14940.6 155242
-14936.2 155244 -14784.8 155193
-14730.2 155193 -14730.2 155193
-14713.5 155193 -13663.8 155222
-9647.37 157548 -9630.67 157559
-9575.01 157548 -9575.01 157548
-9563.88 157546 -9291.14 157519
-9280.01 157519 -9202.09 157470
-9180.94 157040 -9127.5 156925
-9030.66 156934 -8607.64 156934
-8590.94 156956 -8462.93 156911
-8446.23 156885 -8454.02 153794
-8472.94 153367 -8485.19 152637
-8518.59 152361 -8518.59 152361
-8523.04 152358 -8518.59 151325
-8490.76 151330 -8072.19 151296
-8067.74 151314 -8049.93 151764
-7999.84 151753 -7622.46 151780
-7615.78 151815 -7622.46 152036
-7710.41 152042 -7728.22 152013
-7754.93 152036 -7774.97 152042
-7777.2 152065 -7772.75 152265
-7611.33 152020 -7605.77 149500
-7582.39 149497 -6728.57 149564
-6620.59 149553 -6511.5 149382
-6397.95 149375 -5275.85 149275
-5140.04 149121 -3691.77 149119
-3583.79 149143 -3583.79 149143
-3576 149152 -3576 149152
-3561.53 149159 -2840.18 149126
-2821.25 149141 -2821.25 149141
-2813.46 149155 -2796.76 149181
-2780.07 149166 -1886.17 149119
-1872.81 149132 -1872.81 149132
-1861.68 149141 -1791.55 149188
-1689.14 149155 -1615.66 149097
-1565.57 149099 -1390.8 149119
-1387.46 149110 -1316.21 149471
-1226.05 149531 -1226.05 149531
-1214.91 149522 -1184.86 149526
-834.201 150310 -1049.05 149355
-609.336 149549 -469.074 149633
-244.208 149615 2.92109 149667
8.48706 149682 6.26067 152594
19.619 152628 64.1468 152661
1128.36 152737 1128.36 152737
1133.93 152744 1133.93 152744
1149.51 152744 1612.6 152728
1729.49 152703 1884.22 152781
2346.2 152737 2362.89 152721
2655.66 152710 2655.66 152710
2663.46 152706 3065.32 152692
3097.6 152621 3112.07 151045
3139.9 151040 3477.2 151089
3804.48 151096 4349.95 151069
4362.19 151092 4395.59 152294
4280.93 152483 4272.02 153004
4358.85 153211 4467.95 153218
4506.91 153182 4806.36 152784
4790.77 152588 4581.49 152470
4559.23 152416 4509.13 152203
4456.81 152109 4495.78 151029
4464.61 150985 4390.02 150967
4375.55 151103 4258.67 153115
4223.04 153126 3985.93 153089
1349.89 153467 1244.13 153541
1216.3 153527 1116.12 153494
1113.89 153434 1082.72 153084
1111.66 152977 1214.08 153093
1256.38 153340 1155.08 153316
1286.43 154514 1306.47 154396
-8590.94 147238 1325.4 154376
1926.52 154364 2246.01 154453
2725.8 154364 3075.34 154396
3082.02 154001 3093.15 152926
3134.34 152699 4172.95 152828
4267.57 153004 4267.57 153004
4277.59 153004 4411.17 153200
4512.47 153126 4811.92 152817
4807.47 152617 4785.21 152577
4564.79 152461 4522.49 152214
4464.61 152171 4451.25 152214
4726.21 151581 4490.21 152483
4489.1 152280 4544.76 151245
4516.93 151156 4461.27 149449
4483.53 149400 5752.57 149386
7205.29 149282 7520.33 149355
7523.67 149382 7584.89 150767
7572.65 150773 6893.6 150880
6880.24 150918 6379.3 150934
4495.78 151063 4442.34 151247
3887.97 151052 3158.83 151034
2505.38 150925 2199.25 150836
1522.43 150368 1473.45 150361
1375.49 150272 988.099 150121
927.986 150061 874.553 150010
837.817 150038 771.026 150702
805.535 149954 1047.1 150032
1072.7 150099 1097.19 150205
1228.55 150243 2073.46 150818
3030.81 151103 3086.47 151107
3084.24 151167 3086.47 151490
3064.21 151492 2692.4 151468
2594.44 151497 2568.84 151523
2414.1 151497 2134.69 151441
1339.87 151492 1339.87 151492
1334.3 151479 1300.91 151230
1589.22 151259 1481.24 151185
1484.58 151145 1244.13 151069
1227.44 149987 1266.4 149860
1283.1 143030 1219.64 142718
-1591.17 139033 -1956.3 138980
-1986.36 138944 -2021.98 138835
-2014.19 138699 -820.843 135026
360.257 130546 577.33 130495
905.722 130546 954.703 130417
1405.55 130351 1387.07 129414
1403.32 129449 1433.38 129694
1458.98 129700 1885.33 129723
1896.47 129752 1963.26 132773
2007.79 133512 2586.65 134420
2129.12 135271 2119.1 135389
2397.4 135738 3089.81 136647
3084.24 136658 1945.45 138662
1907.6 138666 1850.82 138579
1850.82 138510 1920.96 138423
1962.14 138435 3666.45 140692
4113.95 141600 3683.14 141972
3221.17 142275 2355.1 142874
2349.54 142910 2655.66 144332
2739.15 146205 2510.95 146759
2503.16 146893 2536.55 146999
2813.74 147022 2813.74 147022
2814.85 147015 3114.3 146995
3115.41 146973 3115.41 146973
3097.6 146973 1512.41 146988
1506.85 147028 1383.28 147015
1362.13 146955 860.081 147028
670.838 147006 670.838 147006
659.706 147004 659.706 147004
651.914 147004 -1588.95 147006
-1619 146959 -1738.12 146939
-1765.95 146906 -1856.11 146917
-1880.6 146950 -1910.66 146984
-2027.55 147004 -2422.73 147022
-2446.11 147004 -2446.11 147004
-2446.11 147017 -2702.14 146977
-2709.93 146861 -2693.24 146414
-2150 146387 -1952.96 146347
-1861.68 146361 -1861.68 146361
-1850.55 146369 -1841.64 146694
-1883.94 147040 -1827.17 147115
-1747.02 147111 -1646.83 147026
-793.013 147048 -793.013 147048
-793.013 147062 -775.202 147073
-731.788 147071 -641.619 148587
-405.621 148609 -402.282 148629
-430.112 148774 -466.847 149282
-461.281 149288 -424.546 149344
-41.6067 149455 -41.6067 149455
-38.2671 149464 214.428 149598
221.107 149575 388.087 149843
375.841 150105 371.389 150495
315.729 150684 442.633 150940
420.369 150851 423.709 151170
677.517 151241 749.875 151437
811.101 151348 805.535 151501
832.251 151479 2867.17 151479
2883.87 151508 2892.78 151768
2856.04 151969 2824.87 152080
2547.68 151969 2169.2 151902
2160.29 151857 2143.59 151537
2158.07 151824 2171.42 152628
1907.6 152626 1820.77 152650
1607.03 152614 1436.72 152672
1249.7 152639 1094.97 153093
1238.57 155159 1238.57 155159
1247.47 155153 1169.55 161527
-8.21086 163441 -366.66 163631
-619.355 163637 -1318.44 163604
-1340.71 163591 -1919.57 163691
-1928.47 163709 -2017.53 163608
-2019.75 163582 -2017.53 163136
-2058.72 163119 -2058.72 163119
-2058.72 163101 -2161.13 162758
-2192.3 162224 -2127.73 162132
-1891.74 162099 -1676.89 162065
-1646.83 162166 -19492.5 147011
-1502.12 161923 -1287.27 162146
-1287.27 163515 -1218.25 166532
-926.597 166587 -656.09 166625
-637.166 166681 -564.808 166692
-544.771 166732 -364.433 167144
-364.433 167582 -364.433 167582
-361.094 167589 -361.094 167589
-349.962 167576 -331.037 167533
-219.718 167500 -219.718 167500
-213.039 167500 -213.039 167500
-225.284 167505 -346.622 167511
-385.584 166676 -530.299 164777
-505.809 164054 -481.319 163715
1093.85 161812 1211.85 161509
1233 160997 1278.64 158002
1297.57 157993 2085.71 157998
2207.05 157987 2900.57 158005
2922.83 157982 3025.25 157936
3034.15 157880 3070.89 154424
3100.94 152726 3100.94 152726
3109.85 152710 3109.85 152710
3120.98 152706 4071.65 152732
4180.74 152815 4272.02 152982
4472.4 153216 4820.83 152744
4779.64 152583 4575.93 152459
4561.45 152410 4511.36 152191
4439 151303 4462.38 151100
4492.44 151069 4492.44 151069
4506.91 151063 4735.11 151074
5080.2 151052 5057.94 151971
4536.96 151902 4451.25 151267
4466.83 151096 4607.1 149253
4214.14 141589 4587.06 141222
4656.08 141126 5232.71 140176
5396.35 140294 5507.67 140142
5622.33 140138 5633.46 140109
5698.03 140098 5750.35 140093
5753.69 140120 5753.69 140120
5764.82 140127 5931.8 140236
5945.16 140316 6078.74 140915
6357.04 141516 6555.19 141934
6560.75 142006 6768.92 142731
6928.11 144517 7470.23 144577
7473.57 144613 7494.72 149081
7522.55 149304 7545.93 149344
7793.06 149322 7874.32 149277
7879.89 149297 7850.95 150377
7918.85 150680 7957.81 150711
8410.88 150655 10839.9 150911
10841 150945 10826.5 151947
10820.9 151886 10851 150929
11085.9 150936 12504.1 150885
13634 151067 14101.5 151201
16336.8 151971 16748.7 152154
16806.6 152483 17240.7 152503
17737.2 152833 18060.1 153338
18153.6 153367 18604.4 153256
18657.8 153271 18916.1 153316
18927.2 153267 18972.9 153115
19236.7 153062 19635.2 153062
19661.9 153037 20275.3 153044
20706.1 153249 20964.4 153846
21171.4 154469 21546.6 155564
21688 155756 23528.1 156822
24220.5 157753 24288.4 157524
25790.1 157158 26346.7 156789
26414.6 157018 26569.3 156914
26576 156940 26602.7 156980
26653.9 156945 26653.9 156945
26661.7 156936 26731.8 156956
26709.6 156934 26652.8 157029
26564.9 156914 26564.9 156914
26561.5 156911 26402.3 157003
26341.1 156813 26313.3 156769
25197.9 157512 24242.7 157548
24221.6 157720 24221.6 157720
24227.2 157731 24223.8 157853
24266.1 157947 24255 158049
24305.1 158149 24377.4 158327
24398.6 158321 24416.4 158298
25044.2 159182 25067.6 159189
24229.4 157826 23580.4 156845
23027.1 156524 22929.2 156502
22741 157025 22785.6 157089
22913.6 157069 22913.6 157069
22912.5 157052 22912.5 157052
22906.9 157056 22906.9 157056
22896.9 157045 22787.8 157058
22796.7 156978 22796.7 156978
22802.3 156963 22832.3 156929
22813.4 156989 22813.4 156989
22812.3 157000 22812.3 157000
22813.4 157012 22807.8 157040
22760 157034 22862.4 156695
23012.7 156528 23520.3 156822
23708.4 156989 25073.2 159216
26013.8 160518 31301.5 163312
31435.1 163419 31435.1 163419
31451.8 163424 31451.8 163424
31457.4 163412 31457.4 163392
31465.1 163379 31465.1 163379
31478.5 163370 31698.9 163452
31751.2 163174 31852.5 162529
31830.3 162277 31838.1 162257
31985 162172 32402.5 161932
32400.2 161910 32352.4 161760
32366.8 161805 32386.9 161945
31826.9 162266 31823.6 162729
31687.8 163486 31667.8 163490
31496.3 163430 33060.4 164336
33315.3 164695 36068.2 167883
36871.9 170593 36460.1 173649
37539.9 179244 39973.3 184207
42663.9 185153 43896.2 186859
44470.6 188259 47061 192068
47625.4 193469 47626.5 192881
47648.8 192863 47743.4 192868
47756.8 192834 47784.6 192500
47732.3 192485 47697.8 192355
47662.1 192344 47684.4 192333
47731.2 192369 47731.2 192369
47726.7 192367 47743.4 192380
47678.8 192344 47712.2 192373
47715.6 192422 47745.6 192489
47804.6 192507 47804.6 192507
47804.6 192522 47801.3 192678
47823.5 192696 47823.5 192696
47815.8 192714 47764.5 192868
47740.1 192874 47631 192890
47625.4 192914 47625.4 193438
47378.3 192814 46805 191587
44511.8 188303 43946.3 186896
43610.1 186529 42967.8 185589
39942.1 184153 38732.1 181802
37101.3 177029 36471.2 173144
36886.4 170561 36816.3 170259
35808.8 167360 32728.6 164047
27370.8 161204 27370.8 161204
27363 161197 27363 161197
27357.5 161199 26910 160959
25684.3 160162 24226 157797
23498 156678 23498 156678
23486.9 156678 23485.8 156851
23457.9 156744 23457.9 156744
23441.2 156744 23441.2 156744
23422.3 156740 21683.5 155711
21552.1 155533 21287.2 154718
21249.4 154732 20741.7 153216
20564.7 153040 20069.4 152966
18271.6 153044 17973.2 152793
17897.5 152639 17097.1 152376
16802.1 152358 16734.2 151931
16756.5 151693 16670.8 151630
16618.5 151664 16522.7 151731
16236.6 151775 15676.7 151719
15663.3 151686 15733.5 151096
15685.6 149927 15685.6 149927
15674.5 149912 15674.5 149912
15657.8 149909 15192.5 150065
14547.9 150099 14547.9 150099
14530.1 150101 14325.3 150154
14313 150188 14160.5 151125
14096 151452 14099.3 152116
14035.9 152142 13561.6 152247
5210.45 152688 -171.851 152610
-177.416 152603 -1015.65 152581
-1015.65 152561 -1015.65 152561
-1015.65 152543 -986.709 152376
-1012.31 151646 -1001.18 151615
-58.3046 151552 499.406 151949
655.253 151926 685.31 151915
844.496 151470 844.496 151470
848.949 151457 852.289 150878
813.327 150613 821.119 150016
850.062 150038 1160.64 150188
1221.87 150183 2067.9 150746
2430.8 151190 3043.06 150980
3449.37 151023 4342.15 151014
39750.7 259655 27719.2 211380
-4724.82 211380 5174.82 156010
5146.99 156012 4874.26 156016
4846.43 156079 4450.13 156032
4444.57 155999 4489.1 153423
4512.47 153400 4522.49 153189
4639.38 153015 4806.36 152833
4815.26 152773 4804.13 152577
4776.3 152554 4575.93 152465
4561.45 152425 4511.36 152183
4466.83 152131 4451.25 152049
5143.66 150640 4828.62 150873
4657.19 150922 4683.91 150958
4692.81 150940 4715.08 150700
4700.6 151067 4761.83 151107
4902.09 151123 4968.88 151141
5639.03 151040 5655.72 151025
5778.18 151023 5937.36 150951
6126.61 150962 6679.86 150936
6682.09 150913 6682.09 150913
6677.64 150902 5772.61 150956
5767.04 150936 5774.84 148220
5798.21 148157 5797.1 147489
-3834.26 140717 6279.11 147460
6292.47 147434 6240.15 147026
6251.28 147155 6267.98 147449
5826.04 147463 5774.84 147505
5770.38 148151 5797.1 149355
5819.36 149366 7520.33 149355
7529.23 149388 7601.59 150762
7484.7 150789 6042 150929
5954.06 150925 5954.06 150925
5941.82 150925 5702.48 150974
5374.09 150989 4492.44 150958
4403.38 151029 3850.12 150985
3846.78 150889 3825.88 150644
3846.78 151000 3846.78 151000
3832.31 151003 3832.31 151003
3821.18 151000 3153.26 150989
3034.15 150974 2199.25 150811
1377.72 150250 963.608 150054
412.577 149760 286.786 149678
284.559 149656 278.993 149348
254.503 149331 9.60025 149460
2.92109 149500 0.694696 149609
-29.3616 149620 -29.3616 149620
-46.0595 149620 -135.115 149587
-136.228 149567 -264.246 149571
-279.83 149582 -372.226 149531
-386.697 149542 -466.847 149520
-477.979 149415 -477.979 149415
-474.64 149404 -450.149 148553
-214.152 148513 -77.2289 148509
-69.4366 148531 148.75 148542
198.843 148469 329.087 148518
336.88 148547 336.88 148547
349.125 148553 546.16 148476
551.726 148413 590.688 147044
607.386 147037 1041.53 147037
1043.76 147089 1043.76 147089
1044.87 147089 1044.87 147089
1054.89 147073 1091.63 147115
1790.71 147033 1804.07 146928
2030.05 146995 3120.98 147048
3126.55 147082 3148.81 148068
3128.77 148097 13655.1 116075
3126.55 148175 3175.53 148240
3236.75 148220 3832.31 148246
3854.58 148329 3846.78 149342
3830.09 149366 3143.24 149388
2909.47 149382 1965.48 149315
1623.73 149322 1373.26 149326
1249.7 149404 1230.78 149776
1344.32 149705 1288.66 150268
1197.38 150134 1277.53 150951
1319.83 150844 1169.55 159763
1139.49 159806 705.347 159817
654.14 159790 644.121 159218
715.366 159327 696.442 158750
651.914 158648 665.272 158566
726.498 158637 655.253 158314
644.121 158338 665.272 157938
702.007 157953 1206.28 158013
1670.49 157991 1712.79 158016
2937.3 158013 3023.02 157998
4266.46 158169 4362.19 158365
4373.32 158855 4422.3 158877
4442.34 158859 4440.12 156012
4461.27 156001 4670.55 156043
4687.25 156032 5026.77 156034
5034.56 156012 5034.56 156012
5026.77 156001 5026.77 156001
5007.85 155999 4915.45 155990
4923.24 156088 4900.98 156143
4589.28 156166 4557 156221
4447.91 155972 4447.91 155972
4442.34 155956 4395.59 154342
4372.21 154340 4233.06 154275
4210.8 154019 3301.32 154302
3276.83 154396 3076.45 154391
3067.55 154358 3106.51 152721
3128.77 152715 3540.65 152706
3609.67 152677 8275.07 152532
8681.39 152414 10038.4 152503
10217.6 152650 10445.8 152866
10542.7 152870 10687.4 152755
10754.2 152648 10882.2 152543
11341.9 152476 12883.7 152427
14146.1 152225 14163.9 152098
14102.6 151381 14185 151156
14210.6 151163 14775 151325
14781.7 151290 14805.1 150840
14811.8 150880 14753.9 151312
14162.8 151156 14318.6 150123
15199.1 150054 15199.1 150054
15192.5 150054 15192.5 150054
15179.1 150061 14310.8 150132
14179.5 151023 14179.5 151023
14190.6 151029 14190.6 151029
14177.2 151036 14177.2 151036
14168.3 151045 14088.2 151412
14116 152154 14173.9 153256
14140.5 154687 14062.6 155052
14057 155030 14008 154999
13462.6 154981 13462.6 154981
13448.1 154981 13425.8 155026
14058.1 155021 14093.7 155066
14099.3 155041 14158.3 154643
14163.9 152984 14134.9 152305
14143.8 151214 14934.2 151403
16205.5 151857 16565 151808
16626.3 151849 16765.4 152220
16821.1 152481 17522.4 152610
17741.7 152844 18047.8 153334
18136.9 153362 18672.3 153285
18765.8 153362 18917.2 153271
18947.3 153138 18982.9 153104
19244.5 153062 19579.6 153062
19584 153040 20244.1 153071
20636 153138 20767.3 153293
20969.9 153834 20969.9 153834
20969.9 153846 21221.5 154632
21565.5 155589 21699.1 155756
22255.7 156099 22952.5 156502
23669.4 156958 25676.5 160198
25969.3 160496 32656.3 164038
33023.6 164303 35988.1 167683
36076 167872 33143.8 102327
32481.5 95320.5 38670.9 172565
37960.6 179694 38403.7 181063
39070.5 186625 47693.3 192318
47678.8 192347 47720 192429
47734.5 192480 47734.5 192480
47745.6 192491 47806.9 192522
47745.6 192863 47628.7 192881
47631 193380 47631 193453
47615.4 193446 47055.4 192095
46434.3 192157 46434.3 192157
46437.6 192162 46437.6 192162
46452.1 192162 47063.2 192102
47614.3 193464 47614.3 193464
47628.7 193458 47631 192863
47651 192856 47737.8 192863
47747.9 192841 47787.9 192502
47732.3 192485 47690 192355
47658.8 192347 47658.8 192347
47676.6 192347 47676.6 192347
47692.2 192351 47710 192362
47712.2 192380 47737.8 192478
47801.3 192502 47803.5 192522
47749 192836 47749 192836
47740.1 192848 47626.5 192874
47625.4 192897 47617.6 193426
46691.4 191405 46078.1 190474
46055.8 189751 46055.8 189751
46070.3 189753 46695.9 189824
46699.2 189784 46699.2 189784
46708.1 189784 46708.1 189784
46724.8 189784 46695.9 189808
46693.7 189835 46693.7 189835
46682.5 189840 45032.8 189294
44363.7 188025 43841.6 186769
42196.3 184837 40094.6 184298
40083.5 184343 40095.7 184530
40209.3 184543 40209.3 184543
40209.3 184559 40198.2 184637
40179.2 184637 40179.2 184637
40194.8 184625 40194.8 184625
40201.5 184621 40201.5 184621
40206 184603 40200.4 184525
40089.1 184514 40089.1 184514
40084.6 184503 40066.8 184269
39359.9 183230 38737.7 181742
39098.3 181457 39098.3 181437
39068.3 181382 38992.6 181235
39015.9 181270 39092.8 181468
38847.9 181658 38715.4 181753
38700.9 181724 36569.1 174736
36471.2 173175 36778.4 171445
36877.5 170588 36844.1 170370
35998.1 167700 35403.6 166821
32642.9 163994 25784.5 160307
25192.3 159396 23645 156918
22982.6 156484 21661.2 155682
21498.7 155426 20726.2 153106
20667.2 153051 20361 152955
18763.6 152973 18429.6 153095
18218.1 153011 17962.1 152784
17909.8 152659 17624.8 152443
17631.5 152309 17614.8 152298
16765.4 152113 16729.8 151913
16757.6 151697 16709.8 151624
16674.1 151619 16483.8 151737
16264.5 151771 15966.1 151782
15683.4 151702 15683.4 151702
15677.8 151690 15677.8 151690
15665.6 151675 15665.6 151675
15665.6 151668 15663.3 149905
15650 149909 15276 150067
15136.8 150079 14305.2 150116
14291.9 150154 14168.3 151069
14108.2 151047 14155 152784
14138.3 154652 14119.3 156005
14191.7 156010 14781.7 155965
14834 155965 15081.1 155934
15090.1 155961 15214.7 158343
15936.1 165917 15897.1 165964
14193.9 166331 14193.9 166331
14188.4 166313 14090.4 166013
14193.9 166325 12479.6 166674
12471.8 166696 12368.3 166576
10662.9 166652 10520.4 166587
10138.6 166198 8781.58 164815
8781.58 164777 9017.57 164247
9045.4 164247 9382.7 163437
9195.68 163259 9115.53 163156
9073.23 162435 8663.58 158359
8564.5 156034 8541.13 156010
6548.51 155983 6548.51 155983
6544.05 155990 4440.12 156010
3061.98 155979 3076.45 154442
3098.72 154429 4626.02 154358
4505.79 154342 3115.41 154420
2388.5 154420 2168.09 154485
1278.64 154353 1258.6 154202
1286.43 153716 1351 152532
1199.61 152643 31.8642 152599
20.7322 152572 28.5246 152439
4.03428 152405 4.03428 152405
4.03428 152398 37.4301 151579
64.1468 151568 738.743 151568
716.479 151648 722.045 151702
749.875 151708 1188.47 151659
1305.36 151412 1308.7 150290
1336.53 150272 1673.83 150555
2394.06 150958 3398.17 151080
4345.49 151096 4375.55 151163
4317.66 152343 4267.57 152492
4269.8 152993 4349.95 153233
4366.65 153429 4388.91 153463
4408.95 154108 4428.98 154335
4575.93 154353 4575.93 154353
4578.15 154342 4578.15 154342
4564.79 154342 4564.79 154342
4550.32 154347 4481.3 154347
4406.72 154442 4369.98 155983
4344.38 156005 3092.04 155987
2937.3 155961 2825.98 155956
2780.34 156012 2731.36 156065
2697.97 156068 2594.44 156050
2536.55 156005 2490.91 155983
2154.73 156001 1292 155921
1283.1 155898 1247.47 155092
1319.83 147055 1297.57 145370
1278.64 145359 1256.38 145363
1249.7 145392 1225.21 148128
1082.72 148146 612.952 148224
592.914 148206 566.198 146982
542.821 146973 -1688.02 147022
-1763.72 146933 -1833.85 146828
-1905.09 146895 -3680.64 147006
-3687.32 146973 -3741.79 145481
-3739.64 144606 -3753 144379
-3786.39 144388 -4643.55 144395
-4650.23 144377 -4665.82 143749
-4600.14 143687 -4170.45 143593
-2094.34 143493 -1967.43 143589
-1897.3 143720 -1849.44 143909
-1566.68 154068 -1563.34 154302
-1522.16 154431 -1443.12 154540
-778.542 154903 -720.656 155030
-708.41 155322 -553.676 158243
-574.827 158261 -622.694 158258
-636.053 158227 -641.619 157982
-619.355 157976 644.121 157991
655.253 158216 688.649 158661
737.63 158632 737.63 158632
729.837 158648 759.894 158599
1047.1 158588 1182.91 158615
1189.59 158661 1167.32 160385
640.782 160369 670.838 159817
1143.95 159841 1172.89 159917
1202.95 160732 1202.95 160732
1217.42 160725 1271.96 159864
1316.49 159841 1939.88 159841
1956.58 159819 1979.96 158216
2007.79 158192 4156.25 158053
4338.82 158272 4378.89 158855
4420.08 158873 4459.04 158759
4440.12 147089 4484.64 143237
4523.61 143230 4550.32 143230
4568.13 143148 4595.96 143081
4646.06 143074 4668.32 143099
4784.09 143077 4937.71 142907
5067.96 142818 5080.2 142540
5095.79 142518 5597.84 142469
5572.24 142308 5524.37 142035
5497.65 142030 4943.28 142213
4954.41 142507 4416.74 142484
4397.81 142447 4236.4 141730
4177.4 141739 4369.98 142809
4373.32 143030 4401.15 146962
4483.53 146937 4912.11 146944
5817.14 146461 7450.2 145541
7472.46 145590 8424.24 145267
10585 145229 10695.2 145174
10784.2 145181 10784.2 145181
10787.6 145192 10823.2 145089
10839.9 144457 10898.9 144461
10921.1 144421 11313 143600
11308.5 143549 11290.7 143315
11338.6 143248 11455.5 143188
12151.2 143188 12136.7 143141
11275.1 143419 11299.6 143664
10898.9 144499 10817.6 144499
10815.4 144550 10802 145169
10773.1 145189 5828.27 146403
5364.07 146650 4584.83 146973
4509.13 146977 4384.46 147066
4347.72 152321 3989.27 153140
3872.39 153222 1306.47 152788
1049.32 152548 590.688 152548
587.348 152516 588.462 152583
612.952 151987 585.122 151898
612.952 151475 668.612 151902
743.196 151947 872.326 151704
941.344 152098 978.08 152209
1191.81 152020 1319.83 151470
1297.57 150691 1297.57 150279
1322.06 150279 1495.72 150421
1511.3 150413 2104.63 150813
3791.12 151052 4728.43 151063
6193.4 150945 6849.07 150913
7572.65 150807 7572.65 150807
7575.99 150791 8452.07 150680
9301.44 150773 9301.44 150773
9314.8 150769 9314.8 150769
9321.48 150773 10500.3 150929
11110.4 150940 12577.6 150902
12587.6 150851 12587.6 150851
12577.6 150847 12559.8 150833
12482.9 150833 11188.3 150947
10611.7 150891 10498.1 150856
9388.27 150762 8347.43 150673
8012.36 150700 7575.99 150795
6176.7 150900 6176.7 150900
6170.02 150902 5069.07 150991
5062.39 150869 5040.13 150802
4762.94 155689 4696.15 155834
4400.04 153790 4372.21 153596
4455.7 150495 4358.85 142197
4203.01 141585 4642.72 141117
4793 140826 5032.34 140483
5049.03 140510 5507.67 141995
5440.88 142030 4945.51 142179
4941.05 142206 4929.92 142487
4420.08 142491 4177.4 141723
4182.97 141763 4366.65 142807
4386.68 145608 4369.98 146962
4347.72 146982 3811.16 146995
3752.16 146950 3716.54 146928
3613.01 146977 3613.01 146977
3598.54 146984 2532.16 147034
3059.75 147011 3515.05 147017
3562.92 147093 3562.92 147093
3568.48 147084 3587.41 147044
4381.12 147071 4536.96 152031
4623.79 152038 4840.87 152060
4846.43 152127 4850.88 152403
4912.11 152436 4968.88 152432
4991.15 152392 5004.51 152376
5101.35 152316 5101.35 152316
5106.92 152332 5106.92 152332
5104.69 152343 5104.69 152343
5101.35 152343 5101.35 152343
5091.34 152349 5091.34 152349
5084.66 152347 4890.96 152316
4882.05 152294 4815.26 152060
4790.77 152060 4464.61 152027
4455.7 151975 4479.08 151089
4505.79 151069 4711.74 150936
5084.66 151058 5394.12 151003
6134.4 150980 6852.41 150962
6872.45 150951 7542.59 150773
7915.51 150722 8090.28 152516
8071.36 152543 7288.78 152672
