2891.66 152730 2891.66 152730
19.619 149587 19.619 149587
-1073.54 149101 -1073.54 149101
-463.508 149339 -463.508 149339
3097.6 151515 3097.6 151515
3388.15 152735 3388.15 152735
3260.13 151018 3260.13 151018
2215.95 147765 2215.95 147765
3151.04 149402 3151.04 149402
1157.3 151403 1157.3 151403
293.465 156139 293.465 156139
4344.38 156063 4344.38 156063
5218.24 152603 5218.24 152603
15735.7 148818 15735.7 148818
19136.5 150070 19136.5 150070
35061.9 151510 35055.2 151526
35066.3 151539 35065.2 151539
34877.1 151361 34877.1 151361
31469.6 151076 31469.6 151076
24425.3 152521 24425.3 152521
22417.1 152790 22417.1 152790
18429.6 153427 18429.6 153427
5590.05 152681 5590.05 152681
31096.7 156292 31096.7 156295
30770.5 153794 30770.5 153794
24465.4 154445 24465.4 154445
21625.6 152935 21625.6 152935
7535.91 152717 7535.91 152717
6220.11 160084 6220.11 160086
12281.5 161484 12281.5 161484
23755.2 161030 23755.2 161030
24059.1 158882 24049 158873
24099.1 158895 24099.1 158895
24045.7 158862 24045.7 158862
24096.9 158926 24096.9 158926
24110.3 158839 24110.3 158839
24031.2 159095 24031.2 159095
22010.8 159267 22013 159267
21940.7 159351 21950.7 159343
21956.2 159392 21956.2 159392
21967.4 159309 21967.4 159309
22030.8 159251 22030.8 159251
25068.7 159323 25068.7 159323
34851.5 152964 34851.5 152964
35055.2 151483 35046.3 151475
35039.6 151499 35054.1 151488
35057.4 151486 35056.3 151483
32463.7 151141 32463.7 151141
24243.9 149293 24243.9 149293
21498.7 151499 21498.7 151499
18445.2 153427 18445.2 153427
19137.6 153098 19137.6 153098
19119.8 152962 19119.8 152962
508.312 153643 508.312 153643
2247.12 156170 2247.12 156170
2259.37 156145 2259.37 156145
4349.95 154367 4349.95 154367
-10.4373 145341 -10.4373 145341
56.3544 141042 56.3544 141042
-1182.63 141008 -1182.63 141008
2126.9 143008 2126.9 143008
1615.94 146993 1615.94 146993
-1120.29 146993 -1120.29 146993
-0.418499 146283 -0.418499 146283
1239.68 147516 1239.68 147516
4927.7 149388 4927.7 149388
11819.5 149139 11819.5 149139
15609.9 148714 15609.9 148714
11134.9 152332 11134.9 152332
35055.2 151517 35054.1 151528
31149 151011 31149 151011
24132.5 152559 24132.5 152559
18777 152964 18777 152964
15085.6 152205 15085.6 152205
9054.31 152283 9054.31 152283
8959.69 152434 8960.8 152434
13052.9 152425 13052.9 152425
14195 153757 14196.2 153748
14091.5 155647 14091.5 155647
20323.2 156226 20323.2 156226
23103.9 154576 23103.9 154576
23676.1 153356 23676.1 153356
23656.1 153113 23656.1 153113
26780.8 151154 26780.8 151154
31879.3 151673 31879.3 151673
32424.7 153792 32424.7 153792
35050.7 151526 35053 151523
34832.6 147830 34827 147830
35051.9 151517 35051.9 151517
35043 151477 35043 151477
35048.5 151499 35060.8 151515
35061.9 151517 35061.9 151519
35069.7 151541 35059.7 151526
35069.7 151617 35069.7 151617
35058.5 151532 35055.2 151521
35060.8 151570 35060.8 151570
35059.7 151546 35061.9 151532
35044.1 151523 35057.4 151528
35063 151512 35061.9 151512
34842.6 147984 34842.6 147984
33968.7 140302 33968.7 140302
33013.6 131956 33013.6 131956
32822.1 131720 32822.1 131720
33104.9 131791 33104.9 131791
33229.6 131871 33228.4 131869
33202.8 131860 33217.3 131867
33231.8 131880 33231.8 131878
32833.3 131720 32836.6 131706
32834.4 131700 32834.4 131702
33224 131860 33229.6 131862
33237.4 131938 33237.4 131938
33237.4 131918 33237.4 131918
33406.6 138303 33406.6 138303
34877.1 151192 34877.1 151192
35064.1 151506 35068.6 151523
35068.6 151526 35059.7 151530
34845.9 152944 34845.9 152944
26046.1 151590 26046.1 151590
20899.8 153033 20899.8 153033
15968.4 151771 15968.4 151771
10945.6 152283 10945.6 152283
-1561.12 152599 -1561.12 152599
-2501.77 153445 -2501.77 153445
-2072.07 153400 -2072.07 153400
-4263.95 156125 -4263.95 156125
1231.89 157700 1231.89 157700
5876.14 175112 5876.14 175112
5701.37 177265 5701.37 177265
2882.76 167859 2882.76 167859
5919.55 169873 5919.55 169873
4043.82 161687 4043.82 161687
4435.66 155901 4435.66 155901
-1774.85 147195 -1774.85 147195
-1775.96 148309 -1775.96 148309
1023.72 150335 1023.72 150335
4528.06 153158 4528.06 153158
5185.96 152757 5185.96 152757
8735.94 149513 8735.94 149513
