-15798.9 152568 -15798.9 152568
-15850.1 152655 -15850.1 152655
-15857.9 152679 -15857.9 152679
-15974.8 152757 -15974.8 152757
-16473.5 152590 -16473.5 152590
-16469 152521 -16469 152521
-16047.1 151288 -16047.1 151288
-16445.6 151479 -16444.5 151479
-16473.5 152741 -16473.5 152741
-17592.2 152795 -17592.2 152795
-17783.7 152795 -17783.7 152795
-18555.2 154073 -18555.2 154073
-19485.8 154422 -19485.8 154422
-20644.6 155026 -20644.6 155026
-20987.5 155651 -20987.5 155651
-21084.3 155600 -21084.3 155600
-20637.9 155086 -20637.9 155086
-19166.3 154424 -19166.3 154424
-18918.1 154418 -18918.1 154418
-18547.4 153084 -18540.7 153086
-19637.2 153084 -19632.7 153089
-20631.3 155139 -20631.3 155139
-20642.4 156235 -20642.4 156235
-20668 161983 -20668 161983
-20361.9 165240 -20361.9 165240
-20298.4 166064 -20298.4 166064
-21486.2 168716 -21486.2 168716
-20926.3 169312 -20926.3 169312
-21414.9 168876 -21414.9 168876
-20523.3 162366 -20523.3 162366
-20435.3 162275 -20435.3 162275
-18914.7 160765 -18914.7 160765
-17306.1 159287 -17306.1 159287
-16874.2 159060 -16874.2 159060
-15522.8 158704 -15522.8 158704
-15948 158601 -15948 158601
-16023.7 158410 -16023.7 158410
-15532.8 157368 -15532.8 157368
-15547.3 154280 -15547.3 154280
-15523.9 153198 -15523.9 153198
-15588.5 146792 -15588.5 146792
-15572.9 145163 -15572.9 145163
-14958.4 139951 -14958.4 139951
-15650.8 140414 -15650.8 140414
-16719.5 141273 -16719.5 141273
-17180.4 141431 -17180.4 141431
-18331.4 140768 -18331.4 140768
-16789.6 141331 -16789.6 141331
-16455.7 141191 -16455.7 141193
-16010.4 140848 -16010.4 140848
-13879.7 139541 -13879.7 139541
-12319 139461 -12319 139461
-9892.27 139443 -9892.27 139443
-7600.2 139439 -7600.2 139439
-7740.46 139448 -7740.46 139448
-7257.34 138337 -7257.34 138337
-7538.97 139212 -7538.97 139212
-7675.9 138479 -7675.9 138479
-7455.48 139256 -7455.48 139256
-7653.63 138038 -7653.63 138038
-7651.41 137715 -7651.41 137715
-7793.9 136235 -7793.9 136235
-8995.03 135015 -8995.03 135015
-9716.38 135082 -9716.38 135082
-14182.5 135409 -14182.5 135409
-18101 137292 -18101 137292
-20073.5 138931 -20073.5 138931
-20816.1 138297 -20816.1 138297
-25266.6 133884 -25266.6 133884
-26727.1 133577 -26727.1 133577
-27474.1 133557 -27474.1 133557
-27516.4 134209 -27516.4 134209
-26604.7 134679 -26604.7 134679
-25807.6 138227 -25807.6 138227
-25522.6 138239 -25522.6 138239
-24076.6 138219 -24076.6 138219
-20620.1 138791 -20620.1 138791
-19450.2 142591 -19450.2 142591
-19601.6 145886 -19601.6 145886
-19517 147805 -19517 147805
-19533.6 149809 -19533.6 149809
-20641.3 151236 -20641.3 151236
-20652.4 152200 -20652.4 152200
-20633.5 152821 -20633.5 152821
-19131.8 152833 -19131.8 152833
-18679.8 152826 -18679.8 152826
-18584.1 152826 -18584.1 152826
-17511 151630 -17511 151630
-17257.2 152080 -17257.2 152080
-17258.3 152710 -17258.3 152710
-18611.9 149729 -18611.9 149729
-18653.1 149716 -18653.1 149716
-18564.1 152565 -18564.1 152565
-19636.1 153053 -19636.1 153053
-19631.6 153351 -19631.6 153351
-19639.4 154320 -19639.4 154320
-18600.8 161907 -18600.8 161907
-18548.5 165953 -18548.5 165953
-18154.4 168282 -18154.4 168282
-18204.5 167810 -18204.5 167810
-18539.6 164566 -18539.6 164566
-18800.1 161157 -18800.1 161157
-19031.6 159973 -19031.6 159973
-20488.8 158726 -20488.8 158726
-20988.6 155647 -20974.1 155649
-21308.1 156802 -21308.1 156802
-24488.5 155925 -24488.5 155925
-24534.1 156092 -24541.9 156085
-24560.8 156110 -24560.8 156110
-24773.5 156473 -24773.5 156473
-21987.1 153630 -21987.1 153630
-17027.8 146844 -17027.8 146844
-17059 145766 -17059 145766
-17091.3 139314 -17091.3 139314
-16030.4 137034 -16030.4 137034
-15797.8 136883 -15797.8 136883
-15054.2 140031 -15054.2 140031
-15414.8 140289 -15414.8 140289
-15359.2 140358 -15359.2 140358
-15335.8 140336 -15335.8 140336
-15322.4 140360 -15322.4 140360
-14160.3 141832 -14160.3 141832
-14443 141830 -14443 141830
-14085.7 142640 -14085.7 142640
-13884.2 145686 -13884.2 145686
-13863 146218 -13863 146218
-15603 147656 -15603 147656
-14936.2 152842 -14936.2 152842
-14119.1 154879 -14119.1 154879
-13562.5 152868 -13562.5 152868
-13102.7 152891 -13102.7 152891
-12867.8 151134 -12867.8 151134
-10453.3 151011 -10453.3 151011
-11644.4 150406 -11644.4 150406
-12375.8 151381 -12375.8 151381
-12589.5 151372 -12589.5 151372
-14739.1 152009 -14739.1 152009
-15500.5 152481 -15500.5 152481
-15522.8 152483 -15522.8 152483
-15931.4 152777 -15931.4 152777
-16974.4 152804 -16974.4 152804
-17310.6 152808 -17310.6 152808
-18551.8 154351 -18551.8 154351
-18706.5 154427 -18706.5 154427
-18943.7 154438 -18943.7 154438
-19549.2 153091 -19549.2 153091
-19612.7 151397 -19612.7 151397
-19636.1 151855 -19636.1 151855
-21743.3 152826 -21743.3 152826
-21809 152824 -21810.1 152826
-21848 152850 -21848 152850
-20646.8 152884 -20646.8 152884
-20641.3 153336 -20641.3 153336
-21961.5 158646 -21961.5 158646
-21959.3 159456 -21959.3 159456
-24216.9 165652 -24216.9 165652
-24214.6 165763 -24214.6 165763
-23949.7 165487 -23949.7 165487
-18340.3 159436 -18340.3 159436
-14917.2 157394 -14917.2 157394
-14692.4 158038 -14692.4 158038
-13957.7 157976 -13957.7 157976
-13943.2 157993 -13943.2 157993
-13427.8 156738 -13427.8 156738
-10832.9 156853 -10832.9 156853
-9626.21 156905 -9626.21 156905
-8423.96 155039 -8423.96 155039
-7042.49 152902 -7042.49 152902
-3776.38 152728 -3776.38 152728
-2614.2 152948 -2614.2 152948
-2593.05 153131 -2593.05 153131
-3268.76 154073 -3268.76 154073
-3429.06 154209 -3429.06 154209
-3838.71 154246 -3838.71 154246
-5273.62 154384 -5273.62 154384
-5948.22 154482 -5948.22 154482
-7206.13 154489 -7206.13 154489
-9295.6 154609 -9295.6 154609
-9659.61 154320 -9659.61 154320
-9681.87 152737 -9681.87 152737
-9510.44 150034 -9510.44 150034
-9498.2 149261 -9498.2 149261
-10070.4 149230 -10070.4 149230
-11016.6 149253 -11016.6 149253
-13452.3 149302 -13452.3 149302
-15957 149088 -15957 149088
-16975.5 149121 -16975.5 149121
-18359.2 149086 -18359.2 149086
-17881.7 151621 -17881.7 151621
-17257.2 152434 -17257.2 152434
-17258.3 152750 -17258.3 152750
-17270.5 155478 -17270.5 155478
-17434.2 156063 -17434.2 156063
-17248.3 155342 -17248.3 155342
-18367 154438 -18367 154438
-19158.5 154424 -19158.5 154424
-19439 154436 -19439 154436
-20644.6 155375 -20644.6 155375
-20978.6 155653 -20978.6 155653
-21052 155665 -21052 155665
-20639.1 155827 -20639.1 155827
-20636.8 154698 -20636.8 154698
-20541.1 154440 -20541.1 154440
-19296.5 154436 -19296.5 154436
-18825.7 154436 -18825.7 154436
-18692.1 154420 -18692.1 154420
-18559.6 154482 -18559.6 154482
-19749.6 154827 -19749.6 154827
-24393.9 155121 -24393.9 155121
-24536.3 155351 -24536.3 155351
-24597.6 156192 -24597.6 156192
-24692.2 156295 -24687.7 156310
-23820.6 155242 -23820.6 155242
-23847.3 153685 -23847.3 153685
-22149.7 152837 -22149.7 152837
-19667.2 152853 -19667.2 152853
-19308.8 152879 -19308.8 152879
-19547 152764 -19547 152764
-19561.5 152681 -19561.5 152681
-19622.7 151619 -19622.7 151619
-19636.1 153055 -19636.1 153055
-19714 155315 -19714 155315
-19586 157742 -19586 157742
-19886.5 158737 -19886.5 158737
-19568.2 156965 -19568.2 156965
-19111.7 155186 -19111.7 155186
-15433.8 155181 -15433.8 155181
-14234.8 155328 -14234.8 155328
-14214.8 155246 -14214.8 155246
-13590.3 155201 -13590.3 155201
-13506.8 153256 -13506.8 153256
-13676 154418 -13676 154418
-14357.3 153247 -14357.3 153247
-15106.5 152786 -15106.5 152786
-15674.2 152521 -15674.2 152521
-16883.1 152467 -16883.1 152467
-16909.8 151624 -16909.8 151624
-17261.6 152755 -17261.6 152755
-15566.2 155328 -15566.2 155328
-15497.2 158713 -15497.2 158713
-14241.5 165153 -14241.5 165153
-7445.47 164096 -7445.47 164096
-5805.73 164123 -5805.73 164123
-4467.67 164145 -4467.67 164145
-6229.86 163615 -6229.86 163615
-6466.97 163234 -6466.97 163234
-6883.3 162613 -6883.3 162613
-7042.49 163221 -7042.49 163221
-6934.51 161493 -6934.51 161493
-11268.2 158049 -11268.2 158049
-11296 155297 -11296 155297
-10406.6 153730 -10406.6 153730
-10471.1 148714 -10471.1 148714
-10535.7 145610 -10535.7 145610
-10637 139505 -10637 139505
-10701.6 141382 -10701.6 141382
-10454.4 141618 -10454.4 141618
-9881.14 142028 -9881.14 142028
-10179.5 143424 -10179.5 143424
-10562.4 144864 -10562.4 144864
-10899.7 145465 -10899.7 145465
-10928.7 145238 -10928.7 145238
-10957.6 145245 -10957.6 145243
-11839.2 147073 -11839.2 147073
-11789.2 149266 -11789.2 149268
-11792.5 152494 -11792.5 152494
-11968.4 153741 -11968.4 153741
-11969.5 153768 -11969.5 153768
-13589.2 155130 -13589.2 155130
-14335 155061 -14335 155061
-14339.5 154514 -14339.5 154514
-15578.5 152463 -15578.5 152463
-15798.9 152570 -15798.9 152570
-15830.1 152612 -15830.1 152612
-15843.4 152637 -15843.4 152637
-15883.5 152703 -15883.5 152703
-15922.4 152764 -15922.4 152764
-16298.7 152797 -16298.7 152797
-16467.9 151515 -16467.9 151515
-17103.5 150386 -17103.5 150386
-16371.1 144530 -16371.1 144530
-13947.6 144254 -13947.6 144254
-14010 143281 -14010 143281
-12742 142371 -12742 142371
-11545.4 141805 -11545.4 141805
-11478.6 142215 -11478.6 142215
-10949.8 145352 -10949.8 145352
-11085.6 145632 -11085.6 145632
-10318.6 144715 -10318.6 144715
-4812.76 143598 -4812.76 143598
-2729.97 143484 -2729.97 143484
-1839.42 144294 -1839.42 144294
-1827.17 148660 -1827.17 148660
-1798.23 149019 -1798.23 149019
-1695.81 149204 -1695.81 149204
-1061.29 149471 -1061.29 149471
-50.5123 149428 -50.5123 149428
-13.7768 149455 -13.7768 149455
2423.01 151486 2423.01 151486
3067.55 151597 3067.55 151597
3070.89 152565 3070.89 152565
1098.3 152632 1098.3 152632
821.119 152617 821.119 152617
9.60025 151762 9.60025 151762
1276.42 151481 1276.42 151481
1277.53 148905 1277.53 148905
-781.881 139966 -781.881 139966
-4627.97 139123 -4627.97 139123
-4754.87 138711 -4754.87 138711
-4741.52 133300 -4741.52 133300
-3814.22 131633 -3814.22 131633
-3685.09 131640 -3685.09 131640
-3735.19 133298 -3735.19 133298
-3777.49 133559 -3777.49 133559
-3837.6 133804 -3837.6 133804
-4774.91 137642 -4774.91 137642
-6510.38 143604 -6510.38 143604
-8534.17 143626 -8549.76 143626
-8696.7 143834 -8696.7 143834
-9030.66 145477 -9030.66 145477
-9117.48 146347 -9117.48 146347
-9232.14 148039 -9232.14 148039
-9531.59 150344 -9531.59 150344
-9530.48 150544 -9530.48 150544
-9284.46 151826 -9284.46 151826
-8501.89 152174 -8501.89 152174
-8500.77 152530 -8500.77 152530
-9874.46 152886 -9874.46 152886
-11696.8 151450 -11696.8 151450
-11499.7 148255 -11499.7 148255
-11272.6 148251 -11272.6 148251
-12810 148240 -12810 148240
-13742.8 148251 -13742.8 148251
-14105.7 148251 -14105.7 148251
-14994 149132 -14994 149132
-15606.3 150257 -15606.3 150257
-15600.7 150842 -15600.7 150842
-15581.8 152530 -15581.8 152530
-14859.3 153020 -14859.3 153020
-15895.7 152799 -15895.7 152799
-16274.2 152821 -16274.2 152821
-17049 152801 -17049 152801
-17259.4 150744 -17259.4 150744
-16993.3 148398 -16993.3 148398
-17043.4 145991 -17043.4 145991
-14143.6 145860 -14143.6 145860
-13974.4 144395 -13974.4 144395
-13943.2 144655 -13943.2 144655
-14375.1 147282 -14375.1 147282
-14861.6 148983 -14861.6 148983
-15284.6 149110 -15284.6 149110
-15839 144853 -15839 144853
-17483.1 143854 -17483.1 143854
-18141 144076 -18141 144076
-18983.7 144098 -18983.7 144098
-19356.7 144078 -19356.7 144078
-19623.8 144958 -19623.8 144958
-19510.3 148137 -19510.3 148137
-19673.9 149128 -19673.9 149128
-19731.8 150947 -19731.8 150947
-19629.4 151069 -19619.4 151083
-19640.5 152572 -19640.5 152572
-22091.8 152817 -22091.8 152817
-23518.9 152830 -23518.9 152830
-24605.4 154106 -24605.4 154106
-24577.5 154821 -24577.5 154821
-24597.6 154115 -24597.6 154115
-24557.5 154932 -24557.5 154932
-23535.6 153641 -23535.6 153641
-21938.2 152370 -21938.2 152370
-21937 152441 -21937 152441
-21960.4 155591 -21960.4 155591
-21963.8 156753 -21963.8 156753
-21957.1 162052 -21957.1 162052
-22126.3 160678 -22126.3 160678
-21990.5 160674 -21990.5 160674
-21932.6 156735 -21932.6 156735
-20639.1 155738 -20639.1 155738
-20637.9 155511 -20637.9 155511
-20641.3 153739 -20641.3 153739
-19543.7 151448 -19543.7 151448
-19475.8 150290 -19475.8 150290
-19493.6 140354 -19493.6 140354
-14437.4 139272 -14437.4 139272
-14873.8 139888 -14873.8 139888
-15200 140133 -15200 140133
-16001.5 142551 -16001.5 142551
-15683.1 142736 -15683.1 142736
-15700.9 149012 -15700.9 149012
-15803.3 149092 -15803.3 149092
-18309.1 149090 -18309.1 149090
-18560.7 150074 -18560.7 150074
-18555.2 152739 -18555.2 152739
-17256.1 153997 -17256.1 153997
-17253.8 154854 -17253.8 154854
-16423.4 155201 -16423.4 155201
-18125.5 155097 -18125.5 155097
-20658 155544 -20658 155544
-20900.7 155709 -20900.7 155709
-21055.4 156257 -21055.4 156257
-23463.2 156782 -23463.2 156782
-24034.3 156778 -24034.3 156778
-24554.2 156114 -24559.7 156097
-24793.5 156493 -24793.5 156493
-24780.1 156475 -24780.1 156475
-24127.8 156760 -24127.8 156760
-24203.5 156613 -24203.5 156613
-22927.8 152855 -22927.8 152855
-20377.5 152830 -20377.5 152830
-20224.9 152828 -20224.9 152828
-18473.9 152835 -18473.9 152835
-15775.5 152833 -15775.5 152833
-15508.3 152839 -15508.3 152839
-13315.3 152345 -13315.3 152345
-13204 152087 -13204 152087
-13323.1 152062 -13323.1 152062
-16441.2 152750 -16441.2 152750
-16456.8 152730 -16456.8 152730
-16514.7 151572 -16514.7 151572
-16894.3 151584 -16894.3 151584
-16738.4 150746 -16738.4 150746
-16592.6 150882 -16592.6 150882
-18555.2 153204 -18555.2 153204
-18554 153358 -18554 153358
-19557 153207 -19557 153207
-18765.5 152837 -18765.5 152837
-17253.8 154157 -17253.8 154157
-17251.6 154369 -17251.6 154369
-17259.4 156744 -17259.4 156744
-16568.1 157484 -16568.1 157484
-16681.6 157468 -16681.6 157468
-16859.8 155199 -16859.8 155199
-11785.8 155019 -11785.8 155019
-11563.2 154999 -11563.2 154999
-9664.06 153659 -9664.06 153659
-7274.03 152906 -7274.03 152906
-7177.19 152899 -7177.19 152899
-5056.55 152773 -5056.55 152773
-2320.32 152679 -2320.32 152679
-2239.05 152686 -2239.05 152686
-2558.54 152793 -2558.54 152793
-3150.76 151043 -3150.76 151043
-3273.21 151040 -3273.21 151040
-3636.11 149090 -3636.11 149090
-3679.53 147327 -3679.53 147327
-2718.84 145639 -2718.84 145639
-1521.04 146930 -1521.04 146930
-1577.82 146988 -1577.82 146988
-2226.81 146392 -2226.81 146392
-2458.35 146991 -2458.35 146991
-4869.53 147062 -4869.53 147062
-5948.22 145454 -5948.22 145454
-5917.05 145454 -5917.05 145454
-5313.7 145421 -5313.7 145421
-5934.86 145437 -5934.86 145437
-5978.28 145477 -5978.28 145477
-6049.52 145619 -6049.52 145619
-7559.01 147138 -7559.01 147138
-8169.04 147189 -8169.04 147189
-10387.6 147311 -10387.6 147311
-10458.9 149825 -10458.9 149825
-10434.4 150773 -10434.4 150773
-10932 154903 -10932 154903
-11493 164568 -11493 164568
-11566.5 165819 -11566.5 165819
-11678.9 174745 -11678.9 174745
-11910.5 185661 -11910.5 185661
-11792.5 187540 -11792.5 187540
-12608.5 188920 -12608.5 188920
-12723.1 188564 -12723.1 188564
-12468.2 187947 -12468.2 187947
-12421.4 186073 -12421.4 186073
-12214.4 185574 -12214.4 185574
-12019.6 182130 -12019.6 182130
-11581 175849 -11581 175849
-11655.6 174671 -11655.6 174671
-11648.9 171597 -11648.9 171597
-11400.6 163292 -11400.6 163292
-11284.9 161930 -11284.9 161930
-7481.09 161050 -7481.09 161050
-7965.33 159256 -7965.33 159256
-8263.66 159278 -8263.66 159278
-9560.54 159363 -9560.54 159363
-9628.44 157248 -9628.44 157248
-9628.44 157147 -9628.44 157147
-9634.01 156998 -9634.01 156998
-10926.4 154914 -10926.4 154914
-10492.3 154761 -10492.3 154761
-10423.3 150864 -10423.3 150864
-10521.2 146265 -10521.2 146265
-10241.8 146060 -10241.8 146060
-9363.5 145490 -9363.5 145490
-9484.84 149148 -9484.84 149148
-9453.67 151410 -9453.67 151410
-8241.4 151276 -8233.61 151279
-8077.76 151586 -8077.76 151586
-8133.42 151768 -8133.42 151768
-8149.01 151784 -8149.01 151784
-8409.49 151252 -8409.49 151252
-9570.56 151403 -9570.56 151403
-9700.8 151697 -9700.8 151697
-9701.91 151719 -9701.91 151719
-9715.27 151737 -9715.27 151737
-10072.6 151555 -10072.6 151555
-10054.8 151025 -10054.8 151025
-10437.7 149317 -10437.7 149317
-10513.4 148346 -10513.4 148346
-10513.4 148369 -10513.4 148369
-10707.1 149235 -10707.1 149235
-10788.4 149949 -10788.4 149949
-10781.7 150103 -10781.7 150103
-10863 151866 -10863 151866
-10855.2 154135 -10855.2 154135
-10996.6 154231 -10996.6 154231
-12228.9 155012 -12228.9 155012
-13457.8 154404 -13457.8 154404
-13539.1 154418 -13539.1 154418
-14361.7 153679 -14361.7 153679
-15532.8 152505 -15532.8 152505
-15923.6 152764 -15923.6 152764
-16571.4 152817 -16571.4 152817
-17049 152826 -17049 152826
-17270.5 154965 -17270.5 154965
-17271.6 159247 -17271.6 159247
-17365.1 161990 -17365.1 161990
-20655.8 161124 -20655.8 161124
-20648 159672 -20648 159672
-20642.4 156858 -20642.4 156858
-20961.9 155649 -20961.9 155649
-21164.5 155829 -21164.5 155829
-21457.3 156413 -21457.3 156413
-21560.8 156566 -21560.8 156566
-21557.4 156450 -21557.4 156450
-23092.5 156782 -23092.5 156782
-24281.4 156508 -24281.4 156508
-24533 156092 -24533 156092
-22512.6 156811 -22512.6 156811
-21553 156580 -21553 156580
-22077.3 156784 -22077.3 156784
-24535.2 156094 -24535.2 156094
-24110 156833 -24110 156833
-22000.5 156836 -22000.5 156836
-21728.9 156840 -21728.9 156840
-21042 155660 -21042 155660
-21027.6 155645 -21027.6 155645
-21557.4 156798 -21557.4 156798
-23973.1 156782 -23973.1 156782
-24507.4 155930 -24507.4 155930
-22568.2 156827 -22568.2 156827
-21993.8 156820 -21993.8 156820
-21446.1 156597 -21446.1 156597
-20673.6 156121 -20673.6 156121
-20640.2 156007 -20640.2 156007
-21158.9 155994 -21158.9 155994
-21460.6 156517 -21460.6 156517
-21650.9 156615 -21650.9 156615
-21583 156604 -21583 156604
-21561.9 156473 -21561.9 156473
