-1751.47 145307 -3517 143522
-5288.09 143582 -7348.62 143584
-7909.67 141618 -10379.8 141549
-10601.4 140131 -9600.61 139452
-8970.54 139552 -9185.39 137426
-9458.12 137181 -9302.28 136306
-8461.81 135124 -8190.19 133826
-11851.5 124232 -14438.6 117371
-13505.7 117034 -12107.5 117348
-12694.2 117669 -13401.1 114786
-14105.7 115129 -13001.4 114483
-12900.1 115536 -11677.8 117090
-12500.5 117026 -13039.3 113967
-13622.6 114060 -14199.2 115331
-13595.9 114966 -12560.6 117742
-10900.8 118597 -9306.73 118709
-8454.02 118533 -7205.02 117927
-4710.35 117130 -4358.58 117104
-2689.9 115730 -1434.21 115456
174.353 112982 580.669 112985
3515.05 111386 4667.21 111054
5387.44 103914 5157.01 103494
5115.83 105043 4656.08 111115
3328.03 111669 473.803 113837
-1516.59 116360 -3201.97 115741
-4033.52 114614 -4035.75 113212
-4034.64 114568 -5802.39 114552
-7569.03 114459 -9484.84 114191
-11707.9 114332 -13870.8 115073
-15271.2 115674 -16700.6 115908
-15480.5 115151 -14135.8 115278
-14128 115095 -15603 114309
-17133.6 110353 -19848.7 105426
-20199.3 103324 -21081 100178
-22698.5 95607.7 -23661.4 91103.7
-24664.4 87091.8 -23836.1 84858.7
-22914.4 84745.2 -24059.9 84849.8
-25254.4 85003.4 -22913.3 95351.7
-21275.8 100052 -20280.6 102630
-20245 104458 -19502.5 106210
-17383 110104 -16063.8 113739
-15930.2 113853 -14124.6 115262
-14179.2 114788 -14179.2 114788
-14170.3 114793 -15222.2 115093
-15483.8 114490 -14738 115558
-15275.7 115445 -13560.2 119802
-9881.14 129364 -8908.2 131994
-7704.84 137989 -7788.33 139060
-7982.03 139223 -8767.94 139323
-9532.71 139372 -9532.71 139372
-9530.48 139385 -10197.3 139363
-10360.9 139387 -10682.6 137526
-12825.5 137453 -14674.6 137577
-15207.8 137580 -15432.6 136157
-12245.6 135282 -2388.22 134708
1303.13 137560 2982.94 137130
6208.98 131292 9348.19 127409
14016.9 123605 15188 121274
15768 114837 15850.4 114318
15461.9 114234 15608.8 114617
15515.3 117662 15790.3 119292
15727.9 118491 15997.3 119619
16028.5 119929 16094.2 121147
15868.2 122320 16501.6 122073
16985.8 121939 16224.4 121761
15524.2 121343 15586.5 119406
13947.9 118415 13343.4 117927
13118.6 114594 13173.1 112027
12297 110600 12368.3 109583
10413.5 109859 7213.08 110845
3651.97 111235 3047.51 112101
513.878 113826 -858.692 114592
-1761.49 115961 -1878.38 116852
-2831.27 117275 -2977.1 118459
-3176.36 118747 -3936.68 119352
-4043.54 119372 -4138.16 120405
-4396.43 121605 -3461.34 118519
-2566.33 117999 -1918.45 117798
-2257.98 117444 -2207.88 115741
-4076.94 115743 -2822.37 115752
-1538.85 116255 -2111.04 116741
-1211.57 116999 -2039.79 116772
-3572.66 117139 -3729.62 119279
-3925.54 119341 -4292.9 121120
-4450.97 124887 -4733.72 129830
-4724.82 131181 -4779.36 137101
-4745.97 139819 -4036.86 141111
-4609.05 141336 -4702.55 140280
-4749.31 138303 -4763.78 136110
-5623.17 134875 -7970.89 135044
-12069.7 135244 -13067.1 133911
-13033.7 134558 -12511.6 133844
-11877.1 133808 -9180.94 133652
-9005.05 134912 -8967.2 137072
-8760.15 137450 -7739.35 137422
-7650.29 137272 -7265.13 135057
-4954.14 134890 -4723.7 134029
-4100.32 133387 -3658.38 132579
-3721.83 130535 -3607.17 126555
-3631.66 124598 -3127.38 123077
-3914.41 123106 -4091.41 120350
-3995.68 118678 -3694 117141
-1932.92 116251 -599.317 114205
705.347 113771 3584.07 111313
4929.92 108703 5180.23 103487
5160.35 103476 5160.35 103476
5169.26 103491 5169.26 103491
5161.47 103494 5184.84 103496
5162.58 103500 5228.26 103560
5103.58 105101 4860.9 109104
3253.45 111785 2443.04 113036
-9020.64 139416 -878.729 114626
-1791.55 116883 -2315.86 117433
-2517.35 118123 -3184.16 119662
-4395.31 121875 -4335.2 123482
-4732.61 129776 -4754.87 131470
-5037.63 133390 -4771.57 133931
-6338.95 135449 -6249.89 137353
-7173.85 138379 -7505.58 138272
-7221.71 138426 -7825.07 139891
-7907.44 142947 -7928.59 145345
-7870.71 146349 -8150.12 147215
-8141.21 147558 -8117.84 149257
-6603.89 149531 -5988.29 149351
-4329.63 149128 -3869.88 150337
-4379.73 149208 -3916.64 149121
-3402.34 149139 -1887.28 149074
-1085.78 149128 -1031.24 149366
-1072.43 149261 -1240.52 149050
-1256.1 149070 -1810.47 149012
-2324.77 147908 -2401.58 147296
-1784.87 148542 -1732.55 151252
-931.049 154765 -583.733 157448
-2337.01 160928 -6517.06 163241
-6296.65 163279 -6930.06 164034
-5826.88 164112 -4568.97 164132
-4473.24 164156 -4045.77 164114
-4595.69 164058 -5595.34 164595
-5274.74 165127 -4911.83 164123
-3966.73 164083 342.446 163045
1230.78 159463 1312.04 152897
1363.25 152354 1358.79 152570
895.703 152585 684.196 152608
26.2982 151693 20.7322 145581
-256.453 143037 439.293 141576
-3186.38 139078 -9956.83 139410
-10712.7 137110 -10748.3 135273
-11205.8 133726 -12254.5 133539
-12247.8 133712 -11336.1 133788
-10782.8 135028 -10798.4 138780
-9775.38 139445 -6194.23 139830
-6108.52 143415 -4251.71 143582
-2868.01 143600 -1873.93 144268
-2407.15 145236 -2762.26 143622
-1876.15 143978 -1701.38 152452
-1121.41 151550 -393.376 151528
516.104 151254 804.421 151432
19.619 149887 32.9773 149257
10.7134 149293 16.2794 149344
545.047 148545 543.934 149057
1198.49 149328 1434.49 149317
2506.5 149388 6998.24 148026
7245.37 147514 7201.95 145641
5854.99 146409 4524.72 146964
4333.25 146973 2535.44 146982
1337.64 146950 99.769 144312
-489.111 144878 -898.767 145350
-1849.44 146127 -1715.85 151341
-30.4748 153696 -779.655 153496
-711.75 153040 -703.958 152712
-1074.65 152612 -1747.02 149123
-1764.83 147632 -1827.17 144450
-397.829 143246 2367.35 138642
361.37 136284 -3917.75 134797
-6175.31 134906 -8474.06 133100
-9792.08 129453 -9127.5 127169
254.503 128422 3510.6 128999
6402.68 130974 9054.31 127630
13883.3 123852 15142.4 121349
15573.2 114550 15421.8 114254
15283.7 116447 15435.1 118317
12654.4 118170 11752.7 117629
9506.27 114690 8001.23 114597
7378.95 114203 5946.27 111115
4711.74 110048 5155.9 103507
4996.71 107942 4755.15 109727
2608.91 112691 2589.99 112684
83.0711 113924 -256.453 114062
-1522.16 116986 -2414.94 118063
-2836.84 117954 -3710.7 118511
-3239.82 118491 -2011.96 117540
-2373.75 117388 -3916.64 119294
-4437.61 124709 -4483.25 125201
-4733.72 131230 -4780.48 137108
-4757.1 138370 -4732.61 141710
-3748.55 145428 -3430.17 145410
-1624.57 147013 -1299.52 149066
-1581.16 149050 -2367.07 148175
-2358.17 147915 -808.598 147028
-451.262 147031 577.33 148017
559.519 148329 85.2975 148498
16.2794 150778 14.053 151492
-744.033 152583 -1018.99 152372
-1501.01 151829 -1521.04 151223
-1691.36 150620 -1844.98 143782
2834.89 137422 3628.6 135994
5488.75 136609 5497.65 138466
3411.52 137027 3411.52 137027
3410.41 137032 -1443.12 145365
-2550.75 144550 -2402.69 145038
-1878.38 145548 -1849.44 146864
-1100.26 148117 -1008.97 147926
-810.824 148520 -1086.9 149115
-1562.23 149005 -2666.52 148881
-2401.58 147284 -2377.09 147057
-2025.32 148427 -2404.92 147732
-1978.57 147031 -1917.34 146973
-2718.84 146305 -1898.42 145423
-1030.12 145354 1178.45 145307
1320.94 143593 1983.29 141914
1890.9 141324 1362.13 141839
744.309 141868 744.309 141868
761.007 141877 761.007 141877
757.667 141890 774.365 141841
414.803 141543 -585.959 140950
-1106.93 139521 -1170.39 139434
-2836.84 138199 -2836.84 138199
-2837.95 138194 -637.166 134465
516.104 129556 4406.72 130099
6109.91 131490 9649.87 127189
13828.8 123914 15500.8 120590
15653.3 114853 15862.6 114361
15572.1 114274 15470.8 116534
15827 117386 15750.2 118833
15749.1 119762 14543.5 118531
12509.7 118085 11091.5 117268
10315.6 118266 9292.53 116629
6707.69 115754 4683.91 111195
5001.17 106377 -4043.54 164127
5149.22 103496 4997.83 108060
4957.75 108519 716.479 113791
578.443 113802 -2807.9 116456
-3067.27 116445 -2832.39 117932
-2139.98 115732 -2386 115737
-2077.64 115752 -1950.74 115770
-1226.05 117014 -1226.05 117014
-1228.27 117019 -2158.9 116741
-1688.02 116932 -1502.12 116431
-1488.76 116289 -3201.97 115737
-3226.46 115576 -3219.78 115318
-2105.47 116493 -3906.62 115743
-3741.87 115752 -4062.47 120143
-3658.38 128115 -3725.17 128705
-2968.2 133325 -2942.59 133427
-4757.1 133292 -4745.97 133040
-4189.37 132243 -4182.69 132341
-3756.34 133309 -3879.9 133329
-4058.01 134273 -4058.01 134273
-4052.45 134278 -8088.89 135004
-10775 139884 -10786.2 140367
-10457.8 149259 -10231.8 149226
-9497.08 149286 -10775 148164
-10772.8 147988 -10562.4 141698
-12148.7 140652 -12148.7 140652
-12146.5 140659 -12369.1 140712
-11136.8 139494 -11106.8 139485
-9659.61 142843 -9563.88 142832
-10841.8 154654 -10663.7 151414
-10468.9 151428 -10445.5 149237
-10502.3 145319 -9871.12 144435
-4672.5 143696 -4727.04 140282
-936.615 135333 -34.9275 132566
3196.68 123446 3614.13 120448
3960.33 111184 4697.26 110366
5153.67 103545 5153.67 103545
5154.79 103549 5154.79 103500
4661.64 110963 2175.88 113434
245.598 113886 -1752.59 115999
-1233.84 116997 -2219.02 116712
-3177.48 115719 -2195.64 115741
-1525.5 115590 -1867.25 109418
-3778.6 109066 -1981.91 109164
-1841.64 112444 -4043.54 112399
-4100.32 112564 -3237.59 115703
-3150.76 115759 -2171.15 116676
-2337.01 117235 -2388.22 118074
-2465.03 118030 -3997.9 119328
-4259.5 120345 -4261.73 120387
-5154.51 121694 -5393.85 121719
-3976.75 123057 -3853.19 123783
-2547.41 122565 -2722.18 122995
-2364.84 123052 -711.75 127868
96.4295 128327 2529.87 129324
1405.55 131328 2454.18 132777
2559.93 132597 1750.64 134892
1897.58 135068 2119.1 135278
2308.35 134939 3203.36 136789
3454.94 137114 7296.57 137497
7535.91 137212 9894.77 138802
9669.91 139109 9384.93 139911
9907.02 139833 11630.2 139817
11451 139813 8967.48 141155
7445.74 145503 6925.88 145788
3904.67 146973 -2967.08 147020
-5233.55 147066 -5354.89 147062
-5859.16 144749 -5873.63 144664
-5855.82 144715 -5964.92 144751
-6042.84 145962 -5651 148560
-5629.85 148894 -5248.02 151931
-5231.32 152483 -4259.5 154772
-5529.66 157448 -5688.84 157517
-5674.37 162041 -5766.77 162224
-7011.32 162475 -6954.55 162219
-3263.19 160948 -3197.51 161070
-3396.78 155228 -3111.8 155199
-1128.08 156591 -1120.29 156849
-1202.67 156152 -1248.31 155999
-5381.6 156239 -5776.79 156428
-7290.73 156842 -7290.73 156842
-7292.96 156847 -10802.9 156840
-15359.2 155115 -15667.5 149226
-15894.6 149103 -18036.4 150377
-18043.1 150829 -17252.7 152692
-19201.9 152833 -19442.4 152819
-20646.8 154979 -20646.8 151147
-22099.6 148591 -22582.7 148366
-27390.6 148983 -29221.8 148979
-27076.7 149582 -27091.1 150295
-27893.7 151459 -27941.6 151437
-27609.9 148994 -26966.5 149028
-23538.9 148789 -23158.2 148616
-19502.5 150148 -19576 151345
-18683.2 161894 -18885.8 162203
-17418.6 162072 -17418.6 162072
-17414.1 162074 -12233.3 161631
-11473 161634 -11459.6 160362
-11512 159975 -11114.6 156450
-11277.1 156304 -10466.7 148266
-10483.4 147298 -13855.2 145739
-13902 144858 -13868.6 145762
-9534.93 144268 -8865.9 143760
-3828.7 143578 -3828.7 143578
-3818.68 143584 -1806.02 148128
-1800.45 148870 -4045.77 149081
-2673.2 149072 -2672.09 148480
-1598.97 145430 -1321.78 145425
-811.938 144009 1828.56 138996
15700.1 120341 15773.6 119851
13609.5 118375 11741.6 117627
9909.24 115563 8384.17 111511
4729.55 111106 5132.52 104974
5146.99 103536 5146.99 103536
5158.13 103520 5259.43 103968
8396.41 102458 14462.2 103759
14659.2 103754 23488 103280
24217.1 105424 24165.9 105404
24074.6 105099 23024.9 103340
20797.4 103053 20715 103008
20733.9 102984 19505 103458
18648.9 103496 12253.6 102970
11126 102968 5418.61 102594
5416.39 102665 5177.05 103482
5133.64 103511 5133.64 103511
5142.54 103507 4765.17 109672
4502.45 111139 2604.46 112682
2441.93 113034 -1082.44 114924
-1472.06 115489 -4041.32 115745
-4056.9 115725 -2042.02 115754
-1518.82 116340 -2859.1 118317
-2837.95 118277 -3523.68 117139
-3229.8 117905 -2323.66 118123
-2201.2 117651 -3721.83 119254
-3980.09 119354 -4633.54 127171
-7087.02 130041 -7110.39 130571
-9708.59 135084 -10742.7 135115
-4251.71 139158 -339.943 140677
-345.509 141669 -414.527 140612
-3737.41 139123 -6558.25 139269
-8218.02 133692 -8222.48 131878
-7764.95 132368 -7764.95 132138
-9714.16 131945 -10849.6 132670
-11307.1 134719 -10757.2 136179
-10189.5 136366 -15797.8 141008
-15662 148965 -17437.5 149121
-17241.6 149181 -16810.8 149584
-15905.7 149097 -16844.2 149123
-18374.8 149103 -18905.8 150085
-19519.2 150079 -19541.4 150600
-19548.1 157815 -18567.4 162128
-18221.2 167554 -17755.9 167126
-17840.5 167146 -18060.9 167342
-17859.4 167213 -18273.5 167395
-18727.7 161406 -19582.6 156931
-20289.5 154429 -19718.4 154424
-19551.5 152973 -19554.8 152570
-19238.7 147224 -18310.2 147340
-15566.2 146280 -15639.7 142836
-13452.3 139559 -14179.2 139546
-16535.8 138032 -16782.9 134378
-18133.3 128961 -18760 127260
-19659.4 125192 -20013.4 125085
-19944.4 125377 -19857.6 125751
-19504.7 125668 -18758.9 127334
-196444 130713 -17053.5 133897
-14280.5 135445 -11204.7 135242
-10855.2 139517 -8962.75 139490
-8169.04 140327 -8106.7 140788
-8311.53 141554 -8961.64 141609
-10839.6 141567 -12178.8 141598
-14046.7 142934 -13856.4 143008
-13387.7 142914 -13760.6 141828
-12047.4 141612 -11027.7 141589
-9113.03 141636 -8017.65 141627
-7919.69 143662 -6547.12 143660
-8363.85 143604 -8359.4 143172
-8634.36 145601 -8677.77 147244
-10511.2 148135 -10473.4 150457
-10755 150328 -10816.2 149371
-10762.8 148803 -10766.1 147552
-10234 147318 -10136.1 147200
-10197.3 145488 -10969.8 144911
-11642.2 143557 -11578.8 143504
-11191.4 141576 -10307.5 141612
-9891.16 141698 -11099 141572
-11335 143279 -11310.5 143362
-10789.5 141580 -9209.88 141618
-8889.28 139488 -7324.13 139367
-4882.89 139238 -4749.31 138740
-4753.76 135959 -4721.48 133835
-4766.01 133672 -5008.68 134489
-5089.95 134523 -5096.62 134498
-3715.15 134783 -742.92 135106
2465.31 138083 4711.74 134031
8932.97 127721 12300.4 125403
15212.5 121227 15392.8 116738
15872.6 114396 15872.6 114396
15874.9 114378 15233.7 115728
15317.1 116957 15317.1 116957
15323.8 116957 15035.5 118631
12423.9 118021 11743.8 117633
10890 118208 10986.8 117431
11631.4 117598 12416.2 119386
12825.8 121454 12825.8 121454
12832.5 121461 12444 119281
12270.3 117945 8712.56 112749
6941.46 110914 5002.28 105827
5174.82 103540 4746.24 103071
5390.78 100929 4619.34 93688.6
