-3551.51 153238 -3581.57 152176
-3502.53 151094 -2654.28 149702
-2665.41 148763 -2774.5 142658
-3509.21 141957 -3600.49 138475
-3658.38 137319 -3599.38 139036
-2725.52 139136 -424.546 140554
-307.66 140387 -47.1727 138662
-241.982 140276 -348.849 140472
-392.263 142723 -719.542 143809
10.7134 145258 10.7134 150352
-1034.58 151018 -1030.12 151506
-1705.83 149894 -1290.61 149108
1116.12 150143 1185.13 150165
1366.58 149442 1228.55 149805
1240.79 150760 422.596 152612
-1437.55 152610 -2589.71 153389
-2863.56 152937 -1542.19 152766
-1689.14 150758 -1742.57 147543
-2450.56 146999 -2686.56 148634
-2669.86 149618 -2652.05 151018
-2548.52 145390 -2761.14 143742
-5687.73 143600 -8165.7 143642
-9637.35 144292 -11643.3 146100
-11644.4 146133 -13677.1 146737
-15610.8 147478 -16564.8 148375
-16559.2 148273 -13814.1 145913
-13718.3 145935 -12982.5 147173
-12864.5 149422 -12877.9 151210
-13118.3 153870 -13492.3 154166
-12880.1 152902 -12840 152902
-12345.8 150395 -11548.7 149669
-11545.4 149587 -10934.2 149286
-12000.7 149255 -12000.7 149255
-12000.7 149266 -13627 149286
-14950.6 149148 -18269.1 149074
-21164.5 149059 -21698.8 149798
-20786 149050 -20786 149050
-20773.7 149048 -17148.1 149161
-15606.3 149774 -15606.3 149774
-15606.3 149787 -15591.8 151125
-15097.6 152848 -14331.7 154534
-14022.2 152857 -13954.3 152862
-12870.1 151601 -12870.1 151601
-12870.1 151595 -12857.8 149782
-12938 147935 -13087.1 146447
-13177.3 146478 -13910.9 144737
-13923.1 144611 -13191.8 142204
-12886.8 139657 -12890.1 139592
-11705.7 137495 -10707.1 136424
-9588.37 135135 -5683.28 134915
-1140.33 134826 -1036.8 134897
3625.26 140628 3703.18 140754
4818.6 140841 4833.07 140803
4461.27 139730 4425.64 136934
3818.95 137442 3818.95 137442
3807.82 137457 4402.27 147480
3109.85 153331 -1438.67 153734
-1503.23 153719 -1996.38 152592
-2039.79 152597 -2835.73 152637
-3096.21 152619 -3296.59 152652
-3443.53 152565 -3443.53 152565
-3441.3 152572 -4845.04 152746
-5494.04 152790 -6011.67 152826
-7561.24 152392 -7252.88 154514
-6198.69 155426 -7289.62 156497
-7291.85 156377 -8451.79 153964
-8450.68 153821 -8539.74 151564
-8585.38 147712 -8683.34 144123
-10555.7 146532 -11067.8 144704
-12940.2 141683 -13025.9 141681
-14789.2 142665 -14053.4 142898
-12733.1 142785 -11458.5 147304
-11362.8 147298 -10461.1 149742
-10447.8 152470 -9671.86 155907
-9631.78 158352 -9627.33 158450
-10153.9 158361 -10153.9 158361
-10153.9 158359 -9650.71 156346
-10407.7 152187 -10471.1 148484
-9754.23 144388 -9635.12 144319
-7781.65 139913 -9068.5 137426
-9099.67 137433 -10767.2 139325
-10501.2 147841 -10455.5 149914
-10448.9 152572 -10446.6 152621
-9101.9 154004 -9103.01 154075
-9482.61 154605 -9482.61 154605
-9482.61 154607 -10474.5 148313
-13905.3 145846 -18595.2 144121
-22362.3 143929 -23301.8 144132
-20373 144056 -16698.3 144341
-16636 144386 -13855.2 145851
-13850.8 145802 -13741.7 139583
-13146.1 137520 -13086 137513
-12963.6 138076 -13846.3 139450
-14291.6 139512 -15585.1 146650
-15584 146868 -16475.7 151922
-17217.1 150584 -17172.6 150424
-14519.8 148237 -12865.6 149778
-12867.8 149981 -2616.43 153296
-3600.49 152238 -1159.25 146385
-719.542 147821 -719.542 147821
-713.976 147814 -639.392 145724
-1240.52 145261 -290.962 142611
2643.42 137513 4248.65 134634
7309.93 128997 7907.72 127298
9852.47 120851 10391.3 119675
12192.4 111825 12267 110858
14088.2 104320 17977.7 98332.8
18911.6 97435.6 22279.1 94254.1
22815.6 94187.3 23023.8 93543.9
23057.2 94222.9 25777.8 102792
29223.2 102478 33674.8 100619
33681.5 100555 27817.2 102579
23030.5 103712 22337 106061
20238.6 106032 15505.3 105880
14077 105983 11805 106061
11299.6 109276 9142.25 110282
9289.19 114276 9467.3 116266
9308.12 116916 10425.8 119606
8054.66 119241 7867.64 122149
6954.82 124094 6506.21 124653
6082.08 126243 4947.73 127681
4796.34 130092 3894.65 130368
2910.59 131096 2576.63 131697
1423.36 132020 1410 134394
2429.69 135781 3120.98 136682
3151.04 138363 3519.5 139499
3397.05 139695 2795.93 139416
2101.29 140498 1270.85 145746
1265.28 146897 1826.33 146995
3669.79 147008 6867.99 145860
7465.78 146652 7471.35 148747
7653.91 150802 8030.17 151746
7269.86 152675 4427.87 149865
3261.24 140071 -2596.39 134683
-5201.27 133552 -4915.17 133766
-4783.82 134429 -3946.69 134834
-3681.75 135765 -3680.64 135845
-2890.27 135910 -2558.54 131836
-2256.86 131956 -5757.86 134855
-9473.71 133726 -9013.96 134610
-8956.07 137319 -7940.84 138007
-7937.5 139129 -9580.57 136295
-10034.8 136324 -10732.7 135560
-12153.2 136578 -12135.4 136829
-12959.1 137168 -14173.6 136395
-12944.6 138559 -11486.4 139490
-10619.2 139463 -9135.3 139472
-9412.48 137655 -13066 133890
-14939.5 134291 -14417.4 133964
-12542.8 134494 -12254.5 133323
-12273.4 132410 -12483.8 132185
-14070.1 129269 -15004.1 133381
-13550.2 135333 -15236.7 135427
-15818.9 135264 -12027.4 135175
-13035.9 139425 -14276 139523
-14735.8 141819 -15044.1 141779
-12796.6 146027 -16589.2 137446
-16628.2 135783 -16089.4 135912
-15639.7 136144 -15005.2 136108
-14414.1 139392 -14038.9 143168
-13868.6 145773 -13192.9 145991
-10034.8 144533 -9464.8 144459
-10138.3 146423 -11593.2 147302
-11705.7 147289 -11800.3 148930
-11788 149115 -11714.6 151196
-12507.2 151348 -11756.9 151419
-11725.7 150593 -11784.7 149440
-12906.8 148440 -12950.2 147561
-12103.1 147336 -11828.1 147516
-11821.4 148576 -11804.7 149306
-12117.5 149306 -12954.7 147676
-13035.9 147247 -15589.6 143793
-15646.4 142518 -16288.7 141859
-15892.4 139456 -16018.2 137560
-16089.4 135652 -16061.6 135298
-14926.1 135358 -14466.4 135491
-12987 137103 -12325.7 137520
-12307.9 137520 -10989.9 137479
-10702.7 136547 -10185 136344
-8966.09 137386 -8940.49 138279
-9588.37 139392 -10851.8 139323
-9952.38 139701 -10277.4 141603
-10487.8 144691 -11385.1 145722
-15002.9 145523 -16482.4 144435
-19119.5 144098 -19362.2 144090
-19576 146423 -19996.7 149066
-20133.7 149066 -20385.2 149028
-20632.4 148616 -19714 148126
-19445.7 147661 -19522.5 144920
-19449 144208 -19378.9 142620
-18817.9 142422 -17841.6 142317
-16334.3 141440 -16109.5 141828
-15757.7 141816 -15609.6 141836
-14251.5 139964 -14251.5 139864
-13293.1 139499 -8960.52 139434
-7733.78 135062 -6868.83 134973
-4268.41 134830 -4151.52 134830
-3708.47 135554 -4325.18 134857
-4016.83 134832 -2820.14 134732
2401.86 138976 3353.64 140220
4387.8 146686 5770.38 147409
5774.84 148217 4456.81 149362
3766.63 149351 2146.93 149304
1875.31 149168 1874.2 147224
1207.4 148106 863.421 148155
356.917 147679 471.576 147638
-709.524 146436 -682.807 146129
-1885.06 147064 -1806.02 147705
-2142.21 152597 -7415.41 152897
-9189.84 152857 -9374.63 152572
-8589.83 151212 -8558.66 151201
-8551.98 148916 -8568.68 148162
-9103.01 145931 -9091.88 145521
-10402.1 145412 -10569.1 141683
-9124.16 139318 -9410.26 139020
-10584.7 137437 -10708.2 137446
-12978 137143 -13214 136460
-14853.8 135743 -14438.6 135507
-12993.6 135380 -10780.6 135177
-10789.5 133882 -10910.8 128937
-10445.5 127185 -12027.4 123718
-12943.5 119337 -12625.2 119223
-11486.4 120016 -11595.5 120016
-11892.7 119898 -13119.4 119417
-13440 119898 -12956.9 121574
-12610.7 122460 -11781.4 124635
-11375 125548 -10971 128870
-10920.9 129533 -10827.4 132038
-9937.91 131982 -9028.43 134180
-9025.09 134280 -8958.3 137123
-9249.95 137439 -10772.8 140472
-10609.2 141736 -10362 147336
-9359.05 147322 -8135.65 148625
-8131.19 149083 -8234.72 152396
-8520.81 152523 -8448.45 156448
-8451.79 156818 -8545.3 159320
-8430.64 158570 -8419.51 154992
-5713.33 154498 -5467.32 154440
-4232.79 156045 -4160.43 157141
-3501.42 155299 -3607.17 151232
-2679.88 148240 -2719.95 147463
-1250.54 145526 -1239.4 145296
-1262.78 145370 -1263.89 145381
-479.092 143390 -447.923 143382
4205.23 134714 7586 128260
8096.96 126746 9347.08 122690
9695.51 121327 11862.9 115790
11988.7 114260 12510.8 108104
12865.9 106604 18474.2 106025
18778.1 106154 18805.9 106092
19850.1 106034 20974.4 106047
27097 105223 27885.1 104195
31859.2 102318 32940.1 102133
32924.5 101296 32924.5 101296
32923.4 101294 31705.6 102298
28983.8 102476 26023.9 106401
24314 106317 21085.7 106036
18051.2 105960 15367.2 105887
12916 106426 12350.5 109765
11948.6 114623 11682.6 117531
10121.9 120040 9286.97 122903
8196.04 126383 7708.46 127837
5814.91 131597 4278.7 134523
2655.66 132597 2655.66 132597
2655.66 132595 2661.23 132619
2628.95 132564 3744.37 134066
4151.8 134594 2174.76 138553
1255.27 140198 -1875.04 144913
-1886.17 145575 -1246.08 145474
-1232.73 145414 -659.43 145359
-228.623 143573 -117.304 142778
755.441 142903 683.083 143032
-262.019 144125 -421.206 144526
-1840.53 145303 -2404.92 145307
-2767.82 142631 -3672.85 139013
-5145.61 137767 -5062.12 137764
-6232.08 135482 -8282.59 133603
-8845.87 132105 -11949.5 123970
-15345.8 115126 -16086.1 113216
-20143.7 104709 -20219.4 102946
-23142.6 93347.9 -23616.8 91529
-25680.7 85317.3 -25960.1 85074.7
-25895.6 85339.6 -25284.4 85072.4
-24231.3 89425 -23320.7 93016.2
-21791.2 98762.5 -21077.7 100566
-20245 104213 -20030.1 105172
-17476.5 109872 -16211.9 113118
-15528.4 115886 -15034.1 116075
-14279.4 118070 -13572.5 119871
-13127.2 121138 -11086.7 126343
-10957.6 128055 -12104.2 128892
-11822.5 128883 -12227.8 131128
-12442.6 132029 -10825.1 133579
-10790.6 134993 -10775 140490
-10601.4 142121 -10492.3 143466
-10542.4 145900 -10549.1 147104
-10756.1 146984 -10541.3 147031
-10495.6 148687 -10433.3 154660
-9668.52 156097 -9658.5 157381
-9638.46 157372 -9679.65 153089
-9667.4 151528 -9519.35 149564
-8891.51 149210 -8616.55 149206
-8130.08 149460 -6748.61 149571
-5465.09 149304 -5133.36 151152
-4015.71 151080 -2107.7 151034
-2646.48 150299 -2714.39 146592
-2467.26 145383 -1547.76 145463
-1547.76 146294 -1834.96 147126
-1768.17 149736 -1217.14 153774
-181.869 153719 2808.17 153403
3063.09 153841 3002.98 157791
2139.14 157967 1276.42 156951
1294.23 155780 1317.6 153601
971.401 150016 145.41 149337
32.9773 147298 22.9586 143943
-631.6 142727 -1440.89 142048
-1772.62 142010 -2078.75 141244
-2960.4 141293 -3584.91 139258
-3650.58 137742 -3661.72 137724
-2912.54 137720 -2868.01 137889
-3493.62 139080 -6963.45 136306
-6947.87 137381 -8869.24 137426
-8954.96 137551 -9413.59 138964
-9424.73 138303 -9418.05 137430
-11067.8 137439 -13762.8 137508
-13902 138230 -13927.6 138920
3171.07 136751 5706.93 138488
6241.27 138559 9605.34 137453
11374.2 137678 11374.2 137678
11378.7 137686 11565.7 138063
10543.8 145227 6637.56 145944
1666.03 146966 1320.94 146138
-1621.23 145359 -2044.24 146895
-2696.58 147024 -2722.18 147810
-2721.07 145575 -2743.33 144648
2.92109 142516 13176.5 124591
15064.4 121512 15606.6 119443
15855.9 114329 15259.3 116113
15372.8 117567 13232.1 116945
13644 115903 13644 115903
13652.9 115895 13273.3 116322
13222.1 116925 13302.3 117576
13637.3 117714 14214 117865
14780.6 117972 15426.2 118030
15415.1 117916 15415.1 117916
15415.1 117912 15190.2 115191
15194.7 114942 15339.4 115037
15522 115077 15654.4 114703
15529.8 118686 13909 123760
10733 126403 5278.35 132962
2987.4 137108 -632.713 143446
-1857.23 144141 -1702.49 151394
-1133.65 154669 -737.354 160830
-2429.41 162126 -3187.5 161825
-3254.29 158726 -3511.44 155380
-3547.06 153732 -3627.21 150290
4257.55 134627 8133.7 126646
9158.95 123509 11178.3 118724
11915.2 115113 12346 109939
12734.5 107018 15476.3 105925
18125.7 106009 18792.5 106174
18802.6 106143 18804.8 106098
19090.9 106034 24336.2 106321
25677.6 106444 27938.5 102550
30821.7 102376 33629.2 100530
33682.6 100615 33682.6 100615
33672.6 100610 33251.8 101294
29236.5 102472 28986.1 102485
24523.3 103672 21671.3 103231
21429.7 103264 21523.2 102271
21391.8 102276 21270.5 102274
20136.2 106023 15404 105889
11770.5 106070 11649.2 106090
11287.4 108973 11298.5 109166
8999.76 113541 9170.08 113980
10743 119270 10727.4 119321
7956.7 120016 7942.23 120392
6722.17 124640 6588.58 124649
4944.39 127211 4651.62 130486
4506.91 130631 2581.08 131076
2562.16 131303 2558.82 131328
2014.46 131862 -226.397 133329
-273.151 133463 -2213.45 133541
-3639.45 133336 -4039.09 134258
-4010.15 134253 -4444.29 135945
-3645.02 139071 -3749.66 139078
-8300.4 141587 -8905.98 139652
-8664.41 139456 -8602.08 141596
-9286.69 139374 -9431.41 138297
-8950.51 137994 -10634.8 138909
-10681.5 137551 -10724.9 137484
-10699.3 135235 -6699.63 134961
-4663.59 134872 -4671.38 133407
-3289.91 133610 -2914.76 134607
-2709.93 134763 742.083 136803
2774.78 139468 4048.27 141215
3653.09 141954 3648.63 141923
2406.31 142796 2043.41 143003
477.142 141652 -362.207 140543
-5399.41 139196 -11158 139419
-11910.5 139396 -12958 137535
-13775.1 136462 -14843.8 136482
-11976.2 135262 -10861.9 135195
-10187.3 136466 -10804 138791
-11125.7 139399 -12358 139249
-12993.6 139419 -13588.1 139465
-13898.7 138297 -13917.6 137591
-14888.3 135456 -12629.6 133830
-9062.94 135077 -1258.33 134732
-213.039 135571 1693.86 134935
1918.73 134505 2587.76 133263
2306.12 133721 1996.65 138466
4412.29 146579 4408.95 148640
1408.89 153474 1383.28 153476
483.821 154736 636.329 155279
1201.83 158964 1191.81 160721
746.535 160874 655.253 160342
670.838 158330 671.951 158187
1186.25 158410 1197.38 160149
-572.601 163960 -247.548 164833
-525.846 164390 354.691 163123
954.703 162163 1110.55 161936
1227.44 159884 984.759 155965
-867.597 155901 -2552.97 155945
-3372.29 156027 -4810.53 156117
-5534.11 156333 -7399.83 156856
-8360.51 156862 -9620.65 156887
-9659.61 157909 -9611.74 159467
-9599.5 160917 -10653.7 161268
-10739.4 159648 -11083.4 159472
-11266 155520 -12430.4 155048
-16418.9 155130 -17211.5 155063
-18538.5 155077 -18549.6 154603
-18443.8 154438 -17251.6 154422
-16592.6 152873 -15751 153131
-14889.4 152848 -13323.1 152882
-12870.1 151448 -12381.4 151388
-12340.2 151183 -11489.7 150415
-10804 150413 -10458.9 151285
-10450 151604 -10433.3 153133
-11307.1 156255 -11093.4 156856
-9542.73 158252 -9367.95 158256
-9608.4 158218 -10107.1 158223
-10178.4 157072 -10832.9 154603
-9814.34 154678 -4295.12 154333
-2675.43 154393 -1556.66 154409
546.16 155985 1207.4 156123
1180.68 157902 845.61 157953
-1103.59 157359 -1050.16 161046
-675.015 160799 264.522 157960
1450.07 157973 2965.13 157987
3029.7 157165 2892.78 157443
3039.72 157072 3059.75 154981
3591.86 154376 3085.36 153458
3077.57 152766 2368.46 152612
1410 152343 329.087 149275
17.3926 147097 -587.072 146993
-1812.7 144746 -1960.75 143090
-878.729 141249 -879.842 142268
-2000.83 141253 -1997.49 142342
-3481.38 143515 -6077.35 143598
-9896.72 144397 -10890.8 145468
-12077.5 143834 -12561.7 143943
-12754.3 142146 -12019.6 141609
-10591.4 140728 -9951.27 140002
-6925.6 139325 -6275.5 140441
-7413.18 140523 -7557.9 141251
-8058.84 141449 -9134.18 139365
-9429.18 138321 -8952.73 136322
-8983.9 135186 -9449.22 134547
-9039.56 134184 -8988.35 135807
-9420.27 135939 -8988.35 135758
-9200.97 136262 -10424.4 136319
-12117.5 135184 -12688.6 134981
-12268.9 132757 -11569.9 132069
-10078.2 131980 -9256.63 131940
-8997.26 133597 -8995.03 134979
-7868.48 135193 -7947.52 133588
-7279.6 132737 -7029.13 132203
-4865.08 130168 -4731.5 131604
-3764.13 132495 -2773.39 131729
-2613.09 132058 -2469.48 131909
-3225.34 134681 -5335.96 134837
-7724.88 136903 -7890.74 141264
-9922.32 144437 -10497.8 147514
-10408.8 154451 -11292.7 156882
-9974.64 161544 -9558.31 161540
-9647.37 161133 -11839.2 161602
-12685.3 161444 -12722 158757
-12638.5 157927 -12299 157829
-11989.5 155362 -11984 154015
-11683.4 151432 -10500.1 151412
-7753.82 137557 -6930.06 136996
-6945.64 136524 -5649.88 130117
-5604.24 130119 -4354.12 124390
-4310.71 123881 -3692.89 118450
-3701.79 118074 -1275.03 115211
-384.471 113960 -646.072 114265
-839.767 114563 -4054.67 114597
-4094.75 115055 -4071.37 119379
-4735.95 129077 -4739.29 129707
-5441.72 134507 -4780.48 135979
-4781.59 136208 -4696.99 143168
-4938.55 147843 -4926.31 148340
-6069.56 152842 -6066.22 153314
-3544.83 153794 -3738.53 144566
-3541.49 141226 -3687.32 135329
-3724.06 129024 -3648.36 128284
-4261.73 121225 -4197.16 120657
-4139.28 115779 -4076.94 115153
-1773.74 111491 -1793.78 111063
-938.842 109051 -506.922 113080
54.1281 113023 3710.97 111228
4137.33 111172 11137.1 109594
11521.1 109561 15132.4 105940
15296 105938 18782.5 106143
18805.9 106107 24371.9 106332
28900.3 102496 29316.7 102474
32925.7 101296 33047 101461
31047.7 102365 28546.4 102510
27511.1 103108 26315.5 106261
24453.1 106334 21627.8 106041
18530.9 105998 15575.4 105894
13008.4 106163 11828.4 116001
11491.1 118139 9508.49 121977
8911.82 124293 7724.04 127808
6355.92 130669 4384.46 134331
3115.41 133218 2428.57 132281
3645.29 133935 1253.04 140189
-1473.18 143453 -2697.69 145354
-4649.12 145203 -4754.87 139009
-4713.69 134563 -11279.3 135168
-14844.9 135433 -18565.2 137936
-21348.2 138150 -24712.2 135171
-26109.3 132915 -26294.1 132599
-25315.6 134075 -23473.2 137938
-22288.8 138205 -19781.9 138935
-17798.2 136763 -16077.2 138782
-11123.5 145632 -8308.19 143649
-5105.53 143629 -3714.04 146038
-4203.84 147053 -5491.81 147042
-6051.75 145570 -6261.03 144782
-6118.54 142306 -6168.63 139655
-5356 140042 -5977.16 140427
-6153.05 140102 -6153.05 140102
-6153.05 140104 -6196.46 140136
-6163.07 140120 -6147.48 140104
-6112.97 139205 -8360.51 139303
-8929.35 138343 -9408.03 137054
-9646.25 137428 -12912.4 137430
-12949.1 138252 -15119.8 140111
-16627.1 136638 -16776.3 134917
-16618.2 135741 -16011.5 137537
-16043.8 136916 -14827.1 137624
-14621.1 137602 -12928 139303
-12592.9 139503 -10621.4 141661
-10533.5 146280 -10442.2 152430
-9809.89 154718 -9677.42 155331
-9671.86 154948 -10468.9 147458
-10812.9 146231 -11366.1 143074
-12168.8 141598 -12844.5 140441
-12922.4 138715 -12968 137560
-13697.2 136498 -12989.2 137399
-13349.9 137524 -12939.1 139005
-12841.1 141220 -12866.7 142411
-13465.6 142950 -14033.4 142787
-12844.5 140532 -13858.6 139483
-13893.1 138281 -13145 137520
-12955.8 138366 -13027 138688
-12919 139416 -11533.1 139492
-10598 142286 -10423.3 153521
-11291.6 157873 -11385.1 162769
-11643.3 169399 -5478.45 170410
-5399.41 172732 -5358.23 174493
-5856.94 176136 -5809.07 178619
-5831.33 178835 -5802.39 177630
-5482.9 176118 -5284.75 175215
-5340.41 172981 -5376.04 170218
-5510.73 165888 -5603.13 162270
-4212.75 160507 -3465.79 160469
-3047.23 158757 -2283.58 158062
-134.002 157958 1187.36 158719
1090.51 159265 1181.79 160059
1269.74 158060 2239.33 156027
2464.2 156041 1729.49 155987
1304.25 154538 1338.75 151637
1323.17 149934 1317.6 147048
4364.42 134866 3333.6 136458
68.5996 142353 -2698.8 143455
-6426.89 143604 -8628.79 145697
-8580.92 147995 -8519.7 151984
-8732.32 152532 -9408.03 151437
-9686.33 150417 -10487.8 147984
-10261.8 144660 -7890.74 142117
-7665.88 137312 -5588.66 134903
-2381.54 134714 749.875 135917
1411.11 134480 1963.26 132831
1945.45 130693 1951.01 129671
1927.64 131840 2250.46 131858
3507.26 131824 5543.29 130135
6102.12 130373 6372.62 130678
8009.02 127020 9185.67 123369
10095.1 120136 11729.3 117368
12449.6 108637 15289.3 105938
18675.7 106043 18769.2 106134
19665.3 106054 21154.7 106067
24371.9 106330 26818.7 105698
27630.2 102038 29872.2 96745.4
31145.7 94478.9 33333.1 93799.9
33419.9 93681.9 33268.5 93786.5
33416.6 93690.8 33416.6 93690.8
33419.9 93695.2 33131.6 94205.1
33728.3 94416.6 34081.2 95948.4
33759.4 101256 33710.5 100597
33668.2 100606 33644.8 100532
33338.7 100553 30514.5 102400
26674 105909 21580 106052
20267.5 106029 16237.8 105918
15013.2 105918 11272.9 108808
11298.5 109342 8777.12 112969
9400.51 114505 10497 118629
10313.3 118261 10310 118034
10965.7 117756 11318.5 117424
9495.13 122073 9352.65 122658
7439.06 128665 776.592 140937
186.598 141690 1241.91 149809
77.5051 149411 -2034.23 149043
-2640.92 149077 -4609.05 147160
-4675.84 143954 -4729.27 140717
-4973.06 140677 -6159.73 141166
-6117.42 142707 -8616.55 143671
-9603.95 144263 -14785.9 145659
-19385.6 144078 -20644.6 148004
-21050.9 147970 -20645.7 149019
-19323.3 155204 -12197.7 155070
-11724.6 155026 -10257.4 156898
-10033.6 156898 -9890.04 157517
-9677.42 157512 -9627.33 157118
-8426.19 156502 -8412.83 155304
-8488.53 152229 -8459.59 152169
-8671.09 151221 -9251.07 151316
-10462.2 148707 -10514.5 146732
-8723.41 143241 -8805.79 141665
-10839.6 141540 -12815.5 141271
-12831.1 140734 -15503.9 140398
-15674.2 142542 -15580.7 150352
-15576.2 152986 -13549.1 155952
-13470.1 155275 -14131.3 155106
-14298.3 152599 -14221.5 152040
-12869 151463 -12339.1 151403
-11706.8 150907 -11218.1 148315
-11942.8 148240 -13492.3 148246
-14514.3 145886 -14376.2 145822
-14155.8 140937 -14188.1 140454
-12712 139047 -12872.3 139425
-13393.3 139450 -13902 137998
-13885.3 136480 -13708.3 134423
-12733.1 133828 -12272.3 132526
-12114.2 130705 -11404 127521
-11662.2 125428 -13327.6 123237
-12705.3 124008 -11695.6 123349
-10515.7 124546 -11284.9 125731
-11488.6 128048 -10923.1 130046
-10586.9 132023 -9473.71 133594
-9019.52 134643 -13028.1 135402
-13889.8 137535 -14211.5 138915
-14645.6 138109 -14837.1 136513
-14862.7 135576 -14940.6 134051
-14714.6 130869 -15136.5 127263
-16713.9 126677 -17279.4 126824
-18584.1 127470 -19621.6 127612
-18158.9 129262 -18023 130912
-17597.8 133265 -16772.9 134955
-16203 135616 -15828.9 135845
-15379.2 136596 -14901.6 136511
-14394 139394 -14174.7 139822
-13290.9 139550 -12869 140550
-12621.8 141692 -11801.4 141607
-11190.3 144292 -10946.5 145543
-11831.5 147400 -11772.5 149284
-11549.8 150237 -11263.7 150419
-10500.1 147681 -9377.97 144132
-5838.01 143618 -3826.47 143578
-3780.83 143373 -3489.17 142613
-3405.68 142504 -3187.5 142498
-2796.76 142642 -2777.84 143357
-1855 144889 -1836.08 149108
-1080.22 149477 -184.096 149595
-8.21086 151506 -1920.68 152606
-4227.22 152690 -4214.97 152160
-3612.74 150791 -3642.79 149168
-3122.93 149081 -3381.19 148440
-2704.37 148429 -2129.96 148329
-2540.73 148389 -2723.29 145499
-2744.44 143595 -2921.44 134814
-4476.58 134739 -4309.6 134064
-4221.65 133523 -4717.03 132303
-4878.44 131043 -5115.55 131624
-5492.92 133893 -6067.33 134830
-7933.05 135516 -7831.74 140093
-7927.48 143564 -7653.63 143925
-8496.32 143682 -7715.97 143675
-4680.29 142631 -4680.29 142631
-4680.29 142629 -4743.74 137749
-4191.6 133363 -3571.55 133418
-2209 133681 -2819.03 133657
-2438.32 134946 -2520.69 135146
-2144.43 135852 -2872.46 135919
-4025.73 135965 -4432.05 135999
-5558.6 139192 -6086.26 139225
-10777.3 139928 -10668.2 141440
-10458.9 150344 -10415.5 151713
-11030 156900 -10787.3 157256
-10994.3 156784 -13460.1 155248
-13376.6 152870 -12889 153155
-12335.7 151118 -12333.5 150657
-12875.6 152027 -13461.2 152049
-14358.4 153567 -14433 154389
-14391.8 154391 -14391.8 154391
-14378.4 154396 -13117.2 154888
-13343.2 155095 -12764.3 153111
-12764.3 152951 -12903.5 148420
-12598.4 148233 -10583.6 147304
-10473.4 147289 -9308.95 145270
-9346.8 144998 -8663.3 144757
-8681.11 144076 -8889.28 139893
-9425.84 137720 -9425.84 137720
-9433.63 137720 -10651.5 137437
-10271.9 136333 -9453.67 134489
-9340.12 133639 -8088.89 134440
-7720.43 138234 -4722.59 139187
-2754.46 139080 1273.08 144183
1254.15 146694 2286.08 146995
2281.63 146937 1356.57 146935
1119.46 146968 -139.568 146991
-1349.61 146971 -1968.55 143008
-2016.41 141558 -2802.33 140280
-2817.91 139399 -4072.49 139111
-5823.54 139200 -8946.05 137157
-7774.97 139254 -7907.44 143025
-6003.88 143629 -3220.89 143513
-1787.1 147990 -1391.91 149442
-293.189 149384 153.202 149555
3650.86 152699 4377.78 158390
4459.04 159850 4718.41 160233
4526.95 159819 4446.8 159507
4450.13 158960 3172.19 157967
3050.85 156128 3083.13 152808
1329.85 151581 409.237 151508
10.7134 149475 -633.826 149282
-722.882 147084 -1494.33 146979
-821.956 145327 -1239.4 145287
-794.126 143958 -138.455 142362
353.577 141471 -1958.53 138980
-2845.74 138172 -2905.86 135142
-2908.08 135896 -2810.12 140899
-3554.85 143370 -3309.95 142498
-2822.37 139612 -2900.29 135729
-1762.61 134719 476.029 136531
767.686 135204 1927.64 132813
1951.01 130818 5494.31 132417
7744.08 127806 10488.1 119575
11743.8 117186 12209.1 111598
12617.6 107477 16627.4 105949
18284.9 106012 18804.8 106139
32924.5 101301 32924.5 101301
32917.9 101292 31594.3 102340
29884.4 102441 27111.4 105179
25711 106437 22987.1 106087
21200.4 106049 15396.2 105889
12558.6 107695 12356 109672
11703.7 117386 11028 118956
9416.1 122351 9082.14 123723
7596.02 128200 6492.85 130428
3230.07 133343 2589.99 132490
1050.44 132880 -162.945 133220
-2914.76 133741 -3395.66 132497
-4009.03 131662 -3652.81 132103
-3694 135930 -3579.34 140694
-3993.45 141342 -4691.42 142758
-4675.84 144065 -4683.63 144412
-5078.81 145428 -6275.5 144528
-6259.91 145376 -6015.01 146977
-5982.73 148155 -4888.46 149582
-4839.48 153561 -4846.16 154291
-6533.76 154431 -7237.3 154433
-7516.71 153033 -1039.03 152623
3120.98 149522 3123.21 149028
2564.38 148433 2537.67 147812
1303.13 147480 1310.93 147080
59.694 147002 35.2037 147002
5.14748 151958 -8.21086 152321
-2586.37 152269 -2607.52 151644
-1852.77 149103 -1860.57 143662
3151.04 136854 4109.5 135113
10377.9 126677 11839.5 125704
15596.6 119239 15441.8 117282
15319.4 114303 15282.6 114911
13703 117740 13246.6 117066
13503.7 115935 13503.7 115935
13502.6 115935 13297.8 117551
15419.6 118105 15195.8 114937
15464.1 115276 15726.8 114875
15910.5 114817 15901.6 114336
15353.9 115598 14819.5 121832
12744.6 124954 7456.87 129010
5327.33 131686 942.458 128785
-1970.77 127329 -10160.5 127102
-12660.8 122088 -16908.7 111081
-18509.5 107575 -20060.2 104894
-20189.3 103520 -19376.7 106408
-17462 109899 -14551 117302
-13541.3 119949 -11466.3 125326
-10964.3 127982 -10932 129772
-12236.7 132089 -12519.4 132341
-13051.5 134467 -13961 135549
-13632.6 136500 -13573.6 136498
-12963.6 137945 -12380.3 139503
-12251.1 139505 -5463.98 139249
-4707.01 142649 -4708.12 142678
-5979.39 143039 -6042.84 143032
-8197.99 143640 -9931.23 144043
-9805.44 144286 -12058.5 143905
-14022.2 142805 -14022.2 142805
