3.30352e+07 1.1177e+07 3.30359e+07 1.11759e+07
3.30343e+07 1.11763e+07 3.30308e+07 1.11732e+07
3.30287e+07 1.11698e+07 3.30273e+07 1.11706e+07
3.30306e+07 1.11713e+07 3.3032e+07 1.11772e+07
3.3035e+07 1.11766e+07 3.30357e+07 1.11768e+07
3.30352e+07 1.1177e+07 3.30365e+07 1.11727e+07
3.30334e+07 1.11647e+07 3.30268e+07 1.11539e+07
3.30234e+07 1.11441e+07 3.3023e+07 1.11453e+07
3.30232e+07 1.11495e+07 3.30267e+07 1.11539e+07
3.30311e+07 1.11538e+07 3.30327e+07 1.1164e+07
3.30368e+07 1.11713e+07 3.30351e+07 1.11766e+07
3.30306e+07 1.11713e+07 3.30312e+07 1.11711e+07
3.30302e+07 1.11702e+07 3.30281e+07 1.11698e+07
3.30275e+07 1.11703e+07 3.30282e+07 1.11664e+07
3.30282e+07 1.11666e+07 3.30299e+07 1.1168e+07
3.30312e+07 1.11711e+07 3.30352e+07 1.11772e+07
3.30352e+07 1.1177e+07 3.30355e+07 1.11761e+07
3.30359e+07 1.11759e+07 3.29936e+07 1.11573e+07
3.30351e+07 1.11761e+07 3.30355e+07 1.11765e+07
3.30354e+07 1.11762e+07 3.30375e+07 1.11791e+07
3.30401e+07 1.11848e+07 3.30393e+07 1.11848e+07
3.3039e+07 1.11841e+07 3.30341e+07 1.11831e+07
3.3031e+07 1.11744e+07 3.30313e+07 1.11712e+07
3.30293e+07 1.11702e+07 3.30274e+07 1.11705e+07
3.30283e+07 1.11678e+07 3.30279e+07 1.11641e+07
3.30238e+07 1.11572e+07 3.30231e+07 1.1153e+07
3.30214e+07 1.11509e+07 3.30186e+07 1.1153e+07
3.3017e+07 1.11524e+07 3.30143e+07 1.11512e+07
3.30121e+07 1.11509e+07 3.30093e+07 1.11508e+07
3.30034e+07 1.1151e+07 3.30035e+07 1.11511e+07
3.30075e+07 1.11508e+07 3.30105e+07 1.11509e+07
3.30103e+07 1.11509e+07 3.30085e+07 1.11523e+07
3.29989e+07 1.11575e+07 3.29984e+07 1.11592e+07
3.30004e+07 1.11586e+07 3.30007e+07 1.11582e+07
3.30017e+07 1.1156e+07 3.30013e+07 1.11557e+07
3.3002e+07 1.11527e+07 3.30013e+07 1.11516e+07
3.30031e+07 1.11511e+07 3.30008e+07 1.11527e+07
3.3e+07 1.11505e+07 3.29996e+07 1.11493e+07
3.29998e+07 1.11494e+07 3.30013e+07 1.11534e+07
3.30019e+07 1.1158e+07 3.3002e+07 1.11598e+07
3.30068e+07 1.11611e+07 3.30138e+07 1.11622e+07
3.30126e+07 1.11614e+07 3.30069e+07 1.11608e+07
3.30035e+07 1.1158e+07 3.30016e+07 1.11559e+07
3.29993e+07 1.1156e+07 3.29884e+07 1.11676e+07
3.29822e+07 1.11685e+07 3.29815e+07 1.11642e+07
3.29804e+07 1.11564e+07 3.29822e+07 1.11529e+07
3.29827e+07 1.11568e+07 3.29828e+07 1.11615e+07
3.29845e+07 1.11573e+07 3.29851e+07 1.11529e+07
3.29879e+07 1.11514e+07 3.29892e+07 1.11507e+07
3.29889e+07 1.11483e+07 3.2988e+07 1.11461e+07
3.29843e+07 1.11425e+07 3.29837e+07 1.11396e+07
3.29855e+07 1.11397e+07 3.2986e+07 1.11396e+07
3.29888e+07 1.11395e+07 3.29892e+07 1.1134e+07
3.2991e+07 1.1135e+07 3.29898e+07 1.11363e+07
3.29919e+07 1.11374e+07 3.2992e+07 1.11394e+07
3.29953e+07 1.11406e+07 3.29986e+07 1.11392e+07
3.30009e+07 1.11437e+07 3.29994e+07 1.11456e+07
3.3e+07 1.1145e+07 3.30012e+07 1.11432e+07
3.30006e+07 1.11458e+07 3.30008e+07 1.11448e+07
3.30006e+07 1.1147e+07 3.30006e+07 1.11483e+07
3.3e+07 1.11474e+07 3.30013e+07 1.11477e+07
3.30013e+07 1.11518e+07 3.30012e+07 1.11579e+07
3.3005e+07 1.11599e+07 3.3005e+07 1.11527e+07
3.30116e+07 1.11525e+07 3.30191e+07 1.11531e+07
3.30251e+07 1.11592e+07 3.30274e+07 1.11621e+07
3.30246e+07 1.11584e+07 3.30276e+07 1.11628e+07
3.30281e+07 1.11699e+07 3.30275e+07 1.11703e+07
3.30274e+07 1.1162e+07 3.30238e+07 1.11572e+07
3.30231e+07 1.11527e+07 3.30215e+07 1.11515e+07
3.30183e+07 1.11515e+07 3.30146e+07 1.11513e+07
3.30097e+07 1.11508e+07 3.30076e+07 1.11508e+07
3.30038e+07 1.1151e+07 3.30019e+07 1.11493e+07
3.30001e+07 1.11453e+07 3.29992e+07 1.11439e+07
3.29996e+07 1.11432e+07 3.30021e+07 1.11438e+07
3.30016e+07 1.1147e+07 3.30002e+07 1.11485e+07
3.29982e+07 1.11472e+07 3.29984e+07 1.11454e+07
3.29963e+07 1.11442e+07 3.29901e+07 1.11445e+07
3.29895e+07 1.11472e+07 3.29856e+07 1.11554e+07
3.29852e+07 1.11528e+07 3.29845e+07 1.115e+07
3.29862e+07 1.11475e+07 3.29861e+07 1.11396e+07
3.2987e+07 1.11377e+07 3.29923e+07 1.11391e+07
3.29962e+07 1.11337e+07 3.29952e+07 1.11348e+07
3.29965e+07 1.11356e+07 3.29964e+07 1.11401e+07
3.29972e+07 1.11435e+07 3.29989e+07 1.11485e+07
3.30006e+07 1.11478e+07 3.30012e+07 1.1149e+07
3.30031e+07 1.11476e+07 3.30059e+07 1.1147e+07
3.3007e+07 1.11493e+07 3.30114e+07 1.11492e+07
3.30157e+07 1.11501e+07 3.30166e+07 1.11518e+07
3.30209e+07 1.11533e+07 3.30193e+07 1.1153e+07
3.30151e+07 1.11514e+07 3.30126e+07 1.11508e+07
3.30088e+07 1.11492e+07 3.30086e+07 1.11491e+07
3.30041e+07 1.11494e+07 3.30019e+07 1.11479e+07
3.30019e+07 1.11484e+07 3.30003e+07 1.11453e+07
3.29971e+07 1.11435e+07 3.29894e+07 1.11451e+07
3.29873e+07 1.11429e+07 3.29894e+07 1.11395e+07
3.2991e+07 1.11317e+07 3.29862e+07 1.11192e+07
3.2989e+07 1.11268e+07 3.29923e+07 1.11381e+07
3.29956e+07 1.11392e+07 3.29965e+07 1.1142e+07
3.2992e+07 1.11436e+07 3.29896e+07 1.11532e+07
3.29915e+07 1.11568e+07 3.29972e+07 1.1156e+07
3.29996e+07 1.11543e+07 3.30023e+07 1.11645e+07
3.30119e+07 1.11615e+07 3.30186e+07 1.11636e+07
3.3027e+07 1.11635e+07 3.30275e+07 1.11702e+07
3.30273e+07 1.11705e+07 3.30282e+07 1.1168e+07
3.30267e+07 1.11608e+07 3.3023e+07 1.11565e+07
3.30189e+07 1.11529e+07 3.30151e+07 1.11514e+07
3.30125e+07 1.11509e+07 3.30087e+07 1.11507e+07
3.30045e+07 1.1147e+07 3.30006e+07 1.1147e+07
3.29998e+07 1.11485e+07 3.29979e+07 1.11526e+07
3.29936e+07 1.11528e+07 3.29889e+07 1.11529e+07
3.29865e+07 1.11542e+07 3.29855e+07 1.11528e+07
3.29844e+07 1.11463e+07 3.29836e+07 1.11404e+07
3.29843e+07 1.11406e+07 3.29926e+07 1.11393e+07
3.29952e+07 1.11436e+07 3.29982e+07 1.11479e+07
3.29972e+07 1.11534e+07 3.29969e+07 1.11512e+07
3.29989e+07 1.11492e+07 3.29982e+07 1.11459e+07
3.29953e+07 1.11434e+07 3.29953e+07 1.11409e+07
3.29933e+07 1.11393e+07 3.29847e+07 1.11402e+07
3.29816e+07 1.11417e+07 3.29773e+07 1.11382e+07
3.29746e+07 1.11334e+07 3.29782e+07 1.1131e+07
3.29797e+07 1.11298e+07 3.29812e+07 1.11272e+07
3.29773e+07 1.11318e+07 3.2973e+07 1.11335e+07
3.29725e+07 1.11339e+07 3.29767e+07 1.11382e+07
3.29804e+07 1.11439e+07 3.29805e+07 1.11488e+07
3.29843e+07 1.11529e+07 3.29894e+07 1.11529e+07
3.29934e+07 1.11529e+07 3.29957e+07 1.11543e+07
3.29958e+07 1.11568e+07 3.29967e+07 1.11586e+07
3.29968e+07 1.11615e+07 3.29971e+07 1.1162e+07
3.29987e+07 1.11621e+07 3.30006e+07 1.1156e+07
3.30013e+07 1.11526e+07 3.3e+07 1.11503e+07
3.3e+07 1.11454e+07 3.30006e+07 1.11445e+07
3.30011e+07 1.1147e+07 3.30023e+07 1.11526e+07
3.30101e+07 1.11525e+07 3.3014e+07 1.11523e+07
3.30181e+07 1.11534e+07 3.30214e+07 1.11551e+07
3.30242e+07 1.11578e+07 3.30273e+07 1.11618e+07
3.30277e+07 1.11636e+07 3.30298e+07 1.11681e+07
3.30293e+07 1.11702e+07 3.30275e+07 1.11705e+07
3.30282e+07 1.11654e+07 3.30268e+07 1.11608e+07
3.3024e+07 1.11575e+07 3.30216e+07 1.11556e+07
3.30178e+07 1.11526e+07 3.3015e+07 1.11514e+07
3.30122e+07 1.11509e+07 3.3009e+07 1.11507e+07
3.30049e+07 1.11527e+07 3.30031e+07 1.11532e+07
3.30044e+07 1.11488e+07 3.30048e+07 1.11408e+07
3.30059e+07 1.11385e+07 3.30054e+07 1.11416e+07
3.3005e+07 1.11443e+07 3.30032e+07 1.1147e+07
3.3003e+07 1.11476e+07 3.30031e+07 1.11526e+07
3.30023e+07 1.11525e+07 3.30012e+07 1.11551e+07
3.29979e+07 1.11637e+07 3.29947e+07 1.11651e+07
3.29928e+07 1.11569e+07 3.29958e+07 1.11559e+07
3.29975e+07 1.11559e+07 3.30012e+07 1.11559e+07
3.30044e+07 1.1157e+07 3.30044e+07 1.1152e+07
3.30075e+07 1.11476e+07 3.30074e+07 1.11467e+07
3.3005e+07 1.11469e+07 3.30025e+07 1.1147e+07
3.30013e+07 1.11443e+07 3.30006e+07 1.11447e+07
3.30003e+07 1.11485e+07 3.29994e+07 1.11454e+07
3.29988e+07 1.11423e+07 3.29996e+07 1.11406e+07
3.3002e+07 1.11436e+07 3.30023e+07 1.11429e+07
3.30007e+07 1.11366e+07 3.30014e+07 1.11335e+07
3.30026e+07 1.11326e+07 3.30026e+07 1.11356e+07
3.30019e+07 1.11291e+07 3.29964e+07 1.11265e+07
3.29962e+07 1.11195e+07 3.29965e+07 1.11187e+07
3.2996e+07 1.11194e+07 3.29963e+07 1.11284e+07
