-3697.34 146719 -3666.17 148705
-4826.12 149101 -7537.86 149473
-8195.76 151775 -8117.84 149348
-7825.07 147325 -7898.54 145561
-6603.89 143671 -6120.76 141865
-5620.94 138308 -5536.34 138693
-6200.91 139379 -6004.99 140474
-5645.43 140982 -5329.28 140095
-4662.48 139207 -2833.5 139131
-1438.67 139220 -847.56 139403
97.5427 138918 625.197 138655
573.99 139543 -125.096 139089
-2649.82 139011 -3173.02 139058
-3466.91 139129 -1572.25 139087
238.918 141376 1280.87 145143
1280.87 146893 1493.49 149319
2689.06 149391 3073.11 149415
3134.34 148507 3596.31 147013
5008.96 146886 7488.04 145490
7643.89 143384 7333.31 141643
7502.52 139741 7502.52 139741
7488.04 139750 7876.55 139715
7306.59 141487 7469.12 143337
7481.36 146674 7486.93 149195
6236.81 150900 4485.76 149644
3402.62 148749 3408.18 148620
2507.61 146888 1313.15 143887
1313.15 143827 1177.34 142785
265.635 143860 137.618 143878
-125.096 142337 99.769 140837
184.372 139067 271.201 139185
-216.378 141992 -322.132 141999
-83.9081 140975 1280.87 144475
1281.98 144631 1260.83 153968
890.137 154741 643.008 154738
762.12 154738 1333.19 154355
1332.08 153414 2318.37 152703
2388.5 152699 3100.94 151548
3467.18 151076 4561.45 151419
3944.74 151000 3910.24 151003
3535.09 149413 7049.44 149324
7488.04 145563 5744.78 145490
5770.38 146412 7489.16 144615
7480.25 143976 8989.74 141206
8963.03 140498 10217.6 139456
10179.7 139802 8622.39 140394
8227.21 138829 5922.89 131437
6368.17 130673 8072.47 126808
5735.87 127093 5275.01 127165
4701.72 128888 4984.47 129004
4514.7 130609 4151.8 129894
3025.25 129070 2527.65 129342
2381.82 129075 2537.67 129293
2528.76 129451 1954.35 129665
1694.98 131143 885.685 132058
-598.204 134681 -2215.68 133659
-2865.78 132579 -2508.45 131889
-2890.27 132902 -2918.1 134570
596.254 136357 912.401 134692
1404.43 133105 1946.56 130388
2234.88 129099 2171.42 129694
2555.48 130664 2677.93 132746
2106.86 133659 2184.78 133850
3489.45 135605 2500.93 137729
2729.14 139416 4394.47 143631
4386.68 146835 5473.16 147494
5927.34 149019 5781.52 147781
6155.55 146238 7895.47 145299
10124.1 145241 11285.2 144452
10819.8 144773 7298.8 145581
5764.82 147756 5760.37 148939
4455.7 149219 4462.38 145690
4436.78 142760 4206.35 141594
2846.02 139448 1650.45 137891
2459.74 135901 3370.34 134429
3897.99 134278 3634.16 135701
3792.24 137457 4825.28 140227
5647.93 140645 5189.3 140213
4431.21 139354 4418.97 137012
7436.84 131938 7268.74 131982
6056.47 131784 8045.75 128658
8407.54 126650 9274.72 123010
9913.7 120668 11848.4 115961
12028.8 113831 12482.9 109821
13150.9 110097 13563.9 107975
13391.3 106134 16737.6 105956
18538.7 106023 18742.4 106219
18735.8 106234 18735.8 106234
18726.9 106239 18912.8 106038
20805.2 106081 22266.8 106165
22599.7 106007 22599.7 106007
22599.7 106005 23491.3 106221
15437.4 105880 14710.5 105940
12396.1 109169 11731.5 117197
7899.93 127280 7326.63 128939
2793.7 131804 2557.7 130504
4710.62 130738 5365.18 132829
9993.85 126955 12162.3 125504
14255.2 123055 14500.1 122500
15014.4 121583 15518.6 120552
15584.3 119134 15418.4 117083
15352.8 115821 15389.5 115367
4737.34 130740 3414.86 128923
1902.03 129798 1928.75 130969
2486.46 134240 3156.6 135142
4146.23 134828 4637.15 137466
4945.51 137459 4450.13 137464
4408.95 138254 3443.81 139643
3529.52 139523 4062.74 138664
3294.64 138519 1828.56 141017
1313.15 141961 317.955 141422
-182.982 140741 -375.565 141732
-614.902 142148 -2450.56 139042
-3940.02 139125 -8672.21 139370
-11609.9 139425 -12963.6 139448
-15463.8 140300 -15909.1 139171
-16923.2 140187 -16923.2 140187
-16915.4 140202 -15915.8 139973
-15865.7 140098 -15852.3 140565
-15744.3 141614 -15606.3 145719
-15588.5 147536 -15614.1 152430
-15525 152432 -15525 152432
-15523.9 152427 -15569.6 147638
-14148 144196 -14031.1 143083
-13576.9 141810 -13466.7 141792
-12773.2 141950 -12786.6 141747
-12001.8 139479 -5325.94 139207
-1782.64 139051 -1613.44 139468
-1689.14 140888 -505.809 140392
101.995 141195 1271.96 151332
1267.51 151588 850.062 151962
851.176 152485 15.1662 151590
26.2982 150780 16.2794 149170
176.579 148513 572.877 147881
580.669 146772 579.556 143793
374.728 142927 -325.471 140532
-391.15 140599 69.7128 141164
2134.69 138584 511.651 136469
-3938.9 134754 -8810.24 134990
-9006.17 134883 -8990.58 135618
-9423.61 136353 -9420.27 135741
-10162.8 136340 -9843.29 136311
-10024.7 136344 -9403.58 136967
-9411.37 137194 -10465.6 137468
-10694.9 137477 -10578 142629
-10470 143967 -12355.8 145969
-13632.6 145868 -13530.2 146289
-13523.5 146082 -12165.4 146022
-11902.7 145891 -10978.7 145087
-11381.7 143382 -11991.8 143756
-12894.6 142885 -13682.7 142945
-14254.9 140033 -14565.5 138432
-14194.8 138308 -13769.5 137544
-13073.8 137482 -8867.02 137453
-7970.89 139216 -8292.61 139305
-9577.23 139392 -11693.4 139436
-12184.3 139425 -14145.8 139550
-15606.3 144918 -15577.4 153899
-15628.6 158056 -15444.9 157724
-15446 156983 -15527.3 155389
-15374.8 152706 -15519.5 152412
-15551.8 151031 -15692 145076
-16629.3 144301 -18344.8 143413
-19026 142832 -19564.8 140024
-19677.3 138942 -19574.8 139659
-19345.5 139717 -18102.1 140832
-18991.5 140788 -19486.9 143043
-19795.3 143210 -19589.3 143985
-18723.2 144147 -16805.2 144225
-15588.5 145114 -11567.6 145882
-10910.8 145354 -11286 144591
-12285.6 143918 -12083 143849
-11342.8 143355 -11168 144562
-12490.5 145946 -13267.5 145902
-13834.1 145819 -15093.1 145352
-15364.7 144675 -15090.9 144357
-13965.4 143954 -12773.2 141852
-12821.1 141048 -12448.2 139494
-11873.8 139492 -10637 139557
-10707.1 136645 -9438.08 135502
-9795.42 136313 -10711.6 135224
-12528.3 134509 -12604 133875
-12605.1 130927 -13609.2 129251
-15109.8 127690 -15172.2 126677
-16180.7 123320 -15448.2 121271
-15571.8 121009 -14145.8 120989
-14033.4 120839 -13297.5 122518
-12759.9 123923 -12078.6 125397
-11690.1 125390 -10971 127307
-10943.1 128447 -10847.4 133289
-10826.2 133986 -10811.8 138463
-10768.4 141066 -10480 143422
-10484.5 143600 -10462.2 144292
-10554.6 145185 -10526.8 147681
-10496.7 148010 -10425.5 151085
-10440 152378 -10431.1 153129
-12015.1 155003 -13684.9 155106
-14339.5 154941 -14358.4 152886
-15276.8 152695 -15537.3 149028
-16509.1 149128 -16561.4 148137
-16549.2 147369 -16270.9 146394
-16013.7 145045 -15556.2 145045
-14812.6 142974 -14812.6 142974
-14811.5 142974 -14744.7 142656
-14126.9 142542 -14409.6 142622
-15664.2 143123 -15594.1 145272
-15578.5 152492 -15673.1 152848
-14356.2 153280 -14089 152857
-12772.1 151739 -12368 151377
-12861.2 149449 -13013.7 149353
-15459.4 148997 -15559.5 147656
-17360.7 143822 -16946.6 144168
-15610.8 146601 -15590.7 152169
-14477.5 152833 -10285.2 152913
-7220.6 152906 -4025.73 152715
-3571.55 153209 -3727.4 155124
-4314.05 153084 -4301.8 152554
-3592.7 152053 -3679.53 147160
-2141.09 147280 -1826.06 146924
-2029.77 146376 -1513.25 147756
-1449.8 148079 -1803.79 149030
-1743.68 150853 -3504.76 151036
-4376.39 149709 -4603.48 147158
-4631.31 146158 -4689.2 142524
-5130.02 143584 -6666.23 143618
-10526.8 144771 -10913.1 145428
-12658.6 143217 -12471.5 143562
-11508.6 141970 -10926.4 141589
-9811.01 139450 -1887.28 139045
-797.466 140064 -278.717 141536
-345.509 141656 -1179.29 142253
-1180.41 142070 -1614.55 139528
1271.96 145719 1268.62 146214
205.523 152634 -1438.67 152724
-1496.55 152775 -998.954 152911
-1022.33 152842 -811.938 149969
-721.769 149961 712.026 149322
979.193 149324 981.419 140737
1206.28 140334 1424.47 135333
1517.98 135220 2589.99 131900
2591.1 131746 1944.33 130253
1927.64 130061 4038.25 127363
4318.78 127314 8889.56 124417
8990.86 124119 11669.2 117687
12331.6 110233 12356 109903
16371.3 105943 16777.7 105956
18722.4 106167 18748 106201
19879 106045 22628.6 106023
22594.1 105987 22770 105039
18887.2 105987 15159.1 105916
13216.5 105704 11530.1 108463
11199.4 109583 8101.41 110538
6077.63 111005 3580.73 111288
2258.25 113301 -101.719 113995
-495.79 115547 -1900.64 118348
-3363.38 118493 -3964.51 119339
-4297.35 120986 -1822.72 123538
-1443.12 125265 -2300.28 127289
-3810.88 127098 -3682.87 128280
-4585.67 130936 -4855.06 132526
-4776.02 135634 -4817.21 137729
-5020.93 137762 -5658.79 139178
-6180.88 139102 -5382.72 137764
-6969.02 135656 -7077 131724
-7599.09 131807 -7157.15 134336
-7120.41 134826 -8597.62 131900
-8305.97 131893 -7014.66 134521
-6986.83 135776 -7512.26 136213
-7014.66 136175 -6247.67 138254
-6218.73 138991 -7771.63 139750
-7645.84 139216 -10708.2 150392
-11719 151350 -11732.4 151978
-12926.8 152795 -13499 152131
-15499.4 151788 -17001.1 146714
-17079.1 145007 -17855 139554
-17358.5 139383 -16698.3 137922
-16538 137822 -16146.2 135596
-15010.7 135556 -13510.2 135433
-12484.9 133835 -11227 133757
-10776.1 132630 -10527.9 132414
-10826.2 132116 -10957.6 127352
-10450 127191 -11814.8 124215
-11994 123760 -13427.8 120000
-14856 115812 -14579.9 115532
-15521.7 115024 -16249.7 114056
-16890.9 114120 -15882.4 114082
-14585.5 117197 -14427.4 118836
-16584.8 119915 -15793.3 119515
-14592.2 121343 -14204.8 122494
-14014.4 124301 -13000.3 124203
-12584 125041 -12579.5 125310
-11773.6 125401 -11038.9 126474
-10885.2 130415 -7685.92 130059
-7760.5 128053 -4704.78 127327
-7913.01 140795 -7169.39 140521
-6267.71 140461 -5740.05 140786
-5834.67 140550 -4253.94 139212
-2333.68 139111 -1611.21 139434
-447.923 140449 -1050.16 139637
-1859.45 134641 -9060.71 135053
-16578.1 135536 -19099.5 138553
-19083.9 138675 -18320.3 137735
-17034.5 135843 -15515 135583
-14839.3 135527 -13070.4 135420
-12520.5 134788 -12246.7 133683
-11259.3 133770 -9861.1 133692
-8988.35 134950 -7792.78 135088
-581.506 140930 -66.097 139973
910.175 140601 806.648 140866
1206.28 142168 1362.13 141905
1853.05 141304 -5392.73 139158
-4558.95 136322 -4507.74 136195
-3307.72 136081 -2832.39 138991
-2784.52 141206 -649.411 141082
-110.625 142233 -162.945 144248
-1715.85 145394 -2702.14 145412
-2719.95 146746 -2711.05 146792
-1754.81 145666 -3517 141966
-3565.98 139730 1279.76 145922
1371.04 148315 1284.21 149351
1243.02 154974 1148.4 161260
-887.635 163597 -1526.61 163657
-3186.38 163985 -5576.41 163464
-6798.7 160894 -10376.5 161262
-10665.9 161789 -8085.55 161135
-548.11 159881 -578.167 155974
412.577 155972 1573.64 154353
3037.49 155847 3013 158394
1930.97 159803 1795.16 159803
1947.67 157982 1949.9 157368
1410 156003 2306.12 156005
2514.29 154373 1993.31 154409
1342.09 152419 1333.19 151797
2739.15 150949 2490.91 149366
2546.57 149170 1339.87 149308
-430.112 149326 -430.112 149326
-418.98 149331 -1646.83 149019
-3154.1 149059 -4070.26 149101
-3744.09 149103 -4592.35 147398
-4600.14 147166 -2981.55 147037
-2042.02 147031 1161.76 147013
1873.09 147086 1877.54 147209
1314.26 148001 1277.53 145319
739.856 145299 248.937 144956
1058.23 142402 410.35 141569
-1610.1 137381 -1194.88 136157
-2899.18 133363 -2797.88 131709
-3670.62 132857 -3683.98 132468
-3721.83 133263 -3623.87 138063
-1101.37 139630 -461.281 140447
1317.6 143669 1310.93 143480
160.995 141787 -3609.4 127739
-1948.51 125041 -1094.69 125147
-1014.54 125753 -1000.07 127158
-545.884 127496 1814.09 127661
2329.5 126886 3280.17 127456
3873.5 127383 6832.37 126891
8835.01 124442 9245.78 123150
11657 117749 12322.6 110255
13834.4 106021 15303.8 105938
17956.5 106007 17937.6 105972
15420.7 105911 15261.5 106604
15333.8 111273 -1620.12 152430
-1624.57 155907 -2426.07 155934
-4525.56 156130 -5443.94 156297
-7290.73 157615 -7302.98 155567
-7611.33 151902 -7807.25 147244
-8091.12 147195 -10493.4 146403
-10500.1 145601 -11381.7 142867
-11505.3 141990 -12360.2 140254
-12355.8 140064 -6717.44 139305
-1171.5 139497 -327.698 140605
1243.02 148803 1239.68 149177
1335.42 150239 1447.85 150372
3817.84 151085 6866.88 150911
5958.51 150929 5478.73 150954
1579.21 149297 -738.467 149235
-1063.52 149179 -1759.27 147741
840.044 140999 5822.7 131611
6377.08 130667 11759.4 117130
11894.1 115369 13076.3 106185
18682.3 106038 18707.9 106116
23361.1 106012 23148.5 105785
20559.2 105996 15140.1 105916
14198.4 105974 12216.9 111330
12183.5 111745 11534.5 118034
-546.997 134405 -1878.38 133675
-3319.97 133568 -4114.79 134171
-4006.81 134472 -4771.57 135418
-4742.63 139908 -4727.04 141066
-5576.41 143045 -6059.54 143045
-6320.03 141990 -7554.56 142607
-8100.02 141589 -8793.55 141950
-7967.55 141603 -6937.85 140503
-6641.74 140474 -6101.84 143415
-5311.47 143615 -2760.03 144395
-2718.84 146314 -2080.98 146162
-1494.33 145392 644.121 145332
1482.36 141665 -52.7387 141115
-805.258 142248 -1185.97 141783
-1998.6 142518 -2011.96 142008
-2625.33 143437 -1886.17 144916
-2677.65 145372 -2767.82 143428
-2795.65 142035 -3495.85 141320
-4023.5 140901 -4630.2 141327
-4709.23 142898 -7760.5 143640
-10058.1 144528 -10473.4 149172
-12867.8 155101 -14338.4 155075
-15426 152516 -15551.8 150025
-15461.6 149279 -13782.9 149290
-12231.1 149386 -11817 148273
-11788 147318 -10490.1 148148
-10415.5 151428 -9747.55 154658
-8865.9 154594 -8435.1 155878
-8448.45 157700 -8421.74 158430
-8420.62 157174 -8451.79 153055
-8526.38 150212 -8488.53 149513
-8519.7 150615 -8526.38 151170
-9992.46 151385 -10189.5 151109
-10806.2 149204 -10890.8 148231
-11827 147641 -11075.6 145657
-10904.2 145414 -11203.6 144025
-11402.9 142703 -12037.4 143791
-12238.9 143736 -12833.3 140786
-12844.5 139523 -9362.39 139445
-7830.63 136028 -7527.84 135037
-3525.91 134768 -639.392 135182
2201.48 138557 4394.47 134605
8193.81 128251 11317.4 126025
15042.2 121523 15595.4 120147
15878.2 114467 15434 114234
14660.4 112695 15378.4 111749
15372.8 106181 17853 105998
21549.9 106072 22508.4 106161
22588.5 105987 22395.9 105148
22584.1 105366 21632.3 106034
21252.7 105878 22614.1 105183
20081.6 106018 16880.1 105929
13759.8 106005 11136 106156
9915.92 105488 10207.6 105720
10292.2 106263 13123 106116
15378.4 105929 20895.4 106081
22599.7 105386 23336.6 106248
23144 105827 22814.5 104954
22352.5 105515 17367.6 105931
13388 106132 13197.6 111005
13158.7 112989 13649.6 116222
13539.4 115886 13372.4 116062
13207.6 116770 14398.8 117901
15335 116923 15183.6 114937
15333.8 114991 15363.9 115202
15456.3 115287 15917.2 114708
15535.3 114715 15366.1 115427
14786.1 121895 11452.1 125922
6319.19 131041 3567.37 129004
-1529.95 127387 -4050.22 126991
-4718.14 129912 -4414.24 130716
-4238.35 130270 -3564.87 125054
-4236.13 121910 -3691.77 118604
-2798.99 117872 -1476.51 115525
-1878.38 114554 -3966.73 114557
-4790.5 114525 -7574.6 114414
-11627.7 114316 -13530.2 114882
-13440 113978 -10786.2 113577
-8784.64 112691 -7413.18 112495
-4929.65 112524 -4048 114434
-4204.96 116229 -4172.67 116912
-4242.8 120744 -4386.41 124277
-4627.97 127102 -4748.19 129562
-7083.68 130048 -7048.06 133140
-7810.59 136344 -7918.57 141369
-7628.03 141598 -7857.35 140953
-6326.71 139281 -3397.89 139118
26.2982 141075 1292 144869
1237.45 149945 1222.98 150192
2437.48 150969 4207.46 151072
5893.95 150989 6924.77 150900
7924.42 150711 9280.29 150755
10537.1 150889 13146.4 150958
14087.1 151196 15404 151628
15695.6 151437 15715.7 150408
15634.4 149061 12663.3 149057
12751.2 146340 12594.3 145697
12688.9 147932 12595.4 150490
11894.1 150911 11215 151350
11218.4 151379 10137.4 150842
8863.95 150693 7885.45 150713
6889.14 150869 5313.97 151034
6334.77 150956 4931.03 150982
4433.44 147850 3785.56 140792
2684.61 137439 4027.12 135013
5285.03 132581 7941.11 127222
8550.03 125403 10011.7 120367
11664.8 117687 12226.9 111353
13146.4 106139 18240.4 106016
20664.9 106085 22615.2 105070
22586.3 105375 22055.3 105874
21863.8 105733 22230.1 105077
22384.8 107180 23427.9 107227
24948.5 107766 26466.9 107826
27355.2 108343 27223.9 108087
26432.4 107497 24971.9 107764
23840.9 106174 22416 102345
22505 102029 22413.8 103509
22763.3 105041 22599.7 105375
22767.8 105021 23958.9 104064
24115.8 106308 24399.7 107920
24965.2 110785 23550.3 110761
24214.9 113185 24515.5 113483
23937.7 113782 23562.6 113826
23361.1 108096 23311 107601
23976.7 104357 23476.9 104832
22796.7 104959 21857.2 105693
21868.3 105827 22776.7 105028
23026 105039 23019.3 105068
22456.1 105045 22402.6 103605
22417.1 102022 21564.4 101606
21184.8 96638.5 21013.4 94964.3
21366.2 89115.6 21387.4 86742.2
19991.4 85079.1 17265.2 84751.8
12810.2 85488.8 12361.6 84188.6
12284.8 84043.8 12299.3 83640.9
