3.29938e+07 1.11431e+07 3.29953e+07 1.11418e+07
3.29953e+07 1.11418e+07 3.3e+07 1.1141e+07
3.3e+07 1.1141e+07 3.2998e+07 1.11413e+07
3.2998e+07 1.11413e+07 3.29919e+07 1.11436e+07
3.29919e+07 1.11436e+07 3.29914e+07 1.11478e+07
3.29914e+07 1.11478e+07 3.29895e+07 1.11476e+07
3.29895e+07 1.11476e+07 3.2987e+07 1.11485e+07
3.2987e+07 1.11485e+07 3.29869e+07 1.11486e+07
3.29869e+07 1.11486e+07 3.29871e+07 1.11488e+07
3.29871e+07 1.11488e+07 3.29939e+07 1.11528e+07
3.29939e+07 1.11528e+07 3.29974e+07 1.1153e+07
3.29974e+07 1.1153e+07 3.29983e+07 1.11515e+07
3.29983e+07 1.11515e+07 3.29989e+07 1.11491e+07
3.29989e+07 1.11491e+07 3.29982e+07 1.11441e+07
3.29982e+07 1.11441e+07 3.29936e+07 1.11436e+07
3.29936e+07 1.11436e+07 3.29896e+07 1.11441e+07
3.29896e+07 1.11441e+07 3.29893e+07 1.11364e+07
3.29893e+07 1.11364e+07 3.29821e+07 1.11318e+07
3.29821e+07 1.11318e+07 3.29761e+07 1.11325e+07
3.29761e+07 1.11325e+07 3.29755e+07 1.11327e+07
3.29755e+07 1.11327e+07 3.2979e+07 1.11309e+07
3.2979e+07 1.11309e+07 3.29821e+07 1.11317e+07
3.29821e+07 1.11317e+07 3.29873e+07 1.11353e+07
3.29873e+07 1.11353e+07 3.29981e+07 1.11347e+07
3.29981e+07 1.11347e+07 3.30038e+07 1.11387e+07
3.30038e+07 1.11387e+07 3.30059e+07 1.11387e+07
3.30059e+07 1.11387e+07 3.3006e+07 1.11392e+07
3.3006e+07 1.11392e+07 3.30058e+07 1.11395e+07
3.30058e+07 1.11395e+07 3.30058e+07 1.11395e+07
3.30058e+07 1.11395e+07 3.30058e+07 1.11395e+07
3.30058e+07 1.11395e+07 3.30058e+07 1.11395e+07
3.30058e+07 1.11395e+07 3.30058e+07 1.11395e+07
3.30058e+07 1.11395e+07 3.30058e+07 1.11395e+07
3.30058e+07 1.11395e+07 3.30058e+07 1.11395e+07
3.30058e+07 1.11395e+07 3.30058e+07 1.11395e+07
3.30058e+07 1.11395e+07 3.30058e+07 1.11395e+07
3.30058e+07 1.11395e+07 3.30058e+07 1.11395e+07
3.30058e+07 1.11395e+07 3.30059e+07 1.1139e+07
3.30059e+07 1.1139e+07 3.30059e+07 1.11404e+07
3.30059e+07 1.11404e+07 3.30075e+07 1.11492e+07
3.30075e+07 1.11492e+07 3.30058e+07 1.11493e+07
3.30058e+07 1.11493e+07 3.30053e+07 1.11467e+07
3.30053e+07 1.11467e+07 3.30046e+07 1.1141e+07
3.30046e+07 1.1141e+07 3.30004e+07 1.11453e+07
3.30004e+07 1.11453e+07 3.29972e+07 1.11462e+07
3.29972e+07 1.11462e+07 3.29963e+07 1.11436e+07
3.29963e+07 1.11436e+07 3.29924e+07 1.11436e+07
3.29924e+07 1.11436e+07 3.29881e+07 1.11234e+07
3.29881e+07 1.11234e+07 3.29889e+07 1.1127e+07
3.29889e+07 1.1127e+07 3.29875e+07 1.11337e+07
3.29875e+07 1.11337e+07 3.29906e+07 1.11336e+07
3.29906e+07 1.11336e+07 3.29877e+07 1.11338e+07
3.29877e+07 1.11338e+07 3.29888e+07 1.11352e+07
3.29888e+07 1.11352e+07 3.2982e+07 1.11412e+07
3.2982e+07 1.11412e+07 3.29844e+07 1.11405e+07
3.29844e+07 1.11405e+07 3.29866e+07 1.11396e+07
3.29866e+07 1.11396e+07 3.29844e+07 1.11493e+07
3.29844e+07 1.11493e+07 3.29844e+07 1.1155e+07
3.29844e+07 1.1155e+07 3.29882e+07 1.11882e+07
3.29882e+07 1.11882e+07 3.29883e+07 1.11877e+07
3.29883e+07 1.11877e+07 3.2988e+07 1.11821e+07
3.2988e+07 1.11821e+07 3.29898e+07 1.11666e+07
3.29898e+07 1.11666e+07 3.29968e+07 1.11596e+07
3.29968e+07 1.11596e+07 3.29972e+07 1.11534e+07
3.29972e+07 1.11534e+07 3.29989e+07 1.11531e+07
3.29989e+07 1.11531e+07 3.2999e+07 1.11531e+07
3.2999e+07 1.11531e+07 3.2999e+07 1.11492e+07
3.2999e+07 1.11492e+07 3.30012e+07 1.11479e+07
3.30012e+07 1.11479e+07 3.30011e+07 1.11598e+07
3.30011e+07 1.11598e+07 3.30007e+07 1.11474e+07
3.30007e+07 1.11474e+07 3.30006e+07 1.11466e+07
3.30006e+07 1.11466e+07 3.29968e+07 1.1147e+07
3.29968e+07 1.1147e+07 3.29956e+07 1.11489e+07
3.29956e+07 1.11489e+07 3.29959e+07 1.1149e+07
3.29959e+07 1.1149e+07 3.29989e+07 1.1149e+07
3.29989e+07 1.1149e+07 3.30006e+07 1.11471e+07
3.30006e+07 1.11471e+07 3.29995e+07 1.11468e+07
3.29995e+07 1.11468e+07 3.30008e+07 1.11472e+07
3.30008e+07 1.11472e+07 3.29978e+07 1.11454e+07
3.29978e+07 1.11454e+07 3.30006e+07 1.11471e+07
3.30006e+07 1.11471e+07 3.30005e+07 1.11465e+07
3.30005e+07 1.11465e+07 3.29971e+07 1.11342e+07
3.29971e+07 1.11342e+07 3.29971e+07 1.11366e+07
3.29971e+07 1.11366e+07 3.30004e+07 1.1143e+07
3.30004e+07 1.1143e+07 3.30042e+07 1.11387e+07
3.30042e+07 1.11387e+07 3.30044e+07 1.11386e+07
3.30044e+07 1.11386e+07 3.30044e+07 1.11386e+07
3.30044e+07 1.11386e+07 3.30053e+07 1.11385e+07
3.30053e+07 1.11385e+07 3.30055e+07 1.11385e+07
3.30055e+07 1.11385e+07 3.30059e+07 1.11397e+07
3.30059e+07 1.11397e+07 3.30059e+07 1.11397e+07
3.30059e+07 1.11397e+07 3.30026e+07 1.11444e+07
3.30026e+07 1.11444e+07 3.30068e+07 1.11303e+07
3.30068e+07 1.11303e+07 3.30057e+07 1.11327e+07
3.30057e+07 1.11327e+07 3.30035e+07 1.11387e+07
3.30035e+07 1.11387e+07 3.30011e+07 1.11471e+07
3.30011e+07 1.11471e+07 3.30026e+07 1.11527e+07
3.30026e+07 1.11527e+07 3.30013e+07 1.11438e+07
3.30013e+07 1.11438e+07 3.30001e+07 1.11439e+07
3.30001e+07 1.11439e+07 3.29965e+07 1.11418e+07
3.29965e+07 1.11418e+07 3.29973e+07 1.1147e+07
3.29973e+07 1.1147e+07 3.29975e+07 1.11535e+07
3.29975e+07 1.11535e+07 3.29994e+07 1.11567e+07
3.29994e+07 1.11567e+07 3.29938e+07 1.11622e+07
3.29938e+07 1.11622e+07 3.29918e+07 1.11611e+07
3.29918e+07 1.11611e+07 3.29887e+07 1.11554e+07
3.29887e+07 1.11554e+07 3.29896e+07 1.1152e+07
3.29896e+07 1.1152e+07 3.29903e+07 1.11395e+07
3.29903e+07 1.11395e+07 3.29913e+07 1.11434e+07
3.29913e+07 1.11434e+07 3.299e+07 1.11445e+07
3.299e+07 1.11445e+07 3.29896e+07 1.11537e+07
3.29896e+07 1.11537e+07 3.29878e+07 1.11654e+07
3.29878e+07 1.11654e+07 3.29876e+07 1.11659e+07
3.29876e+07 1.11659e+07 3.29906e+07 1.11655e+07
3.29906e+07 1.11655e+07 3.29916e+07 1.11613e+07
3.29916e+07 1.11613e+07 3.29916e+07 1.11557e+07
3.29916e+07 1.11557e+07 3.29917e+07 1.11532e+07
3.29917e+07 1.11532e+07 3.29926e+07 1.11606e+07
3.29926e+07 1.11606e+07 3.29915e+07 1.11521e+07
3.29915e+07 1.11521e+07 3.29887e+07 1.11463e+07
3.29887e+07 1.11463e+07 3.29897e+07 1.11455e+07
3.29897e+07 1.11455e+07 3.29895e+07 1.11487e+07
3.29895e+07 1.11487e+07 3.29867e+07 1.11551e+07
3.29867e+07 1.11551e+07 3.29857e+07 1.1155e+07
3.29857e+07 1.1155e+07 3.29861e+07 1.11529e+07
3.29861e+07 1.11529e+07 3.29877e+07 1.11504e+07
3.29877e+07 1.11504e+07 3.29888e+07 1.11505e+07
3.29888e+07 1.11505e+07 3.29901e+07 1.11519e+07
3.29901e+07 1.11519e+07 3.29895e+07 1.11487e+07
3.29895e+07 1.11487e+07 3.29898e+07 1.11432e+07
3.29898e+07 1.11432e+07 3.29881e+07 1.11407e+07
3.29881e+07 1.11407e+07 3.29878e+07 1.11406e+07
3.29878e+07 1.11406e+07 3.29878e+07 1.11406e+07
3.29878e+07 1.11406e+07 3.2989e+07 1.11416e+07
3.2989e+07 1.11416e+07 3.29894e+07 1.11416e+07
3.29894e+07 1.11416e+07 3.299e+07 1.11399e+07
3.299e+07 1.11399e+07 3.29923e+07 1.11372e+07
3.29923e+07 1.11372e+07 3.29963e+07 1.11348e+07
3.29963e+07 1.11348e+07 3.29963e+07 1.11349e+07
3.29963e+07 1.11349e+07 3.29964e+07 1.11348e+07
3.29964e+07 1.11348e+07 3.29971e+07 1.11374e+07
3.29971e+07 1.11374e+07 3.29972e+07 1.11407e+07
3.29972e+07 1.11407e+07 3.29982e+07 1.11482e+07
3.29982e+07 1.11482e+07 3.29984e+07 1.11528e+07
3.29984e+07 1.11528e+07 3.29993e+07 1.11608e+07
3.29993e+07 1.11608e+07 3.29974e+07 1.11609e+07
3.29974e+07 1.11609e+07 3.30007e+07 1.11601e+07
3.30007e+07 1.11601e+07 3.29995e+07 1.11584e+07
3.29995e+07 1.11584e+07 3.30002e+07 1.11548e+07
3.30002e+07 1.11548e+07 3.30013e+07 1.11536e+07
3.30013e+07 1.11536e+07 3.30006e+07 1.11532e+07
3.30006e+07 1.11532e+07 3.30011e+07 1.11526e+07
3.30011e+07 1.11526e+07 3.29983e+07 1.11502e+07
3.29983e+07 1.11502e+07 3.29954e+07 1.11436e+07
3.29954e+07 1.11436e+07 3.29914e+07 1.11437e+07
3.29914e+07 1.11437e+07 3.29899e+07 1.11445e+07
3.29899e+07 1.11445e+07 3.29883e+07 1.11416e+07
3.29883e+07 1.11416e+07 3.29894e+07 1.11428e+07
3.29894e+07 1.11428e+07 3.29894e+07 1.1108e+07
3.29894e+07 1.1108e+07 3.30008e+07 1.11421e+07
3.30008e+07 1.11421e+07 3.3004e+07 1.11387e+07
3.3004e+07 1.11387e+07 3.30059e+07 1.11392e+07
3.30059e+07 1.11392e+07 3.30058e+07 1.11395e+07
3.30058e+07 1.11395e+07 3.30058e+07 1.11395e+07
3.30058e+07 1.11395e+07 3.30055e+07 1.11375e+07
3.30055e+07 1.11375e+07 3.30044e+07 1.11367e+07
3.30044e+07 1.11367e+07 3.30059e+07 1.11396e+07
3.30059e+07 1.11396e+07 3.30048e+07 1.11373e+07
3.30048e+07 1.11373e+07 3.30034e+07 1.11382e+07
3.30034e+07 1.11382e+07 3.3001e+07 1.11526e+07
3.3001e+07 1.11526e+07 3.29997e+07 1.11526e+07
3.29997e+07 1.11526e+07 3.29994e+07 1.11526e+07
3.29994e+07 1.11526e+07 3.29974e+07 1.11512e+07
3.29974e+07 1.11512e+07 3.29982e+07 1.11443e+07
3.29982e+07 1.11443e+07 3.30012e+07 1.1143e+07
3.30012e+07 1.1143e+07 3.30004e+07 1.11465e+07
3.30004e+07 1.11465e+07 3.29991e+07 1.11486e+07
3.29991e+07 1.11486e+07 3.29986e+07 1.11491e+07
3.29986e+07 1.11491e+07 3.29897e+07 1.11446e+07
3.29897e+07 1.11446e+07 3.29892e+07 1.11492e+07
3.29892e+07 1.11492e+07 3.29896e+07 1.11526e+07
3.29896e+07 1.11526e+07 3.29907e+07 1.11582e+07
3.29907e+07 1.11582e+07 3.29904e+07 1.11583e+07
3.29904e+07 1.11583e+07 3.29887e+07 1.11549e+07
3.29887e+07 1.11549e+07 3.29816e+07 1.11423e+07
3.29816e+07 1.11423e+07 3.29833e+07 1.11443e+07
3.29833e+07 1.11443e+07 3.29844e+07 1.11563e+07
3.29844e+07 1.11563e+07 3.29918e+07 1.11546e+07
3.29918e+07 1.11546e+07 3.29974e+07 1.11532e+07
3.29974e+07 1.11532e+07 3.29964e+07 1.11532e+07
3.29964e+07 1.11532e+07 3.29954e+07 1.11456e+07
3.29954e+07 1.11456e+07 3.29955e+07 1.11362e+07
3.29955e+07 1.11362e+07 3.29962e+07 1.11432e+07
3.29962e+07 1.11432e+07 3.2998e+07 1.11424e+07
3.2998e+07 1.11424e+07 3.30003e+07 1.11429e+07
3.30003e+07 1.11429e+07 3.30003e+07 1.11428e+07
3.30003e+07 1.11428e+07 3.30008e+07 1.11476e+07
3.30008e+07 1.11476e+07 3.29993e+07 1.11486e+07
3.29993e+07 1.11486e+07 3.29959e+07 1.11489e+07
3.29959e+07 1.11489e+07 3.30011e+07 1.11346e+07
3.30011e+07 1.11346e+07 3.30017e+07 1.11349e+07
3.30017e+07 1.11349e+07 3.30053e+07 1.11385e+07
3.30053e+07 1.11385e+07 3.30053e+07 1.11385e+07
3.30053e+07 1.11385e+07 3.30053e+07 1.11385e+07
3.30053e+07 1.11385e+07 3.30053e+07 1.11385e+07
3.30053e+07 1.11385e+07 3.30053e+07 1.11385e+07
3.30053e+07 1.11385e+07 3.30053e+07 1.11385e+07
3.30053e+07 1.11385e+07 3.30053e+07 1.11385e+07
3.30053e+07 1.11385e+07 3.30053e+07 1.11385e+07
3.30053e+07 1.11385e+07 3.30053e+07 1.11385e+07
3.30053e+07 1.11385e+07 3.30059e+07 1.11392e+07
3.30059e+07 1.11392e+07 3.3006e+07 1.11393e+07
3.3006e+07 1.11393e+07 3.30059e+07 1.11397e+07
3.30059e+07 1.11397e+07 3.30059e+07 1.11398e+07
3.30059e+07 1.11398e+07 3.30027e+07 1.11426e+07
3.30027e+07 1.11426e+07 3.30012e+07 1.11476e+07
3.30012e+07 1.11476e+07 3.30019e+07 1.11491e+07
3.30019e+07 1.11491e+07 3.29989e+07 1.11494e+07
3.29989e+07 1.11494e+07 3.29987e+07 1.11485e+07
3.29987e+07 1.11485e+07 3.29888e+07 1.11456e+07
3.29888e+07 1.11456e+07 3.29823e+07 1.11439e+07
3.29823e+07 1.11439e+07 3.29738e+07 1.11436e+07
3.29738e+07 1.11436e+07 3.29721e+07 1.11461e+07
3.29721e+07 1.11461e+07 3.29772e+07 1.11479e+07
3.29772e+07 1.11479e+07 3.29815e+07 1.11491e+07
3.29815e+07 1.11491e+07 3.29877e+07 1.11494e+07
3.29877e+07 1.11494e+07 3.2989e+07 1.11456e+07
3.2989e+07 1.11456e+07 3.29894e+07 1.11548e+07
3.29894e+07 1.11548e+07 3.29857e+07 1.11551e+07
3.29857e+07 1.11551e+07 3.29872e+07 1.1152e+07
3.29872e+07 1.1152e+07 3.29882e+07 1.11487e+07
3.29882e+07 1.11487e+07 3.29899e+07 1.1145e+07
3.29899e+07 1.1145e+07 3.29892e+07 1.11384e+07
3.29892e+07 1.11384e+07 3.29951e+07 1.11392e+07
3.29951e+07 1.11392e+07 3.29953e+07 1.11372e+07
3.29953e+07 1.11372e+07 3.29979e+07 1.11391e+07
3.29979e+07 1.11391e+07 3.29989e+07 1.11435e+07
3.29989e+07 1.11435e+07 3.3e+07 1.1147e+07
3.3e+07 1.1147e+07 3.30003e+07 1.11485e+07
3.30003e+07 1.11485e+07 3.30019e+07 1.11484e+07
3.30019e+07 1.11484e+07 3.30011e+07 1.11498e+07
3.30011e+07 1.11498e+07 3.30007e+07 1.11526e+07
3.30007e+07 1.11526e+07 3.29968e+07 1.11526e+07
3.29968e+07 1.11526e+07 3.29964e+07 1.11515e+07
3.29964e+07 1.11515e+07 3.29983e+07 1.11518e+07
3.29983e+07 1.11518e+07 3.29986e+07 1.11505e+07
3.29986e+07 1.11505e+07 3.29986e+07 1.11505e+07
3.29986e+07 1.11505e+07 3.30004e+07 1.11415e+07
3.30004e+07 1.11415e+07 3.30007e+07 1.11423e+07
3.30007e+07 1.11423e+07 3.30002e+07 1.11427e+07
3.30002e+07 1.11427e+07 3.30002e+07 1.11427e+07
3.30002e+07 1.11427e+07 3.30037e+07 1.11421e+07
3.30037e+07 1.11421e+07 3.30006e+07 1.11458e+07
3.30006e+07 1.11458e+07 3.29994e+07 1.11453e+07
3.29994e+07 1.11453e+07 3.29974e+07 1.11454e+07
3.29974e+07 1.11454e+07 3.2995e+07 1.11454e+07
3.2995e+07 1.11454e+07 3.29963e+07 1.1146e+07
3.29963e+07 1.1146e+07 3.29968e+07 1.11454e+07
3.29968e+07 1.11454e+07 3.29987e+07 1.11459e+07
3.29987e+07 1.11459e+07 3.29988e+07 1.11447e+07
3.29988e+07 1.11447e+07 3.30001e+07 1.11453e+07
3.30001e+07 1.11453e+07 3.30017e+07 1.11494e+07
3.30017e+07 1.11494e+07 3.30019e+07 1.11481e+07
3.30019e+07 1.11481e+07 3.30021e+07 1.11445e+07
3.30021e+07 1.11445e+07 3.30014e+07 1.11428e+07
3.30014e+07 1.11428e+07 3.29999e+07 1.11525e+07
3.29999e+07 1.11525e+07 3.29953e+07 1.11527e+07
3.29953e+07 1.11527e+07 3.29852e+07 1.11528e+07
3.29852e+07 1.11528e+07 3.29849e+07 1.11551e+07
3.29849e+07 1.11551e+07 3.29846e+07 1.1153e+07
3.29846e+07 1.1153e+07 3.29845e+07 1.11494e+07
3.29845e+07 1.11494e+07 3.29852e+07 1.11457e+07
3.29852e+07 1.11457e+07 3.29871e+07 1.11508e+07
3.29871e+07 1.11508e+07 3.29856e+07 1.11535e+07
3.29856e+07 1.11535e+07 3.29864e+07 1.1152e+07
3.29864e+07 1.1152e+07 3.29877e+07 1.11504e+07
3.29877e+07 1.11504e+07 3.29884e+07 1.11526e+07
3.29884e+07 1.11526e+07 3.29883e+07 1.11507e+07
3.29883e+07 1.11507e+07 3.29882e+07 1.11471e+07
3.29882e+07 1.11471e+07 3.29888e+07 1.11444e+07
3.29888e+07 1.11444e+07 3.29895e+07 1.1143e+07
3.29895e+07 1.1143e+07 3.29894e+07 1.11461e+07
3.29894e+07 1.11461e+07 3.29903e+07 1.11446e+07
3.29903e+07 1.11446e+07 3.29913e+07 1.1145e+07
3.29913e+07 1.1145e+07 3.29921e+07 1.11472e+07
3.29921e+07 1.11472e+07 3.29949e+07 1.11436e+07
3.29949e+07 1.11436e+07 3.30014e+07 1.11419e+07
3.30014e+07 1.11419e+07 3.30044e+07 1.11386e+07
3.30044e+07 1.11386e+07 3.30059e+07 1.11393e+07
3.30059e+07 1.11393e+07 3.30058e+07 1.11395e+07
3.30058e+07 1.11395e+07 3.30045e+07 1.11374e+07
3.30045e+07 1.11374e+07 3.30039e+07 1.11373e+07
3.30039e+07 1.11373e+07 3.30005e+07 1.11415e+07
3.30005e+07 1.11415e+07 3.30006e+07 1.11419e+07
3.30006e+07 1.11419e+07 3.30013e+07 1.11499e+07
3.30013e+07 1.11499e+07 3.30001e+07 1.11559e+07
3.30001e+07 1.11559e+07 3.29935e+07 1.11568e+07
3.29935e+07 1.11568e+07 3.29933e+07 1.11576e+07
3.29933e+07 1.11576e+07 3.29927e+07 1.1157e+07
3.29927e+07 1.1157e+07 3.29923e+07 1.11536e+07
3.29923e+07 1.11536e+07 3.29904e+07 1.11529e+07
3.29904e+07 1.11529e+07 3.29827e+07 1.11588e+07
3.29827e+07 1.11588e+07 3.29834e+07 1.11576e+07
3.29834e+07 1.11576e+07 3.29858e+07 1.1156e+07
3.29858e+07 1.1156e+07 3.29898e+07 1.11529e+07
3.29898e+07 1.11529e+07 3.29937e+07 1.11575e+07
3.29937e+07 1.11575e+07 3.29962e+07 1.11551e+07
3.29962e+07 1.11551e+07 3.30082e+07 1.11525e+07
3.30082e+07 1.11525e+07 3.30069e+07 1.11508e+07
3.30069e+07 1.11508e+07 3.30027e+07 1.11476e+07
3.30027e+07 1.11476e+07 3.30006e+07 1.11478e+07
3.30006e+07 1.11478e+07 3.29989e+07 1.11389e+07
3.29989e+07 1.11389e+07 3.29977e+07 1.11407e+07
3.29977e+07 1.11407e+07 3.2991e+07 1.11438e+07
3.2991e+07 1.11438e+07 3.2984e+07 1.11498e+07
3.2984e+07 1.11498e+07 3.29852e+07 1.11523e+07
3.29852e+07 1.11523e+07 3.29934e+07 1.11529e+07
3.29934e+07 1.11529e+07 3.2996e+07 1.11511e+07
3.2996e+07 1.11511e+07 3.2996e+07 1.11512e+07
3.2996e+07 1.11512e+07 3.29959e+07 1.11489e+07
3.29959e+07 1.11489e+07 3.29952e+07 1.11431e+07
3.29952e+07 1.11431e+07 3.29948e+07 1.11429e+07
3.29948e+07 1.11429e+07 3.29974e+07 1.11534e+07
3.29974e+07 1.11534e+07 3.29964e+07 1.11554e+07
3.29964e+07 1.11554e+07 3.29981e+07 1.11544e+07
3.29981e+07 1.11544e+07 3.30051e+07 1.11454e+07
3.30051e+07 1.11454e+07 3.30044e+07 1.1147e+07
3.30044e+07 1.1147e+07 3.30038e+07 1.11489e+07
3.30038e+07 1.11489e+07 3.30031e+07 1.11482e+07
3.30031e+07 1.11482e+07 3.30017e+07 1.11474e+07
3.30017e+07 1.11474e+07 3.30007e+07 1.11473e+07
3.30007e+07 1.11473e+07 3.30029e+07 1.11519e+07
3.30029e+07 1.11519e+07 3.30008e+07 1.11476e+07
3.30008e+07 1.11476e+07 3.30008e+07 1.11476e+07
3.30008e+07 1.11476e+07 3.30008e+07 1.11473e+07
3.30008e+07 1.11473e+07 3.30009e+07 1.11476e+07
3.30009e+07 1.11476e+07 3.30009e+07 1.11476e+07
3.30009e+07 1.11476e+07 3.30034e+07 1.11417e+07
3.30034e+07 1.11417e+07 3.30007e+07 1.11431e+07
3.30007e+07 1.11431e+07 3.30003e+07 1.11428e+07
3.30003e+07 1.11428e+07 3.30003e+07 1.11428e+07
3.30003e+07 1.11428e+07 3.30004e+07 1.1143e+07
3.30004e+07 1.1143e+07 3.30053e+07 1.11385e+07
3.30053e+07 1.11385e+07 3.30053e+07 1.11385e+07
3.30053e+07 1.11385e+07 3.30053e+07 1.11385e+07
3.30053e+07 1.11385e+07 3.30053e+07 1.11385e+07
3.30053e+07 1.11385e+07 3.30059e+07 1.11392e+07
3.30059e+07 1.11392e+07 3.30059e+07 1.11396e+07
3.30059e+07 1.11396e+07 3.30024e+07 1.11429e+07
3.30024e+07 1.11429e+07 3.30027e+07 1.11376e+07
3.30027e+07 1.11376e+07 3.30159e+07 1.11147e+07
3.30159e+07 1.11147e+07 3.3016e+07 1.112e+07
3.3016e+07 1.112e+07 3.30119e+07 1.11269e+07
3.30119e+07 1.11269e+07 3.30033e+07 1.11369e+07
3.30033e+07 1.11369e+07 3.30033e+07 1.11369e+07
3.30033e+07 1.11369e+07 3.30006e+07 1.11337e+07
3.30006e+07 1.11337e+07 3.30023e+07 1.11355e+07
3.30023e+07 1.11355e+07 3.30158e+07 1.11214e+07
3.30158e+07 1.11214e+07 3.30147e+07 1.1118e+07
3.30147e+07 1.1118e+07 3.30124e+07 1.11281e+07
3.30124e+07 1.11281e+07 3.30066e+07 1.11347e+07
3.30066e+07 1.11347e+07 3.30036e+07 1.11352e+07
3.30036e+07 1.11352e+07 3.30027e+07 1.11353e+07
3.30027e+07 1.11353e+07 3.29962e+07 1.11333e+07
3.29962e+07 1.11333e+07 3.29964e+07 1.11276e+07
3.29964e+07 1.11276e+07 3.29963e+07 1.11281e+07
3.29963e+07 1.11281e+07 3.29964e+07 1.11389e+07
3.29964e+07 1.11389e+07 3.29987e+07 1.11412e+07
3.29987e+07 1.11412e+07 3.29995e+07 1.11432e+07
3.29995e+07 1.11432e+07 3.29988e+07 1.11447e+07
3.29988e+07 1.11447e+07 3.29988e+07 1.11447e+07
3.29988e+07 1.11447e+07 3.29983e+07 1.11517e+07
3.29983e+07 1.11517e+07 3.29974e+07 1.11525e+07
3.29974e+07 1.11525e+07 3.29974e+07 1.11506e+07
3.29974e+07 1.11506e+07 3.29943e+07 1.11471e+07
3.29943e+07 1.11471e+07 3.2994e+07 1.11456e+07
3.2994e+07 1.11456e+07 3.2995e+07 1.11448e+07
3.2995e+07 1.11448e+07 3.2996e+07 1.11455e+07
3.2996e+07 1.11455e+07 3.29965e+07 1.11419e+07
3.29965e+07 1.11419e+07 3.29984e+07 1.11398e+07
3.29984e+07 1.11398e+07 3.29993e+07 1.11431e+07
3.29993e+07 1.11431e+07 3.29924e+07 1.11436e+07
3.29924e+07 1.11436e+07 3.29895e+07 1.11468e+07
3.29895e+07 1.11468e+07 3.29887e+07 1.11561e+07
3.29887e+07 1.11561e+07 3.29877e+07 1.11591e+07
3.29877e+07 1.11591e+07 3.2988e+07 1.11564e+07
3.2988e+07 1.11564e+07 3.2988e+07 1.11552e+07
3.2988e+07 1.11552e+07 3.29887e+07 1.11493e+07
3.29887e+07 1.11493e+07 3.29884e+07 1.11495e+07
3.29884e+07 1.11495e+07 3.29872e+07 1.11482e+07
3.29872e+07 1.11482e+07 3.29857e+07 1.11397e+07
3.29857e+07 1.11397e+07 3.29871e+07 1.11406e+07
3.29871e+07 1.11406e+07 3.29878e+07 1.11406e+07
3.29878e+07 1.11406e+07 3.29923e+07 1.11366e+07
3.29923e+07 1.11366e+07 3.29968e+07 1.11348e+07
3.29968e+07 1.11348e+07 3.29971e+07 1.1135e+07
3.29971e+07 1.1135e+07 3.30032e+07 1.11368e+07
3.30032e+07 1.11368e+07 3.30055e+07 1.11425e+07
3.30055e+07 1.11425e+07 3.30051e+07 1.11406e+07
3.30051e+07 1.11406e+07 3.30037e+07 1.11419e+07
3.30037e+07 1.11419e+07 3.29981e+07 1.1139e+07
3.29981e+07 1.1139e+07 3.29951e+07 1.11378e+07
3.29951e+07 1.11378e+07 3.29954e+07 1.11365e+07
3.29954e+07 1.11365e+07 3.29971e+07 1.11373e+07
3.29971e+07 1.11373e+07 3.29971e+07 1.1136e+07
3.29971e+07 1.1136e+07 3.30004e+07 1.11364e+07
3.30004e+07 1.11364e+07 3.30016e+07 1.11393e+07
3.30016e+07 1.11393e+07 3.30013e+07 1.11557e+07
3.30013e+07 1.11557e+07 3.29976e+07 1.11638e+07
3.29976e+07 1.11638e+07 3.29895e+07 1.11651e+07
3.29895e+07 1.11651e+07 3.29857e+07 1.11661e+07
3.29857e+07 1.11661e+07 3.29854e+07 1.11661e+07
3.29854e+07 1.11661e+07 3.29918e+07 1.11641e+07
3.29918e+07 1.11641e+07 3.30012e+07 1.11583e+07
3.30012e+07 1.11583e+07 3.30045e+07 1.11437e+07
3.30045e+07 1.11437e+07 3.30059e+07 1.114e+07
3.30059e+07 1.114e+07 3.30058e+07 1.11395e+07
3.30058e+07 1.11395e+07 3.30058e+07 1.11395e+07
3.30058e+07 1.11395e+07 3.30059e+07 1.11399e+07
3.30059e+07 1.11399e+07 3.30008e+07 1.11437e+07
3.30008e+07 1.11437e+07 3.30003e+07 1.11467e+07
3.30003e+07 1.11467e+07 3.29999e+07 1.11485e+07
3.29999e+07 1.11485e+07 3.29984e+07 1.11475e+07
3.29984e+07 1.11475e+07 3.29965e+07 1.11413e+07
3.29965e+07 1.11413e+07 3.29963e+07 1.11357e+07
3.29963e+07 1.11357e+07 3.29964e+07 1.11252e+07
3.29964e+07 1.11252e+07 3.2997e+07 1.11232e+07
3.2997e+07 1.11232e+07 3.29964e+07 1.11249e+07
3.29964e+07 1.11249e+07 3.29952e+07 1.11316e+07
3.29952e+07 1.11316e+07 3.29953e+07 1.11416e+07
3.29953e+07 1.11416e+07 3.29948e+07 1.11471e+07
3.29948e+07 1.11471e+07 3.29963e+07 1.11453e+07
3.29963e+07 1.11453e+07 3.29989e+07 1.1143e+07
3.29989e+07 1.1143e+07 3.29987e+07 1.1147e+07
3.29987e+07 1.1147e+07 3.29987e+07 1.11491e+07
3.29987e+07 1.11491e+07 3.29976e+07 1.11494e+07
3.29976e+07 1.11494e+07 3.29973e+07 1.11472e+07
3.29973e+07 1.11472e+07 3.29964e+07 1.115e+07
3.29964e+07 1.115e+07 3.29964e+07 1.11492e+07
3.29964e+07 1.11492e+07 3.29915e+07 1.11492e+07
3.29915e+07 1.11492e+07 3.29865e+07 1.11477e+07
3.29865e+07 1.11477e+07 3.29882e+07 1.115e+07
3.29882e+07 1.115e+07 3.29872e+07 1.11538e+07
3.29872e+07 1.11538e+07 3.2987e+07 1.11539e+07
3.2987e+07 1.11539e+07 3.29879e+07 1.11567e+07
3.29879e+07 1.11567e+07 3.29876e+07 1.11571e+07
3.29876e+07 1.11571e+07 3.29904e+07 1.11611e+07
3.29904e+07 1.11611e+07 3.2992e+07 1.11678e+07
3.2992e+07 1.11678e+07 3.2993e+07 1.11646e+07
3.2993e+07 1.11646e+07 3.2994e+07 1.11648e+07
3.2994e+07 1.11648e+07 3.29945e+07 1.11597e+07
3.29945e+07 1.11597e+07 3.29957e+07 1.11522e+07
3.29957e+07 1.11522e+07 3.29953e+07 1.11426e+07
3.29953e+07 1.11426e+07 3.29957e+07 1.11371e+07
3.29957e+07 1.11371e+07 3.29972e+07 1.11418e+07
3.29972e+07 1.11418e+07 3.29972e+07 1.11402e+07
3.29972e+07 1.11402e+07 3.29971e+07 1.11336e+07
3.29971e+07 1.11336e+07 3.29971e+07 1.11383e+07
3.29971e+07 1.11383e+07 3.29993e+07 1.11437e+07
3.29993e+07 1.11437e+07 3.29965e+07 1.11413e+07
3.29965e+07 1.11413e+07 3.29983e+07 1.11518e+07
3.29983e+07 1.11518e+07 3.29967e+07 1.1164e+07
3.29967e+07 1.1164e+07 3.29943e+07 1.11588e+07
3.29943e+07 1.11588e+07 3.29952e+07 1.11563e+07
3.29952e+07 1.11563e+07 3.29873e+07 1.11616e+07
3.29873e+07 1.11616e+07 3.29814e+07 1.11615e+07
3.29814e+07 1.11615e+07 3.29791e+07 1.11627e+07
3.29791e+07 1.11627e+07 3.29937e+07 1.11567e+07
3.29937e+07 1.11567e+07 3.29974e+07 1.11536e+07
3.29974e+07 1.11536e+07 3.2999e+07 1.11512e+07
3.2999e+07 1.11512e+07 3.2999e+07 1.11497e+07
3.2999e+07 1.11497e+07 3.30019e+07 1.11548e+07
3.30019e+07 1.11548e+07 3.30013e+07 1.11495e+07
3.30013e+07 1.11495e+07 3.30006e+07 1.11473e+07
3.30006e+07 1.11473e+07 3.3005e+07 1.11405e+07
3.3005e+07 1.11405e+07 3.30058e+07 1.11396e+07
3.30058e+07 1.11396e+07 3.30058e+07 1.11396e+07
3.30058e+07 1.11396e+07 3.30058e+07 1.11396e+07
3.30058e+07 1.11396e+07 3.30058e+07 1.11396e+07
3.30058e+07 1.11396e+07 3.30058e+07 1.11396e+07
3.30058e+07 1.11396e+07 3.30058e+07 1.11396e+07
3.30058e+07 1.11396e+07 3.30058e+07 1.11395e+07
3.30058e+07 1.11395e+07 3.30058e+07 1.11395e+07
3.30058e+07 1.11395e+07 3.30058e+07 1.11396e+07
3.30058e+07 1.11396e+07 3.30058e+07 1.11396e+07
3.30058e+07 1.11396e+07 3.30058e+07 1.11396e+07
3.30058e+07 1.11396e+07 3.30058e+07 1.11396e+07
3.30058e+07 1.11396e+07 3.30058e+07 1.11396e+07
3.30058e+07 1.11396e+07 3.30058e+07 1.11396e+07
3.30058e+07 1.11396e+07 3.30062e+07 1.11385e+07
3.30062e+07 1.11385e+07 3.30068e+07 1.11341e+07
3.30068e+07 1.11341e+07 3.30123e+07 1.11256e+07
3.30123e+07 1.11256e+07 3.30155e+07 1.11186e+07
3.30155e+07 1.11186e+07 3.30154e+07 1.11067e+07
3.30154e+07 1.11067e+07 3.30253e+07 1.11064e+07
3.30253e+07 1.11064e+07 3.30347e+07 1.11013e+07
3.30347e+07 1.11013e+07 3.30479e+07 1.10981e+07
3.30479e+07 1.10981e+07 3.30628e+07 1.11007e+07
3.30628e+07 1.11007e+07 3.30693e+07 1.10999e+07
3.30693e+07 1.10999e+07 3.30693e+07 1.10999e+07
3.30693e+07 1.10999e+07 3.30693e+07 1.10999e+07
3.30693e+07 1.10999e+07 3.30693e+07 1.10999e+07
3.30693e+07 1.10999e+07 3.30693e+07 1.10999e+07
3.30693e+07 1.10999e+07 3.30693e+07 1.10999e+07
3.30693e+07 1.10999e+07 3.30749e+07 1.11018e+07
3.30749e+07 1.11018e+07 3.30816e+07 1.1104e+07
3.30816e+07 1.1104e+07 3.30816e+07 1.11041e+07
3.30816e+07 1.11041e+07 3.30752e+07 1.11019e+07
3.30752e+07 1.11019e+07 3.30744e+07 1.10993e+07
3.30744e+07 1.10993e+07 3.30726e+07 1.10981e+07
3.30726e+07 1.10981e+07 3.30726e+07 1.10981e+07
3.30726e+07 1.10981e+07 3.30726e+07 1.10981e+07
3.30726e+07 1.10981e+07 3.30726e+07 1.10981e+07
3.30726e+07 1.10981e+07 3.30692e+07 1.10998e+07
3.30692e+07 1.10998e+07 3.3069e+07 1.10998e+07
3.3069e+07 1.10998e+07 3.3069e+07 1.10998e+07
3.3069e+07 1.10998e+07 3.30693e+07 1.10998e+07
3.30693e+07 1.10998e+07 3.30693e+07 1.10998e+07
3.30693e+07 1.10998e+07 3.30693e+07 1.10998e+07
3.30693e+07 1.10998e+07 3.30693e+07 1.10998e+07
3.30693e+07 1.10998e+07 3.30693e+07 1.10998e+07
3.30693e+07 1.10998e+07 3.30693e+07 1.10998e+07
3.30693e+07 1.10998e+07 3.30693e+07 1.10998e+07
3.30693e+07 1.10998e+07 3.30693e+07 1.10998e+07
3.30693e+07 1.10998e+07 3.30693e+07 1.10998e+07
3.30693e+07 1.10998e+07 3.30693e+07 1.10998e+07
3.30693e+07 1.10998e+07 3.30693e+07 1.10998e+07
3.30693e+07 1.10998e+07 3.30693e+07 1.10998e+07
3.30693e+07 1.10998e+07 3.30693e+07 1.10998e+07
3.30693e+07 1.10998e+07 3.30672e+07 1.10963e+07
3.30672e+07 1.10963e+07 3.30674e+07 1.10972e+07
3.30674e+07 1.10972e+07 3.30731e+07 1.10992e+07
3.30731e+07 1.10992e+07 3.30709e+07 1.11003e+07
3.30709e+07 1.11003e+07 3.30711e+07 1.11006e+07
3.30711e+07 1.11006e+07 3.3077e+07 1.11024e+07
3.3077e+07 1.11024e+07 3.30816e+07 1.11041e+07
3.30816e+07 1.11041e+07 3.30816e+07 1.11041e+07
3.30816e+07 1.11041e+07 3.30816e+07 1.11041e+07
3.30816e+07 1.11041e+07 3.30816e+07 1.11041e+07
3.30816e+07 1.11041e+07 3.30816e+07 1.11041e+07
3.30816e+07 1.11041e+07 3.30816e+07 1.11041e+07
3.30816e+07 1.11041e+07 3.30816e+07 1.11041e+07
3.30816e+07 1.11041e+07 3.30816e+07 1.11041e+07
3.30816e+07 1.11041e+07 3.30816e+07 1.11041e+07
3.30816e+07 1.11041e+07 3.30816e+07 1.11041e+07
3.30816e+07 1.11041e+07 3.30812e+07 1.11036e+07
3.30812e+07 1.11036e+07 3.30844e+07 1.11008e+07
3.30844e+07 1.11008e+07 3.30816e+07 1.1104e+07
3.30816e+07 1.1104e+07 3.30816e+07 1.1104e+07
3.30816e+07 1.1104e+07 3.30816e+07 1.1104e+07
3.30816e+07 1.1104e+07 3.30809e+07 1.11039e+07
3.30809e+07 1.11039e+07 3.30726e+07 1.10999e+07
3.30726e+07 1.10999e+07 3.30693e+07 1.10998e+07
3.30693e+07 1.10998e+07 3.30693e+07 1.10998e+07
3.30693e+07 1.10998e+07 3.30693e+07 1.10998e+07
3.30693e+07 1.10998e+07 3.30693e+07 1.10998e+07
3.30693e+07 1.10998e+07 3.30693e+07 1.10998e+07
3.30693e+07 1.10998e+07 3.30693e+07 1.10998e+07
3.30693e+07 1.10998e+07 3.30693e+07 1.10998e+07
3.30693e+07 1.10998e+07 3.30693e+07 1.10998e+07
3.30693e+07 1.10998e+07 3.30746e+07 1.11021e+07
3.30746e+07 1.11021e+07 3.30693e+07 1.10998e+07
3.30693e+07 1.10998e+07 3.30693e+07 1.10998e+07
3.30693e+07 1.10998e+07 3.30693e+07 1.10998e+07
3.30693e+07 1.10998e+07 3.30693e+07 1.10998e+07
3.30693e+07 1.10998e+07 3.30693e+07 1.10998e+07
3.30693e+07 1.10998e+07 3.30693e+07 1.10998e+07
3.30693e+07 1.10998e+07 3.30693e+07 1.10998e+07
3.30693e+07 1.10998e+07 3.30717e+07 1.10999e+07
3.30717e+07 1.10999e+07 3.30761e+07 1.11019e+07
3.30761e+07 1.11019e+07 3.30816e+07 1.1104e+07
3.30816e+07 1.1104e+07 3.30816e+07 1.1104e+07
3.30816e+07 1.1104e+07 3.3081e+07 1.11037e+07
3.3081e+07 1.11037e+07 3.3075e+07 1.11008e+07
3.3075e+07 1.11008e+07 3.30731e+07 1.10996e+07
3.30731e+07 1.10996e+07 3.30692e+07 1.10999e+07
3.30692e+07 1.10999e+07 3.30673e+07 1.10964e+07
3.30673e+07 1.10964e+07 3.30692e+07 1.10999e+07
3.30692e+07 1.10999e+07 3.30692e+07 1.10999e+07
3.30692e+07 1.10999e+07 3.30692e+07 1.10999e+07
3.30692e+07 1.10999e+07 3.30692e+07 1.10999e+07
3.30692e+07 1.10999e+07 3.30692e+07 1.10999e+07
3.30692e+07 1.10999e+07 3.30692e+07 1.10999e+07
3.30692e+07 1.10999e+07 3.30692e+07 1.10999e+07
3.30692e+07 1.10999e+07 3.30711e+07 1.11018e+07
