-4073.6 132486.0
-3682.87 130920.0
-3721.83 130415.0
-3696.23 135925.0
-3786.39 143471.0
-1823.83 147057.0
-1740.34 150724.0
-2616.43 153118.0
-3265.42 154075.0
-5470.66 154418.0
-7274.03 154491.0
-7313.0 156722.0
-6980.15 159643.0
-5662.13 162391.0
-7041.38 164022.0
-5978.28 160883.0
-3258.74 158588.0
-3515.89 154645.0
-3396.78 152363.0
-3583.79 152376.0
-1735.89 151138.0
-1733.66 151239.0
1201.83 152053.0
1303.13 151279.0
1303.13 144486.0
896.817 141977.0
297.918 141465.0
3336.94 136947.0
4216.36 138096.0
3255.68 137548.0
3085.36 137851.0
3651.97 141952.0
2163.63 142965.0
2002.22 136860.0
2604.46 134365.0
866.76 135652.0
627.423 136199.0
-3228.68 133646.0
-3690.66 135861.0
-3614.96 138840.0
-2797.88 140993.0
-2903.63 133318.0
-3771.92 129502.0
-3573.77 126236.0
-3607.17 124751.0
-4039.09 122556.0
-3780.83 121251.0
-2489.52 117999.0
-1893.96 116841.0
-3078.4 119403.0
-3742.98 121164.0
-5043.19 127216.0
-12433.7 127064.0
-18192.2 128625.0
-18630.8 127574.0
-17866.1 131951.0
-16752.9 135184.0
-19461.3 143065.0
-19591.5 145018.0
-19499.1 147460.0
-19834.2 154983.0
-17151.4 155204.0
-17796.0 156798.0
-16860.9 152272.0
-17252.7 151074.0
-17042.3 144092.0
-16145.1 144653.0
-11986.2 146020.0
-10789.5 148789.0
-10818.4 149348.0
-11222.5 146541.0
-10491.2 145679.0
-10512.3 152799.0
-10416.6 150364.0
-10523.4 144960.0
-12244.4 133470.0
-10779.5 135062.0
-7489.99 135048.0
-6954.55 136017.0
-6959.0 135044.0
1326.51 105858.0
1371.04 102530.0
1113.89 105851.0
-3613.85 106176.0
-4187.14 110558.0
-4517.76 114561.0
-4184.92 116716.0
-4194.94 120581.0
-5455.07 130086.0
-5682.17 130070.0
-7001.3 134745.0
-14109.1 135396.0
-15079.8 136137.0
-14935.0 136520.0
-15717.6 132408.0
-15515.0 132321.0
-14056.7 129934.0
-14259.3 129798.0
-12588.4 132027.0
-11788.0 133779.0
-11495.3 133748.0
-9031.77 114690.0
-9203.2 114561.0
-9739.76 112655.0
-7616.9 109625.0
-4257.28 109053.0
-4069.15 112564.0
-3957.83 109062.0
-3570.43 109122.0
1599.24 105876.0
3541.77 117148.0
3558.47 118076.0
348.012 128547.0
6994.9 135638.0
7235.35 136237.0
8513.3 145227.0
6808.99 145853.0
4441.23 143388.0
2320.59 137733.0
2450.84 137540.0
2417.44 135723.0
656.366 135137.0
-598.204 134696.0
-2805.67 134674.0
-4781.59 137134.0
-4625.74 146850.0
-4049.11 148903.0
-3953.37 148901.0
-4594.57 147679.0
-4644.67 142749.0
-4536.69 141857.0
-12312.4 171200.0
-3574.89 139543.0
-3627.21 137753.0
-4572.31 136417.0
-4740.4 133550.0
-4090.3 132018.0
-4189.37 131978.0
-3748.55 130379.0
-7065.87 131916.0
-7055.85 132457.0
-11553.2 135217.0
-18832.3 138207.0
-19479.1 148847.0
-19638.3 153578.0
-19356.7 154400.0
-18796.7 154413.0
-18565.2 154137.0
-18556.3 150179.0
-14937.3 149201.0
-10966.5 149290.0
-10771.7 148171.0
-11682.3 148248.0
-11765.8 149531.0
-12863.4 150375.0
-13010.3 146465.0
-10679.3 145546.0
-10492.3 145243.0
-10437.7 143731.0
-10550.2 142562.0
-13976.6 135774.0
-12979.2 135393.0
-10787.3 133944.0
-10957.6 127485.0
-10569.1 127182.0
-10952.0 126483.0
-11957.2 123901.0
-12575.1 119679.0
-12054.1 119027.0
-10404.3 118408.0
-10545.7 116738.0
-12276.7 118076.0
-13442.2 119911.0
-12896.8 121708.0
-12169.9 123353.0
-12619.6 119223.0
-11484.1 118335.0
-9146.43 115418.0
-9297.82 113766.0
-7920.8 112582.0
-4200.5 112513.0
-4073.6 113552.0
-4032.41 113069.0
-1238.29 111595.0
-1322.89 109623.0
560.632 109080.0
1580.32 103327.0
1377.72 102527.0
1471.23 102523.0
-1276.14 105787.0
-4243.92 106332.0
-4066.92 113659.0
-4085.84 112410.0
-6059.54 112744.0
-4712.57 112497.0
-4069.15 113633.0
-4033.52 114300.0
-4080.28 112448.0
-7612.45 112533.0
-9402.46 112980.0
-9283.35 113953.0
-10883.0 117124.0
-12826.7 117671.0
-14124.6 117892.0
-16887.6 120871.0
-15650.8 122941.0
-14077.9 124270.0
-13292.0 124375.0
-13364.3 125684.0
-12150.9 125377.0
-11195.8 125684.0
-10149.4 125412.0
-11180.2 126063.0
-8416.17 133316.0
-15958.1 139307.0
-15213.3 140238.0
-10493.4 139434.0
-3591.59 139125.0
-846.447 139924.0
280.107 152608.0
1.80789 151922.0
12.9398 149649.0
563.971 148253.0
576.216 146396.0
7.37387 144103.0
-764.07 143949.0
-1523.27 142326.0
-1716.97 142366.0
-3353.36 141747.0
-4941.89 143520.0
-5711.11 143061.0
-3326.64 143537.0
-3077.29 143980.0
-1704.72 145365.0
-636.053 145412.0
-1035.69 144388.0
-1181.52 141291.0
-2825.71 139198.0
-2905.86 134846.0
-3655.04 131250.0
-3562.64 125795.0
-4221.65 120726.0
-4145.96 116812.0
-4270.63 112426.0
-10311.9 112838.0
-9738.65 112666.0
-518121.0 2198350.0
-8683.34 109874.0
-5035.4 109166.0
-6015.01 109307.0
-9747.55 112660.0
-10950.9 117197.0
-12543.9 120370.0
-12127.6 121823.0
-12582.9 119501.0
-12120.9 119036.0
-11794.7 118927.0
-12768.8 119263.0
-14486.4 121505.0
-15474.9 124079.0
-14696.8 129306.0
-14916.1 135244.0
-14882.7 136146.0
-14926.1 134249.0
-15981.4 132759.0
-16785.2 132840.0
-19208.6 131637.0
-20417.5 129992.0
-19598.2 131608.0
-18636.4 131949.0
-18118.8 129582.0
-18164.4 129106.0
-18891.3 126978.0
-18761.1 127505.0
-16657.2 126675.0
-15008.5 128077.0
-12584.0 132301.0
-12563.9 132909.0
-13078.2 129896.0
-12997.0 133174.0
-14498.7 132849.0
-14943.9 132595.0
-14790.3 128422.0
-16526.9 124575.0
-18618.6 124653.0
-19246.4 126234.0
-18866.8 127055.0
-16740.6 126661.0
-14625.6 129400.0
-12773.2 130148.0
-13059.3 133752.0
-12624.0 133830.0
-10342.0 133708.0
-9468.14 133470.0
-7291.85 130070.0
-5557.49 130086.0
-7024.68 133726.0
-7066.98 134948.0
-8376.1 139338.0
-11212.5 141574.0
-9927.89 140378.0
-7934.16 137426.0
-8855.88 132025.0
-9627.33 128340.0
-8458.47 128333.0
-7599.09 130063.0
-3819.79 130177.0
-3570.43 125070.0
-4191.6 122169.0
-4578.99 119005.0
-4075.83 115153.0
-4235.01 106704.0
1293.11 105878.0
1539.13 102921.0
1372.15 102538.0
1146.17 105865.0
-2731.09 106058.0
-3661.72 106194.0
-1890.62 107583.0
-1779.3 115516.0
-2573.01 115757.0
-3783.05 117017.0
-4301.8 121009.0
-4250.6 121594.0
-4739.29 129115.0
-4774.91 135420.0
-5349.32 137749.0
-5930.41 138072.0
-6238.76 137555.0
-8777.96 137430.0
-7892.97 136912.0
-7882.95 137357.0
-7968.67 134939.0
-13602.5 135373.0
-19498.0 140616.0
-18635.3 142386.0
-19296.5 139532.0
-16539.2 135701.0
-16508.0 137880.0
-17265.0 144321.0
-17246.0 145054.0
-17999.7 145109.0
-17997.4 142789.0
-16781.8 141304.0
-16523.6 139229.0
-16024.9 136878.0
-15696.5 142698.0
-16510.2 149128.0
-16559.2 147300.0
-18014.1 144602.0
-17562.2 143914.0
-17868.3 149092.0
-20766.0 149030.0
-21943.7 151007.0
-19628.3 150559.0
-19415.7 149818.0
-17893.9 148418.0
-17974.1 148033.0
-15850.1 147316.0
-11436.3 148248.0
-10775.0 147378.0
-10503.4 146503.0
-5525.2 143622.0
-2849.08 143613.0
-2737.76 140608.0
-3422.38 140648.0
-3593.81 139220.0
-7919.69 141489.0
-8087.78 139341.0
-13623.7 139483.0
-14503.1 138797.0
-13929.8 137535.0
-13658.2 136148.0
-13691.6 134273.0
-15019.6 131312.0
-14581.0 130620.0
-15430.4 126428.0
-19058.3 126592.0
-20938.5 122785.0
-23056.9 121659.0
-23281.8 119484.0
-21394.9 122805.0
-20836.1 123484.0
-20082.5 125165.0
-18397.1 127383.0
-17910.6 127015.0
-13148.4 129444.0
-12628.5 130633.0
-13078.2 133559.0
-11357.2 129041.0
-8843.64 130130.0
-5596.45 130126.0
-3769.7 129598.0
7265.4 152799.0
-3613.85 127906.0
-3588.25 124925.0
-4615.72 127078.0
-4501.07 127343.0
2292.76 128883.0
8423.13 128086.0
15062.2 121534.0
15385.0 114280.0
15390.6 117765.0
13792.1 117767.0
10127.4 116015.0
10431.3 109318.0
10484.8 108935.0
5072.41 111086.0
3981.48 111170.0
3116.53 106110.0
7060.58 110896.0
10404.6 108795.0
10316.7 107227.0
10425.8 105437.0
8349.66 105284.0
8395.3 102587.0
3594.09 101619.0
2294.99 101586.0
1957.69 101174.0
1389.96 102523.0
2092.39 101283.0
2104.63 101476.0
1982.18 101163.0
1375.49 102521.0
1730.6 102111.0
1691.64 102029.0
1386.62 102561.0
-1724.76 156186.0
1627.07 93479.3
-2128.85 86243.5
-4537.8 82521.0
-3402.34 86250.2
84.1843 85994.2
964.721 88559.0
2046.75 100615.0
1376.6 102521.0
1461.21 102507.0
2306.12 106557.0
666.385 112829.0
1000.34 112755.0
64.1468 113011.0
-2497.31 117360.0
-4093.64 117126.0
-4112.56 120374.0
-4629.08 127107.0
-4771.57 131121.0
-5539.68 130081.0
