-10651.5 161863.0
-11219.2 159634.0
-11290.4 155600.0
-10399.9 154534.0
-10366.5 150021.0
-10516.8 146423.0
-4709.23 143622.0
-3574.89 143531.0
-3562.64 143709.0
-3568.21 143595.0
-2812.35 143299.0
-2776.73 140018.0
-2685.44 140035.0
-2826.82 138172.0
-2560.77 134763.0
2135.8 139036.0
3384.81 138606.0
497.18 141672.0
-15476.1 162822.0
1287.55 144172.0
1270.85 151261.0
77.5051 151579.0
3693.16 161260.0
2052.31 159129.0
1946.56 157138.0
2991.85 158031.0
5632.35 160977.0
12652.2 161540.0
16674.1 163646.0
19252.3 168972.0
20534.7 176023.0
22035.3 178389.0
22431.6 181647.0
24099.1 182330.0
26963.4 183140.0
26788.6 185171.0
24993.0 182815.0
24096.9 182361.0
24187.1 182693.0
27930.8 178875.0
28046.5 170748.0
27483.3 162041.0
27600.1 161994.0
27611.3 162099.0
27595.7 161999.0
27624.6 162132.0
27602.4 162043.0
27589.0 161849.0
27610.2 162277.0
21903.9 155823.0
18868.2 152913.0
16430.3 152318.0
10012.8 152352.0
1295.34 150686.0
1289.77 144737.0
-2588.6 139045.0
-8918.22 139390.0
-10781.7 141389.0
-10750.5 141527.0
-11591.0 141482.0
-11658.9 139761.0
-10747.2 135776.0
-10919.7 135148.0
-16749.5 134550.0
-17636.8 135603.0
-19586.0 145855.0
-18662.0 155179.0
-13517.9 155233.0
-13199.6 154705.0
-13235.2 154948.0
-13206.2 154656.0
-13230.7 154698.0
-13588.1 155104.0
-15656.4 142611.0
-15919.1 139666.0
-11507.5 139492.0
-11607.7 140334.0
-11651.1 139830.0
-7753.82 139365.0
-2285.81 139056.0
1224.1 142723.0
1276.42 150934.0
7232.01 152737.0
15205.8 152347.0
18330.6 153338.0
21587.8 153160.0
21693.5 154131.0
23572.6 156760.0
25885.8 160434.0
27572.3 162021.0
27240.6 161135.0
27054.7 160977.0
27612.4 162010.0
27257.3 161538.0
27278.4 161351.0
24768.2 158704.0
22975.9 154954.0
23157.4 153017.0
22816.7 148407.0
17711.6 148854.0
15763.5 148157.0
15690.1 149883.0
15136.8 144127.0
13467.0 137386.0
13471.5 137715.0
12327.1 139964.0
10820.9 141870.0
10311.1 147006.0
-2816.8 158786.0
-2268.0 158733.0
-2899.18 158143.0
-2098.79 158721.0
-568.148 161596.0
-1195.99 163637.0
-2852.42 163891.0
-6649.53 164065.0
-11353.9 162428.0
-11284.9 156718.0
-13775.1 155135.0
-14266.0 154992.0
-14023.3 143034.0
-12187.7 143900.0
-11988.4 145889.0
-12811.1 146027.0
-10458.9 145472.0
-11874.9 145189.0
-13256.3 145942.0
-16829.7 144134.0
-16195.2 140977.0
-15859.0 140254.0
-16722.8 135024.0
-16741.8 135623.0
-9544.95 135126.0
-6235.42 137865.0
-6111.86 143348.0
-4659.14 145192.0
-4079.16 145465.0
-1855.0 145984.0
-731.788 148070.0
-705.071 148480.0
545.047 148585.0
569.537 149261.0
2148.05 149722.0
2792.59 149402.0
4259.78 149417.0
4512.47 149237.0
3520.62 140409.0
-2162.24 134679.0
-16834.2 134403.0
-17940.7 135182.0
-17621.2 136181.0
-21441.7 138156.0
-24269.2 135865.0
-23846.2 135563.0
-22688.4 138348.0
-21499.6 138145.0
-17553.3 136319.0
-17340.7 136068.0
-13992.2 139572.0
-7871.82 139352.0
-764.07 140038.0
1249.7 149573.0
1234.11 152735.0
27605.7 162088.0
27600.1 162010.0
27446.5 162108.0
26712.9 160836.0
22987.1 156471.0
20898.7 153583.0
15975.0 152316.0
7298.8 152728.0
4444.57 144938.0
-427.885 135318.0
-7961.99 134990.0
-17457.5 136026.0
-18151.1 135175.0
-18399.3 135402.0
-17632.3 135453.0
-15891.3 140087.0
-11534.2 139525.0
-11559.8 140788.0
-8987.24 139445.0
-1634.59 139065.0
1269.74 145993.0
1788.49 152666.0
10011.7 152434.0
18794.8 153200.0
24174.8 157751.0
27720.4 163370.0
28327.1 166215.0
27572.3 162037.0
27596.8 161936.0
27577.9 162092.0
27581.2 162008.0
27558.9 161865.0
28288.1 168008.0
29946.8 165697.0
32793.2 169134.0
33679.3 169548.0
32487.1 168620.0
30191.7 162698.0
27569.0 162023.0
25387.1 159701.0
22842.3 156148.0
19855.6 152975.0
15078.9 152236.0
6116.59 152699.0
-587.072 135200.0
-7548.99 134959.0
-13031.5 134921.0
-14278.3 135021.0
-15753.2 135451.0
-17970.7 135200.0
-15866.8 135571.0
-8022.1 135026.0
123.146 136003.0
4414.51 145991.0
5219.35 152770.0
10989.0 152525.0
14051.4 152245.0
17417.7 152559.0
21213.7 154596.0
23531.4 156827.0
27253.9 161190.0
27593.5 162019.0
27564.5 161898.0
28423.9 167716.0
27567.9 162012.0
27563.4 162146.0
27565.6 161976.0
27572.3 162043.0
27481.0 161829.0
27561.2 162005.0
24170.4 157717.0
23147.4 153046.0
23341.1 151657.0
22665.3 151156.0
21223.8 151566.0
21330.6 151523.0
21582.2 153131.0
23033.8 154649.0
24193.8 157786.0
27599.0 162005.0
28131.1 166175.0
28034.3 170593.0
26864.3 183056.0
24095.8 182337.0
25833.5 182871.0
26682.9 183748.0
26522.6 182987.0
24098.0 182346.0
28012.0 174551.0
27198.3 163417.0
25536.3 161344.0
25576.3 161478.0
25632.0 161438.0
25600.8 161513.0
25548.5 161400.0
25584.1 161475.0
25544.1 161402.0
25522.9 161493.0
27599.0 162030.0
27589.0 161961.0
27631.3 162190.0
27567.9 161927.0
28150.1 165280.0
27943.0 166120.0
28186.8 166191.0
27968.6 172924.0
25243.5 182800.0
24096.9 182343.0
24121.4 182493.0
24093.6 182346.0
22423.8 181034.0
23151.8 174422.0
23496.9 162693.0
24669.1 162413.0
24850.5 161406.0
25596.4 161511.0
25525.1 161355.0
27558.9 162030.0
27556.7 161921.0
27553.4 161994.0
25312.5 159616.0
23722.9 156971.0
23655.0 153109.0
24187.1 152385.0
24181.5 152040.0
23001.5 151203.0
23178.5 146574.0
25130.0 137617.0
26724.1 138049.0
26702.9 137764.0
27266.2 137085.0
26642.8 136348.0
27556.7 134888.0
27420.9 135184.0
25466.1 135453.0
22964.8 144666.0
21906.1 149538.0
19066.4 148705.0
17533.5 148714.0
15267.0 148137.0
11528.9 149092.0
6949.26 149315.0
4418.97 152554.0
5340.69 159242.0
7046.11 160975.0
3059.75 157971.0
2300.56 160055.0
1782.92 160981.0
1572.53 158525.0
4422.3 156880.0
4426.76 143958.0
5376.31 132808.0
14216.2 123170.0
15376.1 114283.0
15265.9 116284.0
15324.9 118740.0
14413.2 122356.0
11867.4 125918.0
9563.04 130489.0
7523.67 131916.0
7091.75 133200.0
4909.88 136600.0
4629.36 141164.0
1581.43 143350.0
-1614.55 145339.0
-4633.54 143468.0
-4717.03 140294.0
-13007.0 137482.0
-10864.1 137520.0
-9362.39 135122.0
-9044.01 139387.0
-10338.7 150297.0
-11072.3 149277.0
-13811.8 147394.0
-14509.8 146007.0
-14364.0 145853.0
-10948.7 145628.0
-10832.9 132045.0
-10403.2 128926.0
-10487.8 128768.0
-8012.08 134944.0
-8499.66 139118.0
-14307.2 139550.0
-17722.5 143883.0
