3.30009e+07 1.11494e+07 3.30062e+07 1.11463e+07
3.30062e+07 1.11463e+07 3.29953e+07 1.11337e+07
3.29953e+07 1.11337e+07 3.30013e+07 1.11441e+07
3.30013e+07 1.11441e+07 3.30004e+07 1.11508e+07
3.30004e+07 1.11508e+07 3.30043e+07 1.11421e+07
3.30043e+07 1.11421e+07 3.30015e+07 1.11434e+07
3.30015e+07 1.11434e+07 3.30021e+07 1.11354e+07
3.30021e+07 1.11354e+07 3.3003e+07 1.11399e+07
3.3003e+07 1.11399e+07 3.30043e+07 1.11506e+07
3.30043e+07 1.11506e+07 3.30009e+07 1.11523e+07
3.30009e+07 1.11523e+07 3.30088e+07 1.11413e+07
3.30088e+07 1.11413e+07 3.30156e+07 1.11148e+07
3.30156e+07 1.11148e+07 3.30143e+07 1.11226e+07
3.30143e+07 1.11226e+07 3.29993e+07 1.11401e+07
3.29993e+07 1.11401e+07 3.3028e+07 1.1165e+07
3.3028e+07 1.1165e+07 3.3028e+07 1.1165e+07
3.3028e+07 1.1165e+07 3.30217e+07 1.11556e+07
3.30217e+07 1.11556e+07 3.30092e+07 1.11523e+07
3.30092e+07 1.11523e+07 3.29942e+07 1.11608e+07
3.29942e+07 1.11608e+07 3.29859e+07 1.11528e+07
3.29859e+07 1.11528e+07 3.29907e+07 1.11556e+07
3.29907e+07 1.11556e+07 3.29883e+07 1.11516e+07
3.29883e+07 1.11516e+07 3.29938e+07 1.11529e+07
3.29938e+07 1.11529e+07 3.29974e+07 1.11528e+07
3.29974e+07 1.11528e+07 3.29983e+07 1.11534e+07
3.29983e+07 1.11534e+07 3.30019e+07 1.11544e+07
3.30019e+07 1.11544e+07 3.30009e+07 1.11494e+07
3.30009e+07 1.11494e+07 3.29935e+07 1.11494e+07
3.29935e+07 1.11494e+07 3.29838e+07 1.11493e+07
3.29838e+07 1.11493e+07 3.29804e+07 1.11529e+07
3.29804e+07 1.11529e+07 3.29829e+07 1.1149e+07
3.29829e+07 1.1149e+07 3.29888e+07 1.11493e+07
3.29888e+07 1.11493e+07 3.29903e+07 1.11569e+07
3.29903e+07 1.11569e+07 3.29848e+07 1.11623e+07
3.29848e+07 1.11623e+07 3.29885e+07 1.1155e+07
3.29885e+07 1.1155e+07 3.29856e+07 1.1153e+07
3.29856e+07 1.1153e+07 3.29848e+07 1.11355e+07
3.29848e+07 1.11355e+07 3.29904e+07 1.11395e+07
3.29904e+07 1.11395e+07 3.29888e+07 1.11456e+07
3.29888e+07 1.11456e+07 3.29962e+07 1.11436e+07
3.29962e+07 1.11436e+07 3.29972e+07 1.11609e+07
3.29972e+07 1.11609e+07 3.30277e+07 1.11632e+07
3.30277e+07 1.11632e+07 3.3028e+07 1.1165e+07
3.3028e+07 1.1165e+07 3.3028e+07 1.1165e+07
3.3028e+07 1.1165e+07 3.3028e+07 1.1165e+07
3.3028e+07 1.1165e+07 3.3028e+07 1.11649e+07
3.3028e+07 1.11649e+07 3.30232e+07 1.11541e+07
3.30232e+07 1.11541e+07 3.30244e+07 1.11546e+07
3.30244e+07 1.11546e+07 3.30278e+07 1.1165e+07
3.30278e+07 1.1165e+07 3.30264e+07 1.11607e+07
3.30264e+07 1.11607e+07 3.30192e+07 1.1153e+07
3.30192e+07 1.1153e+07 3.30136e+07 1.11522e+07
3.30136e+07 1.11522e+07 3.29846e+07 1.116e+07
3.29846e+07 1.116e+07 3.29927e+07 1.11611e+07
3.29927e+07 1.11611e+07 3.30009e+07 1.11495e+07
3.30009e+07 1.11495e+07 3.29915e+07 1.11577e+07
3.29915e+07 1.11577e+07 3.29965e+07 1.11562e+07
3.29965e+07 1.11562e+07 3.29958e+07 1.11527e+07
3.29958e+07 1.11527e+07 3.29891e+07 1.11531e+07
3.29891e+07 1.11531e+07 3.29914e+07 1.11569e+07
3.29914e+07 1.11569e+07 3.29964e+07 1.11543e+07
3.29964e+07 1.11543e+07 3.29963e+07 1.11542e+07
3.29963e+07 1.11542e+07 3.29992e+07 1.11544e+07
3.29992e+07 1.11544e+07 3.30161e+07 1.11212e+07
3.30161e+07 1.11212e+07 3.30155e+07 1.11457e+07
3.30155e+07 1.11457e+07 3.30225e+07 1.11562e+07
3.30225e+07 1.11562e+07 3.30275e+07 1.11623e+07
3.30275e+07 1.11623e+07 3.3028e+07 1.1165e+07
3.3028e+07 1.1165e+07 3.30251e+07 1.11592e+07
3.30251e+07 1.11592e+07 3.30232e+07 1.11541e+07
3.30232e+07 1.11541e+07 3.30233e+07 1.1154e+07
3.30233e+07 1.1154e+07 3.30278e+07 1.11648e+07
3.30278e+07 1.11648e+07 3.3028e+07 1.1165e+07
3.3028e+07 1.1165e+07 3.30279e+07 1.11648e+07
3.30279e+07 1.11648e+07 3.30232e+07 1.11543e+07
3.30232e+07 1.11543e+07 3.30207e+07 1.11531e+07
3.30207e+07 1.11531e+07 3.30141e+07 1.11517e+07
3.30141e+07 1.11517e+07 3.29989e+07 1.11406e+07
3.29989e+07 1.11406e+07 3.2985e+07 1.11552e+07
3.2985e+07 1.11552e+07 3.29915e+07 1.11609e+07
3.29915e+07 1.11609e+07 3.29929e+07 1.11658e+07
3.29929e+07 1.11658e+07 3.30011e+07 1.11619e+07
3.30011e+07 1.11619e+07 3.30009e+07 1.11495e+07
3.30009e+07 1.11495e+07 3.30004e+07 1.11551e+07
3.30004e+07 1.11551e+07 3.30012e+07 1.11535e+07
3.30012e+07 1.11535e+07 3.30141e+07 1.11511e+07
3.30141e+07 1.11511e+07 3.30216e+07 1.11556e+07
3.30216e+07 1.11556e+07 3.3028e+07 1.11649e+07
3.3028e+07 1.11649e+07 3.3028e+07 1.1165e+07
3.3028e+07 1.1165e+07 3.30279e+07 1.11641e+07
3.30279e+07 1.11641e+07 3.30226e+07 1.11574e+07
3.30226e+07 1.11574e+07 3.30112e+07 1.11523e+07
3.30112e+07 1.11523e+07 3.2998e+07 1.11659e+07
3.2998e+07 1.11659e+07 3.30025e+07 1.11609e+07
3.30025e+07 1.11609e+07 3.29976e+07 1.11526e+07
3.29976e+07 1.11526e+07 3.30009e+07 1.11494e+07
3.30009e+07 1.11494e+07 3.29972e+07 1.11581e+07
3.29972e+07 1.11581e+07 3.30006e+07 1.1156e+07
3.30006e+07 1.1156e+07 3.30105e+07 1.11508e+07
3.30105e+07 1.11508e+07 3.30189e+07 1.11514e+07
3.30189e+07 1.11514e+07 3.30235e+07 1.11567e+07
3.30235e+07 1.11567e+07 3.3028e+07 1.1165e+07
3.3028e+07 1.1165e+07 3.3028e+07 1.1165e+07
3.3028e+07 1.1165e+07 3.30076e+07 1.11528e+07
3.30076e+07 1.11528e+07 3.29976e+07 1.11527e+07
3.29976e+07 1.11527e+07 3.30003e+07 1.11629e+07
3.30003e+07 1.11629e+07 3.3001e+07 1.11622e+07
3.3001e+07 1.11622e+07 3.30013e+07 1.11579e+07
3.30013e+07 1.11579e+07 3.2993e+07 1.11647e+07
3.2993e+07 1.11647e+07 3.30007e+07 1.11595e+07
3.30007e+07 1.11595e+07 3.30031e+07 1.11528e+07
3.30031e+07 1.11528e+07 3.3028e+07 1.11649e+07
3.3028e+07 1.11649e+07 3.3028e+07 1.1165e+07
3.3028e+07 1.1165e+07 3.30278e+07 1.11649e+07
3.30278e+07 1.11649e+07 3.30224e+07 1.11561e+07
3.30224e+07 1.11561e+07 3.30105e+07 1.11524e+07
3.30105e+07 1.11524e+07 3.29966e+07 1.11561e+07
3.29966e+07 1.11561e+07 3.29893e+07 1.11569e+07
3.29893e+07 1.11569e+07 3.29845e+07 1.11405e+07
3.29845e+07 1.11405e+07 3.29892e+07 1.11339e+07
3.29892e+07 1.11339e+07 3.29839e+07 1.11362e+07
3.29839e+07 1.11362e+07 3.29921e+07 1.1139e+07
