-2026.43 149415.0
-1719.19 151163.0
-4130.37 152695.0
-7239.52 152902.0
-9562.76 152882.0
-11307.1 156097.0
-12070.8 158657.0
-12001.8 154634.0
-11729.0 150535.0
-13359.9 149288.0
-14576.6 149121.0
-14510.9 146516.0
-14817.0 143836.0
-15161.0 143070.0
-13848.6 140156.0
-11758.0 139501.0
-6731.91 139343.0
-5684.39 143655.0
-1869.47 143816.0
-1610.1 145365.0
-1749.25 147071.0
-2067.62 146029.0
-4802.74 147077.0
-7300.75 147135.0
-6009.44 146946.0
-6262.14 144303.0
-4646.89 143446.0
-3488.06 142035.0
-3573.77 139281.0
-408.961 140554.0
1277.53 145773.0
1258.6 149342.0
1819.66 151621.0
2319.48 152530.0
1444.51 150499.0
87.5239 149400.0
-436.791 149524.0
-522.507 149691.0
-1045.71 149631.0
-1036.8 149720.0
-1050.16 149261.0
-1799.34 146049.0
-5064.34 143582.0
-6074.01 142544.0
-5549.7 141785.0
-3892.15 143562.0
-1838.3 146209.0
-1512.14 147661.0
-1745.91 147340.0
-2263.54 143424.0
-8028.78 143624.0
-10886.4 145535.0
-12899.0 145998.0
-14148.0 144141.0
-14299.4 145768.0
-15755.5 140748.0
-16078.3 135968.0
-15037.5 135200.0
-14915.0 135311.0
-11770.2 135289.0
-10798.4 137709.0
-10586.9 145201.0
-10419.9 145942.0
-10922.0 145285.0
-13738.4 145198.0
-13612.6 145049.0
-13902.0 145292.0
-13873.1 147227.0
-14067.9 142337.0
-14994.0 135540.0
-15094.2 127804.0
-14683.5 124633.0
-15321.3 124043.0
-15920.2 124370.0
-15286.8 124019.0
-16857.5 121636.0
-17190.4 125375.0
-14692.4 129017.0
-12774.3 132811.0
-13106.1 133370.0
-12181.0 131014.0
-11439.6 127726.0
-11925.0 125401.0
-13188.4 123239.0
-13060.4 123251.0
-13515.7 120074.0
-12698.6 119642.0
-12749.8 119481.0
-13466.7 119924.0
-16739.5 121305.0
-16766.2 121594.0
-16666.1 121841.0
-14069.0 120855.0
-11594.3 118838.0
-7238.41 118350.0
-4060.24 119399.0
-2719.95 123738.0
-3790.85 129355.0
-5250.25 131067.0
-5104.42 131079.0
-4062.47 134812.0
3096.49 139888.0
4416.74 151566.0
8685.84 152323.0
7973.4 151316.0
4103.93 152657.0
3107.62 152341.0
3128.77 149936.0
2509.84 146933.0
4420.08 150876.0
31860.3 91277.4
30418.7 91696.0
28600.9 99668.7
24081.3 104747.0
20140.6 106023.0
12000.9 113926.0
9982.71 120456.0
4536.96 130607.0
2557.7 131228.0
3280.17 135273.0
607.386 141108.0
529.462 141048.0
1281.98 146755.0
1236.34 157328.0
-2229.03 163722.0
-5625.39 163938.0
-5231.32 165305.0
-4416.46 164136.0
-3640.57 164114.0
-1641.27 158701.0
1201.83 158432.0
992.551 162085.0
-1761.49 162034.0
-3169.68 161569.0
-1388.57 161104.0
1129.47 160868.0
1674.94 159719.0
1401.09 157619.0
1302.02 152378.0
-516.941 152572.0
-1007.86 152465.0
-1761.49 148961.0
-2596.39 143462.0
-4682.52 141271.0
-4449.86 139216.0
-3158.55 139098.0
295.691 130754.0
13173.1 124591.0
15483.0 114971.0
15858.2 114376.0
15522.0 114951.0
15876.0 119860.0
14072.6 124130.0
11933.0 125893.0
8861.73 128097.0
7276.54 129580.0
4406.72 134803.0
3784.44 137488.0
1824.11 138757.0
-804.145 139940.0
-2312.52 139007.0
-2372.64 140668.0
-3368.95 140683.0
-4275.09 143544.0
-10063.7 144515.0
-10530.1 147091.0
-12877.9 149373.0
-13526.8 149295.0
-15522.8 147848.0
-15533.9 147538.0
-12812.2 147302.0
-10573.5 147316.0
-10506.8 147540.0
-10160.5 146129.0
-10434.4 145365.0
-10662.6 138118.0
-12397.0 137479.0
-9451.44 134387.0
-9467.03 133699.0
-9018.41 134547.0
-10752.8 133721.0
-8897.07 135095.0
-3521.45 134799.0
-5945.99 134828.0
-7449.92 131867.0
-6446.93 134950.0
-3681.75 134821.0
-8077.76 133570.0
-7605.77 131671.0
-7347.5 131878.0
-7436.56 132332.0
-7347.5 131882.0
-7115.96 131864.0
-7771.63 132744.0
-6586.08 136135.0
-6109.63 143540.0
-4672.5 143286.0
-2824.59 140690.0
-1519.93 139174.0
-729.561 140000.0
-2163.36 136052.0
-1860.57 136326.0
-2520.69 135654.0
726.498 136789.0
4416.74 144054.0
4381.12 152510.0
-2344.81 133490.0
-2943.71 134474.0
-5014.25 134449.0
-1098.03 139652.0
1215.19 159202.0
2938.42 160910.0
3827.86 160937.0
3267.92 160845.0
1218.53 160013.0
1031.51 157225.0
493.84 154745.0
1290.89 153452.0
395.879 153601.0
-470.187 150083.0
-486.885 149359.0
1353.23 149981.0
3763.29 151069.0
4857.56 152287.0
4434.55 152031.0
3297.98 149415.0
4924.36 150462.0
3134.34 150978.0
3119.87 150230.0
5780.4 148883.0
6050.91 147995.0
6542.94 148890.0
5780.4 146984.0
4462.38 144829.0
3345.85 138312.0
3453.83 138105.0
3295.75 138372.0
4297.63 134532.0
5769.27 131702.0
11669.2 117698.0
12280.3 110667.0
17944.3 106007.0
26924.4 105533.0
28537.4 99866.8
30986.5 87298.8
30894.1 87016.1
30888.5 87147.4
30871.8 86915.9
30893.0 87033.9
28754.5 99321.3
23942.2 104754.0
12486.3 108151.0
7950.02 120165.0
6735.52 125343.0
5073.52 129994.0
3178.87 130322.0
3163.28 132083.0
2468.65 132365.0
2359.55 130851.0
2018.92 133552.0
1398.87 132428.0
1944.33 130408.0
1837.47 128674.0
1379.94 129364.0
2156.95 133726.0
2162.52 135151.0
159.882 138602.0
723.158 139710.0
-3342.23 139096.0
-5359.34 138116.0
-4561.18 136386.0
-3511.44 142313.0
-2970.42 143477.0
-1725.87 150023.0
-2236.83 153376.0
-2360.39 153171.0
-699.505 153051.0
-701.731 153445.0
-692.826 153180.0
-1630.14 152599.0
-463.508 159414.0
-4092.52 161224.0
-4043.54 162916.0
-4094.75 162842.0
-4258.39 162974.0
-4096.98 162239.0
-3186.38 162199.0
-3323.31 157731.0
-2970.42 158109.0
-3538.15 155155.0
-3656.15 155139.0
-3699.57 154750.0
-91.7005 153710.0
4444.57 150292.0
2448.61 138947.0
-20498.8 162319.0
7432.38 129108.0
15037.7 121530.0
15884.9 114690.0
15200.3 114922.0
15002.1 118014.0
12098.9 117847.0
9974.92 120401.0
2948.43 127006.0
2490.91 126864.0
2180.33 127630.0
1893.13 129571.0
4048.27 129729.0
4623.79 130177.0
2526.53 129360.0
1358.79 129351.0
2201.48 133873.0
2297.22 137257.0
1760.66 141349.0
1001.46 142006.0
1008.14 142273.0
830.025 141914.0
-2997.14 139067.0
-3637.23 139243.0
-3139.63 141761.0
-2803.44 141745.0
-3482.49 139082.0
-7566.8 139287.0
-9494.86 131916.0
-10376.5 131330.0
-12425.9 131956.0
-12773.2 133844.0
-13087.1 133670.0
-14679.0 135396.0
-14828.2 135939.0
-14395.1 139365.0
-14063.4 139686.0
-8613.21 139385.0
-5153.4 140623.0
-4717.03 141298.0
-1860.57 143807.0
-1848.32 149097.0
-1617.89 152666.0
24.0718 157958.0
724.271 159550.0
964.721 159536.0
455.991 159810.0
-681.694 155620.0
-1703.61 149518.0
-1305.08 149112.0
-523.62 149740.0
-1067.97 149580.0
-1254.99 149103.0
-1744.79 150074.0
-1567.8 153888.0
-601.544 155669.0
-540.318 155616.0
-522.507 155771.0
1149.51 156005.0
2262.71 156001.0
4363.31 159935.0
11064.7 161386.0
14183.9 161687.0
4437.89 160411.0
3149.92 155999.0
722.045 155961.0
-519.167 155656.0
-804.145 155905.0
-2378.2 155927.0
-3576.0 152942.0
-3669.51 150784.0
-4052.45 150987.0
-4769.35 151089.0
-5295.89 150128.0
-5810.18 148197.0
-7309.66 147131.0
-8895.96 147282.0
-10486.7 146519.0
-12548.4 145978.0
-14052.3 142805.0
-14866.0 136544.0
-14770.3 137497.0
-9764.25 137482.0
-12687.5 137377.0
-12936.9 139379.0
-12075.2 143985.0
-12899.0 148315.0
-10443.3 154084.0
-9842.17 153224.0
-9942.36 153218.0
-9637.35 157635.0
-5594.22 164608.0
-5431.7 171272.0
-5556.37 164942.0
-5481.79 169190.0
-4859.51 170421.0
-5490.7 166420.0
-4043.54 164107.0
-4073.6 161956.0
-3270.99 158234.0
-3554.85 153494.0
-4020.17 152394.0
-3648.36 149522.0
-875.39 149237.0
1339.87 147075.0
4275.36 147015.0
6161.12 149014.0
6539.6 149217.0
7897.7 149529.0
9023.14 152427.0
13654.0 152365.0
12386.1 152091.0
9004.22 152294.0
31861.4 91279.6
-2816.8 155168.0
31844.7 91250.7
31852.5 91297.4
31688.9 91315.2
25145.5 103019.0
21266.1 106047.0
17047.0 105940.0
12416.2 108786.0
11530.1 118027.0
9203.48 123215.0
6798.98 129885.0
4277.59 130941.0
2561.04 131197.0
2574.4 131346.0
1385.51 133156.0
2424.12 135756.0
3771.09 137700.0
3658.65 137595.0
3619.69 137673.0
4390.02 135028.0
8186.02 128235.0
15257.0 121167.0
15869.3 114403.0
15382.8 117665.0
15643.3 120474.0
12821.4 125221.0
6645.36 130693.0
4380.0 135191.0
2635.63 136026.0
2582.19 135957.0
3018.57 136533.0
1446.73 135304.0
1416.68 134144.0
-945.521 134614.0
-3671.74 133637.0
-3308.83 133634.0
-4125.92 134204.0
-4486.59 133695.0
-3383.42 133550.0
-2181.17 139065.0
1284.21 146556.0
809.987 151829.0
1079.38 151978.0
401.445 151379.0
25.185 147284.0
-624.921 145345.0
-1979.68 145136.0
-1401.93 142313.0
-1685.8 142391.0
-1193.76 141509.0
-284.283 140665.0
1247.47 143390.0
4823.06 141794.0
2959.57 141126.0
3598.54 141745.0
3211.15 141202.0
2878.3 141186.0
2382.93 139686.0
1433.38 141963.0
1377.72 141888.0
4288.72 138693.0
1844.15 140964.0
1448.96 141979.0
1317.6 141868.0
3626.37 140625.0
4407.83 144987.0
5112.49 147358.0
6070.95 147596.0
5861.67 147422.0
4546.98 146964.0
1475.68 146986.0
584.009 144517.0
1244.13 144501.0
1241.91 152180.0
137.618 152632.0
-8627.68 152893.0
-10493.4 152592.0
-10839.6 153792.0
-10868.5 153062.0
-11614.4 151381.0
-11830.3 147601.0
-12482.7 143500.0
-13108.3 142912.0
-12867.8 140115.0
-12368.0 138751.0
-8077.76 135035.0
-4754.87 134249.0
-4540.03 132523.0
-3630.55 132174.0
-3710.7 130473.0
-3554.85 125938.0
-3319.97 125913.0
-3699.57 128491.0
-3698.45 131455.0
-4528.9 133817.0
-3423.49 133510.0
-3356.7 134857.0
3558.47 135876.0
-2747.78 131726.0
-2493.98 131909.0
-2465.03 131740.0
-2493.98 131887.0
-3673.96 132902.0
-4583.44 130949.0
-3651.7 131361.0
-3091.76 132512.0
-2823.48 140138.0
-2361.5 143535.0
-1613.44 152853.0
-1348.5 161041.0
-4089.18 162192.0
-4780.48 162620.0
-4728.16 160796.0
-2217.9 161723.0
-1673.55 162119.0
-1374.1 162130.0
-1761.49 158766.0
-998.954 153095.0
-816.39 152946.0
1205.17 157239.0
665.272 158102.0
660.819 158463.0
-2495.09 158735.0
-4108.11 160336.0
-2023.09 161527.0
-2206.77 161418.0
-443.47 158844.0
1811.86 157987.0
2082.37 157996.0
1260.83 157700.0
1494.6 148088.0
2197.03 148571.0
1332.08 147066.0
1322.06 143005.0
1441.17 141905.0
-2675.43 139018.0
-2918.1 140668.0
-3581.57 139005.0
-3130.72 134788.0
-2823.48 139514.0
-2778.95 143355.0
-3680.64 145401.0
-4111.45 145775.0
-4682.52 142649.0
-4315.16 141369.0
-2866.9 139127.0
771.026 142159.0
773.252 142306.0
1447.85 141908.0
2101.29 137994.0
2361.78 133991.0
1396.64 130295.0
956.929 129191.0
1907.6 130034.0
1752.86 131163.0
2012.24 133545.0
816.667 131949.0
1637.09 134765.0
3886.86 134302.0
4234.17 134650.0
7774.13 127708.0
10449.1 119588.0
12191.3 111647.0
15317.1 105934.0
18801.4 106143.0
20975.5 106065.0
22413.8 103302.0
23024.9 100624.0
23095.0 98441.9
25979.3 94202.9
30379.8 92475.2
30900.8 87002.7
30901.9 87031.7
30878.5 86987.1
30915.2 87120.7
30893.0 86956.0
30895.2 87065.1
30891.9 86956.0
30537.9 89442.8
28104.4 100873.0
23204.1 104872.0
19010.7 105996.0
13016.2 106112.0
11844.0 115935.0
8056.89 119196.0
6957.05 124250.0
3223.39 123106.0
553.953 121233.0
-57.1914 120951.0
-3059.48 122966.0
-4104.77 124822.0
-4217.2 130878.0
-5191.25 132584.0
-5028.72 132566.0
-4709.23 143506.0
-1748.13 147104.0
-24.9088 147017.0
663.046 141785.0
6465.02 130820.0
14732.7 122055.0
15867.1 114332.0
15241.4 115868.0
13808.8 118388.0
7960.04 119938.0
6708.81 124842.0
3255.68 127434.0
1850.82 127619.0
1425.58 129536.0
2623.38 134371.0
938.005 143633.0
792.176 143693.0
1991.09 141848.0
737.63 141661.0
398.105 140334.0
-1764.83 141258.0
-1849.44 144675.0
-3618.3 151715.0
-2791.2 151072.0
-2662.07 149266.0
-1860.57 147912.0
-2016.41 147984.0
-2180.05 146935.0
-2063.17 145497.0
-3313.29 144916.0
-7230.62 143618.0
-9961.29 143849.0
-8761.26 143192.0
-4419.8 143615.0
-929.936 145379.0
-647.185 144553.0
-511.375 143464.0
120.92 142622.0
286.786 143114.0
-1318.44 144179.0
-7006.87 143622.0
-10537.9 149095.0
-11519.8 149259.0
-11230.3 148211.0
-11702.3 149308.0
-15542.8 149095.0
-19925.5 149079.0
-23297.4 148658.0
-27306.0 148952.0
3173.3 130337.0
2443.04 132372.0
-555.903 134460.0
-7482.2 135001.0
-8612.09 137332.0
-9021.75 133890.0
-9436.97 135008.0
-17563.3 136237.0
-18832.3 138243.0
-19458.0 148119.0
-19616.0 153480.0
-19059.4 154424.0
-18680.9 154440.0
-17404.1 156804.0
-18037.5 156796.0
-17286.1 156818.0
-17250.5 154306.0
-18202.3 151610.0
-16552.5 151575.0
-15092.0 151998.0
-12063.0 153823.0
-11291.6 158387.0
-9263.31 159897.0
-7656.97 158385.0
-7317.45 155277.0
-5094.4 154373.0
-4297.35 152614.0
-4314.05 152361.0
-2650.94 149112.0
-17.1164 149466.0
1833.01 150651.0
4364.42 151056.0
9371.57 150749.0
11769.4 149880.0
9654.32 149217.0
6870.22 150902.0
4563.68 151759.0
4757.38 151746.0
4462.38 150034.0
4725.09 140982.0
4945.51 140603.0
6116.59 139664.0
4461.27 137468.0
4277.59 134598.0
6300.26 130765.0
9830.21 120917.0
12352.7 109681.0
18772.5 106130.0
22373.7 106078.0
23929.9 102668.0
28771.2 99312.4
31622.1 91306.3
31852.5 91286.3
30291.8 94015.8
27228.3 102752.0
22450.5 103258.0
19502.8 105996.0
12976.1 106283.0
11947.5 114715.0
9381.59 122576.0
6370.4 130676.0
3532.86 130994.0
2534.33 131372.0
3668.67 135652.0
691.989 141064.0
1256.38 150116.0
1240.79 152603.0
390.313 153485.0
-1781.53 146185.0
-3501.42 145421.0
-4198.28 145477.0
-2830.16 145425.0
-2787.86 142026.0
-3602.72 138504.0
-3653.92 135471.0
-9009.5 135048.0
-10832.9 131228.0
-9088.54 131488.0
-7888.52 141687.0
-7402.05 141739.0
-7567.92 141609.0
-8219.14 137324.0
-8612.09 137248.0
-15621.9 143836.0
-15625.2 148090.0
-20309.5 152817.0
-24596.5 154171.0
-24572.0 154656.0
-22532.6 153641.0
-21945.9 152118.0
-20283.9 155208.0
-18578.5 163121.0
-19006.0 165739.0
-18598.6 165790.0
-15761.0 163869.0
-9681.87 164610.0
-3052.8 164016.0
-2739.99 162141.0
-1229.39 161919.0
19.619 161578.0
5822.7 167696.0
5842.74 167598.0
4671.66 167498.0
4190.76 162751.0
3651.97 161749.0
1255.27 159296.0
1582.54 154364.0
1273.08 153525.0
-2358.17 152590.0
-2667.63 148832.0
-4927.42 147073.0
-10598.0 147353.0
-12783.2 141732.0
-12830.0 140703.0
-12466.0 137738.0
-10631.4 141578.0
-10438.8 150938.0
-10787.3 151408.0
-11050.0 150415.0
-9531.59 149204.0
-8547.53 148587.0
-10178.4 147311.0
-10689.3 141621.0
-12853.4 140245.0
-12355.8 139383.0
-12420.3 137626.0
-15647.5 143126.0
-15574.0 154605.0
-14385.1 155395.0
-15431.5 153055.0
-15994.8 152732.0
-16973.3 154306.0
-20563.4 152830.0
-22071.7 151067.0
-21063.2 150528.0
-21179.0 149473.0
-16286.5 149177.0
-14325.0 149386.0
-13824.1 148435.0
-14048.9 144176.0
-12724.2 142932.0
-12857.8 139766.0
-12451.5 137776.0
-12533.9 137911.0
-14821.5 136878.0
-14836.0 136014.0
-13531.3 135436.0
-9048.47 135117.0
-9381.31 135037.0
-7947.52 135024.0
-7339.71 131898.0
-6984.6 135124.0
-5249.13 134919.0
1555.83 137882.0
4414.51 148407.0
3015.23 151938.0
2386.27 152272.0
2435.25 151891.0
3126.55 150250.0
1648.22 149290.0
1299.79 145744.0
441.52 141569.0
-1515.48 139049.0
-709.524 140160.0
-58.3046 139946.0
-1553.33 141162.0
-1136.99 140752.0
-5653.22 139200.0
-12867.8 140534.0
-12717.6 142273.0
-14834.9 136469.0
-14912.8 134621.0
-14327.2 133944.0
-12192.1 134155.0
-12168.8 135545.0
-9916.76 133668.0
-9029.54 133759.0
-5649.88 134919.0
-3193.06 135026.0
-3127.38 134772.0
-2914.76 135890.0
-3147.42 134810.0
-2047.58 136315.0
-1133.65 139045.0
-1228.27 139269.0
497.18 136609.0
785.497 134783.0
1421.13 134142.0
1393.3 134516.0
1996.65 135531.0
3784.44 137553.0
4304.31 140939.0
4406.72 136963.0
5701.37 132606.0
6824.58 133347.0
6469.47 134859.0
4392.25 135910.0
4422.3 136909.0
4401.15 134990.0
4260.89 134627.0
8208.28 126419.0
11729.3 117377.0
12500.8 108160.0
18794.8 106181.0
21177.0 106114.0
22894.7 103271.0
24141.4 103367.0
28828.0 99187.8
30907.4 87045.0
30858.5 87367.8
30868.5 86869.1
30913.0 87022.8
30890.7 87105.1
31035.5 86773.4
30569.0 91642.5
28832.4 99152.1
24464.3 103623.0
22013.0 103246.0
17816.3 103678.0
13168.7 105687.0
11848.4 115496.0
8292.88 119245.0
6914.75 123754.0
8100.3 126650.0
3739.92 135758.0
-3004.93 143495.0
-4662.48 142776.0
-4720.36 140427.0
-3854.3 135952.0
-1862.79 135812.0
-1823.83 135905.0
449.312 129825.0
3581.84 118896.0
4673.89 111150.0
10777.5 109699.0
10878.8 109449.0
2892.78 112359.0
-1095.8 114890.0
-3670.62 118546.0
-4002.35 119370.0
-4232.79 120741.0
-3778.6 123146.0
-2619.77 122794.0
-3019.4 122342.0
-2893.61 121815.0
-3820.9 123148.0
-4232.79 121725.0
-4170.45 109427.0
-3378.97 106034.0
-1883.94 108265.0
-1621.23 115754.0
-2470.6 118021.0
-3896.6 119292.0
-3283.23 123001.0
-2916.99 122422.0
-2986.01 122569.0
-2185.62 123003.0
-2632.01 122763.0
-3611.62 125234.0
-3616.08 138998.0
-2949.27 141340.0
-2820.14 143395.0
-1601.19 145410.0
584.009 143299.0
139.844 142593.0
691.989 141785.0
-2656.5 138996.0
-3535.93 139080.0
-3559.3 143054.0
-3783.05 143426.0
-1858.34 145641.0
-1788.21 144993.0
-5255.81 143562.0
-6904.45 139045.0
-6223.18 138735.0
-5376.04 139294.0
-4752.65 141801.0
-4670.27 143337.0
-1666.87 145437.0
-1547.76 146276.0
-1724.76 146485.0
-2785.63 141877.0
-2819.03 139114.0
-3250.95 139214.0
889.024 140984.0
4923.24 131112.0
3590.75 127454.0
4680.57 127225.0
3812.27 126486.0
3896.88 127035.0
1865.3 128407.0
1888.67 129302.0
-1548.87 130342.0
-4733.72 131617.0
-5253.59 132615.0
-4360.8 132497.0
-3604.94 131700.0
