-1257.22 166500.0
-1682.46 166414.0
-1976.34 164034.0
-2968.2 163893.0
-7357.52 164054.0
-13024.8 165850.0
-13909.8 165572.0
-15598.5 157695.0
-15850.1 159227.0
-13521.3 165835.0
-12451.5 165881.0
-6125.22 164123.0
-6934.51 164036.0
-7369.77 166674.0
-7835.08 165948.0
-7761.61 165576.0
-5662.13 164118.0
-5596.45 161088.0
-499.13 158423.0
1452.3 158011.0
1418.91 159797.0
1270.85 150217.0
1476.79 144359.0
251.164 142792.0
-475.753 143261.0
-1712.51 142355.0
-2861.33 141291.0
-3194.17 139229.0
3410.41 136362.0
11157.1 126147.0
16926.8 105956.0
22607.5 106190.0
23964.4 107804.0
19983.7 106027.0
14247.4 105976.0
12180.2 111796.0
11693.7 116206.0
10687.4 119357.0
10539.3 119490.0
6485.06 130978.0
2781.46 139292.0
2162.52 140385.0
2079.03 143039.0
2653.44 144288.0
1713.9 144722.0
1200.72 142164.0
1571.41 141454.0
1423.36 141743.0
1263.06 146194.0
-673.901 147002.0
-722.882 147825.0
-1001.18 148146.0
29.6378 144704.0
1313.15 143330.0
1182.91 142211.0
1588.11 141442.0
1130.59 142273.0
1239.68 146661.0
-618.242 146995.0
-2367.07 147008.0
-1514.36 146443.0
-1546.65 145724.0
775.478 145336.0
2391.84 143154.0
2485.35 146922.0
595.141 149288.0
-278.717 149571.0
-1021.22 149112.0
-1463.16 147959.0
-759.617 147002.0
-631.6 146414.0
-4617.95 147487.0
-2714.39 149119.0
-2621.99 153169.0
-3580.45 152777.0
-3655.04 149371.0
-3571.55 149130.0
-1679.12 149099.0
-1639.04 145452.0
-1557.78 145461.0
-1536.63 146648.0
-2729.97 147229.0
-2431.64 149106.0
-988.936 149500.0
-1725.87 147783.0
-1554.44 145470.0
1247.47 145904.0
1875.31 147719.0
1246.36 147451.0
570.65 149275.0
-78.3421 148513.0
-1593.4 149043.0
-1549.99 153979.0
-1337.37 157996.0
-3401.23 157428.0
-3549.28 153133.0
-1728.1 152630.0
-710.637 152837.0
-912.125 152606.0
-1739.23 149146.0
-1820.49 143949.0
-4729.27 141658.0
-4976.4 141157.0
-2566.33 139085.0
117.58 141763.0
12.9398 141972.0
60.8072 141173.0
1251.93 143246.0
2503.16 144452.0
1791.83 143201.0
1306.47 143495.0
-436.791 145336.0
-610.449 145341.0
-58.3046 145356.0
-7829.52 135932.0
696.442 141302.0
6536.26 130731.0
14062.6 123500.0
15503.0 118141.0
15253.7 114659.0
14875.2 112375.0
15280.4 112299.0
15386.2 106519.0
21041.2 106061.0
23902.1 108245.0
23954.4 108523.0
29509.3 112829.0
35973.6 117208.0
35352.4 115977.0
35312.4 116703.0
35566.2 118014.0
35955.8 118332.0
35303.4 118856.0
35845.6 118050.0
35320.1 115910.0
35864.5 117887.0
35310.1 118825.0
33130.5 117907.0
30078.1 115086.0
27021.3 110934.0
24706.9 109142.0
23923.3 108779.0
23197.5 105891.0
22577.4 105998.0
24139.2 107701.0
23540.3 108496.0
23082.8 104556.0
23008.2 99063.1
22511.7 94127.2
22653.1 93693.0
21298.3 94102.7
15986.2 101087.0
14570.2 103469.0
11809.5 106049.0
9980.49 105818.0
10248.8 105867.0
9938.19 105825.0
8121.45 106611.0
8226.09 110317.0
3655.31 111224.0
-250.887 114058.0
-1141.44 114991.0
-3335.55 115752.0
-3227.57 115690.0
-3079.52 119408.0
-4267.29 121875.0
-4437.61 124653.0
-2400.47 127356.0
5473.16 132274.0
7267.63 136331.0
9765.64 144087.0
8058.0 145610.0
7473.57 145688.0
5903.97 149346.0
5631.23 149364.0
4444.57 144746.0
3419.32 136375.0
5610.08 132405.0
9855.81 127071.0
15279.3 121127.0
15369.5 116311.0
15238.1 114608.0
15269.3 116306.0
14684.8 117952.0
12539.7 117097.0
12396.1 117978.0
13189.8 121349.0
13542.7 124716.0
12412.8 125526.0
11642.5 126434.0
9702.19 130422.0
8525.54 131433.0
6911.41 133888.0
5161.47 137455.0
4482.42 137453.0
1798.5 141062.0
907.949 142622.0
187.711 142705.0
163.221 143333.0
-1181.52 142418.0
-2032.0 141260.0
-2793.42 141307.0
-3218.66 139303.0
-424.546 140532.0
-91.7005 140979.0
2763.64 137299.0
6578.56 130308.0
9399.4 122485.0
9839.11 120902.0
13342.3 118341.0
15280.4 116284.0
15299.3 110763.0
18500.9 106009.0
22262.4 106103.0
22588.5 105987.0
24022.3 107978.0
20923.2 106001.0
16055.2 105909.0
12131.2 112361.0
11994.3 113953.0
10351.2 119675.0
9308.12 122672.0
7258.73 129578.0
4395.59 134832.0
754.328 143691.0
-1099.14 145316.0
-1813.81 147554.0
-1804.91 148674.0
-4393.09 148500.0
-3656.15 148968.0
-2092.11 151285.0
-2522.92 149640.0
-3616.08 149072.0
-8146.78 148151.0
-6733.02 149589.0
-6527.08 154351.0
-4306.26 154327.0
-2518.47 155787.0
-578.167 155331.0
-535.865 155636.0
175.466 153683.0
5167.03 152744.0
3857.92 150559.0
3090.92 151080.0
1619.28 152630.0
-5160.08 152755.0
-8374.98 152906.0
-10745.0 154863.0
-15342.5 155095.0
-14236.0 155306.0
-13965.4 155173.0
-14194.8 152850.0
-12349.1 152924.0
-12282.3 153149.0
-12028.5 152906.0
-11867.1 152977.0
-12002.9 154912.0
-11280.4 158657.0
-11239.2 160008.0
-9127.5 161907.0
-7860.69 161295.0
-6982.38 159102.0
-6379.03 158200.0
-7289.62 157009.0
-8448.45 156341.0
-8957.18 156905.0
-4252.82 156141.0
-1969.66 155932.0
811.101 155106.0
1231.89 155771.0
1286.43 149088.0
1185.13 147042.0
980.306 148146.0
64.1468 148491.0
-1507.68 147823.0
-1743.68 147213.0
-1607.87 153042.0
-460.168 159035.0
-3380.08 163996.0
-9518.23 164450.0
-9774.27 165565.0
-10425.5 166389.0
-6810.94 163270.0
-7021.34 162495.0
-6996.85 158741.0
-7345.28 154921.0
-8297.06 153581.0
-8458.47 152579.0
-9576.12 152866.0
-10433.3 150421.0
-10539.0 145653.0
-8402.81 139370.0
-3587.13 139047.0
-2018.64 136769.0
-2850.2 139042.0
-1676.89 147467.0
-1696.93 146993.0
-1474.29 148008.0
-1106.93 148545.0
2257.14 147776.0
2496.48 147654.0
2970.7 147656.0
2038.95 147894.0
591.801 144800.0
1247.47 144087.0
1268.62 148703.0
1516.87 152659.0
3064.21 154347.0
6677.64 154485.0
6581.9 154567.0
5472.05 154302.0
3379.24 154384.0
2594.44 155126.0
1876.43 155275.0
1349.89 155110.0
1333.19 153316.0
1462.32 153298.0
1270.85 152993.0
-1109.16 155901.0
-2247.96 155638.0
-1135.88 155963.0
-1148.12 153158.0
-512.488 149969.0
-692.826 149518.0
-13.7768 149624.0
17.3926 152628.0
1227.44 155166.0
2325.05 156014.0
2469.76 156007.0
1319.83 154349.0
1316.49 149406.0
2241.56 147792.0
3530.64 147020.0
4303.19 147008.0
5010.07 145991.0
5016.75 145808.0
3945.86 146977.0
1395.53 146933.0
-385.584 140505.0
-6501.48 139274.0
-12753.2 139452.0
-13912.0 137609.0
-14709.1 137537.0
-14071.2 135462.0
-10323.1 133710.0
-9957.95 133690.0
-23.7956 135832.0
605.16 136371.0
1407.77 133200.0
2008.9 133539.0
2242.67 135449.0
4415.63 138368.0
5721.4 138490.0
5993.02 137448.0
4428.98 136970.0
4457.93 136618.0
4654.96 140020.0
4407.83 144806.0
4400.04 156771.0
2623.38 168019.0
130.938 169506.0
480.482 172516.0
-1334.03 175713.0
-2911.42 175974.0
-5271.4 175486.0
-5348.21 172354.0
-4791.61 171833.0
-4622.4 171886.0
-5612.03 175139.0
-5311.47 173765.0
-4947.46 173712.0
-4620.18 171886.0
-5418.34 169292.0
-3925.54 167324.0
-3975.64 166258.0
-3968.96 166505.0
-4829.46 168226.0
-3747.43 166569.0
-3928.88 167344.0
-5506.28 169393.0
-11686.7 172276.0
-10615.8 166576.0
-10119.4 165349.0
-10723.8 166540.0
-11736.8 172881.0
-12460.4 175805.0
-12330.2 177922.0
-12541.7 176285.0
-11680.1 173295.0
-11281.5 156669.0
-8511.91 154571.0
-7936.38 153227.0
-7372.0 154068.0
-7002.41 158410.0
-7064.75 164310.0
-5991.63 164096.0
-3032.76 163951.0
1192.93 161473.0
1234.11 148004.0
796.629 148703.0
-89.4741 148522.0
-1832.74 145296.0
-6456.95 143613.0
-8163.48 143609.0
-8400.59 143718.0
-6561.59 144127.0
-4213.86 145218.0
-4691.42 142124.0
-4064.69 141347.0
4869.81 140746.0
5882.82 138864.0
5487.63 132205.0
6903.62 129747.0
10881.1 119190.0
11864.0 115770.0
12432.9 108917.0
17711.6 106001.0
18724.6 106183.0
24131.4 107677.0
23489.1 108478.0
23150.7 107236.0
21239.3 102645.0
21187.0 102256.0
16274.5 100158.0
12006.5 93873.4
12201.3 93374.6
11798.3 89912.6
11625.8 106085.0
4725.09 111115.0
3207.81 111843.0
-53.8519 113967.0
-3714.04 115714.0
-3240.93 115371.0
-3233.14 114964.0
-3694.0 116024.0
-3766.36 117326.0
-4100.32 115305.0
-4065.81 119203.0
-3823.13 119341.0
-3766.36 116914.0
-1719.19 116035.0
-2421.62 115732.0
-3534.81 115752.0
-1515.48 117725.0
-2183.39 118192.0
-3778.6 117219.0
-3274.32 115752.0
-3236.48 115282.0
-3443.53 114554.0
-4199.39 116418.0
-4086.96 118836.0
-4728.16 130005.0
-5049.87 137756.0
-5380.49 139007.0
-7799.46 139367.0
-8014.31 140781.0
-8122.29 140694.0
-7886.29 141474.0
-7384.24 140968.0
-7748.26 139312.0
-8098.91 147182.0
-8191.31 147242.0
-7828.41 147356.0
-3702.9 147053.0
-2083.21 147066.0
-2426.07 148380.0
-2722.18 147402.0
-1803.79 146314.0
2288.31 138484.0
3578.5 135636.0
1922.07 130348.0
1583.66 129718.0
1947.67 132764.0
3374.79 137054.0
3641.96 138682.0
4414.51 138475.0
2707.98 136128.0
3389.26 134354.0
2542.12 130509.0
2653.44 131802.0
1398.87 132080.0
1251.93 134592.0
478.255 136389.0
-1891.74 134623.0
-2869.12 137186.0
-3680.64 140710.0
-4684.74 140692.0
-5162.3 140543.0
-4522.22 139229.0
-3604.94 138141.0
-2934.8 135937.0
756.554 136847.0
20373.3 113820.0
21195.9 111562.0
23478.0 109191.0
24152.6 107726.0
23561.5 107940.0
22875.7 107243.0
20848.6 101461.0
19993.7 101189.0
17612.6 98695.7
18128.0 96874.5
15248.1 102316.0
15263.7 103718.0
16255.6 103723.0
19906.8 106043.0
20453.4 106052.0
23752.9 107234.0
24132.5 107704.0
23944.4 107285.0
24964.1 110729.0
24958.5 112925.0
24961.9 111224.0
24957.4 112927.0
25152.2 112954.0
24966.3 111865.0
24970.8 110925.0
25112.1 112936.0
24970.8 110972.0
24957.4 112824.0
25298.0 112933.0
24960.8 111996.0
24966.3 112085.0
24973.0 111019.0
24963.0 112682.0
24956.3 112332.0
25278.0 112956.0
24971.9 109752.0
24940.7 107995.0
23519.2 108503.0
24188.2 108240.0
22729.9 105050.0
20326.5 101292.0
18174.7 97480.1
18109.0 96858.9
16675.2 100127.0
20391.1 103454.0
20668.3 103402.0
23232.0 107029.0
23284.3 107238.0
24174.8 107788.0
23948.9 107797.0
24398.6 107566.0
26422.4 109529.0
23622.7 114857.0
23938.8 117092.0
23513.6 110834.0
23649.4 106504.0
24964.1 110596.0
29048.4 110491.0
29156.4 110346.0
32241.0 117930.0
35499.4 115935.0
34854.8 113915.0
30003.5 109358.0
29645.1 109612.0
24968.5 109213.0
23971.1 107779.0
26415.7 109469.0
26429.1 109661.0
23264.2 107332.0
20681.6 106001.0
19554.0 106007.0
12151.2 112110.0
11963.1 114445.0
9551.91 121806.0
8272.85 128487.0
4956.64 133757.0
-7.09767 142480.0
-747.372 143466.0
-7473.3 143611.0
-11218.1 144045.0
-10539.0 147140.0
-11724.6 165844.0
-10152.8 168408.0
-10254.1 169798.0
-17031.2 169927.0
-19034.9 165824.0
-19315.5 166378.0
-21935.9 167146.0
-22153.0 165899.0
-20400.8 165089.0
-18701.0 166434.0
-15428.2 163849.0
-8902.64 164232.0
-7695.93 164083.0
-4065.81 164123.0
-3346.68 162221.0
-3176.36 162108.0
-3478.04 156201.0
-2539.62 155513.0
-3395.66 156048.0
-7222.83 156847.0
-8206.89 155970.0
-8438.44 156767.0
-4357.46 157152.0
-3270.99 158715.0
-2699.92 160071.0
-868.711 161072.0
-708.41 160890.0
-1602.31 152741.0
-1820.49 144216.0
-3232.02 143502.0
-7894.08 142315.0
-8867.02 131974.0
-9109.69 130969.0
-9223.24 131012.0
-8420.62 128416.0
-7491.11 132759.0
-10427.7 127271.0
-12130.9 123625.0
-13976.6 120946.0
-12923.5 119150.0
-13007.0 123268.0
-15418.2 124092.0
-19089.5 124776.0
-19499.1 125688.0
-17093.5 133826.0
-12165.4 135286.0
-11759.1 135257.0
-9410.26 138116.0
-9404.69 137898.0
-8923.79 139367.0
-8058.84 140792.0
-7915.23 141487.0
-8488.53 137914.0
-6389.04 134975.0
-5507.39 134525.0
-3934.45 134830.0
-4821.67 137735.0
-5377.15 138904.0
-10726.1 139436.0
-15745.4 140550.0
-17035.6 141396.0
-19269.8 140859.0
-18428.2 141647.0
-16786.3 144252.0
-15577.4 152240.0
-15281.2 162504.0
-15151.0 163119.0
-8770.17 164178.0
-7062.53 165806.0
-7239.52 168571.0
-7065.87 168319.0
-7055.85 164207.0
-9225.46 157791.0
-10186.2 154438.0
-10401.0 153191.0
-4049.11 143571.0
-673.901 143497.0
1539.13 139739.0
6271.32 130823.0
7963.38 127153.0
11011.3 118994.0
11941.9 114797.0
12300.4 110498.0
16418.1 105949.0
20558.1 106052.0
23929.9 107993.0
24396.4 108795.0
24398.6 109089.0
28318.1 111037.0
31171.3 117217.0
32205.4 117932.0
35807.7 117990.0
34160.2 117952.0
30126.0 115785.0
29413.5 114385.0
26691.8 110907.0
24849.4 109151.0
24401.9 108225.0
22891.3 106012.0
21340.6 102124.0
21711.3 101650.0
23028.2 101737.0
24403.0 105428.0
24396.4 106847.0
24133.6 107352.0
24134.8 107699.0
23381.1 107955.0
21188.1 111270.0
21101.3 121928.0
16722.0 124083.0
16449.3 124068.0
11589.1 126114.0
9714.43 130422.0
9521.85 130500.0
6470.58 134848.0
4454.59 138401.0
4400.04 155943.0
3036.38 159011.0
1579.21 155943.0
1392.19 155927.0
1274.19 150197.0
380.294 150221.0
28.5246 152385.0
19.619 143967.0
-384.471 141727.0
-1185.97 140852.0
-347.735 144192.0
-1054.61 150007.0
-609.336 152906.0
-1615.66 152044.0
-2072.07 143464.0
-3439.08 136702.0
-5900.35 139220.0
-14327.2 139561.0
-15584.0 149121.0
-17712.5 152203.0
-17224.9 149146.0
-12518.3 149373.0
-10124.9 147322.0
-6817.62 147100.0
-8644.38 147218.0
-9806.55 145472.0
-10012.5 145477.0
-9898.95 142037.0
-6326.71 145461.0
-3722.94 145347.0
-1536.63 145403.0
568.424 143762.0
586.235 143375.0
108.675 141934.0
2254.91 146997.0
4323.23 147013.0
8841.69 145234.0
11438.8 143212.0
10859.9 144475.0
9201.25 139937.0
7365.59 141792.0
7305.48 141451.0
5920.67 139686.0
7696.21 137613.0
7630.53 137426.0
5925.12 140124.0
4253.1 141489.0
-1401.93 134647.0
-4701.44 133390.0
-4713.69 131624.0
-8301.51 130030.0
-7768.29 147200.0
-6036.16 146031.0
-7809.48 143123.0
