3.2989e+07 1.11549e+07 3.29896e+07 1.11509e+07
3.29896e+07 1.11509e+07 3.2994e+07 1.11436e+07
3.2994e+07 1.11436e+07 3.29965e+07 1.11425e+07
3.29965e+07 1.11425e+07 3.29963e+07 1.11391e+07
3.29963e+07 1.11391e+07 3.29925e+07 1.11393e+07
3.29925e+07 1.11393e+07 3.29834e+07 1.11377e+07
3.29834e+07 1.11377e+07 3.29802e+07 1.11266e+07
3.29802e+07 1.11266e+07 3.29853e+07 1.11293e+07
3.29853e+07 1.11293e+07 3.29856e+07 1.11294e+07
3.29856e+07 1.11294e+07 3.29874e+07 1.1135e+07
3.29874e+07 1.1135e+07 3.29875e+07 1.11349e+07
3.29875e+07 1.11349e+07 3.29892e+07 1.11361e+07
3.29892e+07 1.11361e+07 3.29913e+07 1.11436e+07
3.29913e+07 1.11436e+07 3.29922e+07 1.11364e+07
3.29922e+07 1.11364e+07 3.29938e+07 1.11388e+07
3.29938e+07 1.11388e+07 3.29931e+07 1.11436e+07
3.29931e+07 1.11436e+07 3.29894e+07 1.11454e+07
3.29894e+07 1.11454e+07 3.29896e+07 1.11508e+07
3.29896e+07 1.11508e+07 3.29863e+07 1.11596e+07
3.29863e+07 1.11596e+07 3.29825e+07 1.11594e+07
3.29825e+07 1.11594e+07 3.29843e+07 1.1158e+07
3.29843e+07 1.1158e+07 3.29862e+07 1.11568e+07
3.29862e+07 1.11568e+07 3.29914e+07 1.11569e+07
3.29914e+07 1.11569e+07 3.29964e+07 1.11543e+07
3.29964e+07 1.11543e+07 3.30044e+07 1.11513e+07
3.30044e+07 1.11513e+07 3.30053e+07 1.11329e+07
3.30053e+07 1.11329e+07 3.30154e+07 1.11174e+07
3.30154e+07 1.11174e+07 3.30159e+07 1.11213e+07
3.30159e+07 1.11213e+07 3.30117e+07 1.11267e+07
3.30117e+07 1.11267e+07 3.30045e+07 1.11366e+07
3.30045e+07 1.11366e+07 3.30044e+07 1.11369e+07
3.30044e+07 1.11369e+07 3.3004e+07 1.11344e+07
3.3004e+07 1.11344e+07 3.30048e+07 1.11402e+07
3.30048e+07 1.11402e+07 3.30054e+07 1.11414e+07
3.30054e+07 1.11414e+07 3.30061e+07 1.11424e+07
3.30061e+07 1.11424e+07 3.30059e+07 1.11426e+07
3.30059e+07 1.11426e+07 3.30048e+07 1.11402e+07
3.30048e+07 1.11402e+07 3.30033e+07 1.11384e+07
3.30033e+07 1.11384e+07 3.30036e+07 1.11391e+07
3.30036e+07 1.11391e+07 3.30147e+07 1.1122e+07
3.30147e+07 1.1122e+07 3.30153e+07 1.11168e+07
3.30153e+07 1.11168e+07 3.30116e+07 1.11261e+07
3.30116e+07 1.11261e+07 3.30044e+07 1.11364e+07
3.30044e+07 1.11364e+07 3.29985e+07 1.11445e+07
3.29985e+07 1.11445e+07 3.29885e+07 1.11458e+07
3.29885e+07 1.11458e+07 3.29831e+07 1.11452e+07
3.29831e+07 1.11452e+07 3.2987e+07 1.11472e+07
3.2987e+07 1.11472e+07 3.2987e+07 1.11482e+07
3.2987e+07 1.11482e+07 3.29892e+07 1.11505e+07
3.29892e+07 1.11505e+07 3.2988e+07 1.11542e+07
3.2988e+07 1.11542e+07 3.29805e+07 1.11395e+07
3.29805e+07 1.11395e+07 3.29815e+07 1.11405e+07
3.29815e+07 1.11405e+07 3.29838e+07 1.1141e+07
3.29838e+07 1.1141e+07 3.29903e+07 1.11342e+07
3.29903e+07 1.11342e+07 3.29868e+07 1.11395e+07
3.29868e+07 1.11395e+07 3.29922e+07 1.11362e+07
3.29922e+07 1.11362e+07 3.2993e+07 1.11349e+07
3.2993e+07 1.11349e+07 3.2991e+07 1.11416e+07
3.2991e+07 1.11416e+07 3.29954e+07 1.11436e+07
3.29954e+07 1.11436e+07 3.30001e+07 1.11582e+07
3.30001e+07 1.11582e+07 3.29929e+07 1.11629e+07
3.29929e+07 1.11629e+07 3.29929e+07 1.11641e+07
3.29929e+07 1.11641e+07 3.29917e+07 1.1155e+07
3.29917e+07 1.1155e+07 3.29908e+07 1.11571e+07
3.29908e+07 1.11571e+07 3.29843e+07 1.1142e+07
3.29843e+07 1.1142e+07 3.29803e+07 1.11276e+07
3.29803e+07 1.11276e+07 3.29839e+07 1.11352e+07
3.29839e+07 1.11352e+07 3.2986e+07 1.11444e+07
3.2986e+07 1.11444e+07 3.29892e+07 1.1155e+07
3.29892e+07 1.1155e+07 3.29945e+07 1.11544e+07
3.29945e+07 1.11544e+07 3.30061e+07 1.11527e+07
3.30061e+07 1.11527e+07 3.30216e+07 1.1153e+07
3.30216e+07 1.1153e+07 3.30193e+07 1.11529e+07
3.30193e+07 1.11529e+07 3.30125e+07 1.11509e+07
3.30125e+07 1.11509e+07 3.30045e+07 1.1151e+07
3.30045e+07 1.1151e+07 3.30082e+07 1.11525e+07
3.30082e+07 1.11525e+07 3.30021e+07 1.11508e+07
3.30021e+07 1.11508e+07 3.29988e+07 1.11491e+07
3.29988e+07 1.11491e+07 3.29963e+07 1.11489e+07
3.29963e+07 1.11489e+07 3.29917e+07 1.1155e+07
3.29917e+07 1.1155e+07 3.29917e+07 1.11549e+07
3.29917e+07 1.11549e+07 3.29916e+07 1.11546e+07
3.29916e+07 1.11546e+07 3.29892e+07 1.11493e+07
3.29892e+07 1.11493e+07 3.29917e+07 1.11556e+07
3.29917e+07 1.11556e+07 3.29903e+07 1.11555e+07
3.29903e+07 1.11555e+07 3.29892e+07 1.11495e+07
3.29892e+07 1.11495e+07 3.29899e+07 1.11492e+07
3.29899e+07 1.11492e+07 3.29914e+07 1.11485e+07
3.29914e+07 1.11485e+07 3.3e+07 1.1147e+07
3.3e+07 1.1147e+07 3.30054e+07 1.11413e+07
3.30054e+07 1.11413e+07 3.3006e+07 1.11425e+07
3.3006e+07 1.11425e+07 3.30046e+07 1.11416e+07
3.30046e+07 1.11416e+07 3.29998e+07 1.11496e+07
3.29998e+07 1.11496e+07 3.29988e+07 1.11491e+07
3.29988e+07 1.11491e+07 3.29972e+07 1.1147e+07
3.29972e+07 1.1147e+07 3.29998e+07 1.11415e+07
3.29998e+07 1.11415e+07 3.29983e+07 1.11414e+07
3.29983e+07 1.11414e+07 3.29971e+07 1.11364e+07
3.29971e+07 1.11364e+07 3.29947e+07 1.11345e+07
3.29947e+07 1.11345e+07 3.2988e+07 1.11352e+07
3.2988e+07 1.11352e+07 3.29878e+07 1.11352e+07
3.29878e+07 1.11352e+07 3.299e+07 1.11363e+07
3.299e+07 1.11363e+07 3.29912e+07 1.11415e+07
3.29912e+07 1.11415e+07 3.29919e+07 1.11437e+07
3.29919e+07 1.11437e+07 3.29894e+07 1.11466e+07
3.29894e+07 1.11466e+07 3.29885e+07 1.11434e+07
3.29885e+07 1.11434e+07 3.29896e+07 1.11537e+07
3.29896e+07 1.11537e+07 3.2984e+07 1.11567e+07
3.2984e+07 1.11567e+07 3.29845e+07 1.11579e+07
3.29845e+07 1.11579e+07 3.2984e+07 1.11528e+07
3.2984e+07 1.11528e+07 3.29856e+07 1.11492e+07
3.29856e+07 1.11492e+07 3.29899e+07 1.11492e+07
3.29899e+07 1.11492e+07 3.29904e+07 1.11512e+07
3.29904e+07 1.11512e+07 3.29892e+07 1.11492e+07
3.29892e+07 1.11492e+07 3.2987e+07 1.11485e+07
3.2987e+07 1.11485e+07 3.2987e+07 1.11485e+07
3.2987e+07 1.11485e+07 3.29866e+07 1.11484e+07
3.29866e+07 1.11484e+07 3.29879e+07 1.11482e+07
3.29879e+07 1.11482e+07 3.29882e+07 1.11466e+07
3.29882e+07 1.11466e+07 3.29913e+07 1.11435e+07
3.29913e+07 1.11435e+07 3.29979e+07 1.11446e+07
3.29979e+07 1.11446e+07 3.29973e+07 1.11502e+07
3.29973e+07 1.11502e+07 3.29974e+07 1.11524e+07
3.29974e+07 1.11524e+07 3.29996e+07 1.11526e+07
3.29996e+07 1.11526e+07 3.30041e+07 1.11511e+07
3.30041e+07 1.11511e+07 3.30001e+07 1.11494e+07
3.30001e+07 1.11494e+07 3.29995e+07 1.11497e+07
3.29995e+07 1.11497e+07 3.29991e+07 1.11492e+07
3.29991e+07 1.11492e+07 3.29964e+07 1.11496e+07
3.29964e+07 1.11496e+07 3.29963e+07 1.11471e+07
3.29963e+07 1.11471e+07 3.29981e+07 1.1147e+07
3.29981e+07 1.1147e+07 3.2999e+07 1.11485e+07
3.2999e+07 1.11485e+07 3.29981e+07 1.11436e+07
3.29981e+07 1.11436e+07 3.29931e+07 1.11436e+07
3.29931e+07 1.11436e+07 3.29903e+07 1.11443e+07
3.29903e+07 1.11443e+07 3.2986e+07 1.11433e+07
3.2986e+07 1.11433e+07 3.29858e+07 1.11406e+07
3.29858e+07 1.11406e+07 3.29858e+07 1.11396e+07
3.29858e+07 1.11396e+07 3.29897e+07 1.11394e+07
3.29897e+07 1.11394e+07 3.29953e+07 1.11348e+07
3.29953e+07 1.11348e+07 3.30061e+07 1.11315e+07
3.30061e+07 1.11315e+07 3.30156e+07 1.11148e+07
3.30156e+07 1.11148e+07 3.30154e+07 1.11211e+07
3.30154e+07 1.11211e+07 3.30124e+07 1.11281e+07
3.30124e+07 1.11281e+07 3.30067e+07 1.11348e+07
3.30067e+07 1.11348e+07 3.30061e+07 1.1141e+07
3.30061e+07 1.1141e+07 3.30061e+07 1.11423e+07
3.30061e+07 1.11423e+07 3.30059e+07 1.11426e+07
3.30059e+07 1.11426e+07 3.30045e+07 1.11425e+07
3.30045e+07 1.11425e+07 3.30044e+07 1.1152e+07
3.30044e+07 1.1152e+07 3.30014e+07 1.11526e+07
3.30014e+07 1.11526e+07 3.30001e+07 1.11526e+07
3.30001e+07 1.11526e+07 3.29981e+07 1.11534e+07
3.29981e+07 1.11534e+07 3.29963e+07 1.11487e+07
3.29963e+07 1.11487e+07 3.29963e+07 1.11485e+07
3.29963e+07 1.11485e+07 3.29972e+07 1.1147e+07
3.29972e+07 1.1147e+07 3.30004e+07 1.1158e+07
3.30004e+07 1.1158e+07 3.29965e+07 1.11552e+07
3.29965e+07 1.11552e+07 3.29964e+07 1.11552e+07
3.29964e+07 1.11552e+07 3.29994e+07 1.11613e+07
3.29994e+07 1.11613e+07 3.29969e+07 1.11581e+07
3.29969e+07 1.11581e+07 3.29993e+07 1.11559e+07
3.29993e+07 1.11559e+07 3.30013e+07 1.11537e+07
3.30013e+07 1.11537e+07 3.3e+07 1.11503e+07
3.3e+07 1.11503e+07 3.29964e+07 1.11491e+07
3.29964e+07 1.11491e+07 3.29951e+07 1.11491e+07
3.29951e+07 1.11491e+07 3.29959e+07 1.11522e+07
3.29959e+07 1.11522e+07 3.29974e+07 1.11544e+07
3.29974e+07 1.11544e+07 3.3001e+07 1.11621e+07
3.3001e+07 1.11621e+07 3.30012e+07 1.1158e+07
3.30012e+07 1.1158e+07 3.30071e+07 1.11613e+07
3.30071e+07 1.11613e+07 3.30037e+07 1.11591e+07
3.30037e+07 1.11591e+07 3.29995e+07 1.1159e+07
3.29995e+07 1.1159e+07 3.29968e+07 1.1159e+07
3.29968e+07 1.1159e+07 3.2997e+07 1.11576e+07
3.2997e+07 1.11576e+07 3.29976e+07 1.11641e+07
3.29976e+07 1.11641e+07 3.29976e+07 1.11639e+07
3.29976e+07 1.11639e+07 3.29971e+07 1.11578e+07
3.29971e+07 1.11578e+07 3.29978e+07 1.11544e+07
3.29978e+07 1.11544e+07 3.29999e+07 1.11485e+07
3.29999e+07 1.11485e+07 3.29963e+07 1.1149e+07
3.29963e+07 1.1149e+07 3.29917e+07 1.1155e+07
3.29917e+07 1.1155e+07 3.29927e+07 1.11582e+07
3.29927e+07 1.11582e+07 3.30006e+07 1.11602e+07
3.30006e+07 1.11602e+07 3.29958e+07 1.11571e+07
3.29958e+07 1.11571e+07 3.29921e+07 1.11549e+07
3.29921e+07 1.11549e+07 3.29891e+07 1.11534e+07
3.29891e+07 1.11534e+07 3.29835e+07 1.11526e+07
3.29835e+07 1.11526e+07 3.29839e+07 1.11452e+07
3.29839e+07 1.11452e+07 3.29869e+07 1.1146e+07
3.29869e+07 1.1146e+07 3.29816e+07 1.11423e+07
3.29816e+07 1.11423e+07 3.29844e+07 1.11444e+07
3.29844e+07 1.11444e+07 3.29922e+07 1.11436e+07
3.29922e+07 1.11436e+07 3.29988e+07 1.11411e+07
3.29988e+07 1.11411e+07 3.29974e+07 1.11426e+07
3.29974e+07 1.11426e+07 3.29952e+07 1.11454e+07
3.29952e+07 1.11454e+07 3.29898e+07 1.11461e+07
3.29898e+07 1.11461e+07 3.29882e+07 1.11482e+07
3.29882e+07 1.11482e+07 3.29915e+07 1.11549e+07
3.29915e+07 1.11549e+07 3.29916e+07 1.11549e+07
3.29916e+07 1.11549e+07 3.29918e+07 1.11549e+07
3.29918e+07 1.11549e+07 3.29891e+07 1.11524e+07
3.29891e+07 1.11524e+07 3.29927e+07 1.1156e+07
3.29927e+07 1.1156e+07 3.29927e+07 1.1155e+07
3.29927e+07 1.1155e+07 3.29956e+07 1.11491e+07
3.29956e+07 1.11491e+07 3.29959e+07 1.11491e+07
3.29959e+07 1.11491e+07 3.29962e+07 1.11509e+07
3.29962e+07 1.11509e+07 3.29957e+07 1.11491e+07
3.29957e+07 1.11491e+07 3.29988e+07 1.1147e+07
3.29988e+07 1.1147e+07 3.30031e+07 1.11477e+07
3.30031e+07 1.11477e+07 3.30044e+07 1.11444e+07
3.30044e+07 1.11444e+07 3.3006e+07 1.11425e+07
3.3006e+07 1.11425e+07 3.30047e+07 1.11415e+07
3.30047e+07 1.11415e+07 3.30046e+07 1.11416e+07
3.30046e+07 1.11416e+07 3.30044e+07 1.11432e+07
3.30044e+07 1.11432e+07 3.30049e+07 1.11524e+07
3.30049e+07 1.11524e+07 3.30034e+07 1.1151e+07
3.30034e+07 1.1151e+07 3.30013e+07 1.11438e+07
3.30013e+07 1.11438e+07 3.3e+07 1.1141e+07
3.3e+07 1.1141e+07 3.29996e+07 1.11418e+07
3.29996e+07 1.11418e+07 3.30055e+07 1.11329e+07
3.30055e+07 1.11329e+07 3.30129e+07 1.11524e+07
3.30129e+07 1.11524e+07 3.30226e+07 1.11495e+07
3.30226e+07 1.11495e+07 3.30176e+07 1.11516e+07
3.30176e+07 1.11516e+07 3.30147e+07 1.11513e+07
3.30147e+07 1.11513e+07 3.30086e+07 1.11506e+07
3.30086e+07 1.11506e+07 3.30043e+07 1.11534e+07
3.30043e+07 1.11534e+07 3.30042e+07 1.11531e+07
3.30042e+07 1.11531e+07 3.29993e+07 1.11527e+07
3.29993e+07 1.11527e+07 3.29974e+07 1.11503e+07
3.29974e+07 1.11503e+07 3.29979e+07 1.11461e+07
3.29979e+07 1.11461e+07 3.29973e+07 1.11489e+07
3.29973e+07 1.11489e+07 3.29973e+07 1.1145e+07
3.29973e+07 1.1145e+07 3.29972e+07 1.1144e+07
3.29972e+07 1.1144e+07 3.29983e+07 1.11455e+07
3.29983e+07 1.11455e+07 3.29983e+07 1.11526e+07
3.29983e+07 1.11526e+07 3.29958e+07 1.11525e+07
3.29958e+07 1.11525e+07 3.29973e+07 1.1151e+07
3.29973e+07 1.1151e+07 3.29998e+07 1.11454e+07
3.29998e+07 1.11454e+07 3.30013e+07 1.11434e+07
3.30013e+07 1.11434e+07 3.30018e+07 1.11414e+07
3.30018e+07 1.11414e+07 3.30024e+07 1.11445e+07
3.30024e+07 1.11445e+07 3.29988e+07 1.11454e+07
3.29988e+07 1.11454e+07 3.29974e+07 1.11491e+07
3.29974e+07 1.11491e+07 3.29967e+07 1.11473e+07
3.29967e+07 1.11473e+07 3.29953e+07 1.11471e+07
3.29953e+07 1.11471e+07 3.29937e+07 1.11426e+07
3.29937e+07 1.11426e+07 3.29901e+07 1.1144e+07
3.29901e+07 1.1144e+07 3.29894e+07 1.11451e+07
3.29894e+07 1.11451e+07 3.29895e+07 1.11452e+07
3.29895e+07 1.11452e+07 3.29894e+07 1.11462e+07
3.29894e+07 1.11462e+07 3.29892e+07 1.11494e+07
3.29892e+07 1.11494e+07 3.29906e+07 1.11515e+07
3.29906e+07 1.11515e+07 3.2989e+07 1.11493e+07
3.2989e+07 1.11493e+07 3.29862e+07 1.11468e+07
3.29862e+07 1.11468e+07 3.29865e+07 1.1146e+07
3.29865e+07 1.1146e+07 3.29882e+07 1.11442e+07
3.29882e+07 1.11442e+07 3.2986e+07 1.11435e+07
3.2986e+07 1.11435e+07 3.29862e+07 1.11375e+07
3.29862e+07 1.11375e+07 3.29891e+07 1.1133e+07
3.29891e+07 1.1133e+07 3.29893e+07 1.11367e+07
3.29893e+07 1.11367e+07 3.29907e+07 1.11405e+07
3.29907e+07 1.11405e+07 3.29912e+07 1.11425e+07
3.29912e+07 1.11425e+07 3.29939e+07 1.11437e+07
3.29939e+07 1.11437e+07 3.29977e+07 1.11454e+07
3.29977e+07 1.11454e+07 3.30006e+07 1.11483e+07
3.30006e+07 1.11483e+07 3.30014e+07 1.1147e+07
3.30014e+07 1.1147e+07 3.30033e+07 1.11401e+07
3.30033e+07 1.11401e+07 3.30017e+07 1.11348e+07
3.30017e+07 1.11348e+07 3.30031e+07 1.11366e+07
3.30031e+07 1.11366e+07 3.30053e+07 1.1141e+07
3.30053e+07 1.1141e+07 3.3006e+07 1.11427e+07
3.3006e+07 1.11427e+07 3.30058e+07 1.11425e+07
3.30058e+07 1.11425e+07 3.30051e+07 1.11406e+07
3.30051e+07 1.11406e+07 3.30034e+07 1.11397e+07
3.30034e+07 1.11397e+07 3.29952e+07 1.114e+07
3.29952e+07 1.114e+07 3.2988e+07 1.11514e+07
3.2988e+07 1.11514e+07 3.29876e+07 1.11514e+07
3.29876e+07 1.11514e+07 3.29883e+07 1.11514e+07
3.29883e+07 1.11514e+07 3.29862e+07 1.11496e+07
3.29862e+07 1.11496e+07 3.29871e+07 1.11506e+07
3.29871e+07 1.11506e+07 3.29856e+07 1.11521e+07
3.29856e+07 1.11521e+07 3.29872e+07 1.1153e+07
3.29872e+07 1.1153e+07 3.2983e+07 1.11516e+07
3.2983e+07 1.11516e+07 3.29931e+07 1.11383e+07
3.29931e+07 1.11383e+07 3.29953e+07 1.11444e+07
3.29953e+07 1.11444e+07 3.29954e+07 1.11459e+07
3.29954e+07 1.11459e+07 3.29916e+07 1.11495e+07
3.29916e+07 1.11495e+07 3.29874e+07 1.11494e+07
3.29874e+07 1.11494e+07 3.29729e+07 1.11489e+07
3.29729e+07 1.11489e+07 3.29765e+07 1.11488e+07
3.29765e+07 1.11488e+07 3.29805e+07 1.11456e+07
3.29805e+07 1.11456e+07 3.29862e+07 1.11482e+07
3.29862e+07 1.11482e+07 3.29907e+07 1.11504e+07
3.29907e+07 1.11504e+07 3.29884e+07 1.1155e+07
3.29884e+07 1.1155e+07 3.2988e+07 1.1154e+07
3.2988e+07 1.1154e+07 3.29916e+07 1.11552e+07
3.29916e+07 1.11552e+07 3.29917e+07 1.1155e+07
3.29917e+07 1.1155e+07 3.29657e+07 1.11483e+07
3.29657e+07 1.11483e+07 3.2987e+07 1.11485e+07
3.2987e+07 1.11485e+07 3.29872e+07 1.11524e+07
3.29872e+07 1.11524e+07 3.29892e+07 1.11549e+07
3.29892e+07 1.11549e+07 3.29921e+07 1.1163e+07
3.29921e+07 1.1163e+07 3.29995e+07 1.11598e+07
3.29995e+07 1.11598e+07 3.2997e+07 1.11575e+07
3.2997e+07 1.11575e+07 3.29971e+07 1.11578e+07
3.29971e+07 1.11578e+07 3.29944e+07 1.11614e+07
3.29944e+07 1.11614e+07 3.29917e+07 1.1155e+07
3.29917e+07 1.1155e+07 3.29928e+07 1.11545e+07
3.29928e+07 1.11545e+07 3.29944e+07 1.11545e+07
3.29944e+07 1.11545e+07 3.29916e+07 1.11547e+07
3.29916e+07 1.11547e+07 3.29915e+07 1.11541e+07
3.29915e+07 1.11541e+07 3.29916e+07 1.11545e+07
3.29916e+07 1.11545e+07 3.29883e+07 1.11436e+07
3.29883e+07 1.11436e+07 3.29914e+07 1.11482e+07
3.29914e+07 1.11482e+07 3.29915e+07 1.11621e+07
3.29915e+07 1.11621e+07 3.2996e+07 1.11662e+07
3.2996e+07 1.11662e+07 3.29913e+07 1.11569e+07
3.29913e+07 1.11569e+07 3.29937e+07 1.11489e+07
3.29937e+07 1.11489e+07 3.29974e+07 1.11508e+07
3.29974e+07 1.11508e+07 3.30025e+07 1.1147e+07
3.30025e+07 1.1147e+07 3.30061e+07 1.11424e+07
3.30061e+07 1.11424e+07 3.3006e+07 1.11425e+07
3.3006e+07 1.11425e+07 3.30054e+07 1.11412e+07
3.30054e+07 1.11412e+07 3.30051e+07 1.11406e+07
3.30051e+07 1.11406e+07 3.30003e+07 1.11536e+07
3.30003e+07 1.11536e+07 3.29977e+07 1.11532e+07
3.29977e+07 1.11532e+07 3.30045e+07 1.11523e+07
3.30045e+07 1.11523e+07 3.3005e+07 1.11425e+07
3.3005e+07 1.11425e+07 3.30043e+07 1.11415e+07
3.30043e+07 1.11415e+07 3.30001e+07 1.11453e+07
3.30001e+07 1.11453e+07 3.29989e+07 1.11488e+07
3.29989e+07 1.11488e+07 3.29992e+07 1.11459e+07
3.29992e+07 1.11459e+07 3.29992e+07 1.11459e+07
3.29992e+07 1.11459e+07 3.30003e+07 1.11414e+07
3.30003e+07 1.11414e+07 3.29946e+07 1.11345e+07
3.29946e+07 1.11345e+07 3.29952e+07 1.1134e+07
3.29952e+07 1.1134e+07 3.29985e+07 1.11392e+07
3.29985e+07 1.11392e+07 3.29996e+07 1.1142e+07
3.29996e+07 1.1142e+07 3.3e+07 1.11452e+07
3.3e+07 1.11452e+07 3.30013e+07 1.1151e+07
3.30013e+07 1.1151e+07 3.30031e+07 1.11525e+07
3.30031e+07 1.11525e+07 3.30045e+07 1.1149e+07
3.30045e+07 1.1149e+07 3.30044e+07 1.11389e+07
3.30044e+07 1.11389e+07 3.3005e+07 1.11405e+07
3.3005e+07 1.11405e+07 3.30059e+07 1.11427e+07
3.30059e+07 1.11427e+07 3.30056e+07 1.11425e+07
3.30056e+07 1.11425e+07 3.30034e+07 1.1137e+07
3.30034e+07 1.1137e+07 3.30026e+07 1.11336e+07
3.30026e+07 1.11336e+07 3.3003e+07 1.11349e+07
3.3003e+07 1.11349e+07 3.29995e+07 1.11432e+07
3.29995e+07 1.11432e+07 3.29985e+07 1.11454e+07
3.29985e+07 1.11454e+07 3.29983e+07 1.11519e+07
3.29983e+07 1.11519e+07 3.29946e+07 1.11563e+07
3.29946e+07 1.11563e+07 3.2991e+07 1.11569e+07
3.2991e+07 1.11569e+07 3.29896e+07 1.11559e+07
3.29896e+07 1.11559e+07 3.29897e+07 1.11553e+07
3.29897e+07 1.11553e+07 3.29877e+07 1.1157e+07
3.29877e+07 1.1157e+07 3.29891e+07 1.11569e+07
3.29891e+07 1.11569e+07 3.29891e+07 1.11529e+07
3.29891e+07 1.11529e+07 3.2989e+07 1.11497e+07
3.2989e+07 1.11497e+07 3.29972e+07 1.11435e+07
3.29972e+07 1.11435e+07 3.3074e+07 1.10981e+07
3.3074e+07 1.10981e+07 3.3074e+07 1.10981e+07
3.3074e+07 1.10981e+07 3.30744e+07 1.1098e+07
3.30744e+07 1.1098e+07 3.30773e+07 1.11027e+07
3.30773e+07 1.11027e+07 3.30796e+07 1.11055e+07
3.30796e+07 1.11055e+07 3.30801e+07 1.11044e+07
3.30801e+07 1.11044e+07 3.30813e+07 1.11032e+07
3.30813e+07 1.11032e+07 3.30806e+07 1.11041e+07
3.30806e+07 1.11041e+07 3.30796e+07 1.11055e+07
3.30796e+07 1.11055e+07 3.30779e+07 1.11061e+07
3.30779e+07 1.11061e+07 3.30738e+07 1.1101e+07
3.30738e+07 1.1101e+07 3.30738e+07 1.10988e+07
3.30738e+07 1.10988e+07 3.3074e+07 1.10981e+07
3.3074e+07 1.10981e+07 3.3074e+07 1.10982e+07
3.3074e+07 1.10982e+07 3.3074e+07 1.10981e+07
3.3074e+07 1.10981e+07 3.3074e+07 1.10982e+07
3.3074e+07 1.10982e+07 3.3074e+07 1.10981e+07
3.3074e+07 1.10981e+07 3.30739e+07 1.10981e+07
3.30739e+07 1.10981e+07 3.30796e+07 1.11055e+07
3.30796e+07 1.11055e+07 3.30812e+07 1.11034e+07
3.30812e+07 1.11034e+07 3.30813e+07 1.11032e+07
3.30813e+07 1.11032e+07 3.30807e+07 1.11041e+07
3.30807e+07 1.11041e+07 3.30739e+07 1.10985e+07
3.30739e+07 1.10985e+07 3.30744e+07 1.1098e+07
3.30744e+07 1.1098e+07 3.30813e+07 1.11032e+07
3.30813e+07 1.11032e+07 3.30813e+07 1.11032e+07
3.30813e+07 1.11032e+07 3.3082e+07 1.11032e+07
3.3082e+07 1.11032e+07 3.30749e+07 1.10997e+07
3.30749e+07 1.10997e+07 3.30797e+07 1.11e+07
3.30797e+07 1.11e+07 3.30813e+07 1.11032e+07
3.30813e+07 1.11032e+07 3.30796e+07 1.11046e+07
3.30796e+07 1.11046e+07 3.30739e+07 1.10978e+07
3.30739e+07 1.10978e+07 3.30739e+07 1.10977e+07
3.30739e+07 1.10977e+07 3.30745e+07 1.1098e+07
3.30745e+07 1.1098e+07 3.30758e+07 1.11026e+07
3.30758e+07 1.11026e+07 3.30751e+07 1.11019e+07
3.30751e+07 1.11019e+07 3.30739e+07 1.10982e+07
3.30739e+07 1.10982e+07 3.3074e+07 1.10981e+07
3.3074e+07 1.10981e+07 3.3074e+07 1.10982e+07
3.3074e+07 1.10982e+07 3.3074e+07 1.10981e+07
3.3074e+07 1.10981e+07 3.30744e+07 1.10995e+07
3.30744e+07 1.10995e+07 3.30742e+07 1.10998e+07
3.30742e+07 1.10998e+07 3.30741e+07 1.11005e+07
