3.30029e+07 1.11424e+07 3.30015e+07 1.1144e+07
3.30015e+07 1.1144e+07 3.30007e+07 1.11437e+07
3.30007e+07 1.11437e+07 3.30006e+07 1.11419e+07
3.30006e+07 1.11419e+07 3.3001e+07 1.11407e+07
3.3001e+07 1.11407e+07 3.30138e+07 1.11239e+07
3.30138e+07 1.11239e+07 3.30152e+07 1.11212e+07
3.30152e+07 1.11212e+07 3.30155e+07 1.11184e+07
3.30155e+07 1.11184e+07 3.30154e+07 1.11143e+07
3.30154e+07 1.11143e+07 3.30152e+07 1.11123e+07
3.30152e+07 1.11123e+07 3.30154e+07 1.11068e+07
3.30154e+07 1.11068e+07 3.30201e+07 1.1106e+07
3.30201e+07 1.1106e+07 3.30239e+07 1.11074e+07
3.30239e+07 1.11074e+07 3.30229e+07 1.11072e+07
3.30229e+07 1.11072e+07 3.30221e+07 1.1106e+07
3.30221e+07 1.1106e+07 3.30214e+07 1.11051e+07
3.30214e+07 1.11051e+07 3.30201e+07 1.1106e+07
3.30201e+07 1.1106e+07 3.30155e+07 1.11059e+07
3.30155e+07 1.11059e+07 3.30123e+07 1.11081e+07
3.30123e+07 1.11081e+07 3.30084e+07 1.11104e+07
3.30084e+07 1.11104e+07 3.30033e+07 1.11113e+07
3.30033e+07 1.11113e+07 3.3003e+07 1.11238e+07
3.3003e+07 1.11238e+07 3.3e+07 1.11323e+07
3.3e+07 1.11323e+07 3.2998e+07 1.11391e+07
3.2998e+07 1.11391e+07 3.30005e+07 1.11416e+07
3.30005e+07 1.11416e+07 3.30059e+07 1.11318e+07
3.30059e+07 1.11318e+07 3.30123e+07 1.11254e+07
3.30123e+07 1.11254e+07 3.30152e+07 1.11212e+07
3.30152e+07 1.11212e+07 3.30146e+07 1.11126e+07
3.30146e+07 1.11126e+07 3.30162e+07 1.11059e+07
3.30162e+07 1.11059e+07 3.3019e+07 1.11058e+07
3.3019e+07 1.11058e+07 3.30205e+07 1.11061e+07
3.30205e+07 1.11061e+07 3.30213e+07 1.11051e+07
3.30213e+07 1.11051e+07 3.3024e+07 1.11072e+07
3.3024e+07 1.11072e+07 3.30239e+07 1.11072e+07
3.30239e+07 1.11072e+07 3.30201e+07 1.1106e+07
3.30201e+07 1.1106e+07 3.30038e+07 1.11112e+07
3.30038e+07 1.11112e+07 3.30036e+07 1.11205e+07
3.30036e+07 1.11205e+07 3.29989e+07 1.11276e+07
3.29989e+07 1.11276e+07 3.29962e+07 1.113e+07
3.29962e+07 1.113e+07 3.29937e+07 1.11348e+07
3.29937e+07 1.11348e+07 3.29925e+07 1.11382e+07
3.29925e+07 1.11382e+07 3.29926e+07 1.11393e+07
3.29926e+07 1.11393e+07 3.29923e+07 1.11384e+07
3.29923e+07 1.11384e+07 3.29928e+07 1.1135e+07
3.29928e+07 1.1135e+07 3.29948e+07 1.1134e+07
3.29948e+07 1.1134e+07 3.29939e+07 1.11348e+07
3.29939e+07 1.11348e+07 3.29922e+07 1.11331e+07
3.29922e+07 1.11331e+07 3.29936e+07 1.11362e+07
3.29936e+07 1.11362e+07 3.29939e+07 1.11412e+07
3.29939e+07 1.11412e+07 3.29938e+07 1.11437e+07
3.29938e+07 1.11437e+07 3.29956e+07 1.11418e+07
3.29956e+07 1.11418e+07 3.29959e+07 1.11407e+07
3.29959e+07 1.11407e+07 3.29958e+07 1.11391e+07
3.29958e+07 1.11391e+07 3.29963e+07 1.11328e+07
3.29963e+07 1.11328e+07 3.29953e+07 1.1141e+07
3.29953e+07 1.1141e+07 3.29944e+07 1.1143e+07
3.29944e+07 1.1143e+07 3.29939e+07 1.11407e+07
3.29939e+07 1.11407e+07 3.2995e+07 1.11374e+07
3.2995e+07 1.11374e+07 3.29965e+07 1.11421e+07
3.29965e+07 1.11421e+07 3.29962e+07 1.11435e+07
3.29962e+07 1.11435e+07 3.29982e+07 1.11454e+07
3.29982e+07 1.11454e+07 3.29982e+07 1.11449e+07
3.29982e+07 1.11449e+07 3.29972e+07 1.11419e+07
3.29972e+07 1.11419e+07 3.29992e+07 1.11401e+07
3.29992e+07 1.11401e+07 3.30006e+07 1.11442e+07
3.30006e+07 1.11442e+07 3.29982e+07 1.11385e+07
3.29982e+07 1.11385e+07 3.29968e+07 1.11359e+07
3.29968e+07 1.11359e+07 3.29961e+07 1.1136e+07
3.29961e+07 1.1136e+07 3.29952e+07 1.11387e+07
3.29952e+07 1.11387e+07 3.29949e+07 1.11378e+07
3.29949e+07 1.11378e+07 3.29952e+07 1.11342e+07
3.29952e+07 1.11342e+07 3.30008e+07 1.11369e+07
3.30008e+07 1.11369e+07 3.30042e+07 1.11347e+07
3.30042e+07 1.11347e+07 3.3002e+07 1.11368e+07
3.3002e+07 1.11368e+07 3.30007e+07 1.1141e+07
3.30007e+07 1.1141e+07 3.30001e+07 1.11407e+07
3.30001e+07 1.11407e+07 3.30013e+07 1.11451e+07
3.30013e+07 1.11451e+07 3.30012e+07 1.11469e+07
3.30012e+07 1.11469e+07 3.30013e+07 1.11493e+07
3.30013e+07 1.11493e+07 3.30012e+07 1.11524e+07
3.30012e+07 1.11524e+07 3.30025e+07 1.11527e+07
3.30025e+07 1.11527e+07 3.30014e+07 1.11529e+07
3.30014e+07 1.11529e+07 3.29993e+07 1.11536e+07
3.29993e+07 1.11536e+07 3.29993e+07 1.11528e+07
3.29993e+07 1.11528e+07 3.29996e+07 1.11506e+07
3.29996e+07 1.11506e+07 3.3e+07 1.11505e+07
3.3e+07 1.11505e+07 3.3e+07 1.11498e+07
3.3e+07 1.11498e+07 3.3e+07 1.11473e+07
3.3e+07 1.11473e+07 3.30007e+07 1.11453e+07
3.30007e+07 1.11453e+07 3.30021e+07 1.11387e+07
3.30021e+07 1.11387e+07 3.30079e+07 1.11285e+07
3.30079e+07 1.11285e+07 3.3015e+07 1.11216e+07
3.3015e+07 1.11216e+07 3.30155e+07 1.11191e+07
3.30155e+07 1.11191e+07 3.30114e+07 1.11174e+07
3.30114e+07 1.11174e+07 3.30077e+07 1.11147e+07
3.30077e+07 1.11147e+07 3.30098e+07 1.11174e+07
3.30098e+07 1.11174e+07 3.3011e+07 1.11173e+07
3.3011e+07 1.11173e+07 3.30132e+07 1.11166e+07
3.30132e+07 1.11166e+07 3.30135e+07 1.11162e+07
3.30135e+07 1.11162e+07 3.30137e+07 1.11178e+07
3.30137e+07 1.11178e+07 3.30139e+07 1.11178e+07
3.30139e+07 1.11178e+07 3.30152e+07 1.11151e+07
3.30152e+07 1.11151e+07 3.30156e+07 1.11143e+07
3.30156e+07 1.11143e+07 3.30154e+07 1.11142e+07
3.30154e+07 1.11142e+07 3.30149e+07 1.11124e+07
3.30149e+07 1.11124e+07 3.30231e+07 1.11063e+07
3.30231e+07 1.11063e+07 3.30228e+07 1.11061e+07
3.30228e+07 1.11061e+07 3.30173e+07 1.11059e+07
3.30173e+07 1.11059e+07 3.30153e+07 1.11111e+07
3.30153e+07 1.11111e+07 3.30156e+07 1.11143e+07
3.30156e+07 1.11143e+07 3.30155e+07 1.11143e+07
3.30155e+07 1.11143e+07 3.30152e+07 1.11212e+07
3.30152e+07 1.11212e+07 3.30077e+07 1.11287e+07
3.30077e+07 1.11287e+07 3.30042e+07 1.11347e+07
3.30042e+07 1.11347e+07 3.30026e+07 1.11319e+07
3.30026e+07 1.11319e+07 3.30019e+07 1.11304e+07
3.30019e+07 1.11304e+07 3.30031e+07 1.11302e+07
3.30031e+07 1.11302e+07 3.30032e+07 1.11313e+07
3.30032e+07 1.11313e+07 3.30031e+07 1.11315e+07
3.30031e+07 1.11315e+07 3.3e+07 1.11332e+07
3.3e+07 1.11332e+07 3.30014e+07 1.11322e+07
3.30014e+07 1.11322e+07 3.30005e+07 1.11366e+07
3.30005e+07 1.11366e+07 3.29994e+07 1.11401e+07
3.29994e+07 1.11401e+07 3.29979e+07 1.11373e+07
3.29979e+07 1.11373e+07 3.29982e+07 1.11359e+07
3.29982e+07 1.11359e+07 3.29963e+07 1.11365e+07
3.29963e+07 1.11365e+07 3.29922e+07 1.11393e+07
3.29922e+07 1.11393e+07 3.29853e+07 1.11398e+07
3.29853e+07 1.11398e+07 3.29839e+07 1.11456e+07
3.29839e+07 1.11456e+07 3.29832e+07 1.11442e+07
3.29832e+07 1.11442e+07 3.29844e+07 1.11482e+07
3.29844e+07 1.11482e+07 3.29844e+07 1.11534e+07
3.29844e+07 1.11534e+07 3.2985e+07 1.11552e+07
3.2985e+07 1.11552e+07 3.29859e+07 1.11552e+07
3.29859e+07 1.11552e+07 3.29872e+07 1.11529e+07
3.29872e+07 1.11529e+07 3.29967e+07 1.11527e+07
3.29967e+07 1.11527e+07 3.3e+07 1.11537e+07
3.3e+07 1.11537e+07 3.3003e+07 1.11565e+07
3.3003e+07 1.11565e+07 3.30037e+07 1.11544e+07
3.30037e+07 1.11544e+07 3.3004e+07 1.11544e+07
3.3004e+07 1.11544e+07 3.30031e+07 1.11526e+07
3.30031e+07 1.11526e+07 3.30057e+07 1.1151e+07
3.30057e+07 1.1151e+07 3.30045e+07 1.11497e+07
3.30045e+07 1.11497e+07 3.3002e+07 1.11384e+07
3.3002e+07 1.11384e+07 3.29973e+07 1.11391e+07
3.29973e+07 1.11391e+07 3.29913e+07 1.11394e+07
3.29913e+07 1.11394e+07 3.29982e+07 1.1138e+07
3.29982e+07 1.1138e+07 3.30037e+07 1.11291e+07
3.30037e+07 1.11291e+07 3.30082e+07 1.11265e+07
3.30082e+07 1.11265e+07 3.30117e+07 1.11176e+07
3.30117e+07 1.11176e+07 3.30125e+07 1.11082e+07
3.30125e+07 1.11082e+07 3.30187e+07 1.11061e+07
3.30187e+07 1.11061e+07 3.3019e+07 1.11059e+07
3.3019e+07 1.11059e+07 3.30224e+07 1.11061e+07
3.30224e+07 1.11061e+07 3.30231e+07 1.1106e+07
3.30231e+07 1.1106e+07 3.30147e+07 1.11129e+07
3.30147e+07 1.11129e+07 3.30159e+07 1.11146e+07
3.30159e+07 1.11146e+07 3.30153e+07 1.11161e+07
3.30153e+07 1.11161e+07 3.30127e+07 1.1125e+07
3.30127e+07 1.1125e+07 3.3005e+07 1.11335e+07
3.3005e+07 1.11335e+07 3.30011e+07 1.1132e+07
3.30011e+07 1.1132e+07 3.30014e+07 1.11322e+07
3.30014e+07 1.11322e+07 3.30006e+07 1.11364e+07
3.30006e+07 1.11364e+07 3.29975e+07 1.11407e+07
3.29975e+07 1.11407e+07 3.29965e+07 1.11436e+07
3.29965e+07 1.11436e+07 3.29967e+07 1.11436e+07
3.29967e+07 1.11436e+07 3.29963e+07 1.11431e+07
3.29963e+07 1.11431e+07 3.29972e+07 1.11412e+07
3.29972e+07 1.11412e+07 3.29972e+07 1.11425e+07
3.29972e+07 1.11425e+07 3.30006e+07 1.11415e+07
3.30006e+07 1.11415e+07 3.30062e+07 1.11314e+07
3.30062e+07 1.11314e+07 3.3013e+07 1.11247e+07
3.3013e+07 1.11247e+07 3.30154e+07 1.11172e+07
3.30154e+07 1.11172e+07 3.3016e+07 1.11147e+07
3.3016e+07 1.11147e+07 3.30159e+07 1.11142e+07
3.30159e+07 1.11142e+07 3.30157e+07 1.11142e+07
3.30157e+07 1.11142e+07 3.30154e+07 1.11208e+07
3.30154e+07 1.11208e+07 3.30106e+07 1.11265e+07
3.30106e+07 1.11265e+07 3.30037e+07 1.11357e+07
3.30037e+07 1.11357e+07 3.29991e+07 1.11435e+07
3.29991e+07 1.11435e+07 3.29982e+07 1.11499e+07
3.29982e+07 1.11499e+07 3.29987e+07 1.11528e+07
3.29987e+07 1.11528e+07 3.29998e+07 1.11515e+07
3.29998e+07 1.11515e+07 3.3e+07 1.11466e+07
3.3e+07 1.11466e+07 3.3e+07 1.1144e+07
3.3e+07 1.1144e+07 3.30003e+07 1.11431e+07
3.30003e+07 1.11431e+07 3.30012e+07 1.11428e+07
3.30012e+07 1.11428e+07 3.29992e+07 1.11449e+07
3.29992e+07 1.11449e+07 3.29981e+07 1.11453e+07
3.29981e+07 1.11453e+07 3.29965e+07 1.1147e+07
3.29965e+07 1.1147e+07 3.29937e+07 1.11471e+07
3.29937e+07 1.11471e+07 3.29922e+07 1.11467e+07
3.29922e+07 1.11467e+07 3.29922e+07 1.11435e+07
3.29922e+07 1.11435e+07 3.29913e+07 1.11394e+07
3.29913e+07 1.11394e+07 3.29852e+07 1.11399e+07
3.29852e+07 1.11399e+07 3.2984e+07 1.11376e+07
3.2984e+07 1.11376e+07 3.29836e+07 1.11377e+07
3.29836e+07 1.11377e+07 3.29841e+07 1.11403e+07
3.29841e+07 1.11403e+07 3.29843e+07 1.11429e+07
3.29843e+07 1.11429e+07 3.29844e+07 1.11513e+07
3.29844e+07 1.11513e+07 3.29845e+07 1.11589e+07
3.29845e+07 1.11589e+07 3.29841e+07 1.11592e+07
3.29841e+07 1.11592e+07 3.29849e+07 1.11619e+07
3.29849e+07 1.11619e+07 3.29845e+07 1.11583e+07
3.29845e+07 1.11583e+07 3.29846e+07 1.11553e+07
3.29846e+07 1.11553e+07 3.29878e+07 1.11551e+07
3.29878e+07 1.11551e+07 3.29883e+07 1.11513e+07
3.29883e+07 1.11513e+07 3.29882e+07 1.11487e+07
3.29882e+07 1.11487e+07 3.29891e+07 1.11486e+07
3.29891e+07 1.11486e+07 3.29894e+07 1.11473e+07
3.29894e+07 1.11473e+07 3.29905e+07 1.11473e+07
3.29905e+07 1.11473e+07 3.29904e+07 1.11446e+07
3.29904e+07 1.11446e+07 3.29918e+07 1.11437e+07
3.29918e+07 1.11437e+07 3.29947e+07 1.11436e+07
3.29947e+07 1.11436e+07 3.29972e+07 1.11439e+07
3.29972e+07 1.11439e+07 3.29973e+07 1.1147e+07
3.29973e+07 1.1147e+07 3.29973e+07 1.11494e+07
3.29973e+07 1.11494e+07 3.29983e+07 1.11491e+07
3.29983e+07 1.11491e+07 3.2997e+07 1.11511e+07
3.2997e+07 1.11511e+07 3.2996e+07 1.11511e+07
3.2996e+07 1.11511e+07 3.29957e+07 1.11527e+07
3.29957e+07 1.11527e+07 3.29957e+07 1.11532e+07
3.29957e+07 1.11532e+07 3.2996e+07 1.11522e+07
3.2996e+07 1.11522e+07 3.29982e+07 1.11517e+07
3.29982e+07 1.11517e+07 3.29974e+07 1.11508e+07
3.29974e+07 1.11508e+07 3.29981e+07 1.1149e+07
3.29981e+07 1.1149e+07 3.29982e+07 1.11439e+07
3.29982e+07 1.11439e+07 3.29988e+07 1.11412e+07
3.29988e+07 1.11412e+07 3.29994e+07 1.11431e+07
3.29994e+07 1.11431e+07 3.29998e+07 1.11432e+07
3.29998e+07 1.11432e+07 3.3001e+07 1.11425e+07
3.3001e+07 1.11425e+07 3.30012e+07 1.11434e+07
3.30012e+07 1.11434e+07 3.29992e+07 1.11449e+07
3.29992e+07 1.11449e+07 3.2998e+07 1.11453e+07
3.2998e+07 1.11453e+07 3.29981e+07 1.11457e+07
3.29981e+07 1.11457e+07 3.29982e+07 1.11492e+07
3.29982e+07 1.11492e+07 3.29983e+07 1.11515e+07
3.29983e+07 1.11515e+07 3.29977e+07 1.1156e+07
3.29977e+07 1.1156e+07 3.29958e+07 1.11561e+07
3.29958e+07 1.11561e+07 3.2994e+07 1.11576e+07
3.2994e+07 1.11576e+07 3.29937e+07 1.11567e+07
3.29937e+07 1.11567e+07 3.29959e+07 1.11561e+07
3.29959e+07 1.11561e+07 3.29969e+07 1.11547e+07
3.29969e+07 1.11547e+07 3.29975e+07 1.11544e+07
3.29975e+07 1.11544e+07 3.29992e+07 1.11527e+07
3.29992e+07 1.11527e+07 3.30037e+07 1.11527e+07
3.30037e+07 1.11527e+07 3.30044e+07 1.11443e+07
3.30044e+07 1.11443e+07 3.30008e+07 1.11368e+07
3.30008e+07 1.11368e+07 3.30014e+07 1.1134e+07
3.30014e+07 1.1134e+07 3.30007e+07 1.11324e+07
3.30007e+07 1.11324e+07 3.30014e+07 1.11344e+07
3.30014e+07 1.11344e+07 3.30018e+07 1.11389e+07
3.30018e+07 1.11389e+07 3.30001e+07 1.11408e+07
3.30001e+07 1.11408e+07 3.29997e+07 1.11405e+07
3.29997e+07 1.11405e+07 3.30001e+07 1.11374e+07
3.30001e+07 1.11374e+07 3.30014e+07 1.11354e+07
3.30014e+07 1.11354e+07 3.30019e+07 1.11319e+07
3.30019e+07 1.11319e+07 3.30003e+07 1.1133e+07
3.30003e+07 1.1133e+07 3.29971e+07 1.11347e+07
3.29971e+07 1.11347e+07 3.29971e+07 1.11374e+07
3.29971e+07 1.11374e+07 3.29972e+07 1.11413e+07
3.29972e+07 1.11413e+07 3.29966e+07 1.11418e+07
3.29966e+07 1.11418e+07 3.29972e+07 1.11439e+07
3.29972e+07 1.11439e+07 3.29982e+07 1.11479e+07
3.29982e+07 1.11479e+07 3.29983e+07 1.11506e+07
3.29983e+07 1.11506e+07 3.29987e+07 1.11526e+07
3.29987e+07 1.11526e+07 3.29982e+07 1.11465e+07
3.29982e+07 1.11465e+07 3.29931e+07 1.11436e+07
3.29931e+07 1.11436e+07 3.29914e+07 1.11437e+07
3.29914e+07 1.11437e+07 3.29904e+07 1.11442e+07
3.29904e+07 1.11442e+07 3.29895e+07 1.11435e+07
3.29895e+07 1.11435e+07 3.29878e+07 1.11375e+07
3.29878e+07 1.11375e+07 3.29898e+07 1.11375e+07
3.29898e+07 1.11375e+07 3.29902e+07 1.11375e+07
3.29902e+07 1.11375e+07 3.29908e+07 1.11375e+07
3.29908e+07 1.11375e+07 3.2992e+07 1.11362e+07
3.2992e+07 1.11362e+07 3.29934e+07 1.11374e+07
3.29934e+07 1.11374e+07 3.29938e+07 1.11404e+07
3.29938e+07 1.11404e+07 3.2995e+07 1.11407e+07
3.2995e+07 1.11407e+07 3.29971e+07 1.11413e+07
3.29971e+07 1.11413e+07 3.29983e+07 1.11423e+07
3.29983e+07 1.11423e+07 3.29998e+07 1.11432e+07
3.29998e+07 1.11432e+07 3.30005e+07 1.11438e+07
3.30005e+07 1.11438e+07 3.29988e+07 1.11453e+07
3.29988e+07 1.11453e+07 3.29974e+07 1.11518e+07
3.29974e+07 1.11518e+07 3.29982e+07 1.11534e+07
3.29982e+07 1.11534e+07 3.29987e+07 1.11532e+07
3.29987e+07 1.11532e+07 3.3e+07 1.11515e+07
3.3e+07 1.11515e+07 3.29992e+07 1.11506e+07
3.29992e+07 1.11506e+07 3.29989e+07 1.11486e+07
3.29989e+07 1.11486e+07 3.30005e+07 1.1147e+07
3.30005e+07 1.1147e+07 3.3002e+07 1.1147e+07
3.3002e+07 1.1147e+07 3.30023e+07 1.11478e+07
3.30023e+07 1.11478e+07 3.30031e+07 1.11493e+07
3.30031e+07 1.11493e+07 3.30048e+07 1.1161e+07
3.30048e+07 1.1161e+07 3.30061e+07 1.116e+07
3.30061e+07 1.116e+07 3.3004e+07 1.11543e+07
3.3004e+07 1.11543e+07 3.30031e+07 1.11527e+07
3.30031e+07 1.11527e+07 3.30013e+07 1.11478e+07
3.30013e+07 1.11478e+07 3.30012e+07 1.11527e+07
3.30012e+07 1.11527e+07 3.30073e+07 1.11528e+07
3.30073e+07 1.11528e+07 3.30085e+07 1.11513e+07
3.30085e+07 1.11513e+07 3.30104e+07 1.11506e+07
3.30104e+07 1.11506e+07 3.30085e+07 1.11397e+07
3.30085e+07 1.11397e+07 3.30092e+07 1.11234e+07
3.30092e+07 1.11234e+07 3.30187e+07 1.11061e+07
3.30187e+07 1.11061e+07 3.30187e+07 1.11062e+07
3.30187e+07 1.11062e+07 3.3019e+07 1.11059e+07
3.3019e+07 1.11059e+07 3.30213e+07 1.11061e+07
3.30213e+07 1.11061e+07 3.30243e+07 1.11073e+07
3.30243e+07 1.11073e+07 3.30224e+07 1.11041e+07
3.30224e+07 1.11041e+07 3.30154e+07 1.11059e+07
3.30154e+07 1.11059e+07 3.3005e+07 1.11111e+07
3.3005e+07 1.11111e+07 3.30001e+07 1.11139e+07
3.30001e+07 1.11139e+07 3.29968e+07 1.11158e+07
3.29968e+07 1.11158e+07 3.29959e+07 1.11202e+07
3.29959e+07 1.11202e+07 3.29964e+07 1.11271e+07
3.29964e+07 1.11271e+07 3.29958e+07 1.11324e+07
3.29958e+07 1.11324e+07 3.29952e+07 1.11382e+07
3.29952e+07 1.11382e+07 3.29953e+07 1.11417e+07
3.29953e+07 1.11417e+07 3.29939e+07 1.11426e+07
3.29939e+07 1.11426e+07 3.29922e+07 1.11405e+07
3.29922e+07 1.11405e+07 3.29878e+07 1.11394e+07
3.29878e+07 1.11394e+07 3.29861e+07 1.11374e+07
3.29861e+07 1.11374e+07 3.29858e+07 1.11395e+07
3.29858e+07 1.11395e+07 3.29867e+07 1.11395e+07
3.29867e+07 1.11395e+07 3.29872e+07 1.11417e+07
3.29872e+07 1.11417e+07 3.29882e+07 1.11478e+07
3.29882e+07 1.11478e+07 3.29893e+07 1.11493e+07
3.29893e+07 1.11493e+07 3.29899e+07 1.11512e+07
3.29899e+07 1.11512e+07 3.29908e+07 1.1148e+07
3.29908e+07 1.1148e+07 3.29895e+07 1.11465e+07
3.29895e+07 1.11465e+07 3.29922e+07 1.11395e+07
3.29922e+07 1.11395e+07 3.29918e+07 1.11323e+07
3.29918e+07 1.11323e+07 3.29922e+07 1.11342e+07
3.29922e+07 1.11342e+07 3.29928e+07 1.1135e+07
3.29928e+07 1.1135e+07 3.29933e+07 1.1135e+07
3.29933e+07 1.1135e+07 3.29963e+07 1.11355e+07
3.29963e+07 1.11355e+07 3.29979e+07 1.11359e+07
3.29979e+07 1.11359e+07 3.29968e+07 1.11362e+07
3.29968e+07 1.11362e+07 3.29964e+07 1.11377e+07
3.29964e+07 1.11377e+07 3.29963e+07 1.11392e+07
3.29963e+07 1.11392e+07 3.29963e+07 1.11391e+07
3.29963e+07 1.11391e+07 3.29917e+07 1.11394e+07
3.29917e+07 1.11394e+07 3.29863e+07 1.11395e+07
3.29863e+07 1.11395e+07 3.29844e+07 1.11481e+07
3.29844e+07 1.11481e+07 3.29796e+07 1.11544e+07
3.29796e+07 1.11544e+07 3.29813e+07 1.11528e+07
3.29813e+07 1.11528e+07 3.29827e+07 1.1151e+07
3.29827e+07 1.1151e+07 3.29841e+07 1.11449e+07
3.29841e+07 1.11449e+07 3.29897e+07 1.11447e+07
3.29897e+07 1.11447e+07 3.29967e+07 1.11435e+07
3.29967e+07 1.11435e+07 3.30135e+07 1.11184e+07
3.30135e+07 1.11184e+07 3.30066e+07 1.11225e+07
3.30066e+07 1.11225e+07 3.30049e+07 1.11277e+07
3.30049e+07 1.11277e+07 3.30042e+07 1.1131e+07
3.30042e+07 1.1131e+07 3.30032e+07 1.11313e+07
3.30032e+07 1.11313e+07 3.30032e+07 1.11314e+07
3.30032e+07 1.11314e+07 3.30025e+07 1.11325e+07
3.30025e+07 1.11325e+07 3.30033e+07 1.11318e+07
3.30033e+07 1.11318e+07 3.30026e+07 1.11319e+07
3.30026e+07 1.11319e+07 3.30014e+07 1.11339e+07
3.30014e+07 1.11339e+07 3.30022e+07 1.1134e+07
3.30022e+07 1.1134e+07 3.30028e+07 1.11329e+07
3.30028e+07 1.11329e+07 3.30025e+07 1.11333e+07
3.30025e+07 1.11333e+07 3.30014e+07 1.11353e+07
3.30014e+07 1.11353e+07 3.30007e+07 1.11353e+07
3.30007e+07 1.11353e+07 3.29971e+07 1.11347e+07
3.29971e+07 1.11347e+07 3.29971e+07 1.11378e+07
3.29971e+07 1.11378e+07 3.29972e+07 1.1142e+07
3.29972e+07 1.1142e+07 3.29979e+07 1.11435e+07
3.29979e+07 1.11435e+07 3.30037e+07 1.11359e+07
3.30037e+07 1.11359e+07 3.30106e+07 1.11265e+07
3.30106e+07 1.11265e+07 3.30155e+07 1.1118e+07
3.30155e+07 1.1118e+07 3.30154e+07 1.11178e+07
3.30154e+07 1.11178e+07 3.30119e+07 1.11177e+07
3.30119e+07 1.11177e+07 3.30085e+07 1.11193e+07
3.30085e+07 1.11193e+07 3.3008e+07 1.11192e+07
3.3008e+07 1.11192e+07 3.30059e+07 1.11236e+07
3.30059e+07 1.11236e+07 3.30051e+07 1.11295e+07
3.30051e+07 1.11295e+07 3.30036e+07 1.1131e+07
3.30036e+07 1.1131e+07 3.30032e+07 1.11323e+07
3.30032e+07 1.11323e+07 3.30035e+07 1.11347e+07
3.30035e+07 1.11347e+07 3.30021e+07 1.11353e+07
3.30021e+07 1.11353e+07 3.30005e+07 1.11365e+07
3.30005e+07 1.11365e+07 3.3e+07 1.11399e+07
3.3e+07 1.11399e+07 3.30017e+07 1.11395e+07
3.30017e+07 1.11395e+07 3.30081e+07 1.11284e+07
3.30081e+07 1.11284e+07 3.30151e+07 1.11215e+07
3.30151e+07 1.11215e+07 3.30158e+07 1.11143e+07
3.30158e+07 1.11143e+07 3.30154e+07 1.11176e+07
3.30154e+07 1.11176e+07 3.30118e+07 1.11176e+07
3.30118e+07 1.11176e+07 3.30041e+07 1.11273e+07
3.30041e+07 1.11273e+07 3.30008e+07 1.11348e+07
3.30008e+07 1.11348e+07 3.29953e+07 1.11392e+07
3.29953e+07 1.11392e+07 3.29896e+07 1.11525e+07
3.29896e+07 1.11525e+07 3.29915e+07 1.11592e+07
3.29915e+07 1.11592e+07 3.29995e+07 1.1158e+07
3.29995e+07 1.1158e+07 3.30014e+07 1.1153e+07
3.30014e+07 1.1153e+07 3.30026e+07 1.11525e+07
3.30026e+07 1.11525e+07 3.30008e+07 1.11514e+07
3.30008e+07 1.11514e+07 3.30004e+07 1.11502e+07
3.30004e+07 1.11502e+07 3.30008e+07 1.11503e+07
3.30008e+07 1.11503e+07 3.3e+07 1.11515e+07
3.3e+07 1.11515e+07 3.30012e+07 1.11493e+07
3.30012e+07 1.11493e+07 3.30019e+07 1.11481e+07
3.30019e+07 1.11481e+07 3.30003e+07 1.11453e+07
3.30003e+07 1.11453e+07 3.29982e+07 1.11442e+07
3.29982e+07 1.11442e+07 3.29969e+07 1.11417e+07
3.29969e+07 1.11417e+07 3.29954e+07 1.11418e+07
3.29954e+07 1.11418e+07 3.29954e+07 1.11418e+07
3.29954e+07 1.11418e+07 3.29953e+07 1.11413e+07
3.29953e+07 1.11413e+07 3.29927e+07 1.1143e+07
3.29927e+07 1.1143e+07 3.29935e+07 1.11349e+07
3.29935e+07 1.11349e+07 3.29959e+07 1.1134e+07
3.29959e+07 1.1134e+07 3.29958e+07 1.11333e+07
3.29958e+07 1.11333e+07 3.29953e+07 1.11418e+07
3.29953e+07 1.11418e+07 3.29994e+07 1.11567e+07
3.29994e+07 1.11567e+07 3.29968e+07 1.11621e+07
3.29968e+07 1.11621e+07 3.29929e+07 1.1164e+07
3.29929e+07 1.1164e+07 3.29921e+07 1.11686e+07
3.29921e+07 1.11686e+07 3.2995e+07 1.11696e+07
3.2995e+07 1.11696e+07 3.30044e+07 1.11548e+07
3.30044e+07 1.11548e+07 3.30136e+07 1.1106e+07
3.30136e+07 1.1106e+07 3.30187e+07 1.11061e+07
3.30187e+07 1.11061e+07 3.3019e+07 1.11058e+07
3.3019e+07 1.11058e+07 3.3019e+07 1.1106e+07
3.3019e+07 1.1106e+07 3.30232e+07 1.11071e+07
3.30232e+07 1.11071e+07 3.30238e+07 1.11073e+07
3.30238e+07 1.11073e+07 3.30233e+07 1.11059e+07
3.30233e+07 1.11059e+07 3.30152e+07 1.11095e+07
3.30152e+07 1.11095e+07 3.30159e+07 1.11148e+07
3.30159e+07 1.11148e+07 3.30135e+07 1.11242e+07
3.30135e+07 1.11242e+07 3.30009e+07 1.11408e+07
3.30009e+07 1.11408e+07 3.30005e+07 1.11485e+07
3.30005e+07 1.11485e+07 3.30011e+07 1.11481e+07
3.30011e+07 1.11481e+07 3.30013e+07 1.11481e+07
3.30013e+07 1.11481e+07 3.30007e+07 1.1147e+07
3.30007e+07 1.1147e+07 3.30012e+07 1.11566e+07
3.30012e+07 1.11566e+07 3.30019e+07 1.1162e+07
3.30019e+07 1.1162e+07 3.30028e+07 1.11609e+07
3.30028e+07 1.11609e+07 3.3003e+07 1.11603e+07
3.3003e+07 1.11603e+07 3.29994e+07 1.11561e+07
3.29994e+07 1.11561e+07 3.30013e+07 1.11536e+07
3.30013e+07 1.11536e+07 3.29997e+07 1.11537e+07
3.29997e+07 1.11537e+07 3.29995e+07 1.11501e+07
3.29995e+07 1.11501e+07 3.3e+07 1.11494e+07
3.3e+07 1.11494e+07 3.30003e+07 1.11498e+07
3.30003e+07 1.11498e+07 3.30009e+07 1.11523e+07
3.30009e+07 1.11523e+07 3.29983e+07 1.11494e+07
3.29983e+07 1.11494e+07 3.29945e+07 1.11436e+07
3.29945e+07 1.11436e+07 3.29895e+07 1.11436e+07
3.29895e+07 1.11436e+07 3.29892e+07 1.11352e+07
3.29892e+07 1.11352e+07 3.29839e+07 1.11355e+07
3.29839e+07 1.11355e+07 3.2984e+07 1.11371e+07
3.2984e+07 1.11371e+07 3.29856e+07 1.11395e+07
3.29856e+07 1.11395e+07 3.29874e+07 1.11395e+07
3.29874e+07 1.11395e+07 3.29878e+07 1.11395e+07
3.29878e+07 1.11395e+07 3.29912e+07 1.11394e+07
3.29912e+07 1.11394e+07 3.29931e+07 1.11405e+07
3.29931e+07 1.11405e+07 3.29953e+07 1.1143e+07
3.29953e+07 1.1143e+07 3.29967e+07 1.11454e+07
3.29967e+07 1.11454e+07 3.29966e+07 1.1147e+07
3.29966e+07 1.1147e+07 3.29922e+07 1.11472e+07
3.29922e+07 1.11472e+07 3.299e+07 1.11504e+07
3.299e+07 1.11504e+07 3.29906e+07 1.11514e+07
3.29906e+07 1.11514e+07 3.29956e+07 1.11511e+07
3.29956e+07 1.11511e+07 3.29967e+07 1.11511e+07
3.29967e+07 1.11511e+07 3.29982e+07 1.11491e+07
3.29982e+07 1.11491e+07 3.30006e+07 1.11433e+07
3.30006e+07 1.11433e+07 3.3001e+07 1.11424e+07
3.3001e+07 1.11424e+07 3.30012e+07 1.11528e+07
3.30012e+07 1.11528e+07 3.30044e+07 1.11579e+07
3.30044e+07 1.11579e+07 3.30056e+07 1.11624e+07
3.30056e+07 1.11624e+07 3.30045e+07 1.1154e+07
3.30045e+07 1.1154e+07 3.30032e+07 1.11526e+07
3.30032e+07 1.11526e+07 3.30014e+07 1.11523e+07
3.30014e+07 1.11523e+07 3.30013e+07 1.11451e+07
3.30013e+07 1.11451e+07 3.30005e+07 1.11414e+07
3.30005e+07 1.11414e+07 3.29989e+07 1.11427e+07
3.29989e+07 1.11427e+07 3.29992e+07 1.11439e+07
3.29992e+07 1.11439e+07 3.29997e+07 1.11406e+07
3.29997e+07 1.11406e+07 3.29982e+07 1.11391e+07
3.29982e+07 1.11391e+07 3.29983e+07 1.11424e+07
3.29983e+07 1.11424e+07 3.29995e+07 1.11434e+07
3.29995e+07 1.11434e+07 3.30013e+07 1.11454e+07
3.30013e+07 1.11454e+07 3.30012e+07 1.11555e+07
3.30012e+07 1.11555e+07 3.30075e+07 1.11561e+07
3.30075e+07 1.11561e+07 3.30083e+07 1.1156e+07
3.30083e+07 1.1156e+07 3.30076e+07 1.11605e+07
3.30076e+07 1.11605e+07 3.30045e+07 1.11567e+07
3.30045e+07 1.11567e+07 3.30042e+07 1.1156e+07
3.30042e+07 1.1156e+07 3.30013e+07 1.11543e+07
3.30013e+07 1.11543e+07 3.30008e+07 1.11513e+07
3.30008e+07 1.11513e+07 3.30012e+07 1.11494e+07
3.30012e+07 1.11494e+07 3.3e+07 1.11485e+07
3.3e+07 1.11485e+07 3.3e+07 1.11454e+07
3.3e+07 1.11454e+07 3.29994e+07 1.11437e+07
3.29994e+07 1.11437e+07 3.30013e+07 1.11467e+07
3.30013e+07 1.11467e+07 3.30013e+07 1.11445e+07
3.30013e+07 1.11445e+07 3.30007e+07 1.1143e+07
3.30007e+07 1.1143e+07 3.29998e+07 1.11432e+07
3.29998e+07 1.11432e+07 3.29998e+07 1.11432e+07
3.29998e+07 1.11432e+07 3.30006e+07 1.11419e+07
3.30006e+07 1.11419e+07 3.30012e+07 1.11434e+07
3.30012e+07 1.11434e+07 3.30042e+07 1.1135e+07
3.30042e+07 1.1135e+07 3.30114e+07 1.1126e+07
3.30114e+07 1.1126e+07 3.30154e+07 1.11173e+07
3.30154e+07 1.11173e+07 3.30156e+07 1.11143e+07
3.30156e+07 1.11143e+07 3.30127e+07 1.11182e+07
3.30127e+07 1.11182e+07 3.30101e+07 1.11201e+07
3.30101e+07 1.11201e+07 3.30069e+07 1.11246e+07
3.30069e+07 1.11246e+07 3.3005e+07 1.11272e+07
3.3005e+07 1.11272e+07 3.30045e+07 1.11306e+07
3.30045e+07 1.11306e+07 3.30014e+07 1.11336e+07
3.30014e+07 1.11336e+07 3.30029e+07 1.1141e+07
3.30029e+07 1.1141e+07 3.3002e+07 1.11416e+07
3.3002e+07 1.11416e+07 3.30007e+07 1.11431e+07
3.30007e+07 1.11431e+07 3.29997e+07 1.11431e+07
3.29997e+07 1.11431e+07 3.30006e+07 1.11419e+07
3.30006e+07 1.11419e+07 3.3001e+07 1.11422e+07
3.3001e+07 1.11422e+07 3.30035e+07 1.1147e+07
3.30035e+07 1.1147e+07 3.30044e+07 1.11482e+07
3.30044e+07 1.11482e+07 3.30031e+07 1.11494e+07
3.30031e+07 1.11494e+07 3.30031e+07 1.1151e+07
3.30031e+07 1.1151e+07 3.2999e+07 1.11526e+07
3.2999e+07 1.11526e+07 3.29945e+07 1.11528e+07
3.29945e+07 1.11528e+07 3.29887e+07 1.11552e+07
3.29887e+07 1.11552e+07 3.29885e+07 1.11589e+07
3.29885e+07 1.11589e+07 3.29957e+07 1.11561e+07
3.29957e+07 1.11561e+07 3.29988e+07 1.11559e+07
3.29988e+07 1.11559e+07 3.29992e+07 1.11559e+07
3.29992e+07 1.11559e+07 3.30001e+07 1.11594e+07
3.30001e+07 1.11594e+07 3.29994e+07 1.11571e+07
3.29994e+07 1.11571e+07 3.29985e+07 1.11527e+07
3.29985e+07 1.11527e+07 3.29983e+07 1.11455e+07
3.29983e+07 1.11455e+07 3.30006e+07 1.11438e+07
3.30006e+07 1.11438e+07 3.29986e+07 1.11453e+07
3.29986e+07 1.11453e+07 3.29984e+07 1.11527e+07
3.29984e+07 1.11527e+07 3.29987e+07 1.11569e+07
3.29987e+07 1.11569e+07 3.29985e+07 1.1155e+07
3.29985e+07 1.1155e+07 3.29987e+07 1.11549e+07
3.29987e+07 1.11549e+07 3.29987e+07 1.11546e+07
3.29987e+07 1.11546e+07 3.29983e+07 1.11511e+07
3.29983e+07 1.11511e+07 3.29973e+07 1.1147e+07
3.29973e+07 1.1147e+07 3.29922e+07 1.11483e+07
3.29922e+07 1.11483e+07 3.29965e+07 1.11377e+07
3.29965e+07 1.11377e+07 3.29987e+07 1.11394e+07
3.29987e+07 1.11394e+07 3.3002e+07 1.11431e+07
3.3002e+07 1.11431e+07 3.30034e+07 1.11449e+07
3.30034e+07 1.11449e+07 3.30033e+07 1.11423e+07
3.30033e+07 1.11423e+07 3.30053e+07 1.1141e+07
3.30053e+07 1.1141e+07 3.30079e+07 1.11408e+07
3.30079e+07 1.11408e+07 3.30053e+07 1.11402e+07
3.30053e+07 1.11402e+07 3.30044e+07 1.11372e+07
3.30044e+07 1.11372e+07 3.30089e+07 1.11308e+07
3.30089e+07 1.11308e+07 3.30085e+07 1.11283e+07
3.30085e+07 1.11283e+07 3.30094e+07 1.11226e+07
3.30094e+07 1.11226e+07 3.3013e+07 1.11183e+07
3.3013e+07 1.11183e+07 3.30154e+07 1.11173e+07
3.30154e+07 1.11173e+07 3.30148e+07 1.11124e+07
3.30148e+07 1.11124e+07 3.30183e+07 1.1106e+07
3.30183e+07 1.1106e+07 3.30187e+07 1.11062e+07
3.30187e+07 1.11062e+07 3.3019e+07 1.11059e+07
3.3019e+07 1.11059e+07 3.30232e+07 1.11069e+07
3.30232e+07 1.11069e+07 3.30242e+07 1.11073e+07
3.30242e+07 1.11073e+07 3.30241e+07 1.11073e+07
3.30241e+07 1.11073e+07 3.30243e+07 1.11074e+07
3.30243e+07 1.11074e+07 3.30232e+07 1.11059e+07
3.30232e+07 1.11059e+07 3.3019e+07 1.11059e+07
3.3019e+07 1.11059e+07 3.30208e+07 1.11046e+07
3.30208e+07 1.11046e+07 3.30221e+07 1.11061e+07
3.30221e+07 1.11061e+07 3.30237e+07 1.11073e+07
3.30237e+07 1.11073e+07 3.30241e+07 1.11072e+07
3.30241e+07 1.11072e+07 3.30202e+07 1.1106e+07
3.30202e+07 1.1106e+07 3.30154e+07 1.11079e+07
3.30154e+07 1.11079e+07 3.30151e+07 1.11143e+07
3.30151e+07 1.11143e+07 3.30154e+07 1.11189e+07
3.30154e+07 1.11189e+07 3.30145e+07 1.11224e+07
3.30145e+07 1.11224e+07 3.30066e+07 1.11305e+07
3.30066e+07 1.11305e+07 3.30005e+07 1.11417e+07
3.30005e+07 1.11417e+07 3.29982e+07 1.11494e+07
3.29982e+07 1.11494e+07 3.29977e+07 1.1153e+07
3.29977e+07 1.1153e+07 3.2999e+07 1.1151e+07
3.2999e+07 1.1151e+07 3.29993e+07 1.11535e+07
3.29993e+07 1.11535e+07 3.30007e+07 1.11527e+07
3.30007e+07 1.11527e+07 3.30019e+07 1.11507e+07
3.30019e+07 1.11507e+07 3.30028e+07 1.11526e+07
3.30028e+07 1.11526e+07 3.29995e+07 1.11526e+07
3.29995e+07 1.11526e+07 3.29974e+07 1.11518e+07
3.29974e+07 1.11518e+07 3.29973e+07 1.11477e+07
3.29973e+07 1.11477e+07 3.2995e+07 1.11471e+07
3.2995e+07 1.11471e+07 3.29936e+07 1.11443e+07
3.29936e+07 1.11443e+07 3.29972e+07 1.11441e+07
3.29972e+07 1.11441e+07 3.29988e+07 1.1147e+07
3.29988e+07 1.1147e+07 3.3002e+07 1.1147e+07
3.3002e+07 1.1147e+07 3.30048e+07 1.1147e+07
3.30048e+07 1.1147e+07 3.30103e+07 1.11453e+07
3.30103e+07 1.11453e+07 3.30108e+07 1.11441e+07
3.30108e+07 1.11441e+07 3.30108e+07 1.11409e+07
3.30108e+07 1.11409e+07 3.30092e+07 1.11452e+07
3.30092e+07 1.11452e+07 3.30075e+07 1.11467e+07
3.30075e+07 1.11467e+07 3.30075e+07 1.11498e+07
3.30075e+07 1.11498e+07 3.30064e+07 1.11527e+07
3.30064e+07 1.11527e+07 3.30044e+07 1.1151e+07
3.30044e+07 1.1151e+07 3.30021e+07 1.11493e+07
3.30021e+07 1.11493e+07 3.30002e+07 1.11453e+07
3.30002e+07 1.11453e+07 3.29989e+07 1.11445e+07
3.29989e+07 1.11445e+07 3.29982e+07 1.11454e+07
3.29982e+07 1.11454e+07 3.3e+07 1.1144e+07
3.3e+07 1.1144e+07 3.30004e+07 1.1143e+07
3.30004e+07 1.1143e+07 3.30005e+07 1.11426e+07
3.30005e+07 1.11426e+07 3.30008e+07 1.11421e+07
3.30008e+07 1.11421e+07 3.30014e+07 1.1133e+07
3.30014e+07 1.1133e+07 3.30016e+07 1.11355e+07
3.30016e+07 1.11355e+07 3.3e+07 1.11376e+07
3.3e+07 1.11376e+07 3.29972e+07 1.11382e+07
3.29972e+07 1.11382e+07 3.29971e+07 1.11348e+07
3.29971e+07 1.11348e+07 3.29975e+07 1.11315e+07
3.29975e+07 1.11315e+07 3.29971e+07 1.11336e+07
3.29971e+07 1.11336e+07 3.29953e+07 1.11398e+07
3.29953e+07 1.11398e+07 3.29953e+07 1.11439e+07
3.29953e+07 1.11439e+07 3.29954e+07 1.11474e+07
3.29954e+07 1.11474e+07 3.29954e+07 1.11504e+07
3.29954e+07 1.11504e+07 3.29974e+07 1.11484e+07
3.29974e+07 1.11484e+07 3.29989e+07 1.1147e+07
3.29989e+07 1.1147e+07 3.3e+07 1.11458e+07
3.3e+07 1.11458e+07 3.29988e+07 1.11491e+07
3.29988e+07 1.11491e+07 3.29989e+07 1.11491e+07
3.29989e+07 1.11491e+07 3.29996e+07 1.11494e+07
3.29996e+07 1.11494e+07 3.30021e+07 1.1143e+07
3.30021e+07 1.1143e+07 3.3004e+07 1.11417e+07
3.3004e+07 1.11417e+07 3.30049e+07 1.11337e+07
3.30049e+07 1.11337e+07 3.30136e+07 1.11241e+07
3.30136e+07 1.11241e+07 3.30155e+07 1.11149e+07
3.30155e+07 1.11149e+07 3.30153e+07 1.11142e+07
3.30153e+07 1.11142e+07 3.30154e+07 1.11166e+07
3.30154e+07 1.11166e+07 3.30156e+07 1.11206e+07
3.30156e+07 1.11206e+07 3.30124e+07 1.11255e+07
3.30124e+07 1.11255e+07 3.30095e+07 1.11276e+07
3.30095e+07 1.11276e+07 3.30082e+07 1.11305e+07
3.30082e+07 1.11305e+07 3.30108e+07 1.11302e+07
3.30108e+07 1.11302e+07 3.3006e+07 1.11319e+07
3.3006e+07 1.11319e+07 3.30048e+07 1.11334e+07
3.30048e+07 1.11334e+07 3.30031e+07 1.11366e+07
3.30031e+07 1.11366e+07 3.30037e+07 1.1142e+07
3.30037e+07 1.1142e+07 3.30034e+07 1.11412e+07
3.30034e+07 1.11412e+07 3.30013e+07 1.11445e+07
3.30013e+07 1.11445e+07 3.3e+07 1.11434e+07
3.3e+07 1.11434e+07 3.29998e+07 1.11432e+07
3.29998e+07 1.11432e+07 3.29997e+07 1.1143e+07
3.29997e+07 1.1143e+07 3.30006e+07 1.11419e+07
3.30006e+07 1.11419e+07 3.30008e+07 1.11418e+07
3.30008e+07 1.11418e+07 3.29987e+07 1.11442e+07
3.29987e+07 1.11442e+07 3.29946e+07 1.11436e+07
3.29946e+07 1.11436e+07 3.29954e+07 1.11436e+07
3.29954e+07 1.11436e+07 3.29947e+07 1.11436e+07
3.29947e+07 1.11436e+07 3.2994e+07 1.11384e+07
3.2994e+07 1.11384e+07 3.29941e+07 1.11374e+07
3.29941e+07 1.11374e+07 3.29914e+07 1.11374e+07
3.29914e+07 1.11374e+07 3.29922e+07 1.11365e+07
3.29922e+07 1.11365e+07 3.29938e+07 1.11376e+07
3.29938e+07 1.11376e+07 3.29915e+07 1.11393e+07
3.29915e+07 1.11393e+07 3.29827e+07 1.11623e+07
3.29827e+07 1.11623e+07 3.29828e+07 1.11621e+07
3.29828e+07 1.11621e+07 3.29845e+07 1.11572e+07
3.29845e+07 1.11572e+07 3.29865e+07 1.11547e+07
