3.29921e+07 1.11362e+07 3.29912e+07 1.11427e+07
3.29912e+07 1.11427e+07 3.29914e+07 1.11491e+07
3.29914e+07 1.11491e+07 3.29908e+07 1.11572e+07
3.29908e+07 1.11572e+07 3.29854e+07 1.11528e+07
3.29854e+07 1.11528e+07 3.29806e+07 1.11417e+07
3.29806e+07 1.11417e+07 3.29817e+07 1.11402e+07
3.29817e+07 1.11402e+07 3.29845e+07 1.11405e+07
3.29845e+07 1.11405e+07 3.2986e+07 1.11436e+07
3.2986e+07 1.11436e+07 3.29814e+07 1.11277e+07
3.29814e+07 1.11277e+07 3.29787e+07 1.11221e+07
3.29787e+07 1.11221e+07 3.29851e+07 1.11366e+07
3.29851e+07 1.11366e+07 3.29827e+07 1.11436e+07
3.29827e+07 1.11436e+07 3.29828e+07 1.11525e+07
3.29828e+07 1.11525e+07 3.29868e+07 1.11426e+07
3.29868e+07 1.11426e+07 3.29905e+07 1.11338e+07
3.29905e+07 1.11338e+07 3.29942e+07 1.11349e+07
3.29942e+07 1.11349e+07 3.29957e+07 1.11391e+07
3.29957e+07 1.11391e+07 3.2987e+07 1.11395e+07
3.2987e+07 1.11395e+07 3.29889e+07 1.11395e+07
3.29889e+07 1.11395e+07 3.29914e+07 1.11519e+07
3.29914e+07 1.11519e+07 3.29896e+07 1.11493e+07
3.29896e+07 1.11493e+07 3.29968e+07 1.11374e+07
3.29968e+07 1.11374e+07 3.2987e+07 1.11395e+07
3.2987e+07 1.11395e+07 3.29844e+07 1.11524e+07
3.29844e+07 1.11524e+07 3.29855e+07 1.1157e+07
3.29855e+07 1.1157e+07 3.29943e+07 1.11528e+07
3.29943e+07 1.11528e+07 3.30021e+07 1.11448e+07
3.30021e+07 1.11448e+07 3.29923e+07 1.11375e+07
3.29923e+07 1.11375e+07 3.29888e+07 1.11257e+07
3.29888e+07 1.11257e+07 3.29884e+07 1.11353e+07
3.29884e+07 1.11353e+07 3.29891e+07 1.11265e+07
3.29891e+07 1.11265e+07 3.29839e+07 1.11154e+07
3.29839e+07 1.11154e+07 3.29893e+07 1.11367e+07
3.29893e+07 1.11367e+07 3.29936e+07 1.11349e+07
3.29936e+07 1.11349e+07 3.29952e+07 1.1134e+07
3.29952e+07 1.1134e+07 3.29953e+07 1.11337e+07
3.29953e+07 1.11337e+07 3.29954e+07 1.11334e+07
3.29954e+07 1.11334e+07 3.29952e+07 1.1134e+07
3.29952e+07 1.1134e+07 3.29978e+07 1.11435e+07
3.29978e+07 1.11435e+07 3.29964e+07 1.1151e+07
3.29964e+07 1.1151e+07 3.29916e+07 1.11472e+07
3.29916e+07 1.11472e+07 3.29903e+07 1.11363e+07
3.29903e+07 1.11363e+07 3.29844e+07 1.11405e+07
3.29844e+07 1.11405e+07 3.29857e+07 1.11551e+07
3.29857e+07 1.11551e+07 3.29845e+07 1.11525e+07
3.29845e+07 1.11525e+07 3.29837e+07 1.11419e+07
3.29837e+07 1.11419e+07 3.29909e+07 1.11394e+07
3.29909e+07 1.11394e+07 3.30027e+07 1.11458e+07
3.30027e+07 1.11458e+07 3.29981e+07 1.11456e+07
3.29981e+07 1.11456e+07 3.29899e+07 1.11521e+07
3.29899e+07 1.11521e+07 3.29859e+07 1.11416e+07
3.29859e+07 1.11416e+07 3.29867e+07 1.11396e+07
3.29867e+07 1.11396e+07 3.2987e+07 1.11362e+07
3.2987e+07 1.11362e+07 3.30018e+07 1.11383e+07
3.30018e+07 1.11383e+07 3.30026e+07 1.11375e+07
3.30026e+07 1.11375e+07 3.29978e+07 1.11435e+07
3.29978e+07 1.11435e+07 3.29985e+07 1.11454e+07
3.29985e+07 1.11454e+07 3.30031e+07 1.11367e+07
3.30031e+07 1.11367e+07 3.29981e+07 1.11451e+07
3.29981e+07 1.11451e+07 3.3e+07 1.11449e+07
3.3e+07 1.11449e+07 3.29999e+07 1.11424e+07
3.29999e+07 1.11424e+07 3.30011e+07 1.11487e+07
3.30011e+07 1.11487e+07 3.2996e+07 1.1151e+07
3.2996e+07 1.1151e+07 3.29906e+07 1.11529e+07
3.29906e+07 1.11529e+07 3.29919e+07 1.11516e+07
3.29919e+07 1.11516e+07 3.29983e+07 1.11526e+07
3.29983e+07 1.11526e+07 3.3001e+07 1.11499e+07
3.3001e+07 1.11499e+07 3.29999e+07 1.11495e+07
3.29999e+07 1.11495e+07 3.29961e+07 1.11522e+07
3.29961e+07 1.11522e+07 3.30019e+07 1.1156e+07
3.30019e+07 1.1156e+07 3.29978e+07 1.11522e+07
3.29978e+07 1.11522e+07 3.29939e+07 1.11565e+07
3.29939e+07 1.11565e+07 3.2993e+07 1.11584e+07
3.2993e+07 1.11584e+07 3.29915e+07 1.11529e+07
3.29915e+07 1.11529e+07 3.29956e+07 1.11491e+07
3.29956e+07 1.11491e+07 3.29987e+07 1.11491e+07
3.29987e+07 1.11491e+07 3.29966e+07 1.1147e+07
3.29966e+07 1.1147e+07 3.29895e+07 1.1149e+07
3.29895e+07 1.1149e+07 3.29851e+07 1.11456e+07
3.29851e+07 1.11456e+07 3.29897e+07 1.11455e+07
3.29897e+07 1.11455e+07 3.29981e+07 1.11451e+07
3.29981e+07 1.11451e+07 3.29953e+07 1.11434e+07
3.29953e+07 1.11434e+07 3.29979e+07 1.11435e+07
3.29979e+07 1.11435e+07 3.29906e+07 1.11441e+07
3.29906e+07 1.11441e+07 3.2989e+07 1.11615e+07
3.2989e+07 1.11615e+07 3.29851e+07 1.11473e+07
3.29851e+07 1.11473e+07 3.29881e+07 1.11459e+07
3.29881e+07 1.11459e+07 3.29915e+07 1.11437e+07
3.29915e+07 1.11437e+07 3.29981e+07 1.11451e+07
3.29981e+07 1.11451e+07 3.29969e+07 1.11347e+07
3.29969e+07 1.11347e+07 3.29988e+07 1.11398e+07
3.29988e+07 1.11398e+07 3.29959e+07 1.11347e+07
3.29959e+07 1.11347e+07 3.29922e+07 1.11399e+07
3.29922e+07 1.11399e+07 3.29953e+07 1.11436e+07
3.29953e+07 1.11436e+07 3.29895e+07 1.11476e+07
3.29895e+07 1.11476e+07 3.29921e+07 1.11392e+07
3.29921e+07 1.11392e+07 3.29933e+07 1.11451e+07
3.29933e+07 1.11451e+07 3.29971e+07 1.11454e+07
3.29971e+07 1.11454e+07 3.29963e+07 1.11461e+07
3.29963e+07 1.11461e+07 3.29974e+07 1.11446e+07
3.29974e+07 1.11446e+07 3.30033e+07 1.11365e+07
3.30033e+07 1.11365e+07 3.30154e+07 1.11208e+07
3.30154e+07 1.11208e+07 3.30155e+07 1.11187e+07
3.30155e+07 1.11187e+07 3.30044e+07 1.11503e+07
3.30044e+07 1.11503e+07 3.30003e+07 1.11439e+07
3.30003e+07 1.11439e+07 3.29972e+07 1.11379e+07
3.29972e+07 1.11379e+07 3.29849e+07 1.11376e+07
3.29849e+07 1.11376e+07 3.29848e+07 1.11265e+07
3.29848e+07 1.11265e+07 3.29841e+07 1.11345e+07
3.29841e+07 1.11345e+07 3.29875e+07 1.11338e+07
3.29875e+07 1.11338e+07 3.29952e+07 1.11348e+07
3.29952e+07 1.11348e+07 3.30026e+07 1.11375e+07
3.30026e+07 1.11375e+07 3.30029e+07 1.1137e+07
3.30029e+07 1.1137e+07 3.2999e+07 1.11397e+07
3.2999e+07 1.11397e+07 3.30011e+07 1.11422e+07
3.30011e+07 1.11422e+07 3.29964e+07 1.11377e+07
3.29964e+07 1.11377e+07 3.29956e+07 1.11394e+07
3.29956e+07 1.11394e+07 3.3001e+07 1.11496e+07
3.3001e+07 1.11496e+07 3.30013e+07 1.11465e+07
3.30013e+07 1.11465e+07 3.30008e+07 1.1142e+07
3.30008e+07 1.1142e+07 3.30043e+07 1.11407e+07
3.30043e+07 1.11407e+07 3.29964e+07 1.11382e+07
3.29964e+07 1.11382e+07 3.29894e+07 1.11452e+07
3.29894e+07 1.11452e+07 3.29897e+07 1.11524e+07
3.29897e+07 1.11524e+07 3.29895e+07 1.11503e+07
3.29895e+07 1.11503e+07 3.29892e+07 1.11506e+07
3.29892e+07 1.11506e+07 3.2986e+07 1.11431e+07
3.2986e+07 1.11431e+07 3.29918e+07 1.11389e+07
3.29918e+07 1.11389e+07 3.29939e+07 1.11429e+07
3.29939e+07 1.11429e+07 3.29937e+07 1.11348e+07
3.29937e+07 1.11348e+07 3.29925e+07 1.11344e+07
3.29925e+07 1.11344e+07 3.29911e+07 1.11375e+07
3.29911e+07 1.11375e+07 3.29895e+07 1.11468e+07
3.29895e+07 1.11468e+07 3.29872e+07 1.11522e+07
3.29872e+07 1.11522e+07 3.29883e+07 1.11513e+07
3.29883e+07 1.11513e+07 3.29896e+07 1.11443e+07
3.29896e+07 1.11443e+07 3.2991e+07 1.11368e+07
3.2991e+07 1.11368e+07 3.29954e+07 1.11435e+07
3.29954e+07 1.11435e+07 3.29953e+07 1.11317e+07
3.29953e+07 1.11317e+07 3.2991e+07 1.11357e+07
3.2991e+07 1.11357e+07 3.29951e+07 1.11392e+07
3.29951e+07 1.11392e+07 3.29919e+07 1.11344e+07
3.29919e+07 1.11344e+07 3.29915e+07 1.1133e+07
3.29915e+07 1.1133e+07 3.29896e+07 1.11508e+07
3.29896e+07 1.11508e+07 3.29844e+07 1.11433e+07
3.29844e+07 1.11433e+07 3.29964e+07 1.11431e+07
3.29964e+07 1.11431e+07 3.29971e+07 1.11407e+07
3.29971e+07 1.11407e+07 3.29953e+07 1.1134e+07
3.29953e+07 1.1134e+07 3.29952e+07 1.11341e+07
3.29952e+07 1.11341e+07 3.29952e+07 1.1134e+07
3.29952e+07 1.1134e+07 3.29952e+07 1.1134e+07
3.29952e+07 1.1134e+07 3.29952e+07 1.11339e+07
3.29952e+07 1.11339e+07 3.2998e+07 1.11436e+07
3.2998e+07 1.11436e+07 3.29954e+07 1.1148e+07
3.29954e+07 1.1148e+07 3.29915e+07 1.11351e+07
3.29915e+07 1.11351e+07 3.29936e+07 1.11383e+07
3.29936e+07 1.11383e+07 3.29856e+07 1.11545e+07
3.29856e+07 1.11545e+07 3.29832e+07 1.11575e+07
3.29832e+07 1.11575e+07 3.29845e+07 1.11525e+07
3.29845e+07 1.11525e+07 3.29845e+07 1.11524e+07
3.29845e+07 1.11524e+07 3.29872e+07 1.11514e+07
3.29872e+07 1.11514e+07 3.29907e+07 1.11394e+07
3.29907e+07 1.11394e+07 3.29937e+07 1.11393e+07
3.29937e+07 1.11393e+07 3.29961e+07 1.11411e+07
3.29961e+07 1.11411e+07 3.29946e+07 1.11378e+07
3.29946e+07 1.11378e+07 3.29964e+07 1.11274e+07
3.29964e+07 1.11274e+07 3.30022e+07 1.1138e+07
3.30022e+07 1.1138e+07 3.30026e+07 1.11375e+07
3.30026e+07 1.11375e+07 3.30008e+07 1.11409e+07
3.30008e+07 1.11409e+07 3.29976e+07 1.11465e+07
3.29976e+07 1.11465e+07 3.29983e+07 1.11413e+07
3.29983e+07 1.11413e+07 3.30019e+07 1.11391e+07
3.30019e+07 1.11391e+07 3.29973e+07 1.1146e+07
3.29973e+07 1.1146e+07 3.29915e+07 1.11515e+07
3.29915e+07 1.11515e+07 3.29933e+07 1.11496e+07
3.29933e+07 1.11496e+07 3.29957e+07 1.11522e+07
3.29957e+07 1.11522e+07 3.29971e+07 1.1151e+07
3.29971e+07 1.1151e+07 3.29977e+07 1.1151e+07
3.29977e+07 1.1151e+07 3.30004e+07 1.11527e+07
3.30004e+07 1.11527e+07 3.29986e+07 1.11505e+07
3.29986e+07 1.11505e+07 3.29925e+07 1.11472e+07
3.29925e+07 1.11472e+07 3.29973e+07 1.11479e+07
3.29973e+07 1.11479e+07 3.3e+07 1.11494e+07
3.3e+07 1.11494e+07 3.29979e+07 1.11534e+07
3.29979e+07 1.11534e+07 3.29996e+07 1.1158e+07
3.29996e+07 1.1158e+07 3.29957e+07 1.1151e+07
3.29957e+07 1.1151e+07 3.30001e+07 1.11536e+07
3.30001e+07 1.11536e+07 3.29848e+07 1.1163e+07
3.29848e+07 1.1163e+07 3.29892e+07 1.1155e+07
3.29892e+07 1.1155e+07 3.29903e+07 1.11526e+07
3.29903e+07 1.11526e+07 3.29923e+07 1.11439e+07
3.29923e+07 1.11439e+07 3.29963e+07 1.11492e+07
3.29963e+07 1.11492e+07 3.29981e+07 1.11451e+07
3.29981e+07 1.11451e+07 3.30045e+07 1.11413e+07
3.30045e+07 1.11413e+07 3.30008e+07 1.11287e+07
3.30008e+07 1.11287e+07 3.29981e+07 1.11182e+07
3.29981e+07 1.11182e+07 3.29963e+07 1.11318e+07
3.29963e+07 1.11318e+07 3.29946e+07 1.11396e+07
3.29946e+07 1.11396e+07 3.29954e+07 1.11334e+07
3.29954e+07 1.11334e+07 3.29993e+07 1.11351e+07
3.29993e+07 1.11351e+07 3.30014e+07 1.11329e+07
3.30014e+07 1.11329e+07 3.29919e+07 1.11349e+07
3.29919e+07 1.11349e+07 3.29952e+07 1.11348e+07
3.29952e+07 1.11348e+07 3.29883e+07 1.11395e+07
3.29883e+07 1.11395e+07 3.29921e+07 1.1135e+07
3.29921e+07 1.1135e+07 3.29952e+07 1.11399e+07
3.29952e+07 1.11399e+07 3.29953e+07 1.1143e+07
3.29953e+07 1.1143e+07 3.29961e+07 1.11341e+07
3.29961e+07 1.11341e+07 3.29961e+07 1.1134e+07
3.29961e+07 1.1134e+07 3.30758e+07 1.11015e+07
3.30758e+07 1.11015e+07 3.30749e+07 1.1104e+07
3.30749e+07 1.1104e+07 3.30748e+07 1.11038e+07
3.30748e+07 1.11038e+07 3.30759e+07 1.11015e+07
3.30759e+07 1.11015e+07 3.30758e+07 1.11019e+07
3.30758e+07 1.11019e+07 3.30704e+07 1.11007e+07
3.30704e+07 1.11007e+07 3.30704e+07 1.11004e+07
3.30704e+07 1.11004e+07 3.30757e+07 1.11017e+07
3.30757e+07 1.11017e+07 3.30719e+07 1.10997e+07
3.30719e+07 1.10997e+07 3.30705e+07 1.11007e+07
3.30705e+07 1.11007e+07 3.30704e+07 1.11007e+07
3.30704e+07 1.11007e+07 3.30706e+07 1.11006e+07
3.30706e+07 1.11006e+07 3.30735e+07 1.11005e+07
3.30735e+07 1.11005e+07 3.30753e+07 1.10983e+07
3.30753e+07 1.10983e+07 3.30766e+07 1.10978e+07
3.30766e+07 1.10978e+07 3.30766e+07 1.10979e+07
3.30766e+07 1.10979e+07 3.30753e+07 1.10983e+07
3.30753e+07 1.10983e+07 3.30777e+07 1.11017e+07
3.30777e+07 1.11017e+07 3.30749e+07 1.11003e+07
3.30749e+07 1.11003e+07 3.30705e+07 1.11007e+07
3.30705e+07 1.11007e+07 3.30706e+07 1.11006e+07
3.30706e+07 1.11006e+07 3.30711e+07 1.11002e+07
3.30711e+07 1.11002e+07 3.30637e+07 1.10999e+07
3.30637e+07 1.10999e+07 3.3062e+07 1.10894e+07
3.3062e+07 1.10894e+07 3.3062e+07 1.10894e+07
3.3062e+07 1.10894e+07 3.30705e+07 1.11007e+07
3.30705e+07 1.11007e+07 3.30705e+07 1.11007e+07
3.30705e+07 1.11007e+07 3.30753e+07 1.10983e+07
3.30753e+07 1.10983e+07 3.30757e+07 1.11017e+07
3.30757e+07 1.11017e+07 3.30744e+07 1.1102e+07
3.30744e+07 1.1102e+07 3.30741e+07 1.11025e+07
3.30741e+07 1.11025e+07 3.30749e+07 1.11025e+07
3.30749e+07 1.11025e+07 3.30771e+07 1.10914e+07
3.30771e+07 1.10914e+07 3.3077e+07 1.10906e+07
3.3077e+07 1.10906e+07 3.30759e+07 1.11015e+07
3.30759e+07 1.11015e+07 3.30759e+07 1.11014e+07
3.30759e+07 1.11014e+07 3.30759e+07 1.11015e+07
