3.30735e+07 1.10996e+07 3.30736e+07 1.10994e+07
3.30736e+07 1.10994e+07 3.30677e+07 1.10872e+07
3.30677e+07 1.10872e+07 3.3064e+07 1.1089e+07
3.3064e+07 1.1089e+07 3.30518e+07 1.1098e+07
3.30518e+07 1.1098e+07 3.30237e+07 1.11061e+07
3.30237e+07 1.11061e+07 3.30081e+07 1.11267e+07
3.30081e+07 1.11267e+07 3.3007e+07 1.11295e+07
3.3007e+07 1.11295e+07 3.30026e+07 1.11396e+07
3.30026e+07 1.11396e+07 3.29989e+07 1.11636e+07
3.29989e+07 1.11636e+07 3.29956e+07 1.11648e+07
3.29956e+07 1.11648e+07 3.30025e+07 1.11622e+07
3.30025e+07 1.11622e+07 3.30031e+07 1.11568e+07
3.30031e+07 1.11568e+07 3.30141e+07 1.11234e+07
3.30141e+07 1.11234e+07 3.30155e+07 1.11143e+07
3.30155e+07 1.11143e+07 3.30159e+07 1.1118e+07
3.30159e+07 1.1118e+07 3.3012e+07 1.11259e+07
3.3012e+07 1.11259e+07 3.30035e+07 1.11396e+07
3.30035e+07 1.11396e+07 3.29966e+07 1.11527e+07
3.29966e+07 1.11527e+07 3.29904e+07 1.11533e+07
3.29904e+07 1.11533e+07 3.29907e+07 1.11521e+07
3.29907e+07 1.11521e+07 3.29843e+07 1.11528e+07
3.29843e+07 1.11528e+07 3.29841e+07 1.11516e+07
3.29841e+07 1.11516e+07 3.2989e+07 1.11524e+07
3.2989e+07 1.11524e+07 3.29865e+07 1.11528e+07
3.29865e+07 1.11528e+07 3.29835e+07 1.11525e+07
3.29835e+07 1.11525e+07 3.29827e+07 1.11394e+07
3.29827e+07 1.11394e+07 3.29811e+07 1.11401e+07
3.29811e+07 1.11401e+07 3.29813e+07 1.11398e+07
3.29813e+07 1.11398e+07 3.2982e+07 1.11415e+07
3.2982e+07 1.11415e+07 3.3e+07 1.11523e+07
3.3e+07 1.11523e+07 3.29999e+07 1.11526e+07
3.29999e+07 1.11526e+07 3.30024e+07 1.11477e+07
3.30024e+07 1.11477e+07 3.30015e+07 1.11482e+07
3.30015e+07 1.11482e+07 3.30013e+07 1.11476e+07
3.30013e+07 1.11476e+07 3.30155e+07 1.11184e+07
3.30155e+07 1.11184e+07 3.30158e+07 1.11169e+07
3.30158e+07 1.11169e+07 3.30063e+07 1.11313e+07
3.30063e+07 1.11313e+07 3.30057e+07 1.11381e+07
3.30057e+07 1.11381e+07 3.30015e+07 1.11346e+07
3.30015e+07 1.11346e+07 3.29963e+07 1.11333e+07
3.29963e+07 1.11333e+07 3.29929e+07 1.11354e+07
3.29929e+07 1.11354e+07 3.29952e+07 1.1135e+07
3.29952e+07 1.1135e+07 3.29919e+07 1.11436e+07
3.29919e+07 1.11436e+07 3.29896e+07 1.115e+07
3.29896e+07 1.115e+07 3.29878e+07 1.11562e+07
3.29878e+07 1.11562e+07 3.2988e+07 1.1156e+07
3.2988e+07 1.1156e+07 3.29881e+07 1.11531e+07
3.29881e+07 1.11531e+07 3.29887e+07 1.11552e+07
3.29887e+07 1.11552e+07 3.2988e+07 1.11569e+07
3.2988e+07 1.11569e+07 3.29891e+07 1.11533e+07
3.29891e+07 1.11533e+07 3.29893e+07 1.11554e+07
3.29893e+07 1.11554e+07 3.29917e+07 1.11569e+07
3.29917e+07 1.11569e+07 3.29924e+07 1.11589e+07
3.29924e+07 1.11589e+07 3.29933e+07 1.11576e+07
3.29933e+07 1.11576e+07 3.29959e+07 1.11551e+07
3.29959e+07 1.11551e+07 3.29921e+07 1.11529e+07
3.29921e+07 1.11529e+07 3.29917e+07 1.1152e+07
3.29917e+07 1.1152e+07 3.299e+07 1.11439e+07
3.299e+07 1.11439e+07 3.29913e+07 1.11442e+07
3.29913e+07 1.11442e+07 3.29915e+07 1.11518e+07
3.29915e+07 1.11518e+07 3.29912e+07 1.1156e+07
3.29912e+07 1.1156e+07 3.29916e+07 1.11532e+07
3.29916e+07 1.11532e+07 3.29956e+07 1.11491e+07
3.29956e+07 1.11491e+07 3.29963e+07 1.11325e+07
3.29963e+07 1.11325e+07 3.29946e+07 1.11217e+07
3.29946e+07 1.11217e+07 3.29952e+07 1.11339e+07
3.29952e+07 1.11339e+07 3.29946e+07 1.11377e+07
3.29946e+07 1.11377e+07 3.30019e+07 1.11479e+07
3.30019e+07 1.11479e+07 3.3002e+07 1.11421e+07
3.3002e+07 1.11421e+07 3.30044e+07 1.11354e+07
3.30044e+07 1.11354e+07 3.30044e+07 1.11344e+07
3.30044e+07 1.11344e+07 3.30069e+07 1.11296e+07
3.30069e+07 1.11296e+07 3.30015e+07 1.11396e+07
3.30015e+07 1.11396e+07 3.29984e+07 1.11525e+07
3.29984e+07 1.11525e+07 3.29965e+07 1.11528e+07
3.29965e+07 1.11528e+07 3.30045e+07 1.11532e+07
3.30045e+07 1.11532e+07 3.30018e+07 1.11527e+07
3.30018e+07 1.11527e+07 3.30029e+07 1.1159e+07
3.30029e+07 1.1159e+07 3.29911e+07 1.11582e+07
3.29911e+07 1.11582e+07 3.29898e+07 1.11583e+07
3.29898e+07 1.11583e+07 3.29926e+07 1.11569e+07
3.29926e+07 1.11569e+07 3.29857e+07 1.11551e+07
3.29857e+07 1.11551e+07 3.29909e+07 1.11536e+07
3.29909e+07 1.11536e+07 3.29903e+07 1.11525e+07
3.29903e+07 1.11525e+07 3.29937e+07 1.11489e+07
3.29937e+07 1.11489e+07 3.29952e+07 1.11428e+07
3.29952e+07 1.11428e+07 3.29964e+07 1.11395e+07
3.29964e+07 1.11395e+07 3.30018e+07 1.11413e+07
3.30018e+07 1.11413e+07 3.29986e+07 1.11392e+07
3.29986e+07 1.11392e+07 3.29975e+07 1.11321e+07
3.29975e+07 1.11321e+07 3.29969e+07 1.11407e+07
3.29969e+07 1.11407e+07 3.2996e+07 1.11401e+07
3.2996e+07 1.11401e+07 3.30008e+07 1.11397e+07
3.30008e+07 1.11397e+07 3.29949e+07 1.11345e+07
3.29949e+07 1.11345e+07 3.29971e+07 1.11351e+07
3.29971e+07 1.11351e+07 3.30002e+07 1.11481e+07
3.30002e+07 1.11481e+07 3.30019e+07 1.11494e+07
3.30019e+07 1.11494e+07 3.30044e+07 1.11574e+07
3.30044e+07 1.11574e+07 3.30022e+07 1.11597e+07
3.30022e+07 1.11597e+07 3.30022e+07 1.11599e+07
3.30022e+07 1.11599e+07 3.29994e+07 1.11604e+07
3.29994e+07 1.11604e+07 3.29961e+07 1.11543e+07
3.29961e+07 1.11543e+07 3.29951e+07 1.11538e+07
3.29951e+07 1.11538e+07 3.29967e+07 1.11491e+07
3.29967e+07 1.11491e+07 3.29963e+07 1.11454e+07
3.29963e+07 1.11454e+07 3.2998e+07 1.11446e+07
3.2998e+07 1.11446e+07 3.29983e+07 1.11411e+07
3.29983e+07 1.11411e+07 3.29984e+07 1.11424e+07
3.29984e+07 1.11424e+07 3.29964e+07 1.11454e+07
3.29964e+07 1.11454e+07 3.2994e+07 1.11465e+07
3.2994e+07 1.11465e+07 3.29896e+07 1.11473e+07
3.29896e+07 1.11473e+07 3.29922e+07 1.11434e+07
3.29922e+07 1.11434e+07 3.29933e+07 1.11429e+07
3.29933e+07 1.11429e+07 3.29937e+07 1.11437e+07
3.29937e+07 1.11437e+07 3.29955e+07 1.11491e+07
3.29955e+07 1.11491e+07 3.29958e+07 1.1151e+07
3.29958e+07 1.1151e+07 3.29921e+07 1.11425e+07
3.29921e+07 1.11425e+07 3.29872e+07 1.11416e+07
3.29872e+07 1.11416e+07 3.2986e+07 1.11415e+07
3.2986e+07 1.11415e+07 3.29912e+07 1.11432e+07
3.29912e+07 1.11432e+07 3.29956e+07 1.11511e+07
3.29956e+07 1.11511e+07 3.29844e+07 1.11471e+07
3.29844e+07 1.11471e+07 3.2988e+07 1.11416e+07
3.2988e+07 1.11416e+07 3.3002e+07 1.11408e+07
3.3002e+07 1.11408e+07 3.30069e+07 1.11296e+07
3.30069e+07 1.11296e+07 3.24818e+07 1.31983e+07
3.24818e+07 1.31983e+07 3.30069e+07 1.11296e+07
3.30069e+07 1.11296e+07 3.30028e+07 1.11519e+07
3.30028e+07 1.11519e+07 3.30023e+07 1.11477e+07
3.30023e+07 1.11477e+07 3.3021e+07 1.11541e+07
3.3021e+07 1.11541e+07 3.30201e+07 1.1153e+07
3.30201e+07 1.1153e+07 3.30135e+07 1.11541e+07
3.30135e+07 1.11541e+07 3.3012e+07 1.11509e+07
3.3012e+07 1.11509e+07 3.29962e+07 1.11418e+07
3.29962e+07 1.11418e+07 3.30014e+07 1.1147e+07
3.30014e+07 1.1147e+07 3.30033e+07 1.11457e+07
3.30033e+07 1.11457e+07 3.30032e+07 1.11476e+07
3.30032e+07 1.11476e+07 3.30042e+07 1.11545e+07
3.30042e+07 1.11545e+07 3.30032e+07 1.11544e+07
3.30032e+07 1.11544e+07 3.29998e+07 1.11407e+07
3.29998e+07 1.11407e+07 3.29933e+07 1.11361e+07
3.29933e+07 1.11361e+07 3.29784e+07 1.11489e+07
3.29784e+07 1.11489e+07 3.29739e+07 1.1149e+07
3.29739e+07 1.1149e+07 3.29937e+07 1.11529e+07
3.29937e+07 1.11529e+07 3.30013e+07 1.11583e+07
3.30013e+07 1.11583e+07 3.30044e+07 1.11366e+07
3.30044e+07 1.11366e+07 3.30047e+07 1.11341e+07
3.30047e+07 1.11341e+07 3.30155e+07 1.11082e+07
3.30155e+07 1.11082e+07 3.30401e+07 1.10991e+07
3.30401e+07 1.10991e+07 3.30684e+07 1.10998e+07
3.30684e+07 1.10998e+07 3.30736e+07 1.11073e+07
3.30736e+07 1.11073e+07 3.30731e+07 1.11053e+07
3.30731e+07 1.11053e+07 3.30488e+07 1.10981e+07
3.30488e+07 1.10981e+07 3.30191e+07 1.1106e+07
3.30191e+07 1.1106e+07 3.30042e+07 1.11348e+07
3.30042e+07 1.11348e+07 3.30044e+07 1.11377e+07
3.30044e+07 1.11377e+07 3.30072e+07 1.11376e+07
3.30072e+07 1.11376e+07 3.30045e+07 1.11385e+07
3.30045e+07 1.11385e+07 3.30018e+07 1.11329e+07
3.30018e+07 1.11329e+07 3.30018e+07 1.11328e+07
3.30018e+07 1.11328e+07 3.29992e+07 1.1155e+07
3.29992e+07 1.1155e+07 3.29974e+07 1.11544e+07
3.29974e+07 1.11544e+07 3.29963e+07 1.11481e+07
3.29963e+07 1.11481e+07 3.29971e+07 1.11454e+07
3.29971e+07 1.11454e+07 3.30056e+07 1.11632e+07
3.30056e+07 1.11632e+07 3.30044e+07 1.11424e+07
3.30044e+07 1.11424e+07 3.30018e+07 1.11311e+07
3.30018e+07 1.11311e+07 3.30069e+07 1.11296e+07
3.30069e+07 1.11296e+07 3.30057e+07 1.11318e+07
3.30057e+07 1.11318e+07 3.29995e+07 1.1142e+07
3.29995e+07 1.1142e+07 3.29972e+07 1.11392e+07
3.29972e+07 1.11392e+07 3.29884e+07 1.11416e+07
3.29884e+07 1.11416e+07 3.30151e+07 1.11215e+07
3.30151e+07 1.11215e+07 3.30133e+07 1.11176e+07
3.30133e+07 1.11176e+07 3.30154e+07 1.11182e+07
3.30154e+07 1.11182e+07 3.30155e+07 1.11184e+07
3.30155e+07 1.11184e+07 3.30154e+07 1.11175e+07
3.30154e+07 1.11175e+07 3.30153e+07 1.11172e+07
3.30153e+07 1.11172e+07 3.30153e+07 1.11171e+07
3.30153e+07 1.11171e+07 3.30153e+07 1.11161e+07
3.30153e+07 1.11161e+07 3.30155e+07 1.1115e+07
3.30155e+07 1.1115e+07 3.3016e+07 1.11147e+07
3.3016e+07 1.11147e+07 3.29981e+07 1.11533e+07
3.29981e+07 1.11533e+07 3.30022e+07 1.11598e+07
3.30022e+07 1.11598e+07 3.30022e+07 1.11597e+07
3.30022e+07 1.11597e+07 3.29874e+07 1.11395e+07
3.29874e+07 1.11395e+07 3.29853e+07 1.11552e+07
3.29853e+07 1.11552e+07 3.29916e+07 1.11555e+07
3.29916e+07 1.11555e+07 3.29964e+07 1.11543e+07
3.29964e+07 1.11543e+07 3.30063e+07 1.11308e+07
3.30063e+07 1.11308e+07 3.30119e+07 1.11148e+07
3.30119e+07 1.11148e+07 3.30363e+07 1.11004e+07
3.30363e+07 1.11004e+07 3.30653e+07 1.10887e+07
3.30653e+07 1.10887e+07 3.30677e+07 1.10872e+07
3.30677e+07 1.10872e+07 3.30677e+07 1.10872e+07
3.30677e+07 1.10872e+07 3.30591e+07 1.10997e+07
3.30591e+07 1.10997e+07 3.3042e+07 1.10988e+07
3.3042e+07 1.10988e+07 3.30126e+07 1.11077e+07
3.30126e+07 1.11077e+07 3.30015e+07 1.11397e+07
3.30015e+07 1.11397e+07 3.29971e+07 1.11381e+07
3.29971e+07 1.11381e+07 3.29919e+07 1.11393e+07
3.29919e+07 1.11393e+07 3.29824e+07 1.1132e+07
3.29824e+07 1.1132e+07 3.30621e+07 1.11009e+07
3.30621e+07 1.11009e+07 3.30677e+07 1.10872e+07
3.30677e+07 1.10872e+07 3.30665e+07 1.10776e+07
3.30665e+07 1.10776e+07 3.30673e+07 1.10865e+07
3.30673e+07 1.10865e+07 3.30677e+07 1.10872e+07
3.30677e+07 1.10872e+07 3.30677e+07 1.10873e+07
3.30677e+07 1.10873e+07 3.30677e+07 1.10872e+07
3.30677e+07 1.10872e+07 3.30723e+07 1.10962e+07
3.30723e+07 1.10962e+07 3.30745e+07 1.1098e+07
3.30745e+07 1.1098e+07 3.30677e+07 1.10872e+07
3.30677e+07 1.10872e+07 3.30677e+07 1.10873e+07
3.30677e+07 1.10873e+07 3.30677e+07 1.10872e+07
3.30677e+07 1.10872e+07 3.30709e+07 1.10939e+07
3.30709e+07 1.10939e+07 3.30754e+07 1.10998e+07
3.30754e+07 1.10998e+07 3.30678e+07 1.10872e+07
